002219 恒康医疗 日线 前复权
      日期	    开盘	    最高	    最低	    收盘	    成交量	    成交额
20080306,1.57,1.77,1.49,1.68,15415402,409287488.00
20080307,1.58,1.68,1.56,1.56,7773594,206381200.00
20080310,1.49,1.49,1.40,1.42,5517903,130590680.00
20080311,1.38,1.44,1.33,1.43,2526513,58179852.00
20080312,1.44,1.48,1.33,1.33,2172051,49883300.00
20080313,1.30,1.47,1.29,1.44,3907789,91458688.00
20080314,1.38,1.46,1.38,1.38,2027770,47810936.00
20080317,1.33,1.36,1.24,1.24,2370855,50338240.00
20080318,1.20,1.26,1.11,1.14,1901891,37266124.00
20080319,1.17,1.22,1.14,1.17,1701306,33427718.00
20080320,1.15,1.24,1.07,1.21,1892263,36319832.00
20080321,1.18,1.26,1.17,1.22,1834523,37350448.00
20080324,1.23,1.25,1.19,1.19,1180435,24014948.00
20080325,1.17,1.31,1.14,1.31,2014280,42590988.00
20080326,1.38,1.44,1.35,1.38,4450932,102932176.00
20080327,1.37,1.37,1.26,1.26,2235252,49107008.00
20080328,1.22,1.29,1.16,1.27,1820385,37500612.00
20080331,1.20,1.23,1.17,1.18,974140,19482286.00
20080401,1.17,1.20,1.08,1.08,1255134,23374558.00
20080402,1.10,1.12,0.98,0.99,1209328,21149672.00
20080403,0.98,1.05,0.96,1.03,839809,14283993.00
20080407,1.00,1.12,0.99,1.12,1079749,19553180.00
20080408,1.10,1.13,1.08,1.11,1100487,20524724.00
20080409,1.09,1.11,1.01,1.01,952558,17108532.00
20080410,0.99,1.05,0.98,1.05,698807,11977450.00
20080411,1.06,1.16,1.04,1.13,1825341,34314816.00
20080414,1.10,1.11,1.03,1.04,1008556,18093404.00
20080415,1.03,1.14,1.03,1.13,1207822,22362570.00
20080416,1.13,1.18,1.11,1.13,1366948,26317846.00
20080417,1.11,1.15,1.08,1.10,874013,16321723.00
20080421,1.17,1.19,1.03,1.05,1496110,28162668.00
20080422,1.03,1.05,0.97,1.03,733074,12422963.00
20080423,1.02,1.10,1.02,1.09,902747,16303290.00
20080424,1.19,1.20,1.14,1.20,2621884,51958820.00
20080425,1.20,1.27,1.17,1.21,2230030,45514080.00
20080428,1.19,1.27,1.17,1.25,1583977,32507058.00
20080429,1.23,1.30,1.22,1.23,1205951,25188652.00
20080430,1.23,1.27,1.23,1.26,1378308,28844790.00
20080505,1.27,1.30,1.24,1.29,1400764,29673442.00
20080506,1.26,1.29,1.22,1.23,1363418,28429068.00
20080507,1.20,1.24,1.15,1.15,1323810,26391492.00
20080508,1.13,1.18,1.13,1.18,902287,17505916.00
20080512,1.16,1.28,1.14,1.25,1681649,34564352.00
20080513,1.26,1.38,1.25,1.38,2817896,63833108.00
20080514,1.48,1.53,1.38,1.44,5886088,142198080.00
20080515,1.42,1.42,1.33,1.39,2625899,60491084.00
20080516,1.38,1.53,1.36,1.51,4059218,99105168.00
20080519,1.51,1.60,1.46,1.51,3741833,95450160.00
20080520,1.48,1.48,1.35,1.35,2693333,63053448.00
20080521,1.32,1.44,1.23,1.42,2968200,66170496.00
20080522,1.36,1.41,1.34,1.34,1690823,38542384.00
20080523,1.32,1.36,1.26,1.29,1211214,26272102.00
20080526,1.27,1.32,1.26,1.27,803412,17244688.00
20080527,1.25,1.31,1.25,1.28,864690,18589216.00
20080528,1.27,1.33,1.26,1.31,914024,19742640.00
20080529,1.31,1.32,1.21,1.21,1431181,30149420.00
20080530,1.23,1.24,1.17,1.18,1046350,20868948.00
20080602,1.17,1.21,1.17,1.20,842673,16765165.00
20080603,1.19,1.20,1.13,1.15,1031956,20032384.00
20080604,1.15,1.17,1.13,1.14,737779,14214671.00
20080605,1.13,1.16,1.13,1.15,565741,10928047.00
20080606,1.13,1.15,1.10,1.12,2947517,55303568.00
20080610,1.07,1.08,1.00,1.00,2098957,36226892.00
20080611,0.99,1.03,0.96,1.02,1487757,25039502.00
20080612,1.00,1.03,0.99,1.02,1316915,22520198.00
20080613,1.03,1.03,0.97,0.98,884631,14832563.00
20080616,0.97,0.99,0.90,0.92,1048128,16464908.00
20080617,0.91,0.95,0.90,0.93,1116085,17491370.00
20080618,0.93,1.00,0.86,0.97,1738172,27632930.00
20080619,0.95,0.96,0.87,0.87,1093620,16873682.00
20080620,0.87,0.92,0.80,0.87,1246708,18452406.00
20080623,0.85,0.89,0.84,0.85,515395,7554797.50
20080624,0.84,0.89,0.82,0.88,696012,10267814.00
20080625,0.90,0.94,0.88,0.93,1172715,18215098.00
20080626,0.92,0.97,0.91,0.97,1327458,21131826.00
20080627,0.94,0.95,0.87,0.89,1022197,15736056.00
20080630,0.87,0.90,0.85,0.88,563569,8362412.00
20080701,0.88,0.91,0.87,0.89,764208,11546488.00
20080702,0.89,0.92,0.89,0.91,627197,9620392.00
20080703,0.89,0.98,0.87,0.96,1447047,23063810.00
20080704,0.95,0.97,0.92,0.95,999441,15954348.00
20080707,0.95,0.99,0.94,0.99,1366616,22588058.00
20080708,0.99,1.00,0.96,0.99,1156142,19088746.00
20080709,0.99,1.03,0.98,1.03,1838218,31005498.00
20080710,1.01,1.03,0.99,0.99,1463391,24873802.00
20080711,1.00,1.03,0.99,1.01,1359643,23012572.00
20080714,0.99,1.06,0.99,1.05,1439423,25137866.00
20080715,1.05,1.08,1.02,1.03,1769609,31275150.00
20080716,1.03,1.03,0.94,0.96,1386276,22794380.00
20080717,0.97,1.03,0.96,0.98,1640394,27446162.00
20080718,1.00,1.00,0.93,0.99,1298892,21143682.00
20080721,0.97,1.02,0.97,1.02,1198054,20345082.00
20080722,1.03,1.04,1.01,1.02,919802,15839596.00
20080723,1.03,1.04,1.01,1.01,964932,16587487.00
20080724,1.02,1.04,1.02,1.03,802937,13898889.00
20080725,1.02,1.03,1.01,1.02,581274,9973962.00
20080728,1.02,1.04,1.02,1.04,743105,12849645.00
20080729,1.02,1.07,1.01,1.04,1322148,23172222.00
20080730,1.05,1.06,1.01,1.02,836985,14499379.00
20080731,1.02,1.03,0.97,1.01,1366088,22835924.00
20080801,0.99,1.00,0.96,0.99,1011202,16709786.00
20080804,0.97,0.99,0.95,0.95,413301,6735744.50
20080805,0.96,0.96,0.91,0.91,538258,8491651.00
20080806,0.92,0.92,0.87,0.89,586356,8856565.00
20080807,0.90,0.90,0.87,0.89,366617,5496163.50
20080808,0.90,0.92,0.84,0.85,586736,8781473.00
20080811,0.85,0.87,0.76,0.77,705356,9625697.00
20080812,0.76,0.79,0.76,0.77,450825,5953109.00
20080813,0.76,0.78,0.73,0.77,539885,6936266.00
20080814,0.76,0.78,0.75,0.77,390907,5136358.50
20080815,0.77,0.78,0.76,0.77,293947,3883095.00
20080818,0.77,0.77,0.70,0.71,487212,6153610.00
20080819,0.69,0.72,0.69,0.71,284728,3483076.25
20080820,0.71,0.78,0.70,0.78,786168,10216278.00
20080821,0.76,0.79,0.74,0.74,563067,7293859.50
20080825,0.70,0.75,0.70,0.74,262942,3317497.50
20080826,0.73,0.74,0.69,0.70,469363,5744725.00
20080827,0.70,0.73,0.69,0.71,388875,4717740.50
20080828,0.71,0.73,0.71,0.72,307081,3776071.75
20080829,0.72,0.79,0.72,0.77,981765,12698469.00
20080901,0.76,0.76,0.74,0.75,537124,6851004.00
20080902,0.75,0.77,0.74,0.76,333908,4316400.50
20080903,0.75,0.77,0.74,0.75,334491,4298475.00
20080904,0.75,0.78,0.75,0.77,393946,5137107.00
20080905,0.76,0.76,0.72,0.73,506030,6462948.00
20080908,0.72,0.73,0.66,0.66,611314,7201107.50
20080909,0.66,0.69,0.66,0.68,365717,4222491.00
20080911,0.68,0.70,0.67,0.67,338755,3975833.75
20080912,0.67,0.68,0.66,0.68,192897,2241809.75
20080916,0.69,0.69,0.66,0.68,298849,3479768.25
20080917,0.68,0.68,0.67,0.68,432341,5032371.00
20080918,0.67,0.69,0.64,0.68,666943,7573477.50
20080919,0.75,0.75,0.73,0.75,620786,7947479.50
20080922,0.80,0.83,0.75,0.78,1402885,18912626.00
20080923,0.74,0.75,0.69,0.70,629897,7804478.00
20080924,0.69,0.71,0.67,0.71,479861,5605773.00
20080925,0.70,0.73,0.70,0.73,561456,6952211.50
20080926,0.73,0.73,0.70,0.71,363249,4460910.00
20081006,0.70,0.70,0.67,0.67,369953,4333604.50
20081007,0.65,0.69,0.64,0.68,254648,2941998.25
20081008,0.67,0.68,0.66,0.67,163346,1873003.13
20081009,0.68,0.68,0.66,0.66,178123,2053003.13
20081010,0.65,0.65,0.61,0.62,392737,4259831.00
20081013,0.62,0.62,0.57,0.62,452760,4623144.50
20081014,0.65,0.65,0.59,0.60,435153,4729098.50
20081015,0.60,0.62,0.60,0.60,202300,2123768.00
20081016,0.58,0.59,0.56,0.56,409480,4094155.25
20081017,0.58,0.58,0.56,0.57,160358,1576679.00
20081020,0.57,0.59,0.56,0.59,242353,2418240.75
20081021,0.59,0.62,0.58,0.60,585734,6109256.50
20081022,0.59,0.61,0.59,0.59,288655,2993470.75
20081023,0.58,0.60,0.58,0.60,237469,2439101.00
20081024,0.59,0.60,0.59,0.60,129480,1338729.63
20081027,0.58,0.59,0.55,0.55,285795,2823208.50
20081028,0.55,0.60,0.54,0.59,460047,4619813.50
20081029,0.59,0.61,0.58,0.58,318006,3255460.50
20081030,0.59,0.61,0.58,0.59,386342,3960876.50
20081031,0.59,0.60,0.58,0.58,348598,3573789.50
20081103,0.58,0.60,0.58,0.59,285364,2926685.75
20081104,0.59,0.59,0.58,0.58,299263,3025519.25
20081105,0.58,0.61,0.58,0.60,525531,5476727.50
20081106,0.59,0.59,0.58,0.59,262579,2679416.25
20081107,0.58,0.61,0.58,0.60,271307,2796407.25
20081110,0.61,0.65,0.61,0.65,849825,9297283.00
20081111,0.64,0.65,0.63,0.63,549391,6093516.00
20081112,0.64,0.66,0.63,0.65,441425,4898404.00
20081113,0.65,0.69,0.64,0.68,800110,9154709.00
20081114,0.68,0.71,0.67,0.70,1001371,11852786.00
20081117,0.70,0.73,0.68,0.72,945352,11508643.00
20081118,0.72,0.72,0.65,0.65,1080015,12631843.00
20081119,0.64,0.71,0.64,0.70,820370,9541599.00
20081120,0.68,0.75,0.67,0.73,1536127,18905600.00
20081121,0.71,0.73,0.68,0.70,1059439,12801963.00
20081124,0.70,0.75,0.69,0.69,1244877,15393559.00
20081125,0.71,0.72,0.67,0.69,648124,7727490.50
20081126,0.68,0.70,0.67,0.68,388595,4567220.50
20081127,0.73,0.74,0.69,0.69,917249,11215122.00
20081128,0.68,0.70,0.68,0.68,427384,5044354.50
20081201,0.69,0.73,0.69,0.72,1003409,12299119.00
20081202,0.71,0.77,0.71,0.76,1888066,24266624.00
20081203,0.77,0.83,0.76,0.81,3120672,42667084.00
20081204,0.82,0.88,0.82,0.85,2820987,40812016.00
20081205,0.84,0.87,0.83,0.85,1698699,24456178.00
20081208,0.87,0.91,0.87,0.89,1166352,17519606.00
20081209,0.89,0.91,0.87,0.89,1457128,21879512.00
20081210,0.89,0.92,0.88,0.91,1064813,16144437.00
20081211,0.90,0.90,0.85,0.85,863688,12953224.00
20081212,0.85,0.89,0.84,0.87,1234201,18200538.00
20081215,0.87,0.92,0.86,0.92,968834,14742246.00
20081216,0.93,1.02,0.90,1.01,1671135,27349456.00
20081217,1.01,1.04,0.98,1.00,1313376,22295744.00
20081218,0.99,1.03,0.98,1.00,878603,14828495.00
20081219,1.01,1.05,1.00,1.02,857504,14885590.00
20081222,1.02,1.08,1.02,1.07,1175314,20884048.00
20081223,1.08,1.08,1.00,1.01,1369177,23714232.00
20081224,1.00,1.01,0.97,0.97,1298415,21505724.00
20081225,0.97,1.01,0.95,1.01,959586,15886182.00
20081226,1.01,1.04,0.97,0.97,970849,16514846.00
20081229,0.97,0.98,0.93,0.95,948700,15226215.00
20081230,0.96,1.04,0.96,1.03,2364300,40545072.00
20081231,1.03,1.10,1.03,1.07,2651000,47112796.00
20090105,1.09,1.13,1.05,1.13,2296600,41769244.00
20090106,1.12,1.16,1.09,1.12,2008200,37496316.00
20090107,1.11,1.13,1.09,1.09,2328400,43335312.00
20090108,1.07,1.12,1.07,1.10,1510500,27797776.00
20090109,1.10,1.18,1.10,1.15,2367200,45037036.00
20090112,1.14,1.16,1.11,1.12,2235400,42334884.00
20090113,1.12,1.12,1.04,1.06,1538900,27813206.00
20090114,1.07,1.10,1.05,1.09,1558800,28220094.00
20090115,1.07,1.10,1.05,1.08,1100500,19917932.00
20090116,1.09,1.10,1.08,1.08,1101400,20027440.00
20090119,1.08,1.09,1.03,1.05,1242800,21912350.00
20090120,1.06,1.09,1.04,1.08,886900,15981889.00
20090121,1.08,1.10,1.05,1.06,1705100,30813370.00
20090122,1.07,1.09,1.06,1.08,1663000,30194636.00
20090123,1.08,1.09,1.06,1.06,995500,17830814.00
20090202,1.06,1.08,1.05,1.08,867800,15618499.00
20090203,1.08,1.11,1.07,1.10,1602000,29344782.00
20090204,1.12,1.12,1.08,1.10,1460700,26824024.00
20090205,1.10,1.10,1.05,1.06,2300000,41474296.00
20090206,1.06,1.11,1.06,1.10,2323200,42447812.00
20090209,1.11,1.16,1.10,1.14,2907200,54890412.00
20090210,1.14,1.17,1.12,1.17,2331800,44848676.00
20090211,1.17,1.23,1.13,1.15,2698400,53772608.00
20090212,1.16,1.20,1.13,1.19,1955000,38270816.00
20090213,1.19,1.21,1.18,1.20,2184700,43662908.00
20090216,1.22,1.23,1.13,1.18,2568900,50488236.00
20090217,1.18,1.18,1.12,1.13,1564300,29846084.00
20090218,1.11,1.12,1.06,1.07,1256300,23139942.00
20090219,1.09,1.10,1.06,1.09,965800,17454024.00
20090220,1.10,1.13,1.08,1.13,1006300,18643996.00
20090223,1.12,1.15,1.10,1.14,1036800,19636386.00
20090224,1.13,1.14,1.06,1.07,1463200,26931132.00
20090225,1.08,1.09,1.04,1.08,1060000,19020568.00
20090226,1.08,1.12,1.00,1.02,1169200,21226236.00
20090227,0.97,1.01,0.92,0.93,1271000,20579544.00
20090302,0.92,0.96,0.92,0.95,570200,9118892.00
20090303,0.94,0.99,0.92,0.97,872800,14313897.00
20090304,0.99,1.04,0.99,1.04,1033900,17761980.00
20090305,1.06,1.07,1.01,1.04,1074600,18795848.00
20090306,1.02,1.03,1.01,1.02,472100,8086853.50
20090310,0.97,1.00,0.96,1.00,725300,12019897.00
20090311,1.03,1.03,1.00,1.02,868300,14914439.00
20090312,1.02,1.05,1.01,1.03,1094400,19082770.00
20090313,1.04,1.05,1.01,1.01,581100,10020976.00
20090316,1.01,1.02,0.99,1.02,262900,4472382.00
20090317,1.02,1.05,1.02,1.05,850100,14831215.00
20090318,1.05,1.09,1.05,1.06,1189200,21394868.00
20090319,1.06,1.08,1.05,1.08,807100,14443775.00
20090320,1.08,1.08,1.05,1.07,768200,13720736.00
20090323,1.05,1.11,1.05,1.10,1058600,19322010.00
20090324,1.11,1.12,1.09,1.10,900700,16587693.00
20090325,1.10,1.10,1.07,1.07,721100,13154840.00
20090326,1.07,1.09,1.06,1.09,854400,15555349.00
20090327,1.09,1.11,1.08,1.11,1071000,19795178.00
20090330,1.11,1.15,1.10,1.14,1139000,21643998.00
20090331,1.12,1.17,1.10,1.17,1451300,27624720.00
20090401,1.18,1.28,1.18,1.25,2715700,55861712.00
20090402,1.18,1.21,1.18,1.19,4863400,97040136.00
20090403,1.19,1.19,1.15,1.15,2649600,51466980.00
20090407,1.17,1.18,1.14,1.15,1913800,37138684.00
20090408,1.15,1.16,1.10,1.10,1806300,34066240.00
20090409,1.09,1.11,1.09,1.11,1107000,20400552.00
20090410,1.11,1.15,1.11,1.14,1519200,28807376.00
20090413,1.15,1.16,1.14,1.15,1539200,29576104.00
20090414,1.15,1.23,1.15,1.21,2581900,51385228.00
20090415,1.21,1.22,1.17,1.21,2081900,41599580.00
20090416,1.21,1.23,1.19,1.19,1693600,34067888.00
20090417,1.19,1.20,1.15,1.15,1256500,24541698.00
20090420,1.15,1.20,1.14,1.19,1027200,20154832.00
20090421,1.17,1.19,1.15,1.17,646600,12662979.00
20090423,1.12,1.13,1.10,1.12,883600,16466289.00
20090424,1.11,1.13,1.11,1.12,706100,13249696.00
20090427,1.11,1.24,1.11,1.21,2984900,59478220.00
20090428,1.19,1.25,1.18,1.24,3564400,72543144.00
20090429,1.23,1.24,1.17,1.19,2777900,55164436.00
20090430,1.19,1.23,1.19,1.20,1622700,32781624.00
20090504,1.20,1.23,1.18,1.23,1871600,37792224.00
20090505,1.25,1.25,1.20,1.21,1640700,33445640.00
20090507,1.21,1.22,1.14,1.16,1978800,38775928.00
20090508,1.20,1.25,1.16,1.18,2989400,60217344.00
20090511,1.16,1.19,1.13,1.15,2168600,41953056.00
20090512,1.15,1.16,1.13,1.16,714400,13746532.00
20090513,1.16,1.16,1.15,1.15,861300,16635356.00
20090514,1.16,1.18,1.15,1.17,1168100,22903484.00
20090515,1.17,1.19,1.15,1.16,980700,19213328.00
20090518,1.16,1.17,1.12,1.17,1432500,27458344.00
20090519,1.16,1.19,1.16,1.19,1697100,33514518.00
20090520,1.19,1.21,1.14,1.16,1536200,30299900.00
20090521,1.16,1.16,1.13,1.13,1032300,19654116.00
20090522,1.13,1.14,1.10,1.12,951623,17868148.00
20090525,1.10,1.10,1.07,1.10,861343,15738610.00
20090526,1.10,1.13,1.10,1.12,644573,12057366.00
20090527,1.12,1.12,1.09,1.10,472189,8740924.00
20090601,1.11,1.12,1.10,1.12,560421,10487640.00
20090602,1.12,1.13,1.10,1.11,879776,16442517.00
20090603,1.11,1.14,1.11,1.14,1101393,20830600.00
20090604,1.15,1.18,1.15,1.18,2799571,54683608.00
20090605,1.18,1.19,1.15,1.16,1576403,30735972.00
20090608,1.17,1.22,1.14,1.20,3371269,67489560.00
20090609,1.20,1.20,1.15,1.16,1375674,26967528.00
20090610,1.17,1.19,1.15,1.17,800190,15671125.00
20090611,1.18,1.21,1.16,1.19,1823317,36372440.00
20090612,1.20,1.23,1.17,1.18,1822977,36617584.00
20090615,1.18,1.26,1.18,1.25,2982724,61522088.00
20090616,1.25,1.27,1.23,1.24,1562699,32519538.00
20090617,1.23,1.27,1.23,1.24,1749186,36728736.00
20090618,1.25,1.27,1.23,1.25,1442415,30010984.00
20090619,1.26,1.38,1.26,1.38,2393846,54143152.00
20090622,1.48,1.48,1.32,1.34,5147574,120402600.00
20090623,1.31,1.48,1.30,1.48,3559684,84788880.00
20090624,1.51,1.62,1.50,1.53,5309140,136618576.00
20090625,1.51,1.64,1.49,1.60,3642098,94376624.00
20090626,1.58,1.63,1.54,1.57,2472409,64511760.00
20090629,1.57,1.69,1.57,1.59,2323661,62487772.00
20090630,1.57,1.60,1.53,1.54,2312475,59716080.00
20090701,1.54,1.58,1.52,1.56,1399983,36119108.00
20090702,1.56,1.69,1.56,1.62,2476252,66636276.00
20090703,1.61,1.68,1.60,1.64,2113222,57581448.00
20090706,1.67,1.81,1.67,1.81,3264294,93400016.00
20090707,1.79,1.84,1.74,1.75,3356386,98988064.00
20090709,1.79,1.81,1.73,1.76,2321784,67997248.00
20090710,1.73,1.76,1.69,1.70,2631832,74619384.00
20090713,1.70,1.74,1.69,1.72,1943105,54948512.00
20090714,1.73,1.79,1.71,1.77,1994316,57504344.00
20090715,1.78,1.80,1.71,1.72,2167999,62707732.00
20090716,1.72,1.73,1.68,1.69,1959517,54865736.00
20090717,1.70,1.72,1.67,1.69,1314124,36649220.00
20090720,1.69,1.72,1.69,1.71,1803454,50795500.00
20090721,1.71,1.76,1.69,1.72,2924113,83726576.00
20090722,1.72,1.75,1.71,1.73,1730209,49347208.00
20090723,1.73,1.75,1.70,1.74,1492590,42567964.00
20090724,1.75,1.92,1.73,1.91,4420068,133831352.00
20090727,1.91,2.00,1.88,1.92,3064050,97869248.00
20090728,1.92,2.00,1.91,1.92,1807178,57618264.00
20090729,1.91,1.91,1.72,1.77,2488973,74884728.00
20090730,1.78,1.80,1.71,1.78,1609248,46472056.00
20090731,1.78,1.89,1.76,1.87,1721463,52387880.00
20090803,1.87,1.87,1.81,1.84,1212346,36741704.00
20090804,1.84,1.86,1.80,1.86,1073542,32478246.00
20090805,1.87,2.05,1.87,2.00,3245025,106290456.00
20090806,2.00,2.11,1.95,2.07,2024820,67728568.00
20090807,2.07,2.27,2.04,2.19,2950863,106403488.00
20090810,2.20,2.34,2.16,2.25,2530412,93684608.00
20090811,2.25,2.31,2.13,2.14,2026403,72308832.00
20090812,2.30,2.31,2.14,2.18,7244225,266998240.00
20090813,2.15,2.29,2.14,2.22,3188998,116307888.00
20090814,2.24,2.25,2.05,2.07,3458998,121264176.00
20090817,1.98,1.99,1.85,1.85,2849613,90240240.00
20090818,1.85,2.00,1.76,1.98,2796669,85987224.00
20090819,1.95,2.12,1.92,2.01,3834265,128374624.00
20090820,1.99,2.06,1.97,2.05,2477140,82780080.00
20090821,2.02,2.26,2.01,2.25,4070734,144577280.00
20090824,2.23,2.48,2.18,2.44,5326511,203050384.00
20090825,2.40,2.51,2.36,2.44,4810624,191874016.00
20090826,2.45,2.49,2.38,2.44,3517907,140383376.00
20090828,2.44,2.49,2.26,2.32,2836634,110101360.00
20090831,2.25,2.30,2.18,2.19,2334432,85727624.00
20090901,2.16,2.22,2.00,2.05,2399736,83639632.00
20090902,2.08,2.26,2.08,2.26,6230337,228357392.00
20090903,2.31,2.39,2.23,2.32,4649351,175286960.00
20090904,2.31,2.44,2.27,2.37,3821193,147311392.00
20090907,2.39,2.50,2.39,2.41,4230348,169605984.00
20090908,2.44,2.49,2.34,2.38,4026372,157639936.00
20090909,2.34,2.62,2.26,2.62,17474560,367667360.00
20090910,2.70,2.88,2.69,2.88,13069657,300149696.00
20090911,3.03,3.18,2.92,3.01,21348203,528335328.00
20090914,3.06,3.25,3.03,3.21,14874469,380889504.00
20090915,3.19,3.19,3.06,3.14,11162673,285366304.00
20090916,3.14,3.31,3.13,3.18,12018913,315455968.00
20090917,3.16,3.26,3.07,3.18,8894255,228754608.00
20090918,3.19,3.21,3.01,3.06,5891507,150002864.00
20090921,3.03,3.18,2.79,3.15,7288434,181774128.00
20090922,3.10,3.18,3.04,3.04,4259088,107522760.00
20090923,3.01,3.06,2.76,2.83,5263836,124506080.00
20090924,2.81,2.81,2.67,2.76,3878038,87127976.00
20090925,2.73,2.90,2.73,2.81,3914996,91061720.00
20090928,2.80,2.86,2.69,2.71,2768829,63275176.00
20090929,2.70,2.73,2.44,2.51,3401870,70701408.00
20090930,2.53,2.60,2.53,2.55,2158879,45247372.00
20091009,2.59,2.80,2.59,2.79,3626489,81038888.00
20091012,2.81,2.81,2.69,2.76,2782778,62797340.00
20091013,2.76,2.81,2.73,2.79,2075443,47125240.00
20091014,2.80,2.93,2.80,2.83,3346653,78334960.00
20091015,2.83,2.88,2.80,2.80,2412998,55615344.00
20091016,2.80,2.88,2.76,2.82,2531100,58238760.00
20091019,2.82,2.86,2.78,2.85,3537253,82112856.00
20091020,2.86,3.13,2.85,3.09,8073608,196968832.00
20091021,3.08,3.08,2.95,2.97,5203973,127481512.00
20091022,2.93,2.99,2.90,2.92,2967699,71038392.00
20091023,2.93,2.99,2.93,2.96,3314936,79901464.00
20091026,2.99,3.15,2.99,3.08,6866582,172882544.00
20091027,3.08,3.08,2.93,2.94,4268992,103584376.00
20091028,2.89,2.94,2.82,2.90,3077743,72237064.00
20091029,2.89,2.97,2.81,2.86,2665998,63164640.00
20091030,2.88,2.96,2.88,2.88,2278925,53803100.00
20091102,2.89,3.06,2.82,3.00,5764102,140169280.00
20091103,3.00,3.03,2.95,2.99,4065684,98776456.00
20091104,2.99,3.01,2.92,2.99,4211463,101942040.00
20091105,2.99,3.01,2.94,2.98,3593620,87714248.00
20091106,3.00,3.09,2.99,3.02,5449776,135263664.00
20091109,3.02,3.02,2.94,2.98,2922328,70938608.00
20091110,2.98,3.09,2.98,3.03,6438634,160088352.00
20091111,3.03,3.09,3.01,3.05,3973328,98660368.00
20091112,3.05,3.05,3.01,3.02,3356931,82856552.00
20091113,3.02,3.02,2.94,3.00,2794981,67999592.00
20091116,3.01,3.11,3.00,3.05,4880029,121521560.00
20091117,3.06,3.36,3.06,3.36,16924141,449194688.00
20091118,3.37,3.68,3.26,3.58,19783605,555474112.00
20091119,3.48,3.68,3.46,3.54,12618496,366571456.00
20091120,3.52,3.54,3.45,3.48,6259981,177754752.00
20091123,3.46,3.54,3.43,3.51,5337317,151721408.00
20091124,3.54,3.55,3.22,3.26,7572186,209623120.00
20091125,3.19,3.35,3.13,3.34,5224220,138161952.00
20091126,3.33,3.33,3.14,3.16,4855921,127839176.00
20091127,3.14,3.25,3.00,3.15,3514778,90201800.00
20091130,3.10,3.26,3.10,3.25,2822385,73721584.00
20091201,3.25,3.33,3.21,3.30,3501300,93997024.00
20091202,3.31,3.32,3.26,3.29,3518195,94238128.00
20091203,3.29,3.44,3.26,3.42,5738786,156922752.00
20091204,3.37,3.42,3.19,3.28,4357448,117990240.00
20091207,3.28,3.31,3.25,3.28,1714214,45735964.00
20091208,3.29,3.34,3.21,3.32,3278937,87584048.00
20091209,3.31,3.38,3.26,3.31,4025567,109305808.00
20091210,3.31,3.34,3.24,3.26,2024720,53990088.00
20091211,3.26,3.29,3.18,3.22,1541007,40553664.00
20091214,3.19,3.22,3.10,3.14,1863929,47857372.00
20091215,3.14,3.22,3.13,3.17,1232496,31984228.00
20091216,3.17,3.22,3.13,3.15,1209069,31293010.00
20091217,3.17,3.17,3.02,3.02,1710700,42970268.00
20091218,3.02,3.02,2.88,2.88,1582489,37696296.00
20091221,2.88,2.94,2.88,2.92,865514,20537546.00
20091222,2.91,2.93,2.80,2.81,1076725,25149294.00
20091223,2.75,2.82,2.75,2.81,1032248,23585916.00
20091224,2.81,2.91,2.81,2.91,1424036,33491150.00
20091225,2.94,2.98,2.88,2.93,1164282,27894826.00
20091229,2.98,3.19,2.98,3.10,2817929,71309184.00
20091230,3.09,3.13,3.03,3.10,1483082,36996432.00
20091231,3.09,3.09,3.03,3.05,1103508,27455446.00
20100104,3.05,3.10,3.03,3.03,1012960,25159890.00
20100105,3.03,3.03,2.95,3.00,1283863,31348940.00
20100106,3.00,3.08,3.00,3.01,1345430,33399274.00
20100107,2.95,3.01,2.90,2.90,1537054,36973180.00
20100108,2.90,2.96,2.86,2.93,909747,21604794.00
20100111,2.91,2.98,2.91,2.91,920932,21964234.00
20100112,2.91,3.06,2.91,3.02,2030811,49610304.00
20100113,2.94,3.05,2.93,2.97,1584505,38619632.00
20100115,3.06,3.16,3.06,3.11,3934354,100173240.00
20100118,3.11,3.13,3.04,3.10,2064084,51813972.00
20100119,3.10,3.12,3.04,3.06,1658949,41528392.00
20100120,3.04,3.05,2.93,2.93,1981911,48131920.00
20100121,2.93,2.97,2.93,2.95,866625,20869248.00
20100122,2.94,2.94,2.81,2.85,1260190,29425122.00
20100125,2.85,2.90,2.85,2.85,601509,14093308.00
20100126,2.88,2.89,2.75,2.76,843800,19285626.00
20100127,2.79,2.79,2.68,2.70,722622,16066577.00
20100128,2.69,2.73,2.69,2.72,599288,13280892.00
20100129,2.72,2.79,2.69,2.76,761198,17153968.00
20100201,2.73,2.79,2.68,2.71,643919,14293973.00
20100202,2.71,2.80,2.71,2.72,670045,15071987.00
20100203,2.71,2.76,2.63,2.75,866530,19078610.00
20100204,2.74,2.78,2.70,2.74,864321,19430878.00
20100205,2.69,2.73,2.63,2.66,851314,18662126.00
20100208,2.66,2.69,2.61,2.61,602270,12977835.00
20100209,2.61,2.63,2.60,2.62,398018,8508947.00
20100210,2.62,2.68,2.61,2.64,343737,7437642.50
20100211,2.66,2.67,2.64,2.65,434800,9438149.00
20100212,2.65,2.68,2.64,2.68,517502,11314145.00
20100222,2.69,2.74,2.69,2.71,619642,13783544.00
20100223,2.71,2.72,2.64,2.67,437043,9521715.00
20100224,2.67,2.73,2.63,2.73,945157,20911382.00
20100225,2.74,3.00,2.74,2.99,3355973,79376424.00
20100226,2.95,3.00,2.89,2.92,2063431,49421992.00
20100301,2.90,2.94,2.85,2.90,1431240,33877288.00
20100302,2.90,2.93,2.88,2.91,1105794,26191044.00
20100303,2.91,2.93,2.88,2.91,1139643,26970024.00
20100304,2.91,2.98,2.88,2.88,1771643,42395452.00
20100305,2.88,2.91,2.84,2.85,805826,18867164.00
20100308,2.85,2.88,2.84,2.84,653417,15237945.00
20100309,2.84,2.88,2.83,2.84,654590,15248541.00
20100310,2.84,2.86,2.81,2.83,633495,14675485.00
20100311,2.82,2.85,2.78,2.79,659905,15120485.00
20100312,2.79,2.82,2.79,2.80,633409,14513213.00
20100315,2.80,2.81,2.69,2.70,793514,17638946.00
20100316,2.69,2.74,2.67,2.70,589629,12992435.00
20100317,2.70,2.77,2.70,2.77,638753,14339337.00
20100318,2.79,2.79,2.74,2.76,670302,15082674.00
20100319,2.76,2.77,2.73,2.76,571915,12848950.00
20100322,2.76,2.84,2.74,2.81,1050567,24090446.00
20100323,2.80,2.80,2.76,2.76,790802,17948148.00
20100324,2.76,2.79,2.74,2.74,767396,17252388.00
20100325,2.74,2.74,2.69,2.69,894488,19742464.00
20100326,2.69,2.73,2.68,2.72,709867,15718034.00
20100329,2.72,2.77,2.72,2.77,1145950,25767074.00
20100330,2.77,2.81,2.77,2.79,1196460,27328678.00
20100331,2.79,2.80,2.75,2.78,819226,18560082.00
20100401,2.77,2.81,2.77,2.80,1529202,34903192.00
20100402,2.80,2.94,2.79,2.90,3042237,71030928.00
20100406,2.90,2.91,2.85,2.86,2076556,48645772.00
20100407,2.85,2.88,2.83,2.87,1454774,34066612.00
20100408,2.88,2.88,2.83,2.85,1526197,35484864.00
20100409,2.85,2.88,2.83,2.87,1268186,29595088.00
20100412,2.87,2.94,2.85,2.92,2820787,66920348.00
20100413,2.95,3.05,2.86,2.93,4349165,105455280.00
20100414,2.89,2.93,2.87,2.90,1635241,38754408.00
20100415,2.90,2.98,2.88,2.92,1975345,47269488.00
20100416,2.90,2.97,2.84,2.93,1413394,33603792.00
20100419,2.90,3.06,2.88,3.01,7848698,192378864.00
20100420,3.00,3.27,2.95,3.19,11183008,286674784.00
20100421,3.19,3.24,3.11,3.23,9281735,241148592.00
20100422,3.22,3.30,3.15,3.24,7296721,192984832.00
20100423,3.21,3.27,3.11,3.13,5569102,144175152.00
20100426,3.12,3.19,3.07,3.14,3006115,77167584.00
20100427,3.15,3.17,2.98,3.05,3083810,77277576.00
20100428,3.05,3.12,3.00,3.06,2546644,63886212.00
20100429,3.08,3.14,2.85,2.85,3444838,84157728.00
20100430,2.83,2.84,2.60,2.64,2972493,64727132.00
20100504,2.64,2.72,2.59,2.67,1528707,33368296.00
20100505,2.66,2.73,2.61,2.72,1543138,34045928.00
20100506,2.72,2.79,2.69,2.71,2260119,50752756.00
20100507,2.69,2.79,2.63,2.73,1863973,41590328.00
20100510,2.73,2.78,2.60,2.64,1633648,35779276.00
20100511,2.68,2.72,2.52,2.54,1301562,27997680.00
20100512,2.54,2.54,2.28,2.31,2046479,39813092.00
20100513,2.31,2.38,2.29,2.37,1225223,23570128.00
20100514,2.37,2.50,2.35,2.49,1865100,37412292.00
20100517,2.49,2.49,2.32,2.32,1284712,25320126.00
20100518,2.32,2.36,2.16,2.28,1569959,29106382.00
20100520,2.28,2.32,2.15,2.16,1874439,34045680.00
20100521,2.12,2.16,2.06,2.14,2065560,35877552.00
20100524,2.18,2.26,2.17,2.24,2288406,41864040.00
20100525,2.24,2.29,2.22,2.25,2047721,37977944.00
20100526,2.26,2.29,2.22,2.25,1098978,20338432.00
20100527,2.25,2.34,2.22,2.33,1959456,36788968.00
20100528,2.34,2.41,2.34,2.40,2448511,47606624.00
20100531,2.41,2.50,2.36,2.36,3307345,66093824.00
20100601,2.33,2.39,2.27,2.32,1614016,30753196.00
20100602,2.32,2.32,2.22,2.30,887232,16557383.00
20100603,2.32,2.37,2.32,2.33,1080085,20802702.00
20100604,2.33,2.35,2.30,2.33,677734,12899568.00
20100607,2.28,2.37,2.26,2.35,1399126,26840764.00
20100608,2.35,2.37,2.33,2.37,1051313,20293598.00
20100609,2.38,2.44,2.37,2.43,1570396,30943480.00
20100610,2.42,2.43,2.38,2.38,1109948,21853000.00
20100611,2.40,2.44,2.33,2.36,1303132,25382908.00
20100617,2.37,2.41,2.32,2.34,822829,16002413.00
20100618,2.32,2.32,2.17,2.18,1619630,29434974.00
20100621,2.18,2.23,2.07,2.22,1060920,18845504.00
20100622,2.21,2.23,2.18,2.21,598517,10879835.00
20100623,2.19,2.29,2.19,2.24,1060001,19555984.00
20100624,2.24,2.25,2.19,2.24,658771,11995495.00
20100625,2.22,2.22,2.16,2.17,597705,10726638.00
20100628,2.17,2.18,2.11,2.12,415641,7309912.00
20100629,2.12,2.15,1.96,1.99,871685,14608284.00
20100630,1.97,1.97,1.85,1.92,665468,10464319.00
20100701,1.92,1.97,1.90,1.90,433933,6873471.50
20100702,1.88,1.90,1.75,1.85,840855,12556092.00
20100705,1.85,1.85,1.80,1.82,372805,5572535.00
20100706,1.89,2.01,1.83,2.01,1296037,20923730.00
20100707,2.07,2.21,2.05,2.21,4338736,77042336.00
20100708,2.18,2.23,2.14,2.22,3721711,66798076.00
20100709,2.21,2.27,2.17,2.25,2931992,53467684.00
20100712,2.23,2.27,2.19,2.24,2404958,43926544.00
20100713,2.20,2.22,2.16,2.20,1925062,34648440.00
20100714,2.19,2.24,2.16,2.20,1653944,29831208.00
20100715,2.18,2.22,2.12,2.12,1625503,29005008.00
20100716,2.14,2.34,2.14,2.34,5687745,107038848.00
20100719,2.34,2.54,2.32,2.44,6427340,128485160.00
20100720,2.43,2.45,2.38,2.45,4106047,81212360.00
20100721,2.44,2.44,2.38,2.40,2537113,50056896.00
20100722,2.40,2.48,2.39,2.45,3155025,63471936.00
20100723,2.44,2.48,2.39,2.46,2310170,46104232.00
20100726,2.46,2.46,2.41,2.45,1673913,33398400.00
20100727,2.45,2.69,2.43,2.69,6282039,134854224.00
20100728,2.64,2.70,2.58,2.68,4437211,96012240.00
20100729,2.67,2.70,2.62,2.64,2584079,56065264.00
20100730,2.64,2.69,2.61,2.66,1852921,40233900.00
20100802,2.66,2.74,2.64,2.70,2613670,57510680.00
20100803,2.71,2.77,2.65,2.66,3746194,83246104.00
20100804,2.62,2.67,2.55,2.64,3452170,73371144.00
20100805,2.61,2.68,2.61,2.64,2046222,44344616.00
20100806,2.62,2.71,2.62,2.71,2439986,53366300.00
20100809,2.74,2.84,2.71,2.72,3199972,71776000.00
20100810,2.72,2.76,2.62,2.62,2192710,47883320.00
20100811,2.59,2.69,2.59,2.68,1459600,31579702.00
20100812,2.68,2.70,2.62,2.65,1259104,27427354.00
20100813,2.65,2.72,2.64,2.72,1824998,40162368.00
20100816,2.72,2.88,2.72,2.81,4871791,112427224.00
20100817,2.79,2.83,2.76,2.79,2034223,46454768.00
20100818,2.79,2.82,2.75,2.77,1899045,43020464.00
20100819,2.77,2.80,2.74,2.74,1854651,41774920.00
20100820,2.74,2.81,2.73,2.75,2078287,47113384.00
20100823,2.72,2.81,2.72,2.74,1672633,37880152.00
20100824,2.76,2.76,2.69,2.75,1356661,30288670.00
20100825,2.76,2.88,2.76,2.77,3285109,75585336.00
20100826,2.84,2.84,2.72,2.75,2749989,62291816.00
20100827,2.74,2.84,2.72,2.83,2930582,67051096.00
20100830,2.85,2.88,2.81,2.86,3139407,73116960.00
20100831,2.86,3.00,2.83,2.96,4636838,111014872.00
20100901,2.96,3.00,2.82,2.86,3677410,87175664.00
20100902,2.88,2.96,2.85,2.91,2702296,64112396.00
20100903,2.91,2.96,2.86,2.93,2437762,58075284.00
20100906,2.92,2.95,2.87,2.90,1789870,42344268.00
20100907,2.87,2.96,2.84,2.95,1827708,43661216.00
20100908,2.95,3.07,2.94,3.04,3999279,98564784.00
20100909,3.06,3.10,2.98,2.98,3226014,79516760.00
20100910,2.98,3.04,2.90,3.02,2920488,71277712.00
20100914,3.08,3.09,2.99,3.00,2440744,60249936.00
20100915,3.00,3.01,2.88,2.92,1915629,46139300.00
20100916,2.95,3.06,2.94,2.97,3443680,84262112.00
20100917,2.99,3.03,2.90,2.99,2101516,51119924.00
20100920,3.00,3.03,2.94,2.94,1343110,32636336.00
20100921,2.95,2.96,2.85,2.88,1181322,27932908.00
20100927,2.89,3.03,2.89,3.01,1447155,35167532.00
20100928,3.00,3.04,2.95,2.97,1937256,47201384.00
20100929,2.98,3.09,2.98,3.00,5330749,82088976.00
20100930,2.99,3.01,2.90,2.99,3530098,53107156.00
20101008,2.99,3.06,2.98,3.02,4620455,71320192.00
20101011,3.04,3.05,2.97,3.02,6826469,104187208.00
20101012,3.01,3.33,2.98,3.33,12327197,198958752.00
20101013,3.43,3.43,3.22,3.31,11888180,201041968.00
20101014,3.28,3.30,3.14,3.16,7263039,118340752.00
20101015,3.14,3.28,3.10,3.21,5863160,95981216.00
20101018,3.21,3.22,3.08,3.22,5204094,82950736.00
20101019,3.22,3.33,3.16,3.28,6219044,103315976.00
20101020,3.21,3.36,3.15,3.30,7247808,121600208.00
20101021,3.31,3.33,3.22,3.28,4648591,77445600.00
20101022,3.32,3.42,3.31,3.34,6389148,108800864.00
20101025,3.34,3.54,3.29,3.47,10498001,182082672.00
20101026,3.46,3.52,3.38,3.50,9206639,161830320.00
20101027,3.52,3.64,3.40,3.44,7961307,143256384.00
20101028,3.44,3.47,3.34,3.39,3900321,67380144.00
20101029,3.40,3.43,3.35,3.41,2999165,51780892.00
20101101,3.42,3.48,3.38,3.45,4735930,82790680.00
20101102,3.45,3.48,3.38,3.38,5414070,93815056.00
20101103,3.38,3.41,3.33,3.33,3417204,58282500.00
20101104,3.30,3.40,3.30,3.40,3350325,56968264.00
20101105,3.42,3.43,3.37,3.40,3805073,65699392.00
20101108,3.39,3.48,3.36,3.47,6168996,107816944.00
20101109,3.48,3.63,3.44,3.63,9672420,173192592.00
20101110,3.63,3.74,3.56,3.66,13760723,257952560.00
20101111,3.63,3.66,3.51,3.57,8407253,153326560.00
20101112,3.54,3.57,3.30,3.32,6940236,120758096.00
20101115,3.30,3.41,3.29,3.41,4031301,68865056.00
20101116,3.41,3.58,3.39,3.45,7617771,135288128.00
20101117,3.40,3.40,3.17,3.18,4511560,75509552.00
20101118,3.16,3.27,3.16,3.23,2241545,36691076.00
20101119,3.24,3.30,3.19,3.28,2284675,37754348.00
20101122,3.27,3.38,3.23,3.37,3063405,52176804.00
20101123,3.36,3.38,3.26,3.33,2734540,46233708.00
20101124,3.32,3.50,3.30,3.49,4801804,83437512.00
20101125,3.50,3.58,3.44,3.46,5367884,95621344.00
20101126,3.46,3.58,3.42,3.55,8331085,149547536.00
20101129,3.54,3.62,3.52,3.54,6353707,115367384.00
20101130,3.54,3.56,3.26,3.38,6340875,109781888.00
20101201,3.38,3.38,3.28,3.33,2141440,36257004.00
20101202,3.35,3.40,3.33,3.34,2357443,40255132.00
20101203,3.36,3.38,3.31,3.33,1562492,26540084.00
20101206,3.34,3.34,3.26,3.28,1586743,26559968.00
20101207,3.29,3.33,3.25,3.33,1411661,23635950.00
20101208,3.32,3.38,3.31,3.35,1678893,28697132.00
20101209,3.32,3.34,3.26,3.26,1878373,31344240.00
20101210,3.25,3.28,3.22,3.26,1301558,21525148.00
20101213,3.25,3.38,3.25,3.34,2470362,42097364.00
20101214,3.35,3.38,3.33,3.37,1948577,33291370.00
20101215,3.36,3.47,3.33,3.43,4227459,73354816.00
20101216,3.46,3.49,3.40,3.40,4623101,81066920.00
20101217,3.40,3.41,3.34,3.37,1912636,32719798.00
20101220,3.37,3.39,3.24,3.31,2441569,41095196.00
20101221,3.33,3.35,3.29,3.33,1296961,21938606.00
20101222,3.33,3.34,3.28,3.30,1542636,25905970.00
20101223,3.27,3.32,3.26,3.27,1052150,17569428.00
20101224,3.25,3.27,3.18,3.20,1485394,24280768.00
20101227,3.20,3.25,3.08,3.11,1696844,27477310.00
20101228,3.10,3.11,2.96,2.98,1520146,23350906.00
20101229,2.97,3.06,2.97,3.04,881199,13591244.00
20101230,3.07,3.08,3.03,3.06,821909,12797844.00
20101231,3.07,3.12,3.06,3.12,923831,14553710.00
20110104,3.12,3.18,3.12,3.17,971196,15603512.00
20110105,3.17,3.23,3.14,3.17,1125212,18254750.00
20110106,3.17,3.18,3.14,3.14,943279,15137575.00
20110107,3.14,3.14,3.11,3.12,751741,11964510.00
20110110,3.12,3.14,3.03,3.04,831231,13034204.00
20110111,3.04,3.04,2.97,3.02,881394,13457396.00
20110112,3.02,3.05,2.98,3.01,635832,9760476.00
20110113,3.01,3.06,3.01,3.06,566260,8790721.00
20110114,3.06,3.08,3.02,3.04,692422,10778345.00
20110117,3.04,3.04,2.84,2.84,1350174,19954074.00
20110118,2.84,2.86,2.78,2.86,587199,8476315.00
20110119,2.88,2.92,2.85,2.91,572154,8467291.00
20110120,2.93,2.93,2.80,2.81,632759,9207988.00
20110121,2.90,2.90,2.81,2.85,603792,8814912.00
20110124,2.83,2.88,2.78,2.79,495981,7117684.50
20110125,2.79,2.84,2.74,2.75,631333,8874565.00
20110126,2.75,2.78,2.74,2.77,494539,6973292.00
20110127,2.77,2.80,2.72,2.80,638221,9051825.00
20110128,2.80,2.84,2.80,2.84,577056,8320742.00
20110131,2.83,2.90,2.83,2.90,703400,10311014.00
20110201,2.94,2.95,2.88,2.95,760332,11307003.00
20110209,2.94,2.96,2.84,2.87,839701,12431857.00
20110210,2.90,3.16,2.87,3.16,3956499,62838376.00
20110211,3.18,3.19,3.10,3.15,2990000,47834544.00
20110214,3.15,3.22,3.14,3.18,2524783,40847140.00
20110215,3.18,3.23,3.16,3.17,2146029,34895460.00
20110216,3.17,3.20,3.14,3.19,1982635,32013224.00
20110217,3.20,3.23,3.18,3.22,2290139,37380336.00
20110218,3.23,3.23,3.15,3.16,1587980,25662106.00
20110221,3.14,3.21,3.13,3.20,1798774,28974368.00
20110222,3.20,3.21,3.06,3.07,2089311,33276324.00
20110223,3.06,3.14,3.06,3.10,1246219,19686556.00
20110224,3.10,3.14,3.09,3.12,997037,15837575.00
20110225,3.12,3.14,3.08,3.13,1152892,18296846.00
20110228,3.14,3.18,3.11,3.18,1696311,27199798.00
20110301,3.18,3.23,3.18,3.22,2663060,43492060.00
20110302,3.22,3.22,3.14,3.17,1968134,31829856.00
20110303,3.15,3.19,3.10,3.11,1582153,25376354.00
20110304,3.11,3.14,3.04,3.07,1993751,31206280.00
20110307,3.05,3.11,3.04,3.09,2083868,32643074.00
20110308,3.09,3.12,3.05,3.12,1792189,28164616.00
20110309,3.12,3.20,3.12,3.19,3273891,52970920.00
20110310,3.19,3.20,3.15,3.18,1892539,30540932.00
20110311,3.18,3.19,3.12,3.13,1801404,28879384.00
20110314,3.11,3.32,3.10,3.30,6597847,109235528.00
20110315,3.30,3.39,3.24,3.36,9458909,160662256.00
20110316,3.35,3.39,3.30,3.36,4686571,79766064.00
20110317,3.35,3.39,3.30,3.34,4526640,77313496.00
20110318,3.35,3.52,3.35,3.45,7529126,132833848.00
20110321,3.44,3.56,3.42,3.49,5808217,103068336.00
20110322,3.48,3.48,3.32,3.38,4805296,83069744.00
20110323,3.38,3.42,3.32,3.41,3430007,58700104.00
20110324,3.41,3.51,3.41,3.41,4695913,82623216.00
20110325,3.39,3.39,3.31,3.35,6326938,107704384.00
20110328,3.32,3.35,3.16,3.20,6922991,115022168.00
20110329,3.21,3.35,3.21,3.28,3725062,62304192.00
20110330,3.28,3.30,3.20,3.22,1818711,29865644.00
20110331,3.22,3.27,3.20,3.22,1548444,25433660.00
20110401,3.23,3.37,3.23,3.35,3923250,66673588.00
20110406,3.35,3.43,3.35,3.36,3870794,66671024.00
20110407,3.36,3.51,3.36,3.46,5861403,103312648.00
20110408,3.50,3.71,3.48,3.68,15515066,287059904.00
20110411,3.70,3.81,3.63,3.74,13016252,246311728.00
20110412,3.73,3.83,3.64,3.76,8951209,169526656.00
20110413,3.74,3.78,3.66,3.78,5437549,102833848.00
20110414,3.79,4.11,3.79,4.00,10145663,205724336.00
20110415,3.95,4.11,3.88,3.98,7509788,152619136.00
20110418,3.94,4.00,3.88,3.95,5257430,105192192.00
20110419,3.94,3.95,3.78,3.90,5308947,104123704.00
20110420,3.90,4.10,3.89,4.07,8040981,163341520.00
20110421,4.06,4.12,3.90,3.93,5276658,107156064.00
20110422,3.93,3.99,3.82,3.88,3551216,70441432.00
20110425,3.87,3.95,3.79,3.88,3413033,67244248.00
20110426,3.84,3.93,3.79,3.80,3044926,59227568.00
20110427,3.83,3.93,3.68,3.75,3546131,68059880.00
20110428,3.76,3.83,3.72,3.73,2877329,55102904.00
20110429,3.72,3.94,3.70,3.93,3190012,62496788.00
20110503,3.94,4.03,3.88,4.03,3777590,76130024.00
20110504,4.03,4.03,3.88,3.94,3434694,68767792.00
20110505,3.92,4.01,3.92,3.94,2895106,58412884.00
20110509,3.94,4.10,3.94,4.08,3727287,76709400.00
20110510,4.07,4.13,3.99,4.06,2504331,51532592.00
20110511,4.06,4.09,3.92,3.92,2873554,57969616.00
20110512,3.91,4.08,3.91,4.00,4061915,83024936.00
20110513,4.00,4.04,3.93,4.03,2480230,50185360.00
20110516,4.03,4.13,3.99,4.11,4174817,86347480.00
20110517,4.13,4.35,4.06,4.23,6651943,143399136.00
20110518,4.20,4.25,4.14,4.19,2885023,61387748.00
20110519,4.21,4.23,4.07,4.19,3357164,56573920.00
20110520,4.21,4.23,4.09,4.12,2482852,41975412.00
20110523,4.07,4.12,3.87,3.90,3224668,51783828.00
20110524,3.89,3.90,3.72,3.87,2561379,39509168.00
20110525,3.86,3.94,3.79,3.91,1672056,26362408.00
20110526,3.91,3.96,3.73,3.76,1997462,31271610.00
20110527,3.74,3.94,3.74,3.82,2625301,40548236.00
20110530,3.85,3.86,3.59,3.59,2834695,42431276.00
20110531,3.60,3.73,3.59,3.70,1501921,22247280.00
20110601,3.72,3.84,3.69,3.79,1495620,22908270.00
20110602,3.77,3.78,3.68,3.76,1736107,26219360.00
20110603,3.76,3.87,3.74,3.79,2326182,35951984.00
20110607,3.79,3.84,3.78,3.81,1907072,29489780.00
20110608,3.80,3.82,3.71,3.80,1709937,26176412.00
20110609,3.80,4.02,3.80,3.92,6097523,97634256.00
20110613,3.92,4.01,3.82,3.91,2015946,31806210.00
20110614,3.87,3.96,3.84,3.92,2312848,36820684.00
20110615,3.89,4.06,3.87,3.92,4442061,71726496.00
20110616,3.92,3.99,3.85,3.92,2915701,46617204.00
20110617,3.98,4.05,3.88,3.89,1769344,28135746.00
20110620,3.87,3.92,3.85,3.88,1730455,27276816.00
20110621,3.89,3.99,3.87,3.98,2627946,41871252.00
20110622,3.99,4.12,3.98,4.04,3803564,62628196.00
20110623,4.04,4.17,4.02,4.16,5950500,98647704.00
20110624,4.17,4.19,4.09,4.14,3672927,61842476.00
20110627,4.14,4.27,4.12,4.15,3278118,55784400.00
20110628,4.15,4.32,4.13,4.27,4540467,78436960.00
20110629,4.27,4.32,4.24,4.25,3437058,59555012.00
20110630,4.22,4.31,4.19,4.30,3153822,54340812.00
20110701,4.33,4.35,4.25,4.26,3326351,57919664.00
20110704,4.27,4.31,4.23,4.30,3269749,56470176.00
20110705,4.32,4.32,4.23,4.24,3443610,59400928.00
20110706,4.23,4.28,4.22,4.26,2526181,43504528.00
20110707,4.24,4.28,4.22,4.22,2057287,35496120.00
20110708,4.22,4.23,4.16,4.16,1965022,33389150.00
20110711,4.15,4.23,4.14,4.19,1761011,29910422.00
20110712,4.14,4.25,4.14,4.20,2618918,44487452.00
20110713,4.19,4.28,4.17,4.20,3207903,54898812.00
20110714,4.21,4.29,4.20,4.24,3161602,54248780.00
20110715,4.23,4.66,4.22,4.66,12310786,226775456.00
20110718,4.61,4.75,4.56,4.61,8432241,159265936.00
20110719,4.59,4.59,4.48,4.53,4020211,73706496.00
20110720,4.60,4.70,4.53,4.67,4395682,82515440.00
20110721,4.67,4.81,4.62,4.71,4638656,88174928.00
20110722,4.74,4.74,4.62,4.64,2433674,45975496.00
20110725,4.60,4.64,4.34,4.35,3953699,71158080.00
20110726,4.34,4.48,4.32,4.43,1651152,29456498.00
20110727,4.38,4.53,4.38,4.51,2109981,38099768.00
20110728,4.46,4.56,4.40,4.49,1767284,31862814.00
20110729,4.48,4.49,4.36,4.37,1200165,21476850.00
20110801,4.36,4.56,4.36,4.48,1943404,35275012.00
20110802,4.47,4.58,4.40,4.54,1940785,35421592.00
20110803,4.50,4.60,4.47,4.59,3113957,57532572.00
20110804,4.59,4.63,4.52,4.55,1767748,32670912.00
20110805,4.48,4.48,4.39,4.42,1681879,30208880.00
20110808,4.39,4.39,3.97,3.99,6086647,100490376.00
20110809,3.94,4.05,3.67,3.95,3422098,53743776.00
20110810,4.01,4.18,4.01,4.10,3391215,56217644.00
20110811,3.97,4.17,3.92,4.12,2684873,44226532.00
20110812,4.14,4.44,4.14,4.32,4781632,82650264.00
20110815,4.29,4.32,4.19,4.25,2939995,50652804.00
20110816,4.28,4.36,4.19,4.26,3866588,67066096.00
20110817,4.20,4.25,4.14,4.19,2157407,36660176.00
20110818,4.26,4.29,4.07,4.12,3093513,52673072.00
20110819,3.97,4.23,3.96,4.13,1913969,31939502.00
20110822,4.17,4.17,4.04,4.07,1446187,23988754.00
20110823,4.05,4.19,4.05,4.11,1657882,27757434.00
20110824,4.16,4.19,4.09,4.11,1712975,28835256.00
20110825,4.11,4.19,4.11,4.17,1715199,28901624.00
20110826,4.18,4.26,4.14,4.20,2333661,39704984.00
20110829,4.14,4.27,4.14,4.21,2600602,44398500.00
20110830,4.24,4.26,4.16,4.17,1709432,29221866.00
20110831,4.17,4.17,4.07,4.14,1009871,16872430.00
20110901,4.17,4.25,4.11,4.17,2304625,39103512.00
20110905,4.14,4.14,3.91,3.93,1910089,30672622.00
20110906,3.91,4.00,3.84,3.94,932649,14894677.00
20110907,3.98,4.01,3.89,3.96,1788914,28604022.00
20110908,4.00,4.00,3.90,3.95,1244516,19878306.00
20110909,4.06,4.06,3.85,3.90,1263241,20214260.00
20110913,3.82,3.83,3.71,3.79,937611,14366304.00
20110914,3.79,3.83,3.66,3.73,1903580,28783078.00
20110915,3.76,3.82,3.73,3.74,1526272,23367836.00
20110916,3.77,3.82,3.73,3.74,980514,15013930.00
20110919,3.74,3.74,3.66,3.66,1219250,18200330.00
20110920,3.62,3.72,3.62,3.68,901520,13468131.00
20110921,3.68,3.85,3.66,3.84,1757278,26997728.00
20110922,3.79,3.87,3.74,3.75,1388935,21500148.00
20110923,3.69,3.75,3.65,3.71,862331,12980216.00
20110926,3.77,3.77,3.66,3.69,1196319,17975810.00
20110927,3.69,3.77,3.67,3.69,475700,7138929.00
20110928,3.71,3.75,3.62,3.64,536177,8026224.00
20110929,3.60,3.65,3.49,3.49,1565249,22595096.00
20110930,3.54,3.54,3.38,3.43,1532651,21313772.00
20111010,3.49,3.49,3.37,3.37,1516792,21154498.00
20111011,3.45,3.50,3.29,3.30,2136590,29182468.00
20111012,3.27,3.42,3.25,3.39,1737912,23649416.00
20111013,3.41,3.44,3.37,3.41,1414614,19646514.00
20111014,3.40,3.46,3.39,3.42,891689,12424754.00
20111017,3.41,3.45,3.41,3.44,624038,8689988.00
20111018,3.42,3.49,3.36,3.36,757458,10538672.00
20111019,3.37,3.45,3.37,3.37,881300,12173316.00
20111020,3.35,3.36,3.22,3.23,1050046,13936158.00
20111021,3.22,3.28,3.12,3.12,668896,8650551.00
20111024,3.19,3.19,3.02,3.12,1078084,13540576.00
20111025,3.13,3.22,3.10,3.21,1520062,19564896.00
20111026,3.21,3.27,3.18,3.24,1030449,13540677.00
20111027,3.24,3.40,3.23,3.27,1850791,24976998.00
20111028,3.29,3.34,3.27,3.32,1040132,13986555.00
20111031,3.32,3.44,3.31,3.42,1420234,19575402.00
20111101,3.42,3.51,3.37,3.50,1833302,25743680.00
20111102,3.45,3.62,3.38,3.58,1798307,25627730.00
20111103,3.58,3.62,3.54,3.59,1710590,24879490.00
20111104,3.59,3.59,3.48,3.51,2955557,42233872.00
20111107,3.53,3.76,3.51,3.64,2932340,43603712.00
20111108,3.58,3.64,3.53,3.54,1112539,16129913.00
20111109,3.54,3.59,3.49,3.58,1287273,18561984.00
20111110,3.52,3.68,3.52,3.60,1789156,26285006.00
20111111,3.64,3.65,3.57,3.58,757411,11077343.00
20111114,3.63,3.66,3.60,3.63,1085298,15994039.00
20111115,3.64,3.74,3.62,3.74,2034043,30511080.00
20111116,3.73,3.74,3.61,3.63,1910199,28527454.00
20111117,3.63,3.71,3.63,3.68,1436934,21390640.00
20111118,3.63,3.66,3.40,3.40,2730664,39160672.00
20111121,3.48,3.48,3.35,3.43,665114,9188469.00
20111122,3.37,3.42,3.37,3.41,530792,7321488.50
20111123,3.39,3.43,3.38,3.40,499878,6896560.00
20111124,3.37,3.40,3.28,3.36,901284,12238418.00
20111125,3.36,3.39,3.30,3.32,595843,8090853.00
20111128,3.32,3.36,3.28,3.34,775578,10439476.00
20111129,3.37,3.45,3.32,3.45,982847,13649913.00
20111130,3.42,3.44,3.25,3.32,796169,10825245.00
20111201,3.40,3.49,3.35,3.40,2319243,32131646.00
20111202,3.37,3.38,3.28,3.38,1654018,22388064.00
20111205,3.38,3.40,3.26,3.27,978825,13217651.00
20111206,3.27,3.28,3.10,3.16,2188475,27978126.00
20111207,3.16,3.19,3.11,3.16,1125300,14430140.00
20111208,3.14,3.17,3.08,3.11,1197788,15250038.00
20111209,3.08,3.14,3.07,3.09,456601,5760371.00
20111212,3.09,3.15,3.08,3.09,513000,6488454.00
20111213,3.09,3.15,3.04,3.08,615099,7728810.50
20111214,3.12,3.12,3.05,3.06,640148,8015807.50
20111215,3.05,3.05,2.82,2.94,1928606,22823612.00
20111216,2.96,3.01,2.85,3.01,536176,6400778.00
20111219,3.01,3.32,2.92,3.14,1651600,20813704.00
20111220,3.13,3.15,3.08,3.10,1188139,15017260.00
20111221,3.13,3.16,3.03,3.07,773999,9775489.00
20111222,3.08,3.09,2.90,3.00,743661,8991958.00
20111223,3.01,3.06,2.98,3.02,447874,5519117.00
20111226,2.97,3.09,2.97,3.07,603699,7546948.00
20111227,3.07,3.25,3.07,3.09,1586588,20437886.00
20111228,2.98,3.06,2.97,3.02,862896,10552120.00
20111229,3.09,3.09,3.00,3.02,374583,4613793.00
20111230,3.00,3.15,3.00,3.12,618150,7789054.50
20120104,3.13,3.18,3.08,3.08,500079,6347327.50
20120105,3.09,3.14,2.92,2.92,655970,8132508.50
20120106,2.85,2.92,2.77,2.89,985325,11426985.00
20120109,2.84,2.99,2.82,2.98,851268,10205674.00
20120110,3.00,3.12,2.98,3.12,1182898,14711328.00
20120111,3.12,3.16,3.06,3.10,860384,10888949.00
20120112,3.10,3.13,3.07,3.11,417674,5278302.00
20120113,3.10,3.12,2.95,2.98,636482,7825135.50
20120116,2.95,2.99,2.89,2.92,498192,5952782.50
20120117,2.92,3.07,2.88,3.02,1049502,12784426.00
20120118,3.05,3.07,2.92,2.92,798230,9741178.00
20120119,2.96,2.99,2.90,2.95,474626,5688120.00
20120120,2.99,3.03,2.95,3.00,569697,6958374.00
20120130,3.00,3.04,3.00,3.02,513936,6312918.50
20120131,3.00,3.04,3.00,3.02,320877,3937896.75
20120201,3.00,3.06,3.00,3.02,405406,4996311.00
20120202,3.07,3.07,3.00,3.05,468406,5787803.50
20120203,3.05,3.11,3.02,3.10,1095919,13719770.00
20120206,3.10,3.13,3.09,3.11,630709,7965871.00
20120207,3.10,3.10,3.05,3.08,607206,7592004.00
20120208,3.09,3.24,3.09,3.23,1839521,23822440.00
20120209,3.22,3.29,3.20,3.29,1191380,15761246.00
20120210,3.32,3.61,3.29,3.57,2359436,33414342.00
20120215,3.93,3.93,3.77,3.93,1712245,27288076.00
20120216,4.22,4.22,3.86,4.02,9985094,164013984.00
20120217,3.99,3.99,3.85,3.95,3356426,53355464.00
20120220,3.98,4.01,3.87,3.88,2592101,41231804.00
20120221,3.82,3.93,3.80,3.91,1530307,24173684.00
20120222,3.87,4.01,3.87,3.94,2598098,41817784.00
20120223,3.94,3.99,3.89,3.92,1778157,28306756.00
20120224,3.94,3.94,3.89,3.94,1331333,21209018.00
20120227,3.92,4.01,3.92,3.95,2117825,34206296.00
20120228,3.95,4.01,3.93,3.97,1839269,29689106.00
20120229,3.99,4.11,3.96,4.05,2706449,44557256.00
20120301,3.97,4.11,3.97,3.99,1686444,27540948.00
20120302,3.99,4.04,3.98,4.01,1171889,19066346.00
20120305,4.03,4.42,4.03,4.35,6206349,107942784.00
20120306,4.34,4.69,4.24,4.55,5358532,96134528.00
20120307,4.46,4.66,4.35,4.38,5002373,91953088.00
20120308,4.36,4.42,4.25,4.27,3656138,63771688.00
20120309,4.32,4.35,4.27,4.34,2494658,43630136.00
20120312,4.44,4.46,4.29,4.38,2826691,50015828.00
20120313,4.32,4.37,4.22,4.28,3385238,58540300.00
20120314,4.26,4.34,3.99,4.02,4062125,68847408.00
20120315,4.04,4.13,3.94,4.05,2459472,40252536.00
20120316,4.08,4.13,4.02,4.09,2411346,39704184.00
20120319,4.09,4.09,4.02,4.08,1749778,28711322.00
20120320,4.08,4.08,3.97,3.98,1496661,24357714.00
20120321,4.02,4.30,4.02,4.24,4590321,78262336.00
20120322,4.23,4.23,4.10,4.18,1456069,24659722.00
20120323,4.14,4.21,4.07,4.10,1141314,19144262.00
20120326,4.09,4.17,4.07,4.15,836326,13976007.00
20120327,4.17,4.17,4.10,4.13,909464,15252455.00
20120328,4.08,4.11,3.77,3.79,2234610,35439840.00
20120329,3.79,3.87,3.72,3.75,1308163,20042950.00
20120330,3.74,3.81,3.70,3.71,966278,14671685.00
20120405,3.73,3.89,3.71,3.86,1152976,17913442.00
20120406,3.93,3.93,3.82,3.90,653291,10306691.00
20120409,3.90,4.03,3.83,3.92,1200018,19185388.00
20120410,3.93,3.96,3.79,3.94,1080367,17023540.00
20120411,3.90,4.03,3.82,3.92,1020738,16390553.00
20120412,3.94,4.00,3.92,3.98,1103619,17813586.00
20120413,4.01,4.13,3.98,4.09,1985072,32868256.00
20120416,4.06,4.12,4.03,4.11,1092946,18130750.00
20120417,4.11,4.13,4.02,4.02,649039,10722781.00
20120418,4.02,4.18,4.02,4.11,1030247,17186866.00
20120419,4.09,4.14,4.09,4.11,692461,11548923.00
20120420,4.11,4.14,4.09,4.13,906820,15168965.00
20120423,4.11,4.15,4.00,4.03,812455,13392175.00
20120424,3.99,4.03,3.73,3.96,1277704,20209952.00
20120425,3.94,3.99,3.83,3.98,681075,10888897.00
20120426,4.00,4.00,3.92,3.95,490440,7863368.50
20120427,3.95,4.06,3.95,3.99,768145,12516150.00
20120502,4.06,4.09,4.00,4.03,1040955,17112410.00
20120503,4.02,4.15,4.02,4.15,2175805,36049868.00
20120504,4.16,4.16,4.09,4.10,1620257,27085058.00
20120507,4.07,4.09,3.98,4.03,1978338,32296102.00
20120508,4.04,4.07,3.99,4.03,792380,12947990.00
20120509,4.03,4.03,3.96,3.99,767869,12425293.00
20120511,4.02,4.04,3.96,3.99,1027049,16651813.00
20120514,3.99,4.08,3.96,3.97,1145539,18660608.00
20120515,3.97,3.97,3.91,3.94,691730,11041241.00
20120516,3.93,3.98,3.92,3.92,574697,9209219.00
20120517,3.92,4.01,3.84,3.95,494831,7919493.50
20120518,3.94,3.94,3.87,3.88,477370,7555669.00
20120521,3.88,3.94,3.88,3.93,556012,8812164.00
20120522,3.94,3.99,3.93,3.97,384958,6188787.00
20120523,3.97,3.99,3.86,3.97,517342,7214248.00
20120524,3.97,3.97,3.88,3.91,836526,11524609.00
20120525,3.88,3.91,3.83,3.84,558142,7619528.00
20120528,3.85,3.87,3.74,3.84,605985,8122686.00
20120529,3.81,3.94,3.81,3.92,657753,9033896.00
20120530,3.92,3.97,3.91,3.96,910536,12694023.00
20120531,3.97,4.00,3.94,3.97,600728,8406102.00
20120601,3.95,3.99,3.91,3.95,687479,9565387.00
20120604,3.90,4.00,3.86,3.90,989940,13760799.00
20120605,3.86,3.98,3.86,3.94,584531,8095580.00
20120606,3.93,3.96,3.87,3.88,651351,8958174.00
20120607,3.91,3.94,3.84,3.88,425304,5838517.00
20120608,3.88,3.91,3.84,3.86,582717,7950903.00
20120612,3.86,3.96,3.85,3.88,922018,12706162.00
20120613,3.85,3.96,3.85,3.95,1308998,18076388.00
20120614,3.95,3.98,3.89,3.91,808992,11240376.00
20120615,3.91,4.23,3.91,4.11,4786994,69076096.00
20120618,4.11,4.18,4.01,4.14,3584662,51844372.00
20120619,4.12,4.19,4.07,4.09,2582910,37598744.00
20120620,4.10,4.10,3.97,3.99,2082774,29552286.00
20120621,3.99,3.99,3.89,3.91,1361151,18772604.00
20120625,3.86,3.96,3.86,3.86,1036984,14271074.00
20120626,3.85,3.91,3.79,3.89,744568,10147871.00
20120627,3.89,3.89,3.80,3.85,1030978,13961013.00
20120628,3.85,3.87,3.77,3.77,735807,9873439.00
20120629,3.77,3.84,3.75,3.81,775890,10370023.00
20120702,3.81,3.90,3.79,3.88,1343360,18255796.00
20120703,3.88,3.96,3.85,3.91,1866262,25803742.00
20120704,3.91,3.92,3.87,3.91,750983,10286967.00
20120705,3.89,3.89,3.79,3.87,772299,10408656.00
20120706,3.87,3.94,3.81,3.91,1172678,16020548.00
20120709,3.90,4.05,3.87,3.96,5571893,77916848.00
20120710,3.93,3.96,3.86,3.89,1942275,26705742.00
20120711,3.88,3.89,3.81,3.88,1447437,19664136.00
20120712,3.89,4.07,3.86,4.02,5664014,79741568.00
20120713,4.07,4.07,3.93,4.01,3440959,48393148.00
20120716,3.97,4.01,3.88,3.88,2438904,33890124.00
20120717,3.86,3.86,3.49,3.58,3559890,45358524.00
20120718,3.58,3.65,3.52,3.58,1271544,16054028.00
20120719,3.59,3.64,3.55,3.60,1285291,16339101.00
20120720,3.60,3.68,3.57,3.63,1077034,13782738.00
20120723,3.61,3.65,3.56,3.59,703535,8943642.00
20120724,3.59,3.61,3.56,3.61,676205,8570816.00
20120725,3.61,3.71,3.58,3.70,2081547,27040286.00
20120726,3.70,3.70,3.64,3.67,674819,8727930.00
20120727,3.66,3.71,3.62,3.62,575640,7408749.00
20120730,3.62,3.67,3.46,3.49,981305,12273981.00
20120731,3.50,3.50,3.35,3.37,1193089,14343619.00
20120801,3.37,3.48,3.34,3.42,630046,7634014.00
20120802,3.48,3.54,3.43,3.44,1084717,13329322.00
20120803,3.44,3.49,3.43,3.48,560964,6848310.00
20120806,3.46,3.59,3.45,3.57,1356458,16830252.00
20120807,3.57,3.58,3.51,3.54,1401246,17492292.00
20120808,3.54,3.59,3.52,3.55,706249,8845026.00
20120809,3.54,3.58,3.51,3.57,1068342,13404297.00
20120810,3.56,3.59,3.54,3.54,837879,10507212.00
20120813,3.55,3.59,3.50,3.50,832038,10356266.00
20120814,3.50,3.50,3.40,3.47,893073,10853006.00
20120815,3.44,3.46,3.40,3.44,704219,8509213.00
20120816,3.44,3.53,3.44,3.46,717015,8791704.00
20120817,3.46,3.48,3.36,3.40,958124,11498798.00
20120820,3.41,3.48,3.35,3.45,723420,8725462.00
20120821,3.46,3.53,3.40,3.46,1036595,12712140.00
20120822,3.46,3.46,3.39,3.42,920091,11125426.00
20120823,3.43,3.45,3.40,3.43,536736,6477435.50
20120824,3.44,3.49,3.41,3.45,1190547,14504929.00
20120827,3.45,3.46,3.31,3.32,1113924,13202607.00
20120828,3.32,3.36,3.24,3.29,537708,6278753.00
20120829,3.29,3.34,3.26,3.28,479555,5570327.00
20120830,3.28,3.31,3.20,3.26,633682,7276220.50
20120831,3.27,3.31,3.23,3.27,331041,3823707.50
20120903,3.26,3.34,3.20,3.33,725044,8453510.00
20120904,3.29,3.38,3.29,3.33,882283,10444894.00
20120905,3.36,3.39,3.34,3.37,735086,8737792.00
20120906,3.36,3.40,3.34,3.40,627535,7496696.50
20120907,3.43,3.57,3.40,3.53,2103614,26035152.00
20120910,3.52,3.57,3.49,3.51,1459530,18138542.00
20120911,3.50,3.61,3.43,3.61,2304564,28915130.00
20120912,3.60,3.83,3.60,3.75,2957668,39330000.00
20120917,3.86,3.91,3.61,3.65,3614207,47592028.00
20120918,3.61,4.02,3.61,3.94,6226063,85376632.00
20120919,3.92,3.97,3.86,3.94,4528715,62539220.00
20120920,3.94,3.95,3.83,3.84,2713633,37279336.00
20120921,3.85,3.90,3.70,3.74,1946037,26056034.00
20120924,3.69,3.94,3.62,3.87,2815970,38248120.00
20120925,3.86,3.93,3.82,3.85,1021628,13900803.00
20120926,3.88,3.88,3.75,3.79,1431386,19137514.00
20120927,3.75,3.97,3.75,3.94,2491583,34147700.00
20120928,3.90,3.97,3.87,3.93,1942258,26976972.00
20121008,3.93,4.07,3.91,3.95,1581179,22263870.00
20121009,3.95,4.08,3.91,3.96,3422269,47786304.00
20121010,3.97,4.07,3.96,4.05,4585638,65307432.00
20121011,4.03,4.09,3.95,3.97,3142221,44513348.00
20121012,4.00,4.01,3.92,3.94,1574842,21892398.00
20121015,3.95,3.95,3.86,3.89,1166207,16046168.00
20121016,3.88,3.99,3.88,3.94,1172431,16346861.00
20121017,3.94,4.00,3.90,3.91,727817,10079753.00
20121018,3.94,3.97,3.91,3.93,1048440,14551189.00
20121019,3.93,3.93,3.77,3.83,2724769,36772180.00
20121022,3.82,3.97,3.77,3.96,2612308,35944752.00
20121023,3.99,4.14,3.96,4.06,8361831,119523488.00
20121024,4.06,4.09,3.96,4.06,3790018,53624224.00
20121025,4.04,4.06,3.93,3.93,2013156,28317030.00
20121026,3.91,3.97,3.87,3.94,1098154,15198203.00
20121029,3.94,3.96,3.87,3.91,385970,5315539.50
20121030,3.91,4.00,3.90,3.93,1043514,14581383.00
20121031,3.90,3.97,3.89,3.94,516122,7135515.00
20121101,3.97,3.99,3.90,3.96,1136040,15824084.00
20121102,3.94,3.97,3.86,3.89,1186721,16307872.00
20121105,3.89,3.95,3.87,3.89,969383,13364041.00
20121106,3.89,3.93,3.79,3.83,996516,13461651.00
20121107,3.81,3.87,3.81,3.83,664448,8993632.00
20121108,3.86,3.86,3.75,3.79,1171620,15576282.00
20121109,3.77,3.77,3.71,3.71,743066,9778333.00
20121112,3.73,3.77,3.70,3.75,377066,4974033.50
20121113,3.76,3.76,3.71,3.74,532000,7016724.50
20121114,3.77,3.77,3.70,3.73,377295,4962433.00
20121115,3.73,3.74,3.69,3.72,559083,7319330.00
20121116,3.69,3.74,3.46,3.65,1226077,15501032.00
20121119,3.63,3.63,3.46,3.51,1559681,19387892.00
20121120,3.51,3.53,3.47,3.51,486933,5996610.00
20121121,3.53,3.56,3.40,3.51,438494,5404317.00
20121122,3.49,3.52,3.40,3.42,396170,4812588.50
20121123,3.45,3.48,3.42,3.43,297756,3625699.25
20121126,3.43,3.47,3.40,3.42,422015,5096538.00
20121127,3.42,3.43,3.26,3.39,1309281,15401806.00
20121128,3.39,3.42,3.29,3.33,607371,7185711.00
20121129,3.32,3.42,3.30,3.33,525640,6237340.00
20121130,3.37,3.37,3.32,3.36,351464,4151350.25
20121203,3.36,3.39,3.24,3.32,849561,9877015.00
20121204,3.27,3.30,3.20,3.26,651410,7480192.00
20121205,3.26,3.40,3.21,3.37,1348460,15909736.00
20121206,3.37,3.40,3.33,3.36,765109,9079624.00
20121207,3.37,3.41,3.34,3.41,2323639,27808564.00
20121210,3.42,3.47,3.39,3.46,1095950,13277655.00
20121211,3.44,3.54,3.43,3.50,1371467,16847578.00
20121212,3.49,3.50,3.45,3.47,622189,7616398.00
20121213,3.49,3.49,3.40,3.43,1350635,16362903.00
20121214,3.41,3.55,3.40,3.52,1809685,22400580.00
20121217,3.51,3.64,3.51,3.61,1982714,25089588.00
20121218,3.63,3.63,3.58,3.60,1454370,18473146.00
20121219,3.59,3.62,3.57,3.60,667801,8452462.00
20121220,3.60,3.72,3.60,3.70,1872717,24172634.00
20121221,3.70,3.73,3.66,3.69,918516,11971183.00
20121224,3.69,3.86,3.69,3.85,2337693,31535030.00
20121225,3.82,3.89,3.82,3.87,1520491,20703278.00
20121226,3.86,3.96,3.85,3.93,1588098,21930498.00
20121227,3.90,3.96,3.87,3.91,1513740,20948186.00
20121228,3.94,3.94,3.84,3.91,1064117,14609035.00
20121231,3.91,4.07,3.91,4.03,2727692,38220084.00
20130104,4.05,4.05,3.96,4.03,1868893,26430396.00
20130107,3.98,4.14,3.98,4.05,4312825,61890472.00
20130108,4.02,4.10,3.95,4.02,2038799,28871254.00
20130109,4.01,4.03,3.96,3.99,1885867,26508988.00
20130110,3.99,4.04,3.99,4.00,1369674,19376550.00
20130111,4.06,4.13,3.94,3.97,1934304,27320094.00
20130114,3.95,4.07,3.94,4.07,3402378,48399920.00
20130115,4.03,4.11,4.03,4.09,2960830,42325540.00
20130116,4.06,4.07,3.94,4.03,2387592,33802448.00
20130117,4.03,4.04,3.86,3.90,3430230,47305904.00
20130118,3.88,3.92,3.80,3.89,2737838,37326952.00
20130121,3.89,3.95,3.87,3.89,1939557,26636704.00
20130122,3.89,3.91,3.77,3.81,1996448,26950798.00
20130123,3.77,3.86,3.74,3.86,2072361,27835054.00
20130124,3.83,3.90,3.75,3.79,1340245,18129348.00
20130125,3.84,3.92,3.77,3.82,3200336,43175452.00
20130128,3.79,3.84,3.69,3.79,4665343,62124716.00
20130129,3.79,3.87,3.78,3.82,3513151,47316472.00
20130201,3.81,3.81,3.63,3.67,7852221,101885104.00
20130204,3.67,3.76,3.62,3.65,3310332,42931680.00
20130205,3.63,3.68,3.52,3.59,5043369,63927696.00
20130206,3.63,3.94,3.63,3.94,7441683,100046496.00
20130207,3.94,4.04,3.88,4.01,7275615,102176088.00
20130208,3.99,4.03,3.95,4.01,3875940,54665040.00
20130218,4.03,4.08,3.96,4.01,5314346,75218224.00
20130219,4.00,4.08,3.97,4.02,4026692,57055092.00
20130220,4.02,4.14,3.97,4.13,6393712,91571864.00
20130221,4.14,4.28,4.09,4.20,8392318,124033688.00
20130222,4.20,4.24,4.13,4.15,4613577,68203832.00
20130225,4.14,4.25,4.12,4.16,3721537,55030592.00
20130226,4.15,4.19,4.05,4.07,3912001,56989908.00
20130227,4.07,4.10,3.99,4.02,3965601,56293472.00
20130228,4.05,4.16,4.01,4.16,3608849,52432248.00
20130301,4.16,4.17,4.09,4.16,3684621,53754412.00
20130304,4.14,4.17,3.95,4.03,4541467,65097640.00
20130305,4.04,4.27,4.04,4.24,9389124,138655872.00
20130306,4.28,4.53,4.28,4.45,15315493,237368416.00
20130307,4.47,4.54,4.37,4.49,9230431,144270944.00
20130308,4.49,4.51,4.35,4.37,4629956,72185456.00
20130311,4.37,4.48,4.26,4.39,4591967,70970800.00
20130312,4.40,4.43,4.26,4.39,5945618,91040104.00
20130313,4.37,4.54,4.33,4.51,6341701,99514096.00
20130314,4.49,4.84,4.46,4.79,11373371,189515552.00
20130315,4.77,4.89,4.74,4.78,8214018,139485760.00
20130318,4.69,4.82,4.65,4.70,5702197,95029968.00
20130319,4.71,4.76,4.42,4.50,8052734,128807264.00
20130320,4.42,4.47,4.15,4.41,18028118,272545216.00
20130321,4.34,4.47,4.30,4.43,9034222,139802336.00
20130322,4.39,4.50,4.39,4.45,4634619,72643080.00
20130325,4.43,4.64,4.37,4.57,5800721,92211616.00
20130326,4.57,4.65,4.50,4.63,5907212,95451752.00
20130327,4.64,4.77,4.53,4.59,6826052,111852976.00
20130328,4.54,4.70,4.46,4.56,4536874,73362088.00
20130329,4.62,4.62,4.37,4.37,4547250,71502376.00
20130401,4.41,4.57,4.41,4.50,3908938,62082440.00
20130402,4.51,4.57,4.29,4.37,3937742,61655124.00
20130403,4.52,4.54,4.25,4.32,7981124,123308936.00
20130408,4.31,4.37,4.18,4.34,3636601,54832892.00
20130409,4.34,4.37,4.27,4.31,3143206,47762768.00
20130410,4.34,4.34,4.20,4.27,2036136,30624240.00
20130411,4.26,4.33,4.21,4.33,2299255,34631376.00
20130412,4.32,4.32,4.21,4.25,1425435,21425012.00
20130415,4.24,4.27,4.07,4.13,2540797,37146588.00
20130416,4.10,4.13,4.03,4.13,1498685,21536840.00
20130417,4.14,4.26,4.03,4.25,2642430,38658588.00
20130418,4.26,4.30,4.19,4.27,2744972,41150060.00
20130419,4.27,4.36,4.23,4.33,3009838,45714760.00
20130422,4.30,4.46,4.30,4.35,4003862,61655304.00
20130423,4.33,4.37,4.26,4.30,2607191,39518632.00
20130424,4.27,4.34,4.14,4.33,5575059,83646544.00
20130425,4.31,4.32,4.17,4.25,3882646,57995936.00
20130426,4.23,4.30,4.17,4.20,2021947,30191424.00
20130502,4.26,4.54,4.23,4.54,9527403,149398480.00
20130503,4.57,4.65,4.53,4.62,8948721,144624912.00
20130506,4.71,4.86,4.65,4.68,9726858,162111392.00
20130507,4.68,4.80,4.60,4.66,5815216,96174256.00
20130508,4.70,5.06,4.69,5.02,13699952,235092416.00
20130509,5.03,5.21,4.97,5.11,11915016,214112560.00
20130510,5.09,5.14,4.99,5.06,6157568,109538904.00
20130513,5.06,5.31,5.01,5.22,8176932,148500416.00
20130514,5.20,5.25,5.11,5.21,5187143,94447992.00
20130515,5.19,5.21,5.03,5.11,6455760,115941760.00
20130516,5.12,5.30,5.07,5.13,5953205,108520464.00
20130517,5.11,5.31,5.08,5.28,6138599,112122520.00
20130520,5.29,5.37,4.98,5.17,8551892,154383696.00
20130521,5.13,5.23,5.06,5.12,6630937,119659248.00
20130522,5.12,5.23,5.05,5.07,4586540,82849904.00
20130523,5.06,5.06,4.91,4.98,5875861,103019240.00
20130524,4.97,5.24,4.94,5.23,5800478,104709600.00
20130527,5.29,5.29,5.17,5.26,5450386,100258712.00
20130528,5.26,5.28,5.08,5.17,4118200,74779824.00
20130529,5.16,5.21,5.09,5.20,3435247,62325060.00
20130530,5.19,5.53,5.13,5.49,9124814,173275104.00
20130531,5.51,5.57,5.41,5.43,5672219,109659208.00
20130603,5.40,5.57,5.29,5.30,6042527,115562416.00
20130604,5.24,5.32,4.99,5.11,6440175,116497720.00
20130605,5.06,5.20,5.05,5.13,3062227,55263504.00
20130606,5.14,5.17,4.99,4.99,3855090,68588056.00
20130607,5.02,5.17,4.97,5.03,4006968,71592872.00
20130613,4.96,4.96,4.54,4.78,3877257,65227112.00
20130614,4.91,5.19,4.88,5.13,6078786,108257072.00
20130617,5.14,5.30,5.00,5.20,5507074,100796944.00
20130618,5.19,5.39,5.14,5.31,5020689,92766952.00
20130619,5.29,5.36,5.14,5.31,4292115,79585880.00
20130620,5.28,5.39,5.17,5.19,4284241,79670712.00
20130621,5.06,5.31,4.90,5.25,4612452,83395608.00
20130624,5.40,5.49,5.00,5.11,8603747,159413184.00
20130625,4.96,5.13,4.60,5.07,7259619,125774640.00
20130626,5.08,5.54,4.99,5.47,9663159,178587296.00
20130627,5.46,5.65,5.35,5.37,10755973,207667136.00
20130628,5.37,5.56,5.29,5.44,7550160,144880768.00
20130701,5.40,5.99,5.37,5.97,15300748,309553536.00
20130702,5.91,6.05,5.87,6.01,11912633,250132000.00
20130703,6.00,6.51,5.87,6.27,14201192,307984640.00
20130704,6.17,6.17,5.65,5.80,28988817,606835008.00
20130705,5.71,5.77,5.39,5.40,30727886,601433856.00
20130708,5.40,5.50,5.17,5.39,12247074,231845664.00
20130709,5.40,5.65,5.32,5.59,10556117,204669296.00
20130710,5.59,5.68,5.54,5.64,6976757,137679696.00
20130711,5.67,5.79,5.59,5.70,10136842,203164592.00
20130712,5.70,5.85,5.69,5.74,7400270,150397056.00
20130715,5.77,5.82,5.65,5.82,7816229,157948480.00
20130716,5.83,6.05,5.77,5.99,10458630,219100944.00
20130717,5.97,6.05,5.74,5.80,9490218,196518672.00
20130718,5.77,5.90,5.76,5.83,6371398,130888512.00
20130719,5.85,5.89,5.69,5.70,5799888,117367752.00
20130722,5.62,5.83,5.57,5.83,5178712,105134376.00
20130723,5.84,6.11,5.78,6.07,11257266,236729184.00
20130724,6.06,6.22,6.06,6.19,8641646,186653728.00
20130725,6.16,6.21,5.93,5.95,6526938,138721488.00
20130726,5.91,6.05,5.83,6.00,3985643,83643440.00
20130729,5.92,6.00,5.77,5.79,3881475,80260192.00
20130730,5.77,5.92,5.69,5.89,3725408,76645536.00
20130731,5.94,5.97,5.83,5.84,3470476,72088360.00
20130801,5.86,6.02,5.78,6.02,4860470,101403024.00
20130802,6.02,6.16,5.99,6.04,5601563,120025160.00
20130805,6.03,6.45,6.03,6.43,9526726,211316944.00
20130806,6.42,6.45,6.29,6.39,5164601,115636744.00
20130807,6.39,6.43,6.23,6.23,5077171,112616776.00
20130808,6.20,6.52,6.18,6.43,6428457,144347808.00
20130809,6.49,6.49,6.15,6.29,6757978,148985392.00
20130812,6.27,6.34,6.11,6.25,4388903,95867128.00
20130813,6.20,6.33,6.17,6.26,3218766,70875984.00
20130814,6.31,6.33,6.15,6.17,3851558,83886536.00
20130815,6.17,6.20,6.01,6.07,4586651,97954736.00
20130816,6.04,6.16,5.86,5.91,4381935,92816752.00
20130819,5.87,6.03,5.86,6.01,2985460,62854576.00
20130820,6.03,6.15,5.95,6.07,3689066,78680928.00
20130821,6.19,6.22,6.01,6.17,5098685,109877112.00
20130822,6.16,6.23,6.07,6.21,4086068,88391848.00
20130823,6.21,6.22,6.02,6.14,4050159,87091304.00
20130826,6.13,6.13,5.99,6.08,4356760,92516168.00
20130827,6.04,6.13,5.96,5.97,4584418,96760328.00
20130828,5.95,5.95,5.74,5.76,7091821,144921360.00
20130829,5.81,5.87,5.73,5.79,4413334,90102776.00
20130830,5.77,5.83,5.65,5.66,4056038,81651360.00
20130902,5.66,5.78,5.64,5.77,2552758,51410664.00
20130903,5.74,5.89,5.74,5.89,2779136,57074432.00
20130904,5.85,5.91,5.77,5.79,3451115,70642048.00
20130905,5.80,5.84,5.66,5.75,3226716,64810344.00
20130906,5.73,5.73,5.64,5.65,4096414,81705016.00
20130909,5.66,5.66,5.50,5.54,5620176,109607104.00
20130910,5.57,5.59,5.42,5.49,5511874,106276816.00
20130911,5.46,5.55,5.43,5.55,4602898,89030808.00
20130912,5.60,5.61,5.51,5.51,3612830,70544320.00
20130913,5.47,5.51,5.19,5.50,10921748,204258624.00
20130916,5.47,5.78,5.45,5.77,9173907,182782560.00
20130917,5.77,5.81,5.66,5.72,4646683,93315184.00
20130918,5.72,5.74,5.63,5.74,2742258,55021768.00
20130923,5.69,5.79,5.66,5.73,4427518,88933072.00
20130924,5.74,5.85,5.74,5.79,4520549,92304696.00
20130925,5.79,5.82,5.67,5.77,3934824,79693520.00
20130926,5.78,5.79,5.58,5.58,4415504,88224040.00
20130927,5.57,5.67,5.40,5.56,3277121,64455392.00
20130930,5.61,5.71,5.57,5.66,3240801,64282324.00
20131008,5.66,5.76,5.61,5.69,2638288,52705516.00
20131009,5.69,5.78,5.65,5.78,4099971,82919208.00
20131010,5.80,5.80,5.62,5.64,3234937,64719408.00
20131011,5.65,5.74,5.65,5.67,2862827,57283452.00
20131014,5.66,5.87,5.66,5.84,5796147,117894928.00
20131015,5.94,6.13,5.94,6.02,9741476,206853296.00
20131016,6.01,6.01,5.67,5.73,8096877,165521376.00
20131017,5.81,5.83,5.57,5.60,6999001,139408000.00
20131018,5.57,5.67,5.55,5.63,3278832,64721260.00
20131021,5.69,5.85,5.68,5.80,8905916,181028480.00
20131022,5.76,5.85,5.67,5.69,6875108,139416608.00
20131023,5.71,5.75,5.59,5.64,4054496,80595912.00
20131024,5.61,5.74,5.59,5.68,3842174,77004968.00
20131025,5.68,5.68,5.11,5.23,10065866,189600944.00
20131028,5.21,5.34,5.11,5.32,4558402,84392320.00
20131029,5.40,5.40,4.83,5.32,5540992,99544480.00
20131030,5.26,5.39,5.24,5.37,3179471,59734220.00
20131031,5.37,5.40,5.23,5.31,2566922,47744796.00
20131101,5.29,5.33,5.20,5.27,1609278,29782968.00
20131104,5.27,5.37,5.23,5.29,1991608,37151120.00
20131105,5.29,5.39,5.21,5.38,2732068,51069788.00
20131106,5.38,5.50,5.31,5.44,3855289,73347168.00
20131107,5.48,5.49,5.34,5.34,2657097,50418428.00
20131108,5.23,5.34,5.22,5.25,2479784,45877352.00
20131111,5.20,5.31,5.17,5.28,1386724,25626454.00
20131112,5.25,5.47,5.25,5.44,3500240,66427536.00
20131113,5.43,5.44,5.34,5.38,1916431,36364800.00
20131114,5.38,5.47,5.34,5.38,2068944,39338684.00
20131115,5.37,5.48,5.35,5.47,2862339,54681396.00
20131118,5.49,5.60,5.45,5.57,5339273,104143024.00
20131119,5.60,5.67,5.55,5.61,3981638,78633928.00
20131120,5.61,5.61,5.55,5.58,2296075,45025480.00
20131121,5.57,5.57,5.45,5.48,2448824,47308192.00
20131122,5.48,5.55,5.46,5.46,1672404,32277718.00
20131125,5.45,5.52,5.43,5.43,1619211,31120964.00
20131126,5.45,5.57,5.45,5.50,2755766,53647024.00
20131127,5.54,5.56,5.43,5.49,3414517,65832608.00
20131128,5.52,5.63,5.49,5.62,4357833,85493088.00
20131129,5.62,5.75,5.56,5.73,6231491,124392856.00
20131202,5.63,5.70,5.44,5.53,5256443,102748416.00
20131203,5.45,5.68,5.44,5.63,2934348,57544232.00
20131204,5.63,5.76,5.61,5.76,5875147,117778768.00
20131205,5.75,5.87,5.67,5.77,4642367,94099832.00
20131206,5.71,5.74,5.63,5.74,2556043,51116272.00
20131209,5.74,5.86,5.70,5.85,5140330,104898288.00
20131210,5.83,5.95,5.80,5.89,4089605,84823152.00
20131211,5.86,5.90,5.76,5.87,3410011,70058800.00
20131212,5.87,6.12,5.87,6.05,9555032,202729296.00
20131213,6.02,6.37,5.97,6.28,10444764,229390480.00
20131216,6.28,6.44,6.18,6.30,6757949,149859584.00
20131217,6.28,6.38,6.21,6.34,4574540,101424960.00
20131218,6.40,6.46,6.25,6.39,4931699,109888056.00
20131219,6.40,6.44,6.29,6.33,4262954,95097888.00
20131220,6.33,6.34,6.01,6.02,6660982,144737168.00
20131223,6.05,6.63,6.04,6.63,11901500,270746688.00
20131224,6.57,7.03,6.50,6.89,13556135,321808128.00
20131225,6.93,7.01,6.66,6.81,10556062,252637824.00
20131226,6.76,6.91,6.66,6.73,8803467,209308656.00
20131227,6.70,6.83,6.63,6.74,6576000,155945056.00
20131230,6.74,7.11,6.66,7.09,8706411,211868528.00
20131231,6.97,7.11,6.74,7.01,7421656,180244544.00
20140102,7.03,7.26,6.92,7.12,6084472,152407696.00
20140103,7.14,7.17,6.90,7.09,5287246,130487512.00
20140106,7.03,7.14,6.83,7.09,3291721,81038600.00
20140107,7.05,7.13,6.97,7.06,3797212,94075040.00
20140108,7.10,7.71,6.99,7.53,7871439,205278544.00
20140109,7.52,7.83,7.36,7.43,6035872,161265568.00
20140110,7.43,7.67,7.34,7.47,4586310,120950256.00
20140113,7.42,7.68,7.40,7.68,3760204,100075296.00
20140114,7.66,7.88,7.59,7.71,5548105,150539568.00
20140115,7.76,7.76,7.59,7.75,2481557,67033884.00
20140116,7.74,7.85,7.57,7.60,4053384,109650360.00
20140117,7.56,7.71,7.54,7.67,2807120,75261824.00
20140120,7.63,7.77,7.34,7.36,5820544,153735056.00
20140121,7.36,7.47,7.08,7.33,6818526,173787088.00
20140122,7.35,7.67,7.26,7.61,4509973,118120296.00
20140123,7.60,7.62,7.20,7.21,7149257,185518928.00
20140124,7.18,7.64,7.03,7.56,7874791,204807744.00
20140127,7.60,7.99,7.60,7.81,7176413,197248432.00
20140128,7.83,7.99,7.61,7.77,5964070,163151840.00
20140129,7.81,7.99,7.77,7.94,3870982,107452424.00
20140130,7.94,8.24,7.85,8.16,3438898,97680704.00
20140207,8.17,8.46,8.09,8.33,6272331,183886464.00
20140210,8.33,8.79,8.29,8.55,10421776,314101664.00
20140211,8.69,8.69,8.41,8.56,4618819,138375088.00
20140212,8.59,8.59,8.26,8.49,4666191,137937584.00
20140213,8.49,8.62,8.36,8.42,3358196,99812080.00
20140214,8.44,9.04,8.44,9.02,6226450,192812560.00
20140217,9.03,9.73,8.96,9.71,8429959,280544576.00
20140218,9.74,9.74,9.17,9.44,11072538,363503232.00
20140219,9.37,9.94,9.27,9.89,6964582,236152272.00
20140220,9.84,10.02,9.45,9.62,6141958,210420384.00
20140221,9.69,10.03,9.54,10.03,6528270,225327344.00
20140224,10.09,10.83,9.82,10.59,7036103,254680192.00
20140225,10.60,10.73,9.87,10.11,6959205,254672416.00
20140226,9.97,10.83,9.55,10.83,6515318,234842944.00
20140227,10.90,10.97,9.74,9.78,8762779,321907104.00
20140228,9.29,9.86,8.84,9.66,10297083,243152880.00
20140303,9.59,10.40,9.40,10.32,9758070,247568768.00
20140304,10.36,10.36,9.77,9.81,10073099,251117616.00
20140305,9.81,10.13,9.48,9.50,6478750,158673792.00
20140306,9.48,9.74,9.27,9.58,9000169,213132448.00
20140307,9.52,9.76,9.28,9.37,8059974,190689776.00
20140310,9.23,9.50,8.91,8.91,9486001,217471664.00
20140311,8.89,9.13,8.64,8.86,6443602,142822736.00
20140312,8.80,9.20,8.72,9.04,5175813,115570944.00
20140313,9.04,9.33,8.88,9.20,4604250,105167528.00
20140314,9.20,9.22,8.97,9.04,2789393,63233256.00
20140317,9.07,9.64,9.07,9.60,6386086,151024368.00
20140318,9.76,10.26,9.74,9.90,10216292,256218048.00
20140319,9.88,10.08,9.80,9.90,4703052,116771184.00
20140320,9.87,10.47,9.74,10.00,11006262,279764128.00
20140321,9.80,10.07,9.32,10.01,9396287,228333232.00
20140324,10.01,10.09,9.50,9.80,10381125,253642832.00
20140325,9.69,10.02,9.63,9.70,8567003,209959792.00
20140326,9.86,10.53,9.86,10.46,17290717,442540256.00
20140327,10.32,10.83,10.24,10.32,12141962,321602752.00
20140328,10.24,10.50,9.66,9.74,9016892,223827456.00
20140331,9.78,9.99,9.60,9.86,3737851,91915712.00
20140401,9.72,10.60,9.72,10.49,11138957,288446464.00
20140402,10.45,10.69,10.32,10.40,6839342,179330832.00
20140403,10.46,10.72,10.32,10.54,5531555,145771344.00
20140404,10.46,10.67,10.36,10.52,4803881,126407152.00
20140408,10.52,10.72,10.35,10.60,5993847,157411664.00
20140409,10.48,10.62,10.16,10.52,12629888,329484384.00
20140410,10.47,10.60,10.26,10.40,6952897,180830448.00
20140411,10.45,10.45,9.79,10.01,8124591,203786992.00
20140414,10.01,10.02,9.84,9.91,5000969,123765480.00
20140415,9.88,10.03,9.80,9.84,4808831,119180256.00
20140416,9.83,9.92,9.48,9.54,6330698,152196944.00
20140417,9.55,9.81,9.54,9.70,5493105,132587400.00
20140418,9.60,9.71,9.32,9.38,6689168,158222624.00
20140421,9.29,9.67,9.16,9.28,5135312,120737760.00
20140422,9.32,9.37,8.74,8.92,8537813,189879584.00
20140423,8.94,9.18,8.85,8.91,5261343,118368032.00
20140424,8.91,9.04,8.86,8.93,4086633,91284712.00
20140425,9.02,9.09,8.80,8.80,3985280,89249424.00
20140428,8.80,8.80,8.04,8.08,7158785,147016416.00
20140429,8.12,8.34,8.08,8.28,3290881,67606672.00
20140430,8.28,8.36,8.08,8.14,3787549,77850728.00
20140505,8.10,8.22,7.89,8.14,4676163,94114448.00
20140506,8.20,8.34,8.12,8.28,4716756,97015144.00
20140507,8.28,8.28,7.52,7.58,10558676,207127904.00
20140508,7.58,7.65,7.27,7.36,11951552,222168096.00
20140509,7.42,7.51,7.27,7.42,6338927,116990976.00
20140512,7.67,7.67,7.48,7.57,7777725,146916832.00
20140513,7.58,7.74,7.52,7.58,8746829,167220704.00
20140514,7.59,7.66,7.50,7.64,5586137,106162568.00
20140515,7.64,7.64,6.98,7.02,12386078,224783984.00
20140516,7.02,7.10,6.76,6.90,11095909,190689936.00
20140519,6.88,7.03,6.88,7.00,6113439,106195632.00
20140520,7.04,7.67,7.04,7.48,12616238,234432112.00
20140521,7.48,7.48,7.28,7.42,5379418,99233656.00
20140522,7.47,7.79,7.44,7.67,10895055,209317872.00
20140523,7.68,7.79,7.54,7.72,6237444,119428760.00
20140526,7.76,7.95,7.70,7.72,7566414,148021872.00
20140527,7.72,7.80,7.44,7.67,6020749,114773192.00
20140528,7.67,7.67,7.50,7.63,10715820,203176416.00
20140529,7.64,8.38,7.64,8.37,25285895,513235296.00
20140530,8.52,8.59,8.25,8.41,15515287,327173024.00
20140603,8.47,8.67,8.32,8.53,11082640,236064416.00
20140604,8.50,8.53,8.12,8.24,9200065,189448000.00
20140605,8.18,8.27,8.05,8.25,7300608,148732368.00
20140606,8.25,8.33,8.13,8.26,5883522,121144512.00
20140609,8.24,8.24,7.87,7.91,8793296,176219680.00
20140610,7.88,8.19,7.82,8.08,6963183,139115456.00
20140611,8.08,8.24,8.00,8.14,5896057,119364296.00
20140612,8.08,8.22,8.00,8.02,4715682,95460488.00
20140613,7.96,8.45,7.94,8.41,10575128,219161344.00
20140616,8.42,8.43,8.30,8.40,5035292,105275848.00
20140617,8.42,8.46,8.14,8.19,5354402,110270032.00
20140618,8.17,8.35,8.00,8.00,5143958,104935224.00
20140619,7.97,8.44,7.93,8.03,10157689,207402144.00
20140620,7.98,8.30,7.96,8.17,4827220,98631776.00
20140623,8.26,8.57,8.19,8.51,9764541,205655888.00
20140624,8.54,8.90,8.52,8.74,13122035,288096544.00
20140625,8.71,8.87,8.62,8.78,6254149,136875296.00
20140626,8.78,8.83,8.71,8.79,5463120,119678664.00
20140627,8.92,9.04,8.73,8.74,8060444,179433440.00
20140630,8.72,8.87,8.65,8.79,4445065,97134232.00
20140701,8.88,8.94,8.72,8.80,5437532,119716024.00
20140702,8.80,8.80,8.62,8.79,5478064,119324064.00
20140821,9.24,9.59,9.00,9.29,33561090,778558848.00
20140822,9.32,9.36,9.03,9.32,16078144,369441408.00
20140825,9.22,9.76,9.22,9.46,17930529,426997824.00
20140826,9.46,9.51,9.14,9.20,10874428,252018880.00
20140827,9.20,9.30,9.08,9.10,5444664,124704344.00
20140828,9.18,9.18,8.81,8.90,6250769,139651936.00
20140829,8.90,9.10,8.74,9.05,5427482,120494712.00
20140901,9.00,9.06,8.90,9.01,5952683,133659288.00
20140902,9.02,9.32,9.02,9.15,9660146,222233792.00
20140903,9.20,9.25,9.10,9.21,7814286,179436864.00
20140904,9.23,9.31,9.12,9.16,7066391,162286288.00
20140905,9.21,9.21,9.08,9.18,6310517,144443264.00
20140909,9.17,9.17,8.82,8.90,16723710,374119264.00
20140910,8.91,9.03,8.79,8.98,12032333,267592080.00
20140911,8.92,9.06,8.88,8.91,12033168,269567776.00
20140912,8.92,8.95,8.83,8.92,8732482,194115808.00
20140915,8.92,9.44,8.91,9.38,17786658,410156992.00
20140916,9.34,9.49,9.19,9.20,13278803,310560992.00
20140917,9.19,9.28,9.00,9.21,6973955,159463696.00
20140918,9.21,9.29,9.15,9.28,7042992,162498416.00
20140919,9.30,9.52,9.28,9.48,11628483,274895712.00
20140922,9.48,9.58,9.40,9.43,7641974,180915376.00
20140923,9.43,9.64,9.42,9.44,6656167,158065120.00
20140924,9.40,9.44,9.28,9.34,8079140,188950240.00
20140925,9.40,9.42,9.15,9.17,9923903,229123616.00
20140926,9.19,9.28,9.08,9.21,5255015,120717376.00
20140929,9.22,9.35,9.16,9.19,6780967,156503888.00
20140930,9.18,9.40,9.17,9.37,8409494,195171264.00
20141008,9.39,9.64,9.25,9.58,11633760,275646016.00
20141009,9.59,9.94,9.56,9.72,13125495,320165280.00
20141010,9.72,10.00,9.72,9.80,11313787,279851584.00
20141013,9.80,9.97,9.68,9.86,6384502,156777920.00
20141014,9.76,9.92,9.56,9.70,7836688,190125632.00
20141015,9.68,9.84,9.54,9.78,6105749,148176688.00
20141016,9.75,9.93,9.63,9.69,6548538,160722912.00
20141017,9.71,9.85,9.50,9.57,5506009,132258672.00
20141020,9.57,9.75,9.53,9.63,5859921,140842432.00
20141021,9.63,9.66,9.35,9.38,6174532,146125136.00
20141022,9.28,9.44,8.44,9.12,6201379,143399136.00
20141023,9.07,9.24,8.60,8.80,6088842,135372368.00
20141024,8.92,8.98,8.63,8.80,4312794,95076144.00
20141027,8.80,8.92,8.66,8.88,3265157,72081952.00
20141028,8.89,9.06,8.89,9.06,4141386,93162048.00
20141029,9.10,9.44,9.10,9.43,6626569,154004848.00
20141030,9.40,9.46,9.26,9.28,6588657,154119184.00
20141031,9.41,9.41,9.10,9.16,4830020,110886776.00
20141103,9.03,9.28,9.03,9.12,4818204,110270800.00
20141104,9.12,9.20,8.79,8.88,7257695,161749456.00
20141105,8.84,8.84,8.47,8.49,11711839,252115168.00
20141106,8.49,8.59,8.34,8.59,8005538,169622640.00
20141107,8.59,8.75,8.52,8.58,5549348,119747984.00
20141110,8.58,8.67,8.56,8.64,4117575,88668856.00
20141111,8.63,8.67,8.35,8.41,5040334,106312448.00
20141112,8.42,8.46,8.35,8.43,3562500,74830928.00
20141113,8.48,8.48,7.96,8.00,6857370,139344688.00
20141114,8.00,8.14,7.96,8.00,4841033,97208536.00
20141117,8.01,8.19,8.01,8.16,3595744,72985368.00
20141118,8.16,8.30,8.16,8.26,2722052,56089876.00
20141119,8.28,8.30,8.13,8.18,3105383,63516052.00
20141120,8.18,8.30,8.14,8.24,3011448,62077828.00
20141121,8.28,8.29,8.18,8.24,3307380,68103280.00
20141124,8.35,8.38,8.08,8.18,6258171,127989424.00
20141125,8.18,8.31,8.12,8.31,5929255,121490296.00
20141126,8.34,8.68,8.34,8.64,10082403,216381600.00
20141127,8.68,8.98,8.68,8.80,10987181,243344176.00
20141128,8.80,8.92,8.68,8.85,8619798,189649984.00
20141201,8.76,8.84,8.60,8.68,6613595,143913520.00
20141202,8.68,8.90,8.63,8.81,6701014,148077616.00
20141203,8.86,8.86,8.64,8.70,11206062,244007808.00
20141204,8.74,8.86,8.67,8.78,8136332,178453344.00
20141205,8.85,9.45,8.85,9.20,20987472,481535872.00
20141208,9.19,9.19,8.87,9.06,15971481,358347648.00
20141209,9.06,9.06,8.57,8.61,12717130,280343072.00
20141210,8.56,8.82,8.52,8.79,7524007,164006688.00
20141211,8.68,8.84,8.60,8.69,8985494,195116816.00
20141212,8.66,8.83,8.66,8.79,5759704,126131216.00
20141215,8.80,8.98,8.72,8.95,9879025,219301776.00
20141216,9.01,9.01,8.82,8.90,5889417,130900328.00
20141217,8.79,8.90,8.68,8.76,6814554,149730080.00
20141218,8.64,8.73,8.58,8.60,5215874,112538472.00
20141219,8.60,8.71,8.20,8.31,7656147,160667872.00
20141222,8.31,8.32,7.96,8.11,6917062,139827120.00
20141223,8.11,8.21,7.30,7.30,16376469,311245344.00
20141224,7.36,7.64,7.30,7.54,15748204,295387776.00
20141225,7.54,7.68,7.42,7.53,10258897,193247520.00
20141226,7.52,7.66,7.40,7.65,6716240,127592464.00
20141229,7.66,7.92,7.57,7.86,6529910,126140944.00
20141230,7.86,7.91,7.64,7.67,5210575,100308552.00
20141231,7.60,7.68,7.40,7.62,5239529,99087584.00
20150105,7.60,7.72,7.50,7.69,5130228,97934928.00
20150106,7.66,8.03,7.58,8.01,7047326,139564704.00
20150107,8.02,8.31,8.02,8.18,6629254,135603120.00
20150108,8.06,8.18,8.06,8.09,3750392,75953056.00
20150109,8.09,8.26,8.04,8.06,3995915,81398304.00
20150112,8.08,8.19,7.80,8.04,4844648,96675272.00
20150113,8.00,8.20,7.94,8.15,4180002,84683392.00
20150114,8.16,8.22,8.07,8.14,2811408,57240828.00
20150115,8.21,8.24,8.01,8.08,3131755,63486544.00
20150116,8.08,8.18,8.05,8.18,3050946,61938020.00
20150119,8.04,8.33,7.86,8.04,5500834,111651008.00
20150120,7.93,8.40,7.93,8.35,9590433,197798816.00
20150121,8.36,8.67,8.27,8.54,8824579,188400288.00
20150122,8.52,8.67,8.52,8.59,6951103,149335920.00
20150123,8.58,8.66,8.52,8.64,8601347,184422048.00
20150126,8.64,8.88,8.64,8.84,7402012,162948704.00
20150127,8.94,8.99,8.80,8.90,8181079,181592240.00
20150128,8.98,9.03,8.84,8.92,7446903,166578880.00
20150129,8.92,8.92,8.80,8.83,4495230,99398824.00
20150130,8.84,9.03,8.68,8.75,5335767,118296272.00
20150202,8.75,8.75,8.62,8.71,4338380,94042992.00
20150203,8.67,8.78,8.67,8.74,3697140,80628968.00
20150204,8.64,8.76,8.54,8.56,4523168,97634832.00
20150205,8.62,8.82,8.52,8.80,8080093,176407536.00
20150206,8.77,8.96,8.74,8.79,7649622,169505584.00
20150209,8.88,9.06,8.88,8.97,6073272,136255984.00
20150210,8.92,9.12,8.92,9.08,7102000,160690288.00
20150211,9.08,9.23,9.01,9.14,5539300,126044640.00
20150212,9.15,9.19,9.01,9.11,4434006,100612472.00
20150213,9.09,10.02,9.09,10.02,27491940,669259904.00
20150216,10.24,10.87,10.00,10.87,27368886,711774848.00
20150217,10.88,10.88,10.57,10.87,14837502,397762080.00
20150225,10.75,10.80,10.52,10.62,6434383,171569840.00
20150226,10.63,10.71,10.34,10.46,7840074,205759296.00
20150227,10.51,11.47,10.45,11.10,11409423,310078496.00
20150302,11.14,11.56,10.88,11.28,11287399,317680512.00
20150303,11.20,11.40,10.96,11.04,9303436,259193600.00
20150304,11.01,11.20,10.93,11.10,5485280,152217344.00
20150305,11.10,11.19,10.99,11.04,6088440,168666128.00
20150306,11.08,11.13,10.66,10.66,7090070,191739632.00
20150309,10.69,10.88,10.52,10.74,5244233,140505120.00
20150310,10.79,11.33,10.67,11.22,8243975,228212304.00
20150311,11.20,11.61,10.98,11.40,7901081,224101376.00
20150312,11.40,11.64,11.08,11.21,7291979,206158960.00
20150313,11.20,11.64,11.20,11.31,8349859,238893248.00
20150316,11.45,11.80,11.28,11.65,10033700,291872512.00
20150317,11.68,11.74,11.44,11.45,9912185,287523552.00
20150318,11.49,11.71,11.30,11.57,10370493,297636960.00
20150319,11.56,11.97,11.40,11.93,11155254,325797504.00
20150320,12.00,12.90,12.00,12.73,17135995,535861760.00
20150323,12.80,13.05,12.60,12.76,11541786,369344832.00
20150324,12.72,12.87,12.33,12.62,15190371,477673952.00
20150325,12.62,12.98,12.40,12.88,11821131,376414560.00
20150326,12.89,12.95,12.00,12.12,15965337,491750784.00
20150327,12.08,12.26,11.80,12.12,9735763,291852416.00
20150330,12.10,12.32,11.94,12.07,7222598,217846400.00
20150331,12.16,12.66,12.05,12.52,14112393,439595200.00
20150401,12.64,13.55,12.64,13.25,19322790,638464384.00
20150402,13.41,13.83,13.12,13.65,17373541,587661824.00
20150403,13.60,15.01,13.44,14.80,28025202,995572736.00
20150407,14.84,14.84,14.40,14.71,13038947,475564288.00
20150408,14.62,14.70,14.20,14.63,15213269,552096512.00
20150409,14.63,14.88,13.80,14.54,12986061,466257600.00
20150410,14.54,15.68,14.44,15.52,13748218,523879104.00
20150413,15.67,15.88,15.20,15.71,12739066,496684928.00
20150414,15.71,16.00,15.20,15.52,9054834,352101344.00
20150415,15.32,15.49,14.44,14.45,9413958,348733728.00
20150416,14.40,15.35,13.84,14.64,7501721,275409824.00
20150417,14.72,14.95,14.32,14.48,8281078,301426240.00
20150420,14.42,14.42,13.90,13.99,10326222,365562304.00
20150421,13.92,15.19,13.84,15.10,9960083,362536672.00
20150422,15.12,15.60,14.92,15.12,9191571,349588896.00
20150423,15.20,15.44,14.92,15.44,11927862,451895776.00
20150424,15.24,15.84,14.80,15.42,10445163,403163168.00
20150427,15.41,15.87,15.36,15.61,11122873,434772352.00
20150428,15.62,15.88,14.52,14.64,11317743,427432608.00
20150429,14.38,14.92,14.00,14.44,13088820,475431520.00
20150430,14.68,15.24,14.40,14.92,13039170,479726080.00
20150504,14.88,15.44,14.56,15.32,9976042,377528128.00
20150505,15.27,15.72,14.85,15.00,9652740,367959808.00
20150506,15.08,15.24,14.40,14.59,7742326,286934208.00
20150507,14.59,14.79,14.16,14.32,5457649,197434528.00
20150508,14.53,14.75,14.31,14.70,7504890,271919296.00
20150511,14.80,15.30,14.60,15.24,14012625,524500576.00
20150512,15.30,15.59,15.20,15.49,12766709,491167872.00
20150513,15.49,17.01,15.24,16.64,18387623,741105920.00
20150514,16.56,17.19,16.25,16.85,12946667,541666880.00
20150515,16.76,16.76,16.15,16.48,9037858,369628544.00
20150518,16.49,17.84,16.49,17.38,14693846,635441152.00
20150519,17.38,17.71,17.00,17.62,9011102,391292256.00
20150520,17.72,17.92,17.40,17.54,10724491,472982080.00
20150521,17.40,17.62,17.15,17.48,10765712,467958208.00
20150522,17.56,17.64,16.84,17.08,10053383,431307936.00
20150527,16.72,17.55,16.32,17.52,19516807,818064448.00
20150528,17.45,18.60,16.00,16.48,15835328,690879360.00
20150529,16.49,16.99,15.68,16.40,10109449,411569088.00
20150601,17.15,17.15,16.49,16.78,12209502,509646784.00
20150602,16.88,17.84,16.58,17.78,14639487,635794240.00
20150603,17.80,17.97,16.67,16.88,11077032,480508736.00
20150604,16.92,17.40,15.80,16.98,11097871,462619808.00
20150605,17.61,17.78,16.80,17.12,12352565,533024288.00
20150608,17.12,17.12,16.36,16.80,8813926,368241568.00
20150609,16.72,17.52,16.72,17.25,10821650,465896448.00
20150610,17.24,17.92,17.00,17.71,12457962,549589568.00
20150611,17.72,18.25,17.22,18.07,11567590,511737952.00
20150612,18.09,18.30,17.80,17.83,9576538,430600608.00
20150615,17.83,18.04,17.21,17.55,7877604,344777600.00
20150616,17.67,17.74,16.67,16.87,6078564,261540720.00
20150617,17.09,17.16,15.82,16.84,9337863,383288128.00
20150618,16.85,17.04,16.04,16.20,6541821,273146752.00
20150619,15.94,16.56,15.44,16.16,8875620,354619136.00
20150623,16.16,16.64,15.12,16.62,8474165,343692544.00
20150624,16.56,18.25,16.40,17.96,10849432,463149760.00
20150625,18.03,18.04,17.08,17.80,9508199,421300064.00
20150626,17.20,17.50,16.02,16.02,8838358,364956640.00
20150629,17.62,17.62,14.44,17.02,26951792,1127338880.00
20150630,16.22,18.08,15.32,17.78,19556734,803930304.00
20150701,17.74,19.01,17.21,18.31,27349000,1241710720.00
20150702,18.00,18.33,16.48,16.72,19460000,838038720.00
20150703,16.14,16.40,15.05,15.05,13412875,514719392.00
20150706,16.38,16.55,13.54,16.55,33636678,1269825408.00
20150707,15.80,16.12,14.90,14.90,10149400,388051776.00
20160622,13.41,13.41,13.41,13.41,1087500,14583375.00
20160623,12.07,12.07,12.07,12.07,2603700,31426660.00
20160624,10.86,11.50,10.86,10.99,156444565,1717728128.00
20160627,10.70,10.95,10.60,10.84,62200914,672199040.00
20160628,10.72,11.20,10.68,11.04,46623952,512967712.00
20160629,11.01,11.11,10.94,11.06,35713624,393713728.00
20160630,11.10,11.17,10.96,11.05,21224340,234165120.00
20160701,10.94,11.00,10.81,10.85,27256633,296295968.00
20160704,10.84,10.95,10.73,10.89,25863958,280308096.00
20160705,10.80,11.04,10.78,10.86,28104319,306383584.00
20160706,10.88,10.94,10.78,10.89,21400204,232298192.00
20160707,10.91,11.02,10.82,10.92,23992044,261849376.00
20160708,10.88,10.91,10.80,10.83,16269761,176418400.00
20160711,10.85,10.91,10.82,10.85,19268838,209391664.00
20160712,10.89,10.90,10.78,10.85,21059609,227935616.00
20160713,10.88,10.89,10.82,10.88,17840259,193596192.00
20160714,10.87,10.88,10.78,10.85,16895092,182812528.00
20160715,10.87,10.87,10.79,10.82,9838864,106376208.00
20160718,10.85,10.86,10.80,10.82,12184391,131956144.00
20160719,10.84,10.87,10.78,10.87,12707438,137379360.00
20160720,10.90,11.96,10.86,11.96,44787966,526732832.00
20160721,12.03,13.00,11.96,12.96,92830013,1162753024.00
20160722,12.80,13.35,12.49,12.99,61068403,786171136.00
20160725,12.95,12.97,12.59,12.85,27810776,354894112.00
20160726,12.88,13.08,12.73,12.93,23626493,305548224.00
20160727,12.93,13.00,12.25,12.49,34154383,431291008.00
20160728,12.48,12.65,12.00,12.27,21800709,268497536.00
20160729,12.30,12.78,12.20,12.55,22021163,275275904.00
20160801,12.13,12.13,11.61,11.80,23133196,273619776.00
20160802,11.62,12.14,11.62,11.90,11229334,133487360.00
20160803,11.97,12.10,11.75,11.80,10220283,121599880.00
20160804,11.89,11.96,11.68,11.78,11233205,132564496.00
20160805,11.74,11.92,11.61,11.90,13552780,159794048.00
20160808,11.82,12.06,11.70,12.06,11781999,140047328.00
20160809,12.05,12.50,12.03,12.33,22225227,273719680.00
20160810,12.42,13.56,12.15,13.56,28424042,371621888.00
20160811,13.82,14.10,13.29,13.57,50705681,696426560.00
20160812,13.36,13.74,13.25,13.49,24384244,328456128.00
20160815,13.48,13.88,13.39,13.66,25057760,341892032.00
20160816,13.58,14.70,13.36,14.23,38890624,543804032.00
20160817,14.10,14.45,13.86,14.11,24833995,351556064.00
20160818,13.95,14.37,13.90,14.14,18606003,264459360.00
20160819,14.08,14.21,13.90,14.05,13391163,188127808.00
20160822,14.28,14.70,14.08,14.16,19483028,279294272.00
20160823,14.18,14.31,14.02,14.11,11227072,158713536.00
20160824,14.03,14.20,14.00,14.07,10102672,142187536.00
20160825,14.01,14.01,13.50,13.60,13464932,183585264.00
20160826,13.72,13.94,13.60,13.75,10915299,150169216.00
20160829,13.90,14.00,13.68,13.68,10698515,147790064.00
20160830,13.60,13.89,13.56,13.66,8350959,114072800.00
20160831,13.60,13.78,13.57,13.59,7020225,95822648.00
20160901,13.56,13.75,13.40,13.50,8693058,117783184.00
20160902,13.50,13.70,13.38,13.52,10815522,146225392.00
20160905,13.66,13.70,13.42,13.44,6393782,86558264.00
20160906,13.41,13.52,13.23,13.44,8681455,116098168.00
20160907,13.51,13.95,13.42,13.90,16235548,222423024.00
20160908,13.93,13.98,13.68,13.71,9326922,128672408.00
20160909,13.71,13.83,13.40,13.41,9158099,124429640.00
20160912,13.23,13.23,12.50,12.50,15581208,199774688.00
20160913,12.70,13.13,12.61,12.98,13438623,172791184.00
20160914,12.80,12.98,12.70,12.78,6546023,83838424.00
20160919,12.79,13.08,12.79,12.92,5187285,67162312.00
20160920,12.92,13.07,12.86,12.92,4241828,54850200.00
20160921,12.92,13.03,12.84,12.84,3903529,50268696.00
20160922,12.91,12.98,12.76,12.89,4260296,54798200.00
20160923,12.91,12.91,12.79,12.79,3881241,49783648.00
20160926,12.78,12.88,12.60,12.60,5222258,66510356.00
20160927,12.55,12.73,12.42,12.53,4503415,56563944.00
20160928,12.65,12.65,12.18,12.30,5635595,69871272.00
20160929,12.26,12.46,12.22,12.25,4094672,50441896.00
20160930,12.29,12.70,12.21,12.65,7525323,93674040.00
20161010,12.70,12.94,12.70,12.80,7308501,93470568.00
20161011,12.77,12.98,12.70,12.88,7551601,96794696.00
20161012,12.89,12.89,12.72,12.72,5161370,65960088.00
20161013,12.82,12.84,12.73,12.76,4846534,61949792.00
20161014,12.69,13.88,12.68,13.35,19634713,262610160.00
20161027,13.70,14.50,13.41,13.48,20796586,286298112.00
20161028,13.50,13.57,13.03,13.12,9596892,127138400.00
20161031,13.00,13.39,12.92,13.16,7246307,95720624.00
20161101,13.16,13.29,12.91,13.14,8090051,105955096.00
20161102,13.04,13.26,12.81,12.94,9805511,127926680.00
20161103,12.95,12.99,12.80,12.88,6823296,87939576.00
20161104,12.88,13.04,12.80,12.89,5444389,69990840.00
20161107,12.89,13.26,12.82,13.11,7344887,96047480.00
20161108,13.12,13.30,13.12,13.16,6179467,81634664.00
20161109,13.16,13.27,12.78,13.03,9328040,121532488.00
20161110,13.04,13.20,12.92,13.00,9174935,119520456.00
20161111,13.00,13.22,12.53,13.20,13178021,170511552.00
20161114,13.16,13.16,12.92,13.02,9436091,123131488.00
20161115,13.03,13.14,12.88,12.99,6563258,85224936.00
20161116,12.99,13.00,12.85,12.89,6070079,78409568.00
20161117,12.88,13.11,12.81,12.91,6572888,85296864.00
20161118,12.92,12.97,12.86,12.89,3944030,50952488.00
20161121,12.90,13.01,12.69,12.75,5904923,75832552.00
20161122,12.78,13.01,12.73,12.90,6281471,80929912.00
20161123,12.91,12.97,12.77,12.80,4545096,58338468.00
20161124,12.79,12.87,12.45,12.60,6804854,86132768.00
20161125,12.60,12.89,12.46,12.85,7578664,96234272.00
20161128,12.86,13.30,12.81,13.14,12702183,166700160.00
20161129,13.15,13.25,13.03,13.03,7374616,96753560.00
20161130,12.99,13.15,12.89,12.97,4922588,64014144.00
20161201,12.91,13.08,12.90,12.99,6275962,81519304.00
20161202,13.00,13.03,12.71,12.72,5668020,72741456.00
20161205,12.65,12.79,12.46,12.56,3699932,46591112.00
20161206,12.56,13.28,12.56,13.01,12887588,167494880.00
20161207,12.96,13.25,12.96,13.16,8632683,113158560.00
20161208,13.25,13.26,13.00,13.01,6483667,85178784.00
20161209,13.02,13.21,13.00,13.02,6866625,89936176.00
20161212,13.09,13.15,12.63,12.69,7743027,99211808.00
20161213,12.69,12.76,12.50,12.73,4064106,51374820.00
20161214,12.66,12.82,12.50,12.58,6561677,82542784.00
20161215,12.55,12.80,12.46,12.51,3217168,40488780.00
20161216,12.63,12.64,12.40,12.52,4668514,58510960.00
20161219,12.53,12.59,12.19,12.27,5723070,70663528.00
20161220,12.35,12.35,12.08,12.26,3938787,48027936.00
20161221,12.27,12.64,12.27,12.51,6023884,75239672.00
20161222,12.55,12.56,12.24,12.24,4279848,52890484.00
20161223,12.28,12.30,12.10,12.13,3447965,41978112.00
20161226,12.13,12.35,11.87,12.10,6486877,78256840.00
20161227,12.13,12.24,12.01,12.07,3463778,41906248.00
20161228,12.17,12.20,11.96,12.08,3442277,41570332.00
20161229,12.06,12.10,11.93,11.96,3305646,39735712.00
20161230,11.95,12.04,11.88,11.98,4400923,52634268.00
20170103,12.01,12.36,12.01,12.27,7879166,96386864.00
20170104,12.19,12.22,12.06,12.17,5278724,64147596.00
20170105,12.15,12.37,12.15,12.29,5492182,67408392.00
20170106,12.37,12.37,12.23,12.26,5489059,67445752.00
20170109,12.21,12.31,12.10,12.13,5726133,69715960.00
20170110,12.12,12.30,11.96,12.08,4779440,57841544.00
20170111,12.07,12.25,12.07,12.13,3458416,42122912.00
20170112,12.18,12.31,12.10,12.15,3458767,42210912.00
20170113,12.16,12.19,11.99,11.99,2349625,28311332.00
20170116,12.00,12.29,11.11,12.01,6950742,83119504.00
20170117,11.87,12.10,11.84,11.93,3329453,39762216.00
20170118,11.90,12.13,11.90,12.10,3809734,45722516.00
20170119,12.03,12.18,12.00,12.18,3014111,36424584.00
20170120,12.15,12.30,12.12,12.29,5306857,64943400.00
20170123,12.28,12.32,12.10,12.30,3833539,46956472.00
20170124,12.30,12.30,12.15,12.22,2607686,31845004.00
20170125,12.19,12.33,12.13,12.24,2107184,25809756.00
20170126,12.29,12.32,12.24,12.29,1765960,21711004.00
20170203,12.31,12.49,12.24,12.41,2656521,32922622.00
20170206,12.42,12.68,12.42,12.50,3790956,47585380.00
20170207,12.55,12.65,12.41,12.56,2962381,37235856.00
20170208,12.52,12.60,12.49,12.56,1965609,24663610.00
20170209,12.53,12.60,12.49,12.56,2595920,32556468.00
20170210,12.55,12.65,12.46,12.62,3004424,37778696.00
20170213,12.64,13.80,12.64,13.23,11667654,154879904.00
20170214,13.23,13.36,13.07,13.18,5490340,72412688.00
20170215,13.30,13.30,12.95,13.11,6188857,81265672.00
20170216,13.11,13.15,12.88,13.02,5284559,68452992.00
20170217,12.99,13.23,12.85,12.90,8676623,113047248.00
20170220,12.73,13.14,12.73,13.12,5570913,72581632.00
20170221,13.07,13.25,13.06,13.13,12079794,158862800.00
20170222,13.11,13.27,12.96,13.15,12700010,166502240.00
20170223,13.13,13.23,13.05,13.20,4858129,63868820.00
20170224,13.18,13.46,13.18,13.30,7751866,103441944.00
20170227,13.26,13.45,13.04,13.12,6072662,80246176.00
20170228,13.18,13.39,13.14,13.27,6682180,88867808.00
20170301,13.23,13.34,13.03,13.08,7217688,94831488.00
20170302,13.10,13.14,12.93,13.01,4627348,60198476.00
20170303,13.03,13.08,12.91,13.02,2602242,33796584.00
20170306,13.08,13.09,12.87,12.97,4755311,61505776.00
20170307,12.98,13.00,12.81,12.86,3166757,40789876.00
20170308,12.85,13.05,12.77,12.87,3857460,49807916.00
20170309,12.81,12.95,12.81,12.88,2044981,26333826.00
20170310,12.89,12.95,12.69,12.79,4132039,52720880.00
20170313,12.78,12.80,12.65,12.70,3340415,42396236.00
20170314,12.70,12.80,12.67,12.75,2877505,36628636.00
20170315,12.75,12.95,12.67,12.88,4032733,51825084.00
20170316,12.87,12.95,12.86,12.90,3761680,48489600.00
20170317,12.90,12.96,12.69,12.74,3217200,41306136.00
20170320,12.69,12.69,12.48,12.59,6591028,82645112.00
20170321,12.58,13.10,12.53,12.83,8470591,108451952.00
20170322,12.66,12.85,12.66,12.70,3334535,42448552.00
20170323,12.76,12.93,12.65,12.71,3124353,39946208.00
20170324,12.74,12.83,12.65,12.73,3763088,47952552.00
20170327,12.83,12.90,12.73,12.82,4237452,54354264.00
20170328,12.80,12.84,12.60,12.77,3395009,43245824.00
20170329,12.78,12.84,12.50,12.62,4813180,60781924.00
20170330,12.60,12.72,12.20,12.68,6115349,76179080.00
20170331,12.63,12.79,12.55,12.69,2653159,33636444.00
20170405,12.69,12.96,12.55,12.77,5799722,73653480.00
20170406,12.76,12.85,12.73,12.77,3609051,46097716.00
20170407,12.73,12.94,12.71,12.83,6089830,78395824.00
20170410,12.82,12.94,12.66,12.81,5256609,67319208.00
20170411,12.80,12.80,12.60,12.70,4305652,54628388.00
20170412,12.63,12.85,12.43,12.46,5083294,64029400.00
20170413,12.43,12.65,12.43,12.54,2919525,36668620.00
20170414,12.55,12.61,12.33,12.38,4143650,51497160.00
20170417,12.38,12.38,12.09,12.35,5294922,64827576.00
20170418,12.34,12.34,12.06,12.08,3051206,37007512.00
20170419,12.06,12.10,11.90,11.97,2250241,26913304.00
20170420,11.77,12.06,11.62,11.62,3055350,36114024.00
20170519,12.78,12.78,12.78,12.78,1253700,16022286.00
20170522,14.06,14.06,12.80,12.86,47731295,641064640.00
20170523,12.58,13.15,11.57,13.03,24366520,303014976.00
20170524,12.88,13.00,12.45,12.47,7702177,97876760.00
20170525,12.44,12.69,11.93,12.04,8494667,103685104.00
20170526,12.08,12.14,11.69,12.13,16807341,201559504.00
20170531,12.05,12.19,11.93,11.97,5125770,61731492.00
20170601,11.97,12.03,11.65,11.78,5585795,65845448.00
20170602,11.74,12.05,11.62,11.98,5485645,65078436.00
20170605,11.97,12.08,11.90,11.91,2237054,26746466.00
20170606,11.89,12.10,11.87,12.10,6019731,72034696.00
20170607,12.06,12.22,12.01,12.13,3671515,44595596.00
20170608,12.13,12.15,12.03,12.07,2476068,29970076.00
20170609,12.04,12.11,11.95,11.97,2072727,24876170.00
20170612,11.95,11.95,11.71,11.74,2735040,32225852.00
20170613,11.72,11.92,11.72,11.84,3034850,36019744.00
20170614,11.85,11.88,11.77,11.85,1684000,19909738.00
20170615,11.88,12.05,11.82,11.94,2376957,28388280.00
20170616,11.93,12.07,11.88,12.05,1903726,22835440.00
20170619,12.05,12.12,11.88,11.99,2652729,31717712.00
20170620,12.01,12.02,11.88,11.89,1797532,21443428.00
20170621,11.95,12.00,11.84,11.96,1309423,15593237.00
20170622,11.96,11.98,11.85,11.87,3454005,41042708.00
20170623,11.78,11.89,11.77,11.83,1728666,20428030.00
20170626,11.85,12.05,11.85,11.95,2912855,34848744.00
20170627,11.95,12.04,11.88,12.02,2674761,31934998.00
20170628,11.99,12.02,11.92,11.99,1805590,21612906.00
20170629,11.94,12.02,11.90,11.97,3076902,36756860.00
20170630,11.91,12.05,11.91,12.04,5063128,60654072.00
20170703,12.05,12.08,12.00,12.05,1960130,23601162.00
20170704,12.08,12.10,11.89,11.95,2710582,32406372.00
20170705,11.95,12.05,11.95,12.03,2074132,24920154.00
20170706,12.05,12.06,11.98,12.02,2086415,25079512.00
20170707,12.02,12.05,11.96,11.99,2098546,25171490.00
20170710,11.98,12.03,11.93,11.98,1631311,19550578.00
20170711,11.95,12.00,11.91,11.91,1581250,18884608.00
20170712,11.92,11.96,11.81,11.90,2072971,24605642.00
20170713,11.90,11.91,11.80,11.86,1881050,22290132.00
20170714,11.85,11.90,11.73,11.87,1358926,16109414.00
20170717,11.87,11.95,10.68,11.80,5513350,64635784.00
20170718,11.71,11.88,11.45,11.84,3468435,40499672.00
20170719,11.75,11.86,11.64,11.80,2312546,27125064.00
数据来源:通达信
