002289 宇顺电子 日线 前复权
      日期	    开盘	    最高	    最低	    收盘	    成交量	    成交额
20090903,13.70,15.70,13.27,14.51,11663667,251952080.00
20090904,14.03,14.53,13.71,14.15,6208696,133798040.00
20090907,14.10,14.98,13.95,14.44,5524087,122866752.00
20090908,14.23,14.69,14.11,14.59,3141674,69663688.00
20090909,14.59,16.07,14.24,16.07,5768183,133885960.00
20090910,15.70,17.35,15.57,16.08,6986044,174845984.00
20090911,15.82,16.80,15.72,16.23,3755337,93373480.00
20090914,16.41,16.70,16.10,16.40,3026962,75955824.00
20090915,16.35,16.40,15.73,15.80,3346332,82245080.00
20090916,15.58,16.97,15.53,16.75,4005682,100481608.00
20090917,16.57,18.46,16.43,18.46,6616982,179735840.00
20090918,18.81,20.33,18.37,19.34,8157791,236759728.00
20090921,18.37,18.93,17.42,18.14,3692598,103196048.00
20090922,17.97,19.14,17.49,18.43,3757525,105804016.00
20090923,18.17,20.23,18.17,19.83,5413649,158737296.00
20090924,19.37,19.90,18.17,18.32,3608780,104261680.00
20090925,18.19,19.09,17.81,17.91,2762490,77868960.00
20090928,18.03,18.30,16.29,16.62,2937703,77489200.00
20090929,16.47,16.85,15.25,15.70,2121682,51275052.00
20090930,15.93,16.15,15.47,15.47,1788071,43203616.00
20091009,15.71,16.71,15.67,16.53,1881881,46756936.00
20091012,16.53,17.30,16.37,16.63,1964732,50706104.00
20091013,16.59,17.42,16.50,17.36,2004466,51859056.00
20091014,17.43,17.87,17.03,17.20,2237847,59754860.00
20091016,17.27,18.23,17.27,18.13,2561711,69500720.00
20091019,18.21,18.83,17.85,18.55,2027059,57107480.00
20091020,18.61,18.97,18.36,18.82,1852912,52575256.00
20091021,18.63,19.36,18.37,18.39,2014870,57852316.00
20091022,18.23,19.70,17.99,19.35,3561083,103412296.00
20091023,19.35,19.96,19.03,19.35,2985367,88271920.00
20091026,19.43,19.55,18.81,18.97,1720896,49958156.00
20091027,18.70,18.87,17.80,17.91,2140036,59589640.00
20091028,17.71,19.03,17.71,18.96,1582000,44399592.00
20091029,18.50,19.36,18.30,18.43,1891861,54092224.00
20091030,18.82,19.30,17.97,18.17,2753851,78404320.00
20091102,17.40,18.35,17.17,18.29,1510057,41181088.00
20091103,18.29,18.74,18.17,18.48,1139287,32088962.00
20091104,18.47,19.02,18.37,18.68,1493262,42672288.00
20091105,18.69,18.90,18.57,18.70,1211937,34671596.00
20091106,18.83,18.87,18.44,18.53,1263480,35786400.00
20091110,18.93,19.28,18.71,18.77,1790213,51821308.00
20091111,18.77,18.77,18.23,18.47,1042821,29306348.00
20091112,18.67,18.87,18.47,18.62,1232517,35151376.00
20091113,18.62,19.22,18.62,19.19,1832780,53101976.00
20091116,19.26,19.82,19.09,19.41,2031051,60043892.00
20091117,19.37,19.53,19.13,19.19,1146586,33654768.00
20091118,19.17,19.50,19.10,19.27,1002765,29426510.00
20091119,19.27,20.69,19.17,20.03,2546639,77271000.00
20091120,19.93,20.42,19.74,20.13,1558396,47750124.00
20091123,20.04,21.02,19.97,20.96,1584599,49619372.00
20091124,20.96,21.20,19.19,19.31,2345858,72301680.00
20091125,19.14,20.50,19.14,20.25,1874219,56852912.00
20091126,20.10,21.01,19.24,19.43,2568293,78904968.00
20091127,19.35,19.90,19.03,19.28,1658437,49222000.00
20091130,19.49,20.03,19.37,20.01,1188716,35796000.00
20091201,19.97,20.59,19.97,20.53,1687161,52411940.00
20091202,20.60,20.99,20.55,20.81,1885891,59611644.00
20091203,20.43,22.10,20.41,21.83,3926641,126774176.00
20091204,21.43,21.81,20.03,20.30,3423420,108614512.00
20091207,20.11,21.03,20.11,21.00,1810510,56835964.00
20091208,20.83,21.17,20.49,20.83,1572582,49761640.00
20091209,20.70,21.36,20.57,21.09,1586432,50638388.00
20091210,21.33,21.33,20.93,21.17,1436602,46193024.00
20091211,21.16,21.87,21.03,21.68,1728295,56443652.00
20091214,21.69,22.26,21.57,22.25,2551832,85139280.00
20091215,22.25,22.79,21.94,22.69,2305781,78276896.00
20091216,22.57,23.20,22.25,22.95,3464202,119810832.00
20091217,22.80,22.95,22.24,22.29,2992080,102300904.00
20091218,22.13,22.23,21.25,21.39,2222941,73430800.00
20091221,21.33,21.68,20.73,21.68,1410419,45490288.00
20091222,21.62,21.83,21.10,21.37,1720842,56145656.00
20091223,21.31,21.66,20.96,21.65,1482931,48379272.00
20091224,21.70,22.90,21.57,22.59,2386436,81003000.00
20091225,22.36,22.84,22.20,22.40,1588166,54353864.00
20091228,22.41,23.16,22.38,22.84,1837981,63428328.00
20091229,22.97,23.19,22.51,23.09,1929046,67098460.00
20091230,23.09,23.17,21.37,21.97,2648523,89803520.00
20091231,22.07,22.55,21.76,22.22,1399377,47241260.00
20100104,22.36,23.15,22.29,22.90,2086218,72475536.00
20100105,22.93,24.03,22.93,23.71,3229514,115728288.00
20100107,23.50,24.03,22.83,23.31,2338252,82830088.00
20100108,23.23,25.02,23.18,24.77,3027582,111381064.00
20100111,24.77,27.28,24.11,27.28,4848444,193393888.00
20100112,27.28,28.93,26.70,27.02,5320151,222756224.00
20100113,26.70,29.68,26.37,29.17,3910195,167370432.00
20100114,28.77,29.56,28.37,28.97,2997035,131598072.00
20100115,28.97,29.03,27.70,28.09,2468317,105441600.00
20100118,27.70,28.09,27.03,27.50,2226980,92357584.00
20100119,27.51,28.70,27.17,28.29,2529346,107675712.00
20100120,28.19,28.19,25.43,25.47,3518907,140665168.00
20100121,25.69,26.01,25.06,25.44,1259676,48699840.00
20100122,25.23,25.23,23.57,24.40,1645350,60852612.00
20100125,24.10,25.39,23.73,24.72,1272116,47852792.00
20100126,24.60,24.83,22.87,23.36,1182300,42571056.00
20100127,23.36,23.82,22.90,23.03,1003040,35571272.00
20100128,23.03,23.36,22.63,23.17,945238,33093744.00
20100129,22.42,23.93,22.42,23.02,1489244,52824580.00
20100201,23.02,23.02,21.17,21.31,1596376,52515748.00
20100202,21.54,21.90,20.67,20.77,1652735,53273308.00
20100203,20.77,21.53,20.43,21.41,1672141,53751820.00
20100204,21.39,21.79,20.84,21.15,1195892,38967044.00
20100205,20.50,20.67,20.10,20.20,1420578,43918844.00
20100208,20.00,20.63,20.00,20.38,821042,25423868.00
20100209,20.38,20.95,20.37,20.79,1029916,32428942.00
20100210,20.80,21.70,20.80,21.47,1134179,36714896.00
20100211,21.37,22.20,21.33,21.37,863868,28543770.00
20100212,21.50,21.83,21.43,21.77,735344,24209750.00
20100222,21.57,21.69,21.00,21.00,885573,28553244.00
20100223,20.79,20.99,20.11,20.53,999986,30981666.00
20100224,20.37,22.62,20.29,22.62,2185563,72610192.00
20100225,22.30,23.02,22.25,22.89,2229192,77011512.00
20100226,22.62,22.89,22.38,22.43,1224125,41960880.00
20100301,22.37,22.71,22.11,22.51,1331198,45241820.00
20100302,22.53,22.60,22.15,22.37,978531,33237344.00
20100303,22.43,23.14,22.31,23.03,1805200,62533596.00
20100304,23.13,23.56,21.43,21.54,1949011,66673100.00
20100305,21.31,21.80,20.87,21.33,1098478,35599520.00
20100308,21.34,21.80,21.17,21.62,569409,18667254.00
20100309,21.63,21.75,21.19,21.65,574714,18819348.00
20100310,21.67,22.10,21.37,21.57,744992,24651994.00
20100311,21.50,21.77,21.10,21.37,584672,18996868.00
20100312,21.37,21.85,21.24,21.40,934967,30686796.00
20100315,21.23,21.39,20.71,20.95,632077,20117748.00
20100316,20.83,21.22,20.81,21.11,409128,13091566.00
20100317,21.07,21.97,21.07,21.96,1115713,36870480.00
20100318,22.07,22.54,21.90,21.97,1237907,41733752.00
20100319,21.97,22.39,21.83,22.30,834854,28214908.00
20100322,22.33,23.40,22.29,23.37,2179903,75862864.00
20100323,23.40,23.47,22.87,23.02,1844016,64773540.00
20100324,23.03,23.70,22.81,23.54,1849965,65385496.00
20100325,23.38,24.05,23.13,23.22,2180927,78232544.00
20100326,23.07,23.36,22.30,22.97,1217342,42259088.00
20100329,22.89,23.70,22.89,23.60,1257890,44584488.00
20100330,23.61,24.67,23.57,24.17,2359741,86317416.00
20100331,24.29,24.77,24.01,24.33,1572496,58456368.00
20100401,24.34,26.30,24.24,25.90,2608181,101369936.00
20100402,25.70,25.76,25.18,25.57,1414064,54593032.00
20100406,25.57,25.87,25.10,25.76,1213623,46717220.00
20100407,25.76,25.81,25.03,25.43,1377577,53060456.00
20100408,25.41,26.10,25.10,25.57,1638341,63806184.00
20100409,25.38,26.21,25.38,26.02,1504453,58895516.00
20100412,26.01,26.73,25.82,26.56,1573158,62901492.00
20100413,26.42,26.80,23.87,24.47,2399674,91292456.00
20100414,24.47,24.47,23.64,23.64,1538267,55798608.00
20100415,23.29,23.29,22.70,23.11,2646888,92078064.00
20100416,22.89,23.47,22.63,23.30,1280582,45125204.00
20100419,22.91,23.56,22.23,22.40,999428,34938588.00
20100420,22.37,23.07,22.15,23.03,985224,33893160.00
20100421,22.97,23.63,22.71,23.59,1380931,49054544.00
20100422,23.59,24.22,23.42,23.83,1465260,53177112.00
20100423,23.90,24.37,22.82,22.91,1365894,48600020.00
20100426,22.37,22.37,20.61,20.70,2667866,85462872.00
20100427,20.56,20.56,19.83,20.24,1055602,32348470.00
20100428,20.13,20.53,19.83,20.24,572230,17598552.00
20100429,20.37,20.76,18.78,19.50,692882,21446020.00
20100430,19.25,19.51,17.57,18.15,1096853,30444738.00
20100504,17.70,18.55,17.43,18.01,429595,11838711.00
20100506,18.63,19.01,17.41,17.41,1366087,38025556.00
20100507,17.05,17.61,16.50,16.90,881539,22972780.00
20100510,16.91,17.22,15.81,16.21,739774,18607970.00
20100511,16.77,16.90,16.11,16.39,894774,22504598.00
20100512,16.20,17.15,16.01,17.02,1022527,25989690.00
20100513,17.03,17.48,16.81,17.43,1215707,31993126.00
20100514,17.36,18.29,17.27,18.17,1754127,47930328.00
20100517,18.18,18.18,16.45,16.76,1393542,37467332.00
20100518,16.69,17.91,16.37,17.91,1263551,33170720.00
20100519,17.69,18.23,17.57,18.13,1582107,43399708.00
20100520,17.72,18.46,17.58,17.71,1327381,36566412.00
20100521,17.11,18.20,16.77,18.17,1199090,32525358.00
20100524,18.17,19.15,18.17,18.71,2183453,62417036.00
20100525,18.61,18.61,17.91,18.24,1288324,35969980.00
20100526,18.24,18.35,17.71,17.77,845261,23230442.00
20100527,17.71,18.30,17.51,18.27,872828,23938968.00
20100528,18.38,18.90,18.38,18.59,1591959,45108268.00
20100531,18.49,18.65,17.70,17.77,1333511,37275896.00
20100601,17.44,17.70,16.44,16.81,1151115,29798410.00
20100602,16.75,17.20,16.57,17.20,639214,16470048.00
20100603,17.33,17.65,16.91,16.92,913625,24245470.00
20100604,16.87,17.10,16.62,17.07,470900,12135402.00
20100607,16.76,18.18,16.57,18.03,1348271,36019624.00
20100608,17.83,18.47,17.80,18.35,1501174,41738428.00
20100609,18.41,18.57,18.29,18.35,1498231,41424308.00
20100610,18.30,18.97,18.21,18.75,1786744,50184568.00
20100611,18.79,18.97,18.31,18.49,1182552,32883928.00
20100617,18.61,18.63,17.65,17.71,896793,24586980.00
20100618,17.73,17.83,16.77,16.89,932843,24025658.00
20100621,16.90,17.37,16.63,17.25,598473,15346134.00
20100622,17.37,17.53,17.17,17.38,405420,10599556.00
20100623,17.24,17.58,17.09,17.29,466090,12113390.00
20100624,17.49,17.55,17.20,17.47,288568,7545623.00
20100625,17.30,17.50,17.04,17.21,394389,10243784.00
20100628,17.21,17.27,16.71,16.78,348450,8844822.00
20100629,16.71,16.83,15.10,15.10,953094,22788508.00
20100630,14.89,14.91,13.98,14.47,575426,12493065.00
20100701,14.30,14.60,14.17,14.36,294408,6393251.00
20100702,14.35,14.47,13.64,14.11,561568,11814650.00
20100705,13.83,14.20,13.76,14.11,335654,7102459.50
20100706,14.11,14.65,14.05,14.61,623865,13566201.00
20100707,14.69,14.75,14.43,14.67,393868,8644766.00
20100708,14.71,14.83,14.38,14.53,339630,7431114.00
20100709,14.53,15.07,14.35,15.03,641438,14306913.00
20100712,15.05,15.27,14.95,15.23,627933,14296508.00
20100713,15.17,15.91,15.07,15.81,1385296,32256630.00
20100714,15.93,15.93,15.35,15.44,1317249,30882780.00
20100715,15.47,15.52,14.70,14.77,699536,15976392.00
20100716,14.77,14.97,14.43,14.89,582536,12909477.00
20100719,14.73,15.27,14.63,15.17,514878,11643850.00
20100720,15.18,15.87,15.18,15.76,930953,21947102.00
20100721,15.77,15.89,15.57,15.58,974908,23013550.00
20100722,15.56,15.80,15.49,15.80,681887,16088083.00
20100723,16.17,17.39,16.17,17.39,1841930,47256512.00
20100726,17.69,18.89,17.63,18.03,3871215,105395832.00
20100727,17.90,18.53,17.83,18.40,2402103,65574388.00
20100728,18.23,18.61,18.10,18.57,2263507,62644420.00
20100729,18.58,18.74,18.17,18.34,1893957,52545104.00
20100730,18.20,18.29,17.73,17.95,1715273,46293456.00
20100802,17.99,18.23,17.87,18.17,1284985,34951528.00
20100803,18.17,18.43,17.79,18.16,1611864,43878564.00
20100804,17.97,18.41,17.91,18.41,1626087,44668188.00
20100805,18.36,18.61,17.98,18.09,1466601,40395136.00
20100806,17.97,18.35,17.77,18.35,1372183,37287792.00
20100809,18.37,19.17,18.37,18.93,2016158,57181172.00
20100810,18.85,18.90,17.57,17.70,1802354,49606160.00
20100811,17.62,18.03,17.57,17.83,776092,20720920.00
20100812,17.57,18.09,17.40,17.71,777606,20852368.00
20100813,17.63,18.12,17.60,18.11,654851,17622334.00
20100816,18.11,18.51,18.01,18.39,982221,27005468.00
20100817,18.39,18.72,18.31,18.63,1145243,31861706.00
20100818,18.57,19.08,18.57,18.74,1358301,38391120.00
20100819,18.83,18.83,18.37,18.62,1104296,30759736.00
20100820,18.33,18.33,17.50,17.50,1717763,45889088.00
20100823,17.54,17.81,17.50,17.70,749255,19885480.00
20100824,17.71,17.97,17.51,17.85,654147,17455344.00
20100825,17.75,17.75,17.23,17.23,735312,19278608.00
20100826,17.19,17.53,17.17,17.41,446692,11675000.00
20100827,17.23,17.83,17.23,17.67,511738,13550074.00
20100830,17.83,18.15,17.64,17.96,842134,22740214.00
20100831,17.89,17.94,17.57,17.82,903606,24072264.00
20100901,17.80,19.05,17.73,18.97,3727770,103784016.00
20100902,18.97,20.63,18.64,19.83,5539474,163088688.00
20100903,19.87,20.09,19.17,19.62,2962421,86867008.00
20100906,19.67,19.67,18.82,18.83,1969203,56703784.00
20100908,18.91,19.16,18.67,19.03,1481814,42153120.00
20100909,19.09,19.09,18.30,18.47,1294769,36385792.00
20100910,18.50,18.90,18.37,18.83,1034463,29009434.00
20100913,18.82,19.29,18.81,19.15,1249104,35882040.00
20100914,19.17,19.22,18.67,18.81,1121681,31810248.00
20100915,18.73,18.80,17.30,17.30,1823201,49714424.00
20100916,17.43,18.09,17.43,17.74,1572128,41913068.00
20100917,17.74,17.77,16.91,17.07,1534840,40000468.00
20100920,16.97,17.13,16.09,16.29,1169983,29023690.00
20100921,16.37,16.53,16.24,16.42,641918,15807119.00
20100927,16.55,16.63,16.33,16.53,1313372,32509750.00
20100928,16.55,16.73,16.13,16.23,996166,24679212.00
20100929,16.23,16.40,15.97,15.97,755961,18357188.00
20100930,15.97,16.20,15.91,16.17,605188,14617960.00
20101008,16.33,17.01,16.23,16.78,1147851,28716196.00
20101011,16.95,16.95,16.65,16.82,1193336,30083998.00
20101012,16.78,17.09,16.67,17.00,915553,23315670.00
20101013,17.11,17.11,16.69,17.01,917454,23205612.00
20101014,16.99,16.99,16.18,16.21,1186586,29415936.00
20101015,16.16,16.34,15.68,15.73,1055597,25366570.00
20101018,15.72,15.73,14.97,15.35,1025695,23418286.00
20101019,15.30,16.55,15.30,16.42,1032165,25046174.00
20101020,16.15,16.82,15.91,16.47,1182956,29152104.00
20101021,16.47,16.47,16.10,16.31,796851,19433574.00
20101022,16.31,16.75,16.23,16.50,812412,20192094.00
20101025,16.47,17.05,16.47,16.89,1189751,30195366.00
20101026,16.84,17.05,16.71,16.78,1331200,33706420.00
20101027,16.96,17.25,16.78,17.08,1415563,36268400.00
20101028,17.07,18.79,16.83,18.53,4631897,126069128.00
20101029,18.55,18.67,17.74,18.02,3541793,96852592.00
20101101,17.77,18.23,17.77,18.08,2427086,65610080.00
20101102,18.07,18.07,17.45,17.45,2207896,58919784.00
20101103,17.36,17.43,16.94,17.24,1264966,32632130.00
20101104,17.27,18.97,17.23,18.97,5552987,154275408.00
20101105,19.60,20.85,19.31,20.62,7396223,221958960.00
20101108,20.63,22.69,20.63,22.69,7385937,248060080.00
20101109,23.25,24.75,23.09,24.17,6854135,247481456.00
20101110,23.64,24.05,23.30,23.71,4823322,171050368.00
20101111,23.71,24.62,23.05,23.17,3929868,140998128.00
20101112,22.73,24.41,21.97,22.57,3810225,130668000.00
20101116,24.30,24.83,22.63,23.69,7140014,259430368.00
20101117,22.98,26.02,22.30,25.63,8338699,307512416.00
20101118,25.53,28.19,25.47,28.19,5893808,244745232.00
20101119,31.01,31.01,31.01,31.01,1130578,52651016.00
20101122,33.30,34.12,30.97,32.23,10020855,498749632.00
20101123,31.43,32.47,30.12,30.69,6343375,298087456.00
20101124,29.89,31.00,29.20,30.63,3961554,179813360.00
20101125,30.62,30.83,28.43,29.23,4544779,201436720.00
20101126,29.30,29.89,28.55,29.27,4175206,182664320.00
20101129,29.15,30.30,27.91,29.10,6796820,296589088.00
20101130,28.30,28.75,26.19,26.55,6559062,265503808.00
20101201,26.07,26.79,25.69,26.29,3173849,124686520.00
20101202,26.41,26.89,25.84,26.66,4117511,163627904.00
20101203,26.23,26.57,24.85,25.11,3290369,126111904.00
20101206,24.87,25.59,24.87,25.10,1815611,68690048.00
20101207,25.09,26.60,24.23,26.42,5197182,201265856.00
20101208,26.38,26.83,25.83,25.97,3995897,157794400.00
20101209,25.37,27.29,24.51,25.70,6048122,234721984.00
20101210,25.21,25.97,24.26,25.19,4014081,150199776.00
20101213,25.31,26.49,24.98,26.43,3669723,143289648.00
20101214,26.57,27.15,26.16,26.50,3616970,144048240.00
20101215,26.43,26.82,26.19,26.42,1932678,76764920.00
20101216,26.42,27.49,26.21,26.60,3812267,153881056.00
20101217,26.37,26.46,25.11,25.30,2852150,109049160.00
20101220,25.19,25.29,23.30,23.89,3039810,111513080.00
20101221,23.55,24.17,23.55,23.84,2209547,79172080.00
20101222,23.97,24.30,23.30,23.91,3907173,139367120.00
20101223,23.69,23.70,22.51,22.75,3484681,121018840.00
20101224,22.50,23.28,22.46,23.12,2481808,85305560.00
20101227,23.17,23.25,22.33,22.35,1771897,60790788.00
20101228,21.89,22.47,21.77,21.99,1374200,45590204.00
20101229,21.83,22.95,21.83,22.77,2074221,70284904.00
20101230,22.69,23.04,22.44,22.58,1762231,60197616.00
20101231,22.55,22.98,22.55,22.98,1618484,55325872.00
20110104,23.10,23.89,22.80,23.78,3054446,107373456.00
20110105,23.35,23.69,22.63,23.15,1893249,66397180.00
20110106,23.17,23.23,22.63,23.03,1648782,56740680.00
20110107,22.98,23.09,21.42,21.93,2428874,81677312.00
20110110,21.74,22.22,21.23,21.29,1988263,64875644.00
20110111,21.17,21.82,21.11,21.43,1233527,39720064.00
20110112,21.37,21.82,21.23,21.58,912537,29513000.00
20110113,21.89,21.91,21.43,21.49,971299,31666650.00
20110114,21.50,21.50,20.53,20.71,2584030,80671872.00
20110117,20.45,20.75,20.23,20.37,1404673,43127252.00
20110118,20.36,20.57,20.16,20.37,786627,24055788.00
20110119,20.23,20.79,20.07,20.63,2043164,62919260.00
20110120,20.61,20.61,19.38,19.49,2475983,73930296.00
20110121,19.39,19.66,19.04,19.37,2228900,64567540.00
20110124,19.37,19.43,18.23,18.42,2661062,75018672.00
20110125,18.55,18.97,18.05,18.60,1995267,55650060.00
20110126,18.67,19.83,18.59,19.07,3936904,113725656.00
20110127,18.70,19.27,17.97,19.15,3484212,97321224.00
20110128,18.92,19.83,18.71,19.55,3892914,113265760.00
20110131,19.53,19.77,19.17,19.60,2205518,64561456.00
20110201,19.63,19.95,19.17,19.51,2739561,80750128.00
20110209,19.29,19.63,19.07,19.33,2194908,63794224.00
20110210,19.32,20.13,19.17,20.00,2745636,81414664.00
20110211,19.89,20.47,19.79,20.25,3379866,102570952.00
20110214,20.25,20.96,20.07,20.81,3822437,118188384.00
20110215,20.80,21.53,20.61,21.27,5184619,163273552.00
20110216,21.04,21.97,21.03,21.87,5250123,170289216.00
20110217,22.93,23.43,22.07,22.10,8126091,274981888.00
20110218,21.84,22.07,21.09,21.30,4027021,130540752.00
20110221,21.11,21.77,21.02,21.74,2635499,84972528.00
20110222,21.70,22.19,21.39,21.63,3879581,127009000.00
20110223,21.38,22.17,21.38,22.07,3695864,121393536.00
20110224,22.10,22.37,21.83,22.10,2862299,95028608.00
20110225,22.48,22.48,21.66,22.03,2764138,91738432.00
20110228,21.79,21.79,20.63,21.47,3625724,116502960.00
20110301,21.43,21.43,21.00,21.04,3137279,99803288.00
20110302,20.99,21.30,20.67,21.23,2460357,77806240.00
20110303,21.16,21.37,20.77,20.77,2036291,64213504.00
20110304,20.63,21.01,20.53,20.94,1560442,48786988.00
20110307,21.23,21.23,20.80,21.02,2485863,78544712.00
20110308,21.03,21.23,20.82,21.14,2075186,65485984.00
20110309,21.15,21.17,20.87,21.01,1576192,49766772.00
20110310,21.00,21.65,20.91,21.59,4014310,128902440.00
20110311,21.57,21.90,21.33,21.66,3959179,128797144.00
20110314,22.11,22.63,21.81,22.56,6878704,229588080.00
20110315,21.90,21.91,20.63,21.10,5210598,166971760.00
20110316,21.04,21.45,20.78,21.13,2319201,73768560.00
20110317,20.85,20.90,19.78,19.83,4001801,121834528.00
20110318,19.97,20.23,19.77,20.03,1537249,46133612.00
20110321,19.97,20.27,19.09,20.04,1510538,44953392.00
20110322,20.03,20.07,19.66,19.81,1075940,32082812.00
20110323,19.93,20.04,19.75,19.97,931115,27857430.00
20110324,19.98,20.17,19.70,19.80,1143325,34243612.00
20110325,19.80,20.07,19.71,19.80,984867,29345598.00
20110328,19.83,19.96,19.52,19.59,1714996,50714304.00
20110329,19.43,19.83,19.40,19.53,1046645,30824016.00
20110330,19.51,19.73,18.70,18.79,1378242,39722628.00
20110331,18.79,19.17,18.05,18.22,1123823,31175064.00
20110401,18.25,18.57,18.04,18.54,883728,24335466.00
20110406,18.50,18.69,18.23,18.33,708896,19578688.00
20110407,18.31,18.73,17.91,18.67,2169799,59700728.00
20110408,18.67,19.09,18.47,18.90,1672220,47397444.00
20110411,18.90,18.90,18.05,18.17,1235689,34269728.00
20110412,18.19,18.36,18.09,18.22,792745,21676306.00
20110414,18.36,18.74,18.35,18.42,977050,27219392.00
20110415,18.61,18.61,18.11,18.27,630574,17327704.00
20110418,18.02,18.28,18.02,18.09,659433,17929702.00
20110419,18.09,18.09,17.37,17.45,1118794,29576344.00
20110420,17.63,17.96,17.49,17.85,1056789,28248856.00
20110421,18.07,18.07,17.83,18.02,820116,22099606.00
20110422,18.07,18.22,17.64,17.79,519422,13924893.00
20110425,17.66,17.85,17.41,17.41,613340,16171762.00
20110426,17.33,17.60,17.05,17.13,578679,14980531.00
20110427,17.35,17.35,16.65,16.85,679836,17256506.00
20110428,16.89,16.94,16.05,16.07,697939,17270244.00
20110429,16.35,16.37,15.97,16.37,459450,11187404.00
20110503,16.42,16.75,16.25,16.63,612542,15225287.00
20110504,16.63,16.64,16.17,16.33,537697,13240356.00
20110505,16.27,16.85,16.20,16.56,523781,13049106.00
20110506,16.42,16.73,16.40,16.56,713602,17785996.00
20110509,16.63,17.25,16.63,17.03,924876,23639472.00
20110510,17.03,17.19,16.75,17.08,503375,12837058.00
20110511,17.10,17.13,16.61,16.67,840329,21138154.00
20110512,16.50,16.59,16.17,16.17,655033,16111015.00
20110513,16.20,16.42,16.17,16.42,400541,9806473.00
20110516,16.42,16.59,16.33,16.37,339220,8385794.50
20110517,16.35,16.62,16.13,16.51,525231,12987130.00
20110518,16.75,16.92,16.20,16.83,666529,16750662.00
20110519,16.83,16.96,16.72,16.83,543085,13740613.00
20110520,16.72,17.50,16.72,17.39,1556046,40179220.00
20110523,17.46,17.47,16.50,16.63,1166876,29670678.00
20110524,16.55,16.96,16.23,16.85,763922,19068860.00
20110525,16.80,17.24,16.65,16.95,871014,22276118.00
20110526,17.23,17.49,16.95,16.96,1238362,31926578.00
20110527,16.87,16.93,16.30,16.31,820626,20392810.00
20110530,16.13,16.14,15.00,15.12,1065276,24823664.00
20110531,15.05,15.39,14.53,15.25,841899,19123740.00
20110601,15.28,15.50,14.99,15.40,764156,17506624.00
20110602,15.23,15.30,14.77,15.03,675430,15226233.00
20110603,15.03,15.49,14.98,15.31,869012,20011800.00
20110607,15.31,15.59,15.23,15.30,544952,12584529.00
20110608,15.37,15.37,15.09,15.31,620092,14198560.00
20110609,15.37,15.37,14.71,14.73,616331,13946027.00
20110610,14.74,14.79,14.10,14.60,601411,13124782.00
20110613,14.31,14.87,14.31,14.77,645909,14297141.00
20110615,15.05,15.42,14.83,14.96,981411,22294440.00
20110616,14.70,15.07,14.31,14.87,628167,13856732.00
20110617,14.76,14.97,14.59,14.63,302764,6728901.50
20110620,14.43,14.68,14.10,14.21,623957,13392892.00
20110621,13.97,14.47,13.97,14.45,446809,9632333.00
20110622,14.60,15.21,14.57,14.93,1345285,30143956.00
20110623,14.93,15.61,14.79,15.34,1363057,31324038.00
20110624,15.23,15.83,15.23,15.70,1372534,32028186.00
20110627,15.70,15.95,15.49,15.85,1476496,35018696.00
20110628,15.89,16.36,15.89,16.31,1770732,43039128.00
20110629,16.31,16.31,15.94,15.95,1031297,24907278.00
20110630,15.91,16.18,15.90,16.15,729960,17659698.00
20110701,16.13,16.33,15.97,16.09,774774,18825604.00
20110704,16.09,16.55,16.03,16.39,1560086,38393396.00
20110705,16.35,17.03,16.31,16.55,1224073,30519230.00
20110706,16.54,17.37,16.50,17.07,1795876,45644148.00
20110707,17.04,17.62,16.71,16.71,2358632,60968848.00
20110711,16.63,17.09,16.57,16.93,912094,23130638.00
20110712,16.89,17.47,16.59,17.23,1863599,47839668.00
20110713,17.23,18.60,17.03,18.27,3820825,103345424.00
20110714,18.23,18.50,17.57,17.95,2494318,67337984.00
20110715,17.83,18.21,17.69,17.70,1565013,41973952.00
20110718,17.83,18.07,17.62,17.91,1463876,39268156.00
20110719,17.83,18.30,17.63,17.71,1809267,48773340.00
20110720,17.78,17.83,16.89,17.17,2071408,53762016.00
20110721,17.16,17.37,17.05,17.08,927926,24059760.00
20110722,17.21,17.29,16.97,17.14,608929,15678641.00
20110725,17.02,17.02,16.29,16.35,886924,22048852.00
20110726,16.40,16.49,15.87,16.07,737738,17829942.00
20110727,16.07,16.43,15.59,16.24,1059372,25493398.00
20110728,16.03,16.89,15.91,16.50,808907,19994256.00
20110729,16.37,16.69,16.07,16.23,923427,22576402.00
20110801,16.11,16.53,15.90,16.30,513041,12540413.00
20110802,16.29,16.29,15.67,16.05,568391,13584336.00
20110803,15.83,16.35,15.70,16.10,316385,7663241.50
20110804,16.14,16.53,16.10,16.27,613657,15011533.00
20110805,15.84,16.35,15.64,16.07,750501,17993680.00
20110808,15.74,15.97,14.64,15.07,777567,17985462.00
20110809,14.73,15.15,14.37,15.05,526933,11748306.00
20110810,15.30,15.57,15.15,15.17,509167,11739066.00
20110811,14.79,15.73,14.72,15.55,486570,11189809.00
20110812,15.56,16.69,15.55,16.35,1369783,33369116.00
20110815,16.49,16.87,15.97,16.55,1110216,27405830.00
20110816,16.47,16.87,16.31,16.31,905811,22487158.00
20110817,16.31,16.60,16.14,16.30,552688,13552607.00
20110818,16.31,16.49,16.04,16.07,381649,9310474.00
20110819,15.64,15.96,15.57,15.87,467853,11108934.00
20110822,15.73,16.30,15.69,15.71,446599,10749578.00
20110823,15.70,16.23,15.54,16.10,512689,12189567.00
20110824,16.13,16.61,16.13,16.25,1135709,27920690.00
20110825,16.23,16.50,16.18,16.44,769981,18935020.00
20110826,16.39,16.73,16.33,16.62,798107,19880076.00
20110829,16.63,16.63,16.37,16.43,475730,11752459.00
20110830,16.47,16.79,16.17,16.23,561709,13938020.00
20110831,16.42,16.43,15.71,15.87,389089,9326817.00
20110901,15.80,16.03,15.35,15.56,283363,6728449.00
20110902,15.55,15.63,15.20,15.45,326971,7577553.00
20110905,15.23,15.30,15.10,15.13,324006,7390626.50
20110906,14.97,15.16,14.97,15.10,212732,4810867.00
20110907,15.15,15.50,15.15,15.43,293362,6766826.50
20110909,15.19,15.42,15.03,15.05,240842,5509729.00
20110913,14.97,15.17,14.63,15.02,167055,3737146.00
20110914,15.07,15.65,15.07,15.37,275084,6318854.50
20110915,15.31,15.53,15.30,15.32,183913,4259265.50
20110916,15.37,15.58,15.31,15.31,245260,5681880.00
20110919,15.17,15.17,14.91,14.91,218499,4933285.50
20110920,14.91,15.16,14.79,15.06,159900,3596518.25
20110921,15.06,15.63,14.99,15.49,370463,8550045.00
20110922,15.30,15.90,15.13,15.35,478593,11174231.00
20110923,15.09,15.43,14.97,15.31,323173,7402906.00
20110926,15.30,15.37,15.05,15.11,175698,4009223.25
20110927,15.43,15.43,15.07,15.25,171700,3930755.75
20110928,15.37,15.40,14.90,14.97,265647,6030673.00
20110929,14.83,14.90,14.32,14.37,239000,5251026.50
20110930,14.35,14.55,14.10,14.25,165756,3567808.25
20111010,14.63,14.63,14.19,14.34,94373,2028781.25
20111011,14.62,14.75,14.15,14.21,182295,3967938.50
20111012,14.27,14.69,14.27,14.69,346136,7593404.00
20111013,14.73,15.02,14.63,14.93,350026,7814828.50
20111014,14.93,14.98,14.57,14.71,286466,6353341.00
20111017,14.58,14.95,14.58,14.65,296886,6552463.50
20111018,14.62,14.62,14.18,14.18,289707,6255323.50
20111019,14.33,14.35,13.87,13.89,458560,9643628.00
20111020,13.89,13.89,12.72,12.97,680731,13429675.00
20111021,13.03,13.19,12.97,12.99,175977,3462561.75
20111024,12.99,13.59,12.81,13.33,297336,5862188.50
20111025,13.23,13.53,13.11,13.49,510641,10268067.00
20111026,13.30,13.79,13.20,13.62,653498,13364947.00
20111027,13.52,13.70,13.23,13.27,996640,20184206.00
20111028,13.42,13.91,13.42,13.59,566136,11580205.00
20111031,13.47,13.89,13.47,13.72,445753,9203812.00
20111101,13.50,13.87,13.44,13.77,845975,17423254.00
20111102,13.59,14.29,13.45,14.29,1707332,35812144.00
20111103,14.45,14.69,14.25,14.33,1727695,37569772.00
20111104,14.34,14.50,14.11,14.33,882702,19032482.00
20111107,14.33,14.49,14.17,14.24,595726,12820376.00
20111108,14.24,14.29,13.97,14.09,542644,11518890.00
20111109,13.98,14.37,13.90,14.35,836196,17829126.00
20111110,14.21,14.25,14.03,14.12,636523,13512049.00
20111111,14.15,14.33,13.90,14.01,822854,17381264.00
20111114,14.09,15.22,14.06,15.09,3832625,84624280.00
20111115,15.40,16.61,15.37,16.61,3195903,77660856.00
20111116,16.93,17.30,16.55,16.86,8006066,201745792.00
20111117,16.83,17.17,16.50,16.99,3631539,92297920.00
20111118,16.59,16.85,15.97,16.01,4005059,99023368.00
20111121,15.70,16.29,15.57,16.20,1665135,39695664.00
20111122,15.77,16.93,15.77,16.93,1470145,36375996.00
20111123,17.20,17.97,16.90,17.13,2516746,65617176.00
20111125,16.89,17.19,16.42,16.73,1672338,41827196.00
20111128,16.64,17.08,16.50,16.97,573470,14521228.00
20111129,17.09,17.17,16.83,17.03,672106,17134558.00
20111130,16.96,17.07,15.97,16.63,1153407,28515232.00
20111201,16.66,17.29,16.65,16.87,1410676,35948184.00
20111202,16.64,16.64,16.03,16.29,292315,7197494.50
20111205,16.03,16.29,15.50,15.50,319200,7610206.50
20111206,15.43,15.89,15.39,15.70,188753,4427158.00
20111207,15.83,15.88,15.43,15.61,184416,4331875.50
20111208,15.59,15.94,15.03,15.83,439998,10330799.00
20111209,15.69,16.62,15.67,16.16,458929,11190263.00
20111212,15.37,16.55,15.35,15.76,389279,9379665.00
20111213,15.19,15.63,14.47,14.83,730492,16235013.00
20111214,14.81,14.84,14.17,14.35,675928,14581398.00
20111215,14.26,14.34,13.74,13.87,530147,11172170.00
20111216,13.83,14.55,13.78,14.43,602142,12751748.00
20111219,14.43,14.43,14.02,14.40,738826,15753435.00
20111220,14.33,14.41,13.17,14.20,895154,19081248.00
20111221,14.24,14.30,13.33,13.33,907399,18707370.00
20111222,13.33,13.33,12.04,12.62,845057,15854875.00
20111223,12.35,12.83,12.19,12.55,626369,11799484.00
20111226,12.55,12.59,12.31,12.31,334500,6271379.00
20111227,12.09,12.35,11.41,11.89,439468,7926575.00
20111228,11.47,11.71,11.10,11.62,376011,6473256.50
20111229,11.50,11.77,11.45,11.45,293732,5087644.50
20111230,11.54,11.94,11.42,11.65,642320,11250831.00
20120104,11.64,11.71,10.87,10.90,852145,14426610.00
20120105,10.82,10.82,9.97,10.17,604551,9493647.00
20120106,10.19,10.21,9.63,10.01,766013,11351338.00
20120109,10.05,10.50,9.70,10.43,1500552,23134496.00
20120110,10.40,10.98,10.31,10.87,3151247,50758936.00
20120111,10.80,11.37,10.69,10.95,3213825,53168988.00
20120112,10.90,11.09,10.71,10.82,1952452,32046684.00
20120113,10.76,10.87,10.06,10.06,1796831,28017364.00
20120116,9.90,9.97,9.50,9.50,950594,13973984.00
20120117,9.54,10.21,9.17,10.12,1391950,20622850.00
20120118,10.12,10.28,9.56,9.62,1142429,17077858.00
20120119,9.43,9.97,9.43,9.93,785585,11528023.00
20120120,9.94,10.62,9.94,10.13,1374499,21234044.00
20120130,10.14,10.33,10.03,10.15,915857,14029625.00
20120131,10.10,10.10,9.92,10.03,438136,6606550.50
20120201,9.97,10.27,9.94,10.04,546468,8337495.00
20120202,10.26,10.42,10.07,10.41,980784,15187421.00
20120206,11.45,11.45,11.45,11.45,198712,3423807.75
20120207,12.60,12.60,12.60,12.60,338324,6411240.00
20120208,13.87,13.87,13.87,13.87,1012591,21112522.00
20120209,15.26,15.26,15.26,15.26,1079736,24769144.00
20120210,16.30,16.79,16.01,16.79,13085505,323279360.00
20120213,17.49,18.47,17.26,18.47,8540221,230576416.00
20120221,18.30,19.60,18.12,18.68,8902287,251520784.00
20120222,18.71,19.55,18.58,19.21,6711970,191494000.00
20120223,19.03,19.47,18.67,19.45,6050152,173186992.00
20120224,19.26,20.70,19.23,19.37,8587836,255812944.00
20120227,19.18,20.06,19.18,19.77,5598768,164154192.00
20120228,19.65,20.17,19.33,19.98,5941392,176808144.00
20120229,19.43,19.83,18.70,19.50,5941030,171579456.00
20120301,19.46,20.26,19.17,19.17,5622097,165484016.00
20120302,18.53,19.17,18.43,19.17,6622131,186901456.00
20120305,19.15,19.70,19.08,19.30,5831130,169402256.00
20120306,19.19,21.23,19.05,21.23,8300672,252980624.00
20120307,22.46,22.96,20.53,20.59,12418473,408919680.00
20120308,20.62,20.85,19.85,20.09,8809122,266961168.00
20120309,20.07,20.27,19.76,19.93,5047500,151694896.00
20120312,19.85,20.16,19.69,20.11,5192797,155917280.00
20120313,19.97,20.16,19.52,19.75,5298114,157375952.00
20120314,19.78,20.50,18.05,18.19,8818779,260200464.00
20120315,18.03,18.61,17.76,17.83,5669193,153823680.00
20120316,17.80,18.23,17.53,18.13,4316348,115939448.00
20120319,18.13,18.57,17.91,18.55,3734664,102230992.00
20120320,18.46,18.46,17.74,17.89,3888670,105349128.00
20120321,17.97,18.13,17.03,17.55,4675950,122789400.00
20120323,17.30,17.76,17.18,17.49,2493353,65709788.00
20120326,17.48,17.86,17.30,17.63,1886270,49801776.00
20120327,17.70,17.93,17.20,17.30,2486367,65575708.00
20120328,17.15,18.33,16.83,16.91,5432422,143856736.00
20120329,16.41,17.53,16.04,17.17,4886627,123647880.00
20120330,17.17,17.43,16.43,16.77,2828908,71714496.00
20120405,16.81,17.35,16.74,17.27,3308944,85116840.00
20120406,17.29,17.89,16.83,17.48,6431291,168922896.00
20120409,17.17,17.17,15.73,15.87,6830617,165872736.00
20120410,15.63,16.36,15.59,16.32,3695631,88884360.00
20120411,16.09,16.77,16.05,16.27,2822725,69669080.00
20120412,16.30,16.63,15.98,16.60,3290154,81219464.00
20120413,16.63,16.69,16.24,16.55,2680001,66406544.00
20120416,16.37,16.95,16.09,16.89,2913871,72665152.00
20120417,17.25,17.44,16.80,16.89,3825446,98070504.00
20120418,16.80,17.92,16.53,17.32,4921167,128586712.00
20120419,17.19,17.77,17.12,17.68,3214885,84571432.00
20120420,17.72,17.85,17.29,17.57,2397803,63151120.00
20120423,17.35,17.37,16.13,16.21,3073194,76920168.00
20120424,15.93,15.93,14.59,15.17,4189707,94638960.00
20120425,14.95,15.07,14.74,14.91,1582342,35396052.00
20120426,14.93,15.67,14.73,14.81,1748097,39477300.00
20120427,14.77,14.97,14.35,14.84,1775100,39224776.00
20120502,14.99,15.00,14.48,14.91,1276411,28362118.00
20120503,14.81,15.33,14.67,15.06,1259364,28369702.00
20120504,15.06,15.43,14.91,15.29,1569062,35792440.00
20120507,15.13,15.28,15.05,15.26,973182,22141286.00
20120508,15.35,15.97,15.35,15.70,2568691,60585352.00
20120509,15.60,15.60,15.07,15.09,1320191,30217216.00
20120510,14.81,15.61,14.81,15.47,1229978,28386222.00
20120511,15.26,15.67,15.19,15.19,1061940,24575172.00
20120514,15.33,15.41,15.11,15.11,1195949,27359628.00
20120515,15.08,15.08,14.14,14.59,1671179,36352276.00
20120516,14.73,15.17,14.37,14.68,1256583,28093154.00
20120517,15.06,15.10,14.67,14.87,964098,21584926.00
20120518,15.07,15.49,14.73,15.28,2091784,47810704.00
20120521,15.32,15.73,15.18,15.47,1670987,38633444.00
20120522,15.60,15.67,15.31,15.43,1094016,25393924.00
20120523,15.45,15.66,15.05,15.26,1301861,30040378.00
20120524,15.14,15.45,15.05,15.25,836943,19117848.00
20120525,15.25,15.29,14.38,14.63,1722763,38108752.00
20120528,14.49,14.53,13.87,14.31,1205878,25602664.00
20120529,14.31,14.64,14.20,14.48,1207963,26123164.00
20120530,14.33,14.87,14.28,14.71,1342936,29466146.00
20120531,14.59,15.87,14.48,15.44,3890639,89390288.00
20120601,15.44,15.47,15.07,15.25,2085657,47747200.00
20120604,15.01,15.06,14.55,14.58,1427266,31574082.00
20120605,14.37,14.71,14.24,14.41,684582,14837010.00
20120606,14.66,14.76,13.95,14.07,1219645,26032908.00
20120607,14.29,14.29,13.80,13.81,947317,19908330.00
20120608,13.81,14.22,13.78,13.86,733502,15424358.00
20120611,13.71,14.11,13.71,14.10,694143,14514900.00
20120612,14.00,14.37,13.81,14.19,1069701,22531290.00
20120613,14.28,14.30,13.93,14.01,1536219,32360256.00
20120614,14.01,14.06,13.37,13.55,2390370,49219492.00
20120615,13.49,13.82,13.40,13.65,1215135,24776356.00
20120618,13.67,13.85,13.47,13.67,1040243,21339600.00
20120619,13.65,13.93,13.48,13.79,1473028,30422390.00
20120620,13.85,14.20,13.73,13.92,1519641,31823644.00
20120621,13.65,13.76,13.15,13.37,1585469,31905054.00
20120625,13.37,13.41,12.87,12.87,960925,18903206.00
20120626,12.85,13.11,12.69,12.92,810616,15670400.00
20120627,12.79,13.22,12.79,12.95,1605314,31384810.00
20120628,13.00,13.04,12.40,12.46,1416241,27038526.00
20120629,12.56,12.77,12.37,12.67,1281460,24133734.00
20120702,12.73,12.98,12.40,12.80,3043302,57843864.00
20120703,12.68,12.89,12.55,12.61,2759071,52517736.00
20120704,12.55,12.97,12.49,12.94,3409232,64942248.00
20120705,12.89,12.89,11.84,11.95,2706015,49899488.00
20120706,11.00,11.26,10.75,10.75,5035593,82045776.00
20120709,10.79,11.02,10.68,10.83,3146995,51338948.00
20120710,10.65,10.73,10.35,10.49,1685765,26584318.00
20120711,10.47,10.78,10.40,10.63,1056040,16742040.00
20120712,10.59,10.73,10.39,10.63,1231688,19493008.00
20120713,10.57,10.85,10.53,10.59,1345582,21564048.00
20120716,10.41,10.41,9.60,9.83,1814991,27180998.00
20120717,9.73,10.30,9.70,10.00,1328967,20054708.00
20120718,10.01,10.45,9.93,10.33,2130921,32664704.00
20120719,10.31,10.64,10.17,10.45,2163735,33816272.00
20120720,10.33,10.53,10.29,10.35,1431908,22306278.00
20120723,10.34,10.34,10.05,10.25,852724,13000030.00
20120724,10.25,11.23,10.25,10.66,3104635,49953732.00
20120725,10.53,10.77,10.47,10.64,1765046,28148534.00
20120726,10.54,10.76,10.45,10.45,1253412,19938980.00
20120727,10.51,10.63,10.19,10.25,1019990,15849985.00
20120730,10.25,10.33,9.60,9.72,1241384,18278760.00
20120731,9.85,9.85,9.34,9.45,735915,10466575.00
20120801,9.49,9.78,9.46,9.73,952833,13795802.00
20120802,9.65,10.19,9.60,9.92,1976162,29494214.00
20120803,9.81,10.60,9.80,10.36,2751923,42211952.00
20120806,10.19,10.73,10.13,10.54,2339400,36623244.00
20120807,10.53,10.87,10.39,10.53,1942690,30838416.00
20120808,10.54,10.86,10.44,10.83,2340593,37439500.00
20120809,10.82,10.83,10.54,10.73,1823366,29278430.00
20120810,10.74,11.59,10.53,11.15,3971615,66147184.00
20120813,11.00,11.83,10.89,11.32,4176578,71616984.00
20120814,11.23,11.23,10.67,11.05,2223390,36524236.00
20120815,11.07,11.51,10.79,11.25,2652107,44676008.00
20120816,10.97,11.65,10.97,11.37,2324926,39788172.00
20120817,11.31,11.52,11.07,11.29,1594330,27064184.00
20120820,11.27,11.67,11.17,11.61,3156105,54483008.00
20120821,11.35,12.53,11.33,11.85,6559278,116665008.00
20120822,11.67,11.71,11.10,11.17,3629839,62225312.00
20120823,11.07,11.25,10.87,11.04,2161755,35763892.00
20120824,11.00,11.20,10.41,10.46,2346986,38336964.00
20120827,10.19,10.22,9.61,9.65,3117080,45902584.00
20120828,9.61,9.95,9.59,9.81,1722558,25323888.00
20120829,9.83,10.32,9.74,10.03,2700803,40818468.00
20120830,9.87,10.13,9.47,9.53,1923567,28023678.00
20120831,9.53,9.81,9.48,9.61,812717,11772702.00
20120903,9.63,9.96,9.47,9.85,1312498,19349842.00
20120904,9.89,10.20,9.73,10.00,2082891,31172512.00
20120905,9.97,9.97,9.69,9.88,1651068,24381666.00
20120906,9.88,10.10,9.88,10.07,1970215,29547090.00
20120907,10.21,10.57,10.02,10.43,3423819,52996960.00
20120910,10.43,10.66,10.22,10.53,2580382,40423248.00
20120911,10.50,10.63,10.35,10.46,1867903,29312456.00
20120912,10.34,10.45,9.93,10.17,5964489,90436496.00
20120913,10.08,10.26,9.88,10.05,4677764,70436312.00
20120914,10.05,10.23,9.87,9.96,3484035,52441256.00
20120917,9.97,9.97,9.51,9.67,3053081,44182148.00
20120918,9.61,10.57,9.58,10.01,8661606,130923896.00
20120919,9.79,9.83,9.63,9.73,3541435,51660200.00
20120920,9.70,9.70,9.01,9.01,4210195,58567984.00
20120921,8.85,9.01,8.59,8.71,3004517,39560512.00
20120924,8.62,8.85,8.47,8.77,1423381,18519910.00
20120925,8.73,8.80,8.55,8.65,1138238,14791257.00
20120926,8.63,8.63,8.32,8.33,1652711,21014370.00
20120927,8.39,8.92,8.33,8.53,1736792,22354496.00
20120928,8.53,8.65,8.41,8.61,1766669,22763290.00
20121008,8.63,8.83,8.57,8.79,1598681,20856070.00
20121009,8.79,8.99,8.70,8.98,3180554,42473812.00
20121010,8.97,9.10,8.83,9.05,2913335,39301284.00
20121011,9.01,9.02,8.74,8.76,2603764,34698936.00
20121012,8.93,9.00,8.79,8.89,2321896,31005996.00
20121015,8.87,8.87,8.23,8.40,3291318,41764792.00
20121016,8.33,8.47,8.27,8.33,1324909,16666334.00
20121017,8.36,8.48,8.29,8.41,1521898,19177862.00
20121018,8.43,8.83,8.37,8.62,3211538,41571144.00
20121019,8.57,9.20,8.49,8.91,6047930,80615368.00
20121022,8.79,8.86,8.71,8.78,2635628,34681924.00
20121023,8.81,8.88,8.62,8.63,2270483,29720042.00
20121024,8.51,8.71,8.50,8.60,1257132,16213763.00
20121025,8.63,8.79,8.47,8.51,1538684,19935770.00
20121026,8.33,8.40,7.66,7.67,4072283,48364060.00
20121029,7.70,7.71,7.34,7.45,1837637,20541882.00
20121030,7.43,7.59,7.35,7.51,1218770,13682095.00
20121031,7.49,7.49,7.33,7.46,1245143,13854186.00
20121101,7.49,7.73,7.45,7.68,2402810,27405012.00
20121102,7.65,7.70,7.57,7.66,1190214,13629576.00
20121105,7.67,7.89,7.67,7.68,1364992,15866710.00
20121106,7.69,7.73,7.47,7.57,1233543,14032007.00
20121107,7.58,8.07,7.48,7.84,3877002,45664372.00
20121108,7.77,7.77,7.47,7.53,1958153,22355106.00
20121109,7.49,7.58,7.39,7.57,1267218,14297109.00
20121112,7.60,7.70,7.54,7.61,966271,11023994.00
20121113,7.61,7.61,7.29,7.31,1355710,15070087.00
20121114,7.27,7.39,7.20,7.39,941714,10308802.00
20121115,7.40,7.40,7.21,7.25,782665,8543372.00
20121116,7.07,7.25,7.05,7.17,878767,9390321.00
20121119,7.08,7.27,7.07,7.27,738337,7943942.00
20121120,7.29,7.33,7.17,7.19,723179,7857693.50
20121121,7.20,7.27,7.07,7.27,902780,9743929.00
20121122,7.24,7.31,7.10,7.26,947307,10282344.00
20121123,7.26,7.42,7.25,7.30,1218087,13408803.00
20121126,7.27,7.39,7.23,7.23,936487,10258060.00
20121127,7.16,7.17,6.69,6.69,1501585,15451332.00
20121128,6.68,6.68,6.35,6.35,1324006,12847820.00
20121129,6.36,6.45,6.23,6.23,828276,7912802.50
20121130,6.20,6.31,6.17,6.24,858300,8041349.50
20121203,6.27,6.27,5.87,5.88,1116513,10145385.00
20121204,5.83,6.13,5.67,6.06,1893737,16835776.00
20121205,6.05,6.43,6.02,6.27,2757030,25934832.00
20121206,6.20,6.33,6.16,6.28,1707926,16025141.00
20121207,6.24,6.59,6.23,6.45,2679903,25779462.00
20121210,6.53,6.92,6.39,6.77,4407745,43989984.00
20121211,6.70,6.93,6.61,6.68,3235564,32851570.00
20121212,6.67,6.73,6.52,6.63,2121344,21031112.00
20121213,6.59,6.68,6.47,6.47,1612880,15891409.00
20121214,6.47,6.76,6.47,6.75,3500310,35115040.00
20121217,6.77,7.11,6.70,6.91,3568735,37034068.00
20121218,6.93,7.31,6.74,7.19,4675691,49185904.00
20121219,7.05,7.17,6.97,7.05,2767736,29382688.00
20121220,7.02,7.10,6.84,6.95,2365298,24636474.00
20121221,6.94,7.03,6.82,6.87,2826758,29233740.00
20121224,6.90,7.19,6.85,6.98,2534175,26781870.00
20121225,6.90,7.23,6.90,7.14,2902685,30949840.00
20121226,7.20,7.63,7.09,7.43,4660912,51410280.00
20121227,7.43,7.52,7.21,7.36,3930267,43413940.00
20121228,7.32,7.38,7.17,7.29,2646603,28831514.00
20121231,7.29,7.38,7.25,7.32,1855635,20386302.00
20130104,7.37,7.43,7.21,7.28,2084800,22817126.00
20130107,7.27,7.69,7.17,7.65,6299395,71284424.00
20130108,7.60,7.71,7.47,7.63,4348089,49312192.00
20130109,7.62,8.19,7.54,7.83,6520293,76754256.00
20130110,7.95,8.61,7.88,8.61,10844792,134369024.00
20130111,8.82,9.47,8.79,9.47,6920345,95587584.00
20130114,9.47,10.25,9.27,9.90,16132686,236274928.00
20130115,9.77,10.13,9.61,9.72,12655952,186017120.00
20130116,9.57,9.71,9.15,9.47,9520782,134378000.00
20130117,9.37,9.40,8.84,8.93,5995437,81616032.00
20130118,9.02,9.25,8.87,9.16,5455832,74180336.00
20130121,9.10,9.72,9.02,9.37,7101644,100445576.00
20130122,9.37,9.54,8.80,8.92,4439443,60815216.00
20130123,8.66,8.78,8.43,8.74,4101650,52925676.00
20130124,8.69,8.72,8.11,8.42,4987450,63502000.00
20130125,8.42,8.42,8.11,8.35,2246207,27958688.00
20130128,8.45,8.73,8.43,8.64,4210589,54357656.00
20130129,8.55,8.85,8.47,8.70,3529688,45923652.00
20130130,8.70,8.70,8.43,8.49,2436847,31147418.00
20130131,8.47,8.79,8.24,8.79,3351362,42812156.00
20130201,8.79,9.67,8.75,9.67,11564153,163180528.00
20130204,9.73,9.73,9.15,9.21,6214606,86991648.00
20130205,9.10,9.25,8.94,9.13,2848526,38915400.00
20130206,9.14,9.71,9.10,9.26,3924171,55738296.00
20130207,9.26,9.26,8.93,9.07,2222672,30314416.00
20130208,9.02,9.47,9.02,9.20,2119441,29556612.00
20130218,9.23,9.33,9.01,9.27,2362405,32567796.00
20130219,9.27,9.36,8.97,9.00,1971152,26935672.00
20130220,9.00,9.70,8.73,9.47,5222450,71880216.00
20130221,9.20,9.49,9.11,9.32,4257486,59359040.00
20130222,9.18,9.64,9.18,9.39,4748013,67600968.00
20130225,9.45,9.92,9.39,9.87,7082302,103575848.00
20130226,9.87,9.87,9.50,9.53,4371510,63760664.00
20130227,9.49,9.73,9.25,9.28,3392827,47908588.00
20130228,9.32,9.53,9.13,9.53,2744948,38553856.00
20130301,9.57,9.68,9.42,9.65,2929752,41947100.00
20130304,9.53,9.65,8.90,9.06,3374257,47230932.00
20130305,8.89,9.30,8.89,9.17,2574667,35331108.00
20130306,9.13,10.09,9.08,10.09,6445687,94167072.00
20130307,10.43,10.61,9.81,9.84,9834686,150833152.00
20130308,9.71,9.97,9.59,9.61,3340990,48721544.00
20130311,9.62,9.91,9.47,9.84,2352195,34439916.00
20130312,9.76,10.57,9.75,10.27,7082724,108389968.00
20130313,10.20,10.25,9.67,10.12,3567775,53370772.00
20130314,10.02,11.00,9.95,10.73,7524048,118736056.00
20130315,10.64,11.06,10.35,10.48,5904908,94438648.00
20130318,10.31,10.75,10.16,10.20,3743131,58380420.00
20130319,10.11,10.27,9.70,10.01,3120245,46510872.00
20130320,9.94,10.31,9.85,10.31,3064419,46520380.00
20130321,10.34,10.98,10.25,10.72,6435439,102690760.00
20130322,10.65,11.20,10.60,10.89,5654615,92753976.00
20130325,10.81,11.40,10.59,11.39,6968347,115709696.00
20130326,11.27,12.53,11.03,12.28,10045016,179481872.00
20130327,12.13,12.57,11.87,11.91,7981414,146151408.00
20130328,11.73,11.85,11.07,11.41,4701310,81297632.00
20130329,11.55,12.42,11.47,12.26,8536493,153389808.00
20130401,12.13,12.73,12.07,12.73,6356707,118047184.00
20130402,12.72,13.40,11.95,12.03,9864819,189813328.00
20130403,11.91,13.23,11.82,13.23,8136618,153678320.00
20130408,13.03,14.33,12.80,13.61,12407755,251300368.00
20130409,13.41,13.99,13.23,13.50,7937252,161746208.00
20130410,13.34,13.80,12.73,12.93,6788044,134065496.00
20130411,12.95,13.31,12.81,12.94,5451538,106925632.00
20130412,13.00,13.50,12.58,13.41,6543096,128492000.00
20130415,13.26,13.71,13.13,13.41,5137828,103206240.00
20130416,13.23,13.50,12.80,13.44,4915024,97340552.00
20130417,13.50,14.13,13.37,13.97,7385738,154093920.00
20130418,13.85,14.27,13.67,13.90,4837890,101366992.00
20130419,13.94,14.13,13.72,13.85,5020680,104676008.00
20130422,13.55,14.85,13.47,14.61,6928122,147997696.00
20130423,14.33,14.78,14.25,14.27,5044016,109206808.00
20130424,14.27,15.07,14.19,14.83,5665774,124982392.00
20130425,14.79,15.40,14.27,14.30,7127101,158323776.00
20130426,14.23,14.47,12.87,12.94,5686102,116906024.00
20130502,12.63,13.40,12.07,13.15,4040771,78003440.00
20130503,13.01,13.72,13.01,13.29,3675155,73744376.00
20130506,13.40,13.70,13.20,13.35,4536693,91223328.00
20130507,13.25,13.25,12.49,12.72,4618840,88947392.00
20130508,12.63,13.53,12.62,13.41,4921805,96725448.00
20130509,13.39,13.47,13.00,13.21,3090245,61226812.00
20130510,13.13,13.13,12.19,12.72,3850206,73378096.00
20130513,12.67,13.13,12.53,12.97,2665542,51787204.00
20130514,13.03,13.17,12.73,12.90,2023358,39322740.00
20130515,12.90,13.90,12.84,13.77,5487738,111139096.00
20130516,13.87,14.10,13.42,13.60,5136363,106056040.00
20130517,13.65,13.71,13.20,13.61,4341872,87748280.00
20130520,13.52,13.72,13.07,13.49,5481801,109410376.00
20130521,13.43,14.17,13.11,14.11,7769147,160873264.00
20130522,14.07,14.26,13.43,13.60,6547019,135173632.00
20130523,13.39,14.07,13.33,13.60,4907834,101795560.00
20130524,13.53,14.20,13.50,14.09,5907733,123989928.00
20130527,14.33,14.93,14.33,14.73,6679803,147131136.00
20130528,14.75,14.85,14.19,14.29,4452097,96257000.00
20130529,14.33,14.46,13.73,14.07,4040059,84826744.00
20130530,13.98,14.35,13.73,13.99,2795683,59075324.00
20130531,13.83,13.96,13.61,13.73,3308523,68337408.00
20130603,13.71,13.72,12.98,12.99,4276806,85159032.00
20130604,12.99,13.17,12.40,12.63,2854991,54652176.00
20130605,12.61,12.92,12.59,12.82,1464416,28047540.00
20130606,12.77,12.90,12.59,12.59,1245130,23861472.00
20130607,12.56,12.85,12.37,12.71,1758811,33291454.00
20130613,12.45,12.67,12.00,12.47,1535384,28537936.00
20130614,12.41,13.07,12.41,12.94,1945987,37585288.00
20130617,12.93,13.31,12.69,12.71,1811384,35432668.00
20130830,13.99,13.99,13.74,13.99,5254217,110192000.00
20130902,13.87,14.96,13.73,14.09,7855718,169227024.00
20130903,13.69,14.00,13.37,13.59,4009052,81798672.00
20130904,13.67,14.21,13.65,13.85,3706888,77368400.00
20130905,13.93,13.93,13.33,13.40,3269776,66306716.00
20130906,13.33,13.69,13.32,13.40,1927311,38844228.00
20130909,13.45,13.45,12.52,12.79,3856992,74776384.00
20130910,12.67,12.71,12.37,12.67,2173321,40869484.00
20130911,12.60,12.60,11.59,11.80,3591900,64624216.00
20130912,11.75,11.99,11.60,11.83,1505223,26758966.00
20130913,11.88,12.00,11.63,11.95,1214034,21604770.00
20130916,11.99,12.43,11.93,12.29,1668687,30729514.00
20130917,12.36,12.59,12.01,12.06,1308474,24117460.00
20130918,12.05,12.05,11.68,11.83,1049789,18570906.00
20130923,11.83,12.02,11.58,12.01,2015318,35609096.00
20130924,12.01,12.19,11.82,11.87,1446254,25919434.00
20130925,11.87,11.91,11.59,11.62,1653350,29026228.00
20130926,11.67,11.68,11.01,11.04,1961482,33215402.00
20130927,11.22,11.85,11.21,11.31,1751950,30108838.00
20130930,11.27,11.49,11.24,11.31,904878,15367861.00
20131008,11.39,11.53,11.20,11.51,1508524,25745944.00
20131009,11.60,11.85,11.50,11.81,1982605,34808128.00
20131010,11.81,11.93,11.67,11.71,1693254,30000238.00
20131011,11.71,11.83,11.51,11.55,1374082,23961686.00
20131014,11.56,11.71,11.44,11.64,1175638,20471374.00
20131015,11.67,11.70,11.20,11.26,1693217,28978942.00
20131016,11.27,11.60,11.26,11.48,1960453,33644484.00
20131017,11.45,11.65,11.33,11.45,1244249,21459904.00
20131018,11.47,11.47,10.87,11.12,1479147,24687266.00
20131021,11.20,11.28,11.04,11.26,1191403,19948746.00
20131022,11.31,11.31,10.97,11.01,1160285,19277794.00
20131023,11.00,11.07,10.40,10.57,1439516,23168730.00
20131024,10.51,10.65,10.50,10.53,595532,9440258.00
20131025,10.57,10.63,10.22,10.25,814259,12697456.00
20131028,10.39,10.39,9.87,9.89,869828,13092661.00
20131029,9.92,10.05,8.97,9.28,1387101,19664520.00
20131030,9.21,9.47,9.20,9.44,750933,10537061.00
20131031,9.45,10.39,9.40,10.20,2771661,41291676.00
20131101,9.93,10.23,9.83,9.91,1333414,20053484.00
20131104,9.91,10.01,9.74,9.98,735720,10921110.00
20131105,9.97,9.97,9.69,9.96,830936,12292519.00
20131106,9.95,10.57,9.93,10.35,1867161,29008842.00
20131118,11.39,11.39,11.39,11.39,733211,12523244.00
20131119,12.53,12.53,11.40,11.87,6075246,108496440.00
20131120,11.60,11.73,11.46,11.59,2406025,41735284.00
20131121,11.47,11.51,11.10,11.23,1874007,31684116.00
20131122,11.24,11.57,11.13,11.27,1641031,27996638.00
20131125,11.24,11.25,10.97,11.17,1269706,21160716.00
20131126,11.17,11.39,11.11,11.31,1291595,21799990.00
20131127,11.32,11.53,11.26,11.29,1550257,26418782.00
20131128,11.29,11.47,11.21,11.35,1579050,26933442.00
20131129,11.37,11.89,11.31,11.79,2556605,44787492.00
20131202,11.30,11.67,10.67,10.73,2283704,38170496.00
20131203,10.67,11.23,10.67,11.14,1007035,16639228.00
20131204,11.00,11.47,10.95,11.33,1281967,21753022.00
20131205,11.47,12.08,11.47,11.79,2770411,49302364.00
20131206,11.77,11.77,11.40,11.54,1158677,20042808.00
20131209,11.55,11.87,11.55,11.71,971140,17099944.00
20131210,11.71,11.80,11.62,11.63,687137,12031948.00
20131211,11.59,11.59,11.05,11.23,1309540,22222334.00
20131212,11.23,11.30,10.97,11.00,1601450,26583058.00
20131213,11.00,11.20,10.99,11.05,801685,13322795.00
20131216,11.05,11.12,10.80,10.83,806016,13207105.00
20131217,10.80,11.05,10.80,10.87,598849,9813649.00
20131218,10.87,11.00,10.77,10.80,548829,8948304.00
20131219,10.77,10.95,10.67,10.68,859827,13890931.00
20131220,10.68,10.69,10.48,10.63,654214,10389739.00
20131223,10.88,11.48,10.80,10.88,1725754,28585110.00
20131224,10.71,11.05,10.71,10.95,1006949,16496579.00
20131225,11.04,11.24,10.96,11.10,1218859,20308852.00
20131226,11.05,11.12,10.67,10.67,1537210,25221228.00
20131227,10.69,11.00,10.61,10.97,1783852,28975682.00
20131230,11.03,11.32,10.91,11.19,1623854,27139268.00
20131231,11.13,11.17,10.96,11.03,1247028,20698446.00
20140102,10.99,11.33,10.93,11.31,1518482,25526968.00
20140103,11.31,11.73,11.21,11.67,3020247,52458012.00
20140106,11.64,11.76,11.28,11.42,1735296,29808894.00
20140107,11.49,11.61,11.29,11.55,1517659,26175706.00
20140108,11.65,11.99,11.61,11.63,2328461,41065448.00
20140109,11.59,11.75,11.39,11.52,1628638,28252646.00
20140110,11.43,11.57,11.20,11.37,1266705,21621584.00
20140113,11.36,11.48,11.31,11.42,751294,12826126.00
20140114,11.36,11.74,11.26,11.74,1839007,32053950.00
20140115,11.68,11.87,11.60,11.79,1610316,28322790.00
20140116,11.80,12.44,11.80,12.32,3931912,72473800.00
20140117,12.19,12.41,12.09,12.39,2206560,40531532.00
20140120,12.31,12.59,12.12,12.13,3039943,56446768.00
20140121,12.19,12.45,12.07,12.39,1465065,27007662.00
20140122,12.41,13.03,12.41,12.63,2353033,44870164.00
20140123,12.64,12.77,12.53,12.61,1774105,33613228.00
20140124,12.62,12.85,12.53,12.57,1865218,35545288.00
20140127,12.53,12.53,12.28,12.37,1838021,34228272.00
20140128,12.37,12.47,12.01,12.17,1292774,23630524.00
20140129,12.25,12.43,12.13,12.42,1273064,23532512.00
20140130,12.37,12.90,12.34,12.64,2038627,38924728.00
20140207,12.51,13.10,12.41,13.09,2680375,52016736.00
20140210,13.11,13.20,12.96,13.14,2639687,51847744.00
20140211,13.09,13.31,12.90,12.96,2571020,50346480.00
20140212,12.93,13.00,12.73,12.98,2202976,42553856.00
20140213,12.99,13.21,12.73,12.77,2057203,40056872.00
20140214,12.77,12.93,12.71,12.90,1351643,26015770.00
20140217,12.88,13.20,12.87,13.15,2421051,47504572.00
20140218,13.20,13.25,12.95,12.98,2199024,43003512.00
20140219,12.89,13.03,12.67,12.81,2196318,42134768.00
20140220,12.81,12.81,12.33,12.35,2089114,39151320.00
20140221,12.37,12.52,12.21,12.27,1404148,26077358.00
20140224,12.54,12.63,12.22,12.61,1312672,24499086.00
20140225,12.53,12.73,11.73,11.84,1703844,31301192.00
20140226,11.64,11.85,11.54,11.73,1114240,19514136.00
20140227,11.71,12.16,11.71,11.75,1218421,21661726.00
20140228,11.87,11.99,11.60,11.89,995557,17570828.00
20140303,11.87,12.02,11.63,11.96,1328376,23504148.00
20140304,11.88,11.89,11.67,11.81,962012,16965994.00
20140305,11.79,12.03,11.74,11.89,902258,16117166.00
20140306,11.88,11.99,11.65,11.95,962699,17074372.00
20140307,11.97,12.20,11.87,12.16,1186881,21577678.00
20140310,12.23,12.26,11.91,11.95,1168781,21128346.00
20140311,11.95,12.12,11.73,12.11,878346,15711292.00
20140312,12.10,12.21,11.87,12.03,734070,13269834.00
20140313,12.03,12.06,11.80,11.89,849761,15171622.00
20140314,11.80,11.81,11.43,11.43,1051400,18412870.00
20140317,11.39,11.99,11.35,11.98,1126860,19901188.00
20140318,11.96,12.17,11.91,12.10,955497,17282316.00
20140319,12.10,12.24,11.93,12.20,857351,15563365.00
20140320,12.17,12.26,11.94,12.06,1048051,19061896.00
20140321,11.99,12.13,11.77,12.10,691076,12383074.00
20140324,12.15,12.81,12.07,12.71,2000825,37709284.00
20140325,12.69,12.79,12.43,12.59,1099851,20716234.00
20140326,12.58,12.67,12.45,12.60,659181,12405588.00
20140327,12.31,12.43,11.67,11.68,1822591,32686184.00
20140328,11.61,11.80,11.31,11.33,1050227,18136942.00
20140331,11.33,11.33,10.92,11.01,762789,12625276.00
20140401,11.03,11.25,11.03,11.21,611700,10224210.00
20140402,11.21,11.27,11.07,11.12,513336,8564461.00
20140403,11.11,11.23,11.00,11.05,560326,9339689.00
20140404,11.05,11.24,11.02,11.21,352151,5905492.50
20140408,11.21,11.29,11.15,11.27,570047,9607448.00
20140409,11.27,11.47,11.27,11.41,714290,12202427.00
20140410,11.43,11.57,11.37,11.56,816554,14044339.00
20140411,11.52,11.52,11.28,11.35,607280,10369363.00
20140414,11.33,11.47,11.28,11.42,471195,8026795.00
20140415,11.42,11.50,11.33,11.35,387460,6621878.50
20140416,11.30,11.44,11.30,11.35,532476,9086130.00
20140417,12.48,12.48,12.19,12.46,3378454,63206236.00
20140418,12.11,12.13,11.79,11.81,3280019,58785940.00
20140421,11.53,11.73,11.47,11.51,1452653,25305994.00
20140422,11.53,11.75,11.52,11.73,1342659,23474198.00
20140423,11.73,11.82,11.53,11.70,1003272,17517488.00
20140424,11.67,11.67,11.45,11.53,1054644,18243796.00
20140425,11.52,11.52,10.87,10.91,1175576,19614004.00
20140428,10.32,10.43,9.84,9.97,1665580,25327424.00
20140429,10.09,10.13,10.00,10.07,737251,11145663.00
20140430,10.13,10.14,10.03,10.10,589674,8919382.00
20140505,9.09,9.87,9.09,9.80,7411832,104690856.00
20140506,9.73,9.93,9.67,9.85,5574813,82034376.00
20140507,9.80,10.03,9.75,9.77,2898156,43062996.00
20140508,9.77,9.99,9.67,9.75,1833444,27146900.00
20140509,9.77,10.05,9.74,9.85,2310764,34253168.00
20140512,9.73,9.93,9.63,9.87,3872988,57117256.00
20140513,9.95,10.03,9.73,9.83,3296313,48899400.00
20140514,9.83,9.85,9.60,9.73,2035173,29692102.00
20140515,9.70,9.76,9.33,9.33,2298531,32767960.00
20140516,9.33,9.51,9.25,9.43,1302844,18299248.00
20140519,9.37,9.50,9.29,9.46,1009347,14258253.00
20140520,9.50,9.73,9.37,9.41,2666152,38208312.00
20140521,9.34,10.17,9.23,9.97,5992236,88746600.00
20140522,9.79,10.03,9.77,9.82,4311248,64086416.00
20140523,9.80,10.05,9.73,10.05,2589717,38596708.00
20140526,10.03,10.40,10.01,10.25,5082934,78217432.00
20140527,10.17,10.33,10.17,10.30,2095819,32265296.00
20140528,10.30,10.45,10.15,10.37,3133110,48507608.00
20140529,10.33,10.48,10.25,10.25,3032046,47100752.00
20140530,10.25,10.52,10.19,10.46,2306750,35922828.00
20140603,10.53,10.53,10.00,10.00,4530553,69558504.00
20140604,10.00,10.25,10.00,10.15,2015163,30618552.00
20140605,10.15,10.35,10.10,10.33,1832974,28132338.00
20140606,10.33,10.46,10.17,10.26,2293854,35487200.00
20140609,10.24,10.34,10.13,10.20,1733689,26675438.00
20140610,10.19,10.40,10.19,10.39,1761635,27245292.00
20140611,10.37,10.70,10.37,10.57,3242649,51415552.00
20140612,10.57,10.63,10.43,10.61,1752531,27697386.00
20140613,10.62,10.81,10.57,10.73,2671023,42915808.00
20140616,10.74,10.79,10.55,10.65,2958114,47151864.00
20140617,10.61,10.61,10.39,10.49,2883226,45311348.00
20140618,10.44,10.61,10.41,10.47,1473933,23235648.00
20140619,10.47,10.53,10.00,10.03,2503573,38547580.00
20140620,10.07,10.29,10.03,10.28,1218231,18657130.00
20140623,10.32,10.72,10.29,10.67,3097829,49348716.00
20140624,10.67,10.73,10.55,10.63,2718694,43421444.00
20140625,10.63,10.77,10.51,10.75,2123444,34025712.00
20140626,10.75,11.15,10.73,10.97,3222319,53052548.00
20140627,10.97,11.24,10.91,11.11,3200577,53256460.00
20140630,11.11,11.65,11.11,11.32,3503314,59644076.00
20140701,11.32,11.46,11.19,11.33,2141900,36259920.00
20140702,11.26,11.43,11.14,11.34,2536003,42905004.00
20140703,11.33,11.50,11.31,11.43,2158380,36982844.00
20140704,11.41,11.83,11.37,11.72,3873236,67459264.00
20140707,11.73,11.97,11.55,11.86,2518677,44625512.00
20140708,11.86,12.43,11.80,12.38,5254095,96248136.00
20140709,12.33,12.43,12.10,12.14,3764660,69164488.00
20140710,12.08,12.21,11.77,11.91,3048582,54832464.00
20140711,11.88,12.27,11.84,11.99,2010305,36451532.00
20140714,12.09,12.17,11.90,12.06,1577515,28423848.00
20140715,12.06,12.12,11.70,11.88,2751047,48826996.00
20140716,11.85,12.01,11.60,11.61,2300344,40735172.00
20140717,11.61,11.77,11.49,11.74,1618531,28223142.00
20140718,11.83,12.11,11.75,11.87,2369865,42506248.00
20140721,11.93,11.93,11.39,11.56,2224983,38674756.00
20140722,11.56,11.84,11.46,11.78,1582877,27782732.00
20140723,11.73,11.85,11.54,11.60,2377235,41853176.00
20140724,11.60,11.71,11.13,11.33,2035315,34944044.00
20140725,11.27,11.43,11.17,11.36,1895153,32130596.00
20140728,11.39,11.72,11.39,11.65,1843187,31893810.00
20140729,11.66,12.19,11.66,12.07,2928886,52706636.00
20140730,12.07,12.13,11.90,12.01,2077458,37400860.00
20140731,12.03,12.22,12.00,12.07,1857640,33798092.00
20140801,12.08,12.11,11.79,11.81,2175172,38943732.00
20140804,11.87,12.05,11.67,11.97,1780265,31743194.00
20140805,11.97,12.22,11.83,12.19,2504767,45295656.00
20140806,12.16,12.16,11.92,12.11,1668501,30131614.00
20140807,12.07,12.18,11.94,11.99,1710911,30956026.00
20140808,12.00,12.35,12.00,12.22,2616696,47828752.00
20140811,12.21,12.36,12.21,12.33,3569239,65861084.00
20140812,12.33,12.33,12.13,12.28,2527258,46365808.00
20140813,12.23,12.81,12.09,12.79,7647782,143570000.00
20140814,12.76,13.29,12.53,12.92,7827235,152031360.00
20140815,13.03,14.21,13.03,14.21,19854582,415611360.00
20140818,14.32,15.63,13.82,15.33,24097888,520600480.00
20140819,14.67,14.99,14.47,14.53,15640931,344841952.00
20140820,14.51,14.76,14.01,14.07,10057005,216330592.00
20140821,14.15,14.28,13.84,14.17,6850410,144633616.00
20140822,14.03,14.65,13.97,14.28,9775225,210102592.00
20140825,14.10,14.21,13.68,13.89,7281359,152000048.00
20140826,13.73,14.12,13.33,13.57,6815584,140176160.00
20140827,13.47,13.70,13.22,13.55,4797113,97087088.00
20140828,13.49,13.79,13.28,13.31,4772038,97108432.00
20140829,13.33,13.61,13.01,13.59,5372115,107710600.00
20140901,13.67,14.09,13.60,13.99,6851500,142003328.00
20140902,13.97,14.17,13.87,14.13,7044533,147917456.00
20140903,14.16,14.19,13.89,14.00,5723215,120133416.00
20140904,13.91,14.12,13.90,13.96,4325940,90655024.00
20140905,14.02,14.10,13.74,13.83,5425725,112644080.00
20140909,13.73,13.97,13.68,13.79,3649865,75718016.00
20140910,13.73,13.73,13.47,13.55,5994441,121918512.00
20140911,13.56,13.77,13.44,13.59,5398665,110411384.00
20140912,13.53,13.90,13.49,13.88,4625767,95304976.00
20140915,13.91,14.24,13.90,14.19,7267846,153739440.00
20140916,14.23,14.27,13.22,13.33,7108366,147378352.00
20140917,13.35,13.92,13.24,13.90,5780563,118023048.00
20140918,13.73,13.95,13.67,13.74,3724472,77042248.00
20140919,13.75,13.94,13.68,13.77,3623128,75178880.00
20140922,13.73,13.74,13.16,13.20,7344380,146998320.00
20140923,13.16,13.37,13.16,13.32,3069812,61191456.00
20140924,13.32,13.59,13.21,13.53,3793896,76540184.00
20140925,13.49,13.62,13.29,13.34,4681977,94313112.00
20140926,13.25,13.73,13.22,13.72,5079980,103239824.00
20140929,13.72,14.09,13.72,14.05,5853971,122413336.00
20140930,14.10,14.15,13.95,14.06,3769340,79387352.00
20141008,14.06,14.13,13.89,14.10,4282580,90048392.00
20141009,14.14,14.42,13.94,14.29,7835078,167167568.00
20141010,14.23,14.85,14.13,14.50,9096778,198783376.00
20141013,14.49,14.49,13.99,14.30,5462574,116688384.00
20141014,14.24,14.41,14.08,14.32,5263527,112382952.00
20141015,14.31,14.32,14.09,14.27,3776460,80531800.00
20141016,14.11,14.22,13.70,13.70,4708703,99155640.00
20141017,13.60,13.65,13.31,13.51,5300722,106965464.00
20141020,13.41,13.72,13.41,13.63,3251645,66416940.00
20141021,13.60,13.89,13.58,13.84,3643682,75411440.00
20141022,13.83,13.95,13.31,13.42,4255573,86935552.00
20141023,13.37,13.49,12.90,12.91,4472725,88381656.00
20141024,12.91,13.40,12.80,13.25,3078694,60896936.00
20141027,13.23,13.41,13.14,13.27,1673608,33429374.00
20141028,13.29,13.65,13.29,13.61,2511844,50978592.00
20141029,13.61,13.99,13.61,13.82,3377584,69907768.00
20141030,13.61,13.91,13.43,13.65,7473847,152932224.00
20141031,13.71,13.79,13.43,13.65,5411341,110608184.00
20141103,13.65,14.00,13.65,13.87,5065104,105186152.00
20141104,13.83,13.97,13.78,13.93,3746672,77970392.00
20141105,13.93,13.94,13.79,13.85,2685898,55880360.00
20141106,13.80,14.23,13.80,14.19,5535666,116707648.00
20141107,14.18,14.25,13.67,13.74,5954057,125197456.00
20141110,13.84,13.91,13.56,13.60,4236812,87122768.00
20141111,13.65,13.69,12.95,13.02,5024461,100097712.00
20141112,13.13,13.38,13.03,13.37,2182740,43176424.00
20141113,13.37,13.37,12.96,13.13,2733139,53843896.00
20141114,13.03,13.13,12.81,12.94,3108911,60511400.00
20141117,12.93,13.25,12.87,13.15,2097052,41136188.00
20141118,13.15,13.39,13.08,13.26,2714212,54133716.00
20141119,13.21,13.31,13.15,13.24,1972911,39144036.00
20141120,13.23,13.23,13.07,13.20,1643857,32461834.00
20141121,13.14,13.37,13.14,13.30,2743286,54674516.00
20141124,13.38,13.43,13.24,13.33,4580787,91576208.00
20141125,13.38,13.43,13.29,13.41,4745862,95079472.00
20141126,13.43,13.62,13.35,13.54,4651200,94171064.00
20141127,13.56,13.89,13.43,13.80,7095304,145383424.00
20141128,13.70,13.87,13.61,13.67,5493271,113152376.00
20141201,13.63,13.65,13.21,13.27,5158437,103763400.00
20141202,13.28,13.55,13.27,13.39,4132017,83235816.00
20141203,13.37,13.82,13.13,13.80,7343288,147453232.00
20141204,13.81,14.06,13.77,13.92,6834906,142874032.00
20141205,13.92,13.92,13.27,13.43,5593805,113640992.00
20141208,13.40,13.67,13.20,13.57,4803602,97190000.00
20141209,13.43,13.53,12.89,12.89,5338046,106156264.00
20141210,13.02,13.17,12.65,13.14,3287299,63857540.00
20141211,13.06,13.15,12.88,13.13,4413536,85983168.00
20141212,13.18,13.66,13.15,13.63,4597950,92761200.00
20141215,13.66,13.91,13.60,13.73,6203797,128132992.00
20141216,13.69,13.79,13.51,13.65,3815353,77976096.00
20141217,13.65,13.65,13.19,13.27,4301562,86270488.00
20141218,13.33,14.59,13.27,14.11,10863760,228011712.00
20141219,14.07,14.73,13.92,14.53,13438834,289178464.00
20141222,14.40,14.40,13.29,13.59,9608070,199201040.00
20141223,13.49,14.06,13.35,13.65,4725270,97627312.00
20141224,13.70,15.02,13.70,15.02,15161789,332459424.00
20141225,15.02,15.94,14.87,15.48,18164406,418514144.00
20141226,15.33,15.63,15.07,15.35,8622342,197510896.00
20141229,15.15,15.31,14.69,14.90,7846962,175508256.00
20141230,14.76,16.32,14.69,15.45,11433000,267664272.00
20141231,15.47,15.63,14.84,15.03,6834852,155039216.00
20150105,14.97,15.12,13.53,13.53,15060634,312044352.00
20150106,13.23,13.53,12.73,13.34,9126249,178703376.00
20150107,13.32,13.32,12.93,13.05,6327121,124028888.00
20150108,13.00,13.19,12.85,12.99,4495408,87758480.00
20150109,12.89,13.17,12.89,13.00,3913021,76569296.00
20150112,12.94,13.09,12.87,13.00,3003470,58545404.00
20150113,13.02,13.30,12.82,13.22,6355345,124651488.00
20150114,13.23,13.23,12.94,12.94,3610600,70608872.00
20150115,12.90,13.05,12.87,12.97,3342329,64973908.00
20150116,12.92,12.99,12.69,12.92,8175579,157297184.00
20150119,12.73,12.97,12.61,12.78,6271740,120371296.00
20150120,12.77,13.14,12.77,13.11,6862471,133717832.00
20150121,13.17,13.27,13.07,13.21,10178679,200908736.00
20150122,13.13,13.52,13.13,13.44,10638867,211986016.00
20150123,13.51,13.51,13.20,13.24,6348617,126744016.00
20150126,13.31,13.66,13.23,13.57,11123354,223711424.00
20150127,13.57,13.77,13.35,13.58,8255911,167794048.00
20150128,13.58,14.07,13.40,14.01,12838639,265537472.00
20150129,13.84,13.97,13.69,13.73,7920884,163672416.00
20150130,12.40,12.80,12.36,12.36,23393960,437149408.00
20150202,12.00,12.19,11.75,11.93,7281521,130660496.00
20150203,11.93,12.17,11.93,12.09,4770574,86262896.00
20150204,12.12,12.19,11.93,11.95,4309802,78031888.00
20150205,12.03,12.11,11.87,11.87,4825370,86645896.00
20150206,11.89,11.89,11.35,11.43,6229007,108125048.00
20150209,11.40,11.72,11.37,11.55,2994999,51900868.00
20150210,11.57,11.76,11.53,11.73,2703697,47326920.00
20150211,11.68,11.77,11.65,11.71,2345299,41185788.00
20150212,11.75,11.89,11.68,11.84,2953988,52398488.00
20150213,11.93,11.97,11.80,11.94,4755423,84865608.00
20150216,11.94,12.21,11.92,12.15,6200188,112580760.00
20150217,12.17,12.32,11.99,12.06,7448576,135456832.00
20150225,12.06,12.23,12.01,12.12,4550496,82884464.00
20150226,12.15,12.17,12.06,12.15,3490676,63398192.00
20150227,12.15,12.26,12.09,12.22,4313657,78997176.00
20150302,12.23,12.61,12.23,12.57,7422894,138584960.00
20150303,12.42,12.79,12.40,12.44,7940624,149892800.00
20150304,12.44,12.65,12.44,12.60,5272914,99217328.00
20150305,12.59,12.93,12.51,12.91,7956556,152543328.00
20150306,12.90,12.91,12.66,12.77,5619665,107714592.00
20150309,12.73,12.89,12.51,12.86,4469159,85041776.00
20150310,12.81,13.09,12.81,13.09,6549487,127391880.00
20150311,13.10,13.13,12.85,12.92,4390859,85464352.00
20150312,12.93,13.09,12.59,12.69,5358474,102865848.00
20150313,12.73,13.00,12.67,12.99,4486605,86553984.00
20150316,12.98,13.30,12.97,13.27,6958117,137773472.00
20150317,13.31,13.51,13.12,13.35,8916734,178174912.00
20150318,13.37,13.80,13.23,13.77,11045232,225619872.00
20150319,13.67,14.10,13.61,13.81,9227922,192099664.00
20150320,13.82,14.43,13.75,14.29,9273079,197663696.00
20150323,14.60,15.10,14.21,14.84,11975155,262802752.00
20150324,14.85,14.93,14.05,14.55,11644416,253105632.00
20150325,14.42,14.93,14.27,14.79,9692606,212896448.00
20150326,14.59,14.70,14.13,14.30,8504417,183805920.00
20150327,14.27,15.16,14.24,15.08,11182950,246954640.00
20150330,15.15,15.38,14.87,15.25,9734302,220406240.00
20150331,14.90,15.27,14.75,15.09,11612300,261720352.00
20150401,15.07,15.99,15.03,15.77,11245217,264347280.00
20150402,15.77,16.37,15.63,16.08,10262316,246454464.00
20150403,16.09,16.65,15.74,16.53,8813991,213340544.00
20150407,16.52,17.00,16.33,16.57,7968894,198853168.00
20150408,16.59,16.79,15.73,16.13,8901138,215846368.00
20150409,16.00,16.12,15.07,15.67,8329699,193574480.00
20150410,15.62,17.23,15.48,17.23,7433926,186950448.00
20150413,18.33,18.33,17.11,17.80,14816956,399528128.00
20150414,17.66,19.53,17.35,19.00,10928519,304387616.00
20150415,18.66,18.80,17.59,18.00,8827646,240589408.00
20150416,17.80,18.56,17.18,17.87,7160864,192634000.00
20150417,17.87,18.07,17.47,17.55,7185118,190666048.00
20150420,17.25,17.53,16.47,16.79,8513280,216717024.00
20150421,16.81,17.45,16.61,17.42,5818662,148981616.00
20150422,17.57,18.00,17.43,17.71,5806397,154833008.00
20150423,17.67,18.66,17.37,18.29,9629228,260618928.00
20150424,17.89,18.13,17.60,17.87,6244008,167401920.00
20150427,17.86,18.40,17.43,17.53,9049570,242631456.00
20150428,17.53,17.68,16.84,17.37,8610068,222336160.00
20150429,17.37,18.20,17.17,18.07,8533192,228995712.00
20150430,17.80,18.63,17.80,18.53,9962679,274344224.00
20150504,18.53,19.33,18.00,18.80,6434614,180908128.00
20150505,18.85,19.20,17.80,18.53,8649207,240023104.00
20150506,18.53,18.79,18.12,18.44,5806719,160571216.00
20150507,18.44,18.45,17.53,18.07,5113509,137070128.00
20150508,18.07,19.87,18.00,19.67,12419800,352509728.00
20150511,19.67,20.47,19.20,20.32,11199084,334548352.00
20150512,20.26,22.32,19.93,21.46,10049564,320852960.00
20150513,21.05,22.44,20.92,21.90,10023809,330158400.00
20150514,21.73,21.97,21.02,21.47,7139286,229373488.00
20150515,21.47,21.60,20.59,21.37,6471765,202937072.00
20150518,21.34,22.31,21.19,21.57,5411083,176588912.00
20150519,21.47,23.42,21.07,23.32,8032342,266959296.00
20150520,23.26,25.65,22.97,25.19,9351601,346035168.00
20150521,25.19,26.38,24.73,25.40,7973958,306646560.00
20150522,25.33,25.33,24.27,25.20,7703358,286875136.00
20150525,25.20,27.00,25.00,26.00,7184526,280612352.00
20150526,26.01,26.70,25.44,26.40,6496626,255991408.00
20150527,26.39,27.20,25.72,26.16,5873395,231766912.00
20150528,26.11,26.11,24.33,25.31,9806271,368017504.00
20150529,25.11,25.39,23.33,25.23,4996628,184881728.00
20150601,25.27,26.00,25.27,25.99,5068939,195210992.00
20150602,25.99,26.13,25.13,26.05,6227744,240601888.00
20150603,25.77,28.45,25.77,27.60,7277266,297010048.00
20150604,27.33,27.33,25.19,26.63,6211464,245028928.00
20150605,26.67,27.97,25.92,26.27,5373893,215396752.00
20150608,25.93,27.33,25.30,27.02,10672073,422988608.00
20150609,27.00,28.00,26.67,27.24,5275810,216743056.00
20150610,27.14,29.97,27.08,29.97,7149164,315546176.00
20151009,26.97,26.97,26.97,26.97,53300,2156518.00
20151109,24.27,24.27,24.27,24.27,815100,29677792.00
20151110,21.85,21.85,21.85,21.85,755600,24761012.00
20151111,19.66,23.33,19.66,21.59,72636720,2236044800.00
20151112,20.46,21.12,20.06,20.19,47467643,1460685696.00
20151113,20.50,20.65,19.53,19.82,34156851,1027400704.00
20151116,19.33,20.19,19.00,20.00,20013094,588607104.00
20151117,20.01,20.66,20.01,20.64,20173424,617462720.00
20151130,19.33,19.43,18.57,19.17,22588334,638630784.00
20151201,18.68,18.97,17.91,18.60,20069806,556400832.00
20151202,18.37,18.75,17.73,18.37,11386513,312341952.00
20151203,20.21,20.21,20.21,20.21,6192631,187760576.00
20151204,21.00,22.23,20.35,22.23,37646728,1206491776.00
20151207,22.67,23.52,21.63,22.25,41253282,1394912640.00
20151208,21.61,21.89,20.87,21.32,24055191,771473024.00
20151209,21.67,22.47,21.33,21.52,19829677,647763776.00
20151210,21.14,21.87,20.85,21.00,14271902,456543040.00
20151211,21.13,21.86,21.13,21.40,12996746,419085824.00
20151214,21.00,23.25,20.80,22.73,20393118,687188992.00
20151215,22.66,23.33,22.31,23.15,17130070,585264960.00
20151216,23.33,24.33,22.93,23.67,17235655,614018688.00
20151217,23.69,24.25,23.45,23.87,15121248,540015872.00
20151218,23.90,24.99,23.67,24.73,15273424,558692160.00
20151221,24.34,24.80,23.90,24.23,11976004,434808096.00
20151222,24.23,24.23,23.45,23.73,10736145,382274944.00
20151223,23.87,25.01,23.74,24.01,10748247,394330496.00
20151224,23.93,24.46,23.11,23.39,10351116,364430336.00
20151225,23.59,23.92,23.01,23.31,10219536,360258176.00
20151228,23.25,23.67,22.67,22.69,9694209,337785152.00
20151229,22.79,23.56,22.51,23.55,8893518,306851680.00
20151230,23.55,24.05,23.43,23.76,7641829,272633024.00
20151231,23.79,23.83,22.97,23.05,6507654,227516848.00
20160104,22.90,23.15,20.75,20.75,9189933,296748352.00
20160105,18.99,20.75,18.77,19.70,11942056,356074720.00
20160106,19.96,20.47,19.37,20.47,7790110,233865584.00
20160107,20.00,20.03,18.43,18.43,2561676,72953000.00
20160108,18.94,19.33,16.67,18.67,9695245,269694592.00
20160111,17.75,18.00,16.80,16.80,10343727,267056816.00
20160112,15.71,16.67,15.54,16.13,9061231,218495520.00
20160113,16.27,16.52,14.80,14.87,6712546,160250816.00
20160114,14.27,15.73,13.93,15.57,10470588,229776832.00
20160115,15.33,15.91,15.23,15.73,10688836,249909008.00
20160118,15.23,16.30,14.81,15.92,8135771,191758960.00
20160119,15.79,16.91,15.75,16.76,8302387,204700512.00
20160120,16.60,16.91,16.20,16.52,8024832,200134400.00
20160121,16.26,17.30,16.08,16.27,10173445,255955312.00
20160122,16.64,16.86,15.67,16.36,7187789,175695664.00
20160125,16.60,17.21,16.22,17.01,8195422,206936064.00
20160126,17.00,17.16,15.31,15.35,10454845,256034720.00
20160127,15.43,15.73,14.33,15.60,9887868,225172256.00
20160128,15.34,15.73,14.05,14.67,7824314,179318400.00
20160129,14.67,15.50,14.35,15.29,6483086,145912672.00
20160201,14.11,15.00,14.11,14.40,9441253,205645184.00
20160202,14.29,15.00,14.27,14.81,6291815,139305184.00
20160203,14.60,15.57,14.41,15.31,6601057,147285152.00
20160204,15.40,16.84,15.40,16.83,11506634,284974528.00
20160205,16.83,16.97,16.21,16.33,6502110,161923312.00
20160215,15.77,16.83,15.61,16.70,5581231,137471440.00
20160216,16.67,17.24,16.61,17.17,7107123,181352464.00
20160217,17.00,17.23,16.60,17.07,6268195,159385520.00
20160218,17.13,17.67,17.01,17.07,6804347,176345840.00
20160219,16.93,17.43,16.81,17.42,4926255,126440368.00
20160222,17.50,17.65,17.31,17.56,6504588,170399216.00
20160223,17.53,18.53,17.27,18.14,8068209,215005472.00
20160224,17.87,18.27,17.35,17.63,6075213,162288512.00
20160225,17.60,17.80,15.87,15.87,7549935,188083760.00
20160226,16.00,16.10,15.35,15.72,5584380,132074080.00
20160229,15.66,15.66,14.15,14.15,7635978,165949616.00
20160301,14.15,14.33,13.03,13.93,5668736,117007848.00
20160302,13.73,15.00,13.73,14.69,7535950,161867088.00
20160303,14.67,15.19,14.53,14.56,6565113,145423936.00
20160304,14.46,14.63,13.27,13.50,6096994,127008520.00
20160307,13.87,14.14,13.55,13.71,5026284,104376752.00
20160308,13.76,14.22,13.12,14.09,6267521,128761112.00
20160309,13.77,13.99,13.40,13.77,3856928,79734536.00
20160310,13.73,14.08,13.39,13.43,3641740,74591744.00
20160311,13.20,13.58,13.11,13.51,3125904,62728808.00
20160314,13.71,14.33,13.57,14.00,6024193,126288056.00
20160315,13.99,14.02,13.73,13.87,3468813,72230672.00
20160316,14.53,14.99,13.99,14.06,8106397,175846304.00
20160317,14.27,14.73,14.11,14.67,7625067,166070992.00
20160318,14.72,15.45,14.57,15.41,7785577,176502112.00
20160321,15.61,16.13,15.26,15.92,7815563,182800544.00
20160322,15.70,17.51,15.50,17.03,12143709,300715616.00
20160323,16.71,17.67,16.71,17.40,9922404,256964368.00
20160324,17.25,17.43,16.73,17.03,8337329,213591776.00
20160325,16.92,17.48,16.81,17.41,7172620,185754512.00
20160328,17.33,17.80,16.74,17.53,7184790,187426256.00
20160329,17.47,17.57,16.79,17.23,7309203,189183392.00
20160330,17.33,17.69,16.59,17.56,16038441,413371296.00
20160331,17.47,17.60,17.19,17.37,14849810,387219808.00
20160401,17.33,17.45,16.81,17.09,9951395,255227984.00
20160405,17.00,17.25,16.80,17.09,13444041,344342144.00
20160406,17.00,17.28,16.78,17.00,10324961,264433408.00
20160407,17.04,17.05,16.21,16.21,8769918,219089872.00
20160408,16.07,16.49,15.54,16.47,10016998,238434256.00
20160411,16.52,17.20,16.37,16.91,14098297,356104096.00
20160412,16.88,17.13,16.71,16.95,10028618,254690720.00
20160413,17.05,17.45,16.94,16.94,12059895,312133696.00
20160414,17.11,17.51,16.97,17.40,9032113,233827568.00
20160415,17.52,17.87,17.15,17.59,11037711,289854304.00
20160418,17.44,17.47,16.93,16.98,7028090,180850768.00
20160419,17.03,18.67,17.03,18.07,13465040,358987712.00
20160420,18.07,18.98,16.67,18.77,20616803,561689856.00
20160421,18.32,18.76,18.01,18.15,13220410,365139488.00
20160422,17.80,18.13,17.40,17.77,8096808,215474416.00
20160425,17.27,17.59,17.17,17.32,6365803,165515920.00
20160426,17.19,17.91,17.11,17.89,7089418,186181680.00
20160427,17.80,18.22,17.41,17.58,9227121,247460080.00
20160428,17.33,17.47,16.94,17.36,6876524,177400480.00
20161028,16.59,16.59,16.49,16.49,2985600,73948280.00
20161031,15.67,15.67,15.67,15.67,2161300,50790552.00
20161101,14.89,15.57,14.89,15.20,17415137,393093600.00
20161102,15.07,15.96,15.07,15.79,10047242,236674496.00
20161103,15.73,16.33,15.72,16.00,9477664,228572272.00
20161104,15.92,16.25,15.91,16.13,3913628,94400192.00
20161107,16.11,16.35,15.91,16.07,4009144,97159408.00
20161108,16.13,16.44,16.05,16.18,4047511,98658104.00
20161109,16.36,16.45,16.05,16.11,4248386,103271440.00
20161110,16.20,16.31,16.06,16.27,3573350,86688904.00
20161111,16.25,16.55,16.25,16.51,4335927,106861160.00
20161114,16.49,17.33,16.39,17.12,5474682,139463872.00
20161115,17.12,17.59,16.90,17.51,4637100,120035888.00
20161116,17.51,17.79,17.20,17.25,4132321,108166600.00
20161117,17.21,17.36,16.97,17.17,2821754,72647536.00
20161118,17.25,17.67,17.01,17.53,3440763,89544096.00
20161121,17.56,18.41,17.56,18.41,6959156,189494960.00
20161122,18.27,18.73,17.87,17.93,6177159,169527936.00
20161123,17.95,18.13,17.79,17.99,3367798,90767040.00
20161124,17.85,18.15,17.33,17.75,4191715,111948896.00
20161125,17.80,18.20,16.86,17.57,4570481,119780776.00
20161128,17.67,17.80,17.46,17.74,2704772,71457752.00
20161129,17.73,17.97,17.47,17.48,2905601,77473576.00
20161130,17.54,18.35,17.54,18.35,6404907,173099296.00
20161201,18.40,18.40,17.88,18.05,6160495,167147760.00
20161202,18.11,18.16,17.78,17.80,4095901,110253520.00
20161215,17.00,17.52,16.91,16.91,6248153,159395136.00
20161216,16.53,17.25,16.53,16.99,2741384,69631360.00
20161219,17.25,17.28,16.87,16.97,1880193,47994096.00
20161220,16.83,16.96,16.37,16.44,3117967,77641944.00
20161221,16.40,16.66,16.25,16.45,2023915,50017380.00
20161222,16.40,17.19,16.40,16.70,2490985,62555472.00
20161223,16.70,16.73,16.21,16.26,2609040,64173860.00
20161226,16.01,16.04,15.45,15.80,2933219,68820080.00
20161227,15.72,16.11,15.68,16.03,1510749,36044588.00
20161228,16.15,16.29,16.00,16.10,1726428,41788768.00
20161229,16.01,16.13,16.00,16.07,1308654,31518866.00
20161230,16.10,16.35,16.07,16.15,1590600,38680512.00
20170103,16.20,16.29,16.04,16.12,1619197,39247632.00
20170104,16.16,16.21,16.07,16.13,1624342,39316544.00
20170105,16.13,16.19,16.07,16.09,1421133,34385504.00
20170106,16.13,16.13,15.45,15.59,4613291,108169656.00
20170109,15.52,15.59,15.21,15.48,2569377,59281408.00
20170110,15.48,15.88,15.42,15.71,1930542,45528348.00
20170111,15.68,16.16,15.63,15.85,1989446,47649084.00
20170112,15.85,16.02,15.48,15.50,1514258,35676952.00
20170113,15.50,15.67,15.03,15.10,2293410,52647824.00
20170116,14.93,14.95,14.35,14.35,2893582,62686820.00
20170117,14.12,14.13,13.63,13.83,4800745,99018880.00
20170118,13.83,14.11,13.68,14.03,1955719,40992420.00
20170119,14.03,14.65,13.88,14.51,2516233,54383608.00
20170120,14.51,14.66,14.31,14.55,1495903,32605740.00
20170123,14.55,14.77,14.55,14.77,1067683,23516580.00
20170124,14.77,14.86,14.60,14.79,1022963,22690902.00
20170125,14.79,14.98,14.70,14.86,862712,19255410.00
20170126,14.88,15.04,14.81,15.01,780762,17519870.00
20170203,14.87,15.01,14.80,14.87,701300,15699756.00
20170206,14.63,14.89,14.62,14.89,856219,18970498.00
20170207,14.80,14.99,14.67,14.77,1635142,36328592.00
20170208,14.74,14.79,14.59,14.75,1613547,35445780.00
20170209,14.63,14.76,14.63,14.69,1429313,31479210.00
20170210,14.70,14.79,14.27,14.27,2090037,45664808.00
20170213,14.00,14.09,13.60,14.06,2718559,56671020.00
20170214,14.09,14.10,13.80,13.90,2662137,55455232.00
20170215,13.78,14.11,13.68,13.98,2166603,45269752.00
20170216,13.93,14.68,13.78,14.68,3201479,69287096.00
20170217,15.05,15.27,14.68,14.91,4092168,92199864.00
20170220,14.79,15.17,14.73,14.94,2438967,54901648.00
20170221,15.07,15.07,14.81,14.97,1457159,32650614.00
20170222,14.89,15.07,14.89,15.04,1221239,27458948.00
20170223,15.04,15.45,15.04,15.22,2476912,56744648.00
20170224,15.47,15.52,15.22,15.41,2261510,52178672.00
20170227,15.43,15.79,15.43,15.55,2815356,65957372.00
20170228,15.53,15.97,15.26,15.85,3098241,72856720.00
20170301,15.79,16.53,15.74,16.47,3434153,83577872.00
20170302,16.66,16.87,16.13,16.27,3880630,96000680.00
20170303,16.33,16.39,16.01,16.11,2260857,54689644.00
20170306,16.11,16.23,15.91,16.15,1461000,35392980.00
20170307,16.25,16.25,15.85,16.15,2180609,52476596.00
20170308,16.09,16.37,15.92,16.35,4962335,119956560.00
20170309,16.33,16.63,16.23,16.43,5023353,123468728.00
20170310,16.47,16.65,16.27,16.60,2691302,66734636.00
20170313,16.52,16.60,16.40,16.43,1334614,32942714.00
20170314,16.45,16.59,15.97,15.97,1926511,46827128.00
20170315,15.84,16.04,15.67,15.88,1727399,41076604.00
20170316,15.89,16.09,15.82,15.90,2337267,55800472.00
20170317,15.90,16.18,15.87,16.05,2746703,65953200.00
20170320,15.93,16.10,15.80,15.92,2065396,49358980.00
20170321,15.83,16.01,15.81,15.90,1609470,38335620.00
20170322,15.83,15.85,15.48,15.60,2019723,47495852.00
20170323,15.51,15.69,15.47,15.59,1392905,32577314.00
20170324,15.60,15.60,15.13,15.31,1871548,43051196.00
20170327,15.31,15.31,14.92,14.92,1844841,41578684.00
20170328,14.87,15.31,14.87,15.17,1398583,31788486.00
20170329,15.20,15.45,14.99,15.29,1321968,30206848.00
20170330,15.32,15.40,14.70,14.77,1616845,36463940.00
20170331,14.76,14.93,14.71,14.73,994771,22059028.00
20170405,14.93,15.45,14.63,15.23,1466186,33097726.00
20170406,15.30,15.41,15.12,15.23,852148,19532774.00
20170407,15.19,15.31,15.00,15.16,1414410,32161888.00
20170410,15.10,15.25,14.99,15.01,1055701,23905184.00
20170411,14.93,15.09,14.80,14.89,1293060,28941716.00
20170412,14.80,15.03,14.67,14.89,1210393,26966470.00
20170413,14.81,15.03,14.74,15.03,1104663,24818814.00
20170414,15.05,15.42,14.93,15.20,2278824,52126112.00
20170417,15.17,15.32,14.81,14.87,2447273,55104780.00
20170418,14.27,15.03,14.27,14.69,1393960,30991750.00
20170419,14.67,14.69,13.96,13.96,2308199,48858224.00
20170420,14.45,14.47,13.95,14.07,1439870,30648138.00
20170421,14.07,14.32,13.85,14.30,1523502,32105762.00
20170424,14.16,14.57,14.13,14.22,2004005,43163280.00
20170425,14.37,14.37,14.06,14.17,734000,15582845.00
20170426,14.13,14.21,13.46,13.52,2301411,47345872.00
20170427,13.51,13.51,12.85,13.03,2455093,47924024.00
20170428,13.03,13.25,12.91,13.11,1175800,23159284.00
20170502,12.95,13.39,12.95,13.13,1627102,32159684.00
20170503,12.97,13.44,12.97,13.40,2439800,48641696.00
20170504,13.37,13.37,13.13,13.15,1804600,35821744.00
20170505,12.89,13.20,12.89,13.01,1340882,26266880.00
20170508,13.01,13.10,12.36,12.36,2721760,51196076.00
20170509,12.32,12.46,11.74,11.74,2716301,48072304.00
20170510,11.75,11.83,11.40,11.51,2190604,38312052.00
20170511,11.60,11.60,10.94,10.94,2136467,35347840.00
20170512,10.81,11.49,10.54,11.49,3855884,64239532.00
20170515,11.49,12.05,11.40,11.85,2784974,49457480.00
20170516,11.80,12.45,11.61,12.45,4997043,91961584.00
20170518,12.63,13.33,12.45,12.53,9032414,173334384.00
20170519,12.07,12.79,11.85,12.43,4549290,83816440.00
20170522,12.40,12.93,12.33,12.60,3172088,60240584.00
20170523,12.53,12.60,11.86,11.89,2458937,44918412.00
20170524,11.83,12.05,10.95,11.92,2940800,50518092.00
20170525,11.87,11.94,11.63,11.71,1345900,23750610.00
20170526,11.87,11.97,11.57,11.72,1237500,21750920.00
20170531,11.73,11.99,11.06,11.13,3346553,56678060.00
20170601,11.03,11.07,10.13,10.34,2227553,35800856.00
20170602,10.30,10.66,9.59,10.51,3290100,50111768.00
20170605,10.54,11.30,10.53,11.11,2862249,47213616.00
20170606,11.20,11.45,10.95,11.19,1848206,31117054.00
20170607,11.18,11.64,11.13,11.51,1875533,32181634.00
20170608,11.52,11.67,11.20,11.33,1881918,32363010.00
20170609,11.19,11.67,11.00,11.23,2188971,36965148.00
20170612,11.22,11.33,10.81,10.90,1377100,22759630.00
20170613,10.91,11.77,10.84,11.77,3362333,57228584.00
20170614,12.07,12.67,11.85,12.09,5753311,106053576.00
20170615,12.43,13.30,12.37,12.51,6670200,127032952.00
20170616,12.40,12.47,12.21,12.35,3718492,68746824.00
20170619,12.45,12.53,12.20,12.25,2015700,37337072.00
20170620,12.25,12.50,12.10,12.38,3118672,57469892.00
20170621,12.38,12.56,12.25,12.47,2259222,42099028.00
20170622,12.42,12.57,12.20,12.35,2968221,55266344.00
20170623,12.21,12.35,11.80,11.99,2662452,47949792.00
20170626,12.46,12.49,12.08,12.09,2742320,50459288.00
20170627,12.09,12.35,12.00,12.21,2434711,44579156.00
20170628,12.25,12.45,12.14,12.34,2090680,38604860.00
20170629,12.34,13.07,12.23,12.88,4533055,85834256.00
20170630,12.68,13.07,12.66,12.89,3222853,62356160.00
20170703,12.87,13.02,12.75,12.91,1783351,34460232.00
20170704,12.95,13.11,12.72,12.85,2220951,43015704.00
20170705,12.94,12.94,12.40,12.62,3107122,39393668.00
20170706,12.66,12.78,12.47,12.56,2638473,33229694.00
20170707,12.47,12.58,12.30,12.47,2393136,29766884.00
20170710,12.36,12.68,12.36,12.41,2309107,28993922.00
20170711,12.41,12.47,11.75,11.75,3604874,43583452.00
20170712,11.66,11.89,11.33,11.82,2706701,31415458.00
20170713,11.79,12.06,11.69,11.91,2402151,28657978.00
20170714,11.67,12.00,11.37,11.68,3609004,41819880.00
数据来源:通达信
