002343 慈文传媒 日线 前复权
      日期	    开盘	    最高	    最低	    收盘	    成交量	    成交额
20100126,17.51,19.01,16.81,18.03,14984700,571244160.00
20100127,17.34,18.00,16.95,17.37,7080590,268223248.00
20100128,17.08,17.24,15.55,15.81,5628748,198958976.00
20100129,15.48,16.27,15.26,15.83,3240037,112166784.00
20100201,15.42,15.56,14.62,14.67,3392308,111255200.00
20100202,14.77,15.40,14.66,15.08,2702472,89271120.00
20100203,14.99,15.21,14.36,15.12,2178106,71021080.00
20100204,15.11,15.35,14.76,15.04,1926749,63938468.00
20100205,14.58,14.75,14.37,14.51,1829139,58640836.00
20100208,14.64,14.83,14.44,14.73,1141694,36824816.00
20100209,14.51,15.00,14.50,14.67,892616,28953128.00
20100210,14.78,15.17,14.65,15.14,1423781,46736756.00
20100211,15.45,16.31,15.44,15.76,3340633,116786008.00
20100212,15.78,16.17,15.56,16.02,2056926,71580888.00
20100222,16.10,16.50,15.90,15.90,1950392,68726824.00
20100223,15.81,15.95,15.34,15.91,1544015,52706868.00
20100224,15.80,16.63,15.74,16.55,2266326,81094976.00
20100225,16.70,17.61,16.62,17.41,3186394,119475032.00
20100226,17.45,17.78,17.16,17.56,2544653,96344616.00
20100301,17.50,17.75,17.11,17.21,2766074,104162752.00
20100302,16.79,16.81,16.40,16.59,4228250,152433856.00
20100303,16.55,16.70,16.36,16.43,2438569,87846904.00
20100304,16.45,16.67,16.18,16.23,1841906,66035708.00
20100305,16.23,16.46,16.20,16.36,1214694,43360560.00
20100308,16.31,16.59,16.29,16.46,1038167,37241764.00
20100309,16.45,16.45,16.06,16.28,947691,33607820.00
20100310,16.29,16.50,16.16,16.33,778897,27800858.00
20100311,16.26,16.72,16.05,16.68,1533199,54708940.00
20100312,16.61,17.09,16.41,16.43,2358392,86370672.00
20100315,16.51,16.68,15.81,15.98,1426571,50105428.00
20100316,15.94,16.08,15.66,15.93,756448,26237724.00
20100317,15.88,16.26,15.88,16.25,944483,33280020.00
20100318,16.27,16.37,16.04,16.11,796733,28175912.00
20100319,16.10,16.43,16.00,16.27,984331,34925932.00
20100322,16.22,16.55,16.17,16.45,941879,33672984.00
20100323,16.45,16.48,16.00,16.06,1102521,38940004.00
20100324,16.07,16.68,16.00,16.68,1973543,70638792.00
20100325,16.53,17.03,16.53,16.91,2559519,94001304.00
20100326,16.96,16.96,16.52,16.79,1469476,53634948.00
20100330,16.81,17.33,16.80,17.21,2221725,82652312.00
20100331,17.50,17.73,17.11,17.26,2496585,94659520.00
20100401,17.38,17.99,17.16,17.66,2529877,97063048.00
20100402,17.60,18.13,17.52,18.03,1994677,77061128.00
20100406,18.03,18.40,17.95,18.31,1636895,64295984.00
20100407,18.32,18.61,18.06,18.61,2359669,93561736.00
20100408,18.60,18.60,17.81,17.81,2250574,86933648.00
20100409,17.81,18.01,17.51,17.83,1708547,64705348.00
20100412,17.85,18.28,17.76,18.18,1859469,71565480.00
20100413,18.16,18.50,16.91,17.16,2422570,90937560.00
20100414,17.06,17.40,17.03,17.25,1077220,39534572.00
20100415,17.33,17.40,16.38,16.59,1270091,45774632.00
20100416,16.59,16.87,16.56,16.71,600126,21520520.00
20100419,16.71,17.14,16.32,16.41,1070812,38529416.00
20100420,16.40,16.95,16.02,16.92,903160,31847524.00
20100421,16.93,17.66,16.81,17.61,1759096,65265836.00
20100422,17.53,18.06,17.48,17.96,2103277,80318376.00
20100423,17.58,17.61,16.81,16.90,2839360,104030104.00
20100426,16.71,16.72,15.88,15.89,4183114,145304960.00
20100427,15.76,15.76,15.06,15.36,2164058,71394792.00
20100428,15.36,16.06,15.25,15.87,2107321,71355504.00
20100429,15.83,16.15,15.06,15.11,1673960,56602080.00
20100430,15.05,15.33,14.52,14.82,1064661,34103888.00
20100504,14.66,14.89,14.55,14.78,832622,26478784.00
20100505,14.66,15.21,14.57,15.17,1024191,33057166.00
20100506,15.23,15.79,14.97,15.08,2054983,68447368.00
20100507,14.71,15.56,14.54,15.46,2094564,68603408.00
20100510,15.34,15.73,15.07,15.51,1515545,50262904.00
20100511,15.61,15.87,15.06,15.08,1289546,43031776.00
20100512,14.86,14.99,13.45,13.45,2286183,69400952.00
20100513,13.31,13.55,12.80,13.51,1517202,43341956.00
20100514,13.31,13.60,13.22,13.41,732613,21370900.00
20100517,13.20,13.31,12.00,12.00,1062498,29376460.00
20100518,12.24,12.28,11.58,12.11,1060181,27814268.00
20100519,11.98,12.46,11.81,12.22,799098,21406328.00
20100520,12.17,12.38,11.76,11.85,701136,18610888.00
20100521,11.46,12.06,11.31,12.05,945760,24426716.00
20100524,12.31,12.80,12.21,12.69,1505860,41426936.00
20100525,12.60,12.74,12.36,12.55,1178203,32278792.00
20100526,12.49,12.63,12.41,12.61,668178,18342392.00
20100527,12.59,12.93,12.38,12.89,847939,23555618.00
20100528,12.98,13.14,12.71,12.85,1126042,31809460.00
20100531,12.85,12.88,12.17,12.18,997768,27537070.00
20100601,12.16,12.16,11.71,11.93,703202,18403238.00
20100602,11.94,12.41,11.80,12.41,657316,17475378.00
20100603,12.41,12.61,12.22,12.22,718744,19637166.00
20100604,11.97,12.44,11.97,12.39,375328,10102324.00
20100607,12.06,12.96,11.95,12.94,1154778,31911394.00
20100608,12.83,13.30,12.71,13.27,1656605,47298728.00
20100609,13.26,13.43,13.08,13.29,1243140,35946124.00
20100610,13.25,13.52,13.25,13.32,768923,22438810.00
20100611,13.32,13.66,13.32,13.54,1269682,37464564.00
20100617,13.66,13.79,13.16,13.21,885285,25860398.00
20100618,13.11,13.27,12.62,12.80,959394,27162518.00
20100621,12.71,13.11,12.47,13.11,524588,14782691.00
20100622,13.06,13.45,13.06,13.26,618599,17887544.00
20100623,13.24,13.66,13.11,13.64,979521,28493784.00
20100624,13.64,13.78,13.49,13.67,1067105,31682254.00
20100625,13.61,13.67,13.11,13.27,645361,18763354.00
20100628,13.21,13.30,13.06,13.13,373997,10721339.00
20100629,13.18,13.41,12.26,12.32,749916,20652364.00
20100630,12.11,12.59,11.86,12.51,618863,16644441.00
20100701,12.36,12.80,12.36,12.51,344079,9447570.00
20100702,12.51,12.55,12.00,12.43,461883,12483155.00
20100705,12.29,12.77,11.96,12.67,340907,9316570.00
20100706,12.64,12.92,12.64,12.92,563798,15796993.00
20100707,12.91,13.05,12.82,13.01,376527,10650284.00
20100708,13.01,13.09,12.81,13.08,468966,13283320.00
20100709,13.11,13.78,13.08,13.76,1999551,58796904.00
20100712,13.68,13.79,13.41,13.78,1190128,35302784.00
20100713,13.68,14.00,13.47,13.95,1125207,33513294.00
20100714,14.06,14.15,13.76,13.91,1067843,32321984.00
20100715,13.91,14.36,13.51,13.56,1624764,49380800.00
20100716,13.51,13.66,13.26,13.52,984975,28735730.00
20100719,13.41,13.90,13.34,13.77,672188,20033490.00
20100720,13.90,14.13,13.82,14.07,1045246,31790574.00
20100721,14.08,14.33,13.82,13.91,1026435,31402988.00
20100722,13.88,14.25,13.84,14.25,894807,27322552.00
20100723,14.25,14.53,13.91,14.19,1050762,32161116.00
20100726,14.19,14.31,13.90,14.19,775873,23692190.00
20100727,14.11,14.45,13.98,14.00,831421,25549514.00
20100728,13.91,14.21,13.91,14.21,1134414,34653612.00
20100729,14.20,14.21,13.89,14.06,1149647,35021388.00
20100730,14.17,14.17,13.86,14.01,1011976,30750002.00
20100802,14.03,14.61,13.96,14.55,2086811,65106024.00
20100803,14.55,14.55,14.21,14.31,1755901,54671456.00
20100804,14.31,14.73,14.26,14.73,2056656,64776152.00
20100805,14.79,15.06,14.61,15.06,2146663,68726480.00
20100806,15.06,15.41,14.89,15.40,2332033,76089848.00
20100809,15.38,15.52,15.21,15.40,1799658,59722636.00
20100810,15.31,15.40,14.74,14.81,1732706,56183552.00
20100811,14.72,15.21,14.72,15.16,948784,30800172.00
20100812,14.98,15.13,14.72,14.78,891378,28748232.00
20100813,14.74,15.10,14.74,15.04,650934,21075732.00
20100816,15.04,15.34,15.01,15.31,918800,30182824.00
20100817,15.46,15.46,15.03,15.45,1963523,64361628.00
20100818,15.38,15.55,15.07,15.42,1761047,58232060.00
20100819,15.32,15.41,14.91,15.09,1535176,49948788.00
20100820,15.09,15.09,14.61,14.63,956397,30540066.00
20100823,14.63,14.70,14.49,14.53,590860,18675616.00
20100824,14.54,14.94,14.53,14.81,655282,20987442.00
20100825,14.71,14.81,14.21,14.22,604547,19012702.00
20100826,14.32,14.39,14.16,14.30,468733,14486361.00
20100827,14.31,14.70,14.18,14.56,505178,15876205.00
20100830,14.62,14.93,14.54,14.84,664890,21239550.00
20100831,14.84,14.88,14.57,14.78,708282,22536354.00
20100901,14.78,14.81,14.14,14.20,998714,31262704.00
20100902,14.33,14.54,14.17,14.47,913157,28426194.00
20100903,14.55,15.04,14.37,14.89,1230786,39340360.00
20100906,14.91,15.06,14.61,14.73,892966,28602892.00
20100907,14.81,14.93,14.70,14.93,521122,16714528.00
20100908,14.94,15.19,14.87,15.13,989435,32189360.00
20100909,15.15,15.15,14.66,14.67,834741,26880134.00
20100910,14.66,14.79,14.41,14.66,655776,20700948.00
20100913,14.66,15.11,14.61,15.11,1111141,35912212.00
20100914,15.10,15.20,14.97,15.07,674424,21935966.00
20100915,14.99,15.04,14.48,14.53,608294,19419604.00
20100916,14.55,14.67,13.71,13.81,1431836,43717284.00
20100917,13.81,14.03,13.81,13.91,580212,17547690.00
20100920,14.06,14.06,13.62,13.62,307900,9211966.00
20100921,13.59,13.79,13.51,13.67,273390,8119078.00
20100927,13.81,13.91,13.67,13.90,227978,6838402.00
20100928,13.93,13.93,13.73,13.82,238488,7162898.00
20100929,13.89,13.94,13.67,13.70,218869,6554843.50
20100930,13.75,13.89,13.62,13.84,271184,8126849.50
20101008,14.05,14.14,13.86,14.12,533119,16260901.00
20101011,14.10,14.35,13.96,14.13,681125,20940768.00
20101012,14.12,14.27,14.01,14.08,518900,15883676.00
20101013,14.23,14.31,14.08,14.20,504888,15540869.00
20101014,14.23,14.36,13.81,13.88,598965,18253138.00
20101015,13.81,13.90,13.21,13.35,969514,28392800.00
20101018,13.22,13.37,12.79,13.12,791786,22387650.00
20101019,13.14,13.55,12.98,13.52,600468,17543160.00
20101020,13.28,13.76,13.22,13.60,771446,22675944.00
20101021,13.60,13.73,13.46,13.66,536103,15854041.00
20101022,13.67,13.81,13.52,13.78,616844,18354950.00
20101025,13.91,14.12,13.81,14.08,714917,21752360.00
20101026,14.10,14.15,13.87,14.06,590075,17882950.00
20101027,14.00,14.02,13.83,13.87,862961,26080204.00
20101028,13.87,13.90,13.71,13.88,689997,20659156.00
20101029,13.95,14.24,13.91,14.21,966692,29664534.00
20101101,14.36,14.62,14.33,14.54,1431102,44945856.00
20101102,14.53,14.73,14.26,14.26,1103441,34540408.00
20101103,14.17,14.38,14.11,14.11,529264,16318161.00
20101104,14.11,14.26,14.05,14.21,742442,22818432.00
20101105,14.25,14.57,14.16,14.57,1268546,39603560.00
20101108,14.68,14.94,14.61,14.88,1661645,53105468.00
20101109,14.92,15.11,14.75,14.84,1039233,33436988.00
20101110,14.82,15.29,14.77,15.18,1338728,43622420.00
20101111,15.09,15.38,14.90,14.90,1583333,51930612.00
20101112,14.90,14.94,13.88,13.96,1527337,47612984.00
20101115,14.02,14.59,14.02,14.54,875776,27210100.00
20101116,14.53,14.99,14.07,14.26,1095438,34567752.00
20101117,14.23,14.57,14.11,14.25,887398,27597964.00
20101118,14.31,15.56,14.31,15.42,2700234,87715176.00
20101119,15.31,15.76,15.21,15.76,2865556,95925672.00
20101122,15.60,16.11,15.51,15.71,2760563,94210240.00
20101123,15.56,15.61,15.17,15.54,1659458,55073840.00
20101124,15.46,15.81,15.31,15.81,1442452,48569232.00
20101125,15.83,16.02,15.44,15.51,1442340,48539124.00
20101126,15.51,16.00,15.41,15.91,1580460,53732068.00
20101129,15.86,16.26,15.86,16.10,1526074,52740632.00
20101130,15.98,16.29,15.06,15.50,1670146,56140156.00
20101201,15.46,15.76,15.32,15.63,809788,27172444.00
20101202,15.79,15.93,15.46,15.49,1021328,34465292.00
20101203,15.51,15.57,15.21,15.26,698165,23117396.00
20101206,15.30,15.35,14.75,14.84,840316,27129840.00
20101207,14.71,15.27,14.71,15.23,803044,26129762.00
20101208,15.26,15.28,15.03,15.09,493913,16161516.00
20101209,15.06,15.06,14.85,14.86,332353,10704487.00
20101210,14.75,15.26,14.74,15.23,485522,15789765.00
20101213,15.26,15.75,15.26,15.62,988371,33146554.00
20101214,15.65,15.83,15.58,15.78,824232,27897388.00
20101215,15.78,15.82,15.53,15.61,794534,26832552.00
20101216,15.62,16.15,15.61,16.08,1286274,44167512.00
20101217,15.98,16.19,15.91,16.06,1067248,36774616.00
20101220,16.03,16.45,15.62,16.35,1888905,65351288.00
20101221,16.33,16.38,16.13,16.18,1509814,52644116.00
20101222,16.21,16.21,15.91,15.92,818290,28140600.00
20101223,15.86,15.98,15.62,15.66,771158,26184136.00
20101224,15.51,15.51,15.01,15.19,795780,26187072.00
20101227,15.12,15.36,14.71,14.72,779199,25263572.00
20101228,14.79,14.85,14.55,14.75,467474,14864607.00
20101229,14.80,14.92,14.73,14.92,509054,16311922.00
20101230,14.90,14.96,14.67,14.96,435812,13984318.00
20101231,15.00,15.39,14.87,15.39,824307,27039946.00
20110104,15.35,15.64,15.20,15.52,1181604,39328376.00
20110105,15.48,15.90,15.31,15.59,1215571,41079660.00
20110106,15.48,15.71,15.48,15.57,766085,25685090.00
20110107,15.56,15.68,15.25,15.26,628341,20946434.00
20110110,15.08,15.25,14.73,14.81,780980,25236736.00
20110111,14.71,14.90,14.56,14.76,453897,14406903.00
20110112,14.76,14.91,14.55,14.69,664360,21058086.00
20110113,14.73,14.82,14.61,14.79,360939,11505950.00
20110114,14.71,14.75,14.46,14.46,391474,12353458.00
20110117,14.46,14.65,13.81,14.11,671076,20529522.00
20110118,14.20,14.20,13.78,13.88,466713,14080932.00
20110119,13.90,14.11,13.72,14.11,338597,10266032.00
20110120,14.06,14.06,13.56,13.60,368158,11063187.00
20110121,13.60,13.61,13.11,13.32,571173,16622201.00
20110124,13.32,13.80,13.21,13.21,393078,11494390.00
20110125,13.21,13.41,13.07,13.26,480550,13911924.00
20110126,13.26,13.61,13.22,13.61,398426,11674942.00
20110127,13.61,13.76,13.41,13.61,329524,9787189.00
20110128,13.63,13.76,13.57,13.68,213777,6343172.50
20110131,13.68,14.01,13.63,13.92,237035,7131337.00
20110201,13.89,14.03,13.79,13.81,258859,7800405.50
20110209,13.81,13.81,13.63,13.64,182521,5447843.50
20110210,13.64,13.99,13.57,13.97,224094,6746609.50
20110211,13.97,14.19,13.90,14.16,325026,9925517.00
20110214,14.16,14.36,14.05,14.31,496078,15278168.00
20110215,14.31,14.40,14.18,14.23,499105,15444068.00
20110216,14.14,14.54,14.14,14.46,446308,13935849.00
20110217,14.36,14.49,14.24,14.35,521267,16203230.00
20110218,14.25,14.35,14.03,14.08,462519,14196627.00
20110221,13.94,14.30,13.94,14.29,415072,12781499.00
20110222,14.29,14.35,13.86,13.89,539723,16482273.00
20110223,13.81,14.03,13.81,14.01,348191,10552490.00
20110224,13.91,14.39,13.86,14.39,619682,19029752.00
20110225,14.40,14.46,14.18,14.28,468593,14498394.00
20110228,14.21,14.37,14.17,14.30,385763,11914241.00
20110301,14.30,14.50,14.26,14.50,629297,19634400.00
20110302,14.46,14.76,14.32,14.66,875588,27688806.00
20110303,14.57,14.71,14.21,14.26,614350,19186754.00
20110304,14.26,14.36,14.17,14.34,373539,11549157.00
20110307,14.31,14.45,14.31,14.41,784796,24410530.00
20110308,14.33,14.44,14.29,14.37,474553,14738434.00
20110309,14.42,14.42,14.30,14.35,449157,13954479.00
20110310,14.35,14.45,14.28,14.35,477016,14850765.00
20110311,15.25,15.90,15.25,15.90,2871604,97892304.00
20110314,16.31,17.44,16.21,16.72,7428866,268299920.00
20110315,16.31,16.48,15.81,16.23,3511703,121149104.00
20110316,16.22,16.30,15.97,16.22,2463031,85343144.00
20110317,16.12,16.12,15.25,15.30,2284622,76529232.00
20110318,15.42,15.70,15.35,15.47,1218824,40707824.00
20110321,15.57,15.79,15.12,15.65,1768896,58982392.00
20110322,15.56,15.60,15.21,15.31,1020356,33735160.00
20110323,15.27,15.71,15.26,15.60,1119977,37386408.00
20110324,15.56,15.76,15.46,15.65,1221530,41110500.00
20110325,15.51,15.63,15.36,15.43,1309276,43574276.00
20110328,15.36,15.50,15.22,15.32,1064040,35195812.00
20110329,15.26,15.33,14.62,14.66,1657062,53222572.00
20110330,14.67,14.81,14.51,14.54,793930,25149312.00
20110331,14.54,14.73,14.47,14.48,591426,18651390.00
20110401,14.50,14.69,14.31,14.64,523878,16500203.00
20110406,14.64,14.79,14.48,14.70,559850,17764106.00
20110407,14.77,15.03,14.52,14.86,809827,25907970.00
20110408,14.81,15.03,14.80,14.97,597758,19272920.00
20110411,14.94,15.01,14.75,14.76,822650,26339442.00
20110412,14.71,14.90,14.71,14.74,465168,14854239.00
20110413,14.81,15.35,14.74,15.28,1044777,34237616.00
20110414,15.28,15.36,15.12,15.24,710421,23327658.00
20110415,15.13,15.33,15.04,15.28,618563,20276080.00
20110418,15.39,16.14,15.39,16.01,2590461,88817232.00
20110419,16.05,16.06,15.56,15.64,1728924,58587080.00
20110420,15.76,16.06,15.66,15.67,1048445,35646148.00
20110421,15.75,16.00,15.60,15.92,1107207,37757116.00
20110422,15.93,16.18,15.73,15.79,1020125,34976336.00
20110425,15.60,15.72,15.17,15.20,723598,23943050.00
20110426,15.20,15.29,15.08,15.21,486898,15954556.00
20110427,15.23,15.50,15.11,15.23,543179,17931114.00
20110428,15.28,15.30,14.58,14.66,656530,21154040.00
20110429,14.66,14.81,14.56,14.70,361890,11504697.00
20110503,14.75,14.75,14.46,14.69,362652,11445927.00
20110504,14.63,14.68,14.24,14.24,393534,12297754.00
20110505,14.15,14.44,14.15,14.39,168741,5237169.50
20110506,14.34,14.44,14.16,14.41,404647,12536635.00
20110509,14.36,14.59,14.36,14.57,373644,11737066.00
20110510,14.58,14.67,14.43,14.62,365109,11492428.00
20110511,14.62,15.03,14.62,14.88,767632,24596370.00
20110512,14.78,14.98,14.69,14.76,568493,18201130.00
20110513,14.71,14.81,14.56,14.80,369970,11766599.00
20110517,14.79,15.50,14.57,15.28,790588,25417592.00
20110518,15.31,15.41,14.99,15.41,778083,25555914.00
20110519,15.42,15.51,15.16,15.40,817030,27013180.00
20110520,15.31,15.63,15.05,15.63,1029893,34200464.00
20110523,15.64,15.64,14.90,14.92,633068,20797118.00
20110524,14.91,15.03,14.51,14.92,407073,12999955.00
20110525,14.95,14.95,14.45,14.48,471185,14958710.00
20110526,14.49,14.49,13.04,13.14,2073665,30097504.00
20110527,13.06,13.11,12.56,12.96,1003570,13883763.00
20110530,12.84,12.92,12.43,12.45,507788,6888846.00
20110531,12.84,12.84,11.96,12.77,715870,9613448.00
20110601,12.76,12.88,12.46,12.85,722824,9837679.00
20110602,12.76,12.76,12.56,12.66,647472,8789283.00
20110603,12.65,12.94,12.51,12.79,545858,7484964.00
20110607,12.84,12.99,12.72,12.95,417528,5760369.50
20110608,12.94,12.94,12.54,12.91,580718,7919586.50
20110609,12.86,12.86,12.36,12.38,524368,7089401.00
20110610,12.16,12.44,11.66,11.96,766762,9880833.00
20110613,11.86,12.04,11.67,12.01,264402,3396191.00
20110614,11.99,12.23,11.99,12.08,403424,5278671.50
20110615,12.04,12.17,11.94,11.94,206502,2683933.00
20110616,11.68,11.93,11.68,11.89,292702,3733562.00
20110617,11.83,11.90,11.48,11.59,245533,3105377.25
20110620,11.41,11.59,11.13,11.21,289899,3544732.25
20110621,11.22,11.39,11.22,11.36,311343,3817043.75
20110622,11.43,12.51,11.36,12.21,894701,11529643.00
20110623,12.02,12.48,11.89,12.31,1263269,16777294.00
20110624,12.32,12.52,12.13,12.46,1628775,21741836.00
20110627,12.39,12.66,12.32,12.51,915019,12295166.00
20110628,12.51,12.96,12.36,12.96,1256914,17128318.00
20110629,12.88,12.88,12.56,12.58,863272,11805902.00
20110630,12.57,12.79,12.57,12.68,754297,10282589.00
20110701,12.71,12.77,12.57,12.70,747869,10191981.00
20110704,12.75,13.06,12.68,12.94,868809,12044587.00
20110705,12.95,13.03,12.87,12.98,754115,10468612.00
20110706,13.04,13.55,12.92,13.37,1515624,21624584.00
20110707,13.36,13.52,13.01,13.24,1260391,17906146.00
20110708,13.23,13.26,12.96,13.14,673583,9452496.00
20110711,13.37,13.48,13.08,13.34,829877,11848716.00
20110712,13.21,13.21,12.84,12.84,894683,12435261.00
20110713,12.85,13.21,12.81,13.17,566582,7943620.00
20110714,13.17,13.62,13.15,13.55,1399980,20170230.00
20110715,13.32,13.92,13.11,13.73,3365157,48551436.00
20110718,13.56,13.76,13.28,13.48,2155594,31077182.00
20110719,13.25,13.42,13.03,13.32,1302327,18373770.00
20110720,13.22,13.34,13.06,13.16,889212,12566404.00
20110721,13.09,13.14,12.67,12.79,1012427,13986327.00
20110722,12.79,12.91,12.64,12.68,742282,10140787.00
20110725,12.57,12.57,11.86,11.97,1110032,14603246.00
20110726,11.87,12.10,11.87,12.06,388766,5024968.50
20110727,11.91,12.30,11.91,12.26,531315,6948007.50
20110728,12.18,12.18,11.93,12.12,576014,7462519.00
20110729,12.03,12.15,11.89,11.99,298055,3867285.00
20110801,11.96,12.18,11.81,12.04,443639,5764736.50
20110802,11.96,11.96,11.58,11.83,613058,7782546.50
20110803,11.69,12.74,11.68,12.56,1928652,25628530.00
20110804,12.51,13.45,12.37,13.27,4124615,57571448.00
20110805,13.06,13.81,12.49,13.04,4177150,59557900.00
20110808,12.80,12.80,11.64,11.75,2668169,34636556.00
20110809,11.25,11.60,10.74,11.56,2189162,26527872.00
20110810,11.66,11.86,11.64,11.70,1343229,17032456.00
20110811,11.34,11.78,11.16,11.76,1108742,13811809.00
20110812,11.78,12.16,11.78,12.03,1330391,17219708.00
20110815,12.11,13.33,12.11,13.33,5824073,81875632.00
20110816,13.61,13.85,13.27,13.37,7647575,110661456.00
20110817,13.38,14.05,13.09,13.83,6870411,100460128.00
20110818,13.85,15.15,13.85,14.76,14983501,234143152.00
20110819,14.51,15.13,14.39,14.88,9351781,148172320.00
20110822,14.74,15.01,14.26,14.60,9773118,151652208.00
20110823,14.60,14.66,14.16,14.54,5301857,81234144.00
20110824,14.71,15.47,14.71,14.88,11216793,179595104.00
20110825,14.76,15.01,14.16,14.62,4246213,65606928.00
20110826,14.47,14.73,14.34,14.54,2308532,35836260.00
20110829,14.34,14.73,13.95,14.51,3226400,49287416.00
20110830,14.66,14.76,14.19,14.21,1841038,28284140.00
20110831,14.21,15.21,13.86,15.18,6508708,101459080.00
20110901,15.18,16.06,14.76,15.99,11059813,183761840.00
20110902,15.70,15.91,15.15,15.17,4221558,68987504.00
20110905,14.95,15.12,14.34,14.48,2670836,41616588.00
20110906,14.36,14.52,13.84,13.95,2529795,37988616.00
20110907,14.05,14.96,13.97,14.74,3178918,49302192.00
20110908,14.76,14.95,14.36,14.76,2801920,43591944.00
20110909,14.76,14.92,13.66,13.83,2421639,36928780.00
20110913,13.56,13.65,13.14,13.39,1909312,27303742.00
20110914,13.51,13.87,13.40,13.86,1904381,27854632.00
20110915,13.76,13.86,13.55,13.58,1847296,26992718.00
20110916,13.70,14.30,13.70,13.79,1526948,22812432.00
20110919,13.58,13.66,13.12,13.13,1346650,19123358.00
20110920,13.06,13.32,12.36,13.19,1800918,24941368.00
20110921,13.16,13.54,12.91,13.42,1574712,22480632.00
20110922,13.26,14.86,13.19,14.86,7941957,123034488.00
20110923,14.56,15.24,14.44,15.00,7686922,121485120.00
20110926,14.95,15.34,14.56,14.70,6106951,96964520.00
20110927,14.76,15.41,14.63,14.77,7421362,118329048.00
20110928,14.94,15.06,13.56,14.09,4729443,72746480.00
20110929,13.78,13.78,12.66,12.86,3780651,53003396.00
20110930,12.74,13.24,12.46,13.19,3224322,45071464.00
20111010,13.21,13.34,12.67,12.96,1340157,18576970.00
20111011,13.42,13.54,12.83,13.10,1997434,28300462.00
20111012,13.06,14.16,12.57,14.06,3736282,53457896.00
20111013,13.86,14.72,13.70,14.56,5561637,85110432.00
20111014,14.40,14.71,13.97,14.33,3192604,48591104.00
20111017,14.36,14.75,14.20,14.66,4150862,64210284.00
20111018,14.62,14.62,13.86,13.86,3265509,49274904.00
20111019,13.86,14.03,13.02,13.16,2764687,39896352.00
20111020,13.06,13.25,12.24,12.63,2944178,40169100.00
20111021,12.74,12.91,12.30,12.33,1594910,21568004.00
20111024,12.52,12.52,11.25,12.16,3663329,46447460.00
20111025,11.88,12.82,11.72,12.52,3382591,44770476.00
20111026,12.26,13.03,12.10,12.46,3464424,46982772.00
20111027,12.56,12.75,12.18,12.23,2774790,37103512.00
20111028,12.39,13.03,12.20,12.96,4119582,55939676.00
20111031,12.97,13.51,12.97,13.51,6134009,86899072.00
20111101,13.37,13.39,13.01,13.23,3736780,52810348.00
20111102,12.94,13.13,12.41,13.10,4623123,63340420.00
20111103,13.18,14.50,13.01,14.50,12811471,192774800.00
20111104,14.86,15.36,14.26,14.79,14196974,221971312.00
20111107,14.83,15.26,14.55,15.01,8630415,137024720.00
20111108,14.85,14.94,14.49,14.66,4597138,71787392.00
20111109,14.31,15.94,14.31,15.39,17180121,279922688.00
20111110,15.02,15.03,14.21,14.59,11847216,183268528.00
20111111,14.25,14.54,14.12,14.18,4866076,74063528.00
20111114,14.38,14.73,14.19,14.61,4845673,75011024.00
20111115,14.58,14.76,14.49,14.76,3605308,56118888.00
20111116,14.66,14.85,13.74,13.89,4290462,65280848.00
20111117,13.93,14.24,13.64,13.93,2967858,44258208.00
20111118,13.77,13.93,13.08,13.26,2772170,39962820.00
20111121,13.29,13.90,13.13,13.71,3477295,50653048.00
20111122,13.46,13.62,13.14,13.53,1785074,25594104.00
20111123,13.42,13.79,13.30,13.63,1863522,27074138.00
20111124,13.48,13.67,13.21,13.55,1760266,25330684.00
20111125,13.55,14.45,13.48,14.15,5276041,78975512.00
20111128,14.25,14.56,14.06,14.47,5063303,77656312.00
20111129,14.66,14.66,14.19,14.44,3912149,59899384.00
20111130,14.41,14.41,13.12,13.12,4443275,64670424.00
20111201,13.57,13.92,13.37,13.47,2857170,41633628.00
20111202,13.48,13.48,12.62,12.75,2314097,32227532.00
20111205,12.80,13.05,12.14,12.91,2081845,28362868.00
20111206,12.90,13.18,12.73,13.18,1473728,20508140.00
20111207,13.19,13.49,13.11,13.21,1724165,24492454.00
20111208,13.16,13.31,12.56,12.96,1533679,21284078.00
20111209,12.80,13.26,12.76,13.00,1473371,20605156.00
20111212,13.09,13.34,12.98,13.04,1711357,24120126.00
20111213,12.91,12.91,12.16,12.17,1692291,22808326.00
20111214,12.14,12.59,12.10,12.20,1673853,22278846.00
20111215,12.06,12.44,11.64,11.74,1357017,17427612.00
20111216,11.84,12.18,11.75,12.18,1165196,15026763.00
20111219,12.11,12.35,11.86,12.33,1332451,17338920.00
20111220,12.17,12.49,12.16,12.22,980959,13010227.00
20111221,12.25,12.45,11.67,11.75,1110190,14459177.00
20111222,11.61,11.86,11.06,11.74,1406408,17346906.00
20111223,11.56,12.20,11.56,12.01,1949390,25092372.00
20111226,11.86,12.13,11.66,11.86,1208563,15474618.00
20111227,11.78,11.79,11.31,11.71,978519,12239209.00
20111228,11.62,11.76,11.25,11.76,928482,11565380.00
20111229,11.72,11.88,11.56,11.64,858502,10889493.00
20111230,11.76,12.16,11.59,12.16,1625298,20804782.00
20120104,12.16,12.16,11.64,11.64,1107645,14238213.00
20120105,11.50,11.56,10.38,10.38,1676756,19633122.00
20120106,10.16,10.45,9.93,10.38,1007205,11227868.00
20120109,10.38,10.81,10.26,10.76,1062510,12263940.00
20120110,10.81,11.22,10.71,11.09,1343596,16051677.00
20120111,11.12,11.51,11.05,11.11,1458988,17807144.00
20120112,10.92,11.43,10.78,11.14,976977,11806373.00
20120113,11.07,11.10,10.22,10.34,1229022,14176477.00
20120116,10.14,10.53,10.01,10.02,668244,7525284.50
20120117,10.16,10.92,10.00,10.81,860585,9761926.00
20120118,10.81,10.89,10.27,10.51,873616,10049107.00
20120119,10.72,10.81,10.41,10.70,700950,8090215.50
20120120,10.76,10.86,10.60,10.73,484356,5656396.50
20120130,10.73,10.86,10.59,10.73,750588,8769951.00
20120131,10.62,10.74,10.41,10.59,497872,5697604.50
20120201,10.59,10.80,10.28,10.63,698965,8120027.50
20120202,10.47,10.76,10.47,10.74,596311,6909113.50
20120203,10.64,11.14,10.64,11.01,2043293,24360006.00
20120206,10.96,11.16,10.89,11.09,1137562,13616094.00
20120207,11.09,11.09,10.68,10.78,855947,10076337.00
20120208,10.78,11.12,10.68,11.05,1096619,13020025.00
20120209,11.20,11.20,10.96,11.02,1459197,17555228.00
20120210,11.01,11.19,10.97,11.01,1024789,12319517.00
20120213,10.91,11.31,10.91,11.20,1471794,17766030.00
20120214,11.19,11.22,11.02,11.09,1267334,15234453.00
20120215,11.09,11.30,10.97,11.25,1981863,24048284.00
20120216,11.20,11.44,11.19,11.42,2197007,26951444.00
20120217,11.46,11.50,11.16,11.26,1405898,17185400.00
20120220,11.41,11.45,11.23,11.40,1571987,19306134.00
20120221,11.40,11.49,11.14,11.47,1795512,22089944.00
20120222,11.49,11.73,11.41,11.68,2510016,31515170.00
20120223,11.61,11.81,11.51,11.81,2603036,32866466.00
20120224,11.75,11.86,11.68,11.82,2019379,25671186.00
20120227,11.82,11.96,11.72,11.79,2350926,30004548.00
20120228,11.69,11.69,11.30,11.46,2113683,26177354.00
20120229,11.41,11.49,11.24,11.24,1058261,13001602.00
20120301,11.18,11.64,11.14,11.52,1814526,22499088.00
20120302,11.52,11.62,11.48,11.60,1902380,23761042.00
20120305,11.67,11.71,11.48,11.49,2161030,27063894.00
20120306,11.35,11.53,11.22,11.32,1379117,16901220.00
20120307,11.22,11.35,11.06,11.06,1713066,20753092.00
20120308,11.12,11.28,11.06,11.23,2067598,25002942.00
20120309,11.25,11.43,11.19,11.38,1817576,22304102.00
20120312,11.42,11.59,11.38,11.58,1868636,23236004.00
20120313,11.59,11.79,11.51,11.74,3270836,41143852.00
20120314,11.84,11.91,11.20,11.32,5060526,63652220.00
20120315,11.26,12.54,10.96,12.31,8963556,114722792.00
20120316,11.96,12.60,11.91,12.45,7493742,99688280.00
20120319,12.40,12.40,11.96,12.25,3646409,47772644.00
20120320,12.16,12.16,11.73,11.75,2373841,30423774.00
20120321,11.81,12.04,11.57,11.91,2104480,26944798.00
20120322,11.81,11.90,11.46,11.56,1995839,25059562.00
20120323,11.47,11.59,11.24,11.26,1431529,17643012.00
20120326,11.26,11.40,11.14,11.17,802351,9794614.00
20120327,11.23,11.38,11.08,11.10,1017472,12366262.00
20120328,11.08,11.08,10.40,10.44,1603283,18553642.00
20120329,10.36,10.53,10.08,10.11,1152380,12916689.00
20120330,10.11,10.24,10.06,10.13,770623,8528851.00
20120405,10.17,10.46,10.13,10.44,791022,8916513.00
20120406,10.44,10.46,10.27,10.42,832152,9403202.00
20120409,10.42,10.42,10.17,10.27,579099,6502633.00
20120410,10.26,10.34,9.96,10.30,971686,10763341.00
20120411,10.22,10.47,10.06,10.44,1015771,11407748.00
20120412,10.51,10.62,10.34,10.59,1403865,16076208.00
20120413,10.66,10.81,10.49,10.69,1372625,15951249.00
20120416,10.61,10.75,10.51,10.57,1078209,12430217.00
20120417,10.64,10.64,10.25,10.27,902838,10254900.00
20120418,10.31,10.58,10.29,10.54,761936,8671613.00
20120419,10.55,10.71,10.51,10.66,1262003,14567939.00
20120420,10.56,10.79,10.54,10.69,1320273,15335696.00
20120424,10.39,10.39,9.97,10.23,1660300,18457438.00
20120425,10.28,10.56,10.28,10.46,1045558,11912691.00
20120426,10.25,10.67,10.08,10.47,1053475,12094840.00
20120427,10.48,10.61,10.39,10.45,771679,8827614.00
20120502,10.62,10.69,10.47,10.61,924151,10656853.00
20120503,10.61,10.76,10.54,10.71,956898,11126595.00
20120504,10.79,10.79,10.58,10.70,1265179,14375141.00
20120507,10.61,10.79,10.61,10.77,1394262,15879673.00
20120508,10.82,10.85,10.62,10.77,1102937,12598647.00
20120509,10.76,11.26,10.65,10.98,3168925,37230464.00
20120510,10.83,11.00,10.82,10.90,1174920,13597343.00
20120511,10.90,10.94,10.67,10.68,997610,11470175.00
20120514,10.78,10.83,10.52,10.52,1067590,12115705.00
20120515,10.49,10.49,10.27,10.39,1130569,12474291.00
20120516,10.40,10.46,10.19,10.21,633592,6972220.50
20120517,10.21,10.41,10.21,10.39,578706,6385165.00
20120518,10.36,10.49,10.31,10.41,596669,6600658.50
20120521,10.39,10.44,10.21,10.32,420456,4628397.50
20120522,10.40,10.47,10.33,10.43,638466,7075295.50
20120523,10.43,10.49,10.21,10.33,716580,7900679.50
20120524,10.28,10.40,10.22,10.28,507307,5573078.50
20120525,10.28,10.36,9.55,9.62,1500819,15900308.00
20120528,9.65,9.70,9.44,9.67,743481,7636611.00
20120529,9.70,9.80,9.61,9.78,914610,9542710.00
20120530,9.73,9.85,9.67,9.77,1125451,11739949.00
20120531,9.73,10.04,9.62,9.88,1208114,12732526.00
20120601,9.96,10.15,9.81,10.09,1402600,14983908.00
20120604,9.82,10.24,9.51,9.90,1355201,14353062.00
20120605,9.78,10.02,9.78,9.81,982881,10397440.00
20120606,9.81,9.93,9.62,9.84,991849,10391888.00
20120607,9.91,9.98,9.63,9.63,938748,9842198.00
20120608,9.56,9.77,9.29,9.31,1173062,11929953.00
20120611,9.31,9.43,9.18,9.40,847721,8486156.00
20120612,9.37,9.70,9.37,9.42,722952,7372199.00
20120613,9.48,9.49,9.22,9.46,1443998,14529711.00
20120614,9.31,9.45,9.31,9.37,1110930,11199755.00
20120615,9.38,9.55,9.35,9.52,1194160,12116333.00
20120618,9.60,9.60,9.48,9.55,989802,10115078.00
20120619,9.55,9.61,9.42,9.51,772001,7863930.50
20120620,9.51,9.59,9.47,9.49,544133,5552375.50
20120621,9.52,9.52,9.26,9.28,720947,7227408.50
20120625,9.21,9.23,8.84,8.87,869830,8433963.00
20120626,8.82,8.90,8.69,8.87,403483,3831418.25
20120627,8.87,9.01,8.80,8.82,442343,4234017.00
20120628,8.88,8.89,8.59,8.59,405168,3824544.00
20120629,8.51,8.69,8.40,8.68,658767,6084326.00
20120702,8.76,8.80,8.62,8.74,475211,4460626.00
20120703,8.80,8.80,8.54,8.54,841492,7876511.00
20120704,8.61,8.63,8.45,8.48,561785,5192065.00
20120705,8.50,8.52,8.16,8.21,600800,5412069.00
20120706,8.36,8.40,8.14,8.33,591707,5298350.50
20120709,8.29,8.31,7.96,7.96,594991,5263610.00
20120710,7.96,8.06,7.86,7.93,333096,2876537.75
20120711,7.96,7.96,7.76,7.90,700343,5983405.50
20120712,7.89,7.96,7.68,7.91,841246,7183587.00
20120713,7.89,8.59,7.68,8.25,2797026,24683962.00
20120716,8.17,8.18,7.61,7.63,1410524,12153095.00
20120717,7.68,7.71,7.49,7.69,689411,5719940.00
20120718,7.68,7.76,7.51,7.74,589611,4908366.00
20120719,7.69,8.51,7.68,8.20,2473918,22117056.00
20120720,8.13,8.18,7.97,8.07,1145556,10029406.00
20120723,7.97,8.16,7.82,8.02,542475,4720111.00
20120724,7.94,8.26,7.87,8.26,965249,8534235.00
20120725,8.25,8.27,8.07,8.12,743728,6592746.50
20120726,8.07,8.28,8.02,8.06,799375,7068003.00
20120727,8.14,8.16,8.02,8.07,346800,3039340.75
20120730,8.23,8.26,7.92,8.04,537500,4706900.00
20120731,7.96,8.04,7.51,7.65,566924,4739888.00
20120801,7.58,7.79,7.57,7.73,361371,3038819.00
20120802,7.68,7.75,7.51,7.57,465400,3860662.00
20120803,7.68,7.75,7.53,7.73,453510,3784632.00
20120806,7.65,8.03,7.65,7.98,695281,5968415.00
20120807,7.96,8.18,7.96,8.14,779115,6848578.50
20120808,8.19,8.19,8.01,8.12,718370,6314748.00
20120809,8.04,8.22,8.04,8.18,586570,5189511.50
20120810,8.23,8.36,8.15,8.19,934277,8351134.50
20120813,8.15,8.15,7.87,7.88,673750,5865677.00
20120814,7.88,7.93,7.69,7.90,522445,4437061.50
20120815,7.82,7.89,7.73,7.81,387117,3287551.75
20120816,7.81,7.87,7.79,7.81,285906,2434553.00
20120817,7.73,7.83,7.72,7.81,218849,1853879.50
20120820,7.82,7.96,7.72,7.91,418860,3584787.25
20120821,7.87,8.09,7.84,8.05,771837,6709791.50
20120822,8.08,8.21,8.01,8.04,1024649,9011848.00
20120823,7.97,8.20,7.97,8.19,848099,7470351.50
20120824,8.13,8.46,8.10,8.16,2183904,19605954.00
20120827,8.11,8.11,7.76,7.78,837997,7245741.00
20120828,7.78,8.03,7.76,7.96,390107,3356616.00
20120829,7.96,8.35,7.88,8.21,1408786,12547537.00
20120830,8.21,9.10,8.06,8.98,5915702,56127040.00
20120831,8.72,8.79,8.53,8.68,3073971,28735744.00
20120903,8.64,8.83,8.52,8.78,2648103,24825490.00
20120904,8.76,8.81,8.40,8.49,2544754,23503260.00
20120905,8.47,8.61,8.41,8.59,1571610,14484495.00
20120906,8.56,8.70,8.46,8.66,1443806,13427801.00
20120907,8.73,8.96,8.66,8.82,2748356,26173344.00
20120910,8.85,8.85,8.66,8.80,1480586,13967808.00
20120911,8.81,8.81,8.49,8.55,1904970,17622428.00
20120912,8.57,8.76,8.50,8.76,1455830,13561272.00
20120913,8.78,8.79,8.39,8.40,1488508,13798290.00
20120914,8.41,8.56,8.31,8.44,1033413,9433890.00
20120917,8.35,8.51,8.03,8.05,1042734,9303100.00
20120918,8.02,8.10,7.92,8.03,475548,4132995.50
20120919,7.96,8.09,7.96,8.08,388136,3392758.75
20120920,8.01,8.14,7.66,7.66,591955,5104490.50
20120921,7.61,7.74,7.47,7.47,739040,6134092.00
20120924,7.48,7.55,7.33,7.53,697336,5656761.00
20120925,7.53,7.57,7.43,7.54,453193,3717025.50
20120926,7.53,7.53,7.27,7.28,448832,3617970.00
20120927,7.28,7.46,7.09,7.38,611376,4892140.50
20120928,7.34,7.50,7.31,7.49,481270,3912322.25
20121008,7.45,7.51,7.39,7.44,357100,2899321.25
20121009,7.45,7.68,7.45,7.66,574146,4764511.00
20121010,7.79,7.83,7.61,7.78,909858,7674837.50
20121011,7.76,7.85,7.65,7.68,569055,4807201.00
20121012,7.74,7.84,7.58,7.68,457515,3825194.25
20121015,7.59,7.63,7.39,7.49,465646,3812039.75
20121016,7.49,7.58,7.40,7.48,248890,2038105.75
20121017,7.49,7.59,7.45,7.58,301405,2476436.50
20121018,7.58,7.73,7.58,7.73,735466,6156433.50
20121019,7.72,7.77,7.65,7.77,513815,4318643.00
20121022,7.75,7.91,7.58,7.74,704693,5956434.00
20121023,7.75,7.78,7.64,7.66,450308,3773064.75
20121024,7.62,7.69,7.61,7.63,412008,3438539.00
20121025,7.70,7.70,7.56,7.56,394851,3288487.25
20121026,7.67,7.67,7.34,7.37,369608,3007573.00
20121029,7.35,7.46,7.12,7.19,727112,5775909.50
20121030,7.19,7.28,7.12,7.26,227804,1803154.63
20121031,7.25,7.32,7.23,7.32,267584,2132281.00
20121101,7.38,7.44,7.28,7.43,513231,4152945.50
20121102,7.45,7.53,7.39,7.51,554178,4507634.00
20121105,7.53,7.55,7.43,7.47,343485,2808095.75
20121106,7.51,7.51,7.35,7.42,404947,3280674.00
20121107,7.42,8.23,7.42,7.72,2523865,21758708.00
20121108,8.31,8.31,7.71,7.79,2396278,20664866.00
20121109,7.70,7.70,7.38,7.56,1296997,10610520.00
20121112,7.56,7.61,7.42,7.56,551515,4514706.00
20121113,7.57,7.64,7.26,7.26,801205,6486330.50
20121114,7.26,7.33,7.19,7.31,658434,5218736.00
20121115,7.30,7.30,7.10,7.12,355500,2796276.00
20121116,7.12,7.17,7.02,7.15,315118,2457063.25
20121119,7.11,7.22,7.09,7.22,169300,1326495.00
20121120,7.28,7.30,7.15,7.15,309996,2452530.75
20121121,7.13,7.65,7.13,7.46,836004,6764232.00
20121122,7.38,7.41,7.26,7.27,386787,3091225.50
20121123,7.27,7.35,7.22,7.22,365471,2914181.50
20121126,7.26,7.26,7.11,7.11,184247,1449392.88
20121127,7.22,7.28,6.81,6.81,479663,3664653.00
20121128,6.73,6.81,6.66,6.66,309600,2295006.00
20121129,6.78,6.78,6.42,6.43,331332,2424937.50
20121130,6.59,6.60,6.49,6.56,180840,1306963.13
20121203,6.56,6.59,6.37,6.41,250500,1793211.50
20121204,6.39,6.46,6.20,6.44,264136,1847332.00
20121205,6.31,6.73,6.31,6.67,671331,4924601.00
20121206,6.64,6.69,6.58,6.64,305042,2230687.25
20121207,6.62,6.79,6.62,6.76,721378,5345311.50
20121210,6.77,6.88,6.72,6.86,568091,4268314.00
20121211,6.87,6.95,6.76,6.89,501991,3794742.50
20121212,6.86,6.97,6.81,6.90,475880,3594386.75
20121213,6.90,6.93,6.73,6.73,403899,3043155.50
20121214,6.73,6.99,6.73,6.97,1157515,8787213.00
20121217,6.92,7.18,6.91,7.08,833526,6448853.00
20121218,7.06,7.10,6.97,7.06,599158,4635347.50
20121219,7.01,7.17,6.93,7.05,400504,3094130.50
20121220,7.01,7.06,6.95,7.06,444444,3422812.00
20121221,7.06,7.13,7.02,7.05,723925,5615675.50
20121224,6.97,7.20,6.97,7.15,1049341,8170218.50
20121225,7.09,7.29,7.09,7.28,886797,7010985.50
20121226,7.25,7.41,7.23,7.41,764678,6138899.50
20121227,7.41,7.48,7.26,7.31,1159791,9310361.00
20121228,7.33,7.65,7.22,7.64,2034302,16640937.00
20121231,7.64,7.84,7.60,7.62,1175387,9852923.00
20130104,7.62,7.64,7.44,7.54,793616,6520595.50
20130107,7.52,7.56,7.44,7.56,666978,5459249.00
20130108,7.55,7.69,7.42,7.67,1003083,8296881.00
20130109,7.59,7.70,7.53,7.69,1191776,9896467.00
20130110,7.60,7.73,7.60,7.71,840928,7031429.50
20130111,7.71,7.73,7.42,7.46,778050,6428133.50
20130114,7.42,7.72,7.41,7.70,945687,7854725.50
20130115,7.79,8.00,7.77,7.92,1796952,15430379.00
20130116,7.92,7.92,7.71,7.86,1277529,10856162.00
20130117,7.75,7.95,7.75,7.86,1013106,8682393.00
20130118,7.90,8.01,7.86,7.96,1235272,10660488.00
20130121,8.00,8.03,7.91,7.98,1171940,10129355.00
20130122,7.99,7.99,7.72,7.77,939948,8020849.00
20130123,7.69,7.78,7.64,7.73,615603,5166515.00
20130124,7.86,7.86,7.44,7.50,1233507,10295182.00
20130125,7.46,7.49,7.39,7.39,445040,3619716.25
20130128,7.41,7.53,7.40,7.50,884301,7220123.50
20130129,8.32,8.32,8.32,8.32,1828364,16473560.00
20130130,8.99,8.99,8.51,8.59,8598331,80872136.00
20130131,8.41,8.41,8.06,8.11,3766910,33420020.00
20130201,8.04,8.29,7.99,8.19,2578355,22616392.00
20130204,8.10,8.16,7.88,7.91,1772669,15329774.00
20130205,7.88,7.95,7.77,7.86,1209007,10330686.00
20130206,7.90,7.96,7.86,7.93,979996,8444028.00
20130207,7.92,8.06,7.86,7.91,870076,7497496.50
20130208,7.90,8.05,7.87,8.01,947829,8212316.50
20130218,8.04,8.12,7.95,8.09,1272261,11132507.00
20130219,8.06,8.11,7.89,7.92,1109874,9618667.00
20130220,7.92,8.04,7.82,8.03,1211805,10458139.00
20130221,8.01,8.06,7.84,7.95,1297234,11214390.00
20130222,7.88,7.97,7.84,7.94,580504,4995380.50
20130225,8.10,8.11,7.88,8.08,1165294,10153789.00
20130226,8.01,8.18,7.92,7.96,965764,8447166.00
20130227,7.94,8.08,7.90,7.94,748087,6476563.50
20130228,7.94,8.10,7.92,8.08,1008452,8800127.00
20130301,8.07,8.28,8.04,8.24,1956348,17314940.00
20130304,8.11,8.50,7.93,8.24,3069775,27555014.00
20130305,8.07,8.38,8.01,8.37,1962661,17474284.00
20130306,8.39,8.41,8.27,8.37,1896726,17127440.00
20130307,8.45,8.48,8.19,8.25,1523364,13815196.00
20130308,8.25,8.32,8.06,8.07,1142994,10134294.00
20130311,8.08,8.23,8.03,8.23,807421,7135479.50
20130312,8.28,8.28,7.82,7.85,1039083,9034918.00
20130313,7.82,8.09,7.81,7.93,863658,7427185.50
20130314,7.92,7.96,7.83,7.87,294283,2526426.75
20130315,7.92,7.99,7.77,7.77,853068,7316967.50
20130318,7.73,7.84,7.49,7.51,660439,5496566.00
20130319,7.51,7.61,7.43,7.55,303139,2487844.25
20130320,7.54,7.74,7.52,7.73,487106,4075979.00
20130321,7.74,7.89,7.73,7.80,801657,6804204.50
20130322,7.79,7.97,7.75,7.96,1133619,9705859.00
20130325,7.91,8.02,7.87,8.02,1280362,11077808.00
20130326,7.96,8.16,7.75,8.02,1753801,15180320.00
20130327,7.93,7.99,7.81,7.84,903183,7746242.50
20130328,7.81,7.81,7.51,7.52,777870,6464566.00
20130329,7.56,7.60,7.47,7.47,393084,3230804.50
20130401,7.49,7.62,7.46,7.55,434680,3580964.50
20130402,7.61,7.66,7.48,7.48,435042,3581124.25
20130403,7.47,7.55,7.44,7.49,219572,1792921.88
20130408,7.43,7.43,7.11,7.35,342384,2741149.00
20130409,7.33,7.48,7.31,7.41,189929,1537472.00
20130410,7.46,7.46,7.33,7.42,182009,1471851.00
20130411,7.42,7.49,7.40,7.40,271480,2209030.00
20130412,7.46,7.49,7.37,7.45,233242,1894387.50
20130415,7.44,7.44,7.22,7.29,165131,1320947.88
20130416,7.31,7.36,7.17,7.35,259363,2063904.38
20130417,7.35,7.41,7.29,7.36,214875,1727461.88
20130418,7.32,7.43,7.32,7.33,247486,1992491.63
20130419,7.29,7.61,7.29,7.61,598423,4906111.00
20130422,7.59,7.59,7.48,7.54,271202,2224874.50
20130423,7.51,7.59,7.41,7.44,509635,4160343.25
20130424,7.46,7.69,7.37,7.59,568993,4672747.50
20130425,7.56,7.64,7.43,7.43,423099,3482177.75
20130426,7.45,7.50,7.27,7.33,529304,4262997.00
20130502,7.40,7.40,7.14,7.31,348796,2759450.25
20130503,7.35,7.48,7.31,7.44,454209,3681886.00
20130506,7.45,7.52,7.41,7.50,497660,4064053.50
20130507,7.56,7.56,7.43,7.47,335581,2741230.75
20130508,7.43,7.57,7.43,7.56,469116,3847269.75
20130509,7.59,7.59,7.47,7.55,484301,3975650.50
20130510,7.57,7.73,7.51,7.69,802640,6679146.00
20130513,7.69,8.04,7.53,7.90,1685402,14176771.00
20130514,7.83,7.83,7.61,7.68,1049960,8821328.00
20130515,7.71,7.73,7.61,7.70,397303,3327891.00
20130516,7.68,7.83,7.68,7.78,1034652,8772859.00
20130517,7.78,7.90,7.74,7.84,894371,7621362.50
20130520,7.90,8.04,7.83,8.00,1879398,16224396.00
20130521,7.92,8.50,7.92,8.35,4696197,42152184.00
20130522,8.19,8.30,8.04,8.13,2268993,20118848.00
20130523,8.06,8.19,8.03,8.10,1060058,9324027.00
20130524,8.03,8.17,8.03,8.10,610449,5357546.50
20130527,8.16,8.25,8.11,8.17,956620,8506102.00
20130528,8.13,8.24,8.03,8.17,723151,6380060.00
20130529,8.15,8.29,8.12,8.22,1003907,8943504.00
20130530,8.26,8.46,8.26,8.26,1397328,12618474.00
20130531,8.30,8.34,8.21,8.30,1208688,10839375.00
20130603,8.31,8.51,8.27,8.41,1103750,10028064.00
20130604,8.46,8.46,8.07,8.19,833098,7414856.00
20130605,8.16,8.19,8.03,8.19,869220,7660227.00
20130606,8.24,8.24,7.82,7.82,760775,6328557.50
20130607,7.81,7.91,7.64,7.64,638611,5163014.00
20130613,7.64,7.64,7.09,7.24,1154015,8733058.00
20130614,7.25,7.37,7.15,7.36,530988,4058417.00
20130617,7.36,7.39,7.27,7.35,508384,3906746.75
20130618,7.32,7.41,7.26,7.36,315367,2428635.00
20130619,7.32,7.32,7.07,7.25,467801,3534727.50
20130620,7.18,7.28,7.05,7.05,359293,2693199.50
20130621,6.93,7.05,6.84,6.95,330106,2403066.75
20130624,6.97,6.97,6.28,6.43,915034,6384590.50
20130625,6.43,6.59,5.96,6.49,651526,4330154.00
20130626,6.48,6.72,6.40,6.68,476173,3293542.25
20130627,6.80,6.80,6.47,6.48,431415,3019739.00
20130628,6.48,6.78,6.41,6.56,401477,2790989.50
20130701,6.72,6.72,6.56,6.66,352146,2457130.25
20130702,6.64,6.74,6.64,6.74,922189,6464551.00
20130703,6.74,6.78,6.54,6.60,450200,3136793.75
20130704,6.56,6.71,6.43,6.63,750107,5199468.50
20130705,6.60,6.72,6.60,6.64,648283,4524610.00
20130708,6.63,6.63,6.35,6.39,493867,3348711.75
20130709,6.38,6.43,6.37,6.39,404964,2727264.25
20130710,6.39,7.03,6.36,6.82,1441990,10044435.00
20130711,7.24,7.40,7.05,7.15,7116555,53418620.00
20130712,7.03,7.04,6.84,6.86,2853435,20730630.00
20130715,6.80,6.93,6.79,6.88,2386632,17124634.00
20130716,6.88,6.88,6.77,6.83,1841427,13194893.00
20130717,6.76,6.88,6.61,6.61,2307688,16331766.00
20130718,6.58,6.66,6.46,6.50,1693761,11631037.00
20130719,6.51,6.55,6.35,6.36,1764641,11999401.00
20130722,6.32,6.42,6.25,6.40,1483917,9906366.00
20130723,6.41,6.71,6.38,6.70,2568080,17688080.00
20130724,6.65,6.88,6.55,6.87,4066058,28855662.00
20130725,6.76,6.83,6.56,6.69,2997629,21141126.00
20130726,6.66,6.66,6.47,6.57,1148877,7946614.00
20130729,6.56,6.57,6.40,6.49,988539,6745937.50
20130730,6.49,6.56,6.36,6.53,1028319,7007789.50
20130731,6.59,6.69,6.52,6.52,935200,6490064.00
20130801,6.51,6.74,6.51,6.74,1650658,11570088.00
20130802,6.71,6.81,6.71,6.73,1314539,9335270.00
20130805,6.73,6.91,6.73,6.85,1448048,10377205.00
20130806,6.89,6.96,6.85,6.93,1913495,13889333.00
20130807,6.91,7.01,6.84,6.86,2196593,15952082.00
20130808,6.85,6.93,6.81,6.87,1136479,8191118.50
20130809,6.84,7.13,6.76,7.02,2252600,16403232.00
20130812,7.04,7.25,6.98,7.19,2778451,20797452.00
20130813,7.21,7.49,7.11,7.38,4139380,31740002.00
20130814,7.92,8.15,7.90,8.15,8441983,71431296.00
20130815,8.26,8.26,7.83,7.88,13332074,111359616.00
20130816,7.67,7.78,7.21,7.21,6616992,51949848.00
20130819,7.50,7.97,7.47,7.97,4708454,38477768.00
20130820,8.16,8.40,7.93,8.04,12808088,108442680.00
20130821,7.79,8.02,7.77,7.88,5400941,44307440.00
20130822,7.86,7.98,7.66,7.71,4689198,38044000.00
20130823,7.74,8.48,7.73,7.92,5968758,49575708.00
20130826,7.98,8.02,7.77,7.93,3813261,31305598.00
20130827,7.92,7.92,7.76,7.85,3610414,29457228.00
20130828,7.82,7.82,7.59,7.61,3951296,31620866.00
20130829,7.58,7.65,7.54,7.63,2115970,16780934.00
20130830,7.61,7.73,7.56,7.67,2197620,17531180.00
20130902,7.67,7.67,7.33,7.64,1606985,12615580.00
20130903,7.59,7.68,7.54,7.65,1529369,12169630.00
20130904,7.65,7.80,7.65,7.69,1698909,13677876.00
20130905,7.69,7.71,7.49,7.57,1380364,10925414.00
20130906,7.54,7.79,7.51,7.69,2090457,16708580.00
20130909,7.68,7.76,7.57,7.71,1875659,15070224.00
20130910,7.69,7.79,7.66,7.76,2183448,17610910.00
20130911,7.77,7.80,7.63,7.67,1658290,13299976.00
20130912,7.67,7.67,7.59,7.63,1192854,9504361.00
20130913,7.63,7.72,7.58,7.70,1464671,11720901.00
20130916,7.71,7.76,7.63,7.63,1092891,8754154.00
20130917,7.64,7.64,7.46,7.46,1285499,10118098.00
20130918,7.46,7.52,7.34,7.50,882526,6851694.50
20130923,7.51,7.62,7.44,7.60,1133517,8962952.00
20130924,7.60,7.82,7.57,7.72,1858554,14961674.00
20130925,7.81,7.92,7.71,7.73,2509705,20462886.00
20130926,7.67,7.71,7.52,7.58,1611071,12809652.00
20130927,7.58,7.72,7.54,7.68,1246900,9957766.00
20130930,7.74,7.84,7.67,7.81,1355619,10987470.00
20131008,7.77,8.12,7.73,8.05,3130024,26017298.00
20131009,8.14,8.26,7.95,7.99,3687449,30995412.00
20131010,7.99,8.01,7.81,7.92,2185786,18004958.00
20131011,7.92,8.06,7.85,7.98,2142475,17781648.00
20131014,7.85,7.95,7.76,7.91,2086650,17138962.00
20131015,7.89,7.89,7.75,7.81,1821825,14843719.00
20131016,7.76,7.78,7.52,7.56,1791761,14254544.00
20131017,7.56,7.69,7.55,7.61,894477,7117563.00
20131018,7.64,7.68,7.59,7.66,679397,5421575.50
20131021,7.72,7.80,7.64,7.78,1284904,10373629.00
20131022,7.78,7.96,7.74,7.89,1896921,15526198.00
20131023,7.91,7.95,7.62,7.63,1291299,10420310.00
20131024,7.68,7.81,7.55,7.64,928968,7414015.50
20131025,7.68,7.71,7.55,7.64,831799,6609325.00
20131028,7.71,7.71,7.55,7.63,692458,5500014.00
20131029,7.64,7.64,7.21,7.30,2121417,16291087.00
20131030,7.44,7.44,7.26,7.41,733164,5644122.00
20131031,7.41,7.43,7.31,7.40,749000,5782784.00
20131101,7.40,7.53,7.29,7.48,802440,6227951.50
20131104,7.50,7.54,7.39,7.47,619955,4827115.00
20131105,7.47,7.47,7.31,7.45,838698,6481005.00
20131106,7.44,7.49,7.36,7.40,817782,6351750.50
20131107,7.37,7.44,7.29,7.35,732795,5622548.00
20131108,7.39,7.39,7.20,7.28,971071,7381492.50
20131111,7.30,7.37,7.26,7.37,352356,2699432.00
20131112,7.40,7.40,7.31,7.39,422216,3253598.00
20131113,7.40,7.40,7.22,7.30,414191,3160053.75
20131114,7.31,7.50,7.25,7.41,885479,6838534.50
20131115,7.38,7.55,7.32,7.53,1704905,13341542.00
20131118,7.53,7.61,7.49,7.61,1706680,13480461.00
20131119,7.63,7.63,7.55,7.58,986440,7815326.50
20131120,7.60,7.61,7.47,7.59,1063183,8381184.00
20131121,7.57,7.72,7.48,7.62,1498396,11802149.00
20131122,7.62,7.79,7.59,7.73,2310606,18645830.00
20131125,7.76,7.82,7.67,7.74,1832816,14857822.00
20131126,7.71,7.76,7.63,7.66,946451,7597453.00
20131127,7.73,7.90,7.67,7.87,1996253,16317548.00
20131128,7.95,8.11,7.85,7.90,2897846,23951242.00
20131129,7.90,8.03,7.88,7.91,1845211,15286612.00
20131202,7.71,7.76,7.39,7.55,2128869,16915836.00
20131203,7.45,7.71,7.44,7.70,946806,7527202.50
20131204,7.70,7.82,7.66,7.74,1448699,11723050.00
20131205,7.76,7.95,7.75,7.87,2122551,17394692.00
20131206,7.88,7.99,7.77,7.89,1097203,8992315.00
20131209,7.95,7.99,7.88,7.94,1559088,12882317.00
20131210,7.95,8.09,7.92,7.99,2015070,16803176.00
20131211,7.99,8.12,7.85,8.06,3187648,26618522.00
20131212,7.96,8.49,7.88,8.29,7139003,61209308.00
20131213,8.15,8.35,8.11,8.17,3359541,28736810.00
20131216,8.06,8.31,7.88,7.96,2770296,23118342.00
20131217,7.95,8.01,7.76,7.90,1370115,11258770.00
20131218,7.91,8.03,7.86,7.88,1623698,13477676.00
20131219,7.88,7.97,7.67,7.67,1756499,14257381.00
20131220,7.75,7.75,7.48,7.48,1528776,12102728.00
20131223,7.49,7.59,7.43,7.53,701337,5508351.00
20131224,7.59,7.63,7.51,7.59,442300,3500209.50
20131225,7.61,7.69,7.55,7.68,746980,5952506.50
20131226,7.69,7.73,7.46,7.50,920432,7241846.00
20131227,7.46,7.65,7.46,7.63,932671,7398597.00
20131230,7.69,7.71,7.57,7.70,1279995,10235159.00
20131231,7.71,7.71,7.58,7.62,726599,5791144.00
20140102,7.62,7.70,7.54,7.70,1302288,10387139.00
20140103,7.71,7.87,7.63,7.84,2429036,19626704.00
20140106,7.80,7.94,7.70,7.82,3100354,25331122.00
20140107,7.78,7.90,7.72,7.89,2853040,23338770.00
20140108,7.91,7.93,7.59,7.73,2991146,24254954.00
20140109,7.69,7.69,7.46,7.57,2756699,21707964.00
20140110,7.51,7.61,7.35,7.48,1988112,15509217.00
20140113,7.41,7.52,7.39,7.48,876400,6824097.00
20140114,7.50,7.56,7.38,7.55,654800,5137883.50
20140115,7.56,7.56,7.42,7.46,858761,6704663.50
20140116,7.49,7.50,7.42,7.50,715355,5582870.50
20140117,7.45,7.51,7.38,7.50,805050,6261602.00
20140120,7.55,7.56,7.40,7.50,586381,4602182.00
20140121,7.51,7.66,7.48,7.66,1516225,11981107.00
20140122,7.66,7.78,7.61,7.77,2174588,17525502.00
20140123,7.81,7.81,7.73,7.81,1712425,13893819.00
20140124,7.81,7.85,7.73,7.84,2066065,16855288.00
20140127,7.87,7.87,7.68,7.82,1770888,14446010.00
20140128,7.83,7.86,7.73,7.76,1299662,10540280.00
20140129,7.75,7.81,7.74,7.81,1509050,12258078.00
20140130,7.85,7.85,7.72,7.80,870010,7069341.00
20140207,7.82,8.03,7.76,7.94,3531248,29274256.00
20140210,7.94,8.13,7.94,8.12,3946098,33181256.00
20140211,8.12,8.13,7.97,8.06,3108014,26085418.00
20140212,8.07,8.21,8.06,8.12,3109844,26353312.00
20140213,8.13,8.16,7.94,7.98,2752444,23141326.00
20140214,7.97,8.44,7.94,8.33,6060281,51819476.00
20140217,8.36,8.63,8.27,8.56,6602887,58421940.00
20140218,8.51,8.81,8.46,8.58,6426995,57826360.00
20140219,8.58,8.86,8.53,8.68,5589519,50401484.00
20140220,8.67,8.79,8.38,8.46,3906519,34715780.00
20140221,8.53,8.73,8.39,8.66,3683283,32868184.00
20140224,8.57,8.78,8.42,8.78,3576596,31919014.00
20140225,8.84,9.56,8.76,8.95,12399974,117202968.00
20140226,8.66,9.11,8.28,9.11,6932289,62643196.00
20140227,9.21,9.52,8.91,8.92,7374876,70149584.00
20140228,8.76,8.95,8.48,8.76,4545128,40939544.00
20140303,8.67,8.97,8.54,8.95,4458157,40924864.00
20140304,8.95,8.95,8.61,8.78,3140295,28574882.00
20140305,8.76,8.79,8.51,8.59,4219314,37728804.00
20140306,8.55,8.67,8.42,8.56,2741677,24318284.00
20140307,8.56,8.70,8.46,8.50,1843778,16444824.00
20140310,8.38,8.48,8.21,8.22,2556551,22164356.00
20140311,8.21,8.38,8.18,8.26,1224936,10564980.00
20140312,8.21,8.38,8.16,8.38,1419948,12245473.00
20140313,8.31,8.46,8.31,8.35,1546982,13510569.00
20140314,8.32,8.46,8.28,8.41,1249262,10914701.00
20140317,8.44,8.61,8.41,8.58,1594496,14135227.00
20140318,8.58,8.66,8.52,8.61,1626462,14509715.00
20140319,8.60,8.70,8.46,8.66,1835722,16377358.00
20140320,8.65,8.84,8.59,8.64,3825219,34741376.00
20140321,8.57,8.79,8.36,8.78,2420961,21636900.00
20140324,8.78,8.96,8.71,8.84,2754181,25343206.00
20140325,8.84,9.03,8.77,8.88,2101119,19370426.00
20140326,9.16,9.16,8.71,8.73,2725707,25038422.00
20140327,8.76,8.80,8.54,8.54,2041685,18346056.00
20140328,8.53,8.62,8.36,8.37,1855466,16343200.00
20140331,8.37,8.55,8.36,8.42,589921,5174854.50
20140401,8.48,8.61,8.41,8.61,949223,8420544.00
20140402,8.60,8.66,8.40,8.42,1210160,10759968.00
20140403,8.43,8.49,8.34,8.40,843541,7373649.00
20140404,8.40,8.56,8.36,8.56,914196,8087009.50
20140408,8.54,8.69,8.49,8.66,1142892,10238465.00
20140409,8.68,8.76,8.56,8.73,1596310,14377112.00
20140410,8.74,8.75,8.63,8.69,1192612,10780383.00
20140411,8.69,8.71,8.58,8.65,960772,8626223.00
20140414,8.44,8.67,8.43,8.60,1419145,12631437.00
20140415,8.59,8.79,8.58,8.76,2615494,23652384.00
20140416,8.74,8.79,8.66,8.74,1123227,10178274.00
20140417,8.79,8.79,8.67,8.72,1203898,10912868.00
20140418,8.65,8.91,8.65,8.87,2443997,22400964.00
20140421,8.87,9.11,8.73,8.75,3210778,29742580.00
20140422,8.69,8.90,8.66,8.86,2317652,21092844.00
20140423,8.90,9.21,8.86,9.13,6710328,63189716.00
20140424,9.12,9.12,8.59,8.63,7370567,67059328.00
20140425,8.51,8.54,8.01,8.03,5889346,50748916.00
20140428,7.91,7.96,7.66,7.66,2011307,16354201.00
20140429,7.67,7.82,7.67,7.79,1021223,8272632.50
20140430,7.79,7.86,7.74,7.83,1147749,9348804.00
20140505,7.81,7.89,7.72,7.89,1229234,10046575.00
20140506,7.88,7.97,7.80,7.86,1247669,10258055.00
20140507,7.87,8.01,7.76,7.80,1367720,11291042.00
20140508,7.80,7.90,7.62,7.80,1013371,8226175.50
20140509,7.73,7.88,7.65,7.71,1017049,8185040.00
20140512,7.76,8.01,7.68,7.96,1698411,13903798.00
20140513,7.93,8.01,7.88,7.89,1201121,9935093.00
20140514,7.92,7.96,7.86,7.93,844125,6969192.00
20140515,7.96,7.96,7.70,7.72,901374,7338361.50
20140516,7.71,7.77,7.66,7.75,743820,5980335.50
20140519,7.76,7.76,7.67,7.71,550132,4418428.00
20140520,7.73,7.90,7.71,7.76,538698,4370054.00
20140521,7.77,7.79,7.68,7.78,457466,3696864.75
20140522,7.78,7.85,7.78,7.79,801785,6534899.00
20140523,7.81,7.83,7.73,7.83,673461,5467070.50
20140526,7.86,7.99,7.86,7.95,1539403,12741050.00
20140527,7.94,7.99,7.90,7.96,682985,5658396.00
20140528,7.97,8.04,7.94,8.00,977027,8136026.00
20140529,8.02,8.03,7.87,7.92,1260380,10441528.00
20140530,7.94,7.94,7.87,7.91,680186,5607912.00
20140603,7.90,8.00,7.90,7.98,638197,5296359.50
20140604,7.98,7.98,7.74,7.82,855958,6987430.50
20140605,7.81,8.10,7.75,7.98,1249009,10001927.00
20140606,7.92,8.03,7.88,7.99,890131,7163762.50
20140609,7.99,8.04,7.91,7.96,631211,5086697.50
20140610,8.06,8.19,8.03,8.11,1294221,10572870.00
20140611,8.03,8.21,8.03,8.17,1257476,10333377.00
20140612,8.16,8.16,8.06,8.10,620544,5082431.00
20140613,8.08,8.18,8.05,8.15,1063138,8737067.00
20140616,8.19,8.23,8.11,8.19,934449,7720115.00
20140617,8.18,8.20,8.11,8.13,705264,5811908.00
20140618,8.10,8.15,8.01,8.06,878523,7160854.50
20140619,8.02,8.08,7.81,7.84,835854,6721637.00
20140620,7.86,7.94,7.80,7.90,717381,5700333.50
20140623,7.90,8.00,7.88,7.96,1030414,8276483.00
20140624,7.96,8.07,7.94,8.06,820032,6647926.00
20140625,8.06,8.06,7.97,8.01,619940,5018731.50
20140626,8.02,8.12,8.01,8.09,801367,6556701.50
20140627,8.10,8.23,8.10,8.17,1184781,9812195.00
20140630,8.17,8.27,8.17,8.23,1328147,11034238.00
20140701,8.23,8.29,8.17,8.26,1402878,11663998.00
20140702,8.26,8.33,8.23,8.33,1945923,16323845.00
20140703,8.33,8.38,8.24,8.32,1388352,11685593.00
20140704,8.32,8.38,8.22,8.34,1374028,11516370.00
20140707,8.34,8.37,8.24,8.36,1451248,12207247.00
20140708,8.36,8.40,8.30,8.40,1429035,12079082.00
20140709,8.38,8.56,8.27,8.27,2438701,20750904.00
20140710,8.27,8.54,8.27,8.44,3283389,28026828.00
20140711,8.44,8.68,8.39,8.61,3310443,28551474.00
20140714,8.62,8.71,8.52,8.62,2226332,19364010.00
20140715,8.63,8.69,8.53,8.59,1769521,15390576.00
20140716,8.59,8.60,8.45,8.47,1568588,13491004.00
20140717,8.44,8.61,8.36,8.46,1404623,11968913.00
20140718,8.39,8.53,8.38,8.49,1183663,10148040.00
20140721,8.46,8.55,8.44,8.54,2108328,18158536.00
20140722,8.54,8.66,8.51,8.58,3156869,27456690.00
20140723,8.59,8.60,8.41,8.49,2239716,19228492.00
20140724,8.44,8.49,8.39,8.44,1420704,12120000.00
20140725,8.42,8.64,8.42,8.59,2869124,24861964.00
20140728,8.58,8.71,8.58,8.68,2797754,24472504.00
20140729,8.68,8.99,8.64,8.89,4161525,36925544.00
20140730,8.83,9.14,8.76,9.03,5205547,46959020.00
20140731,9.01,9.11,8.92,9.03,3515760,32039812.00
20140801,9.03,9.23,8.96,9.04,4036495,36966736.00
20140804,9.02,9.15,8.98,9.06,2583356,23682672.00
20140805,9.09,9.25,9.03,9.10,2699717,24907160.00
20141223,10.02,10.02,10.02,10.02,239610,2422457.00
20141224,11.03,11.03,11.03,11.03,49149,546536.88
20141225,12.14,12.14,12.14,12.14,65410,799964.31
20141226,13.36,13.36,13.36,13.36,351657,4729786.50
20141229,14.71,14.71,13.61,13.63,21153852,300824288.00
20141230,13.36,13.58,12.91,12.97,9287301,123228912.00
20141231,13.03,13.87,13.03,13.21,8110152,109623896.00
20150105,13.27,13.85,13.11,13.40,6450426,87559688.00
20150106,13.12,13.71,13.06,13.68,6701959,90103416.00
20150107,13.55,13.62,13.30,13.47,2805046,37999952.00
20150108,13.50,13.83,13.37,13.69,4282501,58743872.00
20150109,13.72,13.95,13.51,13.62,5607290,77783536.00
20150112,13.37,13.37,12.61,12.61,5779986,75499592.00
20150113,12.64,12.89,12.57,12.76,2968088,38004656.00
20150114,12.81,12.98,12.69,12.89,2330971,30144328.00
20150115,12.88,12.98,12.71,12.84,2052802,26549824.00
20150116,12.84,13.10,12.73,12.87,2656286,34493376.00
20150119,12.61,14.11,12.60,13.34,7165995,97124136.00
20150120,13.44,14.23,13.44,14.11,8420945,118056704.00
20150121,14.21,15.53,14.21,15.53,4984962,76080648.00
20150122,16.11,16.78,15.64,15.95,12683650,205087600.00
20150123,15.76,16.01,15.53,15.70,5891836,93172048.00
20150126,15.51,15.96,15.48,15.61,4922896,77495568.00
20150127,16.06,16.26,15.41,15.81,5197781,82839696.00
20150128,15.81,15.97,15.51,15.62,3017762,47551160.00
20150129,15.63,15.65,15.12,15.31,2723486,42136972.00
20150130,15.30,15.60,15.22,15.37,2237377,34709736.00
20150202,15.23,16.39,15.03,15.88,5552765,88810992.00
20150203,15.91,16.49,15.71,15.91,2657838,42648748.00
20150204,15.92,16.01,15.57,15.57,2038780,32383398.00
20150205,15.71,15.99,15.57,15.74,2339321,37184528.00
20150206,15.70,16.01,15.40,15.57,1715854,27086002.00
20150209,15.57,15.79,15.11,15.64,1782163,27872386.00
20150210,15.79,16.19,15.56,15.71,2540050,40584060.00
20150211,15.78,16.10,15.61,16.03,2108363,33707468.00
20150212,16.01,16.36,15.83,16.36,3287988,53360220.00
20150213,16.61,17.36,16.52,16.69,3736571,63446036.00
20150216,16.57,17.76,16.57,17.72,4381839,75846384.00
20150217,17.71,17.87,16.99,17.06,3376563,58817188.00
20150225,17.01,17.24,16.57,16.65,2207312,37258188.00
20150226,16.59,16.89,16.51,16.69,2066426,34613324.00
20150227,16.74,17.06,16.62,16.97,1783142,30292978.00
20150302,16.97,17.05,16.21,17.01,3441574,57990400.00
20150303,16.87,16.89,16.56,16.56,3279304,54946440.00
20150304,16.56,16.98,16.49,16.84,2072595,34904756.00
20150305,16.99,16.99,16.57,16.69,1684855,28277746.00
20150306,16.91,17.31,16.71,17.16,2315670,39588236.00
20150309,17.15,18.14,16.73,17.91,4639327,82161512.00
20150310,17.77,18.07,17.61,17.62,3215929,57468932.00
20150311,17.62,17.81,17.21,17.73,1989199,34998184.00
20150312,17.68,17.78,17.31,17.47,1394504,24585186.00
20150313,17.54,17.89,17.51,17.71,1429776,25408026.00
20150316,18.11,18.16,17.56,17.79,5007780,89473152.00
20150317,17.71,18.09,17.58,18.03,4245779,76095128.00
20150318,17.99,18.91,17.91,18.72,4850776,90165032.00
20150319,18.74,18.74,18.27,18.41,3393079,62985628.00
20150320,18.26,18.85,18.26,18.60,2421105,45380368.00
20150323,18.62,19.40,18.60,19.27,4247585,81024392.00
20150324,19.27,20.44,19.11,20.09,6026485,119727520.00
20150325,20.09,22.11,19.81,22.11,8481579,182972144.00
20150326,22.50,23.92,21.45,22.97,10675734,244926144.00
20150327,22.49,22.86,21.91,22.23,5725886,127998128.00
20150330,22.21,22.21,21.41,21.51,5615373,122360232.00
20150331,21.52,22.41,20.94,22.00,4716714,103023744.00
20150401,21.81,22.21,21.61,22.14,3445646,75996344.00
20150402,22.07,22.34,21.72,22.05,3117149,68803664.00
20150403,22.01,23.36,21.71,22.79,6536505,148353136.00
20150407,22.76,23.18,22.24,23.00,5443124,124485336.00
20150408,23.00,23.36,21.93,22.38,6102714,138408464.00
20150409,22.38,23.11,21.73,23.11,6236257,141616880.00
20150410,23.09,25.41,22.77,24.91,9312364,227216560.00
20150413,24.31,26.71,24.08,26.02,8160463,210477280.00
20150414,26.29,27.09,25.10,26.90,8361827,220022784.00
20150415,26.88,28.46,25.91,26.07,9589493,261001952.00
20150416,25.31,26.91,24.96,26.05,5170759,134582224.00
20150417,26.05,27.77,26.05,27.06,7215724,196616416.00
20150420,26.81,27.76,26.51,26.57,5979111,162035248.00
20150421,26.64,27.31,26.64,26.89,5361910,145132768.00
20150422,27.12,29.16,26.81,28.55,9790968,270676832.00
20150423,28.55,31.01,28.31,30.53,9101929,270907520.00
20150424,30.47,31.25,29.51,29.71,7221664,218095440.00
20150427,28.83,29.50,27.79,27.96,13501885,384998144.00
20150428,27.81,27.82,25.16,25.24,14198808,368708480.00
20150429,25.26,26.19,24.44,25.39,6333623,161452976.00
20150430,25.29,25.71,24.88,25.16,5364790,135488784.00
20150504,25.28,25.48,24.42,24.73,5543300,137874896.00
20150505,24.86,25.38,23.41,23.70,6663999,164066784.00
20150506,23.95,24.29,22.21,22.75,7523817,175539632.00
20150526,25.03,25.03,25.03,25.03,96192,2416343.00
20150527,27.54,27.54,27.54,27.54,130549,3607068.75
20150528,30.30,30.30,30.30,30.30,765473,23262724.00
20150529,33.34,33.34,30.34,33.34,29076721,952076864.00
20150601,34.90,35.24,32.49,33.43,22283495,750463168.00
20150602,33.21,35.90,32.95,34.64,21050539,720913664.00
20150603,35.00,36.56,32.91,33.90,16259752,564778944.00
20150604,33.43,33.62,30.91,32.34,13479059,437350176.00
20150615,35.58,35.58,32.91,35.58,23228697,819689344.00
20150616,34.41,35.89,32.01,32.01,19007530,646171904.00
20150617,31.01,31.71,29.29,31.19,15367069,468953696.00
20150618,30.86,30.97,28.06,28.06,11589923,343307552.00
20150619,27.81,27.81,25.25,25.25,11674049,312275936.00
20150623,26.22,27.78,25.40,27.78,16265223,440204544.00
20150624,28.53,29.87,27.91,29.45,14362161,419143008.00
20150625,28.79,29.10,26.50,26.79,18724427,524604032.00
20150626,25.61,25.86,24.10,24.10,13269964,329279872.00
20150629,24.78,24.87,21.68,22.11,14722983,339855040.00
20150630,22.02,24.33,21.68,24.33,14004141,323342720.00
20150701,25.06,26.77,24.74,25.15,21809300,565971008.00
20150702,25.63,26.90,24.35,25.11,18595546,479190752.00
20150703,23.14,26.36,22.59,23.16,15947515,381185952.00
20150706,25.49,25.49,20.89,21.91,18915349,442637696.00
20150707,20.83,20.83,19.71,19.71,5838241,118293784.00
20150708,17.73,18.37,17.73,17.73,21023662,374850720.00
20150709,16.79,19.51,16.79,19.51,11372155,216128144.00
20150710,20.42,21.47,20.12,21.47,4129050,88053624.00
20150713,23.63,23.63,22.92,23.63,8188327,193987328.00
20150714,26.00,26.00,25.00,26.00,10429856,271423552.00
20150715,26.91,27.26,24.70,25.21,20799748,543008832.00
20150716,23.72,27.74,23.52,27.73,18132797,486174656.00
20150717,27.91,30.51,27.51,30.51,11266341,335169056.00
20150720,32.89,33.57,32.89,33.57,10130151,339610720.00
20150721,35.25,36.94,34.91,36.94,8560746,308697600.00
20150722,40.64,40.64,37.91,40.64,32990605,1319882496.00
20150723,39.64,44.71,38.21,41.17,29006066,1208839168.00
20151106,45.30,45.30,45.30,45.30,1384322,62834376.00
20151109,49.84,49.84,49.84,49.84,5777658,288478464.00
20151110,54.83,54.83,54.83,54.83,451881,24817304.00
20151111,60.32,60.32,60.32,60.32,96167,5809448.50
20151112,66.36,66.36,64.57,66.36,31225957,2070690432.00
20151113,66.19,70.99,63.88,66.35,30963852,2090232448.00
20151116,63.91,71.91,63.05,69.29,23373728,1599878784.00
20151117,68.91,75.21,63.91,65.01,26676551,1854494848.00
20151118,65.01,67.81,63.09,67.41,17975782,1180693632.00
20151119,68.51,71.09,64.94,70.42,18532509,1272866176.00
20151120,68.91,74.91,68.46,72.16,20319027,1448704896.00
20151123,72.16,79.39,70.71,71.33,20482838,1532523776.00
20151124,70.53,71.21,65.92,68.54,14082344,961773696.00
20151125,67.90,71.40,67.52,69.89,10734523,749905920.00
20151126,69.42,75.88,69.01,71.75,15279537,1110253568.00
20151127,71.91,71.91,66.11,67.90,10330378,711803328.00
20151130,68.31,69.90,63.72,67.30,9075746,604533696.00
20151201,67.85,67.85,60.56,60.56,12452218,781129984.00
20151202,57.91,59.71,54.69,57.83,17183101,991376384.00
20151203,58.05,61.74,57.91,60.81,8948872,539767680.00
20151204,59.72,64.86,58.91,62.43,9249934,579852160.00
20151207,61.62,68.68,61.62,67.69,11896637,795493248.00
20151208,66.61,69.91,65.01,68.16,9498997,646281792.00
20151209,67.31,68.79,63.71,67.16,7147993,472809216.00
20151210,67.11,69.41,63.94,63.96,6990586,459070016.00
20151211,61.91,63.71,61.43,61.71,3420139,212920656.00
20151214,60.91,65.11,60.66,65.06,5461915,349415360.00
20151215,64.76,67.69,64.72,66.91,5145953,343567552.00
20151216,67.31,73.61,66.91,71.60,9374950,672378048.00
20151217,70.36,77.06,70.36,76.92,8939754,668807424.00
20151218,76.91,76.91,72.81,74.83,7012088,522071232.00
20151221,74.81,75.69,72.64,72.84,4550281,337992992.00
20151222,72.85,72.92,67.91,71.79,7825549,546395008.00
20151223,70.71,70.71,68.41,68.42,4487078,311154080.00
20151224,68.71,69.71,66.57,68.91,4369523,298154176.00
20151225,68.91,70.61,67.03,67.91,3914923,269483936.00
20151228,67.86,68.56,61.11,61.36,7253527,470180160.00
20151229,60.91,64.35,60.41,63.71,5569280,349119904.00
20151230,64.19,64.19,61.34,62.39,4163384,260468432.00
20151231,62.20,63.51,60.51,60.61,3382848,208099888.00
20160104,61.26,61.26,54.54,54.54,5974448,337157440.00
20160105,49.41,56.26,49.41,53.81,11142371,595959616.00
20160106,53.44,55.75,50.92,55.62,5923812,318111712.00
20160107,53.91,54.21,50.05,50.05,1448194,74062896.00
20160108,50.51,51.46,45.48,47.91,7957768,387081024.00
20160111,47.91,50.34,44.41,46.49,10224117,482159104.00
20160112,46.57,50.85,46.01,49.24,10416217,510610528.00
20160113,50.01,50.21,47.38,47.84,5683173,278041600.00
20160114,44.91,52.63,43.61,51.49,9191213,442348960.00
20160115,50.43,54.90,48.21,48.74,8657917,454010176.00
20160118,46.06,53.62,46.02,53.35,8422221,432895616.00
20160119,52.90,54.13,51.51,53.61,7778340,414122080.00
20160120,53.41,53.81,49.36,50.61,6820252,352336000.00
20160121,49.11,49.11,45.54,45.54,14693710,688175168.00
20160122,45.50,47.46,43.12,46.75,9527869,431072064.00
20160125,47.39,47.53,44.91,45.22,5692802,264886048.00
20160126,44.20,44.83,40.69,40.69,7246519,305896032.00
20160127,41.11,41.11,37.23,39.01,6982419,270004640.00
20160128,38.14,41.01,36.85,38.01,5283838,206900208.00
20160129,38.16,41.82,37.99,41.82,7347636,295929920.00
20160201,41.89,44.91,41.41,43.52,7213914,313154720.00
20160202,42.91,47.88,42.87,46.79,6797060,316036704.00
20160203,45.70,48.11,44.92,47.69,5893829,275910848.00
20160204,47.69,51.31,47.27,50.40,6647430,332771680.00
20160205,50.29,51.31,48.30,48.66,3799522,188004384.00
20160215,46.91,53.11,46.71,52.11,3737664,190170736.00
20160216,52.41,53.25,51.25,52.10,5450454,284396832.00
20160217,52.24,52.24,47.70,50.31,7950877,395301504.00
20160218,49.86,50.51,48.33,48.96,7055332,348537600.00
20160219,48.91,51.41,48.13,49.49,8590386,423951488.00
20160229,44.53,44.53,44.53,44.53,556800,24844416.00
20160301,40.07,42.31,40.07,40.07,11137851,449967808.00
20160302,39.93,42.08,39.57,41.91,8045311,329228128.00
20160303,41.51,41.84,39.28,39.30,10554130,429207072.00
20160304,38.41,40.58,36.82,39.71,9581761,369586112.00
20160307,39.09,41.56,38.41,39.42,7381069,295990688.00
20160308,38.91,42.71,35.93,42.11,12630359,499599136.00
20160309,40.51,43.44,40.41,41.13,8517890,360691776.00
20160310,40.60,41.89,39.02,39.72,6648329,267233856.00
20160311,38.66,39.50,37.91,38.33,4596462,177884688.00
20160314,38.94,42.17,38.94,41.24,9188462,380391808.00
20160315,41.15,44.03,40.51,43.35,8574164,367450432.00
20160316,43.48,44.69,41.53,42.21,5018298,216598288.00
20160317,42.69,46.44,42.23,46.36,7651971,345353824.00
20160318,45.72,49.84,45.72,47.71,7206908,347963776.00
20160321,48.49,49.71,46.41,48.41,6149986,294052512.00
20160322,47.73,48.08,46.94,47.31,3499099,166580656.00
20160323,46.91,47.71,46.03,47.23,3115816,146479488.00
20160324,47.04,49.41,46.49,47.11,5085656,246158496.00
20160325,46.52,47.60,44.99,47.00,4594750,211750384.00
20160328,47.76,48.92,45.47,45.86,3871157,183870240.00
20160329,45.91,45.91,42.99,43.41,4056770,179053648.00
20160330,43.81,45.26,43.36,44.83,5303691,236018752.00
20160331,44.91,49.24,44.84,48.40,8319760,394252704.00
20160401,47.18,47.91,45.46,46.42,6162989,286520832.00
20160405,46.51,48.13,45.71,47.67,5182875,244296784.00
20160406,47.59,49.36,46.91,48.19,5446963,263555648.00
20160407,48.69,48.69,45.57,45.76,5749869,269056064.00
20160408,45.66,46.06,44.01,44.67,3872706,174587440.00
20160411,45.19,46.19,45.07,46.06,2854591,131151200.00
20160412,46.28,46.49,44.02,44.52,3029559,136255856.00
20160413,44.87,48.40,44.72,46.25,6795495,318857376.00
20160414,46.79,48.31,46.32,47.91,5892711,281665632.00
20160415,47.71,47.71,46.53,46.66,4253872,199890240.00
20160418,46.77,46.77,45.09,45.56,2654245,120934040.00
20160419,45.90,46.14,44.39,44.85,3926382,176633600.00
20160420,45.21,45.21,40.41,41.61,6560799,277010784.00
20160421,41.41,42.35,40.51,41.04,3544239,148346560.00
20160422,40.99,42.15,40.51,41.68,2018814,83703368.00
20160425,41.86,41.86,39.92,40.71,2502906,101775792.00
20160426,40.88,41.80,40.46,41.43,2256503,92778440.00
20160427,41.42,41.96,40.91,41.34,3469813,144675744.00
20160428,40.91,41.31,39.10,40.50,4452390,178740480.00
20160429,40.01,42.50,39.81,41.47,4884673,203672016.00
20160503,41.31,44.49,41.31,44.01,4655954,203052736.00
20160504,43.91,45.81,43.91,44.91,4474733,202838560.00
20160505,45.43,45.76,43.72,45.02,3248169,145151648.00
20160506,44.67,44.84,43.47,43.51,3349709,147638448.00
20160509,42.66,44.80,42.21,42.31,2815728,122072208.00
20160510,42.76,43.16,41.07,42.57,2091193,87921760.00
20160511,42.55,43.41,39.71,40.71,5544429,226161632.00
20160512,39.41,42.61,39.30,42.38,3271362,134937504.00
20160513,42.31,42.91,40.91,41.89,2272353,95583168.00
20160516,42.17,42.26,41.53,42.07,2055701,86320328.00
20160517,42.07,42.93,41.04,42.67,2570494,108674544.00
20160518,42.12,42.20,40.81,41.21,2068007,85978840.00
20160519,41.25,42.14,40.62,40.95,1684925,69844016.00
20160520,41.01,41.29,40.11,41.13,1438223,58577064.00
20160523,41.00,43.80,40.91,42.50,2781408,119351264.00
20160524,42.62,43.09,41.59,41.80,1574940,66623704.00
20160525,42.21,42.82,42.01,42.36,2367294,100603432.00
20160526,42.11,42.55,41.17,42.04,2108671,87929088.00
20160527,42.17,43.44,41.91,42.47,2732603,117370056.00
20160530,42.48,44.59,42.11,44.20,4459113,195811280.00
20160531,44.27,47.08,44.09,46.73,6247935,288136160.00
20160601,46.89,47.86,45.71,47.01,4412627,207432384.00
20160602,46.77,47.17,45.92,46.46,2194633,102049224.00
20160603,46.71,48.27,46.56,46.82,5346376,255352592.00
20160606,47.29,48.84,46.33,48.03,3013017,143825168.00
20160607,47.91,49.35,47.67,48.42,2571568,125331552.00
20160608,48.68,48.68,47.01,47.35,2511522,120041592.00
20160613,46.56,47.06,44.57,44.57,1983529,91466968.00
20160614,44.31,45.25,43.38,44.30,2318179,102303528.00
20160615,43.29,47.24,43.29,45.50,2530876,116627984.00
20160616,45.93,46.46,44.01,44.96,2870753,129508584.00
20160617,45.11,45.90,44.51,44.87,2118811,95659528.00
20160620,45.36,45.36,43.94,44.41,1890458,84188832.00
20160621,44.81,45.99,44.71,45.76,3364155,153563616.00
20160622,45.51,46.29,45.18,46.21,1601596,73706824.00
20160623,46.35,46.57,45.01,45.21,1733497,79605800.00
20160624,45.16,45.68,43.41,45.20,1749444,78233264.00
20160627,44.80,46.21,44.61,45.75,1408176,64402976.00
20160628,45.76,49.80,45.49,48.22,4456709,213502256.00
20160629,48.26,50.41,48.26,48.43,4424709,218588832.00
20160630,49.44,49.44,47.73,48.41,2219288,108271680.00
20160701,47.99,49.44,47.83,48.77,2428929,118132448.00
20160704,48.71,51.46,48.44,50.91,5546806,280740416.00
20160705,52.46,56.01,51.24,52.51,10492273,567178176.00
20160706,51.59,52.41,50.69,51.74,5055955,261714336.00
20160707,52.41,52.41,48.81,48.83,7483824,373025984.00
20160708,48.69,49.18,48.29,48.51,2466849,120318888.00
20160711,48.86,49.05,47.36,47.99,3474423,167507408.00
20160712,47.91,49.88,47.63,48.92,4296610,210227936.00
20160713,48.93,50.33,48.72,49.33,4973523,246436000.00
20160714,49.46,49.71,49.01,49.45,2148309,106331672.00
20160715,49.22,49.45,48.17,48.51,1917195,93306832.00
20160718,48.41,48.44,45.79,46.36,4219119,197247152.00
20160719,46.50,47.19,45.91,46.63,2139023,99864104.00
20160720,46.81,48.76,46.10,48.31,4460446,213854704.00
20160721,47.81,48.36,47.61,47.64,1661525,79662720.00
20160722,48.16,48.51,46.37,46.67,2239308,106039512.00
20160725,46.68,46.68,45.22,45.71,3397135,155591872.00
20160726,45.72,46.78,45.72,46.56,1664402,77042104.00
20160727,46.57,46.71,42.24,44.44,4834814,215524896.00
20160728,44.19,44.89,42.37,43.31,2994874,129881880.00
20160729,43.44,43.63,42.41,42.98,1975399,85020912.00
20160801,42.89,44.39,42.73,44.22,2372966,103675944.00
20160802,43.85,44.41,43.82,44.09,936103,41375652.00
20160803,44.01,44.40,43.16,43.41,1633679,71500640.00
20160804,42.91,43.71,42.71,43.41,1695090,73558464.00
20160805,43.50,43.50,42.56,42.62,2259130,97002896.00
20160808,42.31,43.50,41.81,43.28,2228419,95273784.00
20160809,43.23,43.29,42.78,43.03,1780672,76715176.00
20160810,43.34,43.79,42.98,43.06,1814781,78580264.00
20160811,43.29,43.29,41.88,41.91,2152323,91504384.00
20160812,41.96,42.18,41.41,41.91,2146110,89615328.00
20160815,41.91,43.71,41.56,43.01,3992107,172240752.00
20160816,42.99,43.57,42.67,43.37,2494415,107921496.00
20160817,43.33,44.11,43.03,43.71,2464854,107844376.00
20160818,43.68,43.71,42.91,43.06,1373967,59665848.00
20160819,43.21,44.21,42.79,43.73,1938515,84473768.00
20160822,43.72,43.81,41.91,42.04,2336029,99870592.00
20160823,42.07,42.41,41.62,41.97,1874481,78738984.00
20160824,42.10,42.29,41.71,42.11,1636432,68796672.00
20160825,42.11,42.11,40.06,40.46,5309014,216304160.00
20160826,40.61,41.36,40.59,40.80,3538428,145314592.00
20160829,40.80,41.49,40.16,41.30,3430412,140988272.00
20160830,41.29,42.09,41.26,41.41,2478105,103846376.00
20160831,41.44,41.79,40.61,40.90,2227677,91535160.00
20160901,40.77,41.09,39.69,39.93,3983446,160255200.00
20160902,40.10,40.19,39.37,39.53,2702892,107350752.00
20160905,39.72,40.80,39.70,40.07,4924436,198736400.00
20160906,39.66,40.46,39.66,40.01,2958316,118561616.00
20160907,40.00,40.41,39.80,39.99,2552081,102392360.00
20160908,40.16,40.18,39.81,39.91,2046657,81873312.00
20160909,39.91,40.31,39.76,40.01,1994280,80005304.00
20160912,39.31,39.31,37.71,37.74,4003948,154433840.00
20160913,37.79,38.87,36.54,38.61,4613690,174761472.00
20160914,38.19,39.11,37.92,38.52,2766979,107154368.00
20160919,37.99,40.08,37.99,39.91,4008925,158415296.00
20160920,39.91,40.34,39.01,39.85,3403118,135451888.00
20160921,39.72,41.85,39.11,41.16,4992692,203329888.00
20160922,41.29,41.70,40.66,40.83,2494918,102732480.00
20160923,40.76,41.12,40.32,40.59,1390798,56697572.00
20160926,40.14,40.73,39.70,40.01,2238956,90229544.00
20160927,40.05,40.11,39.51,39.88,1608817,64196068.00
20160928,39.89,40.42,39.62,40.13,2458298,99083232.00
20160929,40.29,42.18,40.09,41.71,5075890,211529632.00
20160930,41.71,42.09,40.71,41.70,2286502,94777736.00
20161010,41.74,42.61,40.97,42.05,3666328,154339216.00
20161011,42.05,43.51,41.72,42.41,3937026,169694272.00
20161012,42.39,42.39,41.40,41.41,2177352,91053360.00
20161013,41.42,41.82,40.98,41.49,1270066,52678012.00
20161014,41.67,42.43,41.24,41.60,1488640,62551224.00
20161017,41.60,42.31,40.71,40.78,2090062,86791240.00
20161018,40.81,41.39,40.78,41.10,2963741,122163072.00
20161019,41.32,41.32,40.92,41.01,1639312,67484016.00
20161020,41.21,41.91,40.95,41.69,1724130,71648128.00
20161021,41.91,43.21,41.56,41.89,3664722,155658464.00
20161024,41.90,42.53,41.90,42.16,2098480,88727072.00
20161025,42.19,42.77,41.82,42.33,1727484,73246960.00
20161026,42.33,43.24,42.17,42.31,2663496,113964928.00
20161027,42.36,43.43,42.26,42.67,3089850,132770752.00
20161028,42.58,44.11,42.36,43.87,5073663,221140400.00
20161031,43.51,44.35,43.09,43.77,2718181,119152288.00
20161101,43.76,44.07,43.12,43.41,2947021,128493312.00
20161102,43.41,43.42,42.44,42.52,2024661,86674544.00
20161103,42.57,43.08,42.36,42.41,2552828,109021088.00
20161104,42.41,42.76,42.23,42.66,1950623,82986048.00
20161107,42.68,43.06,42.39,42.86,1860396,79696544.00
20161108,42.84,43.27,42.24,42.41,1791743,76255472.00
20161109,42.22,42.28,40.86,41.50,2523417,105223776.00
20161110,41.66,43.49,41.66,43.41,3762949,161550448.00
20161111,43.80,43.80,42.32,42.81,2339722,100440264.00
20161114,43.52,47.10,43.51,46.60,12785606,591029504.00
20161115,45.92,46.35,45.04,46.20,5960453,272497504.00
20161116,46.01,48.70,45.85,47.26,8791420,416879040.00
20161117,47.11,47.44,46.37,46.90,3299701,154957424.00
20161118,46.97,47.39,45.44,45.87,3087517,144138256.00
20161121,45.87,46.66,45.10,45.71,3526596,161706272.00
20161122,45.61,46.59,44.81,46.46,3657006,167800176.00
20161123,46.38,47.03,45.76,46.19,2778927,128732736.00
20161124,45.73,46.40,45.73,46.02,1399069,64545116.00
20161125,45.66,46.01,44.53,45.02,3048767,137723872.00
20161128,45.02,46.31,44.56,45.01,2618356,118559464.00
20161129,45.01,46.78,44.02,44.75,4311862,196410048.00
20161130,44.11,45.60,43.31,43.81,4198195,186823760.00
20161201,43.71,44.59,43.71,44.21,1432190,63481852.00
20161202,44.10,45.36,44.06,44.11,1924097,86102480.00
20161205,44.07,44.81,43.33,44.10,2053126,91033040.00
20161206,44.10,44.89,44.10,44.41,2338760,104199768.00
20161207,44.30,45.87,44.10,45.81,3118196,141070800.00
20161208,45.52,45.91,44.69,44.91,2223871,100533024.00
20161209,44.71,45.41,44.47,44.74,2437582,109767248.00
20161212,44.80,44.80,41.92,42.84,3353039,144324160.00
20161213,42.53,43.11,41.92,42.08,2158152,91500808.00
20161214,42.11,42.27,41.45,41.83,1242554,52089108.00
20161215,42.09,43.26,42.03,42.16,1128839,48161628.00
20161216,42.21,43.67,41.92,43.12,1546847,66927188.00
20161219,43.31,45.36,42.61,43.99,2371720,104687432.00
20161220,43.89,44.45,43.47,43.74,1196400,52763000.00
20161221,43.72,44.39,43.27,43.66,1148824,50533184.00
20161222,43.53,44.11,43.44,44.01,1130119,49745524.00
20161223,43.79,44.44,43.34,43.57,1228191,53880888.00
20161226,43.57,44.16,42.43,44.11,1595071,69461696.00
20161227,44.08,45.01,43.72,44.71,1924889,86126424.00
20161228,44.89,44.99,43.81,44.62,1907999,85138552.00
20161229,44.64,45.04,43.91,44.61,1931226,86501464.00
20161230,44.21,45.08,44.21,45.08,1527412,68788208.00
20170103,45.35,45.60,43.94,44.27,1974959,87699024.00
20170104,44.27,44.73,43.99,44.54,1550011,68896592.00
20170105,44.38,44.71,43.52,43.63,2590185,114021896.00
20170106,43.61,43.74,42.01,42.12,1993879,84806304.00
20170109,42.11,42.69,41.94,42.41,950773,40309732.00
20170110,42.41,42.86,40.11,40.72,2347215,97108392.00
20170111,40.45,41.41,40.41,41.21,2235067,91925504.00
20170112,41.20,41.41,40.44,40.51,799032,32790948.00
20170113,40.50,40.98,39.23,39.61,1314743,52728840.00
20170116,39.69,40.29,37.54,39.15,2825904,111118552.00
20170117,39.01,40.40,38.31,39.73,2141696,83769176.00
20170118,39.96,40.41,39.25,40.13,1765017,70688216.00
20170119,39.97,40.11,39.41,39.91,994010,39556792.00
20170120,39.79,42.06,39.48,41.35,3027536,124302232.00
20170123,41.49,41.90,41.12,41.44,770936,32115706.00
20170124,41.44,41.70,40.61,40.82,1035727,42682312.00
20170125,40.66,40.79,39.73,39.91,1347226,54037360.00
20170126,39.76,40.38,39.71,39.90,743125,29768770.00
20170203,39.94,40.15,39.88,39.97,658697,26394748.00
20170206,39.93,40.14,39.73,39.96,1068491,42816256.00
20170207,40.11,40.35,39.41,39.49,1186413,47301932.00
20170208,39.51,40.24,39.51,39.90,1448777,57924116.00
20170209,39.82,40.04,39.81,39.91,1623096,64929440.00
20170210,39.92,40.08,39.01,39.21,1837648,72588680.00
20170213,39.21,39.50,38.06,38.83,3833163,148976368.00
20170214,38.89,39.01,38.29,38.61,2795412,108238056.00
20170215,38.64,38.67,37.69,37.77,2223226,85321536.00
20170216,37.77,38.16,37.66,37.91,1138597,43173292.00
20170217,37.99,38.14,37.44,37.88,1350910,51046668.00
20170220,38.08,39.21,38.08,38.73,3066061,118748152.00
20170221,38.91,41.46,38.77,40.69,5389650,217631952.00
20170222,40.31,40.95,39.74,40.15,3222899,129836112.00
20170223,40.00,40.38,39.45,39.68,1550586,61896004.00
20170224,39.69,41.85,39.69,41.14,4056692,167323696.00
20170227,41.21,41.86,40.61,41.11,2358168,97839736.00
20170228,41.31,41.36,40.61,41.11,1549666,63561268.00
20170301,41.10,42.09,40.85,41.06,1525052,63517752.00
20170302,41.09,42.27,40.97,41.85,2743816,114339464.00
20170303,41.85,41.91,41.19,41.32,1536000,63789160.00
20170306,41.39,41.77,40.88,41.63,2357243,97727216.00
20170307,41.86,41.88,40.89,41.20,1962501,81024912.00
20170308,41.19,41.26,40.41,40.56,1622416,66113140.00
20170309,40.59,40.70,39.96,40.31,1046964,42209448.00
20170310,40.31,40.40,39.69,40.21,1679876,67266040.00
20170313,40.19,41.15,39.87,41.03,1591231,64835180.00
20170314,41.11,41.40,40.27,40.65,1283916,52345052.00
20170315,40.60,40.73,40.24,40.65,589238,23905974.00
20170316,40.67,41.32,40.66,40.94,1191081,48963084.00
20170317,41.16,41.33,40.07,40.10,1981178,80588440.00
20170320,39.91,40.29,39.20,39.78,2499346,99565584.00
20170321,39.71,39.91,38.46,39.06,2222797,86896792.00
20170322,39.01,40.13,38.76,39.79,3304795,131887376.00
20170323,39.80,40.28,39.06,40.12,1602833,64012240.00
20170324,39.95,40.41,39.53,40.08,1287303,51531116.00
20170327,39.90,40.14,38.95,39.41,2109213,83044848.00
20170328,39.40,39.76,39.03,39.11,1444009,56972988.00
20170329,39.11,39.59,38.81,39.11,1409806,55303324.00
20170330,39.11,39.11,38.13,38.58,1172074,45242504.00
20170331,38.63,39.25,38.41,38.62,1766396,68731160.00
20170405,38.89,39.08,38.62,39.03,1298867,50579516.00
20170406,39.03,39.31,38.51,39.25,1786882,69758600.00
20170407,38.82,39.06,38.53,38.81,1435872,55768024.00
20170410,38.78,38.78,37.76,38.06,2135350,81553600.00
20170411,38.09,38.10,37.71,38.02,1177797,44717936.00
20170412,38.03,38.45,37.61,37.71,1606527,60997024.00
20170413,37.67,37.87,35.84,36.91,2852112,105411968.00
20170414,36.61,36.83,35.61,35.63,3905944,140750320.00
20170417,35.66,37.11,35.52,36.51,2856223,104019344.00
20170418,36.52,36.84,36.29,36.48,1080194,39544324.00
20170419,36.11,37.61,35.19,37.30,3268064,118910696.00
20170420,37.23,37.25,36.01,36.41,2157168,78790528.00
20170421,36.31,36.75,36.22,36.36,772503,28271026.00
20170424,36.40,36.96,35.54,36.47,1782004,64927728.00
20170425,36.23,36.92,36.23,36.72,1479849,54406576.00
20170426,36.71,37.42,36.66,37.20,1498908,55833736.00
20170427,37.41,38.35,36.03,38.16,2144746,80747768.00
20170428,37.56,38.04,37.19,37.53,1331759,50090848.00
20170502,37.58,38.12,35.86,35.89,2066781,76062848.00
20170503,35.90,36.20,33.41,34.79,4967873,172028032.00
20170504,34.32,35.47,34.05,35.22,2428084,85320632.00
20170505,35.21,35.99,34.43,35.71,1602911,56950188.00
20170508,35.80,36.95,35.23,35.77,2497272,91240456.00
20170509,35.06,35.88,35.06,35.53,1580937,56409484.00
20170510,35.41,36.87,35.41,36.66,3715585,135999808.00
20170511,36.56,37.51,35.96,36.49,2662676,97869792.00
20170512,36.23,36.91,35.99,36.14,1220441,44420492.00
20170515,36.24,37.85,36.20,37.50,3203377,120003368.00
20170516,37.45,37.76,36.71,37.11,3460015,128994464.00
20170517,36.55,39.92,36.55,38.68,6314262,244734352.00
20170518,38.44,39.27,38.05,38.67,2582494,99439384.00
20170519,38.55,38.93,37.96,38.91,2302183,88914864.00
20170522,38.81,39.26,37.16,37.76,2472554,94872760.00
20170523,37.58,37.71,36.94,37.24,2466239,92163912.00
20170524,37.87,38.87,36.72,38.02,2815477,106999832.00
20170525,37.96,38.81,37.73,38.61,1370623,52666988.00
20170526,38.69,39.04,38.12,38.91,1636532,63574756.00
20170531,39.02,39.71,38.53,38.61,2027016,79368376.00
20170601,38.61,38.76,37.76,37.81,1830418,70380360.00
20170602,37.82,38.06,36.41,37.69,3178064,118276856.00
20170605,37.91,38.15,36.84,37.10,2095203,78732408.00
20170606,37.32,37.74,36.61,37.41,1257385,46885440.00
20170607,37.57,39.07,37.57,38.71,4151334,160248768.00
20170608,38.71,39.43,37.91,38.12,2839160,110062456.00
20170609,38.51,39.73,38.32,39.30,5113547,201075296.00
20170612,39.30,39.89,38.71,39.79,2802239,111125888.00
20170613,39.47,40.50,39.47,39.86,2939242,118582432.00
20170614,39.86,40.35,38.95,39.21,1981942,78899160.00
20170615,38.96,40.99,38.96,40.69,5084620,205971088.00
20170616,40.79,42.19,40.09,40.28,4676558,194314256.00
20170619,40.27,41.54,38.38,38.56,6597542,260991216.00
20170620,39.20,39.79,38.50,39.16,4218338,165105104.00
20170621,39.12,39.79,38.79,38.90,2136660,83969752.00
20170622,38.90,39.35,37.81,37.86,2451909,94916680.00
20170623,37.86,38.15,35.91,36.89,3694026,136933920.00
20170626,36.90,38.11,36.64,38.11,4079547,153904256.00
20170627,38.01,38.17,36.97,37.57,2338857,87766192.00
20170628,37.57,37.76,36.93,37.31,2014487,75254368.00
20170629,37.31,38.10,37.28,37.69,1948338,73861800.00
20170630,37.51,37.97,37.11,37.77,1203851,45186892.00
20170703,37.77,39.50,37.43,38.65,2633983,102008872.00
20170704,38.64,38.94,38.04,38.11,593001,22853600.00
20170705,37.94,38.45,37.82,38.05,1168213,44649460.00
20170706,38.10,38.10,36.93,37.41,2467755,92509008.00
20170707,37.41,37.41,36.32,36.66,1852239,68199592.00
20170710,36.65,36.65,34.64,35.01,4731043,167528592.00
20170711,35.16,36.21,34.66,35.16,4748321,169429520.00
20170712,35.31,35.31,34.69,35.09,1938721,67966800.00
20170713,35.09,35.25,34.63,35.09,1949676,68301904.00
20170714,35.25,35.25,34.81,35.06,969233,33912412.00
20170717,34.85,34.85,32.26,32.60,3014617,100418920.00
20170718,32.61,32.89,30.98,31.85,3584101,114246144.00
20170719,32.08,33.81,32.08,33.24,3081798,102227504.00
数据来源:通达信
