002311 海大集团 日线 前复权
      日期	    开盘	    最高	    最低	    收盘	    成交量	    成交额
20091127,4.75,5.40,4.75,5.09,32949685,1248020736.00
20091130,5.26,5.69,5.06,5.61,19840452,792794304.00
20091201,5.40,5.51,5.24,5.47,12802250,510761536.00
20091202,5.45,5.78,5.41,5.48,10695525,441047072.00
20091203,5.43,6.10,5.40,5.94,12215378,514775456.00
20091204,5.79,6.58,5.73,6.35,16479249,738392128.00
20091207,6.31,6.52,6.02,6.27,8882784,404267840.00
20091208,6.28,6.28,5.89,5.96,8773819,386148288.00
20091209,5.74,5.90,5.57,5.65,8209311,343663072.00
20091210,5.70,5.90,5.58,5.80,6003388,252216048.00
20091211,5.72,5.78,5.46,5.48,7248349,297456608.00
20091214,5.50,5.55,5.21,5.27,5845309,230820128.00
20091215,5.30,5.54,5.25,5.45,5779749,230820656.00
20091216,5.35,5.45,5.11,5.13,6037107,234933728.00
20091217,5.16,5.24,5.03,5.21,4507892,173033904.00
20091218,5.09,5.13,4.84,4.91,4017768,149375984.00
20091221,4.92,5.02,4.86,4.97,2740903,102095392.00
20091222,4.99,4.99,4.46,4.54,4808281,171960592.00
20091223,4.55,4.78,4.53,4.62,3475490,122770168.00
20091224,4.62,4.83,4.51,4.79,4477512,160107808.00
20091225,4.74,4.83,4.63,4.75,3082951,110569024.00
20091228,4.76,4.89,4.71,4.85,2969220,108176184.00
20091230,4.94,5.16,4.92,4.96,5042707,190047072.00
20091231,4.90,5.01,4.87,5.00,2851858,105788280.00
20100104,5.08,5.24,5.00,5.00,4300204,164346864.00
20100105,5.02,5.09,4.90,5.09,3797224,142744768.00
20100106,5.10,5.10,4.95,4.96,3019996,113968656.00
20100107,4.97,4.98,4.72,4.75,3936259,143350416.00
20100108,4.75,4.78,4.56,4.71,2627445,93269976.00
20100111,4.72,4.85,4.59,4.84,2846409,102390768.00
20100112,4.81,5.12,4.78,5.08,4796812,180901744.00
20100113,4.96,5.18,4.95,5.09,4166885,158544576.00
20100114,5.11,5.20,5.05,5.14,3916534,150099392.00
20100115,5.14,5.22,5.07,5.13,3238384,124109536.00
20100118,5.13,5.23,5.09,5.16,3067561,118447088.00
20100119,5.16,5.20,4.94,4.95,4076177,153347472.00
20100120,4.96,5.01,4.67,4.69,2997027,109055064.00
20100121,4.69,4.81,4.67,4.73,1519750,54625596.00
20100122,4.69,4.78,4.54,4.62,1945035,68810672.00
20100125,4.62,4.65,4.56,4.59,1030239,36196992.00
20100126,4.59,4.67,4.32,4.37,2277700,78000288.00
20100127,4.35,4.41,4.20,4.30,1841535,61202220.00
20100128,4.27,4.35,4.25,4.34,1313854,43785060.00
20100129,4.32,4.42,4.29,4.30,1376682,46186408.00
20100201,4.37,4.44,4.18,4.43,2388342,79765024.00
20100202,4.44,4.57,4.44,4.51,2572438,88921864.00
20100203,4.48,4.53,4.20,4.40,2018698,67585976.00
20100204,4.40,4.53,4.30,4.42,1724010,58599516.00
20100205,4.35,4.37,4.25,4.26,1244971,41368100.00
20100208,4.25,4.31,4.20,4.26,807681,26743154.00
20100209,4.25,4.28,4.20,4.22,778541,25510586.00
20100210,4.27,4.37,4.21,4.37,999706,33146144.00
20100211,4.36,4.41,4.32,4.37,861021,28992660.00
20100212,4.40,4.51,4.37,4.44,924937,31586188.00
20100222,4.43,4.48,4.35,4.35,1048950,35409520.00
20100223,4.31,4.35,4.25,4.30,964444,31909592.00
20100224,4.26,4.54,4.23,4.51,2289277,77959736.00
20100225,4.52,4.64,4.50,4.59,2680416,93380240.00
20100301,4.52,4.68,4.43,4.68,8496350,294529344.00
20100302,4.67,4.70,4.57,4.59,3352791,117903792.00
20100303,4.59,4.81,4.57,4.81,4294022,153848864.00
20100304,4.82,4.83,4.54,4.64,3701136,131593816.00
20100305,4.62,4.75,4.56,4.71,2572652,91100104.00
20100308,4.72,4.91,4.65,4.90,4630175,169101680.00
20100309,4.89,4.90,4.80,4.85,1958067,71479208.00
20100310,4.85,4.86,4.65,4.65,2555958,91307928.00
20100311,4.64,4.70,4.55,4.61,1166608,41038948.00
20100312,4.61,4.70,4.57,4.58,1594875,56191624.00
20100315,4.56,4.59,4.43,4.50,1551827,53339136.00
20100316,4.50,4.53,4.43,4.51,778504,26762438.00
20100317,4.52,4.64,4.50,4.62,1162065,40605936.00
20100318,4.64,4.65,4.58,4.62,1342958,47199888.00
20100319,4.62,4.62,4.53,4.61,1100757,38471696.00
20100322,4.60,4.63,4.54,4.60,954418,33331950.00
20100323,4.61,4.75,4.60,4.68,1897266,67494976.00
20100324,4.68,4.77,4.68,4.70,2085535,74733984.00
20100325,4.71,4.83,4.66,4.79,3035749,109408896.00
20100326,4.76,4.80,4.70,4.77,1874035,67346472.00
20100329,4.79,4.82,4.64,4.66,2748028,97866848.00
20100330,4.64,4.80,4.64,4.76,2172582,78024080.00
20100331,4.75,4.87,4.65,4.74,5078736,184382576.00
20100401,4.72,4.91,4.72,4.89,4024928,147342256.00
20100402,4.88,4.91,4.80,4.88,2567908,93942832.00
20100406,4.89,5.04,4.89,4.91,2574499,95681776.00
20100407,4.93,4.96,4.87,4.94,2350380,86879512.00
20100408,4.94,5.16,4.92,5.04,4599747,174788768.00
20100409,5.08,5.15,5.00,5.10,3512463,133774312.00
20100412,5.09,5.23,5.09,5.18,3541249,136324320.00
20100413,5.18,5.21,4.70,4.92,4795751,178386032.00
20100414,4.87,5.03,4.86,4.96,2553209,95242200.00
20100415,4.97,5.04,4.72,4.75,4163192,151878416.00
20100416,4.75,4.82,4.72,4.75,2065976,74552512.00
20100419,4.67,4.79,4.52,4.54,2417880,85862576.00
20100420,4.59,4.74,4.53,4.73,2731819,96412120.00
20100421,4.75,4.82,4.68,4.79,2077637,74760096.00
20100422,4.78,4.86,4.71,4.80,2687443,97227248.00
20100423,4.80,4.85,4.56,4.62,2610294,93387448.00
20100426,4.55,4.57,4.30,4.49,2642994,90400288.00
20100427,4.49,4.49,4.27,4.36,1940874,64934560.00
20100428,4.31,4.34,4.20,4.26,1940760,64053612.00
20100429,4.29,4.36,4.22,4.22,1344970,44772172.00
20100430,4.19,4.26,3.98,4.07,1659209,52785384.00
20100504,3.99,4.04,3.88,3.99,1102557,34516360.00
20100505,3.86,4.12,3.86,4.09,1182034,37401044.00
20100506,4.09,4.15,3.96,3.97,1577572,50359484.00
20100507,3.87,4.12,3.87,4.04,1311871,41352812.00
20100510,4.04,4.13,3.99,4.10,1321930,42223560.00
20100511,4.22,4.24,4.07,4.15,1530083,49215548.00
20100512,4.10,4.18,3.95,4.12,1529371,48930500.00
20100513,4.15,4.21,4.01,4.21,1287739,41448292.00
20100514,4.15,4.32,4.13,4.28,1568827,51650808.00
20100517,4.26,4.35,3.99,3.99,1642452,53824308.00
20100518,3.94,4.18,3.94,4.07,1279785,40724668.00
20100519,4.10,4.30,4.07,4.25,1457600,47829004.00
20100520,4.25,4.34,4.17,4.18,1056063,34852044.00
20100521,4.09,4.28,4.04,4.26,838389,27266760.00
20100524,4.28,4.48,4.28,4.42,1841015,62290264.00
20100526,4.29,4.45,4.29,4.42,946596,31845752.00
20100527,4.41,4.49,4.33,4.45,1022573,34804316.00
20100528,4.50,4.50,4.30,4.45,1431262,48495096.00
20100531,4.36,4.46,4.29,4.29,830681,28181178.00
20100601,4.28,4.32,4.02,4.28,1550958,50171916.00
20100602,4.24,4.34,4.16,4.33,631911,20799330.00
20100603,4.33,4.42,4.27,4.29,615658,20688498.00
20100604,4.28,4.34,4.27,4.30,439379,14585914.00
20100607,4.24,4.26,4.16,4.22,671087,21885374.00
20100608,4.18,4.35,4.18,4.33,824760,27381728.00
20100609,4.35,4.42,4.32,4.42,834338,28116530.00
20100610,4.42,4.60,4.38,4.51,1902357,50292120.00
20100611,4.55,4.74,4.55,4.62,2748315,74353280.00
20100617,4.63,4.69,4.48,4.49,1189959,31635284.00
20100618,4.45,4.53,4.12,4.32,1346636,34213024.00
20100621,4.26,4.42,4.14,4.40,905434,23070076.00
20100622,4.37,4.40,4.31,4.36,766334,19659550.00
20100623,4.28,4.37,4.11,4.24,890466,22300866.00
20100624,4.21,4.21,4.11,4.20,1198535,29694672.00
20100625,4.16,4.29,4.11,4.17,648720,16106288.00
20100628,4.17,4.19,4.00,4.01,811283,19867548.00
20100629,4.02,4.09,3.58,3.70,1416715,32496716.00
20100630,3.59,3.77,3.41,3.60,1652134,36438500.00
20100701,3.61,3.79,3.61,3.65,576295,12927028.00
20100702,3.65,3.73,3.50,3.71,836218,18605828.00
20100705,3.70,4.04,3.65,3.94,2245320,52862616.00
20100706,3.88,4.08,3.88,4.08,1190042,28434638.00
20100707,4.05,4.12,3.98,4.08,1005825,24392238.00
20100708,4.05,4.13,3.90,3.94,903081,21482688.00
20100709,3.90,4.08,3.90,4.07,903646,21707094.00
20100712,4.06,4.10,3.90,4.05,1949979,46460044.00
20100713,3.93,4.00,3.87,3.91,556257,13122619.00
20100714,3.91,3.97,3.85,3.87,688072,16184965.00
20100715,3.81,3.92,3.72,3.73,555388,12845915.00
20100716,3.71,3.76,3.58,3.66,611349,13679768.00
20100719,3.58,3.77,3.58,3.77,687383,15597409.00
20100720,3.77,3.97,3.76,3.90,899568,21057334.00
20100721,3.91,4.03,3.88,4.00,1284611,30633762.00
20100722,3.96,4.04,3.94,4.01,850461,20350354.00
20100723,4.01,4.10,3.96,4.08,1465478,35354528.00
20100726,4.11,4.25,4.08,4.24,1939195,48136792.00
20100727,4.25,4.25,4.18,4.21,1032822,25786174.00
20100728,4.21,4.31,4.18,4.30,1741235,43933552.00
20100729,4.30,4.30,4.17,4.20,1453143,36379240.00
20100730,4.17,4.26,4.17,4.25,979401,24545828.00
20100802,4.25,4.31,4.22,4.27,1058468,26756650.00
20100803,4.28,4.28,4.13,4.13,1566347,39013632.00
20100804,4.13,4.24,4.09,4.21,1299982,32138706.00
20100805,4.22,4.74,4.22,4.63,6232406,166121824.00
20100806,4.76,4.91,4.75,4.87,5930106,165738576.00
20100809,4.82,5.12,4.80,5.05,4930176,141338784.00
20100810,5.04,5.04,4.73,4.85,5207285,146553024.00
20100811,4.85,4.91,4.72,4.90,3909982,108764776.00
20100812,4.82,4.90,4.78,4.87,2311231,64715980.00
20100813,4.87,4.93,4.79,4.89,2401836,67476960.00
20100816,4.87,5.00,4.83,4.99,3619155,102752200.00
20100817,4.99,5.09,4.94,5.09,3273336,94134176.00
20100818,5.09,5.12,4.96,4.97,2459823,70754832.00
20100819,4.91,5.06,4.80,4.98,4295942,122247936.00
20100820,4.93,5.00,4.75,4.78,2917398,81341624.00
20100824,4.77,4.81,4.61,4.69,3469607,94890528.00
20100825,4.70,4.94,4.68,4.81,3070379,85982944.00
20100826,4.82,4.97,4.82,4.93,1784419,50530088.00
20100827,4.89,5.05,4.89,5.02,1703736,48614108.00
20100830,5.04,5.25,5.02,5.15,3099964,91357992.00
20100831,5.10,5.24,5.06,5.20,1968132,58238108.00
20100901,5.17,5.24,4.92,5.03,3823935,111147440.00
20100902,5.07,5.27,4.96,5.27,3291918,97329208.00
20100903,5.40,5.90,5.40,5.55,6353099,201579920.00
20100906,5.55,5.65,5.30,5.35,2509120,77076032.00
20100907,5.34,5.59,5.16,5.42,3317026,100129168.00
20100908,5.40,5.49,5.27,5.48,1828310,55922716.00
20100909,5.50,5.65,5.31,5.34,2237575,68983920.00
20100910,5.34,5.38,5.04,5.11,3113798,91680688.00
20100913,5.11,5.70,5.11,5.53,5151788,159152576.00
20100914,5.50,5.59,5.37,5.37,3281221,101923568.00
20100915,5.37,5.48,5.13,5.19,3747934,113014664.00
20100916,5.23,5.25,4.85,4.94,1588566,45505572.00
20100917,4.94,5.11,4.91,4.95,1701567,48990328.00
20100920,4.96,5.10,4.96,4.98,1976497,57128228.00
20100921,4.97,5.10,4.73,4.81,1112454,31138286.00
20100927,4.83,5.04,4.83,5.04,852159,24293796.00
20100928,5.06,5.06,4.82,4.84,1361492,38480524.00
20100929,4.83,4.92,4.77,4.88,1093238,30668616.00
20100930,4.81,5.00,4.74,4.90,695888,19725538.00
20101008,4.96,5.08,4.96,5.01,1187086,34124332.00
20101011,5.09,5.40,5.09,5.19,3517270,106014832.00
20101012,5.19,5.35,5.15,5.30,2981936,89176688.00
20101013,5.25,5.52,5.23,5.37,2509405,76510992.00
20101014,5.38,5.45,5.17,5.25,2559443,77156784.00
20101015,5.19,5.38,5.10,5.35,3251154,97959880.00
20101018,5.35,5.48,5.06,5.11,4904795,146595632.00
20101019,5.10,5.29,4.91,5.25,1628169,48078928.00
20101020,5.17,5.46,5.17,5.36,2672148,81182264.00
20101021,5.43,5.74,5.34,5.63,3836611,121188256.00
20101022,5.62,5.70,5.57,5.64,1933333,61318260.00
20101025,5.65,5.77,5.63,5.73,2193371,70106064.00
20101028,5.87,6.12,5.34,5.38,4893824,155182480.00
20101029,5.30,5.59,5.30,5.59,2621962,81046808.00
20101101,5.55,5.84,5.48,5.76,2049284,65848192.00
20101102,5.73,5.94,5.73,5.93,2722357,89384680.00
20101103,5.93,5.99,5.79,5.90,2382981,78547336.00
20101104,5.90,6.23,5.82,6.12,2094018,70288752.00
20101105,6.12,6.28,5.98,6.05,1691964,57182236.00
20101108,6.05,6.30,6.03,6.23,2687248,91938392.00
20101109,6.23,6.24,5.98,6.01,1671607,56435140.00
20101110,6.01,6.13,5.89,6.09,2922082,97532640.00
20101111,5.96,6.16,5.91,5.91,1831588,61847748.00
20101112,5.84,5.89,5.31,5.44,2109305,66731208.00
20101116,5.60,5.95,5.44,5.52,3829533,123357656.00
20101117,5.47,5.47,5.25,5.27,2820297,84884480.00
20101118,5.28,5.40,5.25,5.31,765759,23063162.00
20101119,5.31,5.55,5.31,5.54,1362700,41884584.00
20101122,5.54,5.84,5.49,5.84,2410662,77542824.00
20101123,5.88,5.88,5.63,5.75,1623975,52149196.00
20101124,5.67,5.89,5.67,5.89,1046541,34141264.00
20101125,5.97,5.97,5.76,5.88,899249,29473568.00
20101126,5.90,5.90,5.63,5.72,1809503,58247296.00
20101129,5.72,5.78,5.66,5.67,1290211,41448864.00
20101130,5.67,5.69,5.39,5.54,1117635,34673908.00
20101201,5.50,5.66,5.44,5.65,772152,24200520.00
20101202,5.65,5.75,5.59,5.59,491009,15656774.00
20101203,5.59,5.79,5.59,5.76,1195770,38418700.00
20101206,5.84,5.84,5.55,5.56,836430,26666292.00
20101207,5.56,5.78,5.53,5.74,735307,23523438.00
20101208,5.70,5.89,5.67,5.86,1006010,32783886.00
20101209,5.83,5.96,5.78,5.85,1084774,35721620.00
20101210,5.90,5.95,5.80,5.95,1160310,38115916.00
20101213,5.91,6.05,5.89,6.02,2458090,82093208.00
20101214,6.02,6.12,5.88,6.07,2033407,67898552.00
20101215,6.02,6.16,5.91,5.91,1327914,44737680.00
20101216,5.90,5.95,5.81,5.83,872651,28654740.00
20101217,5.88,5.98,5.82,5.90,639286,21141208.00
20101220,6.01,6.03,5.59,5.74,1691162,54906120.00
20101221,5.75,5.88,5.71,5.78,1656594,53661620.00
20101222,5.81,5.81,5.65,5.67,1709680,54690528.00
20101223,5.63,5.67,5.37,5.42,2269759,70202992.00
20101224,5.42,5.46,5.26,5.35,854870,25913904.00
20101227,5.34,5.48,5.28,5.33,870012,26579582.00
20101228,5.28,5.29,5.08,5.29,940830,27887638.00
20101229,5.27,5.34,5.19,5.29,791717,23742570.00
20101230,5.29,5.38,5.21,5.36,831192,25077934.00
20101231,5.38,5.46,5.29,5.42,809712,24707730.00
20110104,5.42,5.52,5.38,5.48,772396,23815362.00
20110105,5.48,5.52,5.38,5.50,720777,22339544.00
20110106,5.49,5.55,5.39,5.42,397924,12245240.00
20110107,5.36,5.42,5.25,5.26,806274,24375020.00
20110110,5.24,5.33,5.16,5.17,493336,14682628.00
20110111,5.16,5.21,5.09,5.17,396365,11632680.00
20110112,5.17,5.27,5.10,5.27,309672,9177896.00
20110113,5.21,5.31,5.14,5.23,874331,25944030.00
20110117,5.12,5.17,4.62,4.79,1931807,54026744.00
20110118,4.74,4.85,4.64,4.74,372157,10254114.00
20110119,4.79,4.80,4.73,4.75,1727364,47514796.00
20110120,4.73,4.78,4.64,4.64,620948,17005984.00
20110121,4.59,4.68,4.59,4.60,949137,25534122.00
20110124,4.59,4.65,4.53,4.53,272855,7295022.00
20110125,4.53,4.55,4.37,4.49,551479,14438435.00
20110126,4.51,4.72,4.43,4.68,291089,7852480.00
20110127,4.66,4.83,4.58,4.76,935078,25536042.00
20110128,4.74,4.80,4.64,4.76,569847,15628370.00
20110131,4.66,4.93,4.66,4.93,651248,18114058.00
20110201,4.94,4.99,4.80,4.97,482079,13613844.00
20110209,4.90,5.17,4.89,4.99,824503,23797990.00
20110210,5.06,5.27,4.96,5.04,1100009,31929288.00
20110211,5.04,5.05,4.90,5.04,907048,25963788.00
20110214,5.04,5.16,4.96,5.12,1599134,46338232.00
20110215,5.12,5.15,5.06,5.07,683361,19914316.00
20110216,5.04,5.09,4.99,5.08,549349,15879155.00
20110217,5.14,5.14,5.01,5.05,600510,17426380.00
20110218,5.01,5.16,5.01,5.06,513768,14938189.00
20110221,5.04,5.18,5.02,5.18,1240526,36255804.00
20110222,5.18,5.24,4.97,5.09,805579,23621594.00
20110223,5.04,5.14,5.04,5.09,517158,15054973.00
20110224,5.09,5.12,5.05,5.10,529995,15429267.00
20110225,5.11,5.30,5.02,5.29,1027516,30405978.00
20110228,5.28,5.32,5.18,5.27,581460,17374512.00
20110301,5.27,5.33,5.22,5.27,908797,27244860.00
20110302,5.23,5.27,5.10,5.23,494468,14588409.00
20110303,5.17,5.24,5.06,5.09,628530,18400426.00
20110304,5.12,5.23,5.12,5.17,705539,20796924.00
20110307,5.21,5.21,5.13,5.17,710805,20925222.00
20110308,5.14,5.16,5.04,5.04,748998,21819840.00
20110309,5.04,5.10,5.04,5.08,494367,14339684.00
20110310,5.08,5.10,5.01,5.04,542434,15694563.00
20110311,5.04,5.06,5.00,5.04,528687,15223003.00
20110314,5.04,5.04,4.91,5.01,527451,15048996.00
20110315,4.99,5.00,4.78,4.95,667913,18779290.00
20110316,4.89,4.96,4.89,4.94,344666,9779371.00
20110317,4.94,4.94,4.77,4.77,525051,14640764.00
20110318,4.78,4.84,4.78,4.81,204345,5677095.50
20110321,4.81,4.84,4.74,4.74,372947,10324447.00
20110322,4.78,4.83,4.74,4.82,276746,7679045.00
20110323,4.82,4.89,4.81,4.89,470771,13229726.00
20110324,4.90,4.90,4.87,4.88,303301,8535436.00
20110325,4.88,4.96,4.86,4.94,581567,16442094.00
20110328,4.96,5.06,4.96,5.00,689842,19851136.00
20110329,5.00,5.02,4.77,4.80,697971,19728064.00
20110330,4.80,4.82,4.64,4.70,511982,14016030.00
20110331,4.70,4.73,4.60,4.61,309837,8378353.50
20110401,4.64,4.74,4.61,4.72,263766,7198951.00
20110406,4.72,4.74,4.68,4.72,409038,11200070.00
20110407,4.70,4.77,4.69,4.74,383051,10490519.00
20110408,4.74,4.84,4.71,4.80,288236,7973410.50
20110411,4.80,4.94,4.79,4.83,556529,15555155.00
20110412,4.88,4.89,4.69,4.73,706842,19464252.00
20110413,4.74,4.75,4.66,4.74,854331,23305314.00
20110414,4.74,4.93,4.71,4.92,1473186,41457988.00
20110415,4.93,4.94,4.81,4.87,493702,13854282.00
20110418,4.87,5.00,4.80,4.99,703168,19996550.00
20110419,4.97,5.04,4.85,5.01,840853,24070770.00
20110420,4.92,5.28,4.91,5.25,1634664,47697364.00
20110421,5.23,5.31,5.13,5.15,989720,29483948.00
20110422,5.15,5.25,5.15,5.21,692660,20553354.00
20110425,5.21,5.38,5.14,5.33,1378618,41385448.00
20110426,5.23,5.34,5.23,5.29,872231,26274136.00
20110427,5.36,5.38,5.19,5.25,1078524,32341212.00
20110428,5.27,5.27,4.96,4.98,684080,19917978.00
20110429,4.93,5.30,4.93,5.28,1271495,37052856.00
20110503,5.26,5.31,5.20,5.29,605107,18054132.00
20110504,5.29,5.35,5.06,5.16,343210,10106641.00
20110505,5.16,5.27,4.96,5.02,485280,14177660.00
20110509,5.02,5.16,5.02,5.10,468585,13663845.00
20110510,5.10,5.12,5.00,5.00,401286,11609017.00
20110511,5.00,5.04,4.93,4.96,418643,11987014.00
20110512,4.97,5.14,4.97,5.03,286179,8315071.00
20110513,5.01,5.10,4.98,5.08,256794,7430953.00
20110516,5.04,5.11,5.02,5.02,447680,12968838.00
20110517,5.00,5.13,4.96,5.11,522426,15144678.00
20110518,5.11,5.14,5.07,5.12,269959,7902664.50
20110519,5.16,5.24,5.10,5.12,410443,12086267.00
20110520,5.10,5.23,5.04,5.23,441604,13007737.00
20110523,5.23,5.28,5.07,5.08,356435,10544274.00
20110524,5.06,5.08,4.53,4.91,1044192,28919866.00
20110526,4.85,4.97,4.66,4.85,264475,7426776.50
20110527,4.75,4.94,4.64,4.93,960558,26733154.00
20110530,4.93,4.93,4.71,4.83,142115,3968014.75
20110531,4.77,4.93,4.74,4.89,223645,6234083.50
20110601,4.89,4.93,4.83,4.89,388190,10941343.00
20110602,4.85,4.87,4.53,4.87,637020,17536744.00
20110603,4.84,5.10,4.76,5.06,1064298,14982395.00
20110607,4.99,5.31,4.99,5.20,1113621,16357145.00
20110608,5.12,5.27,5.09,5.15,629418,9206546.00
20110609,5.11,5.17,4.99,5.15,471290,6815948.00
20110610,5.15,5.30,5.00,5.29,1373686,20261290.00
20110613,5.27,5.36,5.11,5.19,1021262,15132251.00
20110614,5.19,5.23,5.00,5.19,1051771,15356762.00
20110615,5.18,5.21,5.07,5.07,685540,9978702.00
20110616,5.00,5.03,4.88,4.99,742854,10504836.00
20110617,5.01,5.11,4.94,5.11,788320,11323335.00
20110620,5.11,5.14,4.97,5.08,546250,7848925.50
20110621,5.02,5.48,5.02,5.34,2031980,30346576.00
20110622,5.31,5.38,5.21,5.35,1578461,23656244.00
20110624,5.39,5.51,5.35,5.44,2422086,37050268.00
20110627,5.44,5.68,5.36,5.67,3743892,58464116.00
20110628,5.64,5.68,5.53,5.61,1340686,21054150.00
20110629,5.63,5.74,5.53,5.62,2224249,35125220.00
20110630,5.57,5.81,5.57,5.76,2831295,45197636.00
20110701,5.75,5.89,5.70,5.71,1680548,27086264.00
20110704,5.72,5.83,5.69,5.79,2278702,36671840.00
20110705,5.78,5.81,5.70,5.78,2459559,39377328.00
20110706,5.74,5.74,5.64,5.70,1004292,15917954.00
20110707,5.71,5.75,5.65,5.70,2418516,38481912.00
20110708,5.68,5.82,5.53,5.80,3664963,58186388.00
20110711,5.83,5.95,5.78,5.88,2398173,39164096.00
20110712,5.86,6.37,5.86,6.11,9184143,153666528.00
20110713,6.10,6.30,6.02,6.24,3984776,68265872.00
20110714,6.24,6.46,6.24,6.33,5197743,90622752.00
20110715,6.33,6.39,6.21,6.35,2695831,46575400.00
20110718,6.35,6.41,6.31,6.35,1783858,31110536.00
20110719,6.35,6.38,6.20,6.26,1551890,26814832.00
20110720,6.27,6.58,6.27,6.41,3050689,53798436.00
20110721,6.40,6.49,6.22,6.23,1821451,31585110.00
20110722,6.29,6.36,6.24,6.30,1362566,23620742.00
20110725,6.30,6.30,6.00,6.16,2247331,38017992.00
20110726,6.15,6.29,6.03,6.24,1524464,25988436.00
20110727,6.24,6.42,6.17,6.42,2033255,35473656.00
20110728,6.50,6.60,6.33,6.52,3931702,69722064.00
20110729,6.58,6.69,6.40,6.50,2358485,41994224.00
20110801,6.48,6.53,6.33,6.41,1575912,27652792.00
20110802,6.41,6.47,6.21,6.35,1184082,20585648.00
20110803,6.28,6.58,6.17,6.37,2013466,35349440.00
20110804,6.33,6.42,6.24,6.37,1109525,19323768.00
20110805,6.15,6.33,6.12,6.22,1215176,20895672.00
20110808,6.08,6.18,5.60,6.10,2570734,42734468.00
20110809,5.76,6.22,5.76,6.03,1559966,26094058.00
20110810,6.18,6.21,6.08,6.12,1778969,30130486.00
20110811,6.08,6.15,6.03,6.12,1879585,31666606.00
20110812,6.12,6.55,6.12,6.41,6018072,105828976.00
20110815,6.46,6.56,6.35,6.49,3217085,56800232.00
20110816,6.46,6.57,6.41,6.49,2872289,51124360.00
20110817,6.51,6.57,6.40,6.53,2597200,46257720.00
20110818,6.58,6.83,6.50,6.65,6534017,119758248.00
20110819,6.48,6.58,6.38,6.57,2721092,48341540.00
20110822,6.54,6.79,6.29,6.48,2835623,50470088.00
20110823,6.41,6.52,6.30,6.50,1416604,24928600.00
20110824,6.54,6.66,6.44,6.65,2064098,37025112.00
20110825,6.66,6.82,6.62,6.79,4164961,76496728.00
20110826,6.81,6.88,6.71,6.74,2655073,49092860.00
20110829,6.75,6.82,6.71,6.82,2004277,36899228.00
20110830,6.86,6.90,6.70,6.70,2055172,38173576.00
20110831,6.60,6.70,6.41,6.50,2412967,43204196.00
20110901,6.53,6.58,6.29,6.37,2165267,37990560.00
20110902,6.37,6.58,6.29,6.50,2842381,50514804.00
20110905,6.42,6.58,6.31,6.43,825511,14577316.00
20110906,6.36,6.45,6.29,6.37,964848,16874992.00
20110907,6.37,6.47,6.31,6.41,1653432,28991956.00
20110908,6.46,6.50,6.35,6.37,779884,13725080.00
20110909,6.42,6.42,6.21,6.32,1109569,19176582.00
20110913,6.24,6.29,6.08,6.19,661668,11256856.00
20110914,6.24,6.28,6.10,6.15,1110042,18887204.00
20110915,6.16,6.28,6.15,6.17,1691715,28974212.00
20110916,6.16,6.46,6.13,6.36,1468396,25614370.00
20110919,6.33,6.36,6.16,6.23,440665,7556838.00
20110920,6.16,6.28,6.16,6.24,263860,4517032.00
20110921,6.27,6.45,6.16,6.45,1734920,30211274.00
20110922,6.34,6.41,6.21,6.36,903229,15695672.00
20110923,6.20,6.34,6.16,6.34,544136,9339261.00
20110926,6.29,6.34,6.03,6.13,616090,10477531.00
20110927,6.14,6.16,5.84,5.97,2270015,37594328.00
20110928,5.97,6.05,5.85,6.02,1246923,20571362.00
20110929,6.00,6.00,5.83,5.89,668299,10931737.00
20110930,5.86,6.01,5.86,5.93,687783,11324196.00
20111010,5.93,6.02,5.89,5.95,475140,7846175.00
20111011,6.05,6.16,5.75,5.95,568322,9377796.00
20111012,5.95,6.24,5.82,6.24,632322,10688930.00
20111013,6.20,6.35,6.18,6.21,1086113,18654532.00
20111017,6.24,6.41,6.16,6.41,815435,14130017.00
20111018,6.33,6.47,6.29,6.40,580665,10144375.00
20111019,6.35,6.41,6.24,6.37,907251,15745221.00
20111020,6.36,6.41,6.18,6.41,803850,13871622.00
20111021,6.41,6.43,6.25,6.26,1044498,18203092.00
20111024,6.19,6.24,5.95,6.18,1681833,28277762.00
20111025,6.16,6.45,6.16,6.42,1324272,23133836.00
20111026,6.37,6.62,6.33,6.62,2286778,40875104.00
20111027,6.71,6.71,6.48,6.52,1482928,26639470.00
20111028,6.62,6.65,6.35,6.56,1941764,34620856.00
20111031,6.52,7.00,6.50,7.00,7202244,133886224.00
20111101,6.98,7.09,6.83,6.95,3932135,74207216.00
20111102,6.87,7.09,6.69,7.05,3078264,57791648.00
20111103,7.06,7.21,6.91,6.95,3666057,70120280.00
20111104,6.94,6.98,6.80,6.89,2183908,40967516.00
20111107,6.92,7.13,6.87,7.04,2472691,47088748.00
20111108,7.08,7.17,6.90,7.04,1378415,26119534.00
20111109,7.01,7.17,6.91,7.09,2085504,39850888.00
20111110,7.01,7.05,6.77,6.98,2932629,54965152.00
20111114,6.96,7.14,6.86,7.08,2654205,50561168.00
20111115,7.04,7.34,6.98,7.32,3566586,69878456.00
20111116,7.34,7.41,7.12,7.25,2209002,43213544.00
20111117,7.23,7.28,6.96,7.10,1852363,35695920.00
20111118,7.01,7.07,6.71,6.87,1705053,32069788.00
20111121,6.96,6.96,6.71,6.96,1044000,19299460.00
20111122,6.87,7.03,6.65,7.03,1107033,20744612.00
20111123,7.01,7.09,6.92,7.09,1134722,21644672.00
20111124,7.05,7.17,6.89,7.17,1599914,30559374.00
20111125,7.15,7.22,7.07,7.17,1575658,30507726.00
20111128,7.18,7.22,7.03,7.21,1713022,33104260.00
20111129,7.25,7.25,7.04,7.21,1719594,33250564.00
20111130,7.13,7.17,6.67,7.00,2059951,38918696.00
20111201,7.14,7.22,7.01,7.11,1714125,33044570.00
20111202,7.02,7.13,6.85,7.08,1023092,19459858.00
20111205,7.01,7.04,6.71,6.88,1188986,22226292.00
20111206,6.75,6.91,6.72,6.90,708311,13188635.00
20111207,6.90,7.00,6.79,6.92,446846,8399837.00
20111208,6.85,7.05,6.84,7.04,839766,15935188.00
20111209,7.14,7.14,6.92,7.01,730803,13896068.00
20111212,7.07,7.07,6.76,6.79,424042,7947954.00
20111213,6.71,6.77,6.46,6.46,1006980,18037536.00
20111214,6.36,6.52,6.16,6.29,829206,14458992.00
20111215,6.29,6.35,6.16,6.33,929807,16013718.00
20111216,6.33,6.35,6.08,6.31,1594568,27327582.00
20111219,6.26,6.26,6.05,6.12,1812012,30750310.00
20111220,6.06,6.33,6.04,6.25,1231575,21215072.00
20111221,6.26,6.37,6.11,6.20,651505,11171465.00
20111222,6.08,6.29,5.97,6.25,692927,11718348.00
20111223,6.22,6.43,6.12,6.34,745121,12982751.00
20111226,6.35,6.46,6.28,6.46,485700,8542142.00
20111227,6.39,6.40,6.19,6.31,538221,9338435.00
20111228,6.28,6.41,5.95,6.37,907264,15427845.00
20111229,6.30,6.42,6.21,6.38,729066,12712591.00
20111230,6.38,6.52,6.34,6.50,1154643,20432204.00
20120104,6.53,6.56,6.11,6.21,1261548,21751118.00
20120105,5.99,6.16,5.70,5.99,1510801,24764308.00
20120106,5.91,6.16,5.70,6.10,1240648,20122140.00
20120109,6.11,6.45,5.97,6.32,1132923,19591426.00
20120110,6.27,6.53,6.27,6.37,1442512,25510584.00
20120111,6.41,6.49,6.25,6.37,914614,15912880.00
20120112,6.36,6.37,6.25,6.34,613768,10641402.00
20120113,6.21,6.32,6.00,6.24,827633,14031939.00
20120116,6.04,6.15,6.02,6.10,541290,9140165.00
20120118,6.37,6.41,5.95,6.05,1278846,21915060.00
20120119,5.95,6.16,5.36,5.94,2733631,43614592.00
20120120,5.74,6.08,5.74,6.08,1385488,22929922.00
20120130,6.08,6.29,6.03,6.06,448812,7634223.50
20120131,6.12,6.12,5.95,6.03,242848,4052732.75
20120201,5.89,6.07,5.89,6.03,302473,5038531.00
20120202,6.03,6.11,5.91,6.08,1339251,22157930.00
20120203,6.08,6.11,5.95,6.08,769937,12869413.00
20120206,6.08,6.20,6.08,6.17,1094028,18530508.00
20120207,6.13,6.17,6.08,6.16,702972,11914271.00
20120208,6.18,6.24,6.10,6.24,679500,11591733.00
20120209,6.24,6.35,6.18,6.26,767434,13279582.00
20120210,6.26,6.31,6.24,6.27,604954,10438551.00
20120213,6.17,6.34,6.17,6.31,509519,8814358.00
20120214,6.30,6.34,6.19,6.24,404595,6966838.50
20120215,6.28,6.30,6.18,6.29,913551,15774836.00
20120216,6.33,6.35,6.22,6.25,776357,13457357.00
20120217,6.25,6.29,6.17,6.26,388604,6682069.50
20120220,6.34,6.34,6.18,6.21,915049,15730397.00
20120221,6.21,6.28,6.17,6.28,691466,11870318.00
20120222,6.29,6.54,6.29,6.53,1665299,29420196.00
20120223,6.54,6.71,6.53,6.55,1267641,22883198.00
20120224,6.49,6.70,6.49,6.69,711481,12841218.00
20120227,6.69,6.95,6.65,6.74,3279786,60962180.00
20120228,6.67,6.85,6.56,6.75,1247089,22789090.00
20120229,6.76,6.79,6.61,6.73,932079,17043902.00
20120301,6.69,6.82,6.68,6.73,523114,9626277.00
20120302,6.78,6.91,6.71,6.86,915391,16981718.00
20120305,6.89,7.05,6.79,6.84,866065,16323308.00
20120306,6.78,6.83,6.65,6.72,801896,14725912.00
20120307,6.67,6.73,6.60,6.63,582523,10590283.00
20120308,6.65,6.75,6.65,6.69,652019,11915392.00
20120309,6.75,6.96,6.75,6.87,1024891,19160810.00
20120312,6.92,7.02,6.80,7.01,1503010,28254834.00
20120313,6.98,7.13,6.86,7.05,2167224,41229016.00
20120314,7.05,7.15,6.71,6.84,1729778,32584250.00
20120315,6.82,7.42,6.79,7.36,4047997,78932600.00
20120316,7.35,7.83,7.35,7.71,5525949,113158904.00
20120319,7.77,7.98,7.56,7.83,2946684,61501840.00
20120320,7.77,7.88,7.60,7.69,1759186,36348548.00
20120321,7.64,7.84,7.47,7.83,2249205,46232768.00
20120322,7.84,8.23,7.64,7.67,4288012,91255552.00
20120323,7.50,7.64,7.24,7.50,1926503,38615652.00
20120326,7.37,7.61,7.37,7.60,1251110,25284368.00
20120327,7.61,7.84,7.39,7.53,1522291,30958960.00
20120328,7.55,7.55,7.17,7.29,1617304,32016166.00
20120329,7.18,7.34,7.03,7.29,1091230,21179156.00
20120330,7.28,7.34,7.13,7.24,1275221,24929354.00
20120405,7.22,7.73,7.12,7.61,1655957,33530834.00
20120406,7.56,7.82,7.53,7.77,1251538,25721628.00
20120409,7.77,7.94,7.63,7.64,1152200,23862212.00
20120410,7.64,7.76,7.30,7.75,1138242,23044464.00
20120411,7.70,7.87,7.62,7.80,1206399,25126572.00
20120412,7.80,7.93,7.77,7.89,1533502,32333174.00
20120413,7.94,7.96,7.73,7.82,1008434,21163498.00
20120416,7.82,7.92,7.55,7.88,1088815,22481660.00
20120417,7.83,7.89,7.73,7.83,738688,15444756.00
20120418,7.81,7.89,7.55,7.81,1255957,26041106.00
20120419,7.81,7.83,7.60,7.77,981624,20294746.00
20120420,7.72,7.76,7.55,7.67,834559,17153812.00
20120423,7.69,8.11,7.66,7.94,1728718,36574168.00
20120424,7.91,8.08,7.77,7.94,2714985,57851908.00
20120425,7.89,8.13,7.84,8.06,1550371,33239796.00
20120426,8.05,8.14,7.97,8.04,1177377,25224238.00
20120427,8.02,8.18,7.85,8.12,1023308,21852854.00
20120502,8.21,8.43,8.06,8.36,1862327,40839336.00
20120503,8.36,8.36,8.13,8.23,1644997,36046236.00
20120504,8.15,8.44,8.15,8.37,3132758,69273424.00
20120507,8.51,8.51,8.27,8.32,979815,21673774.00
20120508,8.32,8.32,8.04,8.20,1865246,40470036.00
20120510,8.06,8.22,8.05,8.21,614257,13340788.00
20120511,8.27,8.27,8.06,8.18,390368,8450061.00
20120514,8.22,8.23,7.86,8.01,825738,17683302.00
20120515,7.93,8.01,7.66,7.82,1352942,28215974.00
20120516,7.83,7.88,7.73,7.77,1398727,29164414.00
20120517,7.73,8.10,7.73,8.10,731162,15595545.00
20120518,8.10,8.10,7.82,7.82,849447,13808962.00
20120521,7.82,7.83,7.73,7.75,734678,11671183.00
20120522,7.83,8.13,7.69,8.04,1349367,22020986.00
20120523,7.99,8.17,7.99,8.05,1297728,21324516.00
20120524,8.05,8.16,7.93,8.05,648220,10682835.00
20120525,8.00,8.14,7.88,8.09,1502344,24670790.00
20120528,8.07,8.13,7.75,8.10,1222616,19787886.00
20120529,8.12,8.34,8.05,8.31,1931907,32337874.00
20120530,8.32,8.75,8.24,8.64,2758087,47882684.00
20120531,8.64,8.65,8.49,8.58,1214261,21075376.00
20120601,8.58,8.60,8.45,8.50,1302158,22477016.00
20120604,8.27,8.64,8.24,8.29,969847,16552712.00
20120605,8.32,8.57,8.30,8.51,914765,15652762.00
20120606,8.55,8.58,8.44,8.49,548180,9454124.00
20120607,8.59,8.69,8.51,8.60,845515,14717433.00
20120608,8.69,8.69,8.54,8.60,521856,9093630.00
20120611,8.59,8.73,8.47,8.68,880053,15341476.00
20120612,8.68,8.90,8.65,8.72,1833977,32525738.00
20120613,8.72,8.90,8.66,8.85,1504390,26683864.00
20120614,8.83,8.87,8.61,8.72,1176947,20709380.00
20120615,8.75,8.75,8.52,8.62,797472,13899902.00
20120618,8.62,8.81,8.58,8.61,978955,17110140.00
20120619,8.61,8.69,8.55,8.59,609724,10614430.00
20120620,8.56,8.60,8.39,8.51,946984,16257874.00
20120621,8.50,8.50,8.31,8.38,714715,12141130.00
20120625,8.27,8.38,8.11,8.36,1053583,17618138.00
20120626,8.32,8.42,8.18,8.34,629546,10611595.00
20120627,8.36,8.54,8.25,8.52,1154003,19752230.00
20120628,8.52,8.66,8.38,8.52,1151851,19807498.00
20120629,8.45,8.93,8.43,8.85,2892216,50905892.00
20120702,8.80,8.89,8.65,8.87,3137343,55598024.00
20120703,8.79,9.03,8.75,8.98,2239570,40284036.00
20120704,8.99,9.01,8.78,8.83,1039611,18598028.00
20120705,8.84,8.84,8.62,8.65,1382402,24293710.00
20120706,8.65,9.18,8.63,8.98,3501921,63296292.00
20120709,8.98,9.14,8.79,8.84,3136436,57119696.00
20120710,8.82,8.97,8.71,8.93,2146199,38511496.00
20120711,9.02,9.26,8.88,9.26,6208181,114194352.00
20120712,9.26,9.53,9.14,9.38,6412023,120803808.00
20120713,9.38,9.42,9.21,9.26,2768106,51574300.00
20120716,9.27,9.58,9.19,9.20,6869354,129150728.00
20120717,9.19,9.23,8.83,9.04,2871144,51865876.00
20120718,9.05,9.24,8.88,9.20,1933498,34979376.00
20120719,9.23,9.42,9.11,9.13,2108660,39145956.00
20120720,9.03,9.15,8.93,8.98,816649,14820018.00
20120723,8.83,9.12,8.83,9.04,663855,12046161.00
20120724,9.05,9.23,8.94,9.12,636423,11672612.00
20120725,9.03,9.42,9.03,9.40,2096245,39200312.00
20120726,9.48,9.52,8.93,8.93,1918154,35472368.00
20120727,8.93,9.09,8.44,9.02,3222155,56465608.00
20120730,8.87,8.91,8.64,8.78,862223,15233709.00
20120731,8.76,8.84,8.53,8.68,907225,15910955.00
20120801,8.55,8.79,8.55,8.74,1297376,22828366.00
20120802,8.74,8.74,8.42,8.67,2024612,35021884.00
20120803,8.75,8.79,8.40,8.66,1994761,34753056.00
20120806,8.66,8.98,8.58,8.93,3055082,54651780.00
20120807,8.93,9.14,8.87,8.92,2391681,43458364.00
20120808,8.90,9.03,8.82,8.92,758303,13600713.00
20120809,8.85,9.08,8.83,9.00,1305639,23598260.00
20120810,9.01,9.11,8.82,8.86,975430,17578360.00
20120813,8.91,8.98,8.71,8.86,995381,17762738.00
20120814,8.84,8.89,8.22,8.76,1838150,31773198.00
20120815,8.63,8.69,8.49,8.65,1137820,19746144.00
20120816,8.63,8.63,8.46,8.61,579871,10033293.00
20120817,8.52,8.52,8.27,8.42,1091112,18515240.00
20120820,8.38,8.38,8.23,8.35,1114438,18775536.00
20120821,8.26,8.54,8.26,8.54,1266972,21683490.00
20120822,8.54,8.64,8.34,8.38,1484017,25296460.00
20120823,8.28,8.54,8.28,8.51,1102418,18720098.00
20120824,8.49,8.49,8.25,8.41,1030794,17451422.00
20120827,8.39,8.41,8.27,8.37,501263,8479423.00
20120828,8.29,8.49,8.27,8.44,568054,9650782.00
20120829,8.39,8.54,8.30,8.31,674962,11534362.00
20120830,8.31,8.31,7.78,8.10,2567215,41879568.00
20120831,7.94,8.10,7.79,7.89,1223745,19691700.00
20120903,7.82,7.83,7.28,7.74,1728901,27361716.00
20120904,7.74,7.94,7.74,7.83,1295302,20727728.00
20120905,7.80,8.05,7.63,8.05,1467997,23678842.00
20120906,7.96,8.05,7.90,8.02,1179955,19135036.00
20120907,8.03,8.46,8.03,8.24,1607133,27008030.00
20120910,8.24,8.56,8.24,8.44,1475102,25289806.00
20120911,8.38,8.43,8.28,8.36,470960,7995120.00
20120912,8.43,8.43,8.29,8.37,879210,14913893.00
20120913,8.43,8.43,8.21,8.27,815960,13746738.00
20120914,8.21,8.35,7.85,8.08,3468070,56786164.00
20120917,7.98,8.01,7.83,7.94,931366,15060635.00
20120918,7.88,7.99,7.82,7.92,1124694,18040020.00
20120919,7.94,7.98,7.83,7.94,540558,8716540.00
20120920,7.92,7.94,7.73,7.82,1149680,18315008.00
20120921,7.62,7.88,7.62,7.77,275791,4400379.00
20120924,7.72,7.96,7.61,7.96,656206,10441607.00
20120925,7.99,8.01,7.81,7.96,803426,12960409.00
20120926,7.84,7.91,7.66,7.72,1422944,22536806.00
20120927,7.75,7.94,7.64,7.88,1404352,22308676.00
20120928,7.66,8.06,7.66,8.05,1111380,17917404.00
20121008,8.05,8.05,7.94,8.05,340596,5564123.50
20121009,8.08,8.32,7.97,8.30,1698867,28238002.00
20121010,8.22,8.27,8.09,8.21,3233178,53638680.00
20121011,8.16,8.16,7.74,7.75,3186663,51610892.00
20121012,7.76,7.88,7.58,7.69,1858839,29317468.00
20121015,7.73,7.75,7.21,7.31,9856539,148020304.00
20121016,7.27,7.64,7.27,7.59,2488674,38475316.00
20121017,7.60,7.64,7.51,7.55,888157,13765382.00
20121018,7.57,7.78,7.53,7.71,1272808,20043100.00
20121019,7.69,7.75,7.62,7.66,495644,7813487.50
20121022,7.66,7.82,7.56,7.81,699114,11053704.00
20121023,7.81,7.88,7.69,7.78,1279786,20265198.00
20121024,7.64,7.83,7.61,7.77,344602,5467947.50
20121025,7.75,7.76,7.62,7.75,292879,4621068.50
20121026,7.72,7.72,7.47,7.61,1546230,23962268.00
20121029,7.60,7.61,7.40,7.55,637929,9841407.00
20121030,7.55,7.55,7.39,7.53,865855,13275378.00
20121031,7.39,7.60,7.37,7.55,513238,7958696.00
20121101,7.55,7.70,7.50,7.64,770714,12084729.00
20121102,7.64,7.65,7.53,7.61,762599,11877686.00
20121105,7.61,7.68,7.50,7.68,1279314,20023956.00
20121106,7.66,7.80,7.64,7.77,1581071,25091594.00
20121107,7.78,7.85,7.72,7.76,910460,14526229.00
20121108,7.74,7.74,7.60,7.66,253147,3968979.25
20121109,7.62,7.68,7.53,7.65,405903,6323153.50
20121112,7.62,7.63,7.50,7.57,272777,4231745.50
20121113,7.49,7.57,7.49,7.53,224590,3463633.00
20121114,7.54,7.58,7.46,7.54,307380,4743074.00
20121115,7.54,7.55,7.42,7.55,1069093,16447612.00
20121116,7.55,7.55,7.42,7.49,213903,3277234.00
20121119,7.42,7.53,7.31,7.49,396295,6034876.00
20121120,7.41,7.55,7.41,7.49,247350,3810567.00
20121121,7.54,7.55,7.34,7.54,339932,5202582.00
20121122,7.48,7.49,7.20,7.47,434405,6628245.50
20121123,7.46,7.50,7.39,7.50,588697,9002523.00
20121126,7.48,7.49,7.32,7.41,593091,9001075.00
20121127,7.34,7.41,7.21,7.36,547794,8214875.50
20121128,7.35,7.36,7.17,7.36,972679,14555678.00
20121129,7.34,7.36,7.21,7.34,567988,8533716.00
20121130,7.29,7.39,7.28,7.39,390180,5899940.00
20121203,7.44,7.44,7.23,7.28,480698,7242799.00
20121204,7.17,7.34,7.05,7.23,465558,6891230.00
20121205,7.17,7.50,7.09,7.44,2321103,35063496.00
20121206,7.40,7.40,7.24,7.38,713950,10726502.00
20121207,7.25,7.65,7.25,7.58,3360723,51705748.00
20121210,7.58,7.93,7.50,7.88,3486034,55479376.00
20121211,7.90,7.91,7.77,7.90,1454217,23336744.00
20121212,7.90,7.90,7.61,7.88,1386860,21956252.00
20121213,7.83,7.83,7.63,7.71,1203043,18931518.00
20121214,7.68,7.99,7.66,7.97,3026149,48693136.00
20121217,7.89,7.89,7.71,7.80,1764208,28075160.00
20121218,7.80,7.90,7.64,7.80,2685184,42769912.00
20121219,7.68,7.80,7.65,7.74,1041784,16448670.00
20121220,7.68,7.93,7.68,7.87,1922264,30771446.00
20121221,7.90,7.94,7.77,7.94,2160932,34692580.00
20121224,7.97,8.05,7.78,7.94,1439372,23244326.00
20121225,7.92,8.15,7.84,8.08,5004723,81824392.00
20121226,8.09,8.17,8.02,8.06,2447842,40364944.00
20121227,8.04,8.16,7.97,8.13,2858259,47029316.00
20121228,8.18,8.23,8.08,8.16,2157420,35843192.00
20121231,8.20,8.43,8.05,8.43,3615314,60287096.00
20130104,8.41,8.41,8.14,8.18,1441190,24060096.00
20130107,8.18,8.18,8.05,8.13,1327932,21961760.00
20130108,8.19,8.19,8.08,8.13,1679717,27790612.00
20130109,8.13,8.43,8.06,8.38,4198843,70713952.00
20130110,8.32,8.49,8.29,8.40,1661898,28319730.00
20130111,8.41,8.43,8.18,8.19,1302802,21885096.00
20130114,8.19,8.48,8.08,8.46,2897553,49400044.00
20130115,8.45,9.03,8.45,8.93,3271021,58193540.00
20130122,9.05,9.42,8.58,9.18,3879864,70547216.00
20130123,9.12,9.20,8.86,9.19,2464586,45106004.00
20130124,9.17,9.20,8.88,8.90,1299196,23676874.00
20130125,8.90,9.07,8.63,8.92,2315758,41536576.00
20130128,8.92,8.97,8.77,8.92,4034181,72210136.00
20130129,8.96,9.34,8.87,9.18,4526843,82492384.00
20130130,9.18,9.18,8.87,8.87,3086710,55663668.00
20130131,8.88,8.93,8.63,8.70,1011403,17885772.00
20130201,8.68,8.80,8.65,8.69,1141270,20124392.00
20130204,8.69,8.75,8.37,8.53,2293110,39377700.00
20130205,8.54,8.62,8.30,8.35,2290121,38944560.00
20130206,8.38,8.47,8.31,8.43,1776169,30276498.00
20130207,8.43,8.75,8.38,8.72,4040227,69750192.00
20130208,8.68,8.72,8.57,8.69,3152044,55105788.00
20130218,8.65,8.81,8.65,8.71,2088801,36776148.00
20130219,8.72,8.74,8.49,8.59,1647841,28664488.00
20130220,8.59,8.76,8.48,8.75,2108447,36941804.00
20130221,8.74,8.90,8.60,8.71,1998371,35339000.00
20130222,8.74,8.93,8.71,8.83,1938602,34665208.00
20130225,8.82,9.20,8.79,9.08,2597136,47259784.00
20130226,9.08,9.20,8.93,9.02,1048689,19066056.00
20130227,9.09,9.18,8.87,9.00,1833414,33025482.00
20130228,9.00,9.00,8.82,8.98,1717229,30818314.00
20130301,8.96,9.14,8.87,9.03,2007971,36612652.00
20130304,8.98,9.12,8.38,8.60,3744536,65668800.00
20130305,8.60,8.81,8.44,8.72,2495784,43669744.00
20130306,8.76,8.79,8.60,8.70,2024216,35462044.00
20130307,8.70,8.70,8.40,8.48,1298880,22404866.00
20130308,8.53,8.53,8.35,8.47,1436744,24541896.00
20130311,8.47,8.57,8.34,8.49,1119227,19214616.00
20130312,8.54,8.74,8.52,8.74,3596654,63051616.00
20130313,8.74,8.74,8.27,8.58,2389897,40966196.00
20130314,8.61,8.63,8.46,8.52,1264175,21835858.00
20130315,8.48,8.73,8.38,8.54,2972717,51582240.00
20130318,8.49,8.54,8.35,8.54,3823304,65284404.00
20130319,8.48,8.56,8.37,8.56,2963188,50576164.00
20130320,8.54,8.66,8.43,8.64,2671640,46332460.00
20130321,8.64,8.86,8.54,8.79,1423490,25084128.00
20130322,8.85,8.86,8.64,8.82,1488415,26255112.00
20130325,8.81,8.85,8.64,8.65,952436,16747288.00
20130326,8.65,8.70,8.56,8.65,863628,15088847.00
20130327,8.64,8.73,8.58,8.68,741030,12978352.00
20130328,8.68,8.68,8.44,8.65,1754727,30292604.00
20130329,8.62,8.65,8.42,8.44,1034433,17763660.00
20130401,8.44,8.81,8.43,8.54,909125,15794720.00
20130402,8.54,8.70,8.28,8.48,1764546,30092712.00
20130403,8.48,8.48,7.99,8.33,2044722,34131024.00
20130408,8.18,8.42,8.08,8.41,1914337,32195320.00
20130409,8.38,8.54,8.27,8.52,930590,15947078.00
20130410,8.56,8.60,8.42,8.57,955620,16465622.00
20130411,8.57,8.64,8.43,8.57,581616,10035259.00
20130412,8.54,8.57,8.34,8.49,351721,6011806.00
20130415,8.38,8.53,8.36,8.48,731866,12477572.00
20130416,8.38,8.48,8.33,8.48,510888,8694837.00
20130417,8.47,8.65,8.37,8.65,757124,13028919.00
20130418,8.70,8.70,8.43,8.48,607470,10443175.00
20130419,8.51,8.80,8.47,8.80,2433673,42477716.00
20130422,8.70,9.01,8.70,9.01,1837490,32939508.00
20130423,9.01,9.09,8.68,8.82,1373289,24610804.00
20130424,8.82,8.93,8.63,8.82,1304218,23103822.00
20130425,8.80,9.08,8.73,9.01,1878479,33980072.00
20130426,8.90,9.37,8.90,9.37,4271271,79283872.00
20130502,9.34,9.63,9.15,9.58,2961214,56043096.00
20130503,9.74,9.81,9.37,9.53,3017757,57878444.00
20130506,9.55,9.70,9.41,9.55,2721243,51919152.00
20130507,9.53,9.61,9.23,9.53,2539576,48135836.00
20130508,9.52,9.53,9.28,9.40,2318269,43678220.00
20130509,9.40,9.40,9.20,9.34,1197204,22284914.00
20130510,9.34,9.82,9.23,9.70,3812184,73224696.00
20130513,9.62,9.90,9.50,9.67,2091911,40261280.00
20130514,9.69,9.75,9.42,9.44,1843616,35321528.00
20130515,9.44,9.60,9.31,9.50,1702545,32215170.00
20130516,9.48,9.67,9.36,9.43,1733268,33035636.00
20130517,9.44,9.86,9.26,9.86,2614025,50273108.00
20130520,9.84,9.95,9.69,9.91,3699388,55409420.00
20130521,9.91,10.12,9.75,9.85,3632872,54928228.00
20130522,9.84,9.95,9.55,9.68,2287653,33976780.00
20130523,9.68,9.82,9.59,9.66,1981190,29338008.00
20130524,9.66,9.75,9.47,9.69,2549437,37315932.00
20130527,9.66,9.71,9.45,9.61,3184481,46381852.00
20130528,9.56,9.66,9.49,9.60,1840861,26948750.00
20130529,9.62,9.82,9.57,9.71,3609843,53486268.00
20130530,9.69,9.76,9.45,9.54,3314196,48256488.00
20130531,9.54,9.66,9.45,9.55,1984931,29070254.00
20130603,9.54,9.68,9.48,9.49,1192050,17364554.00
20130604,9.55,9.65,9.23,9.39,2454289,35460640.00
20130605,9.28,9.39,9.18,9.24,1291403,18302802.00
20130606,9.21,9.29,9.16,9.19,1563839,22080546.00
20130607,9.15,9.24,8.64,8.92,2425551,33290412.00
20130613,8.97,8.97,8.27,8.76,2001714,26725244.00
20130614,8.65,8.76,8.48,8.61,2345597,31128034.00
20130617,8.67,8.74,8.41,8.50,4043624,53233260.00
20130618,8.49,8.56,8.34,8.37,2080768,27093832.00
20130619,8.37,8.38,8.16,8.29,2776868,35502696.00
20130620,8.41,8.66,8.04,8.07,4899474,63338604.00
20130621,7.91,8.34,7.59,8.27,6442254,79722200.00
20130624,8.19,8.19,7.69,7.80,4549556,55660308.00
20130625,7.75,7.86,6.94,7.34,4990753,57550180.00
20130626,7.37,7.54,7.34,7.34,4408948,51201468.00
20130627,7.34,7.45,7.23,7.27,4297089,49304456.00
20130628,7.23,7.44,7.13,7.31,2028555,23302980.00
20130701,7.34,7.34,7.11,7.24,3565077,40184256.00
20130702,7.21,7.39,7.15,7.30,5424047,61706572.00
20130703,7.29,7.82,7.24,7.58,8704021,102964408.00
20130704,7.51,7.67,7.49,7.61,4804450,57170516.00
20130705,7.61,7.67,7.45,7.48,2909736,34272500.00
20130708,7.41,7.54,7.10,7.23,2102980,23992406.00
20130709,7.14,7.30,6.91,6.96,2827668,31504896.00
20130710,6.96,7.03,6.62,6.77,7205188,77069456.00
20130711,6.81,7.12,6.76,6.94,10523945,115378800.00
20130712,6.91,7.41,6.87,7.25,13538186,153067360.00
20130715,7.06,7.63,6.70,7.51,16292679,181941312.00
20130716,7.39,7.65,7.34,7.56,6743852,79439112.00
20130717,7.69,7.84,7.39,7.46,7057181,83998472.00
20130718,7.34,7.46,7.28,7.39,2745652,31640940.00
20130719,7.41,7.51,6.98,7.07,4339066,49273232.00
20130722,6.98,7.16,6.89,7.12,3052968,33848032.00
20130723,7.06,7.26,6.98,7.14,6671586,74698568.00
20130724,7.15,7.16,6.96,7.01,3457566,38237424.00
20130725,7.00,7.11,6.77,6.85,5613105,61106816.00
20130726,6.85,6.85,6.22,6.22,12573317,127989784.00
20130729,6.19,6.19,5.73,5.82,9030425,85885184.00
20130730,5.82,5.96,5.76,5.96,4922133,46586028.00
20130731,5.96,6.01,5.84,5.87,3911778,37110956.00
20130801,5.88,6.00,5.81,5.99,5568184,52956976.00
20130802,6.01,6.20,5.96,6.12,6607689,64448516.00
20130805,6.11,6.52,6.09,6.52,8031102,80813152.00
20130806,6.52,6.78,6.48,6.73,9430873,99591808.00
20130807,6.71,6.73,6.41,6.49,7812419,81488960.00
20130808,6.48,6.48,6.23,6.33,8264192,83226896.00
20130809,6.33,6.41,6.04,6.17,8705250,86413120.00
20130812,6.20,6.59,6.19,6.51,8374586,85088864.00
20130813,6.51,6.72,6.46,6.71,8258858,86736128.00
20130814,6.72,7.05,6.59,6.68,8718804,93955536.00
20130815,6.60,6.78,6.60,6.64,4444033,47133160.00
20130816,6.59,6.69,6.34,6.52,4972791,51675120.00
20130819,6.48,6.57,6.36,6.49,4142280,42572520.00
20130820,6.44,6.59,6.38,6.39,4409581,45311648.00
20130821,6.38,6.45,6.25,6.37,4464232,45119252.00
20130822,6.40,6.59,6.36,6.51,7270866,75067472.00
20130823,6.51,6.53,6.27,6.41,3077866,31384422.00
20130826,6.43,6.56,6.37,6.52,4315516,44465688.00
20130827,6.51,6.71,6.49,6.64,6136298,64140472.00
20130828,6.62,6.62,6.46,6.52,3976015,41245192.00
20130829,6.51,6.76,6.46,6.75,6388373,67489176.00
20130830,6.75,6.75,6.56,6.69,3601607,37965436.00
20130902,6.66,6.88,6.56,6.84,8642012,92642800.00
20130903,6.79,7.01,6.79,6.86,7819587,85232808.00
20130904,6.87,6.90,6.66,6.74,4651687,49668080.00
20130905,6.71,6.84,6.70,6.76,3335755,35692652.00
20130906,6.75,6.81,6.69,6.72,3488695,37268740.00
20130909,6.72,6.79,6.62,6.74,4560042,48400392.00
20130910,6.74,6.74,6.61,6.66,6113397,64537144.00
20130911,6.66,6.74,6.42,6.70,8171370,85335832.00
20130912,6.66,6.78,6.64,6.66,4669333,49612096.00
20130913,6.66,6.80,6.66,6.79,5015565,53584120.00
20130916,6.79,7.06,6.79,6.95,11852195,130036056.00
20130917,6.96,7.14,6.84,6.90,9246863,102302512.00
20130918,6.94,6.94,6.77,6.86,4211167,45513816.00
20130923,6.86,7.04,6.79,7.03,9247596,100401944.00
20130924,7.03,7.03,6.81,6.86,6762901,73769600.00
20130925,6.82,7.47,6.62,7.31,29431977,325629152.00
20130926,7.30,7.90,7.26,7.74,32689837,386376576.00
20130927,7.66,7.91,7.49,7.56,16493553,196973936.00
20130930,7.56,8.08,7.44,8.05,12065769,148147776.00
20131008,8.04,8.51,7.88,8.24,12880048,164153104.00
20131009,8.24,8.58,7.94,8.55,13883778,178914544.00
20131010,8.52,8.53,8.19,8.21,8596803,110982488.00
20131011,8.13,8.55,8.13,8.22,10643073,136824112.00
20131014,8.22,8.73,8.11,8.56,10895547,142863440.00
20131015,8.56,8.98,8.48,8.80,14422861,193226384.00
20131016,8.89,8.89,7.84,8.11,14747672,190302368.00
20131017,8.07,8.28,7.73,7.76,10585081,131703712.00
20131018,7.90,8.13,7.84,8.04,7743387,96227336.00
20131021,7.98,8.47,7.91,8.42,7213599,92270608.00
20131022,8.41,8.48,8.01,8.30,13388941,170214016.00
20131023,7.98,8.20,7.76,8.17,7690366,95188408.00
20131024,8.06,8.14,7.75,8.06,7209229,89165496.00
20131025,8.03,8.03,7.54,7.76,9163280,110835704.00
20131028,7.69,7.94,7.62,7.81,5941719,72290384.00
20131029,7.80,7.91,7.12,7.64,7690082,90610648.00
20131030,7.52,7.69,7.36,7.63,3868532,45937392.00
20131031,7.51,7.66,7.46,7.55,5852032,69054056.00
20131101,7.54,7.55,7.30,7.46,3265256,37964584.00
20131104,7.37,7.68,7.35,7.60,4756352,56448568.00
20131105,7.51,7.81,7.49,7.79,4937354,59067444.00
20131106,7.76,7.86,7.72,7.74,4610236,55956840.00
20131107,7.74,7.80,7.41,7.44,4043635,47644008.00
20131108,7.44,7.53,7.20,7.39,4877472,56447756.00
20131111,7.35,7.61,7.27,7.52,5472560,64245080.00
20131112,7.51,7.51,7.34,7.39,3985685,46220388.00
20131113,7.39,7.44,7.27,7.37,2544026,29318124.00
20131114,7.36,7.41,7.25,7.36,2216967,25508124.00
20131115,7.34,7.51,7.34,7.40,4605976,53754996.00
20131118,7.39,7.69,7.34,7.59,7270681,85978392.00
20131119,7.52,8.01,7.52,7.79,13545932,164730256.00
20131120,7.79,7.91,7.64,7.74,4617811,55670516.00
20131121,7.74,7.85,7.67,7.81,4673058,56482728.00
20131122,7.79,8.07,7.79,7.97,8674284,107502824.00
20131125,7.94,8.04,7.74,7.74,4379667,53634724.00
20131126,7.70,7.86,7.61,7.76,3235655,39016816.00
20131127,7.76,7.84,7.70,7.79,3254734,39378264.00
20131128,7.80,7.99,7.78,7.84,4125324,50694748.00
20131129,7.91,7.96,7.81,7.85,4768283,58490332.00
20131202,7.66,7.79,7.26,7.26,10135743,118201056.00
20131203,7.20,7.57,7.19,7.48,3243209,37661988.00
20131204,7.49,7.99,7.49,7.84,6938877,84193464.00
20131205,7.84,8.23,7.79,8.11,10597481,132358816.00
20131206,8.14,8.31,8.07,8.21,11575267,147278240.00
20131209,8.21,8.46,8.14,8.26,7080155,91414256.00
20131210,8.26,8.40,8.06,8.12,4407172,55689220.00
20131211,8.12,8.26,7.94,8.13,3090440,38767784.00
20131212,8.01,8.24,7.99,8.08,2379730,30058736.00
20131213,8.01,8.06,7.75,7.85,3686370,45168012.00
20131216,7.92,7.94,7.76,7.85,4486319,54699724.00
20131217,7.85,7.86,7.55,7.65,2482152,29600394.00
20131218,7.62,7.67,7.46,7.48,5446577,63899440.00
20131219,7.48,7.65,7.44,7.47,3254472,38208704.00
20131220,7.44,7.57,7.31,7.52,3148518,36832020.00
20131223,7.54,7.71,7.48,7.55,3371130,40004796.00
20131224,7.55,7.71,7.52,7.56,4074616,48477212.00
20131225,7.69,7.81,7.60,7.67,2483821,29786816.00
20131226,7.69,7.81,7.43,7.61,3654772,43338812.00
20131227,7.57,7.66,7.48,7.57,4108348,48546760.00
20131230,7.61,7.67,7.50,7.54,2624043,31040244.00
20131231,7.48,7.54,7.38,7.51,2794286,32561270.00
20140102,7.44,7.57,7.38,7.57,6047407,70451440.00
20140103,7.55,7.72,7.49,7.70,4909255,58584224.00
20140106,7.70,7.70,7.39,7.56,4577454,53789296.00
20140107,7.44,7.66,7.41,7.44,1697110,19915220.00
20140108,7.44,7.59,7.35,7.39,2924358,34003916.00
20140109,7.39,7.46,6.97,7.00,5777904,65046760.00
20140110,7.01,7.12,6.84,7.06,4814855,53375104.00
20140113,7.06,7.29,7.06,7.20,2887132,32642358.00
20140114,7.27,7.34,7.06,7.19,2854893,32075142.00
20140115,7.19,7.23,6.96,7.05,4436870,49231708.00
20140116,7.11,7.19,7.01,7.16,2329066,26071132.00
20140117,7.16,7.19,6.96,6.99,1469151,16244804.00
20140120,6.98,7.03,6.66,6.73,2063386,22085930.00
20140121,6.68,6.89,6.68,6.77,2296995,24689950.00
20140122,6.70,6.94,6.69,6.90,4383268,47300452.00
20140123,6.89,7.08,6.69,6.76,5794508,62795476.00
20140124,6.76,6.89,6.61,6.76,4699708,50268956.00
20140127,6.76,6.76,6.44,6.49,7051235,73090704.00
20140128,6.49,6.54,6.18,6.25,8321482,83586296.00
20140129,6.25,6.37,6.24,6.31,2910078,29275886.00
20140130,6.34,6.38,6.25,6.33,2033111,20464620.00
20140207,6.34,6.51,6.27,6.46,2148914,22004408.00
20140210,6.43,6.72,6.41,6.64,3988740,41692108.00
20140211,6.69,6.72,6.46,6.61,8142327,84757200.00
20140212,6.59,6.64,6.51,6.60,6750483,70382744.00
20140213,6.61,6.61,6.42,6.51,6305649,65484484.00
20140214,6.54,6.73,6.47,6.73,6723286,70565472.00
20140217,6.77,6.79,6.61,6.63,11678742,122881256.00
20140218,6.66,6.66,6.42,6.44,9228687,95252504.00
20140219,6.42,6.57,6.41,6.53,4394126,45463344.00
20140220,6.51,6.53,6.36,6.37,7109703,72608712.00
20140221,6.34,6.42,6.31,6.40,3110443,31578944.00
20140224,6.43,6.43,6.21,6.25,4363858,43675724.00
20140225,6.24,6.29,5.98,6.01,6739676,66810308.00
20140226,5.98,6.05,5.93,6.04,3983889,38324672.00
20140227,6.04,6.09,6.00,6.04,3222796,31283914.00
20140228,6.10,6.16,5.96,6.16,3483520,33798172.00
20140303,6.16,6.29,6.13,6.26,3557783,35235092.00
20140304,6.26,6.26,5.93,6.08,7036388,68442304.00
20140305,6.04,6.11,6.01,6.10,3195918,31084416.00
20140306,6.09,6.11,6.02,6.07,2741366,26676500.00
20140307,6.09,6.21,6.06,6.14,3631008,35703760.00
20140310,6.16,6.16,5.98,6.05,3830230,37206160.00
20140311,6.05,6.08,5.95,6.03,3208402,30961974.00
20140312,6.03,6.08,5.96,6.00,2366284,22856038.00
20140313,6.00,6.30,6.00,6.25,7983597,79338824.00
20140314,6.22,6.22,6.11,6.16,3220221,31686366.00
20140317,6.19,6.22,6.11,6.20,2672455,26370600.00
20140318,6.21,6.36,6.21,6.26,4092669,41003940.00
20140319,6.26,6.43,6.15,6.36,5606483,56019788.00
20140320,6.25,6.25,5.99,6.02,6924709,67915688.00
20140321,5.98,6.13,5.84,6.07,5613225,53604120.00
20140324,6.05,6.35,5.96,6.35,10161179,100933248.00
20140325,6.47,6.87,6.41,6.57,24956625,260497392.00
20140326,6.49,6.51,6.37,6.41,6404557,65500724.00
20140327,6.44,6.54,6.35,6.35,5592350,57125568.00
20140328,6.35,6.38,6.04,6.06,7916507,78050792.00
20140331,5.99,6.11,5.96,6.01,3142257,30367060.00
20140401,6.04,6.12,6.01,6.04,3133012,30418978.00
20140402,6.04,6.09,5.94,5.98,3728790,35965336.00
20140403,5.99,6.01,5.94,5.97,2447134,23457034.00
20140404,5.94,6.03,5.94,6.01,2980294,28661514.00
20140408,5.98,6.10,5.96,6.04,4206360,40800456.00
20140409,6.06,6.16,6.04,6.16,5058875,49489028.00
20140410,6.16,6.20,6.10,6.16,3822528,37646520.00
20140411,6.16,6.16,6.06,6.12,3242847,31701404.00
20140414,6.12,6.28,6.09,6.23,5224311,51856320.00
20140415,6.23,6.43,6.19,6.36,11580144,116932912.00
20140416,6.36,6.44,6.33,6.36,5936316,60428888.00
20140417,6.35,6.41,6.31,6.38,5107458,51788360.00
20140418,6.36,6.48,6.29,6.44,4589749,46914976.00
20140421,6.39,6.47,6.31,6.33,3418756,34789816.00
20140422,6.48,6.54,6.39,6.44,9680665,99694016.00
20140423,6.47,6.86,6.46,6.73,14647333,156153360.00
20140424,6.69,6.83,6.49,6.56,6403510,67749672.00
20140425,6.55,6.63,6.34,6.59,4618066,47731836.00
20140428,6.51,6.54,6.32,6.41,4689558,47790776.00
20140429,6.34,6.49,6.31,6.37,3348002,34043492.00
20140430,6.41,6.48,6.31,6.39,3248305,33025986.00
20140505,6.38,6.72,6.34,6.65,4883552,50981936.00
20140506,6.61,6.82,6.54,6.66,6885141,73447696.00
20140507,6.59,6.74,6.57,6.62,4163109,43947276.00
20140508,6.60,6.84,6.53,6.76,8683023,92909552.00
20140509,6.69,6.72,6.47,6.55,5693738,59212376.00
20140512,6.56,6.64,6.48,6.63,5941403,61936608.00
20140513,6.62,6.62,6.40,6.43,5205994,53631452.00
20140514,6.39,6.53,6.39,6.47,3331583,34321548.00
20140515,6.47,6.60,6.44,6.60,4576355,47558288.00
20140516,6.59,6.61,6.43,6.45,2404125,24794586.00
20140519,6.41,6.41,6.26,6.29,4355005,43746360.00
20140520,6.29,6.39,6.11,6.14,3318848,32923248.00
20140521,6.16,6.24,6.10,6.23,2106832,20552934.00
20140522,6.24,6.31,6.19,6.21,2565288,25262112.00
20140523,6.19,6.22,6.03,6.14,3003103,29035820.00
20140526,6.14,6.21,6.10,6.21,2833946,27568152.00
20140527,6.21,6.29,6.20,6.27,2934959,28960614.00
20140528,6.29,6.33,6.24,6.32,2617315,25955048.00
20140529,6.26,6.41,6.26,6.30,1743402,17385092.00
20140530,6.30,6.36,6.26,6.28,1199016,11907401.00
20140603,6.29,6.41,6.27,6.40,2513780,25197056.00
20140604,6.41,6.51,6.34,6.39,5263772,53075644.00
20140605,6.39,6.49,6.35,6.48,4188306,42457512.00
20140606,6.48,6.66,6.45,6.58,5705088,59083620.00
20140609,6.59,6.66,6.42,6.44,2120827,21750460.00
20140610,6.45,6.64,6.44,6.56,2687116,27660572.00
20140611,6.54,6.62,6.54,6.56,1486687,15333888.00
20140612,6.54,6.65,6.54,6.56,1786962,18507894.00
20140613,6.56,6.98,6.49,6.85,6802460,72345344.00
20140616,6.80,7.04,6.77,6.97,8125818,88102600.00
20140617,6.93,6.99,6.61,6.72,4812710,51158712.00
20140618,6.73,7.00,6.73,6.87,4513045,48666692.00
20140619,6.74,6.86,6.53,6.64,2663848,27947982.00
20140620,6.67,6.79,6.62,6.66,1147950,12078106.00
20140623,6.75,6.98,6.68,6.89,1534328,16481024.00
20140624,6.85,6.93,6.73,6.81,2994900,32055070.00
20140625,6.81,6.81,6.66,6.68,2005735,21016016.00
20140626,6.69,6.88,6.69,6.73,2114679,22491624.00
20140627,6.72,7.18,6.72,7.08,8834994,96772320.00
20140630,7.17,7.29,7.06,7.07,5200710,58052328.00
20140701,7.07,7.27,7.03,7.17,3252821,36110152.00
20140702,7.14,7.29,7.14,7.24,3909791,43937756.00
20140703,7.23,7.39,7.19,7.24,6528443,73955432.00
20140704,7.24,7.38,7.23,7.34,3766243,42759156.00
20140707,7.34,7.49,7.20,7.21,4598332,52530596.00
20140708,7.18,7.49,7.18,7.46,5093863,58010192.00
20140709,7.46,7.49,7.21,7.24,3025133,34573652.00
20140710,7.21,7.55,7.19,7.46,4368615,50193932.00
20140711,7.46,7.52,7.32,7.41,3481548,39972580.00
20140714,7.36,7.46,7.30,7.31,2960144,33700260.00
20140715,7.31,7.42,7.28,7.30,2240595,25508342.00
20140716,7.31,7.39,7.28,7.34,4432663,50456984.00
20140717,7.34,7.34,7.06,7.19,2484953,27919988.00
20140718,7.19,7.19,7.07,7.11,1777333,19692420.00
20140721,7.14,7.24,7.06,7.17,819460,9139904.00
20140722,7.23,7.39,7.09,7.34,2351305,26642428.00
20140723,7.29,7.34,7.17,7.21,2456793,27674086.00
20140724,7.24,7.24,7.06,7.16,4069101,44983824.00
20140725,7.10,7.19,6.96,7.00,4640854,50575992.00
20140728,6.98,7.09,6.91,7.09,3855848,42062884.00
20140729,7.08,7.14,7.01,7.09,5646334,62217596.00
20140730,7.09,7.11,7.02,7.09,1799401,19796770.00
20140731,7.07,7.28,7.07,7.24,3488546,39053048.00
20140801,7.24,7.39,7.19,7.23,5141063,58420604.00
20140804,7.23,7.39,7.21,7.33,4029631,45739068.00
20140805,7.34,7.34,7.19,7.21,6176455,69354816.00
20140806,7.21,7.45,7.19,7.45,8767274,100328344.00
20140807,7.45,7.57,7.36,7.42,6831448,78941688.00
20140808,7.44,7.46,7.28,7.38,3073406,35101500.00
20140811,7.41,7.61,7.34,7.61,6087715,70614880.00
20140812,7.60,7.85,7.55,7.82,6514643,78181384.00
20140813,7.75,7.81,7.57,7.74,3432411,40761548.00
20140814,7.71,7.78,7.56,7.57,2678008,31674620.00
20140815,7.60,7.65,7.52,7.60,3672535,42979316.00
20140818,7.60,7.63,7.53,7.59,2351166,27489628.00
20140819,7.56,7.59,7.49,7.53,2094898,24415928.00
20140820,7.55,7.55,7.45,7.50,1714912,19889092.00
20140821,7.53,7.53,7.32,7.44,2021486,23313516.00
20140822,7.45,7.51,7.35,7.43,2491124,28633350.00
20140827,7.60,7.60,7.36,7.46,4580272,52939392.00
20140828,7.44,7.44,7.16,7.26,3967557,44784716.00
20140829,7.26,7.34,7.22,7.30,2747154,31031490.00
20140901,7.30,7.38,7.24,7.31,4444306,50414228.00
20140902,7.34,7.36,7.20,7.35,8204868,92642568.00
20140903,7.39,7.47,7.31,7.46,7842978,89775432.00
20140904,7.46,7.48,7.37,7.44,4971489,57178960.00
20140905,7.46,7.49,7.33,7.41,5066860,58109052.00
20140909,7.41,7.44,7.33,7.35,6274089,71621384.00
20140910,7.31,7.40,7.26,7.39,5838935,66335596.00
20140911,7.39,7.65,7.36,7.63,13049697,152188624.00
20140912,7.62,7.71,7.51,7.58,4881794,57184776.00
20140915,7.56,7.70,7.51,7.66,6889784,81266288.00
20140916,7.67,7.74,7.42,7.44,8559683,100341880.00
20140917,7.45,7.52,7.22,7.31,5973291,67895448.00
20140918,7.31,7.41,7.29,7.41,2886791,32871832.00
20140919,7.40,7.40,7.28,7.40,5217183,59341472.00
20140922,7.39,7.39,7.21,7.23,3147585,35537072.00
20140923,7.23,7.29,7.19,7.24,4137202,46490296.00
20140924,7.26,7.34,7.23,7.33,3949295,44385792.00
20140925,7.36,7.43,7.26,7.35,6643640,74887008.00
20140926,7.31,7.41,7.29,7.39,3829183,43414144.00
20140929,7.41,7.46,7.31,7.36,9205295,104053184.00
20140930,7.37,7.38,7.24,7.29,11324605,126824240.00
20141008,7.28,7.41,7.26,7.41,8721253,98441240.00
20141009,7.41,7.47,7.34,7.42,8869277,100930760.00
20141010,7.41,7.51,7.31,7.38,9969959,113589264.00
20141013,7.36,7.36,7.24,7.33,9071051,101669456.00
20141014,7.31,7.36,7.23,7.29,6041566,67840504.00
20141015,7.26,7.36,7.21,7.34,7617748,85266528.00
20141016,7.26,7.34,7.21,7.21,6015155,67432112.00
20141017,7.21,7.27,7.01,7.10,6685466,73392304.00
20141020,7.14,7.25,7.12,7.24,3845340,42597692.00
20141021,7.24,7.30,7.17,7.18,2914862,32465144.00
20141022,7.18,7.24,7.12,7.12,2288873,25328830.00
20141023,7.12,7.28,7.02,7.15,3773407,41422232.00
20141024,7.14,7.19,7.05,7.14,3138582,34458264.00
20141027,7.12,7.16,7.09,7.13,1677846,18413554.00
20141028,7.17,7.27,7.14,7.27,3005901,33498926.00
20141029,7.29,7.32,7.24,7.31,3808874,42700976.00
20141030,7.38,7.44,7.21,7.22,8448096,95186672.00
20141031,7.21,7.43,7.21,7.43,9562478,108164096.00
20141103,7.44,7.49,7.35,7.42,9765272,111177808.00
20141104,7.44,7.49,7.37,7.41,9049811,103265408.00
20141105,7.44,7.44,7.34,7.37,5349321,60662184.00
20141106,7.38,7.40,7.26,7.29,6534903,73451360.00
20141107,7.31,7.33,7.20,7.20,5867499,65740024.00
20141110,7.21,7.26,7.14,7.22,7109325,78847072.00
20141111,7.21,7.24,6.88,6.94,9683490,105607192.00
20141112,6.92,7.02,6.88,7.00,4590982,49345868.00
20141113,6.96,7.10,6.89,7.01,6564131,70933952.00
20141114,7.01,7.15,6.94,7.05,5274022,57492612.00
20141117,7.05,7.15,7.04,7.06,4542811,49522992.00
20141118,7.04,7.09,6.99,6.99,5117243,55441992.00
20141119,6.98,7.01,6.91,6.94,7737882,82987032.00
20141120,6.92,6.99,6.89,6.93,3621747,38865288.00
20141121,6.93,6.97,6.90,6.94,7882886,84410160.00
20141124,6.98,7.08,6.96,7.06,9366668,101536912.00
20141125,7.08,7.08,7.00,7.06,10325548,112109856.00
20141126,7.08,7.19,7.04,7.18,11566822,126688640.00
20141127,7.18,7.19,7.06,7.14,11332608,124457800.00
20141128,7.14,7.14,7.04,7.09,10727315,116963536.00
20141205,7.85,7.85,7.31,7.62,56285233,653660288.00
20141208,7.56,7.71,7.43,7.55,27272490,315576352.00
20141209,7.53,7.53,7.33,7.33,28276685,322770880.00
20141210,7.32,7.59,7.29,7.57,15567428,178954752.00
20141211,7.64,8.06,7.64,7.90,28990497,348718720.00
20141212,7.92,7.94,7.79,7.90,16802584,202048960.00
20141215,7.90,8.08,7.84,8.00,14812459,180475680.00
20141216,7.96,8.10,7.89,7.92,14514946,176587920.00
20141217,7.92,7.93,7.74,7.91,13129543,157062688.00
20141218,7.91,7.94,7.79,7.91,8084870,97061704.00
20141219,7.89,7.91,7.62,7.82,11557621,137154000.00
20141222,7.82,8.18,7.67,8.13,19716827,240457968.00
20141223,8.06,8.39,7.94,8.21,15674903,195387264.00
20141224,8.21,8.34,8.06,8.19,11078663,138001072.00
20141225,8.19,8.34,8.14,8.31,9703171,121853400.00
20141226,8.34,8.34,8.11,8.26,11008945,137754304.00
20141229,8.19,8.24,8.09,8.14,8468345,105017584.00
20141230,8.13,8.13,7.98,7.99,6112004,74918176.00
20141231,7.92,8.16,7.92,8.05,5146742,63207232.00
20150105,8.05,8.24,8.05,8.17,10456141,129912312.00
20150106,8.17,8.19,8.05,8.18,9322732,115510552.00
20150107,8.17,8.37,8.11,8.19,8953885,112641208.00
20150108,8.21,8.29,8.05,8.21,7217121,90042096.00
20150109,8.30,8.62,8.24,8.34,15448274,199042144.00
20150112,8.36,8.82,8.32,8.79,21148417,276584640.00
20150113,8.68,8.85,8.65,8.76,8065223,106625824.00
20150114,8.71,8.91,8.60,8.76,8401955,111510352.00
20150115,8.76,9.06,8.69,8.79,9924347,133174216.00
20150116,8.87,9.34,8.85,9.31,13743143,189898672.00
20150119,9.06,9.44,8.71,9.15,15173843,209058064.00
20150120,9.13,9.51,9.03,9.49,13119620,185569360.00
20150121,9.55,9.61,9.29,9.45,10329337,146691072.00
20150122,9.40,9.53,9.14,9.51,10346944,145376848.00
20150123,9.44,9.46,9.21,9.22,9125215,127814432.00
20150126,9.28,9.41,9.21,9.30,8413147,118108480.00
20150127,9.29,9.62,9.24,9.52,9365976,132872512.00
20150128,9.41,9.46,9.26,9.34,7382738,104337032.00
20150129,9.26,9.28,9.12,9.14,6426065,89177528.00
20150130,9.24,9.31,9.06,9.24,5240407,72754496.00
20150202,9.24,9.30,9.00,9.11,3598458,49664248.00
20150203,9.15,9.41,9.09,9.37,5374413,75192824.00
20150204,9.35,9.39,9.22,9.34,6128202,85964488.00
20150205,9.39,9.40,9.14,9.17,6369426,88717064.00
20150206,9.14,9.17,8.86,8.95,7303431,99092656.00
20150209,8.86,9.23,8.86,9.23,4456096,61103952.00
20150210,9.23,9.34,9.20,9.29,4408213,61682700.00
20150211,9.26,9.34,9.14,9.24,3929525,54648064.00
20150212,9.24,9.34,9.16,9.34,4121182,57520984.00
20150213,9.36,9.38,9.29,9.34,6273383,88304592.00
20150216,9.28,9.33,9.11,9.17,8252128,114385616.00
20150217,9.23,9.24,9.06,9.17,4039185,55755692.00
20150225,9.23,9.34,9.06,9.18,5989734,83004896.00
20150226,9.23,9.64,9.21,9.50,14252654,203450400.00
20150227,9.51,9.99,9.39,9.85,12723093,186158864.00
20150302,9.89,9.99,9.67,9.79,7609780,112262320.00
20150303,9.78,9.96,9.61,9.62,7959077,116891920.00
20150304,9.58,10.34,9.57,10.18,10223251,153369360.00
20150305,10.15,10.30,9.92,10.25,10920778,165666912.00
20150306,10.25,10.89,10.24,10.39,11813035,188123584.00
20150309,10.36,10.69,10.01,10.50,9701691,152436448.00
20150310,10.47,10.84,10.25,10.37,8548790,133599664.00
20150311,10.36,10.36,10.14,10.28,4214628,64500788.00
20150312,10.27,10.47,10.16,10.46,4593325,71192512.00
20150313,10.39,10.60,10.25,10.54,3792659,59148588.00
20150316,10.54,10.85,10.51,10.55,7429953,118019432.00
20150317,10.64,10.91,10.49,10.66,9557054,152606096.00
20150318,10.64,11.01,10.62,10.97,10861287,176666960.00
20150319,10.98,11.53,10.92,11.41,14595479,245667200.00
20150320,11.41,12.19,11.39,12.01,12002509,211972992.00
20150323,12.06,12.13,11.56,12.06,13363636,235128000.00
20150324,12.01,12.04,11.63,11.94,10771699,189576816.00
20150325,11.90,13.21,11.65,13.14,16219029,296736736.00
20150326,13.14,13.76,12.49,12.89,15105569,294019904.00
20150327,12.81,12.89,12.14,12.63,15332610,284566560.00
20150330,13.06,13.55,12.55,12.90,19563529,374142688.00
20150331,12.90,13.32,12.85,12.98,13085622,252860128.00
20150401,13.18,13.28,12.92,13.19,8343465,161395248.00
20150402,13.20,13.75,13.05,13.42,11950978,237515472.00
20150403,13.28,13.66,13.24,13.37,8530660,168919952.00
20150407,13.51,14.41,13.49,13.94,14840527,307961184.00
20150408,13.96,14.42,13.28,13.46,14544279,292722304.00
20150409,13.58,13.60,12.33,13.04,9182689,176996192.00
20150410,12.96,13.33,12.85,13.15,10756686,208650480.00
20150413,13.16,13.42,12.74,13.07,15907812,305055712.00
20150414,13.19,13.74,12.86,13.71,20319989,400853248.00
20150415,13.71,13.72,12.78,12.85,16058144,310961440.00
20150416,12.54,13.17,12.34,12.59,15107113,284845216.00
20150417,12.66,12.96,12.49,12.84,10403871,195672640.00
20150420,12.51,12.97,12.35,12.42,8543115,160138400.00
20150421,12.44,12.98,12.42,12.95,9924804,187409376.00
20150422,13.08,13.59,13.05,13.56,13597321,268456064.00
20150423,13.74,13.76,13.39,13.51,8452352,168880496.00
20150424,13.28,14.28,13.14,13.99,14579520,297620128.00
20150427,14.17,14.59,13.94,14.10,10187897,213589824.00
20150428,14.43,14.52,13.28,13.51,11744396,237860064.00
20150429,13.21,13.78,13.21,13.69,8533198,170504576.00
20150430,13.69,13.75,13.36,13.39,6012473,120131176.00
20150504,13.34,13.66,13.27,13.59,5601419,111903096.00
20150505,13.56,13.56,12.55,12.85,11395676,217802752.00
20150506,12.84,13.17,12.70,12.74,6801171,130098952.00
20150507,12.69,13.14,12.55,12.85,5288374,100314896.00
20150508,13.09,13.18,12.86,13.14,4890641,94239160.00
20150511,13.49,13.49,13.02,13.39,8610509,167503120.00
20150512,13.31,14.81,13.30,14.81,14700115,305950240.00
20150513,15.06,15.56,14.81,15.17,14280781,318271776.00
20150514,15.26,15.26,14.78,14.82,7612763,166864352.00
20150515,14.71,14.71,14.19,14.34,9777212,206774000.00
20150518,14.28,14.56,14.06,14.41,5971535,126244560.00
20150519,14.41,15.91,14.14,15.56,8305996,180401040.00
20150520,15.56,16.34,15.25,15.31,11611106,268466752.00
20150521,15.12,15.62,15.09,15.50,5425207,122391160.00
20150522,15.66,16.85,15.51,16.42,8774007,205309904.00
20150525,16.07,17.02,16.06,16.58,9519698,230874704.00
20150526,16.59,16.91,15.89,16.59,9812306,235451168.00
20150527,16.64,18.28,16.62,18.28,13657764,347739840.00
20150528,19.99,20.06,17.56,17.61,24422029,675343872.00
20150529,17.56,18.38,15.77,17.22,14315140,360474528.00
20150601,17.42,18.55,17.35,18.16,10623594,279545856.00
20150602,18.18,18.68,17.70,18.68,15566005,410296608.00
20150603,18.69,18.86,17.72,18.34,10466874,277676224.00
20150604,18.18,18.33,16.71,17.60,10363227,264703344.00
20150605,17.60,17.91,16.77,17.25,13042792,330792128.00
20150608,17.19,17.49,16.64,16.83,10188198,252565888.00
20150609,16.89,17.81,16.69,17.72,13492756,337381472.00
20150610,17.46,18.76,17.14,18.45,23710924,629168384.00
20150611,18.29,18.80,18.06,18.68,21888008,590529664.00
20150612,18.86,19.68,18.72,19.26,37700707,1051863744.00
20150615,18.96,19.06,17.98,18.09,23124927,619825984.00
20150616,17.69,17.91,16.65,17.35,15892026,402572064.00
20150617,17.35,17.53,16.60,17.45,12340832,307964832.00
20150618,17.56,17.56,16.16,16.34,11318381,279646112.00
20150619,15.96,16.26,14.69,15.11,14013539,313184352.00
20150623,15.05,15.11,13.56,14.97,13503703,286551296.00
20150624,15.06,15.20,14.68,15.20,13515119,296837344.00
20150625,15.35,15.35,14.29,14.66,10191795,221760752.00
20150626,14.09,14.48,13.13,13.13,17723685,251011088.00
20150629,13.40,13.61,11.76,11.94,16861696,217229872.00
20150630,11.82,13.20,10.74,13.18,22261714,281601600.00
20150701,13.06,14.13,12.48,12.85,21908500,311570496.00
20150702,12.85,13.52,11.80,12.23,18628586,249915600.00
20150703,11.90,13.36,10.95,12.29,19163118,243688256.00
20150706,13.58,13.58,11.00,12.69,22746136,290830624.00
20150707,12.15,12.69,11.36,11.36,14744653,182959408.00
20150708,10.16,12.56,10.16,12.47,69743895,849064768.00
20150709,12.47,13.78,12.47,13.78,18841739,262009856.00
20150710,14.30,15.22,13.81,15.22,32729332,510994720.00
20150713,15.39,16.80,14.89,16.80,38733769,640024192.00
20150714,16.09,16.59,15.08,15.18,26871420,441454368.00
20150715,14.53,14.53,13.60,13.60,19162613,278254176.00
20150716,13.60,15.02,13.26,14.47,16822945,250416816.00
20150717,14.64,15.61,14.27,15.19,17543875,275645600.00
20150720,15.24,16.52,15.24,16.16,27152961,451320320.00
20150721,15.85,16.56,15.39,16.00,21443259,359386176.00
20150722,15.94,16.34,15.12,15.68,15723942,255820384.00
20150723,15.68,16.07,15.27,15.97,15765540,256479936.00
20150724,15.95,16.19,15.18,15.29,14355331,235513824.00
20150727,15.19,16.03,13.70,13.71,14651387,230133728.00
20150728,13.42,15.14,13.42,15.14,17787554,268112432.00
20150729,15.99,16.72,15.20,16.72,35793138,599250304.00
20150730,17.04,17.42,15.75,16.09,50255897,870706176.00
20150731,15.75,16.69,15.75,16.46,30391141,510480096.00
20150803,16.45,16.66,14.77,14.98,21466452,350366048.00
20150804,14.95,16.18,14.95,16.05,16086960,260112176.00
20150805,16.39,16.39,15.66,16.06,16898966,283394016.00
20150806,15.37,15.93,15.10,15.37,10579652,170317856.00
20150807,15.84,16.15,15.49,15.77,12469246,204962688.00
20150810,16.04,17.22,15.94,16.87,21801131,371517312.00
20150811,16.79,16.79,16.24,16.44,22164954,379418688.00
20150812,16.23,16.95,16.14,16.34,14665408,252408256.00
20150813,16.21,16.66,15.88,16.42,14872334,251112064.00
20150814,16.60,16.69,15.99,16.08,16039866,271517984.00
20150817,16.04,16.49,15.89,16.39,13581322,229020928.00
20150818,16.44,17.15,14.75,15.59,26488203,452655936.00
20150819,14.89,17.04,14.45,16.69,20837342,337812128.00
20150820,16.35,16.63,15.49,15.67,14422230,240773424.00
20150821,15.44,15.44,14.05,14.05,14630594,221281552.00
20150824,13.02,13.02,12.59,12.59,8330171,110107720.00
20150825,11.28,12.25,11.28,11.34,21436178,259106016.00
20150826,11.75,12.48,11.33,11.57,12336316,153272736.00
20150827,12.03,12.39,11.46,12.39,8010335,100171816.00
20150828,12.55,13.41,12.20,13.00,12734719,168855632.00
20150831,12.75,12.75,12.05,12.12,8418619,108627904.00
20150901,12.10,12.10,10.85,10.86,12061199,142060592.00
20150902,10.45,11.65,10.26,11.44,21273280,248930416.00
20150907,11.64,12.11,11.35,11.42,6696351,82519040.00
20150908,11.57,12.20,11.14,12.13,5855630,71592928.00
20150909,12.20,12.81,12.20,12.45,13291594,174033136.00
20150910,12.26,12.76,12.05,12.20,7052248,91430640.00
20150911,12.06,12.35,11.56,11.91,5456424,68329640.00
20150914,11.95,12.18,10.66,10.66,6747312,79816728.00
20150915,10.66,11.00,10.26,10.41,5763814,64695808.00
20150916,10.75,11.51,10.40,11.32,6972930,80214920.00
20150917,11.10,12.03,10.86,11.20,9778130,117009256.00
20150918,11.30,11.45,11.00,11.26,3848014,45355924.00
20150921,11.07,11.77,11.07,11.73,4218055,51088220.00
20150922,11.65,12.14,11.55,12.03,5733305,71072608.00
20150923,11.91,11.95,11.65,11.77,3924088,48452924.00
20150924,11.80,11.94,11.71,11.87,3706370,45849744.00
20150925,11.77,11.91,10.82,11.14,5360455,63555652.00
20150928,11.23,11.28,11.06,11.15,2920165,34123064.00
20150929,11.13,11.15,10.86,11.10,2863949,33057356.00
20150930,11.20,11.45,10.98,11.28,4493296,52941780.00
20151008,11.64,12.13,11.58,12.01,7223338,89181648.00
20151009,11.87,12.37,11.81,12.33,5782783,73496720.00
20151012,12.39,13.25,12.39,13.06,7024258,94353952.00
20151013,12.91,13.17,12.66,13.00,5105436,68634408.00
20151014,12.85,13.69,12.78,13.53,9683384,135193904.00
20151015,13.44,13.63,13.26,13.61,4256221,59712412.00
20151016,13.75,13.84,13.22,13.57,4764677,66997952.00
20151019,13.54,13.54,12.91,13.29,6137876,84416160.00
20151020,13.26,13.38,13.11,13.28,4716986,65112712.00
20151021,13.40,13.52,12.41,12.54,5678923,77337384.00
20151022,12.52,13.18,12.41,13.07,3206361,42853044.00
20151023,13.05,13.48,12.88,13.35,4192402,57853192.00
20151026,13.65,13.81,13.10,13.35,6900364,96682976.00
20151027,13.11,13.43,12.71,13.27,4554308,62222056.00
20151028,13.50,13.70,13.15,13.20,4631098,64759732.00
20151029,13.16,13.58,13.04,13.50,5926848,82224352.00
20151030,13.50,13.80,13.09,13.33,11380042,158440256.00
20151102,13.15,13.64,12.97,13.53,6417577,89658544.00
20151103,13.52,14.23,13.52,14.14,10164759,147780816.00
20151104,14.10,14.54,13.91,14.50,11641476,172194128.00
20151105,14.35,14.48,13.75,13.87,17559053,255239168.00
20151106,13.81,14.10,13.76,13.92,9463975,136897744.00
20151109,13.73,13.99,13.64,13.92,11518544,165223328.00
20151110,13.85,13.89,13.50,13.77,10634385,151758160.00
20151111,13.70,13.89,13.55,13.89,8651445,123487008.00
20151112,14.00,14.03,13.56,13.74,11268111,160575648.00
20151113,13.72,13.72,13.15,13.20,9864624,137199536.00
20151116,12.93,13.32,12.81,13.29,5606973,76390824.00
20151117,13.43,13.69,13.32,13.45,9466436,133337232.00
20151118,13.45,13.52,13.25,13.43,5428138,75881904.00
20151119,13.52,13.54,13.03,13.35,7970056,109986312.00
20151120,13.37,13.38,13.18,13.25,6938471,95881576.00
20151123,13.25,13.44,13.23,13.28,6199935,86085440.00
20151124,13.33,13.55,13.16,13.47,7697721,107255504.00
20151125,13.48,13.51,13.34,13.51,7881119,110118520.00
20151126,13.54,13.71,13.33,13.40,7976058,112268120.00
20151127,13.31,13.33,12.53,12.55,9489256,128243760.00
20151130,12.54,12.70,11.97,12.45,6709519,87130032.00
20151201,12.45,12.59,12.25,12.50,5240816,68141528.00
20151202,12.49,12.70,12.35,12.60,4553649,59629568.00
20151203,12.62,12.95,12.54,12.80,4056520,54084544.00
20151204,12.76,13.13,12.67,13.09,6690799,90412320.00
20151207,13.23,13.65,13.19,13.58,10786228,151810544.00
20151208,13.47,13.48,13.16,13.30,6298336,87271856.00
20151209,13.30,13.53,13.23,13.25,5203196,72355576.00
20151210,13.25,13.37,12.91,12.95,4724379,64749072.00
20151211,12.92,12.94,12.66,12.77,3901574,51969304.00
20151214,12.60,13.58,12.55,13.49,6686804,91328472.00
20151215,13.45,13.57,13.21,13.28,5358598,74768952.00
20151216,13.34,13.71,13.33,13.50,7071485,99630480.00
20151217,13.55,13.74,13.42,13.73,9596036,136099376.00
20151218,13.74,13.96,13.62,13.64,6422718,91873512.00
20151221,13.63,13.93,13.56,13.93,6971340,99804704.00
20151222,13.95,14.53,13.85,14.49,13760191,203569440.00
20151223,14.51,14.57,14.16,14.25,9859646,147417856.00
20151224,14.07,14.55,13.96,14.43,6529558,96675880.00
20151225,14.35,14.52,14.08,14.19,5950139,88627248.00
20151228,14.22,14.51,13.63,13.65,7608896,111381568.00
20151229,13.77,14.09,13.63,14.01,4523710,64985648.00
20151230,14.00,14.14,13.88,14.01,3663669,53323516.00
20151231,14.05,14.12,13.28,13.42,6617222,94282160.00
20160104,13.45,14.24,12.91,13.07,9566012,136665536.00
20160105,12.55,13.99,12.50,13.76,13441658,187622464.00
20160106,13.79,14.90,13.75,14.88,19043617,282790560.00
20160107,14.46,14.53,13.55,13.75,3559449,52135636.00
20160108,14.15,15.15,13.75,14.87,22728864,345747360.00
20160111,14.45,15.05,13.33,13.35,18897151,282074560.00
20160112,12.85,13.71,12.50,13.10,11248110,154085920.00
20160113,13.10,13.31,12.55,12.95,8559911,115655992.00
20160114,12.43,13.00,12.05,12.94,9242109,121459816.00
20160115,12.93,13.19,12.17,12.40,6756370,89146664.00
20160118,12.07,12.60,11.96,12.11,7332457,93930176.00
20160119,12.17,12.55,12.11,12.45,8245190,106503952.00
20160120,12.28,12.65,12.15,12.23,7002939,90585600.00
20160121,11.95,12.34,11.48,11.55,6831958,85802512.00
20160122,11.72,11.83,11.34,11.73,3975148,48246268.00
20160125,11.95,12.25,11.85,12.02,5918592,74732176.00
20160126,11.99,12.33,10.94,11.35,7824660,97188424.00
20160127,11.75,11.75,10.75,11.59,7345965,86306960.00
20160128,11.44,11.60,10.94,11.35,4296021,51147484.00
20160129,11.35,11.82,11.11,11.69,5677262,68773760.00
20160201,11.65,12.01,11.46,11.81,4723464,57844384.00
20160202,11.88,12.12,11.79,12.05,3913690,49065824.00
20160203,12.00,12.10,11.61,11.93,4261994,53064352.00
20160204,12.05,12.27,11.93,12.07,3364081,42539256.00
20160205,12.10,12.69,12.00,12.36,5929853,77221920.00
20160215,12.23,12.45,11.89,12.37,4634733,58722352.00
20160216,12.43,12.92,12.22,12.74,5492985,72645888.00
20160217,12.65,12.99,12.51,12.74,3061936,40730632.00
20160218,12.75,12.86,12.29,12.36,4669981,60968584.00
20160219,12.35,12.72,12.25,12.39,3964644,51629828.00
20160222,12.44,12.87,12.39,12.87,4994817,65998580.00
20160223,12.95,12.95,12.52,12.68,4018039,53105928.00
20160224,12.65,12.93,12.51,12.80,3370624,44540720.00
20160225,12.80,12.82,11.65,11.95,5366396,67979064.00
20160226,12.15,13.20,12.11,13.05,16358841,218522736.00
20160229,12.93,13.32,12.05,12.75,16378044,216648864.00
20160301,12.64,13.33,12.35,13.25,12108937,164629056.00
20160302,13.34,14.31,13.34,14.10,17663913,258122928.00
20160303,13.95,14.49,13.67,14.07,13574079,198536288.00
20160304,13.95,14.50,13.79,13.79,11544414,170421472.00
20160307,13.98,14.43,13.58,13.79,12770806,184428320.00
20160308,13.89,14.32,13.61,13.94,17043885,245881664.00
20160309,13.69,13.99,13.26,13.50,8779864,124883320.00
20160310,13.63,13.63,13.25,13.35,3917360,54763144.00
20160311,13.33,13.70,13.07,13.60,5030314,70621656.00
20160314,13.85,14.44,13.66,13.68,22090109,318048512.00
20160315,13.45,13.75,13.30,13.57,7109528,100093024.00
20160316,13.64,13.74,13.13,13.36,7088296,98437992.00
20160317,13.32,13.73,13.20,13.48,7693975,108456768.00
20160318,13.51,13.92,13.46,13.69,19745855,281357216.00
20160321,13.89,14.35,13.70,14.09,16114135,235430128.00
20160322,14.09,15.35,13.87,15.00,22953154,355037824.00
20160323,15.03,15.35,14.84,15.10,14590680,228327264.00
20160324,15.08,15.92,14.72,15.21,15893136,254568176.00
20160325,15.09,15.80,14.96,15.29,11651404,186036672.00
20160328,15.35,16.18,15.30,15.73,17740892,290485088.00
20160329,15.74,15.92,14.61,15.10,12464285,197908416.00
20160330,15.27,15.59,14.85,15.57,9637027,152554080.00
20160331,15.41,15.94,15.15,15.71,12204052,196772256.00
20160401,15.55,16.02,15.22,15.70,7219367,117176712.00
20160405,15.90,16.94,15.66,16.82,19686112,334193344.00
20160406,16.75,16.93,16.21,16.55,9050868,154944592.00
20160407,16.45,16.54,15.80,15.81,9879852,164109936.00
20160408,15.83,15.84,15.24,15.60,8223131,131553728.00
20160411,15.79,16.27,15.40,15.59,13887214,226334976.00
20160412,15.55,15.55,15.13,15.49,8066554,128243600.00
20160413,15.52,16.03,15.45,15.56,14600035,236837840.00
20160414,15.57,15.75,15.27,15.37,12098442,194127152.00
20160415,15.50,15.65,15.19,15.61,10796598,172058240.00
20160418,15.60,15.88,15.29,15.80,10344868,168116704.00
20160419,15.81,16.45,15.40,15.41,18906422,308731744.00
20160420,15.37,15.56,14.56,15.37,13461282,210632112.00
20160421,15.17,15.55,14.81,14.99,9030658,141995168.00
20160422,14.89,15.35,14.86,15.15,5001942,78650656.00
20160425,15.03,15.80,15.03,15.67,11626386,187078320.00
20160426,15.69,15.93,15.35,15.57,4764597,76506424.00
20160427,15.57,15.78,15.28,15.29,6228340,100099632.00
20160428,15.22,15.22,14.66,14.95,6909627,106658992.00
20160429,14.84,15.25,14.63,14.64,8684340,133895112.00
20160503,14.75,16.16,14.65,16.04,23390634,378910496.00
20160504,15.97,16.85,15.88,16.21,26276325,449036608.00
20160505,16.18,16.61,16.02,16.25,7680963,129437968.00
20160506,16.28,16.59,15.65,15.67,10574407,174433520.00
20160509,15.63,15.97,14.78,15.65,8820872,141408688.00
20160510,15.45,16.25,15.35,16.05,10033559,165881152.00
20160511,16.54,17.51,16.34,16.75,28985649,507608544.00
20160512,16.48,17.00,16.29,16.50,15220326,262109040.00
20160513,16.69,16.94,16.45,16.55,13295955,228983792.00
20160516,16.61,18.26,16.53,18.26,33989921,616453312.00
20160517,18.45,18.45,17.34,17.38,26282595,481814464.00
20160518,17.70,17.70,16.35,16.82,15632888,270396224.00
20160519,16.80,17.42,16.66,17.05,13804588,241864544.00
20160520,16.63,17.11,16.20,16.94,14864633,255602272.00
20160523,16.85,17.09,16.55,16.72,16020222,273549056.00
20160524,16.90,16.90,16.06,16.38,14660597,244354160.00
20160525,16.47,16.57,15.74,15.80,14529002,237670704.00
20160526,15.78,16.11,15.56,16.10,10705812,173275792.00
20160527,16.10,16.58,15.91,16.39,12716138,211171904.00
20160530,16.30,16.30,15.88,15.91,7804202,127262704.00
20160531,16.02,16.65,15.80,16.65,13989526,232287360.00
20160601,16.65,16.75,16.30,16.44,13538838,228311120.00
20160602,16.50,16.52,15.97,16.15,11921799,196221024.00
20160603,16.15,16.45,15.70,16.45,17833080,291539584.00
20160606,16.32,17.20,16.32,16.98,17320414,297529280.00
20160607,16.94,17.06,16.56,16.87,11328359,193643568.00
20160608,16.87,16.98,16.54,16.63,7316324,124566496.00
20160613,16.50,16.81,15.71,15.71,10026318,166506400.00
20160614,15.55,16.06,15.50,15.90,9830394,157825744.00
20160615,15.85,16.37,15.61,16.32,10617890,175198384.00
20160616,16.29,16.68,16.11,16.45,10329655,173788016.00
20160617,16.44,16.79,16.15,16.38,8264072,138123456.00
20160620,16.26,16.95,16.26,16.77,12822350,217947392.00
20160621,17.05,17.07,16.47,16.56,6989085,118717744.00
20160622,16.40,16.76,16.28,16.64,3787678,63912096.00
20160623,16.45,16.75,15.90,16.05,11643165,192091344.00
20160624,16.05,16.17,15.33,15.68,12270766,196367344.00
20160627,15.63,15.83,15.50,15.70,12048646,191519216.00
20160628,15.68,15.68,15.10,15.40,20169846,314510816.00
20160629,15.40,15.66,15.21,15.61,13760072,216698608.00
20160630,15.58,15.75,15.41,15.47,9329264,147629152.00
20160701,15.53,15.55,15.23,15.35,8428543,132197768.00
20160704,15.20,15.60,15.20,15.50,13255835,208558832.00
20160705,15.56,15.59,15.26,15.50,11312069,178140096.00
20160706,15.50,15.56,15.30,15.51,12047132,189113904.00
20160707,15.50,16.20,15.45,16.07,20470961,332504512.00
20160708,16.14,16.16,15.58,15.58,11927750,191767264.00
20160711,15.60,15.69,15.30,15.35,11786038,185674672.00
20160712,15.34,15.52,15.18,15.36,12456049,194237104.00
20160713,15.36,15.56,15.35,15.44,10760687,169318688.00
20160714,15.44,15.66,15.32,15.40,10996652,173433504.00
20160715,15.36,15.48,15.33,15.40,8044257,126254736.00
20160718,15.43,15.45,14.94,14.99,12986133,200031344.00
20160719,15.04,15.11,14.77,14.98,11941418,181689824.00
20160720,15.06,15.08,14.90,15.01,5773766,88292480.00
20160721,14.99,15.10,14.87,14.97,7314121,111656536.00
20160722,14.90,14.96,14.65,14.65,9336396,140640992.00
20160725,14.65,14.85,14.42,14.57,8295769,123898376.00
20160726,14.58,14.69,14.50,14.69,9015850,134375632.00
20160727,14.70,14.93,14.34,14.67,12303921,183932032.00
20160728,14.64,14.79,14.46,14.76,6666967,99708504.00
20160729,14.86,15.01,14.73,14.97,10645830,161991760.00
20160801,14.97,15.00,14.63,14.82,6433946,96840224.00
20160802,14.82,14.97,14.72,14.83,4812623,72825960.00
20160803,14.90,15.03,14.75,14.93,6064187,92250288.00
20160804,14.90,15.25,14.80,15.15,10581434,163210656.00
20160805,15.15,15.26,15.00,15.01,6798879,104825072.00
20160808,15.06,15.25,14.95,15.18,5775417,89274744.00
20160809,15.27,15.30,15.06,15.12,7256926,112202456.00
20160810,15.16,15.19,14.88,14.89,6989382,106724760.00
20160811,14.85,14.97,14.74,14.81,5985132,90644848.00
20160812,14.80,14.84,14.70,14.82,6182270,93266112.00
20160815,14.82,15.20,14.67,15.06,13716568,209627216.00
20160816,15.05,15.25,15.01,15.10,9347529,144185216.00
20160817,15.18,15.20,14.97,15.03,4125133,63330592.00
20160818,15.08,15.24,15.00,15.11,7384947,114047696.00
20160819,15.15,15.22,15.10,15.20,5751419,89054792.00
20160822,15.23,15.74,15.18,15.52,13166717,208534192.00
20160823,15.46,15.91,15.40,15.58,11238210,179807056.00
20160824,15.65,15.89,15.48,15.61,9314364,149241472.00
20160825,15.61,15.83,15.43,15.61,8065827,128393680.00
20160826,15.69,15.80,15.50,15.56,4228471,67376064.00
20160829,15.69,15.70,15.50,15.65,4082936,64983616.00
20160830,15.70,16.04,15.67,16.04,9869807,160024064.00
20160831,16.05,16.40,16.00,16.32,10473664,173406400.00
20160901,16.39,16.39,15.91,15.95,5820428,95390320.00
20160902,16.00,16.29,15.70,15.71,6944934,112537296.00
20160905,15.93,16.02,15.79,15.89,3236471,52487780.00
20160906,15.95,16.34,15.82,16.25,5762082,94810472.00
20160907,16.38,16.60,15.94,15.97,9129259,150365776.00
20160908,15.97,16.34,15.93,16.33,6545015,107526512.00
20160909,16.24,16.56,15.98,15.99,5246970,86797168.00
20160912,15.82,16.00,15.61,15.67,4337329,69797984.00
20160913,15.87,15.87,15.30,15.66,3335917,52929324.00
20160914,15.70,15.76,15.31,15.45,2883989,45848592.00
20160919,15.46,15.84,15.40,15.73,3230894,51746940.00
20160920,15.79,15.86,15.60,15.70,2910618,46626220.00
20160921,15.71,15.77,15.56,15.57,3300824,52628760.00
20160922,15.65,15.80,15.56,15.58,1404450,22396768.00
20160923,15.65,15.80,15.57,15.64,2882333,46177808.00
20160926,15.57,15.90,15.51,15.66,3183014,50852008.00
20160927,15.68,15.70,15.38,15.66,3150072,49928456.00
20160928,15.82,15.89,15.51,15.85,3820977,61524336.00
20160929,15.90,16.48,15.85,16.24,4759191,78783824.00
20160930,16.13,16.38,16.12,16.27,3083850,51105112.00
20161010,16.36,16.59,16.23,16.49,4155949,69780520.00
20161011,16.58,16.60,16.27,16.37,3091274,51678952.00
20161012,16.36,16.66,16.17,16.50,4028623,67655080.00
20161013,16.40,16.65,16.00,16.10,7198001,118826152.00
20161014,16.20,16.23,15.92,16.05,3806201,62285956.00
20161017,16.05,16.08,15.51,15.61,6775837,108618848.00
20161018,15.61,15.73,15.50,15.61,5963863,94895800.00
20161019,15.67,15.75,15.52,15.69,4180939,66789480.00
20161020,15.75,15.76,15.56,15.64,5811184,92694056.00
20161021,15.64,15.75,15.47,15.51,5916577,93806192.00
20161024,15.51,15.89,15.51,15.64,8070692,129127296.00
20161025,15.64,15.70,15.27,15.42,8959950,140950624.00
20161026,15.39,15.55,15.36,15.54,9251754,145909360.00
20161027,15.25,15.38,15.05,15.13,11430970,176684672.00
20161028,15.12,15.15,14.91,14.93,7118699,109096888.00
20161031,14.88,14.98,14.75,14.88,4793055,72637176.00
20161101,14.90,15.17,14.87,15.16,7228494,110399400.00
20161102,15.08,15.14,14.90,14.96,4601924,70463728.00
20161103,14.99,15.11,14.90,15.00,5239152,80179696.00
20161104,15.03,15.03,14.72,14.79,8566270,129656792.00
20161107,14.79,14.87,14.58,14.61,8546623,128296520.00
20161108,14.68,14.71,14.60,14.69,5521688,82550312.00
20161109,14.71,14.76,14.45,14.62,7366542,110147824.00
20161110,14.65,14.77,14.62,14.70,5947117,89157880.00
20161111,14.73,14.91,14.65,14.82,9666106,146014928.00
20161114,14.78,14.96,14.76,14.87,7987986,121175568.00
20161115,14.81,14.90,14.76,14.86,5399936,81696144.00
20161116,14.86,14.89,14.77,14.85,5752270,86971800.00
20161117,14.80,14.83,14.66,14.81,7067469,106331296.00
20161118,14.82,14.90,14.73,14.83,5063415,76621528.00
20161121,14.82,14.87,14.72,14.73,5976221,90103712.00
20161122,14.79,14.80,14.48,14.60,14227629,212090016.00
20161123,14.60,14.67,14.56,14.62,6719496,100163456.00
20161124,14.67,14.67,14.42,14.44,7044426,104249960.00
20161125,14.46,14.51,14.25,14.49,8309967,122140360.00
20161128,14.57,14.62,14.53,14.58,6660394,99063632.00
20161129,14.61,14.82,14.58,14.82,10832786,162908016.00
20161130,14.85,14.85,14.53,14.58,6754919,101032400.00
20161201,14.56,14.65,14.50,14.61,6749694,100297176.00
20161202,14.56,14.62,14.41,14.48,6713681,99301200.00
20161205,14.41,14.59,14.20,14.57,7582011,111369328.00
20161206,14.55,14.67,14.43,14.61,5541276,82270400.00
20161207,14.71,15.10,14.70,15.00,15303322,233418960.00
20161208,15.04,15.10,14.82,14.89,8849245,134879264.00
20161209,15.00,15.09,14.85,14.89,8800062,134317088.00
20161212,14.98,15.09,14.63,14.82,14872253,226060304.00
20161213,14.83,14.85,14.30,14.70,5891347,87882904.00
20161214,14.70,14.85,14.51,14.69,4397751,65857656.00
20161215,14.68,14.80,14.43,14.53,4767303,70843944.00
20161216,14.46,15.04,14.35,14.93,7391738,111519456.00
20161219,14.91,14.95,14.66,14.79,5015021,75538808.00
20161220,14.80,14.89,14.69,14.87,6121073,92488392.00
20161221,14.92,15.23,14.92,15.05,10417848,160572064.00
20161222,15.05,15.18,14.92,14.99,6137827,94290384.00
20161223,14.99,14.99,14.72,14.73,4097900,61981832.00
20161226,14.70,15.05,14.42,15.04,8440552,127217568.00
20161227,15.00,15.00,14.67,14.72,6932954,104598960.00
20161228,14.65,14.88,14.54,14.73,6412127,96252040.00
20161229,14.70,14.81,14.61,14.66,3041127,45581092.00
20161230,14.70,14.78,14.58,14.75,3810604,57166628.00
20170103,14.80,14.88,14.64,14.69,4864448,73305360.00
20170104,14.70,14.78,14.58,14.74,7022558,105019600.00
20170105,14.74,14.74,14.57,14.62,6426499,95905096.00
20170106,14.61,14.61,14.49,14.51,4007404,59435824.00
20170109,14.52,14.59,14.45,14.51,4316998,63929572.00
20170110,14.50,14.58,14.30,14.33,7283573,107175240.00
20170111,14.33,14.36,14.09,14.20,5120947,74322336.00
20170112,14.15,14.24,14.09,14.17,4037664,58389112.00
20170113,14.22,14.30,14.01,14.09,5846266,84652760.00
20170116,14.05,14.17,13.85,14.05,7624399,109251856.00
20170117,14.04,14.16,13.99,14.15,2239025,32235732.00
20170118,14.13,14.25,14.08,14.09,5390754,78018944.00
20170119,14.17,14.17,13.88,14.09,3171327,45438996.00
20170120,14.09,14.38,14.01,14.28,4848246,70553544.00
20170123,14.28,14.52,14.22,14.46,4443829,65471100.00
20170124,14.46,14.56,14.41,14.53,5597641,82935944.00
20170125,14.53,14.56,14.41,14.52,2065777,30609236.00
20170126,14.54,14.60,14.46,14.52,2290287,33917452.00
20170203,14.52,14.55,14.32,14.46,1665157,24571552.00
20170206,14.46,14.76,14.46,14.70,6140576,91923600.00
20170207,14.72,14.75,14.58,14.59,3708945,55454020.00
20170208,14.75,14.95,14.65,14.90,9664223,146287488.00
20170209,14.86,15.00,14.83,14.92,6308408,96217448.00
20170210,14.90,15.01,14.80,14.89,3773667,57301736.00
20170213,14.89,15.05,14.77,14.91,4977644,75705392.00
20170214,14.92,14.94,14.82,14.90,2325426,35305904.00
20170215,14.88,14.94,14.60,14.70,3849479,58157084.00
20170216,14.60,14.81,14.60,14.80,1564815,23535428.00
20170217,14.87,14.87,14.60,14.67,2538993,38142156.00
20170220,14.67,15.39,14.60,15.37,11365482,175328496.00
20170221,15.30,15.63,15.19,15.33,7177952,112694568.00
20170222,15.30,15.30,14.98,15.21,8778109,135397296.00
20170223,15.17,15.17,14.82,14.97,5332742,81230128.00
20170224,14.96,15.09,14.85,15.06,3978001,60938532.00
20170227,15.06,15.13,14.83,14.85,4569773,69632328.00
20170228,14.88,14.94,14.72,14.81,3444015,51998560.00
20170301,14.85,15.02,14.80,14.87,3081483,46856800.00
20170302,14.86,15.18,14.82,15.05,5348900,82154160.00
20170303,15.03,15.56,14.96,15.32,7883232,123246352.00
20170306,15.30,15.80,15.15,15.79,10903533,173708384.00
20170307,15.61,15.84,15.52,15.71,3972356,63363504.00
20170308,15.71,15.77,15.54,15.65,2318400,36886380.00
20170309,15.67,15.67,15.48,15.48,3564399,56542672.00
20170310,15.45,15.64,15.40,15.50,1503584,23760326.00
20170313,15.60,15.93,15.36,15.69,5633364,89806608.00
20170314,15.73,15.76,15.52,15.54,2341091,37279304.00
20170315,15.54,15.69,15.48,15.67,3354865,53363876.00
20170316,15.51,15.82,15.51,15.76,3438737,55024348.00
20170317,15.75,16.12,15.63,15.75,6559088,106381864.00
20170320,15.75,16.10,15.65,16.03,5326413,86125512.00
20170321,15.93,16.30,15.73,15.82,4584287,74195384.00
20170322,15.81,16.07,15.69,15.84,3815308,61654052.00
20170323,15.83,16.28,15.80,16.08,5319154,87288952.00
20170324,16.10,16.30,16.06,16.18,3305268,54558956.00
20170327,16.17,16.31,16.03,16.04,6427167,105918064.00
20170328,16.09,16.09,15.69,15.88,4604385,74298872.00
20170329,15.88,16.15,15.84,15.95,3384945,55153992.00
20170330,15.95,16.13,15.77,15.80,5093662,82638536.00
20170331,15.79,16.25,15.70,16.23,3961992,64832308.00
20170405,16.20,16.31,16.05,16.15,5553490,91490912.00
20170406,16.23,16.49,16.14,16.25,3157983,52358132.00
20170407,16.25,16.50,16.09,16.46,4410387,73413768.00
20170410,16.42,16.69,16.11,16.20,4246817,71046048.00
20170411,16.24,16.30,15.85,16.25,2560059,41835280.00
20170412,16.50,16.50,16.02,16.19,2181908,35890368.00
20170413,16.18,16.20,15.70,16.20,3138009,51300600.00
20170414,16.03,16.15,15.83,15.85,5550942,90215008.00
20170417,16.00,16.10,15.67,15.91,5300672,85538576.00
20170418,15.80,15.99,15.71,15.82,4371703,70504328.00
20170419,15.75,15.91,15.30,15.87,8418032,134410496.00
20170420,15.86,16.47,15.70,16.21,8131941,134141016.00
20170421,16.14,16.59,16.14,16.32,4414048,73603488.00
20170424,16.29,16.45,15.72,16.20,4757541,77646576.00
20170425,16.20,16.50,16.02,16.40,4511024,74926064.00
20170426,16.38,17.13,16.33,16.94,9013980,154084720.00
20170427,16.85,17.37,16.58,17.22,9609625,167398208.00
20170428,17.20,17.35,16.75,16.95,4866298,83775024.00
20170502,17.04,17.06,16.63,16.78,4267787,73055360.00
20170503,16.81,17.17,16.72,16.87,3169509,54647744.00
20170504,16.80,17.11,16.62,16.86,3400090,58556328.00
20170505,16.89,17.10,16.63,16.69,3181879,54565876.00
20170508,16.69,16.69,16.26,16.31,2577990,43263648.00
20170509,16.31,16.49,15.95,16.21,2061946,34132452.00
20170510,16.20,16.84,16.12,16.50,3770346,63434856.00
20170511,16.45,16.78,16.10,16.65,3287052,54923832.00
20170512,16.68,16.84,16.25,16.70,2897589,48857904.00
20170515,16.71,17.05,16.52,16.67,5139896,88213960.00
20170516,16.59,17.11,16.20,17.11,4825006,81967088.00
20170517,16.95,17.35,16.94,17.22,2743429,47988444.00
20170518,17.10,17.46,17.01,17.35,3050377,53780860.00
20170519,17.35,17.46,16.83,17.29,2626438,46065284.00
20170522,17.36,17.40,16.99,17.22,2220127,38818888.00
20170523,17.22,17.55,17.05,17.40,3764378,66283196.00
20170524,17.36,17.40,16.55,16.92,3928970,67844448.00
20170525,16.85,16.85,16.12,16.74,12046014,201266096.00
20170526,16.64,16.65,16.34,16.50,3964578,66697236.00
20170531,16.49,16.70,16.05,16.20,5118179,84500648.00
20170601,16.19,16.59,16.00,16.48,4104715,68416368.00
20170602,16.40,16.70,16.01,16.21,4533813,75209232.00
20170605,16.20,16.34,15.68,16.05,5374387,87494120.00
20170606,16.04,16.24,15.81,16.01,4483650,73231392.00
20170607,16.00,16.73,15.94,16.60,4851830,81428944.00
20170608,16.60,16.99,16.60,16.70,4300708,73164504.00
20170609,16.62,16.83,16.60,16.79,2384000,40669280.00
20170612,16.95,17.04,16.72,16.89,4637265,79885040.00
20170613,16.72,17.03,16.72,16.82,3228333,55552228.00
20170614,16.95,16.95,16.20,16.38,7409074,123894328.00
20170615,16.28,16.98,16.28,16.95,5867178,100081256.00
20170616,16.96,17.06,16.70,16.77,1928895,33089526.00
20170619,16.75,16.83,16.55,16.68,2469690,41950468.00
20170620,16.68,16.73,16.55,16.68,2390363,40481568.00
20170621,16.60,16.96,16.52,16.96,2642846,45081416.00
20170622,16.97,17.18,16.83,16.98,3793114,65676228.00
20170623,16.84,17.20,16.73,17.20,2505664,43367500.00
20170626,17.39,17.60,17.11,17.55,4972534,88164440.00
20170627,17.50,17.88,17.41,17.56,4619691,82850880.00
20170628,17.50,17.78,17.36,17.72,3147315,56105480.00
20170629,17.79,17.89,17.51,17.54,5442948,97989816.00
20170630,17.59,18.29,17.39,18.27,4787594,86335344.00
20170703,18.27,18.27,17.30,18.00,7378105,130663088.00
20170704,17.69,17.73,17.16,17.24,8101662,140695792.00
20170705,17.38,17.73,17.25,17.55,5951175,103883976.00
20170706,17.52,17.66,17.35,17.55,2545920,44589856.00
20170707,17.50,17.54,17.21,17.31,4629331,80230760.00
20170710,17.33,17.65,17.00,17.41,4579288,78785456.00
20170711,17.38,17.45,17.22,17.32,4028580,69839528.00
20170712,17.33,17.85,17.30,17.78,4687125,82431984.00
20170713,17.79,18.09,17.52,18.05,3418805,61306840.00
20170714,18.06,18.56,17.72,18.22,5463489,99585200.00
20170717,18.22,18.49,17.78,18.15,5616293,102067904.00
20170718,18.15,18.42,17.77,17.94,5316334,95973488.00
20170719,17.90,18.66,17.78,18.63,5501258,101107592.00
数据来源:通达信
