002310 东方园林 日线 前复权
      日期	    开盘	    最高	    最低	    收盘	    成交量	    成交额
20091127,2.05,2.48,2.05,2.44,10104167,1086521216.00
20091130,2.59,2.69,2.47,2.61,4920957,601760832.00
20091201,2.55,2.62,2.50,2.60,2488330,303330496.00
20091202,2.67,2.75,2.53,2.56,3145790,396113408.00
20091203,2.54,2.64,2.54,2.63,2514623,309456768.00
20091204,2.59,2.61,2.36,2.40,2927988,345288128.00
20091207,2.38,2.46,2.38,2.43,1043762,120789712.00
20091208,2.43,2.44,2.31,2.34,1453794,163362880.00
20091209,2.32,2.37,2.30,2.35,903414,100889776.00
20091210,2.36,2.38,2.30,2.32,763384,85536696.00
20091211,2.32,2.38,2.31,2.32,903666,101332904.00
20091214,2.32,2.32,2.18,2.25,1237047,133037984.00
20091215,2.25,2.30,2.22,2.23,929371,100743872.00
20091216,2.23,2.25,2.12,2.14,1147493,120090864.00
20091217,2.15,2.21,2.08,2.18,997989,103370352.00
20091218,2.14,2.21,2.10,2.21,782105,81121344.00
20091221,2.19,2.24,2.18,2.22,729019,77422000.00
20091222,2.21,2.25,2.14,2.14,736615,78070144.00
20091223,2.12,2.20,2.12,2.18,570654,59251444.00
20091224,2.17,2.31,2.16,2.27,1012626,109916920.00
20091225,2.26,2.29,2.24,2.27,673197,73015928.00
20091228,2.28,2.32,2.24,2.28,978402,107283312.00
20091229,2.27,2.34,2.25,2.33,542712,59955100.00
20091230,2.33,2.34,2.26,2.31,525268,57733476.00
20091231,2.29,2.32,2.26,2.32,366145,39995188.00
20100104,2.33,2.40,2.31,2.38,690727,78439584.00
20100105,2.49,2.63,2.48,2.63,1135404,138936176.00
20100106,2.71,2.91,2.70,2.76,2009628,265887360.00
20100107,2.74,2.84,2.72,2.76,997804,131366488.00
20100108,2.74,2.91,2.74,2.82,1091599,146837856.00
20100111,2.77,3.11,2.77,3.11,1409240,193768480.00
20100112,3.11,3.23,3.08,3.12,1077406,159278272.00
20100113,3.08,3.26,3.08,3.18,843541,126133784.00
20100114,3.16,3.19,3.06,3.11,899206,131556448.00
20100115,3.11,3.16,3.03,3.12,766616,111486472.00
20100118,3.09,3.26,3.09,3.15,627852,93780328.00
20100120,3.21,3.25,2.82,2.91,2113989,291632736.00
20100121,2.86,2.91,2.76,2.83,679515,91246336.00
20100122,2.79,2.92,2.73,2.90,803212,108100696.00
20100125,2.87,2.95,2.78,2.82,502507,68249744.00
20100126,2.83,2.91,2.82,2.85,816800,111150120.00
20100127,2.83,2.90,2.82,2.86,397889,53847532.00
20100128,2.86,2.93,2.74,2.92,786828,105093840.00
20100129,2.89,3.01,2.89,2.95,745254,103887328.00
20100201,2.99,3.20,2.98,3.17,935802,137090224.00
20100202,3.11,3.22,3.03,3.08,589928,86965080.00
20100203,3.10,3.14,2.85,3.01,946223,132429800.00
20100204,3.00,3.09,2.92,3.02,375102,53729076.00
20100205,2.99,3.25,2.96,3.16,896762,132371224.00
20100208,3.19,3.40,3.12,3.40,1122294,171873184.00
20100209,3.37,3.41,3.22,3.27,1054575,163529040.00
20100210,3.26,3.39,3.12,3.30,1398880,214005328.00
20100211,3.08,3.18,2.96,2.96,2559225,365740800.00
20100212,3.01,3.11,2.97,3.03,867171,124681520.00
20100222,3.01,3.10,2.98,3.01,563337,80049400.00
20100223,3.01,3.01,2.93,2.97,468893,65495436.00
20100224,2.97,3.07,2.95,3.07,532857,76277656.00
20100225,3.06,3.13,3.06,3.09,764460,111575216.00
20100226,3.08,3.08,2.99,3.06,511308,73069264.00
20100301,3.10,3.25,3.03,3.21,2289519,339832064.00
20100302,3.17,3.21,3.12,3.19,728175,108299488.00
20100303,3.19,3.23,3.13,3.22,705037,105697240.00
20100304,3.22,3.26,3.06,3.07,725608,107483536.00
20100308,3.10,3.20,3.10,3.16,581561,86279824.00
20100309,3.16,3.18,3.12,3.14,419236,62185332.00
20100310,3.14,3.25,3.13,3.16,563981,84793856.00
20100311,3.19,3.32,3.18,3.29,1222227,187819440.00
20100312,3.25,3.32,3.21,3.23,585118,89551536.00
20100315,3.25,3.31,3.22,3.28,587284,90163088.00
20100316,3.30,3.34,3.25,3.30,493151,76109480.00
20100317,3.31,3.32,3.21,3.28,1010780,154814928.00
20100318,3.29,3.30,3.22,3.28,582562,89185168.00
20100319,3.28,3.28,3.20,3.26,652115,66181216.00
20100322,3.25,3.42,3.23,3.39,1439211,150272912.00
20100323,3.39,3.43,3.35,3.39,890503,94180432.00
20100324,3.37,3.56,3.36,3.53,1216653,132599688.00
20100325,3.55,3.86,3.53,3.80,2191063,252732976.00
20100326,3.70,3.89,3.63,3.81,1784469,209836160.00
20100329,3.81,3.95,3.76,3.91,1347370,161029424.00
20100330,3.89,3.94,3.83,3.89,1003621,120605440.00
20100331,3.89,4.06,3.87,4.03,1024408,126656952.00
20100401,4.05,4.10,3.92,3.92,1563731,192992288.00
20100402,3.90,3.93,3.76,3.86,1102660,131503504.00
20100406,3.86,4.04,3.81,4.03,1030504,127055064.00
20100407,4.03,4.12,3.92,3.99,1319296,164013808.00
20100408,3.97,4.07,3.95,4.05,844515,105792896.00
20100409,4.06,4.20,4.05,4.20,996980,127742576.00
20100413,4.63,4.63,4.23,4.40,3059119,428054848.00
20100414,4.40,4.85,4.40,4.85,1426841,206664368.00
20100415,4.79,4.86,4.53,4.66,1200371,172307616.00
20100416,4.60,4.71,4.40,4.67,818091,115635816.00
20100419,4.66,4.76,4.46,4.46,819479,116717224.00
20100420,4.53,4.58,4.33,4.56,1095281,151928000.00
20100421,4.53,4.89,4.50,4.75,1080551,157934176.00
20100422,4.73,4.82,4.66,4.79,810062,118808224.00
20100423,4.79,4.99,4.74,4.92,681715,102888584.00
20100426,4.96,4.96,4.63,4.65,1492561,217736000.00
20100427,4.59,4.75,4.46,4.74,965881,136311520.00
20100428,4.66,4.74,4.50,4.63,501456,71708312.00
20100429,4.65,4.66,4.36,4.36,520336,72459624.00
20100430,4.33,4.46,4.19,4.46,667286,88467024.00
20100504,4.37,4.53,4.33,4.41,483391,66289852.00
20100505,4.39,4.53,4.34,4.48,693690,94611728.00
20100506,4.49,4.50,4.23,4.23,714540,96509144.00
20100507,4.15,4.37,4.10,4.18,1131783,148504048.00
20100511,4.61,4.61,4.53,4.56,3395085,482625088.00
20100512,4.40,4.43,4.20,4.26,1844606,245491920.00
20100513,4.30,4.39,4.23,4.35,745214,99555456.00
20100514,4.30,4.46,4.26,4.46,984439,132621432.00
20100517,4.39,4.63,4.36,4.41,1037266,144338368.00
20100518,4.43,4.61,4.23,4.56,1052136,144549424.00
20100519,4.51,4.77,4.51,4.73,961500,138481936.00
20100520,4.67,4.81,4.60,4.66,965430,139788912.00
20100521,4.53,5.15,4.52,5.15,1815202,275683040.00
20100524,5.47,5.67,5.37,5.67,1825873,311122240.00
20100526,5.70,6.07,5.67,5.73,2179903,389996032.00
20100527,5.60,5.79,5.49,5.70,1291467,222918000.00
20100528,5.66,5.83,5.50,5.56,1221201,211311280.00
20100531,5.47,5.55,5.37,5.37,888451,148637136.00
20100601,5.30,5.36,5.02,5.16,1433222,227906064.00
20100602,5.18,5.23,5.02,5.23,843337,133503432.00
20100603,5.26,5.33,5.07,5.13,933040,149811872.00
20100604,5.07,5.27,5.05,5.22,554995,88409512.00
20100607,5.20,5.25,5.08,5.25,494202,78817640.00
20100608,5.24,5.50,5.20,5.42,924727,153239072.00
20100609,5.46,5.53,5.38,5.48,610085,102100672.00
20100610,5.48,5.69,5.46,5.63,567589,97701992.00
20100611,5.63,5.70,5.47,5.52,526486,90072944.00
20100617,5.50,5.50,4.95,4.95,1593575,247131728.00
20100618,4.87,4.87,4.60,4.66,1259444,183104672.00
20100621,4.66,4.93,4.66,4.86,685798,102019248.00
20100622,4.80,4.90,4.75,4.79,382741,56745564.00
20100623,4.76,4.88,4.70,4.84,259904,38563124.00
20100624,4.90,4.98,4.85,4.94,420816,63922892.00
20100625,4.87,4.94,4.75,4.80,234096,34768632.00
20100628,4.80,4.88,4.78,4.81,327567,48667396.00
20100629,4.87,4.87,4.43,4.53,490633,70098128.00
20100630,4.46,4.58,4.43,4.57,459478,64242524.00
20100701,4.58,4.62,4.51,4.53,265639,37414804.00
20100702,4.54,4.70,4.40,4.66,683237,96484888.00
20100705,4.60,4.88,4.55,4.88,645098,94960696.00
20100706,4.83,4.97,4.80,4.91,384477,57952940.00
20100708,5.42,5.42,5.42,5.42,553533,92174312.00
20100709,5.50,5.70,5.44,5.51,1897443,324600224.00
20100712,5.51,5.61,5.40,5.56,894422,151926000.00
20100713,5.43,5.43,5.14,5.22,1216298,197279168.00
20100714,5.31,5.37,5.13,5.13,797019,127830176.00
20100715,5.08,5.20,5.03,5.10,388898,61414064.00
20100716,5.09,5.22,5.07,5.20,459949,72893384.00
20100719,5.18,5.30,5.11,5.17,580512,92254456.00
20100720,5.17,5.26,5.07,5.26,763376,121671872.00
20100721,5.26,5.50,5.22,5.39,856139,141563216.00
20100722,5.38,5.43,5.30,5.40,470389,77527256.00
20100723,5.43,5.45,5.29,5.33,476422,78175760.00
20100726,5.29,5.41,5.28,5.40,445267,73411848.00
20100727,5.44,5.47,5.37,5.47,525139,87681872.00
20100728,5.48,5.80,5.46,5.57,1280204,221342304.00
20100729,5.53,5.56,5.43,5.47,675921,113895624.00
20100730,5.47,5.58,5.45,5.48,564037,95449776.00
20100802,5.48,5.58,5.46,5.58,643930,109532688.00
20100803,5.58,5.61,5.48,5.48,428132,72699912.00
20100804,5.44,5.50,5.31,5.50,539283,89753512.00
20100805,5.47,5.55,5.44,5.46,415385,70221448.00
20100806,5.54,5.64,5.53,5.63,737657,126862736.00
20100809,5.63,6.21,5.63,6.21,1559805,290160960.00
20100810,6.20,6.27,5.94,5.96,1089549,202111856.00
20100811,5.96,6.50,5.96,6.40,1213113,234081488.00
20100812,6.34,6.53,6.27,6.46,811278,159213088.00
20100813,6.47,6.56,6.40,6.49,559658,111126688.00
20100817,6.80,7.00,6.55,6.69,997934,206168240.00
20100818,6.70,7.27,6.57,7.20,1430210,305301632.00
20100819,7.19,7.33,7.07,7.25,889357,196277792.00
20100820,7.51,7.51,7.04,7.29,1150141,256073488.00
20100823,7.31,7.41,6.77,6.92,1243730,265551920.00
20100824,6.82,7.03,6.82,7.02,704289,150084496.00
20100825,7.02,7.20,6.83,7.14,851749,182773088.00
20100826,7.21,7.87,7.08,7.87,4997236,587375488.00
20100827,7.88,8.67,7.87,8.67,5993548,758678720.00
20100830,8.68,8.99,8.34,8.54,5483033,718152832.00
20100831,8.54,9.22,8.15,8.92,6201703,816534144.00
20100901,8.72,9.01,8.42,8.65,3635822,480119232.00
20100903,8.75,8.99,7.92,8.27,6108956,776805504.00
20100906,7.95,7.95,7.44,7.47,5093950,588883008.00
20100908,7.88,8.14,7.75,7.86,3300644,396291392.00
20100909,7.86,7.87,7.49,7.65,1774060,207967808.00
20100910,7.65,7.78,7.47,7.67,1844631,213774032.00
20100913,7.63,7.91,7.48,7.82,1978477,234998480.00
20100914,7.83,7.94,7.71,7.75,1855413,221241840.00
20100915,7.72,7.72,7.47,7.48,1691150,194064016.00
20100916,7.41,7.41,7.13,7.20,1994206,220487424.00
20100917,7.22,7.31,7.14,7.19,978639,107398096.00
20100920,6.96,7.52,6.94,7.47,2002698,221116896.00
20100921,7.42,7.69,7.34,7.52,1842780,212605776.00
20100927,7.58,7.58,7.41,7.48,1101003,125163768.00
20100928,7.51,7.51,7.20,7.21,1667231,185301280.00
20100929,7.21,7.21,6.87,6.93,1942828,206419952.00
20100930,6.94,7.14,6.89,7.10,976716,104977480.00
20101008,7.21,7.21,7.01,7.10,1415383,153487168.00
20101011,7.08,7.10,6.94,7.04,1797964,191928624.00
20101012,7.03,7.61,6.98,7.48,2571344,291144800.00
20101013,7.48,7.48,7.13,7.16,1877945,206161728.00
20101014,7.14,7.34,7.07,7.09,1504275,163983728.00
20101015,6.85,6.97,6.61,6.74,2636820,273543776.00
20101018,6.54,6.74,6.28,6.36,2484741,245577744.00
20101019,6.36,6.78,6.36,6.74,1680940,170682496.00
20101020,6.59,6.91,6.44,6.71,1565000,160888592.00
20101021,6.67,6.80,6.56,6.65,1021436,103664512.00
20101022,6.71,6.88,6.65,6.83,1386635,143007456.00
20101025,6.98,7.05,6.78,6.89,1748226,184684368.00
20101026,6.89,6.94,6.68,6.77,1471250,152646240.00
20101027,6.77,7.41,6.77,7.27,3906682,430392864.00
20101028,7.21,7.72,7.12,7.72,4107083,475735040.00
20101029,7.78,7.84,7.48,7.57,2540593,296139840.00
20101101,7.57,7.61,7.35,7.61,2191436,249988640.00
20101102,7.61,7.81,7.41,7.45,1895914,218828672.00
20101103,7.38,7.38,7.11,7.16,1661334,183112576.00
20101104,7.16,7.28,7.06,7.23,1146578,125230760.00
20101105,7.23,7.55,7.15,7.49,1910899,215437536.00
20101108,7.54,8.08,7.41,7.94,3685011,438476832.00
20101109,7.94,7.94,7.68,7.77,1893706,223619744.00
20101110,7.78,8.04,7.69,7.88,2207559,265431472.00
20101111,7.81,8.14,7.75,7.90,2230922,272060864.00
20101112,7.80,8.07,7.41,7.55,2189543,255140000.00
20101115,7.54,7.73,7.45,7.72,1467574,169906064.00
20101116,7.72,8.05,7.65,7.85,2692455,322458688.00
20101117,7.68,7.81,7.43,7.45,1583528,183084208.00
20101118,7.46,7.58,7.33,7.48,1041863,118397616.00
20101119,7.51,7.55,7.21,7.52,1360084,153255312.00
20101122,7.41,7.77,7.35,7.67,2398861,274394016.00
20101123,7.55,7.61,7.35,7.43,1220605,138438816.00
20101124,7.39,7.57,7.35,7.49,1502773,170725184.00
20101125,7.48,7.56,7.39,7.42,1101128,125070288.00
20101126,7.42,7.53,7.35,7.43,853650,96591152.00
20101129,7.43,7.48,7.35,7.37,865520,97403064.00
20101201,7.22,7.26,6.90,6.91,1748091,186861648.00
20101202,6.90,7.03,6.90,6.92,845074,89589176.00
20101203,6.96,6.96,6.67,6.93,1011536,104961000.00
20101207,7.21,7.64,7.08,7.64,2733756,309817056.00
20101208,7.82,7.88,7.44,7.51,2091071,243464160.00
20101209,7.42,7.59,7.01,7.02,1504253,165110224.00
20101210,6.89,7.12,6.88,7.09,786333,84649904.00
20101213,7.11,7.18,7.02,7.15,1029086,111352136.00
20101214,7.18,7.19,7.06,7.10,788875,85426064.00
20101215,7.10,7.41,7.08,7.26,1281133,142911936.00
20101216,7.35,7.85,7.35,7.69,2834414,329719936.00
20101217,7.61,7.97,7.61,7.74,2616797,311741920.00
20101220,7.76,8.52,7.76,8.50,4459142,552119744.00
20101221,8.44,8.79,8.26,8.48,2999112,388418176.00
20101222,8.47,8.90,8.25,8.72,2858914,377312480.00
20101223,8.64,9.02,8.28,8.30,3737299,491758016.00
20101224,8.23,8.45,8.08,8.38,1826449,230173328.00
20101227,8.42,8.48,7.85,8.15,1812315,224761184.00
20101228,8.09,8.21,7.82,8.14,1150420,140333072.00
20101229,8.21,8.67,8.09,8.52,1922265,247370848.00
20101230,8.48,8.95,8.42,8.94,2331837,310812448.00
20101231,8.88,9.15,8.67,9.08,3154967,425672416.00
20110104,8.98,9.05,8.76,8.88,1771083,239052928.00
20110105,8.88,9.01,8.68,8.73,1468923,196553776.00
20110106,8.73,8.81,8.45,8.49,1769661,231888128.00
20110107,8.45,8.78,8.25,8.75,1576289,203389792.00
20110110,8.68,8.82,8.36,8.41,1264203,164367616.00
20110111,8.48,8.54,8.01,8.12,1335559,166252704.00
20110112,8.13,8.33,7.98,8.18,1048349,130007760.00
20110113,8.17,8.17,8.01,8.03,1096695,134388608.00
20110114,8.05,8.20,8.01,8.03,1168760,144272576.00
20110117,7.88,7.99,7.32,7.35,1921833,221399664.00
20110118,7.34,7.51,7.24,7.47,956812,107526888.00
20110119,7.53,7.66,7.41,7.57,741640,85561536.00
20110120,7.53,7.59,7.22,7.22,1058439,118961824.00
20110121,7.14,7.33,7.10,7.21,850925,93949320.00
20110124,7.18,7.21,6.61,6.70,1779395,185576832.00
20110125,6.61,6.94,6.35,6.68,1222734,123885632.00
20110127,6.72,6.89,6.61,6.81,1117918,115733392.00
20110128,6.84,6.87,6.68,6.81,697494,72207592.00
20110131,6.75,6.85,6.74,6.80,784261,81494376.00
20110201,6.84,6.94,6.81,6.93,848183,89210200.00
20110209,6.93,7.49,6.81,7.34,1376817,151917360.00
20110210,7.28,7.48,7.21,7.43,1040853,116636696.00
20110211,7.37,7.50,7.29,7.40,783260,88276184.00
20110214,7.40,7.50,7.35,7.45,949696,107650168.00
20110215,7.45,7.61,7.42,7.49,969641,110995768.00
20110216,7.47,7.61,7.42,7.57,1077645,123608656.00
20110217,7.55,7.55,7.31,7.36,1393762,157760528.00
20110218,7.34,7.34,7.21,7.22,862553,95251424.00
20110221,7.14,7.32,7.09,7.25,773610,85268288.00
20110222,7.41,7.55,7.25,7.45,1948505,221367104.00
20110223,7.38,7.65,7.28,7.63,2301399,264000240.00
20110224,7.64,7.85,7.51,7.56,1710635,200351520.00
20110225,7.56,7.60,7.38,7.47,1001540,113749032.00
20110228,7.45,7.45,7.23,7.43,1250409,139707376.00
20110301,7.36,7.48,7.35,7.41,753856,85152448.00
20110302,7.41,7.41,7.27,7.31,813991,90756072.00
20110303,7.28,7.30,7.02,7.03,1447571,157587456.00
20110304,7.02,7.08,6.88,7.03,1130096,120123272.00
20110307,7.03,7.08,6.94,7.08,1287438,137969648.00
20110308,7.11,7.32,6.96,7.07,1669152,180873648.00
20110309,7.08,7.12,6.97,7.02,1130520,120856584.00
20110310,7.02,7.16,6.97,7.06,1097951,118439688.00
20110311,7.04,7.13,7.00,7.06,787237,84619408.00
20110314,7.02,7.02,6.89,6.92,1221543,129282432.00
20110315,6.93,6.97,6.78,6.82,988477,103218320.00
20110316,6.95,7.08,6.88,7.04,1229582,131347080.00
20110317,7.01,7.01,6.86,6.87,783293,82864968.00
20110318,6.88,6.98,6.88,6.95,417516,44230944.00
20110321,6.98,7.01,6.89,6.92,472459,50145604.00
20110322,6.92,6.96,6.85,6.89,497328,52246132.00
20110323,6.90,6.94,6.85,6.91,398762,41916224.00
20110324,6.91,6.93,6.84,6.86,646724,67768408.00
20110325,6.88,6.89,6.81,6.87,948281,99094488.00
20110328,6.79,6.79,6.62,6.64,1715200,175045216.00
20110329,6.61,6.61,6.41,6.45,1677856,165563072.00
20110330,6.45,6.52,6.43,6.46,524942,51920948.00
20110331,6.47,6.73,6.40,6.68,961227,95893232.00
20110401,6.64,6.64,6.47,6.59,596606,59803776.00
20110406,6.54,6.54,6.44,6.45,622624,61568532.00
20110407,6.45,6.54,6.34,6.47,645335,63321932.00
20110408,6.51,6.52,6.40,6.47,483813,47858120.00
20110411,6.47,6.51,6.40,6.41,750735,73714064.00
20110412,6.43,6.43,6.34,6.36,543105,52972120.00
20110413,6.34,6.39,6.29,6.37,683116,66162680.00
20110414,6.37,6.47,6.32,6.41,603700,59202616.00
20110415,6.41,6.44,6.38,6.43,481056,47186844.00
20110418,6.43,6.43,6.35,6.38,447748,43693184.00
20110419,6.41,6.77,6.38,6.67,1738232,176438224.00
20110420,6.60,6.60,6.41,6.47,1356224,134094760.00
20110421,6.44,6.46,6.35,6.40,853386,83443512.00
20110422,6.39,6.44,6.33,6.39,479832,46925132.00
20110425,6.34,6.41,6.13,6.14,1145276,109899624.00
20110426,6.14,6.14,5.75,5.94,1247698,113130344.00
20110428,5.93,5.94,5.74,5.74,690410,61586876.00
20110429,5.73,5.87,5.73,5.79,297923,26445528.00
20110503,5.79,5.91,5.79,5.87,318895,28673810.00
20110504,5.87,5.89,5.57,5.61,447640,39183820.00
20110505,5.58,5.58,5.41,5.47,739163,61910020.00
20110506,5.43,5.47,5.37,5.45,473715,39529176.00
20110509,5.47,5.53,5.41,5.46,366558,30851220.00
20110510,5.46,5.50,5.43,5.47,422130,35410596.00
20110511,5.47,5.50,5.41,5.41,450269,37614924.00
20110512,5.34,5.34,5.14,5.14,1212894,97212112.00
20110513,5.13,5.24,4.97,5.18,1165911,90730376.00
20110516,5.17,5.24,5.09,5.12,551879,43881468.00
20110517,5.20,5.33,5.15,5.26,882763,71325048.00
20110518,5.23,5.32,5.21,5.25,633031,51356180.00
20110519,5.29,5.78,5.29,5.57,1570992,133698936.00
20110520,5.55,5.72,5.47,5.67,1175794,102083384.00
20110523,5.66,5.84,5.61,5.63,1063920,93036936.00
20110524,5.63,5.74,5.59,5.69,713670,62168568.00
20110525,5.71,5.78,5.61,5.63,838777,73235320.00
20110526,5.63,5.67,5.24,5.27,857474,72637144.00
20110527,5.27,5.44,5.27,5.44,700048,57687308.00
20110530,5.46,5.63,5.44,5.60,635191,54350524.00
20110531,5.59,5.66,5.46,5.60,501047,42669508.00
20110601,5.60,5.65,5.53,5.64,459256,39490112.00
20110602,5.55,5.59,5.45,5.52,353802,29918548.00
20110603,5.51,5.79,5.47,5.76,884161,77694536.00
20110607,5.76,5.83,5.71,5.75,445971,39418680.00
20110608,5.75,5.90,5.71,5.89,895673,80093584.00
20110609,5.90,5.90,5.78,5.81,488245,43684688.00
20110610,5.75,5.81,5.56,5.69,918044,79331112.00
20110613,5.69,5.79,5.58,5.72,271017,23797188.00
20110614,5.67,5.80,5.67,5.75,307564,27105854.00
20110615,5.79,5.79,5.60,5.60,691903,59777556.00
20110616,5.57,5.57,5.36,5.38,667040,55457948.00
20110617,5.34,5.44,5.31,5.33,310440,25630556.00
20110620,5.33,5.40,5.21,5.37,236616,19343910.00
20110621,5.44,5.51,5.33,5.48,367177,30634898.00
20110623,5.45,5.54,5.41,5.52,287908,24307470.00
20110624,5.51,5.75,5.48,5.65,643150,55926632.00
20110628,6.10,6.11,5.84,5.86,1051868,95698736.00
20110629,5.81,5.93,5.81,5.87,596179,53762728.00
20110630,5.84,5.95,5.74,5.87,983972,88683688.00
20110701,5.88,6.02,5.86,5.97,715701,65456656.00
20110704,6.00,6.17,6.00,6.12,922654,85719992.00
20110705,6.08,6.39,6.08,6.35,1585496,152292864.00
20110707,6.34,6.78,6.34,6.68,2182274,221450240.00
20110708,6.70,6.74,6.55,6.64,1031726,104471080.00
20110711,6.61,6.81,6.56,6.78,1000311,103067592.00
20110712,6.78,6.96,6.68,6.71,1270357,132702144.00
20110713,6.69,6.85,6.58,6.85,1048257,107502544.00
20110714,6.88,6.92,6.77,6.84,860380,89708568.00
20110715,6.81,6.88,6.64,6.81,1002715,103371312.00
20110718,6.91,6.91,6.61,6.74,698329,71757976.00
20110719,6.66,6.86,6.66,6.69,879190,90976336.00
20110720,6.73,6.78,6.62,6.76,681146,69866320.00
20110721,6.76,6.92,6.71,6.90,1413104,147802816.00
20110722,6.94,7.48,6.94,7.31,2031952,224388288.00
20110725,7.32,7.55,6.98,7.23,1842640,205866624.00
20110727,6.88,7.23,6.74,7.15,2265343,243593296.00
20110728,7.08,7.62,7.00,7.55,2170170,244006480.00
20110729,7.48,7.65,7.35,7.40,1431209,164384848.00
20110801,7.35,7.62,7.31,7.61,1497172,170975760.00
20110802,7.57,7.68,7.51,7.68,1321390,152995920.00
20110803,7.59,7.99,7.59,7.97,1652861,197462480.00
20110804,7.95,8.05,7.85,7.97,872231,105697512.00
20110805,7.75,8.11,7.62,8.03,1116748,135323152.00
20110808,7.83,8.18,7.58,7.69,1878528,226209200.00
20110809,7.51,7.95,7.32,7.95,1698478,197931920.00
20110810,8.05,8.31,7.89,8.08,1391460,172782192.00
20110811,7.89,8.18,7.89,7.94,1018862,124232832.00
20110812,7.97,8.21,7.85,8.01,961068,117144112.00
20110815,7.99,8.09,7.77,7.78,623706,75035424.00
20110817,7.68,7.85,7.55,7.61,774264,89965528.00
20110818,7.61,7.66,7.35,7.41,752244,85277472.00
20110819,7.31,7.41,7.02,7.21,1046548,114552848.00
20110822,7.15,7.34,7.08,7.10,601391,66203224.00
20110823,7.15,7.23,7.10,7.21,564657,61780920.00
20110824,7.28,7.38,7.17,7.34,528244,58753444.00
20110825,7.35,7.38,7.11,7.24,777604,85570216.00
20110826,7.24,7.30,7.13,7.23,469832,51512880.00
20110829,7.18,7.23,7.08,7.13,256117,27883686.00
20110830,7.15,7.41,7.15,7.18,537900,59781720.00
20110831,7.21,7.27,7.06,7.11,498934,54344392.00
20110901,7.11,7.21,7.08,7.16,289688,31501622.00
20110902,7.21,7.21,7.01,7.04,261404,28257308.00
20110905,6.99,6.99,6.68,6.68,644974,66896444.00
20110906,6.62,6.62,6.19,6.24,1409334,136954096.00
20110907,6.27,6.34,6.12,6.31,1344935,128090904.00
20110908,6.33,6.38,6.24,6.30,792524,76280664.00
20110909,6.29,6.36,6.25,6.30,417254,40344440.00
20110913,6.15,6.25,5.99,6.21,375035,35138684.00
20110914,6.22,6.28,6.02,6.24,432755,40800624.00
20110915,6.22,6.47,6.22,6.36,575035,56067640.00
20110916,6.42,6.81,6.42,6.64,836109,84890896.00
20110919,6.61,6.61,6.39,6.44,472311,46865868.00
20110920,6.37,6.41,6.20,6.27,361294,34672492.00
20110921,6.27,6.50,6.23,6.46,321996,31547030.00
20110922,6.41,6.47,6.21,6.27,250492,24284592.00
20110923,6.08,6.24,6.07,6.20,312240,29424786.00
20110926,6.09,6.21,6.06,6.06,243951,22870192.00
20110927,6.13,6.18,6.08,6.08,255361,23921334.00
20110928,6.09,6.18,6.02,6.05,277785,25964874.00
20110929,6.01,6.01,5.81,5.82,378148,34005748.00
20110930,5.82,5.91,5.78,5.84,266767,23845496.00
20111010,5.84,5.94,5.84,5.87,149400,13458360.00
20111011,6.01,6.02,5.74,5.80,231160,20832838.00
20111012,5.72,6.10,5.61,6.08,467315,42779664.00
20111013,6.08,6.36,6.02,6.30,627852,60069988.00
20111014,6.25,6.30,6.21,6.26,352237,33640180.00
20111017,6.28,6.47,6.23,6.35,535628,52367500.00
20111018,6.36,6.41,6.26,6.28,341907,32981890.00
20111019,6.28,6.33,6.08,6.20,251949,23899032.00
20111020,6.18,6.20,6.08,6.12,271989,25525870.00
20111021,6.16,6.26,6.06,6.22,231766,21937072.00
20111024,6.17,6.39,6.17,6.37,349323,33742140.00
20111025,6.37,6.46,6.32,6.39,666934,65062448.00
20111026,6.39,6.61,6.39,6.44,613147,61030496.00
20111027,6.53,6.60,6.46,6.52,554366,55473404.00
20111028,6.70,6.80,6.44,6.48,957030,95627752.00
20111031,6.50,6.50,6.27,6.32,712452,69043928.00
20111101,6.31,6.52,6.24,6.52,876256,85419008.00
20111102,6.38,6.54,6.34,6.53,607368,59981752.00
20111103,6.60,6.72,6.39,6.40,923450,92801600.00
20111104,6.40,6.52,6.36,6.51,600563,59049848.00
20111107,6.52,6.55,6.44,6.52,299588,29778584.00
20111108,6.56,6.56,6.44,6.46,267878,26538736.00
20111109,6.51,6.51,6.29,6.41,509498,49818588.00
20111110,6.38,6.38,6.26,6.28,406923,39210336.00
20111111,6.31,6.38,6.26,6.30,263124,25405406.00
20111114,6.35,6.47,6.32,6.45,398491,39015200.00
20111115,6.45,6.51,6.40,6.41,266140,26188882.00
20111116,6.40,6.40,6.19,6.21,583405,55910264.00
20111117,6.21,6.28,6.19,6.22,368834,35200668.00
20111118,6.20,6.20,6.08,6.15,392266,36845704.00
20111121,6.15,6.20,6.10,6.15,175435,16480152.00
20111122,6.14,6.14,5.93,6.00,325319,30046434.00
20111123,5.94,6.07,5.94,5.99,318415,29266728.00
20111124,5.94,5.97,5.81,5.92,357955,32277620.00
20111125,5.91,6.14,5.91,6.06,431967,40037500.00
20111128,6.07,6.19,6.07,6.17,440656,41514548.00
20111129,6.21,6.26,6.14,6.20,349337,33052610.00
20111130,6.20,6.21,5.90,5.98,347832,32170986.00
20111201,6.15,6.26,6.09,6.16,507918,47992732.00
20111202,6.14,6.14,6.05,6.07,181085,16836058.00
20111205,6.18,6.18,5.82,5.85,316399,28812714.00
20111206,5.87,5.89,5.73,5.88,289611,25736906.00
20111207,5.83,5.92,5.83,5.89,230877,20819084.00
20111208,5.93,5.97,5.81,5.92,159873,14444103.00
20111209,5.87,5.96,5.87,5.89,140571,12771471.00
20111212,5.88,6.02,5.74,5.87,293420,26554496.00
20111213,5.81,5.81,5.55,5.57,366533,31634410.00
20111215,5.41,5.53,5.37,5.41,382500,31908730.00
20111219,5.73,5.73,5.46,5.57,762454,65081124.00
20111220,5.54,5.61,5.49,5.52,431827,36859684.00
20111221,5.59,5.59,5.49,5.49,355136,30185682.00
20111222,5.41,5.54,5.38,5.54,424332,35439180.00
20111223,5.47,5.66,5.46,5.63,298213,25582556.00
20111226,5.58,5.64,5.55,5.60,182225,15650024.00
20111227,5.64,5.64,5.51,5.51,206607,17651214.00
20111228,5.54,5.69,5.54,5.64,424076,36539948.00
20111229,5.64,5.65,5.54,5.59,368384,31542178.00
20111230,5.59,5.66,5.56,5.66,405357,34891188.00
20120104,5.66,5.71,5.33,5.37,735228,61374464.00
20120105,5.27,5.41,5.00,5.29,771741,61462784.00
20120106,5.24,5.27,5.04,5.15,368572,29010590.00
20120109,5.15,5.24,5.05,5.24,496013,39292756.00
20120110,5.23,5.47,5.23,5.47,728655,60285840.00
20120111,5.47,5.52,5.38,5.43,376228,31437430.00
20120112,5.41,5.46,5.38,5.39,252566,20995096.00
20120113,5.41,5.44,5.05,5.05,758132,60545888.00
20120116,5.01,5.01,4.53,4.53,1133000,82715264.00
20120117,4.52,4.74,4.06,4.64,1573097,108724224.00
20120118,4.66,4.66,4.42,4.43,808349,56206788.00
20120119,4.40,4.59,4.24,4.58,882016,60116488.00
20120120,4.54,4.89,4.50,4.84,1209170,87814520.00
20120130,4.91,5.00,4.80,4.94,978158,74229744.00
20120131,4.96,4.96,4.83,4.87,386407,29106316.00
20120201,4.82,4.97,4.81,4.90,599780,45506448.00
20120202,4.95,4.98,4.90,4.98,317588,24174502.00
20120203,4.98,5.06,4.94,5.04,458270,35328092.00
20120206,5.06,5.33,5.06,5.27,734086,59236812.00
20120207,5.27,5.27,5.12,5.20,487794,38790824.00
20120208,5.25,5.71,5.23,5.54,1360438,114600584.00
20120209,5.48,5.67,5.47,5.54,688252,58583100.00
20120210,5.54,5.79,5.51,5.69,835096,72600928.00
20120213,5.68,5.81,5.59,5.69,652625,56925812.00
20120214,5.67,5.72,5.58,5.59,697827,60055444.00
20120216,5.82,6.04,5.63,5.69,1441459,128033528.00
20120217,5.74,5.75,5.51,5.66,1037040,89290928.00
20120220,5.73,6.04,5.65,5.83,1344901,119618000.00
20120221,5.84,6.02,5.79,5.95,650598,59090180.00
20120222,5.96,6.11,5.91,6.11,914129,84642832.00
20120223,6.11,6.15,6.05,6.07,579974,54041708.00
20120224,6.08,6.12,5.93,6.10,746080,68869272.00
20120227,6.12,6.15,6.06,6.07,828499,77356848.00
20120228,6.03,6.03,5.81,5.87,1221185,110491008.00
20120229,6.01,6.14,5.96,6.03,1293311,120137208.00
20120301,6.00,6.04,5.89,5.91,539410,49094580.00
20120302,5.91,6.11,5.91,6.08,697664,64741192.00
20120305,6.08,6.13,5.95,6.00,563635,52033540.00
20120306,5.99,6.00,5.89,5.99,572691,52040600.00
20120307,5.88,6.09,5.87,6.03,570845,52432060.00
20120308,6.06,6.38,6.03,6.38,1172566,112577624.00
20120309,6.38,6.51,6.38,6.41,808218,79645136.00
20120312,6.48,6.78,6.47,6.58,978816,98780928.00
20120313,6.54,6.61,6.45,6.61,637288,63616740.00
20120314,6.66,6.87,6.48,6.57,1919614,196757872.00
20120315,6.54,6.67,6.31,6.44,1003072,98853168.00
20120316,6.44,6.63,6.35,6.59,1085587,108888512.00
20120319,6.62,6.63,6.48,6.51,933726,93093840.00
20120320,6.48,6.48,6.26,6.41,1081567,104689648.00
20120321,6.54,6.54,6.27,6.36,820467,80130568.00
20120322,6.33,6.48,6.30,6.43,425469,41628608.00
20120323,6.38,6.47,6.31,6.33,316694,30911012.00
20120326,6.39,6.39,6.24,6.29,433258,41841752.00
20120327,6.29,6.38,6.25,6.26,354909,34112348.00
20120328,6.24,6.26,6.01,6.02,597177,55962904.00
20120329,5.91,6.02,5.85,5.95,490242,44652576.00
20120330,5.94,5.99,5.91,5.93,242257,22063192.00
20120405,5.74,6.07,5.73,6.05,521264,47279320.00
20120406,6.05,6.31,6.05,6.21,535185,50892800.00
20120409,6.19,6.24,6.08,6.10,305606,28781748.00
20120410,6.08,6.17,5.93,6.13,279739,25964230.00
20120411,6.11,6.24,6.04,6.21,308688,29144622.00
20120412,6.21,6.41,6.21,6.36,420832,40668028.00
20120413,6.41,6.44,6.32,6.36,272589,26634254.00
20120416,6.29,6.46,6.29,6.36,171069,16735543.00
20120417,6.41,6.41,6.30,6.34,195130,18963116.00
20120418,6.40,6.45,6.31,6.39,287774,28219778.00
20120419,6.39,6.61,6.39,6.57,643850,64397784.00
20120420,6.57,6.60,6.39,6.50,810383,80154840.00
20120423,6.46,6.46,6.06,6.09,972001,92291792.00
20120424,6.08,6.22,5.88,5.94,907636,83312776.00
20120425,5.94,6.12,5.91,6.07,658000,60224660.00
20120426,6.10,6.10,5.91,5.92,469109,42847388.00
20120427,5.91,6.02,5.91,5.97,251120,22979940.00
20120502,6.00,6.23,5.99,6.18,802671,75092984.00
20120503,6.19,6.24,6.14,6.23,411005,39028808.00
20120504,6.28,6.50,6.22,6.49,800690,78577480.00
20120507,6.39,6.56,6.38,6.56,842715,83614392.00
20120508,6.78,6.88,6.60,6.68,1276858,130882760.00
20120509,6.68,6.68,6.35,6.47,537227,53662356.00
20120510,6.45,6.57,6.42,6.47,318988,31667352.00
20120511,6.43,6.54,6.43,6.44,296859,29380166.00
20120514,6.54,6.54,6.34,6.36,418226,41019340.00
20120515,6.33,6.39,6.26,6.29,374974,36113828.00
20120516,6.32,6.34,6.21,6.21,254589,24434400.00
20120517,6.20,6.28,6.18,6.26,214475,20567806.00
20120521,6.21,6.24,6.15,6.24,297032,28149922.00
20120522,6.32,6.39,6.26,6.33,336091,32585688.00
20120523,6.34,6.40,6.23,6.28,327028,31523282.00
20120524,6.27,6.27,5.97,6.07,765748,71512344.00
20120525,6.03,6.10,5.45,5.77,779063,69420128.00
20120528,5.77,6.10,5.73,6.09,675682,61188212.00
20120529,6.07,6.54,6.01,6.50,1092632,106434912.00
20120530,6.48,6.63,6.38,6.56,859478,86041152.00
20120531,6.49,6.59,6.43,6.52,552186,54843496.00
20120601,6.54,6.61,6.48,6.51,227833,22699538.00
20120604,6.47,6.50,6.30,6.32,575315,56286424.00
20120605,6.32,6.38,6.32,6.36,303182,29412902.00
20120606,6.38,6.51,6.31,6.36,281611,27543298.00
20120607,6.38,6.54,6.38,6.46,486934,48211000.00
20120608,6.56,6.79,6.47,6.61,1842861,93875464.00
20120611,6.61,6.88,6.52,6.86,1984050,102406240.00
20120612,6.79,7.35,6.75,7.25,3269310,178621712.00
20120613,7.27,7.84,7.27,7.71,4214457,243716928.00
20120614,7.73,7.79,7.47,7.56,2001146,115752496.00
20120615,7.56,7.70,7.39,7.47,1715905,98024576.00
20120618,7.41,7.75,7.41,7.61,2687457,156873168.00
20120619,7.58,7.65,7.36,7.51,1281987,73164232.00
20120620,7.51,7.57,7.19,7.26,1753737,98397304.00
20120621,7.23,7.30,7.07,7.27,1195522,65529516.00
20120625,7.36,7.53,7.31,7.32,1456780,82575096.00
20120626,7.26,7.28,6.96,7.24,1689709,92378440.00
20120627,7.19,7.56,7.19,7.39,1409167,79923080.00
20120628,7.39,7.66,7.32,7.58,1697234,98055360.00
20120629,7.56,7.87,7.47,7.69,1405170,82792920.00
20120702,7.69,7.86,7.52,7.69,2215374,131032080.00
20120703,7.63,7.64,7.40,7.40,2407061,138591392.00
20120704,7.40,7.48,7.17,7.25,1994519,111300288.00
20120705,7.25,7.32,7.13,7.27,758653,42099944.00
20120706,7.27,7.52,7.19,7.51,1279857,72566688.00
20120709,7.47,7.78,7.44,7.65,1982243,116486912.00
20120710,7.60,7.88,7.60,7.72,1950342,115736400.00
20120711,7.70,7.86,7.53,7.82,1539009,91077824.00
20120712,7.82,8.19,7.78,8.12,2280987,140285792.00
20120713,8.12,8.20,8.00,8.15,1381601,85593688.00
20120716,8.15,8.15,7.79,7.83,1320932,80088608.00
20120717,7.82,7.94,7.70,7.86,633207,37775208.00
20120718,7.92,8.11,7.47,7.70,1430922,84518128.00
20120719,7.68,7.77,7.54,7.70,696942,40911084.00
20120720,7.66,7.76,7.60,7.70,481131,28297390.00
20120723,7.61,7.77,7.40,7.42,1662617,95661432.00
20120724,7.33,7.53,7.33,7.47,738145,42042224.00
20120725,7.46,7.62,7.39,7.57,609777,35101404.00
20120726,7.65,7.67,7.55,7.59,992288,57694056.00
20120727,7.59,7.64,7.31,7.35,1212305,68513016.00
20120730,7.32,7.45,7.32,7.36,711017,40173364.00
20120731,7.32,7.42,7.20,7.31,924358,51739648.00
20120801,7.26,7.56,7.26,7.46,1066614,61039020.00
20120802,7.47,7.58,7.15,7.20,1122297,62817996.00
20120803,7.20,7.53,7.20,7.50,1878641,105782416.00
20120806,7.47,7.82,7.43,7.82,1864123,109703496.00
20120807,7.73,8.26,7.73,8.19,2696676,166491392.00
20120808,8.20,8.28,8.07,8.19,1510274,93960760.00
20120809,8.12,8.57,8.12,8.54,1886190,121064632.00
20120810,8.50,8.59,8.41,8.55,1209284,78562384.00
20120813,8.52,8.56,8.20,8.30,1346797,86088328.00
20120814,8.30,8.46,8.08,8.36,1545914,97264584.00
20120815,8.31,8.35,8.13,8.22,953896,59829740.00
20120816,8.16,8.25,7.91,7.95,1233204,75395304.00
20120817,7.95,8.03,7.79,7.86,868282,52271952.00
20120820,7.75,8.03,7.75,7.98,817537,49047412.00
20120821,7.98,8.22,7.91,8.19,1029343,63904028.00
20120822,8.20,8.25,8.04,8.14,622272,38634548.00
20120823,8.15,8.27,7.99,8.02,950404,58660152.00
20120824,7.99,7.99,7.62,7.68,1394656,82331640.00
20120827,7.62,7.71,7.43,7.46,1247149,71675864.00
20120828,7.47,7.62,7.42,7.52,880275,50464904.00
20120829,7.50,7.74,7.42,7.64,725767,42230688.00
20120830,7.70,7.70,7.15,7.27,1066119,59993804.00
20120831,7.28,7.39,7.17,7.28,638025,35329680.00
20120903,7.36,7.62,7.19,7.62,1272155,73040192.00
20120904,7.59,7.65,7.52,7.59,763004,44230824.00
20120905,7.60,7.65,7.51,7.64,476253,27649584.00
20120906,7.66,7.72,7.50,7.60,553419,32084066.00
20120907,7.66,8.19,7.66,8.19,1825119,111456192.00
20120910,8.39,8.43,8.19,8.29,1669170,105286304.00
20120911,8.25,8.25,8.00,8.09,1148836,70835736.00
20120912,8.12,8.25,7.96,8.09,982261,60615852.00
20120913,7.99,8.12,7.89,7.90,1174648,71775248.00
20120914,7.94,7.99,7.65,7.66,1679507,99498728.00
20120917,7.55,7.75,7.52,7.53,1171274,68163928.00
20120918,7.53,7.66,7.47,7.62,788601,45751392.00
20120919,7.62,7.66,7.52,7.57,812078,46904056.00
20120920,7.53,7.54,7.32,7.32,1197074,67433968.00
20120921,7.25,7.36,7.23,7.32,853881,47646536.00
20120924,7.29,7.64,7.21,7.52,1028304,58610032.00
20120925,7.52,7.75,7.52,7.57,1024553,59963168.00
20120926,7.64,7.64,7.35,7.36,446100,25489536.00
20120927,7.36,7.64,7.33,7.56,816010,46972468.00
20120928,7.51,7.79,7.51,7.75,1249323,73150504.00
20121008,7.77,7.97,7.75,7.77,1167134,69997824.00
20121009,7.78,8.09,7.78,8.07,1432468,87444840.00
20121010,8.06,8.06,7.94,8.02,1032409,63060276.00
20121011,8.02,8.03,7.62,7.65,1735612,103100368.00
20121012,7.74,7.74,7.20,7.25,4102948,231242688.00
20121015,7.25,7.28,6.88,6.94,3140950,169062208.00
20121016,6.94,7.17,6.94,6.99,2919105,157451376.00
20121017,7.04,7.23,7.04,7.21,2113716,115403840.00
20121018,7.21,7.39,7.21,7.36,1426016,79872536.00
20121019,7.36,7.36,7.18,7.24,1014392,56304172.00
20121022,7.20,7.20,7.01,7.15,1184111,64254768.00
20121023,7.20,7.33,7.16,7.22,1543993,85741816.00
20121024,7.15,7.27,7.12,7.23,757736,41841396.00
20121025,7.17,7.24,7.15,7.23,1054878,58174532.00
20121026,7.19,7.23,6.98,7.08,1108463,60130396.00
20121029,7.08,7.11,7.00,7.04,1120492,60462656.00
20121030,7.06,7.12,6.99,7.06,651628,35149008.00
20121031,7.09,7.11,7.06,7.07,482983,26121510.00
20121101,7.11,7.22,6.99,7.22,1450791,79104384.00
20121102,7.22,7.22,6.99,7.11,1408225,76354616.00
20121105,7.06,7.10,7.02,7.05,613859,33154582.00
20121106,7.05,7.12,6.90,6.97,791534,42220440.00
20121107,6.99,7.01,6.86,6.89,890638,47064432.00
20121108,6.86,6.86,6.70,6.70,1035123,53455348.00
20121109,6.69,6.79,6.62,6.62,1007139,51367856.00
20121112,6.66,6.90,6.66,6.76,976322,50596184.00
20121113,6.72,6.87,6.69,6.82,1014202,52749216.00
20121114,6.88,6.89,6.76,6.79,729850,38119648.00
20121115,6.72,6.92,6.66,6.84,843403,44301748.00
20121116,6.84,6.86,6.63,6.75,440642,22738804.00
20121119,6.75,6.78,6.53,6.65,593373,30241368.00
20121120,6.68,6.71,6.59,6.59,433611,22079856.00
20121121,6.59,6.69,6.58,6.68,501266,25441930.00
20121122,6.66,6.66,6.40,6.44,753520,37561240.00
20121123,6.44,6.57,6.42,6.51,432835,21498956.00
20121126,6.38,6.51,6.09,6.11,1346279,64667752.00
20121127,6.08,6.38,5.81,6.24,1397042,64451364.00
20121128,6.16,6.34,6.16,6.28,783461,37744048.00
20121129,6.29,6.37,6.26,6.33,491145,23855976.00
20121130,6.33,6.55,6.26,6.53,850750,42011308.00
20121203,6.48,6.79,6.48,6.59,1190235,61077476.00
20121204,6.56,6.68,6.53,6.65,749086,37898744.00
20121205,6.64,6.95,6.60,6.83,1429677,74789536.00
20121206,6.92,7.04,6.73,6.78,951981,50169444.00
20121207,6.87,6.92,6.76,6.90,947932,49689396.00
20121210,6.90,7.08,6.90,7.05,1420318,76361440.00
20121211,7.06,7.06,6.91,6.93,679072,36216668.00
20121212,6.93,7.03,6.85,7.03,745821,39580328.00
20121213,6.98,7.02,6.88,6.97,610819,32399566.00
20121214,6.96,7.36,6.94,7.28,1688163,92816728.00
20121217,7.28,7.39,7.18,7.19,1328354,74101104.00
20121218,7.15,7.21,7.03,7.04,995354,54308540.00
20121219,7.03,7.05,6.89,7.04,1853857,98501304.00
20121220,7.02,7.35,6.95,7.28,1254608,68690568.00
20121221,7.32,7.39,7.19,7.24,1240123,69086048.00
20121224,7.22,7.32,7.14,7.22,821672,45394692.00
20121225,7.19,7.60,7.16,7.50,2409385,137523200.00
20121226,7.48,7.79,7.43,7.68,1903255,111095896.00
20121227,7.86,8.02,7.67,7.80,2795922,167036464.00
20121228,7.86,8.07,7.70,8.05,2386734,144188048.00
20121231,8.05,8.22,7.96,8.22,3158989,195645504.00
20130104,8.23,8.30,7.62,7.64,4239512,251863136.00
20130107,7.60,7.64,7.37,7.63,1426325,81978968.00
20130108,7.58,7.82,7.56,7.70,1419727,83665760.00
20130109,7.68,7.92,7.65,7.76,1331454,79339728.00
20130110,7.76,7.78,7.57,7.59,1426007,83309528.00
20130111,7.56,7.62,7.40,7.41,1726288,99038864.00
20130114,7.41,7.87,7.39,7.85,1872544,109987192.00
20130115,7.92,8.16,7.92,8.03,2985585,184299472.00
20130116,8.03,8.11,7.73,7.93,1528315,92079120.00
20130117,7.86,8.02,7.80,7.85,742996,44715436.00
20130118,7.89,8.14,7.74,8.09,1898368,115639048.00
20130121,8.09,8.34,8.07,8.29,2690323,169329872.00
20130122,8.35,8.35,7.91,8.01,1583066,97761560.00
20130123,7.99,8.19,7.93,8.16,1224954,75871584.00
20130124,8.12,8.27,7.80,8.01,1926255,119170256.00
20130125,7.99,8.26,7.95,8.20,1233100,76936792.00
20130128,8.24,8.47,8.15,8.43,1552467,98780800.00
20130129,8.45,9.10,8.40,8.90,2771547,186071408.00
20130130,8.90,8.99,8.79,8.86,1433625,97373384.00
20130131,8.86,8.92,8.64,8.92,1133297,75903992.00
20130201,8.86,8.99,8.76,8.93,1633226,110670848.00
20130204,8.95,9.24,8.76,8.77,1456091,100176016.00
20130205,8.75,8.84,8.58,8.84,1582116,105459320.00
20130206,8.79,9.26,8.69,9.14,1570679,109171352.00
20130207,9.14,10.06,9.14,9.95,2483656,182899968.00
20130208,9.99,10.56,9.99,10.12,2189313,170576832.00
20130218,10.26,10.70,10.14,10.31,2040392,161303392.00
20130219,10.32,10.50,9.75,9.79,2597227,197074288.00
20130220,9.75,10.37,9.72,10.07,1978804,152047504.00
20130221,10.06,10.06,9.70,9.75,1853359,138636944.00
20130222,9.72,9.93,9.68,9.76,904435,67615144.00
20130225,9.76,10.07,9.72,9.93,1254650,94890264.00
20130226,9.82,10.07,9.59,9.63,1477678,110771600.00
20130227,9.66,9.90,9.44,9.70,984347,72613592.00
20130228,9.71,9.95,9.39,9.92,2335819,172133392.00
20130301,9.86,10.06,9.84,10.05,1656494,125587000.00
20130304,9.77,9.90,9.12,9.25,4453788,320916320.00
20130305,9.25,9.51,9.19,9.47,2141269,152348256.00
20130306,9.50,9.65,9.46,9.49,1267995,91969552.00
20130307,9.46,9.46,8.93,9.01,2386577,166433312.00
20130308,9.04,9.22,8.99,9.14,2560842,177700320.00
20130311,9.13,9.23,8.99,9.15,2036128,142270960.00
20130312,9.07,9.17,8.55,8.78,1901567,128211576.00
20130313,8.91,9.06,8.80,8.86,1424650,96567976.00
20130314,8.86,9.32,8.81,9.32,1785568,124449896.00
20130315,9.29,9.68,9.19,9.42,2132031,153207584.00
20130318,9.35,9.51,9.04,9.07,1790758,125832688.00
20130319,9.08,9.18,8.77,9.01,1579738,107999736.00
20130320,8.99,9.51,8.97,9.50,2032157,143781504.00
20130321,9.45,9.62,9.39,9.47,1567088,113594200.00
20130322,9.47,9.53,9.32,9.37,980866,70374832.00
20130325,9.38,9.65,9.37,9.65,1604214,116582376.00
20130326,9.52,9.64,9.36,9.63,1418075,102397952.00
20130327,9.64,9.79,9.44,9.47,1139248,83091832.00
20130328,9.38,9.67,9.19,9.47,2206813,158891776.00
20130329,9.63,10.31,9.57,10.31,4335513,332723104.00
20130401,10.19,10.52,10.13,10.30,2210275,173925936.00
20130402,10.13,10.36,9.82,9.94,2156301,165011824.00
20130403,9.94,10.21,9.76,9.87,1777428,134125432.00
20130408,9.74,10.20,9.66,10.15,1851405,140119088.00
20130409,10.16,10.71,10.15,10.52,2767589,221471504.00
20130410,10.47,10.79,10.43,10.54,1528935,123118176.00
20130411,10.70,10.72,10.32,10.46,1403867,111405848.00
20130412,10.36,10.65,10.36,10.39,542816,43119568.00
20130415,10.40,10.77,10.40,10.60,1764696,142232384.00
20130416,10.61,10.93,10.60,10.92,1927146,157860432.00
20130417,10.93,11.15,10.76,11.03,1125777,93658544.00
20130418,11.30,11.30,10.92,10.98,1398465,118612200.00
20130419,11.00,11.67,11.00,11.52,2709403,236014704.00
20130422,11.50,11.78,11.39,11.65,2255671,198658448.00
20130423,11.55,11.65,11.04,11.15,2251784,193766848.00
20130424,11.18,11.45,10.93,11.43,2395101,203673424.00
20130425,11.32,11.32,10.87,10.93,2080057,174921424.00
20130426,10.93,11.04,10.68,10.82,1409520,115576392.00
20130502,10.82,11.31,10.75,11.24,1657391,140583280.00
20130503,11.30,11.54,11.22,11.26,1441587,124083112.00
20130506,11.27,11.42,10.99,11.07,1887880,159488736.00
20130507,11.07,11.35,11.06,11.18,1061239,90195536.00
20130508,11.19,11.39,11.16,11.35,1230115,105416112.00
20130509,11.39,11.39,10.94,11.02,1964661,165158688.00
20130510,11.02,11.19,10.77,11.02,1507035,125644256.00
20130513,11.00,11.02,10.83,10.86,755435,62566264.00
20130514,10.88,10.96,10.52,10.55,2059894,166614416.00
20130515,10.57,11.08,10.56,11.06,2258677,184544976.00
20130516,11.07,11.52,10.95,11.34,2425659,208131664.00
20130517,11.34,11.86,11.23,11.78,2304563,203382544.00
20130520,11.98,12.65,11.79,12.42,2722339,255288880.00
20130521,12.47,12.59,12.20,12.52,1639669,155162032.00
20130522,12.69,12.90,12.19,12.44,4971275,234972752.00
20130523,12.42,12.43,12.01,12.05,3996122,184273520.00
20130524,12.02,12.42,12.02,12.32,3758703,174580336.00
20130527,12.16,12.28,11.86,12.06,5651387,257765056.00
20130528,12.06,12.31,11.90,12.23,3264461,150473728.00
20130529,12.21,12.39,11.81,11.90,5492293,248597088.00
20130530,11.90,11.96,11.70,11.83,3364879,150144896.00
20130531,11.82,12.25,11.78,11.93,3727833,170088816.00
20130603,11.93,12.12,11.81,11.91,2018600,91191832.00
20130604,11.86,11.89,11.07,11.35,5282155,226627872.00
20130605,11.22,11.39,10.83,11.31,2248248,95131104.00
20130606,11.30,11.30,10.82,10.90,2502187,104518120.00
20130607,10.90,11.20,10.86,10.98,2129690,88791128.00
20130613,10.55,10.76,10.45,10.62,2581798,103729128.00
20130614,10.62,11.15,10.58,11.04,2966889,122311904.00
20130617,11.04,11.22,10.93,11.17,2485647,104278880.00
20130618,11.17,11.54,11.06,11.25,2489661,106785320.00
20130619,11.19,11.22,10.83,10.99,2498552,103635608.00
20130620,10.87,11.08,10.61,10.61,2266983,92667704.00
20130621,10.42,10.65,10.18,10.59,1824073,72079608.00
20130624,10.44,10.55,9.52,9.52,5647045,209364144.00
20130625,9.23,9.34,8.55,8.86,10269737,344809472.00
20130626,9.18,9.53,9.15,9.48,6153787,217865008.00
20130627,9.76,10.18,9.71,9.74,6159852,231653408.00
20130628,9.62,10.42,9.47,10.10,5314465,203536864.00
20130701,10.07,10.26,9.74,10.12,3595821,136151056.00
20130702,10.07,10.13,9.81,10.03,3458573,131022576.00
20130703,10.02,10.02,9.63,9.70,5168040,191038816.00
20130704,9.51,9.89,9.49,9.60,3503488,129471560.00
20130705,9.65,10.15,9.61,9.84,5331767,201919920.00
20130708,9.73,9.73,9.30,9.30,4510348,161756960.00
20130709,9.75,10.07,9.55,10.06,7763372,290647584.00
20130710,10.26,10.26,9.50,9.84,6894021,256525440.00
20130711,9.86,10.62,9.81,10.62,8948625,347811264.00
20130712,10.47,10.86,10.37,10.61,4828381,194363328.00
20130715,10.66,10.99,10.55,10.95,3758679,154274256.00
20130716,10.98,10.98,10.55,10.87,4751525,192983552.00
20130717,10.83,10.83,10.55,10.60,3363380,136000576.00
20130718,10.55,10.63,10.35,10.39,2663815,105472920.00
20130719,10.39,10.73,10.18,10.26,3952170,156713760.00
20130722,10.11,10.33,9.94,10.21,3768358,143889056.00
20130723,10.22,10.58,10.22,10.44,3498492,138351392.00
20130724,10.42,10.42,9.97,10.13,5459882,209952272.00
20130725,10.16,10.32,9.76,9.79,5184246,194743200.00
20130726,9.73,9.85,9.43,9.70,3012659,110369416.00
20130729,9.49,9.49,8.72,8.81,9887561,333867744.00
20130730,8.81,8.81,8.28,8.47,6086292,197698720.00
20130731,8.55,8.90,8.50,8.53,4779246,156544256.00
20130801,8.52,8.83,8.08,8.80,11645326,371300192.00
20130802,8.78,9.05,8.69,8.84,9399180,318311328.00
20130805,8.78,8.95,8.71,8.90,5561117,187412288.00
20130806,8.89,8.93,8.74,8.91,6056431,203602992.00
20130807,9.12,9.40,9.12,9.30,10231500,359687328.00
20130808,9.30,9.54,9.18,9.37,6006858,214769024.00
20130809,9.45,9.46,8.96,9.06,6640420,230387600.00
20130812,9.10,9.18,8.88,9.09,6476722,221107232.00
20130813,9.09,9.09,8.94,9.03,3395359,116131800.00
20130814,9.04,9.13,8.87,8.93,4059591,138219632.00
20130815,8.82,8.89,8.53,8.60,6853663,225128912.00
20130816,8.55,8.71,8.43,8.46,4120053,133529848.00
20130819,8.39,8.57,8.29,8.53,3952135,127409048.00
20130820,8.53,8.66,8.42,8.46,3097685,100381344.00
20130821,8.41,8.50,8.37,8.48,2320458,74514528.00
20130822,8.49,8.55,8.42,8.43,2925945,94287144.00
20130823,8.47,8.53,8.17,8.31,5033140,159465728.00
20130826,8.15,8.58,8.10,8.55,9266412,293983392.00
20130827,8.56,8.65,8.41,8.48,4630065,149620976.00
20130828,8.40,8.42,8.19,8.22,5549955,174720768.00
20130829,8.20,8.31,8.13,8.17,4062714,126306160.00
20130830,8.23,8.39,8.12,8.19,4881509,153532992.00
20130902,8.22,8.35,7.99,8.24,5150978,160266624.00
20130903,8.27,8.63,8.24,8.62,8507912,275571648.00
20130904,8.64,8.99,8.64,8.95,10199632,341724032.00
20130905,8.95,9.01,8.78,8.82,8128084,274627296.00
20130906,8.84,8.89,8.64,8.80,6257156,208033264.00
20130909,8.90,9.05,8.78,8.85,5725485,193065664.00
20130910,8.87,8.90,8.67,8.76,5626685,186706816.00
20130911,8.74,8.76,8.47,8.57,5301685,173022048.00
20130912,8.58,8.75,8.45,8.63,5011462,163419488.00
20130913,8.66,8.74,8.58,8.68,3912707,129047904.00
20130916,8.69,8.74,8.62,8.68,3802816,125495800.00
20130917,8.79,9.05,8.74,8.89,8308313,282173312.00
20130918,8.88,8.90,8.60,8.78,4549710,151378784.00
20130923,8.78,9.04,8.67,8.98,5713473,193108656.00
20130924,8.98,9.03,8.81,8.88,3678646,124490312.00
20130925,8.90,8.95,8.63,8.64,4289428,143067728.00
20130926,8.63,8.63,8.27,8.33,6798420,216601776.00
20130927,8.34,8.42,8.19,8.24,3624325,114010752.00
20130930,8.25,8.31,8.16,8.23,2874750,89711032.00
20131008,8.29,8.55,8.23,8.55,4032422,128815088.00
20131009,8.55,8.60,8.43,8.53,3339458,107830808.00
20131010,8.64,8.66,8.39,8.44,3241798,105038720.00
20131011,8.53,8.58,8.46,8.49,3617638,116887744.00
20131014,8.51,8.91,8.51,8.83,7015116,233525664.00
20131015,8.86,8.86,8.63,8.79,5049604,167604208.00
20131016,8.77,8.79,8.29,8.42,5863684,189165312.00
20131017,8.52,9.09,8.43,8.94,11346757,380787904.00
20131018,8.95,9.46,8.95,9.32,11989785,422527264.00
20131021,9.34,9.93,9.19,9.79,13203421,479928032.00
20131022,9.79,10.25,9.63,9.82,12006790,453685664.00
20131023,9.81,10.02,9.38,9.52,8340984,304941184.00
20131024,9.46,9.70,9.36,9.41,5663288,203630320.00
20131025,9.38,9.59,9.31,9.45,5621674,201500544.00
20131028,8.98,9.43,8.95,9.09,6368459,220021808.00
20131029,9.09,9.21,8.42,8.74,5946516,199119984.00
20131030,8.69,8.99,8.66,8.92,3761749,126649664.00
20131031,9.02,9.03,8.58,8.58,4833003,161585152.00
20131101,8.42,8.71,8.33,8.59,4071185,130839936.00
20131104,8.74,8.90,8.63,8.69,3302250,109792536.00
20131105,8.63,8.95,8.48,8.91,3852484,127587088.00
20131106,8.92,9.15,8.77,8.94,5328101,181876464.00
20131107,9.12,9.21,8.99,9.11,5860325,201945392.00
20131108,9.07,9.21,8.91,8.91,3456693,118569384.00
20131111,8.94,8.98,8.64,8.74,3714493,123371224.00
20131112,8.74,8.90,8.69,8.80,2421523,80986328.00
20131113,8.85,9.00,8.66,8.71,4779194,159950720.00
20131114,8.62,8.84,8.47,8.79,4830881,159088128.00
20131115,8.82,9.17,8.81,9.15,7563792,257864496.00
20131118,9.25,9.33,9.15,9.24,8124865,285105440.00
20131119,9.27,9.27,9.12,9.20,5341978,186242640.00
20131120,9.28,9.53,9.28,9.38,7736504,275838720.00
20131121,9.35,9.35,9.13,9.21,4978738,174112368.00
20131122,9.22,9.30,9.11,9.11,3234043,112557512.00
20131125,9.02,9.13,8.92,8.97,4212684,144245664.00
20131126,8.94,8.99,8.85,8.91,3657505,123732424.00
20131127,8.85,9.01,8.77,8.97,6684540,226235744.00
20131128,8.99,9.11,8.92,9.01,6041727,207205856.00
20131129,9.02,9.06,8.90,8.95,4778675,162616544.00
20131202,8.59,8.75,8.28,8.38,9785832,316720608.00
20131203,8.29,8.54,8.26,8.53,4643161,148541376.00
20131204,8.54,8.74,8.54,8.67,5538882,181980864.00
20131205,8.67,8.69,8.50,8.56,3067168,100044544.00
20131206,8.59,9.37,8.59,9.17,13727642,473595936.00
20131209,9.17,9.33,9.04,9.25,10734534,375223136.00
20131210,9.22,9.31,9.00,9.03,7656765,264775024.00
20131211,9.02,9.19,8.98,9.10,5425066,187399392.00
20131212,9.14,9.33,9.12,9.15,6276685,219519296.00
20131213,9.06,9.21,8.96,9.21,5759479,199267632.00
20131216,9.21,9.25,8.45,8.50,14839732,488384960.00
20131217,8.41,8.72,8.37,8.55,6285641,204957808.00
20131218,8.53,8.55,8.39,8.51,3205433,103343496.00
20131219,8.67,8.85,8.42,8.45,7640343,250694992.00
20131220,8.46,8.53,8.39,8.42,4200961,134481776.00
20131223,8.41,8.49,8.25,8.37,3647945,115717912.00
20131224,8.33,8.45,8.29,8.39,3281970,104552712.00
20131226,8.75,8.90,8.53,8.53,7743705,255428768.00
20131227,8.47,8.69,8.45,8.65,4702443,153806928.00
20131230,8.68,8.72,8.58,8.65,5320527,175043728.00
20131231,8.58,8.64,8.53,8.56,3743131,122032144.00
20140102,8.57,8.66,8.53,8.60,2577704,84287256.00
20140103,8.61,8.62,8.26,8.29,8997525,286180160.00
20140106,8.29,8.31,8.01,8.07,5503637,169395216.00
20140107,8.02,8.13,7.98,8.07,3238186,99262832.00
20140108,8.07,8.17,7.85,8.04,7472357,226973712.00
20140109,7.98,8.01,7.87,7.87,4406328,132624408.00
20140110,7.83,7.83,7.57,7.61,4623526,134775776.00
20140113,7.59,7.67,7.35,7.35,5238488,148760384.00
20140114,7.37,7.52,7.22,7.51,5298131,148477184.00
20140115,7.47,7.53,7.30,7.35,4622029,129958440.00
20140116,7.37,7.48,7.36,7.44,3592794,101692272.00
20140117,7.46,7.46,7.25,7.26,3699985,103037768.00
20140120,7.25,7.40,7.12,7.31,2473497,68667048.00
20140121,7.33,7.43,7.32,7.36,2636318,74030912.00
20140122,7.37,7.73,7.37,7.71,6007110,173233552.00
20140123,7.73,7.73,7.54,7.60,4573961,132738928.00
20140124,7.59,7.74,7.54,7.67,3759772,109727496.00
20140127,7.67,7.70,7.35,7.35,6399718,182045936.00
20140128,7.34,7.42,7.28,7.37,3045129,85013712.00
20140129,7.38,7.42,7.31,7.35,3179833,89131712.00
20140130,7.37,7.40,7.17,7.20,3243185,89425856.00
20140207,7.11,7.31,7.11,7.31,3267036,89613352.00
20140210,7.33,7.66,7.33,7.65,6510451,187870288.00
20140211,7.62,7.84,7.59,7.66,6355724,186551232.00
20140212,7.74,7.93,7.73,7.81,7424032,220751616.00
20140213,7.80,7.83,7.62,7.63,5856187,171616480.00
20140214,7.70,7.82,7.66,7.79,5364318,158584784.00
20140217,7.86,7.98,7.84,7.93,7687775,231139872.00
20140218,7.99,8.10,7.84,8.08,8357471,253898560.00
20140219,8.13,8.13,7.85,7.88,7447864,224811904.00
20140220,7.91,8.02,7.71,7.71,5801780,171996256.00
20140221,7.71,7.80,7.60,7.66,4927081,143936480.00
20140224,7.62,7.62,7.31,7.33,8280032,233211312.00
20140225,7.35,7.41,6.99,7.05,9470597,260232064.00
20140226,6.99,7.09,6.86,7.06,5129296,136456576.00
20140227,7.10,7.21,6.95,6.97,4676283,126191176.00
20140228,6.98,7.11,6.94,7.09,3393489,90849184.00
20140303,7.11,7.33,7.09,7.30,5883921,160786752.00
20140304,7.29,7.29,7.15,7.19,5903307,161716992.00
20140305,7.19,7.22,7.02,7.04,4812535,130043880.00
20140306,7.06,7.06,6.91,7.02,4230576,112514376.00
20140307,7.02,7.17,6.98,7.03,3359639,90172912.00
20140310,7.03,7.03,6.77,6.79,4044351,106159424.00
20140311,6.77,6.82,6.66,6.76,3707354,95381912.00
20140312,6.75,7.23,6.70,7.19,9999735,268385392.00
20140313,7.17,7.25,7.09,7.15,6416147,174892320.00
20140314,7.13,7.13,6.97,6.98,3969799,106210312.00
20140317,7.02,7.11,6.99,7.09,3857739,103751912.00
20140318,7.14,7.14,6.99,7.02,3851965,103670752.00
20140319,7.02,7.02,6.81,6.91,3834083,100624656.00
20140320,6.87,6.95,6.77,6.77,3645333,95500280.00
20140321,6.73,6.93,6.66,6.91,4388741,113741304.00
20140324,6.91,7.19,6.86,7.13,7729812,206619088.00
20140325,7.19,7.19,7.05,7.12,5781856,156758160.00
20140326,7.14,7.15,7.05,7.06,3742246,101171280.00
20140327,7.06,7.08,6.84,6.86,3795931,100307064.00
20140328,6.89,6.89,6.62,6.69,5640264,144729184.00
20140331,6.16,6.49,6.01,6.02,11916149,277537984.00
20140401,6.00,6.14,6.00,6.09,4341873,101116432.00
20140402,6.08,6.15,6.03,6.12,3412209,79458976.00
20140403,6.13,6.20,6.09,6.10,3123623,73247936.00
20140404,6.13,6.16,6.05,6.16,2434273,56920308.00
20140408,6.16,6.25,6.14,6.25,4095799,97062736.00
20140409,6.23,6.52,6.23,6.42,5921839,145058272.00
20140410,6.44,6.52,6.37,6.40,4744762,116425296.00
20140411,6.41,6.53,6.41,6.49,5092634,125791656.00
20140414,6.49,6.52,6.42,6.50,3022457,74456640.00
20140415,6.50,6.60,6.44,6.50,4200814,104666176.00
20140416,6.49,6.75,6.41,6.69,9257669,233941824.00
20140417,6.81,7.02,6.77,6.82,8166755,214550832.00
20140418,6.81,6.89,6.74,6.82,4218398,109769912.00
20140421,6.74,6.95,6.71,6.80,4580990,119844224.00
20140422,6.77,7.00,6.63,6.98,7445120,193317408.00
20140423,6.95,7.04,6.78,6.86,4457433,117217880.00
20140424,6.87,6.92,6.69,6.69,3579792,92483040.00
20140425,6.70,6.79,6.60,6.71,4157924,106272712.00
20140428,6.73,6.73,6.50,6.50,3654505,91487008.00
20140429,6.49,6.54,6.40,6.50,2722592,67185416.00
20140430,6.51,6.66,6.49,6.58,2092037,52472056.00
20140505,6.58,6.65,6.53,6.61,2548852,64140512.00
20140506,6.63,6.87,6.62,6.82,3604469,93024456.00
20140507,6.82,6.82,6.68,6.68,2434029,62499944.00
20140508,6.66,6.79,6.60,6.61,2258744,57488080.00
20140509,6.62,6.65,6.40,6.50,2578182,63860388.00
20140512,6.54,6.67,6.45,6.64,3421370,85587224.00
20140513,6.64,6.67,6.47,6.50,2833565,70811320.00
20140514,6.50,6.54,6.47,6.53,1478560,36734936.00
20140515,6.53,6.63,6.41,6.58,3539570,87951656.00
20140516,6.57,6.62,6.48,6.51,2440349,60930112.00
20140519,6.51,6.51,6.29,6.42,3718286,90489272.00
20140520,6.47,6.51,6.34,6.42,2565101,62810084.00
20140521,6.42,6.46,6.32,6.43,1219848,29756472.00
20140522,6.45,6.52,6.38,6.43,1646833,40511056.00
20140523,6.43,6.45,6.37,6.43,1143538,27954334.00
20140526,6.50,6.51,6.45,6.48,1419791,35079996.00
20140527,6.48,6.51,6.45,6.46,1302188,32172514.00
20140528,6.45,6.52,6.42,6.52,1905653,47113384.00
20140529,6.50,6.55,6.39,6.42,2081324,51339740.00
20140530,6.42,6.42,6.33,6.42,1721415,41927976.00
20140603,6.43,6.43,6.37,6.43,1714613,41906220.00
20140604,6.42,6.43,6.30,6.35,1556223,37748836.00
20140605,6.41,6.46,6.35,6.45,1675949,41029800.00
20140606,6.45,6.47,6.33,6.34,1684375,40952652.00
20140609,6.32,6.33,6.21,6.29,3018923,72211872.00
20140610,6.27,6.38,6.25,6.37,1597051,38576364.00
20140611,6.37,6.47,6.37,6.41,2256751,55345276.00
20140612,6.39,6.44,6.37,6.39,1527095,37272360.00
20140613,6.35,6.51,6.35,6.48,3470067,85413616.00
20140616,6.49,6.62,6.47,6.56,3376893,84603984.00
20140617,6.55,6.67,6.55,6.56,2980476,75115600.00
20140618,6.55,6.59,6.47,6.48,1975035,49167144.00
20140619,6.55,6.77,6.54,6.65,7029349,178917088.00
20140620,6.64,6.65,6.52,6.61,2980303,74879360.00
20140623,6.61,6.75,6.54,6.56,4807914,80712640.00
20140624,6.56,6.56,6.46,6.53,2983614,49169284.00
20140625,6.52,6.55,6.43,6.46,2731860,44729136.00
20140626,6.45,6.58,6.42,6.54,3463345,57264856.00
20140627,6.53,6.57,6.46,6.53,3467771,57205292.00
20140630,6.48,6.54,6.44,6.52,4082883,67116320.00
20140701,6.54,6.80,6.52,6.73,7791340,131850872.00
20140702,6.72,6.79,6.66,6.76,4655501,79319344.00
20140703,6.76,6.77,6.69,6.72,3559875,60636076.00
20140704,6.72,6.81,6.64,6.73,6805770,115902232.00
20140707,6.74,6.86,6.73,6.83,5660862,97511008.00
20140708,6.84,6.94,6.74,6.93,7176931,124631672.00
20140709,6.88,7.03,6.76,6.78,7116223,124035216.00
20140710,6.76,6.86,6.70,6.71,4722826,80841976.00
20140711,6.69,6.78,6.68,6.71,3338544,56769000.00
20140714,6.71,6.77,6.68,6.73,3796291,64580116.00
20140715,6.73,6.73,6.57,6.58,5928740,99390176.00
20140716,6.56,6.64,6.49,6.53,3819824,63324524.00
20140717,6.52,6.56,6.49,6.52,1933820,31880290.00
20140718,6.50,6.64,6.48,6.56,2390634,39724308.00
20140721,6.56,6.59,6.49,6.51,2029464,33461698.00
20140722,6.50,6.60,6.50,6.56,3063235,50843220.00
20140723,6.56,6.58,6.48,6.49,3709980,61199860.00
20140724,6.46,6.52,6.43,6.45,4119017,67287504.00
20140725,6.47,6.54,6.46,6.52,3067308,50491968.00
20140728,6.54,6.70,6.54,6.67,6634236,111544144.00
20140729,6.68,6.84,6.65,6.71,7189685,122521504.00
20140730,6.72,6.73,6.66,6.73,4610843,78161072.00
20140731,6.73,6.78,6.70,6.78,4374569,74597136.00
20140801,6.76,6.81,6.68,6.68,6955159,118810520.00
20140804,6.71,6.78,6.69,6.77,7407904,126067568.00
20140805,6.78,6.80,6.70,6.76,6587673,112460560.00
20140806,6.75,7.00,6.72,6.98,21889374,381895424.00
20140807,6.93,7.07,6.89,6.91,13647991,240723008.00
20140808,6.91,6.96,6.83,6.89,6941875,120826184.00
20140811,6.90,6.99,6.87,6.98,8085531,141673168.00
20140812,6.98,7.15,6.89,7.06,12699538,225180064.00
20140813,7.08,7.32,6.98,7.25,18418874,335779488.00
20140814,7.24,7.29,7.16,7.16,8951350,163244000.00
20140815,7.19,7.27,7.15,7.20,8646616,157259440.00
20140818,7.23,7.44,7.14,7.38,14361047,264438176.00
20140819,7.30,7.38,7.26,7.32,10176870,188214736.00
20140820,7.30,7.36,7.26,7.27,6296928,116211136.00
20140821,7.25,7.27,7.03,7.08,10894638,196037648.00
20140822,7.09,7.18,7.09,7.14,5983854,107933736.00
20140825,7.24,7.28,7.14,7.17,7477884,136469056.00
20140826,7.16,7.23,6.98,7.02,6751513,121291848.00
20140827,6.98,7.04,6.97,6.98,4527253,80090640.00
20140828,7.00,7.24,6.90,7.15,9854496,175922432.00
20140829,7.08,7.20,7.04,7.16,5583477,100581536.00
20140901,7.16,7.25,7.15,7.23,6412609,117016680.00
20140902,7.24,7.29,7.19,7.27,8928087,163451792.00
20140903,7.29,7.34,7.23,7.27,9780412,180008736.00
20140904,7.27,7.31,7.20,7.28,9217763,169212800.00
20140905,7.29,7.32,7.24,7.27,7362016,135217280.00
20140909,7.27,7.32,7.23,7.32,9421757,173226672.00
20140910,7.32,7.42,7.28,7.42,11291329,209739696.00
20140911,7.43,7.57,7.32,7.34,16101048,303250848.00
20140912,7.32,7.38,7.28,7.38,7134515,132174048.00
20140915,7.37,7.62,7.32,7.54,13986696,265228736.00
20140916,7.58,7.61,7.24,7.25,11493501,215805456.00
20140917,7.24,7.32,7.20,7.27,6542538,119862496.00
20140918,7.25,7.34,7.16,7.32,7512302,137657904.00
20140922,7.48,7.60,7.32,7.33,12127481,228308352.00
20140923,7.32,7.38,7.28,7.35,5837482,108196912.00
20140924,7.29,7.48,7.29,7.43,8608870,161256928.00
20140925,7.43,7.49,7.36,7.38,7858544,147375328.00
20140926,7.34,7.40,7.26,7.29,6234203,115337656.00
20140929,7.42,7.43,7.31,7.35,7622363,141656496.00
20140930,7.38,7.49,7.35,7.45,9415955,176817280.00
20141008,7.47,7.67,7.40,7.62,13214959,252479824.00
20141009,7.63,7.71,7.53,7.62,11858718,228072496.00
20141010,7.56,7.65,7.54,7.60,7739069,148558368.00
20141013,7.60,7.64,7.47,7.54,8365169,159091232.00
20141014,7.54,7.56,7.40,7.43,7191435,135966736.00
20141015,7.12,7.16,6.94,6.97,26536261,470616160.00
20141016,6.96,7.06,6.88,6.88,12425874,219067104.00
20141017,6.88,6.94,6.68,6.81,9139584,157467792.00
20141020,6.85,6.87,6.76,6.85,7232092,124702144.00
20141021,6.88,6.97,6.85,6.91,8214783,143690160.00
20141022,6.89,6.93,6.78,6.78,6046520,104583312.00
20141023,6.78,6.82,6.66,6.68,6548855,111641224.00
20141024,6.68,6.72,6.64,6.72,4785050,80917104.00
20141027,6.70,6.82,6.64,6.82,5017827,85953968.00
20141028,6.82,6.89,6.79,6.88,10207071,176184704.00
20141029,6.89,6.91,6.82,6.87,10501987,182008400.00
20141030,6.85,6.87,6.74,6.77,11393484,195922112.00
20141031,6.70,6.74,6.54,6.59,21320708,356743456.00
20141103,6.58,6.74,6.56,6.72,13948793,234670736.00
20141104,6.73,6.76,6.60,6.66,7855556,132418824.00
20141105,6.74,6.74,6.66,6.70,7134110,120867576.00
20141106,6.71,6.80,6.64,6.79,10391193,177105664.00
20141107,6.78,6.80,6.65,6.68,7707005,131584256.00
20141110,6.67,6.70,6.56,6.66,8926161,149331184.00
20141111,6.68,6.76,6.52,6.59,10191060,171515520.00
20141112,6.58,6.66,6.53,6.64,4538653,75861480.00
20141113,6.64,6.67,6.54,6.57,6957701,115922232.00
20141114,6.56,6.63,6.54,6.60,5677952,94537552.00
20141117,6.56,6.70,6.56,6.65,6938114,116923008.00
20141118,6.64,6.70,6.62,6.68,4970128,83884704.00
20141119,6.68,6.69,6.62,6.64,5050503,85051144.00
20141120,6.63,6.65,6.59,6.60,4352370,72832048.00
20141121,6.62,6.64,6.58,6.63,4383041,73261144.00
20141124,6.68,6.84,6.65,6.80,15187168,260137328.00
20141125,6.81,6.85,6.76,6.83,9604591,165288224.00
20141126,6.85,6.86,6.74,6.79,8543876,146924304.00
20141127,6.82,6.96,6.81,6.92,14170474,247003040.00
20141128,6.89,6.92,6.78,6.82,10481217,181485280.00
20141201,6.82,7.00,6.82,6.94,13220165,231449120.00
20141202,6.93,7.16,6.92,7.14,20097574,360199392.00
20141203,7.16,7.18,7.05,7.15,15388848,276814720.00
20141204,7.15,7.22,7.09,7.19,15566966,281882112.00
20141205,7.19,7.20,6.80,6.88,17621995,310227072.00
20141208,6.91,7.24,6.86,7.10,18762331,333622976.00
20141209,7.17,7.17,6.80,6.82,17452742,309940192.00
20141210,6.83,7.37,6.83,7.25,22993363,415525792.00
20141211,7.23,7.47,7.19,7.30,20470715,379079648.00
20141212,7.36,7.43,7.28,7.32,12153491,225496864.00
20141215,7.30,7.64,7.24,7.60,22005095,416195424.00
20141216,7.60,7.69,7.43,7.48,15128595,287496128.00
20141217,7.47,7.47,7.17,7.24,14952908,274538752.00
20141218,7.22,7.36,7.12,7.12,17774976,323219872.00
20141219,7.14,7.21,6.80,6.97,18678298,329918912.00
20141222,7.00,7.11,6.83,7.02,14505451,255392416.00
20141223,7.02,7.03,6.78,6.80,12708322,221251712.00
20141224,6.80,6.97,6.80,6.96,11154194,194119040.00
20141225,7.10,7.31,7.05,7.12,20989094,379976864.00
20141226,7.08,7.13,6.99,7.10,11251629,201339280.00
20141229,7.10,7.30,7.02,7.22,19875392,360247296.00
20141230,7.18,7.29,7.11,7.18,13329461,242944384.00
20141231,7.19,7.36,7.18,7.31,13740551,252150416.00
20150105,7.44,7.60,7.32,7.48,26039283,491024032.00
20150106,7.43,7.49,7.29,7.45,18336785,342402656.00
20150107,7.41,7.55,7.26,7.27,16260251,303316768.00
20150108,7.24,7.35,7.24,7.27,10023901,184579232.00
20150109,7.28,7.34,7.07,7.09,11467995,210176992.00
20150112,7.06,7.15,6.93,6.99,11273226,200050240.00
20150113,6.99,7.20,6.99,7.19,10956545,196399504.00
20150114,7.19,7.22,7.00,7.08,8905286,160124960.00
20150115,7.07,7.16,7.04,7.12,7314114,131618584.00
20150116,7.17,7.25,7.16,7.19,10132739,184442224.00
20150119,7.08,7.32,7.00,7.07,15707742,284965600.00
20150120,7.14,7.47,7.14,7.42,21339577,395724704.00
20150121,7.56,7.76,7.56,7.76,41416184,800973824.00
20150122,7.78,8.08,7.76,7.80,32518573,647935872.00
20150123,7.83,7.96,7.69,7.82,24616079,485843552.00
20150126,7.88,8.03,7.85,7.95,19143447,383432448.00
20150127,7.98,8.00,7.70,7.76,19287655,380888192.00
20150128,7.73,7.84,7.70,7.76,13966913,274130016.00
20150129,7.67,7.98,7.67,7.90,20919139,414438144.00
20150130,7.95,7.96,7.73,7.75,14650673,291307168.00
20150202,7.50,8.12,7.41,7.92,28559391,561195072.00
20150203,7.84,7.98,7.84,7.89,17517660,350085280.00
20150204,7.92,8.24,7.89,8.16,28408750,579133440.00
20150205,8.24,8.27,7.92,7.96,17970071,366605760.00
20150206,7.93,7.99,7.61,7.70,14419834,283614400.00
20150209,7.70,7.83,7.66,7.73,9410410,184227072.00
20150210,7.72,7.78,7.69,7.73,10012386,195240096.00
20150211,7.74,7.91,7.72,7.89,9640915,190900976.00
20150212,7.91,7.98,7.87,7.88,9511986,190077184.00
20150213,7.92,8.05,7.91,7.92,14919737,300675520.00
20150216,7.92,7.99,7.84,7.98,13313526,266197216.00
20150217,7.99,8.12,7.94,8.04,13581271,275694144.00
20150225,8.06,8.10,7.89,7.92,14007346,283537760.00
20150226,7.92,7.96,7.86,7.93,14589441,291038656.00
20150227,7.92,7.94,7.80,7.82,14695290,291903200.00
20150302,7.85,8.10,7.81,8.10,27297208,547277952.00
20150303,8.04,8.21,7.98,7.99,28577939,582285120.00
20150304,7.98,8.09,7.94,8.08,20750620,420858176.00
20150305,8.08,8.52,8.00,8.48,35806376,745702784.00
20150306,8.49,8.64,8.24,8.28,28188490,600847232.00
20150309,8.27,8.49,8.15,8.43,17934657,377033504.00
20150310,8.43,8.59,8.36,8.42,16922566,361570336.00
20150311,8.42,8.46,8.24,8.29,14897471,314003936.00
20150312,8.32,8.46,8.19,8.24,14623506,307090528.00
20150313,8.56,8.71,8.40,8.44,30005657,646509184.00
20150316,8.46,8.66,8.38,8.60,27563300,592969920.00
20150317,8.61,8.71,8.51,8.62,25295592,549732416.00
20150318,8.68,8.84,8.61,8.77,33141117,729643072.00
20150319,9.52,9.52,8.98,9.04,58647149,1365027200.00
20150320,9.09,9.21,8.94,9.04,26950428,615195136.00
20150323,9.12,9.23,9.04,9.21,27865538,641584704.00
20150324,9.16,9.52,8.80,9.46,43179952,992961600.00
20150325,9.56,9.85,9.38,9.45,43365325,1051438208.00
20150326,9.40,9.41,9.05,9.17,24708825,575440768.00
20150327,9.09,9.48,9.08,9.38,21756064,510432576.00
20150330,9.36,9.61,9.34,9.47,24506383,586093504.00
20150331,9.41,9.55,9.26,9.33,24410940,577315328.00
20150401,9.34,9.66,9.29,9.62,31975621,767425216.00
20150402,9.64,9.90,9.54,9.90,32995975,808416000.00
20150403,9.80,10.72,9.77,10.46,38172516,991762816.00
20150409,10.72,11.52,9.62,11.39,57704471,1568918912.00
20150410,11.18,11.60,11.00,11.35,33666828,962487040.00
20150413,11.34,11.50,11.04,11.29,32347476,918735296.00
20150414,11.30,11.32,11.04,11.05,24049787,674492224.00
20150415,10.97,10.97,10.42,10.42,22961634,614253504.00
20150416,10.24,11.17,10.16,10.76,27868646,757635456.00
20150417,10.80,10.89,10.60,10.64,18879369,509956288.00
20150420,10.44,10.51,10.20,10.24,30470553,792142400.00
20150421,10.18,10.67,10.18,10.62,21788670,574587648.00
20150422,10.68,10.93,10.68,10.74,18089091,491305024.00
20150423,10.73,10.99,10.54,10.76,23028606,623212160.00
20150424,10.97,11.32,10.72,10.96,27151226,755251264.00
20150427,10.96,11.20,10.81,10.98,27820864,768575936.00
20150428,10.92,11.25,10.85,10.87,26833475,745119872.00
20150429,10.92,11.17,10.88,11.08,17636069,491155168.00
20150430,11.18,11.30,10.92,10.93,16015810,447808672.00
20150504,10.93,11.18,10.80,11.10,19923026,551578368.00
20150505,11.12,11.28,10.57,10.65,22528141,621091968.00
20150506,10.76,10.90,10.59,10.65,16923806,458603936.00
20150507,10.68,10.76,10.32,10.37,12362799,328040928.00
20150508,10.47,10.76,10.43,10.76,13737738,366285408.00
20150511,10.78,11.45,10.68,11.42,29000074,806751552.00
20150512,11.48,11.57,11.22,11.41,21744241,623524096.00
20150513,11.36,11.56,11.14,11.48,23237207,662691904.00
20150514,11.48,11.65,11.40,11.48,20486837,593707328.00
20150515,11.51,12.52,11.32,12.24,32591462,975110144.00
20150518,12.28,12.89,12.24,12.81,31118942,992257024.00
20150519,12.82,13.32,12.52,13.12,26980635,873620608.00
20150520,13.20,13.65,13.00,13.10,24499708,820156864.00
20150521,13.10,13.94,12.96,13.90,25287055,856353344.00
20150522,13.96,14.63,13.60,14.60,30043997,1071051584.00
20150525,14.32,15.52,14.00,15.18,27177920,1029990912.00
20150526,15.32,15.72,14.92,15.26,26495880,1022029568.00
20151207,13.73,13.73,13.73,13.73,618200,21309354.00
20151208,12.35,12.35,12.35,12.35,783500,24304170.00
20151209,11.11,11.11,11.11,11.11,8752400,244367008.00
20151210,10.55,11.70,10.55,11.15,92291094,2564091136.00
20151211,10.75,10.88,10.31,10.35,45480986,1203661312.00
20151214,10.18,10.29,9.82,10.14,34794348,875852992.00
20151215,10.19,10.63,10.15,10.38,28718475,750413568.00
20151216,10.50,10.53,10.27,10.38,22967718,599767040.00
20151217,10.40,10.70,10.31,10.63,33060268,872171904.00
20151218,10.66,10.98,10.56,10.77,30910647,836041280.00
20151221,10.71,10.77,10.38,10.51,25394576,670211904.00
20151222,10.49,10.68,10.43,10.51,14947043,395781120.00
20151223,10.67,11.07,10.67,10.81,33582344,918169024.00
20151224,10.71,11.02,10.51,10.93,23475582,635218688.00
20151225,10.89,10.89,10.67,10.73,15769737,426225856.00
20151228,10.78,10.79,10.38,10.39,17307315,460994720.00
20151229,10.35,10.41,10.05,10.14,20491142,522872448.00
20151230,10.30,10.46,10.25,10.30,13473762,350033248.00
20151231,10.37,10.87,10.37,10.53,21139043,567363712.00
20160104,10.79,10.90,9.55,9.57,19314584,511230048.00
20160105,9.15,10.30,9.15,10.13,25617187,638036096.00
20160106,10.13,10.53,10.13,10.51,17213319,449982688.00
20160107,10.51,10.54,9.59,9.70,5887860,150419696.00
20160108,10.23,10.51,9.22,10.27,22357321,565582464.00
20160111,10.15,10.44,9.75,9.77,21431641,542330560.00
20160112,9.67,9.94,8.79,8.90,27368984,622855168.00
20160113,8.95,9.05,8.01,8.01,21304046,460051520.00
20160114,7.75,8.29,7.63,8.21,17217431,345061856.00
20160115,8.25,8.57,7.89,7.95,18532028,384824544.00
20160118,7.75,8.11,7.75,7.96,14240553,284473728.00
20160119,7.99,8.52,7.96,8.47,16046895,331948384.00
20160120,8.38,8.40,8.07,8.16,18126708,375443904.00
20160121,7.95,8.21,7.55,7.57,14336673,286515424.00
20160122,7.71,7.82,7.27,7.57,13639472,258602128.00
20160125,7.69,7.83,7.61,7.67,9661718,187411200.00
20160126,7.63,7.89,6.98,7.11,18742008,356326336.00
20160127,7.17,7.23,6.39,6.80,19567698,332131360.00
20160128,7.47,7.47,6.95,7.03,28432218,518181440.00
20160129,6.89,7.48,6.75,7.34,20026420,361264704.00
20160201,7.31,7.46,6.97,7.16,14660781,267820992.00
20160202,7.22,7.74,7.22,7.62,16701381,315607520.00
20160203,7.47,7.69,7.35,7.64,15768044,299265280.00
20160204,7.63,7.85,7.63,7.71,14677131,285657408.00
20160205,7.77,7.81,7.55,7.56,8749873,168430688.00
20160215,7.23,7.51,7.12,7.43,9717617,178793168.00
20160216,7.53,7.89,7.49,7.87,14080682,274826336.00
20160217,7.91,8.54,7.74,8.35,21144135,437801216.00
20160218,8.43,8.69,8.20,8.22,18747778,396269376.00
20160219,8.28,8.44,8.19,8.30,13697513,286915200.00
20160222,8.61,8.65,8.42,8.48,15548350,333745312.00
20160223,8.45,8.46,8.10,8.25,14285911,297309280.00
20160224,8.31,8.42,8.07,8.29,11927708,247403296.00
20160225,8.25,8.25,7.46,7.46,14775750,291268736.00
20160226,7.48,7.59,7.01,7.28,14196511,261736144.00
20160229,7.25,7.26,6.56,6.81,14319428,245185680.00
20160301,6.79,7.04,6.55,7.01,13055355,224934384.00
20160302,6.99,7.46,6.95,7.43,14549405,265067280.00
20160303,7.38,7.77,7.35,7.48,16503781,315575840.00
20160304,7.43,7.46,6.99,7.17,13097752,238671056.00
20160307,7.26,7.47,7.26,7.47,9709796,180321696.00
20160308,7.47,7.47,7.02,7.39,10355962,188435808.00
20160309,7.21,7.31,7.12,7.19,7227389,131246576.00
20160310,7.21,7.30,7.08,7.10,7221058,130578032.00
20160311,7.09,7.43,6.95,7.25,9695465,175566112.00
20160314,7.35,7.61,7.29,7.51,12879088,242883744.00
20160315,7.45,7.52,7.30,7.34,9254103,172531568.00
20160316,7.43,7.46,7.19,7.37,7416396,137107408.00
20160317,7.35,7.63,7.35,7.61,14238501,269801088.00
20160318,7.61,8.01,7.59,7.97,18723014,369487648.00
20160321,8.04,8.15,7.91,8.07,17710347,358425728.00
20160322,7.95,8.24,7.87,8.09,15331959,310405984.00
20160323,8.02,8.33,8.02,8.33,16340274,336587104.00
20160324,8.22,8.73,8.11,8.35,21639010,456129536.00
20160325,8.27,8.50,8.27,8.43,13568349,286398880.00
20160328,8.53,8.61,8.19,8.21,14998291,317899968.00
20160329,8.26,8.26,7.90,7.99,11285860,228750736.00
20160330,8.12,8.47,8.05,8.45,15273775,317496704.00
20160331,8.44,8.60,8.33,8.44,19031605,404900544.00
20160401,8.43,8.72,8.41,8.71,23835600,514184800.00
20160405,8.75,9.13,8.75,8.95,20622859,465741280.00
20160406,8.79,9.10,8.79,9.07,14318543,322398944.00
20160407,9.14,9.14,8.79,8.79,15178346,340667040.00
20160408,8.73,8.83,8.58,8.73,10240202,223793360.00
20160411,8.84,9.05,8.84,8.96,13475722,303856416.00
20160412,8.97,9.11,8.61,9.05,13684497,304395904.00
20160413,9.01,9.32,8.97,9.07,18263177,419588352.00
20160414,9.11,9.47,9.11,9.35,17692501,415078752.00
20160415,9.40,9.61,9.28,9.53,19468819,462842816.00
20160418,9.53,9.54,9.15,9.15,13415732,313609184.00
20160419,9.31,9.53,9.26,9.35,14210186,335041792.00
20160420,9.33,9.38,8.63,8.85,17670072,398655264.00
20160421,8.85,9.13,8.81,8.89,11144205,252090736.00
20160422,8.87,9.00,8.67,8.93,6857799,153160192.00
20160425,8.93,8.93,8.75,8.84,7684332,170863104.00
20160426,8.89,9.00,8.79,8.98,7172488,160614944.00
20160427,8.95,9.37,8.95,9.20,12764262,295761344.00
20160428,9.23,9.33,8.91,9.08,9464758,217105104.00
20160429,9.09,9.17,9.00,9.10,4533153,103602232.00
20160503,9.10,9.33,9.04,9.32,9615072,222775664.00
20160504,9.34,9.34,9.10,9.14,10940062,253321440.00
20160505,9.11,9.14,8.95,9.07,7557371,171984448.00
20160506,9.09,9.19,8.67,8.69,11612230,260533168.00
20160509,8.59,8.59,8.14,8.14,10120958,212135360.00
20160510,8.18,8.22,7.95,8.15,9460859,191779568.00
20160511,8.19,8.29,8.03,8.22,7326624,151077312.00
20160512,8.02,8.29,7.86,8.28,9721780,198190336.00
20160513,8.27,8.41,8.22,8.33,6326686,132607592.00
20160516,8.35,8.47,8.17,8.40,5188622,108330440.00
20160517,8.35,8.45,8.25,8.29,5401345,113205816.00
20160518,8.23,8.23,7.79,7.87,7798578,156449584.00
20160519,7.94,8.06,7.91,8.03,6541692,131767296.00
20160520,8.01,8.10,7.92,8.09,4562872,91958024.00
20160523,8.31,8.53,8.27,8.48,10368813,219879024.00
20160524,8.41,8.62,8.35,8.58,8941870,189903680.00
20160525,8.84,9.05,8.75,8.78,13288357,297403136.00
20160526,8.98,9.13,8.81,9.07,14149214,320530592.00
20160527,8.98,9.07,8.85,8.98,9103139,205053760.00
20160530,8.95,9.04,8.75,8.86,4948608,111040936.00
20160531,8.94,9.35,8.89,9.20,12322201,283968896.00
20160601,9.26,9.29,9.10,9.17,8543008,197406336.00
20160602,9.19,9.49,9.17,9.45,11103499,261144400.00
20160603,9.41,9.48,9.33,9.36,7694947,181386128.00
20160606,9.33,9.35,9.09,9.14,8108996,187224656.00
20160607,9.14,9.30,9.11,9.23,8478608,196920320.00
20160608,9.23,9.23,9.07,9.13,5690006,130547136.00
20160613,8.95,9.02,8.62,8.63,6827901,153044864.00
20160614,8.59,8.70,8.49,8.57,5546573,119428624.00
20160615,8.48,8.89,8.45,8.72,7409212,163184272.00
20160616,8.72,8.92,8.60,8.65,7426527,163768400.00
20160617,8.68,8.82,8.55,8.64,8176287,177974848.00
20160620,8.59,8.70,8.53,8.69,5115638,110767448.00
20160621,8.79,8.82,8.59,8.63,5029062,110277632.00
20160622,8.59,8.73,8.51,8.71,4805304,104141768.00
20160623,8.68,8.93,8.59,8.91,9741483,214872640.00
20160624,8.83,8.94,8.51,8.86,10184725,225551568.00
20160627,8.79,9.38,8.79,9.35,12464962,288105696.00
20160628,9.35,9.46,9.25,9.39,9968000,234556256.00
20160629,9.41,9.58,9.35,9.37,10694676,254317648.00
20160630,9.35,9.65,9.33,9.51,9794494,234767600.00
20160701,9.59,9.62,9.41,9.49,6990388,167193792.00
20160704,9.74,10.15,9.65,9.91,17400589,433587872.00
20160705,9.83,10.54,9.83,10.43,18747905,479843136.00
20160706,10.31,10.73,10.21,10.48,16220557,426788768.00
20160707,10.43,10.51,10.23,10.39,10852451,282875104.00
20160708,10.47,10.66,9.95,10.02,18746970,481520640.00
20160711,10.10,10.11,9.94,9.97,12423918,312491808.00
20160712,10.02,10.33,9.94,10.28,11431627,290703936.00
20160721,10.97,11.31,10.58,11.07,71102903,791474048.00
20160722,10.85,11.96,10.68,11.54,68046151,777325696.00
20160725,11.29,12.57,11.27,12.30,72558280,886742016.00
20160726,12.27,12.38,11.98,12.31,51044206,624267968.00
20160727,12.23,12.24,11.08,11.35,67255145,786452800.00
20160728,11.38,11.87,11.33,11.41,36080787,418688096.00
20160729,11.46,11.81,11.04,11.67,35736877,408634016.00
20160801,11.42,11.57,10.97,11.11,23148312,260159072.00
20160802,11.15,11.94,11.15,11.82,42231481,492101024.00
20160803,11.72,12.15,11.58,11.90,36091398,430363456.00
20160804,11.87,13.09,11.77,13.09,90846680,1163475456.00
20160805,13.26,13.32,12.70,12.97,53816823,697159488.00
20160808,12.96,13.23,12.65,13.07,40221438,523145312.00
20160809,12.97,13.47,12.83,13.36,55634407,733312448.00
20160810,13.23,13.47,12.98,13.00,38701175,513666208.00
20160811,12.96,13.21,12.67,12.98,33816889,437111840.00
20160812,12.91,13.55,12.83,13.08,41666792,554154752.00
20160815,13.02,13.41,12.87,13.39,44785915,593561664.00
20160816,13.42,14.24,13.42,13.81,52163894,725204288.00
20160817,13.66,14.06,13.48,13.89,38541954,530994496.00
20160818,13.89,14.03,13.70,13.77,27553258,382309376.00
20160819,13.84,14.52,13.77,14.03,36370725,516381088.00
20160822,13.97,14.29,13.57,13.59,32974968,456106656.00
20160823,13.66,13.82,13.12,13.37,32793939,441274112.00
20160824,13.55,13.70,13.28,13.43,22913583,309572896.00
20160825,13.49,13.86,13.28,13.64,28045166,380957152.00
20160826,13.63,14.82,13.57,14.59,70026720,1005674752.00
20160829,14.68,15.12,14.41,14.74,62869872,931058048.00
20160830,14.79,14.92,14.43,14.56,30149397,441621664.00
20160831,14.55,14.92,14.48,14.75,23701777,350543712.00
20160901,14.75,15.24,14.59,14.75,37225308,557626560.00
20160902,14.58,14.93,14.38,14.45,25333731,371974880.00
20160905,14.54,15.34,14.54,15.05,38286759,575196928.00
20160906,15.07,16.09,14.98,15.83,64382785,1005721280.00
20160907,15.95,17.11,15.75,16.77,86051915,1425472640.00
20160908,16.52,17.25,16.29,17.06,73215476,1227645184.00
20160909,16.92,17.09,16.31,16.47,52895904,882392768.00
20160912,16.01,16.72,15.95,16.16,50758791,830400192.00
20160913,16.37,16.53,14.99,15.28,84225538,1318264192.00
20160914,15.17,15.47,14.83,15.21,46188116,700616640.00
20160919,15.29,15.75,15.23,15.37,40635896,631186240.00
20160920,15.53,16.22,15.53,15.97,54704982,873888064.00
20160921,15.92,16.03,15.58,15.71,30855657,486619552.00
20160922,15.91,16.17,15.78,15.85,36386940,580190336.00
20160923,16.02,16.93,16.02,16.91,80197539,1319121792.00
20160926,16.99,17.05,16.37,16.38,65610438,1097261824.00
20160927,16.17,16.39,15.08,15.97,60797511,959079360.00
20160928,15.73,15.89,15.23,15.36,39170938,608604544.00
20160929,15.51,15.74,15.41,15.46,36214721,564622208.00
20160930,15.52,15.65,15.22,15.59,32773562,507482560.00
20161010,15.60,16.45,15.60,16.43,48285928,783384576.00
20161011,16.44,16.53,16.07,16.26,41391534,671360960.00
20161012,16.13,16.82,16.04,16.61,53971870,895839744.00
20161013,16.49,17.42,16.48,17.26,71644465,1222260352.00
20161014,17.30,17.52,16.78,16.95,57058785,975197952.00
20161017,17.03,17.10,16.39,16.67,49476375,824389120.00
20161018,16.57,16.86,16.43,16.82,31900328,533761504.00
20161019,16.86,17.04,16.55,16.65,34410095,575356864.00
20161020,16.57,16.67,16.22,16.31,48787556,798449600.00
20161021,16.37,16.51,15.99,16.42,36685018,597746496.00
20161024,16.39,16.45,16.08,16.18,38087760,619407040.00
20161025,16.19,16.50,16.19,16.30,27722138,454240192.00
20161026,16.33,16.33,15.52,15.62,55126356,873512768.00
20161027,15.58,15.71,15.20,15.44,46876987,720004224.00
20161028,15.50,15.53,15.05,15.16,30847636,470218496.00
20161031,15.15,15.42,14.99,15.10,29933265,456732224.00
20161101,15.17,15.65,15.12,15.56,39235710,604526976.00
20161102,15.37,15.44,14.67,14.78,62018051,933951040.00
20161103,14.65,14.94,14.34,14.71,45005110,659811456.00
20161104,14.65,14.87,14.48,14.83,26446056,390072928.00
20161107,14.83,15.06,14.69,14.72,21869976,325981408.00
20161108,14.78,14.91,14.54,14.68,23465991,344913792.00
20161109,14.77,14.81,14.13,14.34,31142568,450763168.00
20161110,14.72,15.11,14.72,14.83,46887909,700634624.00
20161111,14.89,14.96,14.65,14.81,27458816,406764800.00
20161114,14.79,15.03,14.70,14.91,28395563,423677888.00
20161115,14.92,14.92,14.71,14.73,21470085,317560768.00
20161116,14.82,15.21,14.73,15.09,44929563,677876416.00
20161117,15.06,15.06,14.79,14.86,19732506,293836032.00
20161118,14.87,14.96,14.61,14.63,21355828,315786688.00
20161121,14.64,14.68,14.42,14.52,22750957,331008832.00
20161122,14.53,14.62,14.41,14.54,19886723,288386880.00
20161123,14.59,14.63,14.27,14.28,27095719,391314304.00
20161124,14.29,14.45,14.20,14.22,17334005,248532208.00
20161125,14.25,14.31,13.62,14.10,31759372,443252576.00
20161128,14.10,15.06,14.07,15.00,64135427,945177216.00
20161129,14.97,15.39,14.78,14.97,66896967,1019680832.00
20161130,14.79,14.90,14.35,14.37,43282362,630328384.00
20161201,14.38,14.72,14.38,14.49,22736113,331264576.00
20161202,14.41,14.53,14.07,14.17,24624545,352172672.00
20161205,14.13,14.35,13.95,14.21,14151783,201018096.00
20161206,14.32,14.32,13.87,14.19,21853376,308440512.00
20161207,14.18,14.34,13.97,14.29,18418548,261677696.00
20161208,14.35,14.62,14.22,14.50,23459213,339866624.00
20161209,14.43,14.57,14.33,14.41,18443966,266791184.00
20161213,13.93,13.95,13.02,13.58,35754879,488251872.00
20161214,13.58,13.77,13.18,13.19,18230017,244816752.00
20161215,13.16,13.35,13.02,13.28,17318376,229088080.00
20161216,13.26,13.33,13.11,13.31,12757942,169129984.00
20161219,13.27,13.32,13.12,13.21,10176365,134500576.00
20161220,13.28,13.40,13.13,13.38,10037730,133333184.00
20161221,13.39,13.85,13.39,13.82,21636097,296700384.00
20161222,13.82,14.30,13.60,14.02,24117525,337638752.00
20161223,13.96,13.96,13.57,13.59,17106949,235822160.00
20161226,13.51,13.78,13.32,13.71,13826290,187748064.00
20161227,14.27,14.52,14.03,14.08,33504976,476857056.00
20161228,14.10,14.31,13.87,13.99,17478804,246916736.00
20161229,13.92,14.29,13.78,14.09,14918900,210864016.00
20161230,14.23,14.26,14.02,14.12,11093924,156995024.00
20170103,14.22,14.44,14.15,14.25,13039344,186764528.00
20170104,14.30,14.40,14.20,14.29,13954666,199817520.00
20170105,14.27,14.47,14.08,14.38,20372164,292413504.00
20170106,14.34,14.34,13.97,14.02,16895640,239332656.00
20170109,13.95,14.07,13.85,13.92,9968681,139231376.00
20170110,13.92,14.20,13.87,14.09,13366591,188887520.00
20170111,14.11,14.13,13.78,13.82,9151191,127709208.00
20170112,13.83,14.17,13.83,13.87,11284364,157941008.00
20170113,13.87,13.95,13.38,13.50,11220545,153191152.00
20170116,13.49,13.60,12.73,13.24,13929778,185666560.00
20170117,13.23,13.30,12.93,13.17,11459505,150908928.00
20170118,13.13,13.28,13.13,13.26,10353238,137142240.00
20170119,13.25,13.32,13.10,13.27,5815883,77142504.00
20170120,13.19,13.48,13.19,13.42,6772598,90921880.00
20170123,13.47,13.62,13.41,13.44,7527399,101958496.00
20170124,13.44,13.76,13.38,13.58,10322381,140919888.00
20170125,13.74,13.74,13.57,13.59,4770173,65051696.00
20170126,13.67,13.75,13.61,13.71,7146555,98035880.00
20170203,13.72,14.13,13.72,13.98,11156521,156423504.00
20170206,13.99,14.97,13.99,14.83,39514576,578794816.00
20170207,14.77,15.22,14.66,14.85,32755215,490137120.00
20170208,14.84,14.86,14.49,14.75,20987992,308358720.00
20170209,14.75,14.95,14.69,14.76,16699701,248441872.00
20170210,14.74,15.52,14.70,15.22,45331576,689100224.00
20170213,15.22,15.23,14.92,15.12,28430837,428409600.00
20170214,15.07,15.07,14.70,14.83,26039184,386649344.00
20170215,14.76,15.06,14.67,14.78,25616639,381642944.00
20170216,14.79,14.90,14.65,14.88,15054461,223280704.00
20170217,14.89,14.91,14.55,14.61,17618618,259828064.00
20170220,14.57,14.95,14.55,14.88,17695879,262896736.00
20170221,14.93,14.93,14.78,14.89,13533556,201282096.00
20170222,14.98,15.22,14.92,14.96,28482144,429838112.00
20170223,14.96,15.02,14.62,14.65,21777507,321451328.00
20170224,14.62,14.82,14.60,14.76,10580765,156072400.00
20170227,14.75,14.87,14.57,14.61,15064774,222073200.00
20170228,14.82,15.05,14.78,14.95,31564550,472429728.00
20170301,15.02,15.02,14.85,14.90,15118323,225667680.00
20170302,14.89,14.93,14.62,14.65,23057467,339969888.00
20170303,14.70,14.90,14.40,14.90,20809160,305959552.00
20170306,14.96,15.20,14.86,15.08,25509730,384900960.00
20170307,15.07,15.08,14.88,15.02,16803743,252004384.00
20170308,15.02,15.03,14.82,14.92,12752206,190249728.00
20170309,14.89,14.95,14.72,14.79,12112433,179758656.00
20170310,14.90,14.94,14.78,14.83,13454413,200291488.00
20170313,14.82,15.20,14.68,15.20,34018442,513290048.00
20170314,15.22,16.06,15.22,15.64,62458747,985644352.00
20170315,15.55,16.93,15.47,16.60,80374138,1298730368.00
20170316,16.60,16.68,16.34,16.46,51511012,852093440.00
20170317,16.47,16.64,16.20,16.27,40932210,674655360.00
20170320,16.29,16.47,15.97,16.16,29738419,481818944.00
20170321,16.31,16.83,16.25,16.54,45534340,757184832.00
20170322,16.37,17.14,16.30,16.69,44018791,743155456.00
20170323,16.81,17.04,16.40,16.65,28904897,483163840.00
20170324,16.66,17.05,16.60,16.98,35515742,602043648.00
20170327,17.06,17.13,16.53,16.56,37658723,630937664.00
20170328,16.48,16.50,15.94,16.02,40289309,649204096.00
20170329,16.11,16.15,15.89,16.01,21051650,338004384.00
20170330,16.04,16.11,15.65,15.74,27499554,436626112.00
20170331,15.80,16.08,15.67,15.94,24722193,393496160.00
20170405,17.54,17.54,17.08,17.54,98592961,1725135872.00
20170406,17.97,18.43,17.52,17.73,118507321,2128595712.00
20170407,17.45,19.27,17.13,18.34,108441237,1962316032.00
20170410,18.52,19.86,18.52,19.40,123337193,2379363328.00
20170411,19.37,19.96,18.91,19.47,129401947,2518270720.00
20170412,18.99,19.02,17.69,17.82,83917699,1539970304.00
20170413,17.83,18.60,17.83,18.13,54028123,990754624.00
20170414,18.45,18.96,18.04,18.40,66299115,1227921536.00
20170417,18.72,19.01,18.25,18.42,55385973,1034209280.00
20170418,18.55,19.06,18.27,18.72,56004974,1053459072.00
20170419,18.50,18.79,17.98,18.74,40927490,752895488.00
20170420,18.77,19.00,18.34,18.46,41468574,773520448.00
20170421,18.24,18.46,17.32,17.39,48953562,876486464.00
20170424,17.39,17.62,16.79,16.95,38309053,661038784.00
20170425,17.07,17.53,16.89,16.92,35803257,616525056.00
20170426,16.95,17.38,16.65,17.37,38308780,660599616.00
20170427,17.44,17.67,17.19,17.57,41208719,721204480.00
20170428,17.45,17.90,17.35,17.58,39993704,707573248.00
20170502,17.54,18.09,17.48,17.92,36828436,658379776.00
20170503,18.06,18.11,17.47,17.50,26216924,465726304.00
20170504,17.35,18.01,17.27,17.75,32070893,570253568.00
20170505,17.57,18.05,17.52,17.85,33533080,600305856.00
20170508,17.60,17.77,17.30,17.48,32636803,573138304.00
20170509,17.30,17.44,16.89,17.15,28997604,499582944.00
20170510,17.32,17.50,17.00,17.05,21576461,373630048.00
20170511,16.70,17.15,16.68,17.14,20732517,352386080.00
20170512,17.15,17.50,17.00,17.46,16704752,289233120.00
20170515,17.47,17.72,17.38,17.43,14350954,252148592.00
20170516,17.46,18.16,17.32,18.16,31304084,558996032.00
20170517,18.22,18.63,18.01,18.17,33128782,606968960.00
20170518,17.98,18.75,17.88,18.46,37131912,687645696.00
20170519,18.61,18.66,17.95,18.10,21622861,393970336.00
20170522,18.12,18.47,17.88,17.92,20848468,379468256.00
20170523,17.97,18.06,16.13,16.63,44431771,763435008.00
20170524,16.53,16.72,16.14,16.61,27998805,459975520.00
20170525,16.60,16.67,16.07,16.46,25398043,416804640.00
20170526,16.51,16.72,15.92,15.97,27749678,454436256.00
20170531,16.25,16.36,15.88,15.99,23906447,385196160.00
20170601,15.70,15.87,15.27,15.38,40323148,632017024.00
20170602,15.31,15.60,14.38,15.56,51017302,769145216.00
20170605,15.52,16.05,15.38,15.97,23009425,366370496.00
20170606,15.97,16.55,15.83,16.41,23498717,383207328.00
20170607,16.22,17.25,16.16,16.95,39157662,661104448.00
20170608,16.99,17.07,16.73,17.04,18911619,319534944.00
20170609,16.84,16.96,16.49,16.75,18434570,308101056.00
20170612,16.60,16.90,16.58,16.70,12986810,218080672.00
20170613,16.72,17.01,16.62,16.88,12345876,208131296.00
20170614,16.88,17.74,16.79,17.22,28890434,499418816.00
20170615,17.20,17.30,17.01,17.07,17981773,308895264.00
20170616,17.02,17.06,16.80,16.90,12376035,209574224.00
20170619,16.87,17.16,16.66,17.15,14028574,237583440.00
20170620,17.24,17.63,17.24,17.45,21387503,374997952.00
20170621,17.47,17.61,17.25,17.45,12077061,210753776.00
20170622,17.57,17.63,17.04,17.05,12946483,225403216.00
20170623,17.02,17.16,16.77,17.03,13162236,223348288.00
20170626,17.03,17.46,16.87,17.42,17426043,300353024.00
20170627,17.38,17.62,17.15,17.26,15200980,263969120.00
20170628,17.20,17.34,17.02,17.10,11841095,203306832.00
20170629,17.10,17.20,16.99,17.06,8637003,147844384.00
20170630,17.01,17.06,16.31,16.69,27289395,455055488.00
20170703,16.68,16.92,16.42,16.83,16664024,278647584.00
20170704,16.87,17.21,16.78,16.98,17181421,292411968.00
20170705,16.90,17.13,16.78,17.09,12455046,212406928.00
20170706,17.07,17.51,16.99,17.42,24881717,432864864.00
20170707,17.37,17.69,17.31,17.48,17438743,305965184.00
20170710,17.46,18.18,17.38,18.16,36875012,662937664.00
20170711,18.02,18.31,17.70,17.76,21494660,387022528.00
20170712,17.73,18.15,17.73,17.98,20982094,376637248.00
20170713,17.96,18.62,17.96,18.50,28786539,530689504.00
20170714,18.62,18.67,18.17,18.42,27377563,503636160.00
20170717,18.22,18.22,16.67,16.98,35144539,612665088.00
20170718,16.84,17.35,16.70,17.32,17102989,291339392.00
20170719,17.29,17.52,17.10,17.40,17414433,302525536.00
数据来源:通达信
