002405 四维图新 日线 前复权
      日期	    开盘	    最高	    最低	    收盘	    成交量	    成交额
20100518,9.72,11.73,9.72,10.79,32953039,937773504.00
20100519,11.14,11.86,10.60,11.31,21756457,652349888.00
20100520,10.86,11.03,10.37,10.67,14223668,406531872.00
20100521,10.67,11.77,10.64,11.77,13541060,409284544.00
20100524,12.37,12.97,12.19,12.97,12578002,420888672.00
20100525,12.88,13.91,12.61,13.50,17949569,627325632.00
20100526,13.07,13.39,12.69,12.87,9333999,323803104.00
20100527,12.87,14.12,12.87,13.61,11278658,404632352.00
20100528,13.58,14.27,13.02,13.89,11516666,413053824.00
20100531,13.69,14.42,13.50,13.58,8268146,305839360.00
20100601,13.44,13.56,12.62,13.06,7909207,273993824.00
20100602,12.96,14.00,12.70,13.82,9617959,342047264.00
20100603,13.69,13.91,13.31,13.38,7820707,281653728.00
20100604,13.15,13.24,12.76,13.11,6401419,221063904.00
20100607,12.73,13.70,12.69,13.46,7122441,250059248.00
20100608,13.46,13.90,13.29,13.77,6611704,239012080.00
20100609,13.85,14.39,13.51,13.63,7881373,291551168.00
20100610,13.64,14.92,13.58,14.62,8914034,336158240.00
20100611,14.46,15.01,14.35,14.61,7606158,295811424.00
20100617,14.65,15.18,13.81,13.90,7028057,269069536.00
20100618,13.69,14.08,13.06,13.28,5162514,185313712.00
20100621,13.21,14.09,13.21,13.96,4794092,174724176.00
20100622,13.90,14.15,13.71,13.77,3264081,120086016.00
20100623,13.53,14.48,13.49,14.30,5066106,188580000.00
20100624,14.15,14.62,13.96,14.12,3434031,129744608.00
20100625,13.95,14.33,13.58,13.74,3216707,118195400.00
20100628,13.61,13.93,12.80,13.07,5458272,192158592.00
20100629,12.97,13.16,12.11,12.42,5402374,179000848.00
20100630,12.33,12.61,12.23,12.49,2919022,96676792.00
20100701,12.49,12.58,11.84,12.02,3312030,106749024.00
20100702,11.88,12.37,11.45,12.27,3660901,115800752.00
20100705,12.06,12.63,11.95,12.47,3146609,103676488.00
20100706,12.38,12.84,12.33,12.58,2950244,98740048.00
20100707,12.53,12.59,12.27,12.49,2414970,79717088.00
20100708,12.59,12.65,12.16,12.24,2298382,75311888.00
20100709,12.22,12.80,12.08,12.61,3652602,121112000.00
20100712,12.53,12.68,12.42,12.61,2566995,85540272.00
20100713,12.44,12.52,12.04,12.42,1844228,60296712.00
20100714,12.46,12.84,12.28,12.42,3151994,105009216.00
20100715,12.46,12.72,12.30,12.37,2549329,84665608.00
20100716,12.19,12.53,11.99,12.19,2091385,67810216.00
20100719,12.06,12.43,12.05,12.34,1564162,50913524.00
20100720,12.34,13.02,12.30,12.87,5184217,173697200.00
20100721,12.67,12.95,12.65,12.70,3155809,107013616.00
20100722,12.70,12.99,12.61,12.97,2811375,95861168.00
20100723,12.99,13.04,12.71,12.84,2395270,81703000.00
20100726,12.80,12.92,12.69,12.88,1724943,58656764.00
20100727,12.86,12.86,12.68,12.73,1906911,64484620.00
20100728,12.65,12.90,12.50,12.87,2791201,94606184.00
20100729,12.87,13.57,12.81,13.41,5157302,182286304.00
20100730,13.31,13.42,13.05,13.22,2446782,85717608.00
20100802,13.24,13.73,13.19,13.68,3611548,129744496.00
20100803,13.69,13.73,13.31,13.31,2374165,84935328.00
20100804,13.31,13.36,12.98,13.34,2039062,71212856.00
20100805,13.46,13.67,13.18,13.22,2290026,81490984.00
20100806,13.19,13.40,12.92,13.37,2275125,79571608.00
20100809,13.38,13.69,13.33,13.63,2774485,99421288.00
20100810,13.58,13.61,13.00,13.00,2408183,84856248.00
20100811,12.95,13.14,12.80,13.01,1642560,56380344.00
20100812,12.86,13.07,12.70,12.70,1692502,57702088.00
20100813,12.71,12.92,12.69,12.86,1014988,34554288.00
20100817,13.07,13.65,13.07,13.57,6155807,220054304.00
20100818,13.41,14.36,13.32,14.03,10309387,377567712.00
20100819,13.96,14.06,13.68,13.78,4181485,153628720.00
20100820,13.81,14.22,13.61,13.79,3925185,144649280.00
20100823,13.78,14.58,13.46,14.38,5054864,189513200.00
20100824,14.31,14.85,14.07,14.56,4343042,167543536.00
20100825,14.48,14.54,14.18,14.31,2918687,110622688.00
20100826,14.39,15.00,14.31,14.62,3502272,136070704.00
20100827,14.54,14.89,14.31,14.57,3214013,124103600.00
20100830,14.61,14.96,14.35,14.91,3592338,140582608.00
20100831,14.82,16.39,14.65,15.96,6527568,264444144.00
20100901,15.81,16.10,15.09,15.48,5201642,214636240.00
20100902,15.58,16.35,15.38,16.09,3889111,164060512.00
20100903,16.71,17.07,15.74,16.05,4875533,211532944.00
20100906,15.95,16.27,15.30,15.53,3611870,148944688.00
20100907,15.42,15.84,15.35,15.68,2000157,82652648.00
20100908,15.62,16.02,15.59,15.87,2000082,83530224.00
20100909,15.80,16.39,15.70,15.85,3032636,128410104.00
20100910,15.84,16.02,15.12,15.63,2885939,118608472.00
20100913,15.49,15.79,15.36,15.65,1918912,79075384.00
20100914,15.65,16.14,15.60,15.81,1849769,77634992.00
20100915,15.81,16.77,15.71,16.40,4529223,194527424.00
20100916,16.28,16.50,15.49,15.49,3396882,142286256.00
20100917,15.58,15.70,14.76,14.90,2923746,116394008.00
20100920,14.95,14.98,14.21,14.26,2367172,90839368.00
20100921,14.42,14.62,14.31,14.34,1073620,40944708.00
20100927,14.54,14.84,13.95,14.74,1985593,76230640.00
20100928,14.64,15.11,14.54,14.80,1632927,64290616.00
20100929,14.81,14.91,14.23,14.24,1494797,57241492.00
20100930,14.27,14.47,14.03,14.32,1691495,63919824.00
20101008,14.40,14.66,14.27,14.54,2170654,83453680.00
20101011,14.56,14.66,14.08,14.13,3268413,123208072.00
20101012,14.42,15.11,14.35,14.59,3942100,153800624.00
20101013,14.62,14.94,14.47,14.88,2904738,113421920.00
20101014,15.12,15.50,14.72,15.04,5261214,210766928.00
20101015,14.94,15.23,14.54,14.62,3077678,120509872.00
20101018,14.66,14.73,13.15,13.27,5357237,191543264.00
20101019,13.30,14.08,13.30,13.96,2646541,96750856.00
20101020,13.69,14.38,13.65,14.08,2438901,91269920.00
20101021,14.33,14.49,14.15,14.35,2068384,78426712.00
20101022,14.46,15.08,14.46,14.81,2983494,117389544.00
20101025,14.99,15.42,14.99,15.29,2806018,113277632.00
20101026,15.41,15.41,14.85,15.02,2588780,102594968.00
20101027,15.11,15.37,14.69,14.81,2039166,81139776.00
20101028,14.91,15.65,14.73,15.65,3133469,125841712.00
20101029,15.67,16.31,15.62,15.85,4021510,170280112.00
20101101,16.45,17.47,16.40,17.47,1581878,72091824.00
20101102,18.47,19.05,17.51,17.51,9746559,471736032.00
20101103,17.47,18.63,17.39,17.74,4703693,222563920.00
20101104,17.47,18.58,17.12,18.28,3261941,154321504.00
20101105,18.34,18.51,18.03,18.21,2158770,103576200.00
20101108,18.22,19.93,18.22,19.69,4857615,245518400.00
20101109,19.36,19.56,18.90,19.14,2565560,129062864.00
20101110,18.94,19.61,18.55,18.91,2529060,126257624.00
20101111,18.68,19.76,18.59,18.66,2859931,144207968.00
20101112,18.28,18.59,17.05,17.12,4010917,187355568.00
20101115,17.22,18.77,17.21,18.53,3093578,146941392.00
20101116,18.53,19.32,17.43,17.82,2919470,141435952.00
20101117,17.82,18.32,16.89,17.12,3195296,149260240.00
20101118,17.43,17.69,17.05,17.60,1577497,72720960.00
20101119,17.70,19.00,17.70,18.84,4358125,214086864.00
20101122,19.01,20.69,19.00,19.90,4861937,256642048.00
20101123,19.72,20.17,19.42,20.11,3054980,159671152.00
20101124,19.92,20.65,19.75,20.46,2623415,139951536.00
20101125,20.33,20.67,19.48,19.66,2848981,149463760.00
20101126,19.49,20.08,19.32,19.72,1442577,75262816.00
20101129,19.95,20.13,19.47,19.75,1500501,77960152.00
20101130,19.75,19.90,18.20,18.90,2476614,123042888.00
20101201,18.78,18.80,18.38,18.49,1208783,59052600.00
20101202,18.90,19.55,18.90,19.15,1795545,90936208.00
20101203,19.12,19.26,18.39,18.56,1288339,63228332.00
20101206,18.54,18.63,17.63,17.76,1945163,92160312.00
20101207,17.63,18.51,17.55,18.42,1313035,62804108.00
20101208,18.40,18.98,18.39,18.67,1651773,81605568.00
20101209,18.67,18.78,18.00,18.06,1052999,50633632.00
20101210,18.29,19.90,18.29,19.89,3710125,189243296.00
20101213,20.10,20.52,19.75,20.29,3033671,161395376.00
20101214,20.44,21.63,20.16,20.48,3031425,165849216.00
20101215,20.48,20.90,20.15,20.56,1903106,102919336.00
20101216,20.25,21.67,20.22,20.90,2526835,140977184.00
20101217,20.90,22.02,20.41,21.62,2942069,164778624.00
20101220,21.48,22.17,20.53,21.77,3022633,170689312.00
20101221,21.77,21.79,20.98,21.08,2579296,144937712.00
20101222,21.08,21.48,20.68,21.02,1572808,87271536.00
20101223,20.86,21.09,20.22,20.27,1422844,76960920.00
20101224,20.13,20.26,19.24,19.89,1785360,92610144.00
20101227,19.89,20.64,19.44,19.90,1759002,93616568.00
20101228,19.90,19.90,18.85,18.98,1412389,71574432.00
20101229,18.98,19.83,18.71,19.56,1644173,84158424.00
20101230,19.56,20.32,19.44,19.94,1372069,71807808.00
20101231,19.93,20.90,19.93,20.70,1657470,89351984.00
20110104,21.08,21.14,20.33,20.75,1425914,77993328.00
20110105,20.71,20.85,20.37,20.43,1261856,68064304.00
20110106,20.44,20.60,20.05,20.19,1002350,53499652.00
20110107,20.21,20.35,19.44,19.59,1759573,91940808.00
20110110,19.52,19.54,18.88,18.98,1642406,82677792.00
20110111,18.96,18.96,18.20,18.44,1568969,76257008.00
20110112,18.61,19.02,18.36,19.01,1459965,71851120.00
20110113,19.55,19.75,18.78,18.80,1684651,85324968.00
20110114,18.65,18.65,17.91,18.08,1328795,63628024.00
20110118,17.11,17.80,17.03,17.59,1108885,50881932.00
20110119,17.86,18.16,17.66,18.12,861742,40675104.00
20110120,18.12,18.24,17.04,17.05,1368181,63100380.00
20110121,16.87,17.38,16.85,16.98,1124543,50826704.00
20110124,17.16,17.36,15.89,16.05,1381326,60004600.00
20110125,16.05,16.20,15.36,15.51,1658957,68502184.00
20110126,15.66,16.19,15.58,15.97,930975,39339032.00
20110127,15.89,16.46,15.58,16.28,787476,33601644.00
20110128,16.28,16.77,16.24,16.43,980496,42781264.00
20110131,16.51,16.66,16.22,16.56,674238,29353298.00
20110201,16.66,16.91,16.49,16.65,697657,30789810.00
20110209,16.44,16.80,16.35,16.51,701107,30628998.00
20110210,16.51,17.16,16.51,17.09,1186551,53058132.00
20110211,17.12,17.29,16.97,17.14,899804,40774344.00
20110214,17.28,17.57,17.14,17.47,901065,41436056.00
20110215,17.47,17.82,17.05,17.09,1463187,67372400.00
20110216,17.05,17.47,16.95,17.40,1342268,61038844.00
20110217,17.44,17.92,17.44,17.92,1647504,76944880.00
20110218,17.93,18.15,17.55,17.71,1175956,55378844.00
20110221,17.49,18.42,17.43,18.32,1779916,84877456.00
20110222,18.47,18.62,18.05,18.07,1996704,96414256.00
20110223,18.01,18.42,17.82,18.42,1646783,79173760.00
20110224,18.44,19.16,18.20,18.55,2029871,99996856.00
20110225,18.95,19.08,18.40,18.74,1317244,64751772.00
20110228,18.59,18.59,18.08,18.19,1783615,85627584.00
20110301,18.36,18.44,17.70,17.93,1494799,71098816.00
20110302,17.73,17.73,17.42,17.62,1738240,80460888.00
20110303,17.61,17.90,17.44,17.46,1176481,54842024.00
20110304,17.46,17.80,17.33,17.80,927061,42878848.00
20110307,17.80,18.00,17.70,17.78,1270788,59814372.00
20110308,17.85,17.92,17.64,17.71,941119,44019904.00
20110309,17.82,17.97,17.72,17.97,1317558,62032624.00
20110310,17.97,17.99,17.48,17.55,1756187,81469352.00
20110311,17.51,17.51,16.95,16.97,2294883,103665240.00
20110314,16.84,17.49,16.74,17.31,1195643,54300048.00
20110315,17.31,17.43,16.40,16.92,1512809,67089068.00
20110316,16.94,17.03,16.78,16.99,923924,41214412.00
20110317,16.85,16.96,16.50,16.62,835969,36949444.00
20110318,16.64,16.86,16.47,16.55,1312215,57485780.00
20110321,16.45,16.84,16.45,16.55,931847,40963380.00
20110322,16.74,16.84,16.49,16.55,946871,41568608.00
20110323,16.51,16.58,16.20,16.53,1273057,55111592.00
20110324,16.55,16.82,16.36,16.79,1419503,62651536.00
20110325,16.78,16.82,16.39,16.58,1223034,53586052.00
20110328,16.58,16.62,15.89,15.96,2100184,89492768.00
20110330,15.16,15.58,15.12,15.23,1851929,74883408.00
20110331,15.24,15.57,15.24,15.26,719251,29275596.00
20110401,15.27,15.54,15.16,15.34,659412,26642216.00
20110406,15.30,15.30,14.50,14.62,1721954,67192112.00
20110407,14.62,14.93,14.50,14.77,1746300,67942184.00
20110408,14.77,15.12,14.60,15.12,1087703,42950244.00
20110411,15.31,15.84,15.17,15.23,1417238,57868876.00
20110412,15.23,15.50,15.12,15.23,708423,28676472.00
20110413,15.24,15.38,15.09,15.34,1044577,41921496.00
20110414,15.39,15.50,15.19,15.24,846873,34385140.00
20110415,15.25,15.33,15.05,15.32,1020849,41053260.00
20110418,15.25,15.90,14.87,15.74,1815486,61454024.00
20110419,15.48,15.64,15.28,15.58,995287,33783916.00
20110420,15.67,15.88,15.58,15.80,896728,30923550.00
20110421,15.86,15.89,15.59,15.73,698443,24126550.00
20110422,15.73,15.73,15.35,15.39,651921,22180916.00
20110425,15.41,15.48,14.77,14.78,1046457,34407900.00
20110426,14.80,14.95,14.56,14.64,602864,19503782.00
20110427,14.72,14.86,14.09,14.18,999679,31465262.00
20110428,14.17,14.33,13.62,13.65,1006352,30595678.00
20110429,13.66,13.96,13.62,13.88,637316,19309252.00
20110503,13.86,14.00,13.63,13.91,832466,25401294.00
20110504,13.89,13.98,13.60,13.62,929348,28202746.00
20110505,13.62,13.85,13.51,13.71,444227,13390931.00
20110506,13.61,14.79,13.53,14.73,2306494,72573944.00
20110509,14.74,14.88,14.58,14.69,1096538,35426432.00
20110510,14.74,15.33,14.71,14.88,1706860,56360500.00
20110511,14.83,15.07,14.73,14.86,840367,27510384.00
20110512,14.74,14.98,14.33,14.35,903781,29018130.00
20110513,14.28,14.48,14.19,14.42,613302,19321038.00
20110516,14.42,14.98,14.37,14.81,1712775,55579672.00
20110517,14.77,14.77,13.68,13.93,2312223,71166424.00
20110518,13.75,14.10,13.70,13.93,764303,23349588.00
20110519,13.98,14.45,13.98,14.02,575396,17961660.00
20110520,13.82,14.00,13.82,13.95,566005,17289742.00
20110523,13.94,14.03,13.59,13.72,953575,28874960.00
20110524,13.71,13.80,12.99,13.61,953889,28090816.00
20110525,13.58,13.58,13.22,13.29,649023,19058182.00
20110526,13.29,13.39,13.12,13.16,551685,16097714.00
20110527,13.17,13.54,12.99,13.33,919133,26898288.00
20110530,13.17,13.33,12.88,13.03,893512,25789838.00
20110531,12.85,13.16,12.85,13.16,732906,21014578.00
20110601,13.18,13.39,13.00,13.36,953270,27942194.00
20110602,13.17,13.54,13.08,13.45,1049187,30648918.00
20110603,13.44,13.72,13.42,13.64,721237,21596630.00
20110607,13.49,13.73,13.49,13.64,563224,16904412.00
20110608,13.68,13.81,13.38,13.75,657474,19741210.00
20110609,13.63,13.66,13.42,13.45,448872,13356902.00
20110610,13.29,14.65,13.17,13.77,1263328,38205408.00
20110613,13.60,13.89,13.22,13.83,1180229,35609128.00
20110614,13.83,14.16,13.73,14.01,808563,24926834.00
20110615,14.00,14.11,13.91,14.04,811679,25101546.00
20110616,13.81,13.97,13.55,13.62,702819,21368768.00
20110617,13.57,13.82,13.57,13.63,743301,22419090.00
20110620,13.63,13.63,13.41,13.45,507815,15098362.00
20110621,13.53,13.56,13.30,13.51,605784,17885468.00
20110622,13.54,13.58,13.17,13.23,1005360,29492772.00
20110623,13.22,13.70,13.06,13.67,1191949,35050460.00
20110624,13.55,14.18,13.50,14.00,2287121,70088072.00
20110627,14.02,14.40,14.00,14.31,2514564,78211072.00
20110628,14.27,14.33,14.04,14.29,1885898,58695820.00
20110629,14.29,14.56,13.92,14.02,2263815,70640376.00
20110630,14.04,14.30,13.92,14.17,1848882,57576108.00
20110701,14.38,14.70,14.34,14.36,2998100,95300616.00
20110705,14.63,14.83,14.34,14.52,4520892,144690592.00
20110706,14.50,14.51,14.23,14.40,2229758,70328792.00
20110707,14.42,14.93,14.24,14.81,5249195,168864528.00
20110708,14.74,15.16,14.64,14.95,3677142,120422752.00
20110711,14.90,14.90,14.56,14.78,2323656,75175216.00
20110712,14.54,14.63,14.36,14.48,1622701,51735376.00
20110713,14.45,14.88,14.45,14.74,1397420,45072332.00
20110714,14.76,15.06,14.65,15.02,2326229,76185792.00
20110715,15.02,15.26,14.91,15.26,1967849,65164536.00
20110718,15.22,15.42,14.89,14.92,2948034,98157192.00
20110719,14.81,14.86,14.52,14.58,1865159,59949284.00
20110720,14.61,14.76,14.33,14.61,1319760,42239600.00
20110721,14.60,14.73,14.35,14.36,1274755,40686852.00
20110722,14.37,14.92,14.37,14.92,2558244,83044112.00
20110725,14.73,14.84,13.95,14.01,3253436,102243368.00
20110726,14.01,14.11,13.63,13.77,1652630,50065852.00
20110727,13.64,14.17,13.62,14.02,1771493,54376048.00
20110728,13.80,13.94,13.68,13.86,791616,24085138.00
20110729,13.86,13.96,13.38,13.45,1731473,51614572.00
20110801,13.42,13.63,13.42,13.55,1131803,33710416.00
20110802,13.53,13.53,13.26,13.49,838582,24638350.00
20110803,13.45,13.96,13.23,13.86,1363800,41200680.00
20110804,13.94,14.07,13.73,13.97,1219206,37230588.00
20110805,13.54,13.82,13.40,13.63,1362145,40883268.00
20110808,13.61,13.63,12.38,12.60,2250304,64188760.00
20110809,12.25,12.60,11.78,12.48,2119490,57286444.00
20110810,12.70,12.85,12.41,12.48,3258028,90361792.00
20110811,12.15,12.50,12.02,12.49,2329311,63302728.00
20110812,12.73,13.10,12.64,12.99,3673361,104079112.00
20110815,13.03,13.11,12.85,13.05,1572686,45054516.00
20110816,13.07,13.15,12.72,12.77,1589438,45071836.00
20110817,12.72,12.83,12.60,12.69,791392,22150432.00
20110818,12.69,12.73,12.40,12.40,1130986,31172254.00
20110819,12.04,12.36,11.98,12.25,1158901,31099728.00
20110822,12.30,12.35,12.05,12.11,1164490,31254294.00
20110823,12.11,12.32,12.09,12.32,1041976,28055322.00
20110824,12.45,13.53,12.43,13.19,6134907,176624480.00
20110825,13.07,13.42,12.95,13.39,3113864,90280640.00
20110826,13.84,13.86,13.11,13.55,5585157,165724896.00
20110829,13.29,13.43,13.22,13.33,2271643,66632012.00
20110830,13.43,13.48,13.01,13.02,1744915,51142736.00
20110831,13.04,13.17,12.73,13.17,1766785,50267084.00
20110901,13.12,13.51,12.89,12.99,1138335,32813670.00
20110902,12.89,12.98,12.57,12.92,1016798,28569468.00
20110905,12.80,12.80,12.48,12.50,754454,21008274.00
20110906,12.34,12.79,12.22,12.29,1211778,33046200.00
20110907,12.41,12.65,12.28,12.59,969596,26684670.00
20110908,12.65,12.78,12.42,12.42,983176,27309920.00
20110909,12.50,12.68,12.14,12.15,852991,23198688.00
20110913,11.98,11.98,11.55,11.65,2427889,63006928.00
20110914,11.64,11.77,11.54,11.77,1001925,25810960.00
20110915,11.78,12.06,11.78,12.06,1250234,32935272.00
20110916,12.27,12.27,11.97,11.98,765508,20413252.00
20110919,11.93,11.93,11.65,11.87,544445,14090689.00
20110920,11.64,12.03,11.53,11.85,673265,17477016.00
20110921,11.79,12.27,11.68,12.20,1069476,28431668.00
20110922,12.13,12.13,11.73,11.88,877398,23077380.00
20110923,11.55,11.75,11.44,11.53,1092419,27918836.00
20110926,11.46,11.61,11.21,11.23,883804,22257334.00
20110927,11.32,11.43,10.90,11.14,1109006,27247326.00
20110928,11.23,11.25,10.76,10.81,934774,22663032.00
20110929,10.81,10.86,10.35,10.68,1308295,30892974.00
20110930,10.56,10.78,10.41,10.55,655530,15299556.00
20111010,10.58,10.76,10.56,10.67,913930,21592780.00
20111012,10.66,11.04,10.47,11.01,1862620,44795776.00
20111013,11.02,11.25,10.91,11.16,2222411,54524600.00
20111014,11.09,11.15,10.76,10.92,1231040,29685646.00
20111017,10.86,11.30,10.86,11.23,2057792,50931748.00
20111018,11.24,11.24,10.90,10.95,1162343,28466292.00
20111019,11.02,11.20,10.91,11.17,1021932,25011896.00
20111020,11.15,11.17,10.39,10.62,1155179,27167988.00
20111021,10.53,10.66,10.30,10.30,723047,16731723.00
20111024,10.23,10.57,10.11,10.33,932176,21321210.00
20111025,10.54,11.39,10.49,11.17,5107914,123122960.00
20111026,11.00,11.73,10.91,11.57,6115661,154510560.00
20111027,11.55,11.66,11.33,11.57,2450787,62294976.00
20111028,11.65,11.74,11.16,11.23,11176359,278987104.00
20111031,11.22,11.95,11.10,11.57,7606604,192352256.00
20111101,11.45,11.47,11.20,11.26,12003263,300804992.00
20111102,11.00,12.05,10.92,12.05,12297070,312555776.00
20111103,12.20,12.70,12.10,12.13,12932108,352808384.00
20111104,12.19,12.34,12.00,12.11,5427107,145156480.00
20111107,12.11,12.27,11.83,12.25,4815395,128677056.00
20111108,12.22,12.23,11.90,11.94,3509210,93368312.00
20111109,11.99,12.19,11.80,12.19,5990469,158436208.00
20111110,12.00,12.40,11.87,12.04,11616723,311651264.00
20111111,12.01,12.01,11.60,11.61,8917094,231128208.00
20111114,11.95,12.17,11.82,12.11,7955154,210546480.00
20111115,12.10,12.56,12.08,12.45,7952540,216880864.00
20111116,12.50,12.83,12.30,12.35,11589612,321395584.00
20111117,12.41,12.64,12.16,12.50,5479726,150384768.00
20111118,12.41,12.50,11.87,11.89,4885690,130567344.00
20111121,11.90,12.08,11.51,11.77,3581562,93014096.00
20111122,11.59,11.82,11.53,11.78,2288070,59016748.00
20111123,11.76,12.01,11.76,11.83,1875125,49246776.00
20111124,11.65,11.76,11.42,11.53,2217416,56613788.00
20111125,11.65,11.92,11.50,11.54,2789917,72207432.00
20111128,11.36,11.37,10.81,10.85,7453712,181033216.00
20111129,10.97,10.99,10.71,10.84,6051095,145238832.00
20111130,10.83,10.84,10.35,10.76,5238315,122365472.00
20111201,10.86,11.03,10.50,10.50,8791859,210762592.00
20111202,10.73,10.73,9.74,9.92,6409751,142989120.00
20111205,9.95,9.97,9.23,9.33,4725377,98674224.00
20111206,9.23,9.49,9.15,9.44,2830228,58713388.00
20111207,9.40,9.52,9.27,9.34,1780247,37053908.00
20111208,9.37,9.55,9.05,9.35,3601211,74516080.00
20111209,9.19,9.35,9.17,9.30,1890747,38822444.00
20111212,9.30,9.35,9.05,9.17,2008477,41067368.00
20111213,9.15,9.15,8.54,8.54,4272701,83142800.00
20111214,8.55,8.66,8.47,8.55,3741210,71198752.00
20111215,8.43,8.66,8.36,8.48,3594569,68217344.00
20111216,8.54,8.80,8.48,8.80,3921315,75268768.00
20111219,8.75,9.23,8.59,9.16,4701314,93817280.00
20111220,9.14,9.40,8.97,9.00,3361282,68591544.00
20111221,9.09,9.09,8.40,8.48,4423260,86008136.00
20111222,8.34,8.56,7.95,8.49,4959595,90516720.00
20111223,8.36,8.70,8.36,8.64,3106708,59212028.00
20111226,8.70,8.81,8.48,8.51,2052046,39504388.00
20111227,8.48,8.77,8.37,8.49,2696982,51504388.00
20111228,8.30,8.77,8.30,8.61,3091089,58965264.00
20111229,8.46,8.83,8.45,8.75,3163413,61239352.00
20111230,8.75,9.23,8.75,9.04,4288482,86211960.00
20120104,9.08,9.19,8.80,8.86,2564557,51396564.00
20120105,8.81,8.95,8.08,8.20,2870339,54377456.00
20120106,8.11,8.39,7.99,8.35,1654159,30115340.00
20120109,8.36,8.67,8.21,8.66,2166107,40892412.00
20120110,8.66,9.05,8.66,9.03,3056963,60478564.00
20120111,9.00,9.41,8.93,9.10,3669907,74971536.00
20120112,8.92,9.28,8.92,9.21,4177692,85174224.00
20120113,9.17,9.23,8.73,8.73,2696116,53348972.00
20120116,8.70,8.70,8.08,8.11,2271592,42105060.00
20120117,8.10,8.61,7.98,8.59,3372119,62412220.00
20120118,8.65,8.68,8.23,8.26,2747181,51622752.00
20120119,8.17,8.39,8.08,8.26,2604652,47778504.00
20120120,8.34,8.46,8.21,8.45,2251263,41889092.00
20120130,8.65,8.85,8.54,8.63,3474526,67314728.00
20120131,8.54,8.66,8.36,8.48,2668806,50264260.00
20120201,8.48,8.66,8.40,8.45,2744267,52012320.00
20120202,8.49,8.58,8.39,8.57,1991015,37578900.00
20120203,8.57,8.92,8.55,8.86,4459209,86859016.00
20120206,8.86,9.08,8.81,8.92,4166559,82558336.00
20120207,8.82,8.90,8.56,8.64,3514148,67985864.00
20120208,8.63,9.05,8.63,9.05,4394509,86680168.00
20120209,9.01,9.17,8.95,9.07,4534876,91507888.00
20120210,9.07,9.36,8.92,9.29,6545214,133425304.00
20120213,9.16,9.62,9.13,9.45,8284627,173154480.00
20120214,9.44,9.61,9.34,9.48,4872669,102061512.00
20120215,9.46,9.67,9.40,9.52,5486444,115759920.00
20120216,9.51,9.66,9.23,9.35,5100486,106815296.00
20120217,9.46,9.58,9.23,9.46,4038311,84214488.00
20120220,9.61,9.81,9.51,9.58,6531165,140073872.00
20120221,9.51,10.35,9.36,10.31,11137346,242742176.00
20120222,10.23,10.78,10.14,10.48,13881173,320509568.00
20120223,10.43,10.70,10.23,10.39,7461726,171795552.00
20120224,10.34,11.09,10.24,11.04,10786088,255053360.00
20120227,11.04,11.24,10.91,10.95,9533573,233353968.00
20120228,10.88,10.88,10.64,10.76,5843139,138998096.00
20120229,10.76,10.80,10.21,10.24,7523464,174942656.00
20120301,10.17,10.55,10.15,10.30,6316520,145554752.00
20120302,10.37,10.52,10.34,10.45,4108927,94643640.00
20120305,10.51,10.70,10.49,10.53,4576625,107254264.00
20120306,10.53,10.61,10.14,10.21,5930114,135028560.00
20120307,10.16,10.51,10.06,10.28,3818416,87083704.00
20120308,10.29,10.33,10.00,10.10,12174014,271800192.00
20120309,10.09,10.32,9.93,10.31,12043382,268675168.00
20120312,10.28,10.49,10.24,10.46,8396253,192553104.00
20120313,10.46,10.46,10.32,10.39,6133902,140825632.00
20120314,10.45,10.90,10.03,10.22,14964738,348345600.00
20120315,10.07,10.27,9.93,10.00,6271565,140050304.00
20120316,10.02,10.17,9.94,10.13,7331900,163702976.00
20120319,10.13,10.34,10.09,10.23,5554157,125573368.00
20120320,10.18,10.19,9.51,9.52,10516593,228112592.00
20120321,9.59,9.63,9.13,9.19,8146752,168510384.00
20120322,9.24,9.26,8.87,8.98,8231159,165082080.00
20120323,8.96,9.06,8.81,8.86,5345148,106019712.00
20120326,8.89,8.94,8.55,8.63,6372788,123538696.00
20120327,8.70,8.82,8.45,8.58,5846588,112487552.00
20120328,8.54,8.67,8.48,8.53,6269593,119383008.00
20120330,8.31,8.48,8.24,8.36,5791066,107410928.00
20120405,8.36,8.61,8.30,8.56,4941921,93156360.00
20120406,8.57,8.61,8.44,8.49,3985914,75479968.00
20120409,8.47,8.47,8.24,8.24,3838569,71204104.00
20120410,8.12,8.23,7.95,8.23,5260559,94823160.00
20120411,8.12,8.23,8.00,8.06,5922342,106823800.00
20120412,8.14,8.61,8.05,8.52,11562969,212594560.00
20120413,8.47,8.67,8.39,8.55,8540896,161721648.00
20120416,8.51,8.59,8.41,8.53,5386094,101888352.00
20120417,8.55,8.74,8.43,8.50,7573107,144411312.00
20120418,8.57,8.57,8.16,8.42,13622956,208848912.00
20120419,8.38,8.42,8.26,8.32,6787680,103696624.00
20120420,8.26,8.69,8.18,8.68,12168268,189467136.00
20120423,8.60,8.67,8.32,8.37,7380294,115193176.00
20120424,8.22,8.37,7.70,8.07,11562571,170169200.00
20120425,7.99,8.00,7.76,7.95,6863625,99495328.00
20120426,7.95,8.42,7.82,8.17,9020156,135305680.00
20120427,8.18,8.22,7.97,7.98,4596951,68111160.00
20120502,8.21,8.26,8.00,8.03,4777918,71044096.00
20120503,8.00,8.25,7.95,8.15,4783766,71334200.00
20120504,8.17,8.40,8.12,8.35,8892658,135571728.00
20120507,8.30,8.51,8.27,8.48,8542579,132103776.00
20120508,8.54,8.55,8.32,8.40,9899315,152996000.00
20120509,8.33,8.33,7.96,7.97,11117276,166355968.00
20120510,7.98,8.08,7.95,7.98,6759889,99596032.00
20120511,8.00,8.04,7.82,7.83,6052134,88319128.00
20120514,7.91,7.93,7.77,7.80,4482588,64795592.00
20120515,7.75,7.83,7.67,7.81,4088205,58111028.00
20120516,7.81,8.00,7.77,7.90,5939029,86497472.00
20120517,7.87,8.05,7.83,7.96,5623641,82271168.00
20120518,7.89,7.95,7.71,7.82,5441199,78076136.00
20120521,7.78,7.83,7.69,7.75,2804615,40045508.00
20120522,7.79,7.87,7.77,7.83,3391124,48835112.00
20120523,7.83,7.85,7.68,7.74,3194182,45613588.00
20120524,7.71,7.81,7.70,7.78,3531224,50359296.00
20120525,7.77,7.80,7.55,7.60,3856491,54641952.00
20120528,7.51,7.68,7.22,7.64,7450975,102405152.00
20120529,7.66,7.80,7.63,7.76,5026646,71615816.00
20120530,7.75,7.89,7.69,7.81,4570203,65713232.00
20120531,7.78,8.08,7.75,7.98,9824899,144392688.00
20120601,7.97,8.04,7.81,7.88,5340424,77630192.00
20120604,7.68,7.75,7.48,7.49,5205082,73148008.00
20120605,7.45,7.57,7.41,7.45,3336565,46001200.00
20120606,7.68,8.21,7.68,7.75,12688131,184269200.00
20120607,7.83,7.88,7.49,7.56,10982122,155135296.00
20120608,7.63,7.63,7.35,7.40,7185616,98589704.00
20120611,7.43,7.66,7.43,7.59,7028206,98065112.00
20120612,7.53,7.57,7.42,7.42,5714130,78608000.00
20120613,7.38,7.65,7.28,7.65,10201847,140796224.00
20120614,7.65,7.71,7.53,7.55,8755613,122915232.00
20120615,7.49,7.63,7.47,7.58,6828625,94926696.00
20120618,7.61,7.82,7.56,7.82,11780915,167007504.00
20120619,7.82,7.82,7.62,7.65,10595685,150502896.00
20120620,7.77,8.32,7.77,8.05,28424060,420823360.00
20120621,7.96,8.16,7.85,8.03,18801223,276307168.00
20120625,7.89,7.92,7.30,7.35,20642008,287763936.00
20120626,7.13,7.13,6.83,6.93,16957223,219140256.00
20120627,6.91,6.96,6.58,6.62,21619662,268567456.00
20120628,6.52,6.60,6.25,6.27,16213238,193560576.00
20120629,6.23,6.47,6.18,6.46,13798944,161179712.00
20120702,6.35,6.65,6.32,6.57,19567669,236312224.00
20120703,6.56,6.80,6.53,6.72,17459714,216116288.00
20120704,6.71,6.86,6.66,6.85,16511420,206974848.00
20120705,6.78,6.78,6.34,6.42,13060035,156991760.00
20120706,6.48,6.66,6.19,6.63,13413614,159424480.00
20120709,6.50,7.10,6.46,6.77,18730500,235501744.00
20120710,6.70,6.97,6.61,6.63,10888873,136783296.00
20120711,6.64,6.90,6.53,6.85,9516296,118846944.00
20120712,6.77,6.96,6.70,6.87,9866256,124920392.00
20120713,6.83,6.88,6.54,6.63,9228870,114308704.00
20120716,6.64,6.65,6.29,6.31,7762890,91753864.00
20120717,6.27,6.50,6.27,6.46,5519846,65331136.00
20120718,6.41,6.51,6.32,6.51,4932751,58380324.00
20120719,6.48,6.71,6.43,6.56,7411620,90434200.00
20120720,6.61,6.80,6.49,6.74,9021444,110985392.00
20120723,6.85,7.02,6.76,6.80,12614416,160306256.00
20120724,6.66,7.02,6.63,6.97,11758574,149149184.00
20120725,6.90,7.18,6.87,6.98,12926353,168507104.00
20120726,6.99,7.08,6.78,6.80,7165111,91542288.00
20120727,6.77,6.97,6.75,6.89,7365188,93488440.00
20120730,6.88,6.92,6.61,6.62,5220429,65214060.00
20120731,6.66,6.67,6.23,6.32,9963431,117288320.00
20120801,6.28,6.52,6.27,6.43,4917210,58473896.00
20120802,6.46,6.51,6.36,6.43,2997653,35629412.00
20120803,6.47,6.65,6.42,6.63,4514752,54577636.00
20120806,6.60,6.91,6.55,6.88,8888038,111835456.00
20120807,6.86,7.03,6.80,6.97,9962044,127620496.00
20120808,6.96,7.20,6.96,7.05,12504418,163393120.00
20120809,7.00,7.18,6.95,7.12,9743822,127611632.00
20120810,7.06,7.42,7.05,7.21,13931319,186604224.00
20120813,7.16,7.16,6.91,6.91,8157331,105741080.00
20120814,6.93,7.42,6.85,7.41,15655724,205487360.00
20120815,7.38,7.38,7.15,7.18,10327052,138372944.00
20120816,7.17,7.42,7.14,7.23,9779572,131802808.00
20120817,7.18,7.27,7.07,7.17,5079595,67215136.00
20120820,7.11,7.27,7.02,7.27,4933363,65000652.00
20120821,7.27,7.70,7.19,7.62,15202673,210521056.00
20120822,7.55,7.69,7.42,7.53,7296651,101423120.00
20120823,7.56,7.91,7.52,7.78,13312945,190692448.00
20120824,7.76,8.11,7.72,7.76,14436247,210544944.00
20120827,7.70,7.90,7.47,7.77,10134991,143312464.00
20120828,7.64,7.86,7.53,7.71,5996390,85290392.00
20120829,7.70,8.02,7.62,7.80,7458691,107892672.00
20120830,7.78,7.92,7.39,7.78,8727979,122866536.00
20120831,7.71,7.73,7.53,7.55,5026696,70385416.00
20120903,7.49,7.85,7.45,7.82,6102719,86857608.00
20120904,7.82,8.08,7.76,7.91,10161715,148668288.00
20120905,7.90,8.19,7.82,8.01,8436299,124677000.00
20120906,7.90,8.13,7.84,7.95,5803095,84907880.00
20120907,8.07,8.27,7.96,8.19,12090107,180749376.00
20120910,8.18,8.38,8.10,8.30,10304588,156389296.00
20120911,8.27,8.42,8.12,8.23,8753636,133230408.00
20120912,8.27,8.40,8.05,8.18,7314671,110020792.00
20120913,8.17,8.31,8.02,8.10,8808788,132130352.00
20120914,8.16,8.20,7.90,7.92,8506593,125316736.00
20120917,7.91,8.03,7.66,7.66,8040321,115180936.00
20120918,7.63,7.80,7.58,7.80,4437468,62972988.00
20120919,7.88,8.13,7.82,7.85,10341099,151891552.00
20120920,7.85,7.85,7.31,7.35,9285154,128275840.00
20120921,7.32,7.42,7.18,7.37,5538919,74803536.00
20120924,7.28,7.62,7.23,7.53,4500571,61827880.00
20120925,7.53,7.53,7.21,7.24,5435395,73369368.00
20120926,7.18,7.27,6.66,6.71,9461311,121307232.00
20120927,6.72,6.98,6.61,6.80,6090804,76653640.00
20120928,6.75,6.96,6.70,6.94,4768527,60309592.00
20121008,6.96,7.06,6.79,6.83,4883728,61921584.00
20121009,6.82,7.25,6.79,7.18,9039012,118015000.00
20121010,7.17,7.30,7.08,7.30,4852764,64624252.00
20121011,7.30,7.31,7.13,7.17,4044068,53716296.00
20121012,7.23,7.27,6.95,7.04,3606657,47145528.00
20121015,7.04,7.04,6.55,6.95,8945026,111329320.00
20121016,6.84,6.95,6.72,6.76,5521308,69438016.00
20121017,6.77,6.86,6.66,6.83,4627011,57769744.00
20121018,6.82,7.00,6.80,6.99,5162783,65994792.00
20121019,6.99,7.02,6.91,6.99,3804593,48906620.00
20121022,6.94,7.15,6.81,7.10,4709759,61002692.00
20121023,7.05,7.17,6.97,6.97,3867462,50322708.00
20121024,6.91,6.96,6.76,6.79,4345520,54874492.00
20121025,6.78,6.91,6.77,6.80,3341573,42165756.00
20121026,6.70,6.70,6.10,6.10,15989794,184201712.00
20121029,5.95,5.96,5.72,5.81,9940748,106654192.00
20121030,5.81,5.87,5.77,5.80,4465114,48153524.00
20121031,5.80,5.86,5.69,5.83,4269281,45796880.00
20121101,5.82,5.95,5.81,5.90,5671033,62000432.00
20121102,5.91,5.96,5.83,5.88,3260302,35597768.00
20121105,5.91,6.07,5.87,6.01,6082932,67272768.00
20121106,6.02,6.03,5.81,5.91,4405887,48196232.00
20121107,5.92,5.92,5.83,5.86,2233356,24290876.00
20121108,5.81,5.81,5.57,5.57,4817035,50754128.00
20121109,5.56,5.58,5.42,5.47,4456844,45593992.00
20121112,5.46,5.54,5.45,5.52,3060252,31260654.00
20121113,5.53,5.63,5.42,5.52,5268928,54381492.00
20121114,5.52,5.65,5.52,5.61,3754665,39041008.00
20121115,5.58,5.64,5.50,5.53,2974068,30758950.00
20121116,5.53,5.54,5.41,5.53,3134454,31948180.00
20121119,5.55,5.56,5.45,5.52,2737622,27946594.00
20121120,5.54,5.57,5.43,5.44,4033412,41178268.00
20121121,5.43,5.49,5.25,5.45,5120484,51273472.00
20121122,5.41,5.48,5.30,5.45,4194346,41935744.00
20121123,5.42,5.46,5.35,5.43,3286317,33102752.00
20121126,5.43,5.56,5.41,5.45,4774229,48669400.00
20121127,5.38,5.46,5.23,5.25,5054775,50216516.00
20121128,5.21,5.21,4.90,4.93,4645966,43345204.00
20121129,4.94,5.00,4.84,4.85,2704575,24789544.00
20121130,4.86,4.93,4.82,4.90,2814602,25595172.00
20121203,4.91,4.93,4.61,4.65,3713427,33063630.00
20121204,4.63,4.84,4.60,4.80,3761539,33046164.00
20121205,4.80,5.03,4.76,4.97,5780567,53230464.00
20121206,4.99,5.20,4.96,5.02,5382779,50755312.00
20121207,5.02,5.16,4.95,5.15,6412889,60779508.00
20121210,5.17,5.27,5.10,5.25,6843722,66108904.00
20121211,5.21,5.37,5.13,5.31,7829535,76736576.00
20121212,5.27,5.39,5.22,5.30,5765621,56790208.00
20121213,5.26,5.31,5.10,5.11,4307631,41458424.00
20121214,5.09,5.34,5.07,5.31,12844020,125277768.00
20121217,5.29,5.58,5.29,5.45,16201469,164337712.00
20121218,5.43,5.53,5.34,5.37,16593774,167446272.00
20121219,5.35,5.43,5.27,5.38,8530361,85087576.00
20121220,5.36,5.53,5.30,5.53,17870598,180809888.00
20121221,5.55,5.57,5.38,5.45,10703324,108630688.00
20121224,5.39,5.53,5.36,5.50,10277164,104283888.00
20121225,5.47,5.69,5.37,5.65,18731508,193455328.00
20121226,5.63,5.86,5.60,5.82,18031069,191661120.00
20121227,5.92,5.98,5.71,5.73,19079615,206876448.00
20121228,5.77,6.32,5.73,6.32,25144352,282477920.00
20121231,6.49,6.73,6.32,6.34,32611938,392840800.00
20130104,6.37,6.44,6.01,6.07,21270836,241503472.00
20130107,6.07,6.45,5.94,6.27,19052071,220110272.00
20130108,6.21,6.82,6.20,6.57,25313877,307244384.00
20130109,6.65,6.85,6.35,6.40,25869932,313023040.00
20130110,6.40,6.77,6.26,6.67,25525723,310080096.00
20130111,6.68,7.04,6.60,6.90,41023666,519903008.00
20130114,6.72,7.59,6.71,7.57,37018532,483741088.00
20130115,7.61,8.12,7.33,7.37,43589553,615440768.00
20130116,7.38,7.54,7.18,7.51,28088860,381487584.00
20130117,7.48,7.48,6.87,6.88,25818116,336679904.00
20130118,6.85,7.08,6.85,6.93,15771070,203534112.00
20130121,6.95,6.96,6.74,6.81,16384658,206315328.00
20130122,6.83,7.01,6.63,6.71,14068776,177918224.00
20130123,6.65,6.92,6.60,6.91,13924837,175264000.00
20130124,6.92,7.17,6.75,6.81,21749142,278995296.00
20130125,6.76,6.90,6.71,6.74,9557250,119941200.00
20130128,6.82,6.92,6.76,6.91,14594318,184710752.00
20130129,6.91,6.96,6.81,6.86,14151186,179617760.00
20130130,6.85,7.18,6.80,7.04,22575323,292283968.00
20130131,7.02,7.04,6.71,6.72,20092365,253268192.00
20130201,6.73,6.79,6.66,6.74,11036078,137080016.00
20130204,6.74,6.86,6.39,6.41,16901104,204861168.00
20130205,6.36,6.51,6.28,6.46,8243687,97402752.00
20130206,6.43,6.61,6.43,6.55,7393360,89215232.00
20130207,6.55,6.68,6.48,6.66,7719861,93999168.00
20130208,6.61,6.76,6.61,6.68,8463231,104579456.00
20130218,6.78,6.86,6.63,6.75,10401155,129660048.00
20130219,6.75,6.76,6.51,6.55,8649945,105453256.00
20130220,6.53,6.65,6.52,6.61,8298188,101121904.00
20130221,6.58,6.58,6.33,6.38,9109500,108541504.00
20130222,6.37,6.57,6.33,6.47,7590035,90892072.00
20130225,6.49,6.55,6.42,6.47,4564682,54706348.00
20130226,6.42,6.58,6.40,6.46,7574144,90789472.00
20130227,6.47,6.65,6.42,6.65,11743119,142151968.00
20130228,6.72,6.76,6.59,6.73,12760928,157420992.00
20130301,6.73,6.95,6.68,6.93,18361918,233111168.00
20130304,6.91,7.12,6.79,6.88,23463302,301283648.00
20130305,6.88,7.18,6.84,7.16,27964325,365636512.00
20130306,7.27,7.85,7.11,7.57,41840355,573879616.00
20130307,7.43,7.77,7.32,7.32,27376098,378368864.00
20130308,7.37,7.42,7.01,7.04,17481158,231324272.00
20130311,7.10,7.23,7.00,7.09,9209766,121059416.00
20130312,7.09,7.18,6.71,6.84,14533702,185573616.00
20130313,6.81,6.87,6.62,6.73,8632379,107315152.00
20130314,6.80,7.05,6.80,6.90,10920771,139902944.00
20130315,6.90,7.08,6.74,6.91,14277778,182814992.00
20130318,6.92,6.96,6.76,6.76,6951261,88003888.00
20130319,6.71,6.87,6.70,6.85,6627998,83273680.00
20130320,6.87,7.25,6.83,7.23,14302870,186368832.00
20130321,7.21,7.30,7.16,7.27,14543317,193912896.00
20130322,7.27,7.44,7.19,7.33,13989391,189308496.00
20130325,7.32,7.38,7.13,7.14,9525530,127127240.00
20130326,7.10,7.52,7.05,7.49,19377454,261668336.00
20130327,7.46,7.63,7.32,7.43,17474529,241416800.00
20130328,7.35,7.35,7.13,7.19,12309327,164327456.00
20130329,7.26,7.53,7.20,7.41,14865079,203165904.00
20130401,7.41,7.76,7.40,7.73,21947520,308578080.00
20130402,7.70,7.76,7.36,7.42,18348213,254964560.00
20130403,7.38,7.69,7.38,7.53,13242583,183860272.00
20130408,7.32,7.87,7.22,7.85,22285999,316227936.00
20130409,7.80,7.87,7.69,7.81,15832672,226682688.00
20130410,7.81,8.01,7.70,7.71,18237358,263841568.00
20130411,7.69,7.78,7.40,7.43,16761296,233122304.00
20130412,7.40,7.58,7.31,7.42,9392551,129405824.00
20130415,7.42,7.48,7.18,7.21,9206152,123684104.00
20130416,7.16,7.39,7.13,7.37,6701861,89949440.00
20130417,7.37,7.46,7.27,7.38,7501402,101992248.00
20130418,7.32,7.57,7.27,7.55,8836873,121411072.00
20130419,7.55,7.70,7.53,7.59,12025914,168769744.00
20130422,7.49,7.67,7.41,7.56,10864576,150421552.00
20130423,7.68,7.69,7.14,7.16,15078260,171440800.00
20130424,7.19,7.50,7.08,7.40,12934026,143682768.00
20130425,7.33,7.44,7.08,7.11,11364727,126167328.00
20130426,6.93,7.00,6.38,6.38,25481145,254015904.00
20130502,6.26,6.31,6.08,6.18,12647096,119822800.00
20130503,6.18,6.38,6.18,6.22,13171072,126839872.00
20130506,6.26,6.58,6.26,6.54,16744537,164655376.00
20130507,6.53,6.72,6.47,6.66,14587601,147637984.00
20130508,6.70,6.81,6.60,6.66,14569838,149762864.00
20130509,6.68,7.20,6.64,7.13,24118458,256349584.00
20130510,7.18,7.86,7.06,7.73,42886979,496067328.00
20130513,8.00,8.14,7.73,8.08,48253107,586030144.00
20130514,8.06,8.06,7.66,7.74,26686474,318347552.00
20130515,7.74,7.97,7.66,7.86,24101267,288200416.00
20130516,7.86,8.65,7.78,8.18,45690605,576537984.00
20130517,8.15,8.41,8.03,8.20,30991503,389053664.00
20130520,8.26,9.03,8.26,9.03,46853380,625997952.00
20130521,9.05,9.40,8.88,9.12,48428485,676057536.00
20130522,9.14,9.30,8.79,8.93,29068297,398664992.00
20130523,8.81,9.53,8.81,9.06,39241487,553646592.00
20130524,9.12,9.46,8.86,9.26,28873112,404369568.00
20130527,9.20,9.38,8.96,9.03,23313690,325295520.00
20130528,9.08,9.14,8.40,8.53,35161434,463965952.00
20130529,8.53,8.73,8.48,8.67,19574908,257587056.00
20130530,8.60,8.83,8.53,8.68,17995050,238383104.00
20130531,8.69,8.92,8.47,8.74,25424894,337332416.00
20130603,8.97,9.45,8.78,9.24,39744579,554709888.00
20130604,9.13,9.20,8.64,8.71,26583380,359605984.00
20130605,8.73,8.86,8.52,8.69,14051573,185605216.00
20130606,8.72,9.33,8.71,8.94,29311021,403700000.00
20130607,8.91,9.05,8.41,8.50,24197456,317676128.00
20130613,8.43,9.12,7.86,8.88,31350813,410449824.00
20130614,8.78,9.78,8.70,9.78,67798595,976763840.00
20130617,9.86,10.05,9.60,9.91,54685253,815167360.00
20130618,9.91,9.91,9.49,9.76,34127260,503534560.00
20130619,9.73,10.10,9.46,9.92,43953848,657776000.00
20130620,9.72,10.37,9.35,9.50,49008589,743011328.00
20130621,9.18,9.53,8.60,9.39,31604448,439078592.00
20130624,9.33,9.60,8.76,9.11,36548690,515848896.00
20130625,8.81,9.32,8.18,9.15,48927412,653185088.00
20130626,9.09,9.94,8.87,9.90,55716015,809608064.00
20130627,9.93,9.99,9.48,9.66,42192485,627568256.00
20130628,9.48,9.74,9.06,9.18,41635208,594139328.00
20130701,8.54,9.14,8.33,9.03,45014866,598814080.00
20130702,8.91,9.34,8.87,9.18,31039258,431857024.00
20130703,9.06,9.88,8.90,9.76,48650369,699767296.00
20130704,9.58,9.81,9.42,9.48,38094625,555473408.00
20130705,9.46,10.05,9.28,9.81,53487641,791829568.00
20130708,9.58,9.78,9.12,9.12,35315997,507330496.00
20130709,9.01,9.85,8.73,9.80,45619618,644710656.00
20130710,9.62,10.05,9.59,9.87,53463690,802382720.00
20130711,9.80,10.73,9.64,10.38,70061510,1093927680.00
20130712,10.40,11.09,10.33,10.66,63145902,1029448384.00
20130715,10.76,11.32,10.58,11.03,43529056,722050816.00
20130716,11.00,11.45,10.81,11.18,44353461,752540352.00
20130717,11.20,11.36,10.57,10.62,44837405,742718272.00
20130718,10.51,11.45,10.46,11.30,47550066,800794240.00
20130719,11.32,12.03,11.12,11.12,58053196,1025698112.00
20130722,11.20,12.12,11.20,11.86,43603028,774874624.00
20130723,11.90,12.12,11.56,11.95,39512365,712099968.00
20130724,11.83,12.77,11.80,12.62,39755654,746593536.00
20130725,12.51,12.66,11.53,11.84,41260512,756245888.00
20130726,11.71,12.20,11.20,11.76,30965556,552121920.00
20130729,11.64,12.03,11.26,11.33,23837642,420867392.00
20130730,11.30,11.56,10.52,10.62,40146916,661331136.00
20130731,10.70,11.05,10.46,10.76,21114859,346112768.00
20130801,10.75,11.36,10.64,11.32,24005237,405521376.00
20130802,11.40,11.73,11.10,11.16,26589982,460848096.00
20130805,11.13,11.72,11.03,11.68,28212006,492712512.00
20130806,11.92,12.12,11.73,11.92,39307813,711155840.00
20130807,12.06,12.06,11.08,11.26,38253625,668470464.00
20130808,11.18,11.26,10.85,11.11,21802877,365924192.00
20130809,11.10,11.22,10.48,10.62,31740612,519283808.00
20130812,10.64,10.82,10.20,10.72,29135853,466404480.00
20130813,10.66,11.20,10.60,11.02,25638336,426501856.00
20130814,11.00,11.28,10.82,11.20,28267174,476498528.00
20130815,11.22,11.26,10.94,10.98,16834071,282759168.00
20130816,10.83,11.34,10.56,10.70,25176735,419272480.00
20130819,10.53,11.01,10.40,10.96,17540543,287441504.00
20130820,10.98,11.22,10.86,11.18,26559456,445668544.00
20130821,11.20,11.29,11.00,11.13,16622035,280852192.00
20130822,11.12,11.53,11.03,11.46,36068899,620158208.00
20130823,11.52,11.56,11.04,11.25,32524156,559490304.00
20130826,11.32,11.68,11.31,11.60,29974908,524034784.00
20130827,11.59,11.64,11.26,11.45,20617102,358122304.00
20130828,11.33,11.76,11.06,11.33,39482082,687771712.00
20130829,11.10,11.11,10.20,10.20,61215071,986479744.00
20130830,9.86,9.86,9.17,9.17,85998660,1221558656.00
20130902,8.93,9.25,8.81,8.96,46054974,630379392.00
20130903,9.15,9.64,8.97,9.45,50076718,712396352.00
20130904,9.40,9.69,9.22,9.25,37309228,534428192.00
20130905,9.24,9.42,9.18,9.32,23463206,333117792.00
20130906,9.40,9.48,9.23,9.34,23093357,328696896.00
20130909,9.38,9.53,9.30,9.38,26872068,383539616.00
20130910,9.52,9.54,9.28,9.30,24281721,346391296.00
20130911,9.30,9.30,8.53,8.86,43536768,582393856.00
20130912,8.78,8.92,8.62,8.66,22710142,302711744.00
20130913,8.66,8.91,8.59,8.85,22253422,297529856.00
20130916,8.87,8.90,8.73,8.75,15670929,209854528.00
20130917,8.74,8.84,8.48,8.81,20959271,278045952.00
20130918,8.81,9.23,8.76,9.20,33913258,468302720.00
20130923,9.26,9.43,9.09,9.34,26500833,373752736.00
20130924,9.35,9.48,9.18,9.32,20473596,290330912.00
20130925,9.35,9.72,9.30,9.34,34670591,499587776.00
20130926,9.22,9.34,8.88,9.00,20662687,286761408.00
20130927,9.00,9.01,8.70,8.70,17404710,234140432.00
20130930,8.72,8.84,8.72,8.75,8988804,120301144.00
20131008,8.76,9.26,8.76,9.18,21027258,290257376.00
20131009,9.20,9.50,9.14,9.40,25810367,368022240.00
20131010,9.51,9.58,9.18,9.22,24879412,354143168.00
20131011,9.26,9.38,9.11,9.19,15814841,222332368.00
20131014,9.20,9.20,8.96,9.02,17655119,242879776.00
20131015,8.96,9.16,8.96,9.14,12635203,174778592.00
20131016,9.14,9.14,8.62,8.67,17853125,239064576.00
20131017,8.67,8.83,8.67,8.72,9983368,132915992.00
20131018,8.86,9.01,8.80,8.88,11517288,156345328.00
20131021,8.90,9.15,8.73,9.12,18448604,252203920.00
20131022,9.13,9.14,8.81,8.87,14291188,194646096.00
20131023,8.85,8.89,8.54,8.57,12627035,166762896.00
20131024,8.58,8.64,8.50,8.55,7575394,98971648.00
20131025,8.55,8.61,7.98,8.08,15591078,194897232.00
20131028,7.85,8.03,7.78,7.80,12577709,150980224.00
20131029,7.79,7.92,7.08,7.42,15210256,173240928.00
20131030,7.37,7.53,7.30,7.50,11219943,127328328.00
20131031,7.50,7.85,7.23,7.76,18908092,217599648.00
20131101,7.60,7.72,7.52,7.55,11419992,132550456.00
20131104,7.60,7.63,7.51,7.54,6279097,72609840.00
20131105,7.53,7.63,7.32,7.60,10106584,115195040.00
20131106,7.59,7.73,7.51,7.51,11970354,139330736.00
20131107,7.46,7.47,7.13,7.14,14133955,157371920.00
20131108,7.08,7.28,7.05,7.11,7104256,77771488.00
20131111,7.17,7.40,7.12,7.27,9148699,101813232.00
20131112,7.34,7.40,7.24,7.30,6144262,68724320.00
20131113,7.37,7.46,7.30,7.37,13722725,154624928.00
20131114,7.38,7.72,7.18,7.65,24081594,276170240.00
20131115,7.65,8.10,7.60,7.87,31958286,385015872.00
20131118,7.92,8.23,7.84,8.04,24009203,294657856.00
20131119,8.00,8.36,7.93,8.20,21221852,265267568.00
20131120,8.12,8.40,8.03,8.26,20784096,260999968.00
20131121,8.20,8.20,7.97,8.00,18405974,226223888.00
20131122,8.00,8.15,7.93,7.94,11464941,140455888.00
20131125,8.04,8.22,8.02,8.02,15140286,187557296.00
20131126,8.02,8.09,7.85,8.04,14559761,177184752.00
20131127,8.01,8.53,8.00,8.46,36181979,458838496.00
20131128,8.53,8.60,8.36,8.40,24418422,314646528.00
20131129,8.42,8.65,8.34,8.59,23714420,308742176.00
20131202,8.35,8.38,7.72,7.75,29414796,361225152.00
20131203,7.64,7.98,7.50,7.93,11046329,131894808.00
20131204,7.93,8.33,7.88,8.12,15463800,192248512.00
20131205,8.17,8.26,8.08,8.08,8397928,104385536.00
20131206,8.10,8.14,7.85,7.90,10420715,126452496.00
20131209,7.96,8.06,7.86,7.94,7805650,94563752.00
20131210,7.94,7.99,7.86,7.89,7615124,91844656.00
20131211,7.90,7.98,7.80,7.86,10144147,122184552.00
20131212,7.87,8.00,7.82,7.97,10255815,124348256.00
20131213,7.93,7.97,7.86,7.86,9416771,113577184.00
20131216,7.84,7.90,7.47,7.50,14576395,170415040.00
20131217,7.50,7.64,7.40,7.56,9036710,104071616.00
20131218,7.56,7.68,7.46,7.46,7958086,91758144.00
20131219,7.53,7.56,7.31,7.31,8434592,96107288.00
20131220,7.30,7.42,7.20,7.25,7980941,88837728.00
20131223,7.32,7.36,7.13,7.28,6357160,70465752.00
20131224,7.32,7.52,7.28,7.44,8543814,96940032.00
20131225,7.47,7.76,7.42,7.73,12808111,149410224.00
20131226,7.71,7.78,7.56,7.58,9293312,108578856.00
20131227,7.60,7.92,7.60,7.85,13787254,164471104.00
20131230,7.98,8.01,7.84,7.94,12153266,146945920.00
20131231,7.94,8.08,7.86,8.03,12518721,153218016.00
20140102,7.99,8.16,7.93,8.13,13806612,170033392.00
20140103,8.13,8.45,7.93,8.33,25053225,313831712.00
20140106,8.38,8.42,7.95,7.97,19128404,240136512.00
20140107,7.86,8.14,7.80,8.11,10951753,134091736.00
20140108,8.08,8.38,8.04,8.36,18710528,237087856.00
20140109,8.35,8.70,8.30,8.52,30504585,395626336.00
20140110,8.40,8.46,8.20,8.28,15492491,196888912.00
20140113,8.34,8.38,7.97,7.98,12795239,159027968.00
20140114,7.97,8.53,7.94,8.53,19185184,243356000.00
20140115,8.56,8.70,8.44,8.65,23083083,301453024.00
20140116,8.66,8.74,8.43,8.46,17056441,223520352.00
20140117,8.52,8.96,8.48,8.68,32552257,435571776.00
20140120,8.65,8.92,8.45,8.76,21881037,290863456.00
20140121,8.73,8.91,8.68,8.84,16590779,222276672.00
20140122,8.82,9.10,8.77,9.08,25254326,345560544.00
20140123,9.05,9.46,8.97,9.22,32054450,451072032.00
20140124,9.20,9.53,9.14,9.43,29078205,417580832.00
20140127,9.42,9.65,9.30,9.32,21616550,310458464.00
20140128,9.52,9.66,9.20,9.46,22406241,322025696.00
20140129,9.51,10.20,9.40,10.13,44310493,664157632.00
20140130,10.12,10.33,9.93,10.02,24609516,378307456.00
20140207,10.04,10.38,9.90,10.22,21051686,325923520.00
20140210,10.30,11.02,10.29,10.95,37794981,609205312.00
20140211,11.63,12.06,10.77,10.78,75035349,1290450944.00
20140212,10.66,10.79,10.22,10.44,42642635,678098048.00
20140213,10.39,10.82,10.31,10.48,33374589,534560480.00
20140214,10.44,10.56,9.87,10.30,30154585,468434112.00
20140217,10.34,11.05,10.24,10.96,44256261,723627008.00
20140218,11.23,11.84,11.05,11.56,55897606,977860480.00
20140219,11.38,11.54,11.14,11.24,32292750,553309952.00
20140220,11.16,11.69,11.16,11.34,28263584,490272192.00
20140221,11.28,11.53,10.98,11.32,18023627,309108704.00
20140224,11.13,11.27,10.66,10.73,25896310,427703296.00
20140225,10.73,11.09,9.90,10.18,28514683,459852640.00
20140226,10.20,10.53,9.88,10.37,18654371,291264864.00
20140227,10.36,10.84,10.14,10.15,22694941,364251904.00
20140522,11.17,11.17,10.96,11.17,34466443,582731776.00
20140523,11.23,12.15,11.18,11.97,77299882,1369941632.00
20140526,11.79,12.09,11.57,11.83,42710916,763244096.00
20140527,11.76,12.28,11.64,11.70,39601101,716556352.00
20140528,11.66,12.21,11.66,12.09,37294357,677360128.00
20140529,12.03,12.04,11.64,11.69,24689180,441717536.00
20140530,11.69,11.78,11.36,11.67,22274326,389433024.00
20140603,11.63,11.93,11.49,11.61,24178340,428653728.00
20140604,11.47,11.59,11.20,11.21,19537923,334911840.00
20140605,11.20,11.41,11.12,11.35,13363063,228726032.00
20140606,11.37,11.55,11.05,11.09,16760302,286582240.00
20140609,10.97,10.97,10.43,10.48,27400938,444470912.00
20140610,10.48,10.85,10.43,10.79,18712582,301976544.00
20140611,10.68,10.84,10.56,10.77,12344636,200441376.00
20140612,10.77,11.15,10.68,11.09,20214341,335916128.00
20140613,10.99,11.20,10.95,11.00,13877973,232388832.00
20140616,10.97,11.32,10.97,11.19,15658661,265480352.00
20140617,11.20,11.25,10.64,10.69,19706267,325319456.00
20140618,10.76,10.88,10.55,10.60,12128371,196711520.00
20140619,10.57,10.66,10.15,10.16,13337139,209733360.00
20140620,10.16,10.37,10.12,10.29,9307126,144524368.00
20140623,10.31,10.53,10.21,10.37,10007821,157778848.00
20140624,10.37,10.67,10.37,10.61,12615845,202573696.00
20140625,10.62,10.62,10.31,10.46,8287756,130734616.00
20140626,10.45,10.79,10.41,10.69,12236740,197437088.00
20140627,10.65,10.77,10.58,10.67,9383054,151913696.00
20140630,10.69,11.10,10.66,10.97,16856312,279261120.00
20140701,11.02,11.07,10.85,11.00,10507284,174642448.00
20140702,11.06,11.61,11.01,11.38,25798577,444648448.00
20140703,11.28,11.54,11.11,11.36,14797032,254373920.00
20140704,11.35,11.48,11.03,11.07,14355528,243706256.00
20140707,11.13,11.40,10.92,11.25,17816858,302712096.00
20140708,11.23,11.73,11.17,11.59,27448263,478790848.00
20140709,11.51,12.02,11.38,11.48,32085660,569329984.00
20140710,11.43,11.57,11.15,11.15,17251228,296469344.00
20140711,11.07,11.39,11.06,11.29,9452040,161032928.00
20140714,11.17,11.37,11.07,11.35,10636798,180836000.00
20140715,11.35,11.56,10.97,11.08,13699911,232507648.00
20140716,10.99,11.17,10.55,10.60,16014959,261981440.00
20140717,10.57,10.75,10.36,10.42,9386007,149775232.00
20140718,10.43,10.59,10.39,10.46,8646551,137474208.00
20140721,10.49,10.80,10.36,10.71,10674679,171475136.00
20140722,10.64,10.81,10.63,10.69,8274326,134218752.00
20140723,10.69,10.72,10.41,10.43,9997136,159681024.00
20140724,10.49,10.84,10.15,10.83,19843761,316236448.00
20140725,10.76,10.76,10.53,10.65,11121106,179405888.00
20140728,10.63,10.89,10.55,10.82,19102400,310763648.00
20140729,10.77,11.21,10.77,11.11,20619307,344376992.00
20140730,11.17,11.34,11.03,11.15,18483030,313421120.00
20140731,11.17,11.41,11.05,11.25,13760821,234520720.00
20140801,11.24,11.36,10.89,10.89,14811327,249417696.00
20140804,10.89,11.05,10.88,11.02,9484162,157805920.00
20140805,11.03,11.21,10.90,11.05,11143410,186705936.00
20140806,11.15,11.53,11.06,11.35,23357427,400615872.00
20140807,11.29,11.48,11.06,11.07,16865343,287664000.00
20140808,11.09,11.22,11.06,11.10,9997134,168531984.00
20140811,11.14,11.52,11.14,11.49,18431942,316369024.00
20140812,11.49,11.49,11.33,11.44,14953543,258399952.00
20140813,11.41,11.47,11.09,11.33,13751993,234799760.00
20140814,11.31,11.67,11.27,11.43,24012740,419191744.00
20140815,11.49,11.86,11.49,11.74,22914552,406157248.00
20140818,11.78,11.99,11.73,11.95,22239410,400320000.00
20140819,11.95,11.96,11.70,11.79,18064267,322244992.00
20140820,11.80,12.10,11.63,11.69,25826652,465532960.00
20140821,11.69,11.77,11.49,11.65,16087521,283362688.00
20140822,11.73,12.83,11.73,12.83,62466795,1178946048.00
20140825,12.84,13.43,12.76,12.86,71479173,1414966400.00
20140826,12.86,13.13,12.47,12.65,34642327,671370816.00
20140827,12.68,13.75,12.68,13.52,49075362,992062656.00
20140828,13.31,13.47,13.09,13.33,25336085,508212640.00
20140829,13.33,13.61,13.15,13.27,21358851,430842112.00
20140901,13.35,13.95,13.34,13.40,29164298,598412160.00
20140902,13.42,13.91,13.29,13.77,35105340,725083968.00
20140903,13.79,13.88,13.51,13.73,27705194,573335168.00
20140904,13.63,14.69,13.57,14.31,40095155,858205184.00
20140905,14.29,14.61,14.11,14.22,23741836,512408896.00
20140909,14.33,14.83,14.17,14.45,27134348,595199616.00
20140910,14.28,14.53,14.23,14.29,20010641,434028960.00
20140911,14.25,14.26,13.61,13.73,35681662,753078464.00
20140912,13.79,14.46,13.75,14.44,34163401,725511808.00
20140915,14.36,15.23,14.29,15.03,38812714,868730624.00
20140916,15.05,15.55,14.53,14.62,40729365,928222080.00
20140917,14.71,15.09,14.41,14.79,33111839,738245440.00
20140918,14.89,15.14,14.69,14.80,23607304,532078016.00
20140919,14.81,14.89,14.42,14.64,25716592,567890880.00
20140922,14.56,14.59,14.05,14.16,17220278,370305088.00
20140923,14.11,14.54,14.09,14.39,16513760,358297408.00
20140924,14.35,14.75,14.21,14.59,18301737,401608736.00
20140925,14.78,16.06,14.78,15.53,51807959,1212489344.00
20140926,15.39,15.75,15.17,15.44,21763590,507815136.00
20140929,15.46,16.03,15.44,15.63,23186265,551126144.00
20140930,15.83,17.00,15.57,16.53,40446459,987249920.00
20141008,16.57,17.41,16.40,16.84,29577840,755808192.00
20141009,16.90,17.88,16.89,17.16,41069222,1072551872.00
20141010,17.19,17.21,16.71,16.77,26225102,669468096.00
20141013,16.53,16.55,16.05,16.42,22637606,557790144.00
20141014,16.41,16.75,16.10,16.35,17936230,446525984.00
20141015,16.29,16.54,15.68,16.43,21816922,531688288.00
20141016,16.23,16.35,15.63,15.72,25177076,605717888.00
20141017,15.67,15.87,15.01,15.31,18512860,430967584.00
20141020,15.36,16.11,15.36,15.92,16840061,402557440.00
20141021,15.89,16.21,15.56,15.64,14422296,346180128.00
20141022,15.76,15.97,15.23,15.39,14711347,347613152.00
20141023,15.19,15.46,14.46,14.62,27774537,621249792.00
20141024,14.68,14.89,14.56,14.66,10661535,237224400.00
20141027,14.56,15.05,14.23,14.89,12183428,273340160.00
20141028,15.09,15.69,15.09,15.67,20557164,481379520.00
20141029,15.86,15.97,15.54,15.65,21033883,499329600.00
20141030,15.83,16.17,15.63,15.75,18226369,436755104.00
20141031,15.73,15.86,14.92,15.34,24424523,563660736.00
20141103,15.27,15.76,15.03,15.75,19218339,447646272.00
20141104,15.71,15.81,15.31,15.39,12259294,288406976.00
20141105,15.25,15.53,15.10,15.11,10451518,241331904.00
20141106,15.14,15.29,14.90,15.17,11220628,255544128.00
20141107,15.17,15.45,14.84,14.89,13117738,300384192.00
20141110,14.91,15.07,14.73,14.83,9660895,216639584.00
20141111,14.83,15.03,14.09,14.35,18295229,401364416.00
20141112,14.23,14.89,14.19,14.79,10875028,239373952.00
20141113,14.66,14.78,13.94,13.97,14040282,302595264.00
20141114,13.82,14.08,13.66,13.68,12215608,255797200.00
20141117,13.71,14.21,13.71,14.04,9458246,200816352.00
20141118,14.02,14.44,13.99,14.31,10564187,228355168.00
20141119,14.35,15.09,14.27,14.89,18230335,406436192.00
20141120,14.99,15.29,14.71,15.05,17293633,392414176.00
20141121,15.05,15.49,15.05,15.10,15368135,354404544.00
20141124,15.27,15.41,14.85,15.10,14555921,331544448.00
20141125,15.23,15.81,15.19,15.70,23182397,547784576.00
20141126,15.68,15.79,15.41,15.47,17205029,405039680.00
20141127,15.59,15.96,15.29,15.44,19050778,450443680.00
20141128,15.51,15.76,15.16,15.63,18025216,422046688.00
20141201,15.43,15.55,14.50,14.73,20740784,470027584.00
20141202,14.57,15.27,14.56,15.03,15967273,363329536.00
20141203,14.96,15.35,14.51,15.35,23346522,521680352.00
20141204,15.33,15.75,15.26,15.61,24827464,584051264.00
20141205,15.68,16.99,14.56,16.23,41923183,1003028096.00
20141208,16.21,16.80,15.83,16.35,41059782,1021064576.00
20141209,15.98,16.23,14.71,14.71,40799934,945684096.00
20141210,14.55,15.04,13.96,14.85,21566460,477464928.00
20141211,14.76,15.34,14.50,15.19,17132595,389706304.00
20141212,15.19,15.41,14.86,15.07,12020589,274213056.00
20141215,14.86,15.42,14.50,15.39,14766958,338633344.00
20141216,15.39,15.49,15.05,15.22,13378529,307593216.00
20141217,15.29,15.29,14.71,14.83,13255458,300086080.00
20141218,14.77,15.36,14.68,14.89,13453297,305925280.00
20141219,14.79,14.81,14.21,14.29,16519013,359841952.00
20141222,14.09,14.09,12.85,12.85,20123012,400557696.00
20141223,12.59,13.07,11.90,12.15,24952427,471638496.00
20141224,12.33,12.65,12.18,12.51,13678780,257096880.00
20141230,12.45,13.55,12.01,12.78,23799033,464684704.00
20141231,12.95,13.27,12.61,12.91,13150278,258201824.00
20150105,12.91,12.91,12.26,12.58,16364834,310985152.00
20150106,12.58,13.21,12.42,13.13,20300799,394796512.00
20150107,13.08,13.14,12.91,13.10,10671764,210103856.00
20150108,13.07,13.31,13.03,13.09,9405148,187117872.00
20150109,13.15,13.47,12.95,12.96,11714251,234916304.00
20150112,12.75,13.24,12.64,12.99,7108697,140133088.00
20150113,13.13,14.01,13.05,13.99,26015438,537633728.00
20150114,14.01,14.23,13.76,14.04,17510190,370658400.00
20150115,14.07,14.33,13.69,13.78,12569621,263943808.00
20150116,13.73,14.33,13.69,14.08,12877947,273143424.00
20150119,13.73,14.96,13.63,14.25,34024905,742620864.00
20150120,14.36,15.23,14.36,15.18,33279384,754375680.00
20150121,15.11,15.63,14.99,15.09,26100237,602180672.00
20150122,15.11,15.77,15.11,15.55,24508288,573379456.00
20150123,15.47,15.65,15.00,15.13,18555936,428263648.00
20150126,15.15,15.85,15.13,15.63,20199544,476538496.00
20150127,15.82,16.13,15.29,15.82,19468323,461721152.00
20150128,15.89,16.14,15.56,15.56,19843047,475289504.00
20150129,15.32,15.99,15.23,15.76,18333116,434528832.00
20150130,15.81,16.06,15.33,15.34,15795674,375657344.00
20150202,15.09,15.75,14.95,15.38,12646052,295315424.00
20150203,15.56,16.42,15.42,16.28,29720636,722029120.00
20150204,16.43,17.76,16.29,17.26,41721666,1082001280.00
20150205,17.21,18.36,16.93,17.34,41679196,1115436928.00
20150206,17.10,18.09,16.49,16.62,32842261,857428288.00
20150209,16.66,16.83,16.23,16.39,13359406,333345152.00
20150210,16.39,16.81,15.63,16.77,17433298,428187072.00
20150211,16.67,17.91,16.60,17.63,22378584,589282432.00
20150212,17.62,17.89,17.29,17.35,12979680,343794048.00
20150213,17.56,18.09,17.33,17.39,21227886,565638336.00
20150216,17.73,19.15,17.73,19.15,36226516,1021496960.00
20150217,19.90,20.13,18.77,19.43,35784264,1056520192.00
20150225,19.51,19.85,18.28,18.66,24243268,692803136.00
20150226,18.59,18.89,18.17,18.57,15864254,441496320.00
20150227,18.69,19.62,18.56,19.23,23630407,683555392.00
20150302,19.16,20.48,18.47,19.98,29662968,874123136.00
20150303,19.79,20.62,19.39,19.48,27708037,834863744.00
20150304,19.38,20.22,19.38,19.89,16033487,479100992.00
20150305,19.89,19.99,19.15,19.39,16328124,479194144.00
20150306,19.39,19.73,18.33,18.42,18891235,536310528.00
20150309,18.29,18.87,17.91,18.62,11987592,334370912.00
20150310,18.57,19.35,18.46,19.14,13998363,404602688.00
20150311,19.19,19.41,18.56,18.70,10041119,285377536.00
20150312,18.75,18.97,17.63,18.41,16833395,463306624.00
20150313,18.43,19.20,18.41,18.89,15603091,444512864.00
20150316,19.15,20.79,19.09,20.79,35723033,1103798400.00
20150317,21.09,22.04,21.03,21.72,40609541,1319031424.00
20150318,21.43,21.93,20.99,21.49,20366699,661719040.00
20150319,21.59,22.55,21.45,21.79,21880017,723787392.00
20150320,21.81,23.76,21.81,23.13,26255870,906125376.00
20150323,23.15,25.45,23.14,25.45,28909047,1083370496.00
20150324,25.83,27.89,24.55,27.89,41105268,1633588864.00
20150325,28.45,28.96,27.15,27.51,34668389,1462240128.00
20150326,27.23,28.36,25.31,25.95,34918000,1400733184.00
20150327,25.89,26.68,24.69,26.21,25019339,967755072.00
20150330,26.53,26.66,24.66,25.54,36369605,1382256768.00
20150331,25.86,28.00,25.16,27.09,37271932,1475329792.00
20150401,26.87,28.19,26.55,27.63,28162746,1162465408.00
20150402,28.23,28.43,26.75,27.09,24586210,1015301760.00
20150403,26.89,28.28,26.34,27.69,30641896,1274615424.00
20150407,27.73,28.77,27.04,27.59,27939519,1168669824.00
20150408,27.59,27.73,25.37,25.63,33584994,1320884992.00
20150409,25.33,25.76,23.05,25.17,41229976,1503495680.00
20150410,24.76,25.49,24.25,25.13,27399732,1028526656.00
20150413,25.09,25.26,24.55,24.83,25160901,942822848.00
20150414,24.69,24.76,23.90,24.15,25694110,940284928.00
20150415,24.15,24.48,23.47,23.47,29065503,1047850368.00
20150416,23.39,24.39,22.77,24.20,21670251,781862784.00
20150417,24.37,25.01,23.67,24.44,34100875,1245179392.00
20150420,24.13,24.15,22.96,23.15,33621495,1195188480.00
20150421,23.21,24.38,23.20,24.11,28853804,1041058688.00
20150422,24.36,25.33,24.36,25.06,31823676,1199689472.00
20150423,25.21,26.47,25.15,26.11,40620202,1576567296.00
20150424,25.89,25.89,24.89,25.46,25981116,994243584.00
20150427,27.29,28.02,26.56,26.78,52275392,2155134976.00
20150428,26.89,27.33,24.83,25.16,29616113,1151896448.00
20150429,24.56,25.56,23.89,24.87,25762404,966795264.00
20150430,24.81,25.97,24.79,24.93,24719275,949722688.00
20150504,24.83,26.35,24.10,25.61,23463422,897584384.00
20150505,25.63,26.23,24.51,25.31,23157114,880395008.00
20150506,25.40,26.27,24.89,25.59,26468358,1026987008.00
20150507,25.35,27.39,25.10,26.55,33748949,1347017984.00
20150508,26.81,29.21,26.56,29.21,46917943,2002876672.00
20150511,29.23,32.15,29.20,32.15,46636646,2202174976.00
20150512,32.32,32.56,30.62,32.03,40686322,1937129344.00
20150513,31.73,35.24,31.23,34.35,45323272,2343739136.00
20150514,33.93,36.13,33.63,34.60,35795745,1867619328.00
20150515,33.93,35.86,31.93,34.83,25861754,1320205440.00
20150518,34.83,38.33,33.86,38.33,36937464,2026123008.00
20150519,39.81,40.58,38.39,38.89,30508173,1802068096.00
20150520,39.16,42.79,39.13,42.79,22999379,1450769408.00
20150521,44.93,47.05,42.59,46.59,32227565,2182684416.00
20150623,41.93,41.93,41.93,41.93,1564500,98563504.00
20150624,37.73,37.73,37.73,37.73,1523200,86365440.00
20150625,34.74,36.53,33.95,33.95,60083294,3125479168.00
20150626,30.86,31.22,30.55,30.55,10036800,462722016.00
20150629,27.49,27.49,27.49,27.49,6698200,276903584.00
20150630,24.73,30.24,24.73,29.13,69134247,2727114496.00
20150701,27.93,29.63,26.21,26.21,46668000,1966718720.00
20150702,24.26,25.86,23.58,23.58,38097991,1365297152.00
20150703,21.23,24.21,21.21,21.21,48519017,1603011840.00
20150706,22.26,22.99,19.09,19.09,59478504,1775730176.00
20150707,17.43,18.48,17.17,17.17,24356496,635121536.00
20150708,15.45,17.79,15.45,16.80,164116830,3921531648.00
20150709,15.26,18.49,15.26,18.49,63199125,1656162048.00
20150710,19.26,20.34,18.66,20.34,23267503,697380864.00
20150713,21.93,22.38,20.99,22.38,44955620,1488550400.00
20150714,22.59,24.63,22.36,24.58,65430508,2362299904.00
20150715,23.46,24.06,22.11,22.11,25833050,880574080.00
20150716,20.93,23.23,19.89,21.59,42332703,1376486656.00
20150717,21.93,23.75,21.66,23.59,38946290,1347555072.00
20150720,23.23,25.93,22.93,24.69,41720235,1532598144.00
20150721,23.93,25.26,23.53,24.63,29921421,1108888448.00
20150722,24.65,26.50,24.65,25.86,40102847,1545332480.00
20150723,26.11,27.19,25.05,26.65,38358739,1509700352.00
20150724,26.79,29.33,26.29,28.05,49055383,2078486656.00
20150727,27.35,30.84,25.24,25.24,69297903,2942597888.00
20150728,23.29,26.59,23.11,24.83,53583212,1994989952.00
20150729,25.53,27.26,22.35,27.21,51817245,1909300096.00
20150730,26.93,28.78,26.13,26.31,59292118,2479007744.00
20150731,25.46,26.25,23.72,24.19,37010877,1396459648.00
20150803,23.26,23.84,21.77,21.77,27100774,906319360.00
20150804,21.66,23.95,20.33,23.95,48981470,1655582976.00
20150805,23.51,24.19,22.26,22.69,41873041,1478254592.00
20150806,21.59,22.90,21.39,21.82,25187200,841823552.00
20150807,22.32,23.27,22.15,22.89,30555518,1048263296.00
20150810,23.27,25.18,23.26,25.18,37005782,1359653120.00
20150811,25.57,26.38,24.66,25.29,45466949,1751149312.00
20150812,24.82,26.57,24.68,25.39,34437330,1336527360.00
20150813,25.38,27.93,24.13,27.51,40954179,1580786816.00
20150814,27.35,27.91,26.71,27.04,38935946,1596148608.00
20150817,26.60,28.47,26.49,27.65,36706796,1524078720.00
20150818,27.79,28.09,24.88,24.88,39558713,1564139904.00
20150819,23.39,25.84,22.39,25.08,37124911,1335597696.00
20150820,25.13,26.43,23.96,24.28,35621480,1370460416.00
20150821,23.33,24.24,21.87,21.87,31886459,1101486208.00
20150824,20.11,20.98,19.67,19.67,13667107,407762688.00
20150825,17.70,18.18,17.70,17.70,16678637,445674304.00
20150826,17.70,18.29,15.92,15.92,42152995,1060087872.00
20150827,16.33,16.76,14.33,15.93,41736987,988386240.00
20150828,16.59,17.53,16.06,17.53,42040605,1066961664.00
20150831,17.84,18.16,17.19,17.23,39238232,1044186496.00
20150901,16.61,16.79,15.50,15.50,27175629,646180096.00
20150902,14.00,16.10,13.94,13.94,36833256,810217984.00
20150907,14.26,15.25,14.13,14.47,29264734,648753600.00
20150908,14.23,15.93,14.17,15.89,28801411,655336192.00
20150909,16.39,17.31,16.11,17.16,37696917,956821440.00
20150910,16.86,17.63,16.59,16.76,27198307,701620480.00
20150911,16.61,17.46,16.61,17.19,22340014,577561088.00
20150914,17.58,17.63,15.47,15.47,25337231,621310016.00
20150915,14.34,14.92,13.91,13.91,31923592,681910464.00
20150916,13.94,15.31,13.60,15.31,34128374,748263104.00
20150917,15.55,16.26,14.99,14.99,41416828,978409344.00
20150918,15.21,15.59,14.91,15.36,22509072,517702240.00
20150921,15.19,16.91,14.93,16.91,35492711,865920064.00
20150922,17.26,17.69,16.46,17.01,40528843,1048132864.00
20150923,16.52,17.58,16.37,17.05,33014765,842333184.00
20150924,17.13,18.04,17.12,17.48,35473681,939884672.00
20150925,17.26,17.47,15.77,15.93,28959088,727250496.00
20150928,16.13,17.25,15.63,17.13,24896430,621025088.00
20150929,16.63,17.05,16.19,16.47,19887352,497666144.00
20150930,16.69,17.18,16.26,16.69,22274167,562069888.00
20151008,17.77,18.09,17.26,17.90,28630108,766081280.00
20151009,17.99,19.45,17.99,18.61,32841080,930430272.00
20151012,18.73,20.47,18.46,20.01,36082275,1062763072.00
20151013,19.78,20.47,19.53,20.00,28430225,853532480.00
20151014,19.92,20.18,19.26,19.26,25254078,743859264.00
20151015,19.18,20.49,19.10,20.49,29126847,877171392.00
20151016,20.66,22.55,20.66,22.55,44662864,1456464768.00
20151019,23.25,24.51,22.45,23.21,47833140,1679294336.00
20151020,22.91,25.52,22.66,25.03,42002870,1531757696.00
20151021,24.93,25.55,22.52,22.52,49385104,1770307328.00
20151022,22.33,23.59,21.69,23.19,42026671,1444652928.00
20151023,23.39,24.76,23.33,23.39,40422096,1454434432.00
20151026,23.79,23.79,22.15,22.85,42323455,1452493312.00
20151027,22.66,24.83,21.93,24.56,42692898,1502894080.00
20151028,23.93,24.36,22.59,22.73,38282762,1354091776.00
20151029,22.96,23.11,21.79,22.52,30457437,1030578624.00
20151030,22.26,23.70,22.10,22.57,31842030,1098107776.00
20151102,21.95,23.47,21.79,22.19,27585566,946068416.00
20151103,22.48,22.59,21.34,21.43,22054687,727677888.00
20151104,21.59,23.39,21.57,23.36,33717736,1145721216.00
20151105,23.50,23.58,22.51,22.95,39994177,1386348544.00
20151106,23.01,24.99,22.96,24.66,53857116,1970812544.00
20151109,24.65,26.71,23.93,26.09,53035397,2040363392.00
20151110,25.45,26.31,24.99,25.87,32572949,1260990464.00
20151111,26.06,27.16,25.66,26.45,28187419,1119532544.00
20151112,26.73,26.97,24.67,25.83,41158685,1610682240.00
20151113,25.28,25.89,24.93,25.06,21884280,835269376.00
20151116,24.21,25.86,24.13,25.86,24706110,946724416.00
20151117,26.39,27.19,25.29,25.41,38726126,1537705216.00
20151118,25.59,26.46,24.74,25.11,30245773,1160401536.00
20151119,25.19,26.99,25.16,26.77,31660042,1244761472.00
20151120,27.18,29.33,27.11,27.87,45734983,1929451008.00
20151123,27.94,29.17,27.39,28.23,28625507,1220064000.00
20151124,27.93,29.33,27.37,29.20,24377535,1035629568.00
20151125,29.39,30.33,28.93,29.32,22628671,1011938624.00
20151126,29.60,30.58,29.26,29.60,21186312,951126464.00
20151127,29.83,29.83,26.63,26.63,30052710,1259721216.00
20151130,26.99,27.30,24.00,27.13,28711712,1119118592.00
20151201,26.73,27.27,25.33,26.13,21675880,858500352.00
20151202,26.07,26.07,24.23,24.66,23343207,876321472.00
20151203,24.73,26.39,24.73,26.34,19668327,754848512.00
20151204,25.98,26.25,25.27,25.69,15809856,614471232.00
20151207,25.59,26.58,25.27,26.09,14591074,571626048.00
20151208,26.06,26.97,25.33,26.39,19444429,770107648.00
20151209,26.11,26.31,24.89,25.31,19621053,753639424.00
20151210,25.33,27.55,25.26,26.06,23835620,938979328.00
20151211,26.23,28.46,25.96,27.54,34424088,1408093952.00
20151214,27.51,27.93,26.53,27.65,22215004,908159808.00
20151215,28.55,29.71,27.68,27.99,33872333,1453027328.00
20151216,27.95,30.26,27.95,29.22,38835790,1710119424.00
20151217,29.06,29.79,28.79,29.63,41502510,1826564864.00
20151218,29.99,30.13,28.53,28.59,28845569,1266210688.00
20151221,28.28,28.65,27.06,27.73,41388453,1725095552.00
20151222,27.81,30.49,27.79,28.88,34367882,1490129536.00
20151223,28.59,29.05,27.89,28.00,18600438,790474944.00
20151224,27.99,27.99,26.88,27.59,18759863,771764544.00
20151225,27.61,28.35,27.53,27.89,15543482,652479616.00
20151228,28.39,29.55,27.58,28.11,39361929,1702180992.00
20151229,27.84,27.88,26.59,27.49,25904830,1059580224.00
20151230,27.52,28.11,26.99,27.23,31886246,1318980736.00
20151231,27.26,27.33,25.78,25.79,40247210,1585871488.00
20160104,25.78,26.13,23.21,23.21,23036238,841035968.00
20160105,21.33,23.38,21.17,22.64,30765230,1041060544.00
20160106,22.78,24.05,22.77,23.67,29701636,1045569984.00
20160107,22.99,22.99,21.30,21.30,6769231,222872928.00
20160108,21.98,22.06,19.34,20.82,30836383,974965952.00
20160111,20.13,20.38,18.73,18.73,39920976,1149290496.00
20160112,18.34,19.19,17.38,18.60,33836274,935428032.00
20160113,18.73,18.91,17.12,17.12,28884986,789348864.00
20160114,16.36,18.47,16.02,18.39,33579137,883235264.00
20160115,18.26,18.50,17.06,17.35,26532799,711657280.00
20160118,16.91,18.85,16.59,18.49,30216846,827215104.00
20160119,18.63,20.35,18.63,20.35,37674370,1103287680.00
20160120,20.59,21.13,19.43,20.59,47063976,1427643648.00
20160121,19.91,20.56,18.79,18.79,33194571,992350976.00
20160122,19.33,20.06,18.86,19.73,29271925,860879616.00
20160125,20.00,20.59,19.59,19.89,26607235,805014400.00
20160126,19.49,20.22,17.95,18.32,30718931,885525312.00
20160127,18.53,19.06,17.19,18.85,30822306,846480128.00
20160128,18.59,18.75,16.96,17.17,30027551,808660096.00
20160129,17.33,18.81,17.00,18.53,31699617,867145536.00
20160201,18.39,18.70,17.76,18.19,24099298,662125376.00
20160202,18.35,20.02,18.35,20.02,26154262,771157824.00
20160203,20.02,20.79,19.48,20.59,47968607,1451158912.00
20160204,20.47,20.93,20.26,20.77,34824065,1082241280.00
20160205,20.69,20.96,19.97,20.07,22821556,699389952.00
20160215,19.33,21.19,19.27,20.95,33089997,1019952640.00
20160216,20.85,21.93,20.73,21.72,33791864,1093246080.00
20160217,21.59,22.06,21.26,21.79,28728440,936062528.00
20160218,21.85,21.93,21.26,21.33,22378838,723479680.00
20160219,21.19,21.84,20.99,21.37,24161167,779606528.00
20160222,21.69,21.69,21.27,21.61,26465320,855146560.00
20160223,21.61,22.06,20.70,21.24,25735861,829907520.00
20160224,21.25,21.33,20.09,20.83,29398684,916138624.00
20160225,20.59,21.13,18.74,18.74,34669107,1029400960.00
20160226,18.86,19.13,17.90,18.39,26952558,754704576.00
20160229,18.19,18.25,16.59,16.76,29281188,748482880.00
20160301,16.89,17.59,16.46,17.42,29254462,754372352.00
20160302,17.39,18.59,17.26,18.33,31259490,841251648.00
20160303,18.26,19.05,18.14,18.17,34630079,967880256.00
20160304,17.92,18.06,16.65,17.01,29086475,764766784.00
20160307,17.37,17.99,17.26,17.49,21247607,562547712.00
20160308,17.46,17.89,16.58,17.74,26330328,680155392.00
20160309,17.19,17.86,17.11,17.26,17080101,449339008.00
20160310,17.26,17.59,16.89,16.92,17915981,466352960.00
20160311,16.73,17.13,16.60,16.91,15060217,382972480.00
20160314,17.25,18.25,17.23,17.89,34466454,927857408.00
20160315,17.88,18.07,17.53,17.59,23700973,633333056.00
20160530,19.35,19.35,19.35,19.35,1796490,52349720.00
20160531,21.29,21.29,20.99,21.29,21335503,683634432.00
20160601,22.73,22.73,21.78,22.19,99599546,3336285440.00
20160602,21.99,23.12,21.99,22.58,61250349,2084371840.00
20160603,22.46,22.76,21.99,22.54,47815715,1609183232.00
20160606,22.75,23.37,22.17,22.50,47127252,1614680704.00
20160607,22.33,22.83,22.15,22.76,35022173,1187060352.00
20160608,22.97,24.08,22.46,23.65,57635163,2009528832.00
20160613,23.26,23.53,21.27,21.27,54413382,1856208256.00
20160614,20.99,21.50,20.03,20.77,43875886,1368515968.00
20160615,20.54,22.82,20.40,22.25,46918768,1535576960.00
20160616,21.98,23.05,21.98,22.37,38366201,1301128064.00
20160617,22.73,22.85,22.03,22.15,29466835,994872640.00
20160620,22.26,23.14,22.15,22.46,53459938,1214550528.00
20160621,22.73,22.91,21.48,21.64,49942043,1109089792.00
20160622,21.46,22.61,21.37,22.53,41503146,918401472.00
20160623,22.55,23.44,22.32,23.00,75487938,1741209216.00
20160624,22.82,23.13,21.60,22.55,62603302,1413397504.00
20160627,22.54,24.64,22.12,23.97,79847495,1868781696.00
20160628,23.96,25.11,23.76,24.88,89819980,2213786368.00
20160629,24.81,24.93,24.26,24.55,56029212,1376336640.00
20160630,24.42,25.24,24.42,24.56,52650993,1311282048.00
20160701,25.64,26.26,24.62,24.71,56168743,1414534784.00
20160704,24.26,25.23,24.14,24.89,52013709,1288372608.00
20160705,24.88,25.20,24.56,24.72,41149076,1023690304.00
20160706,24.44,24.66,24.16,24.34,38361428,937322944.00
20160707,24.44,24.48,23.46,24.01,49086181,1175478016.00
20160708,24.06,24.44,24.04,24.06,32443037,786482176.00
20160711,24.38,24.65,24.03,24.45,47042320,1148985728.00
20160712,24.48,25.15,24.27,24.80,55950684,1387841152.00
20160713,24.89,25.36,24.76,25.26,51375108,1290118016.00
20160714,25.45,25.57,24.84,24.96,41840988,1052300800.00
20160715,24.97,24.99,24.31,24.35,32742259,804871232.00
20160718,24.22,24.22,23.76,23.83,24034236,577594368.00
20160719,23.47,24.90,23.46,24.87,34301013,833426880.00
20160720,24.86,25.31,24.72,24.83,45225770,1134190848.00
20160721,25.16,25.30,24.66,24.74,37583342,941185984.00
20160722,24.67,25.96,24.67,25.46,78112835,1993470464.00
20160725,25.69,26.72,25.69,26.32,74714869,1967080576.00
20160726,25.97,26.46,25.73,26.42,39342553,1028405824.00
20160727,26.47,26.84,24.08,24.75,64824579,1655797376.00
20160728,24.81,25.10,23.62,24.20,49198268,1193709312.00
20160729,24.40,24.95,24.14,24.16,31905363,782685888.00
20160801,23.89,23.89,22.75,23.05,34851275,809084096.00
20160802,23.46,23.73,23.05,23.35,22468267,525579488.00
20160803,23.35,23.64,23.06,23.36,22349669,521992064.00
20160804,23.27,24.04,23.27,23.82,30878023,732112960.00
20160805,23.74,24.08,23.31,23.33,23316968,552403904.00
20160808,23.26,23.76,23.16,23.73,22875536,537467136.00
20160809,23.66,24.07,23.54,23.92,24715100,589221504.00
20160810,23.93,24.16,23.76,23.78,20724794,496622784.00
20160811,23.56,23.77,23.21,23.24,19372095,454293216.00
20160812,23.24,23.46,22.99,23.36,14412690,335773024.00
20160815,23.43,24.32,23.10,24.11,35034945,839154688.00
20160816,24.25,24.62,24.10,24.27,26435980,644169088.00
20160817,24.24,24.65,24.03,24.31,24699049,602621824.00
20160818,24.31,24.31,23.86,23.91,21695988,522901600.00
20160819,24.06,24.19,23.84,23.99,15222222,365867904.00
20160822,24.01,24.01,23.36,23.36,17302645,410235776.00
20160823,23.43,23.81,23.17,23.43,18373866,431984672.00
20160824,23.40,24.02,23.40,23.74,19288739,458223456.00
20160825,23.46,23.71,23.21,23.31,19384646,453848128.00
20160826,23.52,23.86,23.35,23.41,18791651,444208288.00
20160829,23.29,23.56,23.28,23.32,11324539,265185104.00
20160830,23.36,23.57,23.27,23.40,10168159,238647408.00
20160831,23.37,23.45,23.13,23.29,10609697,247413136.00
20160901,23.37,23.61,23.27,23.29,11923695,279616832.00
20160902,23.28,23.28,22.09,22.14,39305682,887335808.00
20160905,22.14,22.20,21.25,21.75,33765686,733007040.00
20160906,21.74,22.18,21.29,22.08,29127175,635562752.00
20160907,22.16,22.29,21.99,22.07,18300259,405996960.00
20160908,21.94,22.30,21.87,22.13,12606382,279313312.00
20160909,22.26,22.45,21.88,21.92,16460057,365740992.00
20160912,21.46,21.50,20.90,20.96,24945733,529740800.00
20160913,21.14,21.71,21.09,21.46,16971186,363748096.00
20160914,21.29,21.45,21.08,21.16,10640083,226410160.00
20160919,21.19,21.49,21.18,21.38,7503432,160732656.00
20160920,21.38,21.44,21.19,21.35,8060900,172206656.00
20160921,21.43,21.84,21.37,21.82,15959753,347053024.00
20160922,21.96,22.30,21.76,22.22,22151436,489601632.00
20160923,22.27,22.35,22.03,22.29,15695658,349340192.00
20160926,22.07,22.60,21.79,21.83,20527468,458629984.00
20160927,21.70,22.40,21.66,22.36,14377570,317424640.00
20160928,22.43,22.43,22.01,22.04,9573764,212492416.00
20160929,22.08,22.34,22.04,22.22,10612171,236110944.00
20160930,22.23,22.23,21.96,22.01,9229240,203972336.00
20161010,22.15,22.55,21.86,22.52,21736342,484223680.00
20161011,22.46,22.63,22.32,22.60,13854819,312338272.00
20161012,22.46,22.62,22.28,22.39,10701268,240575632.00
20161013,22.39,22.57,22.31,22.40,9965034,224215968.00
20161014,22.48,22.84,22.39,22.51,14857375,336510240.00
20161017,22.53,22.55,21.82,21.88,19921240,442183168.00
20161025,22.96,23.83,22.56,22.69,49806127,1147905920.00
20161026,22.66,23.37,22.66,22.96,29066651,669231616.00
20161027,22.81,22.84,22.54,22.56,15143178,343760640.00
20161028,22.57,22.70,22.10,22.15,14488192,324235232.00
20161031,22.15,22.15,21.86,22.06,8547979,188306720.00
20161101,22.11,22.35,22.01,22.34,12081361,268206928.00
20161102,22.26,22.26,21.55,21.76,20532478,449595488.00
20161103,21.67,21.91,21.54,21.75,13968973,304437248.00
20161104,21.62,21.83,21.36,21.38,12834311,277403008.00
20161107,21.39,21.55,21.01,21.37,14643642,312219776.00
20161108,21.43,21.74,21.34,21.58,13211726,284833920.00
20161109,21.58,21.58,20.67,21.02,21309180,449995904.00
20161110,21.17,21.38,21.01,21.18,14375024,304429088.00
20161111,21.18,21.28,20.94,21.16,14012123,296178464.00
20161114,21.41,21.56,21.24,21.40,16185968,346895424.00
20161115,21.51,21.56,21.27,21.54,13814552,296179808.00
20161116,21.51,21.69,21.47,21.53,12856537,277896160.00
20161117,21.54,21.54,20.99,21.10,16678637,353550176.00
20161118,21.14,21.24,20.97,21.10,7322768,154866944.00
20161121,21.10,21.17,20.87,20.96,13947478,293616160.00
20161122,20.99,21.11,20.84,21.10,11293662,237419664.00
20161123,21.17,21.19,20.94,21.02,14412242,303865312.00
20161124,21.04,21.04,20.60,20.71,19603425,408234304.00
20161125,20.73,20.74,20.17,20.62,12728853,260942208.00
20161128,20.66,21.86,20.56,21.67,37301655,795747520.00
20161129,21.51,21.93,21.46,21.46,30303858,658768576.00
20161130,21.36,21.76,21.26,21.49,16297028,351879392.00
20161201,21.58,21.65,21.28,21.31,12960660,277491552.00
20161202,21.39,21.64,20.84,20.87,15714080,334721248.00
20161205,20.46,21.22,20.15,20.86,15334900,319937920.00
20161206,20.96,21.15,20.58,20.65,9019330,187837136.00
20161207,20.57,20.69,20.39,20.59,10438209,214403536.00
20161208,20.56,20.56,20.24,20.25,10529898,215038512.00
20161209,20.27,20.36,19.91,19.99,14630902,294027904.00
20161212,19.99,20.03,18.56,18.83,23685065,455647744.00
20161213,18.83,19.02,18.37,18.84,10490672,197507008.00
20161214,18.85,18.90,18.31,18.36,12139011,225438544.00
20161215,18.28,18.77,18.15,18.43,9648639,179175248.00
20161216,18.43,18.76,18.34,18.57,8159394,151992704.00
20161219,18.51,19.44,18.32,18.95,17222742,326642624.00
20161220,18.96,19.17,18.83,18.95,10427491,198321696.00
20161221,18.96,19.32,18.95,19.01,7605973,145491072.00
20161222,19.01,19.76,18.97,19.67,22260956,433792800.00
20161223,20.94,21.38,20.38,20.48,46681498,967833408.00
20161226,20.20,20.61,20.01,20.41,27121966,552386304.00
20161227,20.86,20.93,20.16,20.16,21772683,447101344.00
20161228,20.00,20.10,19.47,19.57,19213276,380209440.00
20161229,19.57,19.92,19.36,19.53,12623455,248450384.00
20161230,19.47,19.65,18.93,19.31,19765229,381762880.00
20170103,19.38,19.73,19.34,19.52,10862777,212560656.00
20170104,19.58,19.71,19.32,19.59,13627589,267268272.00
20170105,19.66,20.25,19.52,20.05,24231316,483668704.00
20170106,20.05,20.19,19.59,19.59,15714462,312509760.00
20170109,19.62,20.26,19.41,20.20,24319885,486624352.00
20170110,20.10,20.26,19.84,19.86,16838710,338028832.00
20170111,19.79,20.18,19.67,19.90,18218783,364463456.00
20170112,19.82,19.94,19.42,19.51,19106087,376178464.00
20170113,19.46,19.61,18.67,18.75,16867856,323228960.00
20170116,18.64,18.73,16.93,17.77,20352232,365763296.00
20170117,17.75,18.09,17.29,17.99,11529105,205251904.00
20170118,17.84,19.46,17.73,18.53,19372981,362034816.00
20170119,18.37,18.77,18.27,18.37,10578386,196425264.00
20170120,18.30,18.80,18.29,18.55,9071376,169079200.00
20170123,18.69,19.05,18.57,18.66,9396428,176842896.00
20170124,18.66,18.70,18.31,18.36,6758566,125215184.00
20170125,18.35,18.51,18.29,18.38,5220210,96271648.00
20170126,18.40,18.62,18.40,18.57,6654927,123523136.00
20170203,18.60,18.94,18.59,18.76,8567289,161362448.00
20170206,18.74,18.91,18.62,18.81,8386095,157934432.00
20170207,18.83,18.84,18.55,18.58,6867590,128510424.00
20170208,18.58,18.72,18.48,18.68,6962549,130028096.00
20170209,18.70,18.90,18.68,18.85,9574994,180332624.00
20170210,18.87,18.90,18.62,18.64,8808046,165124544.00
20170213,18.66,18.72,18.47,18.66,8223277,153365776.00
20170214,18.69,18.96,18.64,18.66,10077816,189787680.00
20170215,18.66,18.66,18.10,18.19,14317850,263849168.00
20170216,18.15,18.26,18.07,18.23,9135710,166452928.00
20170217,18.16,18.26,18.01,18.04,9489776,172332368.00
20170220,18.02,18.11,17.81,18.09,9856478,177637584.00
20170221,18.10,18.53,18.04,18.43,11676761,214839680.00
20170222,18.55,18.64,18.42,18.49,9429606,174959088.00
20170223,18.51,18.62,18.42,18.56,9920915,184161088.00
20170224,18.57,18.90,18.48,18.86,16393525,308126304.00
20170227,18.86,18.90,18.58,18.63,10349535,194341568.00
20170228,18.65,18.79,18.53,18.68,7208683,134651392.00
20170301,18.71,18.88,18.66,18.68,10059663,189108736.00
20170302,18.69,18.76,18.46,18.46,8045809,149665808.00
20170303,18.42,18.84,18.18,18.77,14494669,270108992.00
20170306,18.79,19.41,18.71,19.34,27407838,526079200.00
20170307,19.34,20.30,19.15,20.11,42571618,840288640.00
20170308,20.06,20.18,19.65,19.74,24251017,483911040.00
20170309,19.68,19.95,19.59,19.74,16341510,323768064.00
20170310,19.90,20.02,19.37,19.41,15355365,302464416.00
20170313,19.48,20.11,19.21,19.96,23396489,463744672.00
20170314,20.86,21.36,20.03,20.04,39419035,808787264.00
20170315,20.06,20.56,19.76,20.23,26176053,531504928.00
20170316,20.43,20.73,20.27,20.55,25024705,513424544.00
20170317,20.46,20.77,20.27,20.29,25176177,518631136.00
20170320,20.31,20.31,19.84,20.01,16434854,329787872.00
20170321,20.01,20.56,19.87,20.40,18355409,372815904.00
20170322,20.26,20.41,19.99,20.12,12505458,252589040.00
20170323,20.10,20.17,19.66,19.92,13390719,267471184.00
20170324,20.01,20.23,19.90,20.07,11280537,226874304.00
20170327,20.10,20.13,19.77,19.88,9884062,197164544.00
20170328,19.88,19.92,19.57,19.57,10043782,198443504.00
20170329,19.75,20.05,19.67,19.75,13835867,275908224.00
20170330,19.66,19.93,19.41,19.48,14046581,276994528.00
20170331,19.53,20.36,19.53,20.05,24807831,498746784.00
20170405,20.36,20.71,20.13,20.49,24643298,505586496.00
20170406,20.54,20.94,20.38,20.71,25528336,530664960.00
20170407,20.51,20.63,20.31,20.44,15945145,326829248.00
20170410,20.43,20.90,20.17,20.61,21615233,447054016.00
20170411,20.40,20.91,19.96,20.89,34072152,701806720.00
20170412,20.81,20.82,20.19,20.21,18420147,378960256.00
20170413,20.20,20.41,20.03,20.10,12461925,251972192.00
20170414,20.06,20.32,19.54,19.63,13906380,277361632.00
20170417,19.56,20.16,19.32,19.76,15190120,300313248.00
20170418,19.72,19.79,19.25,19.27,12357094,241943632.00
20170419,19.13,19.23,18.51,18.79,15460395,291103328.00
20170420,19.07,19.26,18.82,18.98,12180040,232053488.00
20170421,18.95,19.08,18.67,18.69,6967555,131584160.00
20170424,18.69,18.69,18.24,18.24,9080065,167398160.00
20170425,18.40,18.61,18.34,18.46,9521673,176397536.00
20170426,18.50,18.65,18.42,18.49,6873911,127673280.00
20170427,18.34,18.84,17.87,18.80,16358863,300900896.00
20170428,18.80,19.49,18.66,19.29,15507755,297516032.00
20170502,19.50,19.50,18.80,19.11,11658276,222810976.00
20170503,19.00,19.20,18.86,18.97,7836545,149203184.00
20170504,19.12,19.31,18.90,18.93,10792384,206802944.00
20170505,18.76,18.93,18.22,18.22,12534026,232605136.00
20170508,18.16,18.46,17.96,18.04,8201742,149879872.00
20170509,17.93,18.33,17.84,18.23,7431901,134628752.00
20170510,18.23,18.35,17.31,17.45,14056250,250738544.00
20170511,17.47,17.84,16.96,17.71,11748347,204570736.00
20170512,17.63,17.73,17.32,17.43,6511340,114043704.00
20170515,17.59,17.76,17.37,17.43,5902227,103945224.00
20170516,17.43,17.99,17.06,17.98,14125265,247668976.00
20170517,17.98,18.23,17.89,17.94,11244368,203148464.00
20170518,17.70,18.15,17.62,17.84,7775897,139281840.00
20170519,17.80,17.89,17.41,17.51,9192559,162457616.00
20170522,17.51,17.65,17.09,17.22,7667069,133582232.00
20170523,17.23,17.36,16.48,16.59,11504070,195667440.00
20170524,16.59,16.95,16.48,16.92,10036315,168569328.00
20170525,16.96,17.14,16.42,17.01,9740484,164965104.00
20170526,17.06,17.31,16.96,16.96,8675699,149003040.00
20170531,17.26,17.30,16.94,16.97,6293874,107940608.00
20170601,16.98,17.11,16.45,16.51,8314708,139825632.00
20170602,16.36,16.89,16.08,16.68,9591152,157951968.00
20170605,16.71,16.90,16.62,16.76,6989702,117528208.00
20170606,16.76,16.89,16.69,16.86,5031787,84810312.00
20170607,16.94,17.72,16.88,17.47,17334712,301018720.00
20170608,17.51,18.44,17.34,18.02,19581299,350279744.00
20170609,17.84,18.01,17.62,17.86,12247691,218310256.00
20170612,17.80,18.05,17.63,17.70,8160250,145114896.00
20170613,17.78,18.35,17.75,18.16,15708408,283345792.00
20170614,18.03,18.18,17.82,17.88,10372113,186319680.00
20170615,17.93,18.35,17.93,18.17,14714107,267772768.00
20170616,18.15,18.29,18.02,18.14,8080155,146500176.00
20170619,18.16,18.42,18.15,18.30,11998803,220141504.00
20170620,18.32,18.90,18.15,18.60,20135672,373951392.00
20170621,18.57,18.67,18.22,18.36,12609286,231935680.00
20170622,18.40,18.94,18.31,18.41,21204930,394549920.00
20170623,18.29,18.80,18.21,18.74,18053541,335058176.00
20170626,18.66,19.37,18.61,19.28,25052673,479740256.00
20170627,19.30,19.34,18.97,19.11,15850409,303241568.00
20170628,19.10,19.18,18.75,18.84,11824836,223481712.00
20170629,18.90,20.11,18.82,19.84,41322428,812822144.00
20170630,19.80,19.89,19.61,19.76,17184585,339222592.00
20170703,19.61,20.04,19.61,19.70,16436275,325387808.00
20170704,19.75,20.04,19.25,19.50,21496224,422751232.00
20170705,19.45,19.75,19.23,19.74,16998888,331646464.00
20170706,19.66,19.72,19.11,19.15,21798238,422094592.00
20170707,19.14,19.38,18.98,19.14,14798203,283084640.00
20170710,19.17,19.45,19.07,19.24,12188572,235009712.00
20170711,19.18,19.23,18.50,18.50,20887642,393287264.00
20170712,18.52,18.64,18.16,18.52,13036238,239339264.00
20170713,18.62,18.65,18.37,18.58,8978080,166423968.00
20170714,18.55,18.69,18.36,18.68,7529954,139773168.00
20170717,18.57,18.57,17.50,17.50,17786602,318550048.00
20170718,17.55,17.68,17.24,17.56,10890128,190391520.00
20170719,17.52,17.81,17.20,17.78,13303594,232647616.00
数据来源:通达信
