002478 常宝股份 日线 前复权
      日期	    开盘	    最高	    最低	    收盘	    成交量	    成交额
20100921,8.90,9.29,7.82,7.88,34530577,650301952.00
20100927,7.53,7.59,7.09,7.33,14554576,242572896.00
20100928,7.20,7.28,7.06,7.13,9512692,155087760.00
20100929,7.10,7.18,6.90,7.13,6296272,101289912.00
20100930,7.03,7.21,7.02,7.16,5386423,87659000.00
20101008,7.19,7.31,7.09,7.23,6407751,105381616.00
20101011,7.24,7.24,7.14,7.20,5479688,89706544.00
20101012,7.17,7.32,7.14,7.17,4979776,81742256.00
20101013,7.15,7.23,7.08,7.16,4507503,73365664.00
20101014,7.19,7.66,7.15,7.42,10418976,174964592.00
20101015,7.29,7.40,7.15,7.21,5329868,88152312.00
20101018,7.15,7.55,7.05,7.38,9241568,155109840.00
20101019,7.38,8.00,7.27,7.85,12946435,223500864.00
20101020,7.65,7.92,7.52,7.63,10856543,189169296.00
20101021,7.60,7.60,7.34,7.43,5893009,99444496.00
20101022,7.43,7.57,7.38,7.48,3976889,67373880.00
20101025,7.49,7.74,7.40,7.67,7222409,123775632.00
20101026,7.66,7.89,7.55,7.83,11842827,207651296.00
20101027,7.80,8.06,7.62,7.84,10661220,187980608.00
20101028,7.76,8.02,7.75,7.93,7402549,131750720.00
20101029,7.89,8.19,7.80,8.19,9594795,173458480.00
20101101,8.21,8.67,8.10,8.32,13405329,251364288.00
20101102,8.42,8.45,7.90,7.94,10220946,187237632.00
20101103,7.85,8.08,7.75,7.77,4692217,83354720.00
20101104,7.84,8.03,7.76,7.98,4618187,82266488.00
20101105,7.98,8.05,7.79,7.98,5279516,93768176.00
20101108,7.97,8.24,7.87,8.20,6962593,126075096.00
20101109,8.17,8.45,8.04,8.44,9652800,178271632.00
20101110,8.40,8.65,8.30,8.42,7797107,147551968.00
20101111,8.30,8.58,8.15,8.21,6344175,119156096.00
20101112,8.13,8.24,7.55,7.55,6099529,107913816.00
20101115,7.60,7.89,7.50,7.80,3550551,61609460.00
20101116,7.80,7.94,7.42,7.42,3948924,68430064.00
20101117,7.42,7.49,7.28,7.30,3831363,64270008.00
20101118,7.35,7.46,7.35,7.45,2051005,34533608.00
20101119,7.50,7.63,7.40,7.60,2469781,42074688.00
20101122,7.53,7.72,7.50,7.58,3427226,59069792.00
20101123,7.62,7.66,7.50,7.63,2822865,48526524.00
20101124,7.58,7.77,7.54,7.74,2619047,45583156.00
20101125,7.76,8.17,7.72,8.13,7333668,132414112.00
20101126,8.49,9.00,8.48,8.50,16353495,315774400.00
20101129,8.33,8.60,8.31,8.60,7080371,134376192.00
20101130,8.55,8.72,8.04,8.34,5716837,107251312.00
20101201,8.21,8.59,8.21,8.59,4425878,83643456.00
20101202,8.70,8.74,8.40,8.40,5338569,102042088.00
20101203,8.30,8.36,8.05,8.15,3348012,61342764.00
20101206,8.16,8.19,7.82,7.89,2294029,41201040.00
20101207,7.72,8.14,7.70,8.07,1766873,31448242.00
20101208,8.06,8.12,7.85,7.89,1794977,32283820.00
20101209,7.80,8.01,7.75,7.82,1558775,27652558.00
20101210,7.84,8.09,7.80,8.05,2076577,37272492.00
20101213,8.06,8.40,8.00,8.31,3374088,62407316.00
20101214,8.40,8.42,8.20,8.33,3057078,56684836.00
20101215,8.30,8.33,8.18,8.19,2422437,44845232.00
20101216,8.25,8.25,8.14,8.17,2234745,41016400.00
20101217,8.17,8.26,8.11,8.25,2040063,37456972.00
20101220,8.27,8.33,7.85,8.01,2857708,51841372.00
20101221,8.01,8.02,7.75,7.85,10025880,177229792.00
20101222,7.85,8.34,7.84,8.32,8952729,162394496.00
20101223,8.47,8.58,8.06,8.06,10346887,192949248.00
20101224,7.97,8.00,7.65,7.75,4625743,81476984.00
20101227,7.81,7.94,7.45,7.51,3240592,56674452.00
20101228,7.51,7.68,7.43,7.51,1820677,31106168.00
20101229,7.51,7.65,7.50,7.65,1210371,20786992.00
20101230,7.68,7.75,7.48,7.69,2356980,40646196.00
20101231,7.68,7.85,7.65,7.78,1999240,34937320.00
20110104,7.90,7.95,7.75,7.81,2188293,38614124.00
20110105,7.79,8.03,7.64,8.01,4182648,74152600.00
20110106,7.94,8.01,7.79,7.82,2340418,41466488.00
20110107,7.86,7.95,7.70,7.79,2288298,40460392.00
20110110,7.82,7.84,7.50,7.57,1601009,27811998.00
20110111,7.58,7.61,7.44,7.51,1527780,25947738.00
20110112,7.51,7.61,7.47,7.57,1278799,21842622.00
20110113,7.59,7.62,7.51,7.54,1057867,18111776.00
20110114,7.53,7.69,7.04,7.15,3519201,58220348.00
20110117,7.12,7.12,6.75,6.80,2096422,33013636.00
20110118,6.85,6.93,6.78,6.85,722447,11328073.00
20110119,6.85,7.02,6.85,7.01,1031419,16392795.00
20110120,7.00,7.00,6.78,6.83,1128304,17777140.00
20110121,6.79,6.98,6.79,6.90,947979,14974841.00
20110124,6.99,6.99,6.69,6.72,1198532,18669380.00
20110125,6.70,6.80,6.64,6.72,605214,9345059.00
20110126,6.75,6.83,6.75,6.77,726700,11330124.00
20110127,6.78,7.04,6.74,6.95,1199335,19000230.00
20110128,6.92,6.97,6.85,6.96,968480,15326451.00
20110131,6.95,7.20,6.90,7.17,1763672,28524084.00
20110201,7.20,7.22,7.01,7.09,1145423,18508448.00
20110209,7.03,7.11,6.90,6.91,1077380,17219842.00
20110210,6.91,7.09,6.85,7.09,951351,15234080.00
20110211,7.08,7.42,7.07,7.36,3395350,56256260.00
20110214,7.42,7.48,7.30,7.38,3311597,55577908.00
20110215,7.40,7.42,7.28,7.32,3025563,50398608.00
20110216,7.37,7.74,7.30,7.74,6307146,108498344.00
20110217,7.69,8.21,7.65,7.99,8715373,155627792.00
20110218,7.96,8.10,7.86,8.08,5349967,96284248.00
20110221,8.10,8.39,8.10,8.35,9813557,182082912.00
20110222,8.50,8.55,8.15,8.19,6724579,124585416.00
20110223,8.18,8.32,7.90,8.13,3943599,71770896.00
20110224,8.13,8.23,8.00,8.19,2404625,43840760.00
20110225,8.22,8.24,7.95,8.01,2794743,50570220.00
20110228,8.01,8.10,7.98,8.04,2229113,40254916.00
20110301,8.04,8.08,7.87,7.92,3130173,56221328.00
20110302,7.88,8.05,7.68,7.80,3823674,67384192.00
20110303,7.75,7.87,7.72,7.77,1563014,27445780.00
20110304,7.76,7.89,7.75,7.85,1780780,31422092.00
20110307,7.89,7.99,7.83,7.92,1927026,34363496.00
20110308,7.92,7.94,7.68,7.80,2908572,51018216.00
20110309,7.76,8.18,7.75,8.12,4673653,84230296.00
20110310,8.05,8.05,7.75,7.79,3316964,58797208.00
20110311,7.75,7.84,7.71,7.73,1328903,23334080.00
20110314,7.47,7.97,7.44,7.92,3380385,58905048.00
20110315,7.80,8.00,7.76,7.89,3942365,69890040.00
20110316,7.89,7.92,7.71,7.80,2229437,39160900.00
20110317,7.65,7.95,7.63,7.90,4686827,82986352.00
20110318,7.90,8.19,7.74,7.94,5551278,99635944.00
20110321,7.91,7.99,7.82,7.86,1387992,24676300.00
20110322,7.86,7.87,7.68,7.70,1510437,26427314.00
20110323,7.70,7.77,7.64,7.70,1691501,29372348.00
20110324,7.71,7.84,7.65,7.77,1960297,34364728.00
20110325,7.73,7.79,7.70,7.75,1707797,29877518.00
20110328,7.75,7.82,7.73,7.78,1802277,31610560.00
20110329,7.75,7.95,7.61,7.64,2513366,44301836.00
20110330,7.60,7.67,7.24,7.31,2909390,48936452.00
20110331,7.31,7.42,7.29,7.31,882551,14710273.00
20110401,7.33,7.33,7.11,7.30,2730198,44807780.00
20110406,7.26,7.68,7.24,7.60,3537753,59639416.00
20110407,7.60,7.69,7.35,7.53,2836175,48341104.00
20110408,7.51,7.60,7.41,7.48,1502395,25516358.00
20110411,7.49,7.52,7.29,7.29,2074477,34682848.00
20110412,7.29,7.48,7.25,7.28,1892031,31590634.00
20110413,7.30,7.38,7.27,7.36,1158635,19326316.00
20110414,7.36,7.44,7.29,7.30,1258854,21057434.00
20110415,7.30,7.34,7.20,7.21,1174639,19365806.00
20110418,7.21,7.27,7.16,7.17,1033617,16959062.00
20110419,7.18,7.31,7.14,7.23,1193944,19659774.00
20110420,7.21,7.27,7.15,7.22,895826,14719777.00
20110421,7.27,7.41,7.23,7.38,1609779,26853456.00
20110422,7.37,7.46,7.30,7.46,1704068,28611254.00
20110425,7.47,7.64,7.34,7.58,3964991,67664712.00
20110426,7.57,7.71,7.40,7.56,3233696,55359564.00
20110427,7.56,7.61,7.07,7.49,2981507,50056600.00
20110428,7.44,7.69,6.94,7.10,3737820,62005012.00
20110429,7.15,7.25,7.09,7.20,1865362,30558008.00
20110503,7.22,7.35,7.16,7.34,2666215,44087288.00
20110504,7.30,7.44,7.23,7.35,2863684,47811844.00
20110506,7.32,7.41,7.16,7.34,2637114,43989044.00
20110509,7.34,7.50,7.33,7.46,4516457,76212952.00
20110510,7.47,7.56,7.40,7.53,4176945,71048576.00
20110511,7.60,7.60,7.46,7.52,3205866,54589308.00
20110512,7.47,7.47,7.27,7.35,1994300,33439932.00
20110513,7.33,7.57,7.24,7.57,4270150,72407480.00
20110516,7.60,7.74,7.51,7.69,5247433,90947064.00
20110517,7.69,7.77,7.52,7.68,3570925,61884504.00
20110518,7.65,7.79,7.56,7.59,3034441,52750740.00
20110519,7.60,7.61,7.43,7.44,2426765,41258488.00
20110520,7.45,7.49,7.41,7.49,1094163,18491770.00
20110523,7.48,7.48,6.94,6.95,2473232,40448300.00
20110524,6.76,6.89,6.65,6.80,1604362,24912386.00
20110525,6.89,6.89,6.64,6.66,960201,14852844.00
20110526,6.67,6.75,6.50,6.51,841640,12873110.00
20110527,6.52,6.52,6.25,6.30,1031255,15165417.00
20110530,6.30,6.32,6.16,6.22,686295,9967598.00
20110531,6.25,6.38,6.20,6.35,807146,11773909.00
20110601,6.35,6.36,6.29,6.33,665247,9763062.00
20110602,6.29,6.29,5.95,6.03,1486990,20990594.00
20110603,6.09,6.09,6.02,6.06,1080280,15250703.00
20110607,6.00,6.12,6.00,6.11,760189,10788782.00
20110608,6.18,6.19,6.00,6.17,807394,11393290.00
20110609,6.17,6.80,6.10,6.70,3205148,47253152.00
20110610,6.65,6.65,6.43,6.50,2136689,31930460.00
20110613,6.49,6.59,6.30,6.48,1145135,16959212.00
20110614,6.41,6.60,6.41,6.51,964565,14415687.00
20110615,6.51,6.55,6.30,6.32,724370,10645923.00
20110616,6.29,6.32,6.11,6.32,695751,9975351.00
20110617,6.30,6.37,6.20,6.22,391194,5672170.50
20110620,6.22,6.60,6.16,6.44,2384961,35102300.00
20110621,6.44,6.55,6.40,6.50,2479044,36985316.00
20110622,6.51,6.68,6.47,6.62,3579739,54015944.00
20110623,6.61,6.79,6.46,6.64,3777297,57440580.00
20110624,6.62,6.89,6.55,6.78,4629818,71380408.00
20110627,6.84,6.86,6.67,6.80,4305917,66571896.00
20110628,6.83,6.83,6.66,6.72,2898894,44561016.00
20110629,6.72,6.77,6.56,6.56,1792521,27276964.00
20110630,6.60,6.71,6.57,6.63,1413785,21485428.00
20110701,6.66,6.72,6.55,6.64,2735984,41510084.00
20110704,6.67,6.75,6.62,6.72,2815314,43027696.00
20110705,6.74,6.75,6.65,6.70,2139532,32670132.00
20110706,6.70,6.70,6.61,6.68,1612967,24505422.00
20110707,6.66,6.77,6.65,6.67,2160624,33115914.00
20110708,6.71,6.71,6.54,6.57,1493819,22606486.00
20110711,6.54,6.63,6.53,6.61,1005730,15159733.00
20110712,6.56,6.56,6.28,6.30,1769199,26092044.00
20110713,6.27,6.42,6.27,6.41,957426,14056810.00
20110714,6.45,6.58,6.43,6.53,1444612,21556780.00
20110715,6.55,6.74,6.55,6.73,2911910,44440720.00
20110718,6.75,6.80,6.65,6.67,1634636,25060886.00
20110719,6.71,6.71,6.55,6.60,1162696,17619542.00
20110720,6.63,6.66,6.49,6.58,988445,14861012.00
20110721,6.58,6.64,6.35,6.41,1037827,15371101.00
20110722,6.45,6.50,6.39,6.42,556110,8220645.00
20110726,6.17,6.32,6.03,6.29,1898545,27008116.00
20110727,6.21,6.43,6.21,6.37,1068036,15567538.00
20110728,6.35,6.43,6.28,6.37,800487,11702875.00
20110729,6.29,6.45,6.29,6.44,1000865,14716397.00
20110801,6.40,6.55,6.33,6.49,2735369,40730556.00
20110802,6.52,6.52,6.27,6.39,1146390,16785018.00
20110803,6.29,6.51,6.27,6.43,1553111,22937330.00
20110804,6.41,6.47,6.33,6.35,1027647,15077995.00
20110805,6.15,6.37,6.04,6.17,1140010,16297584.00
20110808,6.10,6.12,5.46,5.56,1736678,23309358.00
20110809,5.30,5.52,5.10,5.40,1318894,16570742.00
20110810,5.55,5.62,5.40,5.42,836050,10824185.00
20110811,5.30,5.48,5.24,5.47,1047329,13298985.00
20110812,5.50,5.64,5.47,5.54,1267019,16526855.00
20110815,5.57,5.65,5.45,5.65,1140433,14917673.00
20110816,5.67,5.74,5.61,5.66,1035467,13707653.00
20110817,5.64,6.02,5.60,5.76,1587949,21536096.00
20110818,5.67,5.72,5.53,5.53,1014900,13313785.00
20110819,5.40,5.44,5.20,5.37,926155,11685813.00
20110822,5.38,5.50,5.37,5.38,605965,7718372.00
20110823,5.40,5.55,5.38,5.55,777180,10011429.00
20110824,5.60,5.70,5.58,5.61,1029536,13568077.00
20110825,5.58,5.71,5.57,5.69,968135,12797678.00
20110826,5.64,5.72,5.63,5.69,763845,10131573.00
20110829,5.66,5.67,5.53,5.54,911450,11933589.00
20110830,5.58,5.63,5.48,5.56,871299,11369090.00
20110831,5.55,5.59,5.49,5.56,588748,7647354.50
20110901,5.60,5.75,5.58,5.63,1382540,18301078.00
20110902,5.57,5.59,5.30,5.39,1468070,18706800.00
20110905,5.37,5.37,5.18,5.25,793919,9867295.00
20110906,5.22,5.32,5.19,5.22,481488,5941795.50
20110907,5.27,5.34,5.20,5.33,781874,9759113.00
20110908,5.35,5.36,5.23,5.24,488200,6107604.00
20110909,5.24,5.31,5.15,5.20,393400,4850340.00
20110913,5.13,5.17,5.08,5.12,389286,4715853.00
20110914,5.12,5.19,5.06,5.19,430336,5238209.00
20110915,5.22,5.25,5.18,5.22,507292,6258875.00
20110916,5.24,5.32,5.20,5.26,658470,8188339.50
20110919,5.22,5.22,5.05,5.12,396884,4818279.00
20110920,5.12,5.16,5.05,5.16,299289,3640336.75
20110921,5.17,5.34,5.13,5.33,862892,10759672.00
20110922,5.27,5.30,5.12,5.12,679517,8361370.00
20110923,5.05,5.16,5.00,5.16,582180,7020784.50
20110926,5.12,5.20,5.11,5.17,567615,6932530.00
20110927,5.17,5.31,5.17,5.22,721713,8925908.00
20110928,5.25,5.27,5.13,5.21,773929,9500062.00
20110929,5.18,5.29,5.05,5.20,1066752,13063942.00
20110930,5.20,5.42,5.13,5.42,2972645,37251656.00
20111010,5.42,5.52,5.32,5.47,2531909,32325178.00
20111011,5.55,5.61,5.35,5.48,2020192,25917416.00
20111012,5.45,5.63,5.35,5.62,2615553,34070168.00
20111013,5.60,5.69,5.52,5.63,2505612,32876536.00
20111014,5.61,5.61,5.42,5.49,1400218,18046422.00
20111017,5.47,5.61,5.46,5.60,1555684,20237832.00
20111018,5.57,5.57,5.38,5.42,934505,11971657.00
20111019,5.40,5.49,5.36,5.40,585275,7459028.00
20111020,5.41,5.45,5.00,5.00,1255732,15381592.00
20111021,4.92,5.05,4.67,4.70,1113099,12854848.00
20111024,4.70,4.89,4.63,4.85,859414,9809188.00
20111025,4.85,4.97,4.79,4.93,1057540,12338073.00
20111026,4.88,5.02,4.85,4.97,895911,10572951.00
20111027,4.99,4.99,4.90,4.95,791101,9347283.00
20111028,5.00,5.08,4.96,5.06,1049920,12519025.00
20111031,5.09,5.13,5.00,5.06,978274,11760177.00
20111101,5.02,5.10,4.97,5.08,865040,10394684.00
20111102,5.01,5.16,4.96,5.14,1139294,13697415.00
20111103,5.20,5.34,5.20,5.20,1847773,22967774.00
20111104,5.21,5.52,5.16,5.49,3405857,42996056.00
20111107,5.45,5.61,5.40,5.59,3571576,46206620.00
20111108,5.59,5.71,5.53,5.59,3690495,48392000.00
20111109,5.62,5.66,5.49,5.61,1681066,21883348.00
20111110,5.57,5.79,5.49,5.73,4750054,63096264.00
20111111,5.75,5.76,5.58,5.69,2047436,27107016.00
20111114,5.69,5.85,5.65,5.82,4378817,58970284.00
20111115,5.83,5.86,5.70,5.73,3407477,45768148.00
20111116,5.72,5.72,5.55,5.61,1943389,25483484.00
20111117,5.61,5.86,5.47,5.84,4721477,63174556.00
20111118,5.83,5.96,5.70,5.86,6984932,95107144.00
20111121,5.90,6.23,5.80,6.15,9158602,128807648.00
20111122,6.05,6.17,5.91,6.02,6225206,86881224.00
20111123,6.08,6.27,6.04,6.12,8438646,120251848.00
20111124,6.07,6.17,5.85,6.06,4989543,69644696.00
20111125,6.07,6.41,6.05,6.24,9090806,131329584.00
20111128,6.27,6.41,6.08,6.14,7513581,108517144.00
20111129,6.20,6.28,5.99,6.08,4784632,67418696.00
20111130,6.05,6.17,5.85,6.00,3990594,55421252.00
20111201,6.30,6.39,5.95,6.02,8817485,125672392.00
20111202,6.04,6.04,5.65,5.65,4258630,57381096.00
20111205,5.60,5.77,5.44,5.71,3975565,52626820.00
20111206,5.72,5.75,5.50,5.62,3878100,50866896.00
20111207,5.62,5.80,5.50,5.76,3726177,49394704.00
20111208,5.75,6.29,5.69,6.05,9026135,125773856.00
20111209,6.03,6.19,5.94,5.97,6516834,90934664.00
20111212,5.90,6.20,5.90,6.05,6803352,95582096.00
20111213,6.03,6.15,5.91,6.07,7702500,108038392.00
20111214,6.02,6.25,5.93,6.18,10698298,152116048.00
20111215,6.12,6.24,5.95,6.10,7303686,103236080.00
20111216,6.08,6.25,6.05,6.21,8915226,127205200.00
20111219,6.17,6.31,6.12,6.28,8698582,125094648.00
20111220,6.34,6.34,5.56,5.56,9378634,128421184.00
20111221,5.10,5.28,4.91,5.00,7484211,89714488.00
20111222,4.93,5.18,4.76,5.04,5713059,68257120.00
20111223,4.96,5.10,4.94,5.00,3117005,37259168.00
20111226,5.00,5.16,4.99,5.10,5019143,60775560.00
20111227,5.09,5.18,4.86,4.94,5431407,65542972.00
20111228,4.85,4.97,4.64,4.74,4073615,46794700.00
20111229,4.74,4.84,4.68,4.69,3382495,38620308.00
20111230,4.74,4.75,4.63,4.65,3046876,34364224.00
20120104,4.66,4.70,4.09,4.09,4490427,47494984.00
20120105,3.91,3.99,3.58,3.59,3518848,33024876.00
20120106,3.54,3.69,3.30,3.66,2614140,23430856.00
20120109,3.64,3.86,3.59,3.83,2309131,21774912.00
20120110,3.82,4.11,3.80,4.04,3395927,33594492.00
20120111,4.04,4.23,4.04,4.12,3137118,31910316.00
20120112,4.09,4.17,4.01,4.08,2177209,21925524.00
20120113,4.04,4.08,3.70,3.70,2180715,20897390.00
20120116,3.70,3.71,3.57,3.59,1029531,9462294.00
20120117,3.59,3.92,3.59,3.91,1889987,17884714.00
20120118,3.92,4.06,3.73,3.73,1977759,19201046.00
20120119,3.75,3.87,3.75,3.83,1408178,13417083.00
20120120,3.87,3.96,3.82,3.92,1603805,15577486.00
20120130,3.95,4.03,3.90,3.92,1156010,11363143.00
20120131,3.90,3.92,3.79,3.83,1131011,10813547.00
20120201,3.77,3.94,3.77,3.84,953047,9186387.00
20120202,3.85,3.93,3.81,3.93,1004167,9698483.00
20120203,3.91,4.01,3.91,4.00,1915308,18887274.00
20120206,4.03,4.14,4.00,4.09,2486384,24945314.00
20120207,4.04,4.05,3.94,3.96,1500145,14791724.00
20120208,3.96,4.10,3.91,4.08,1686024,16814100.00
20120209,4.10,4.16,4.05,4.13,2321749,23576642.00
20120210,4.13,4.18,4.10,4.14,2053277,20917246.00
20120213,4.13,4.27,4.05,4.24,3231521,33100820.00
20120214,4.24,4.32,4.17,4.31,3624676,37828988.00
20120215,4.75,4.75,4.36,4.44,5152283,55880012.00
20120216,4.43,4.72,4.40,4.66,5733528,63343400.00
20120217,4.65,4.65,4.44,4.47,3089778,33736588.00
20120220,4.52,4.59,4.41,4.42,2775297,30317354.00
20120221,4.38,4.59,4.38,4.59,3832665,42062408.00
20120222,4.60,4.68,4.51,4.66,3175965,35304964.00
20120223,4.65,4.69,4.56,4.62,2741125,30566026.00
20120224,4.61,4.67,4.58,4.67,2920647,32608436.00
20120227,4.67,5.02,4.64,4.81,5074932,58501304.00
20120228,4.82,4.95,4.62,4.66,3487278,39513384.00
20120229,4.66,4.69,4.50,4.52,2463310,27302064.00
20120301,4.45,4.64,4.45,4.55,1629570,18010708.00
20120305,4.62,4.77,4.62,4.69,2973644,33620060.00
20120306,4.64,4.68,4.54,4.56,1817355,20131284.00
20120307,4.55,4.64,4.49,4.52,1674373,18453856.00
20120308,4.55,4.69,4.54,4.62,2008615,22418638.00
20120309,4.69,4.72,4.62,4.71,1984505,22319534.00
20120312,4.74,4.85,4.71,4.84,3182765,36571888.00
20120313,4.85,4.94,4.78,4.86,2943943,34295252.00
20120314,4.87,4.94,4.42,4.47,4235728,48080116.00
20120315,4.41,4.51,4.32,4.45,2396008,25677714.00
20120316,4.44,4.62,4.43,4.61,2068818,22772586.00
20120319,4.58,4.80,4.56,4.74,2385722,26996640.00
20120320,4.74,4.74,4.59,4.66,1784108,19983398.00
20120321,4.66,4.88,4.58,4.85,4310703,49187852.00
20120322,4.85,5.09,4.77,5.03,6528193,77410568.00
20120323,5.00,5.00,4.77,4.84,2606948,30464336.00
20120326,4.76,4.97,4.76,4.94,2700629,31430598.00
20120327,4.99,5.08,4.90,4.94,2805134,33397752.00
20120328,4.82,4.91,4.51,4.64,2747819,31000852.00
20120329,4.55,4.61,4.39,4.39,1467955,15862951.00
20120330,4.46,4.46,4.35,4.40,706052,7560643.00
20120405,4.38,4.63,4.35,4.58,833924,9112274.00
20120406,4.58,4.70,4.56,4.66,877324,9813184.00
20120409,4.64,4.82,4.55,4.64,1108346,12534056.00
20120410,4.57,4.68,4.46,4.67,1005235,11091059.00
20120411,4.59,4.79,4.56,4.76,1254765,14217384.00
20120412,4.75,4.89,4.74,4.82,2379764,27450674.00
20120413,4.90,4.90,4.76,4.77,1582140,18223998.00
20120416,4.66,4.88,4.66,4.84,1592739,18259340.00
20120417,4.78,4.85,4.66,4.66,1141948,12993815.00
20120418,4.65,4.85,4.64,4.79,1421245,16223799.00
20120419,4.82,5.00,4.82,4.91,3132095,36739400.00
20120420,4.91,5.36,4.89,5.26,5907959,71691312.00
20120423,5.12,5.20,5.02,5.16,4745094,57420136.00
20120424,5.07,5.45,4.90,5.34,7895854,97765112.00
20120425,5.35,5.49,5.22,5.39,5520973,69654448.00
20120426,5.38,5.45,5.23,5.29,2692435,33801056.00
20120427,5.25,5.39,5.17,5.30,2008382,24940182.00
20120502,5.35,5.41,5.28,5.38,2723471,34350848.00
20120503,5.38,5.49,5.22,5.29,2862286,35882548.00
20120504,5.30,5.30,5.09,5.26,2232197,27459696.00
20120507,5.20,5.37,5.16,5.35,2194380,27445158.00
20120508,5.34,5.48,5.26,5.40,4852514,61627984.00
20120509,5.37,5.61,5.26,5.45,7340593,94290040.00
20120510,5.46,5.69,5.39,5.52,6824508,88559888.00
20120511,5.55,5.67,5.37,5.41,5581494,72415376.00
20120514,5.45,5.52,5.23,5.24,4025635,50701660.00
20120516,5.20,5.42,5.13,5.31,2313423,28720022.00
20120517,5.36,5.42,5.25,5.40,2317626,29261838.00
20120518,5.29,5.50,5.29,5.47,3087402,39425492.00
20120521,5.40,5.64,5.40,5.57,6956755,90783264.00
20120522,5.60,5.60,5.45,5.54,2539559,32853092.00
20120523,5.55,5.68,5.45,5.67,5829908,76425512.00
20120524,5.67,5.73,5.60,5.70,3767096,49908176.00
20120525,5.71,5.73,5.51,5.61,3242746,42503092.00
20120528,5.59,5.81,5.42,5.72,4981848,65855164.00
20120529,5.72,6.01,5.67,5.89,8150582,111000808.00
20120530,5.92,6.01,5.74,5.89,4214817,57436732.00
20120531,5.83,6.12,5.78,5.88,7006534,96099088.00
20120601,5.93,5.97,5.78,5.84,4126675,56171912.00
20120604,5.75,5.75,5.53,5.61,2726011,35757956.00
20120605,5.62,5.77,5.59,5.70,2942712,38986432.00
20120606,5.74,5.77,5.56,5.64,2146477,28383312.00
20120607,5.66,5.74,5.49,5.49,2296473,30092606.00
20120608,5.62,5.72,5.39,5.54,5498393,70980216.00
20120611,5.51,5.68,5.38,5.63,3174495,41024600.00
20120612,5.59,5.71,5.55,5.65,2494580,32582420.00
20120613,5.65,5.81,5.61,5.74,6578330,87166584.00
20120614,5.74,5.82,5.62,5.62,3472316,45896272.00
20120615,5.66,5.78,5.54,5.67,4095581,53382448.00
20120618,5.70,5.75,5.40,5.64,4117464,53883152.00
20120619,5.54,5.59,5.39,5.48,2065292,26182592.00
20120620,5.46,5.51,5.38,5.41,2481782,31326650.00
20120621,5.41,5.43,5.06,5.28,3134081,38311804.00
20120625,5.26,5.37,5.19,5.25,2667946,32835524.00
20120626,5.21,5.87,5.15,5.51,5146271,65431208.00
20120627,5.53,5.70,5.34,5.46,3938133,50145472.00
20120628,5.49,5.49,5.25,5.36,2662449,33251764.00
20120629,5.36,5.43,5.27,5.39,1728844,21581972.00
20120702,5.40,5.54,5.31,5.48,3718417,47171636.00
20120703,5.50,5.61,5.41,5.59,4290560,55169020.00
20120704,5.59,5.82,5.53,5.74,6492476,85893312.00
20120705,5.70,5.77,5.63,5.73,4291230,56607824.00
20120706,5.73,5.84,5.66,5.78,5228316,69621264.00
20120709,5.80,5.80,5.57,5.69,3827817,50291960.00
20120710,5.67,5.74,5.29,5.47,4741074,61515588.00
20120711,5.41,5.60,5.27,5.39,3630445,45664340.00
20120712,5.36,5.47,5.33,5.41,3780854,47487072.00
20120713,5.41,5.42,5.22,5.37,3643104,45460060.00
20120716,5.40,5.48,5.03,5.14,4073965,50264720.00
20120717,5.02,5.22,5.02,5.11,1837089,22112590.00
20120718,5.11,5.27,4.81,5.23,4573526,54656916.00
20120719,5.20,5.35,5.16,5.16,4558504,55915880.00
20120720,5.16,5.23,4.87,4.99,3164249,37720860.00
20120723,4.96,5.01,4.76,4.82,1828801,20979220.00
20120724,4.80,4.93,4.77,4.86,1520910,17431782.00
20120725,4.85,5.00,4.77,4.85,2901572,33477426.00
20120726,4.89,5.00,4.71,4.79,2253316,25908412.00
20120727,4.85,4.85,4.47,4.47,1536477,16890556.00
20120730,4.48,4.52,4.16,4.19,1214601,12659642.00
20120731,4.11,4.19,4.00,4.12,1164888,11625528.00
20120801,4.15,4.19,4.10,4.12,1164707,11712042.00
20120802,4.08,4.14,3.89,3.89,1149535,11223205.00
20120803,3.87,4.00,3.87,3.99,812237,7888440.00
20120806,3.99,4.17,3.94,4.17,1419837,14160322.00
20120807,4.25,4.36,4.21,4.27,1937748,20064386.00
20120808,4.27,4.30,4.18,4.21,1148430,11719122.00
20120809,4.21,4.34,4.17,4.33,1360168,14077968.00
20120810,4.34,4.43,4.32,4.38,1829719,19274952.00
20120813,4.33,4.39,4.21,4.22,1094427,11376435.00
20120814,4.18,4.46,4.18,4.44,2495492,26183936.00
20120815,4.40,4.54,4.31,4.33,2143202,22805140.00
20120816,4.29,4.33,4.20,4.21,1297982,13366862.00
20120817,4.20,4.26,4.11,4.20,730190,7423377.00
20120820,4.18,4.31,4.08,4.31,1189211,12110239.00
20120821,4.41,4.83,4.41,4.83,4277307,47894524.00
20120822,4.91,5.08,4.74,4.94,8002180,92963888.00
20120823,4.90,4.99,4.70,4.85,5367087,61399600.00
20120824,4.71,4.78,4.51,4.51,3011114,33177004.00
20120827,4.43,5.05,4.43,5.05,8864230,102668376.00
20120828,4.94,5.36,4.94,5.10,11082909,134389824.00
20120829,4.91,5.23,4.87,4.94,6766943,80100032.00
20120830,4.86,5.31,4.58,4.90,7113996,83795336.00
20120831,4.80,5.10,4.67,5.01,5129299,59386100.00
20120903,4.95,5.05,4.72,4.95,3745723,43392080.00
20120904,4.95,5.27,4.86,5.01,5859939,70129736.00
20120905,4.90,4.95,4.79,4.91,3110531,35794208.00
20120906,4.91,4.99,4.82,4.93,2626580,30341416.00
20120907,4.99,5.20,4.90,5.05,5566377,66131436.00
20120910,5.08,5.23,4.99,5.19,4683225,56333740.00
20120911,5.22,5.22,4.96,4.97,3642394,43356668.00
20120912,5.01,5.46,4.99,5.36,8708202,107479496.00
20120913,5.48,5.81,5.35,5.36,12368674,161127712.00
20120914,5.29,5.43,5.09,5.15,5983116,73033552.00
20120917,5.11,5.12,4.81,4.83,3815457,44564356.00
20120918,4.80,4.80,4.69,4.70,2067952,23241362.00
20120919,4.71,4.80,4.69,4.72,1361380,15312932.00
20120920,4.72,4.77,4.39,4.40,2154077,23464422.00
20120921,4.32,4.46,4.25,4.28,1339327,14065172.00
20120924,4.25,4.37,4.14,4.36,1136759,11716270.00
20120925,4.36,4.50,4.31,4.39,1503485,15947328.00
20120926,4.39,4.45,4.09,4.09,1507279,15372990.00
20120927,4.09,4.26,4.09,4.21,1437524,14614352.00
20120928,4.21,4.41,3.70,4.38,1842187,18980376.00
20121008,4.33,4.44,4.29,4.35,1227634,12885028.00
20121009,4.35,4.56,4.35,4.51,1680791,18001186.00
20121010,4.50,4.56,4.42,4.51,1625261,17461364.00
20121011,4.50,4.50,4.26,4.30,1684346,17771474.00
20121012,4.30,4.40,4.20,4.25,964243,9964548.00
20121015,4.25,4.25,4.07,4.16,945665,9520509.00
20121016,4.15,4.26,4.14,4.19,761795,7767611.50
20121017,4.31,4.57,4.31,4.38,3498256,37316976.00
20121018,4.35,4.50,4.30,4.43,2261360,24054804.00
20121019,4.43,4.46,4.37,4.38,1157609,12245084.00
20121022,4.36,4.45,4.26,4.43,1612980,16942152.00
20121023,4.42,4.45,4.38,4.41,1427657,15156089.00
20121024,4.37,4.41,4.25,4.25,1145831,11961052.00
20121025,4.30,4.40,4.24,4.25,1106120,11501801.00
20121026,4.25,4.28,4.08,4.11,1069620,10759191.00
20121029,4.11,4.15,4.03,4.07,792092,7861096.00
20121030,4.07,4.17,4.06,4.08,535412,5343740.50
20121031,4.11,4.11,4.04,4.07,488251,4838044.00
20121101,4.10,4.19,4.08,4.17,894715,9025292.00
20121102,4.21,4.25,4.13,4.18,553888,5617110.00
20121105,4.12,4.20,4.12,4.18,478221,4838371.50
20121106,4.21,4.21,4.09,4.12,523390,5250285.00
20121107,4.12,4.15,4.07,4.12,452326,4525757.00
20121108,4.05,4.10,3.91,3.91,1046690,10261400.00
20121109,3.92,3.99,3.83,3.87,531293,5090452.50
20121112,3.88,3.94,3.86,3.91,435347,4163422.25
20121113,3.90,3.91,3.78,3.78,440201,4155331.00
20121114,3.77,3.81,3.76,3.79,303560,2831491.00
20121115,3.78,3.81,3.70,3.70,471999,4371144.50
20121116,3.71,3.73,3.55,3.60,761153,6837478.00
20121119,3.60,3.64,3.49,3.64,593745,5275341.50
20121120,3.65,3.66,3.58,3.58,551700,4970106.50
20121121,3.60,3.66,3.54,3.66,562161,5052060.00
20121122,3.63,3.66,3.56,3.58,367519,3290351.50
20121123,3.59,3.69,3.59,3.65,910184,8284051.50
20121126,3.64,3.67,3.57,3.57,503100,4534346.00
20121127,3.54,3.56,3.29,3.32,823823,7074802.00
20121128,3.33,3.34,3.10,3.20,779432,6366369.00
20121129,3.20,3.24,3.14,3.14,378235,3082867.00
20121130,3.12,3.21,3.12,3.20,527305,4286629.00
20121203,3.20,3.23,3.06,3.07,369242,2978899.50
20121204,3.06,3.18,2.97,3.16,539407,4254272.00
20121205,3.16,3.34,3.12,3.30,781590,6523789.50
20121206,3.30,3.44,3.27,3.36,1135536,9680556.00
20121207,3.36,3.45,3.36,3.44,908789,7809358.50
20121210,3.44,3.53,3.38,3.49,1281089,11153007.00
20121211,3.46,3.56,3.44,3.49,957290,8372724.00
20121212,3.47,3.53,3.40,3.45,748235,6476337.00
20121213,3.44,3.44,3.32,3.32,736912,6285599.00
20121214,3.32,3.52,3.32,3.51,1424386,12371506.00
20121217,3.53,3.65,3.51,3.63,1608901,14418551.00
20121218,3.61,3.64,3.53,3.56,1149399,10310323.00
20121219,3.56,3.64,3.56,3.60,817605,7339149.50
20121220,3.59,3.63,3.52,3.62,797952,7147949.50
20121221,3.64,3.65,3.54,3.57,772665,6923944.00
20121224,3.56,3.68,3.53,3.65,1271332,11488959.00
20121225,3.66,4.11,3.59,4.11,3775291,35967136.00
20121226,4.18,4.34,4.07,4.32,6994531,71205408.00
20121227,4.26,4.29,4.13,4.14,3735007,38042508.00
20121228,4.11,4.15,4.00,4.11,2465040,24544862.00
20121231,4.13,4.51,4.11,4.27,4003566,41336228.00
20130104,4.30,4.31,4.11,4.14,2943473,30023962.00
20130107,4.12,4.23,4.07,4.23,1835962,18436250.00
20130108,4.23,4.35,4.15,4.31,2859353,29405348.00
20130109,4.30,4.40,4.22,4.33,2750736,28612538.00
20130110,4.32,4.36,4.21,4.29,1907608,19805800.00
20130111,4.26,4.28,4.07,4.09,1871059,18947216.00
20130114,4.08,4.29,4.04,4.26,2142747,21794338.00
20130115,4.25,4.46,4.24,4.45,3704743,38971628.00
20130116,4.41,4.48,4.28,4.35,2449061,25634986.00
20130117,4.35,4.44,4.30,4.35,1508899,15832924.00
20130118,4.36,4.41,4.28,4.37,2071198,21682268.00
20130121,4.37,4.48,4.34,4.47,2705118,28800576.00
20130122,4.49,4.56,4.32,4.35,2864680,30598240.00
20130123,4.32,4.36,4.21,4.29,1573611,16209418.00
20130124,4.28,4.34,4.00,4.03,2469208,24993972.00
20130125,4.06,4.10,4.01,4.02,946269,9360560.00
20130128,3.99,4.15,3.99,4.15,900325,8976970.00
20130129,4.19,4.21,4.11,4.19,1051070,10628956.00
20130130,4.24,4.24,4.11,4.20,1198871,12111258.00
20130131,4.21,4.21,4.13,4.18,653254,6592655.00
20130201,4.18,4.29,4.13,4.28,1084207,11048936.00
20130204,4.27,4.43,4.27,4.34,2213605,23190638.00
20130205,4.31,4.51,4.27,4.50,3628025,38761552.00
20130206,4.45,4.49,4.40,4.42,1847937,19695482.00
20130207,4.42,4.46,4.41,4.45,970901,10343955.00
20130208,4.42,4.48,4.42,4.45,1440131,15374084.00
20130218,4.45,4.46,4.36,4.37,2130155,22517180.00
20130219,4.36,4.40,4.23,4.24,1387008,14342257.00
20130220,4.23,4.34,4.22,4.34,1104719,11439384.00
20130221,4.32,4.32,4.16,4.22,1482233,15224532.00
20130222,4.18,4.27,4.18,4.21,728661,7452505.00
20130225,4.23,4.44,4.23,4.44,2596653,27337104.00
20130226,4.41,4.74,4.37,4.65,8304595,91532600.00
20130227,4.66,4.68,4.52,4.56,5695413,62322460.00
20130228,4.59,4.80,4.59,4.64,4930310,54777904.00
20130301,4.61,4.70,4.58,4.68,3064178,33810660.00
20130304,4.65,4.65,4.35,4.38,2968283,31878878.00
20130305,4.37,4.51,4.35,4.48,1560743,16616322.00
20130306,4.47,4.65,4.47,4.60,2429926,26646310.00
20130307,4.60,4.79,4.56,4.78,4565912,50864084.00
20130308,4.71,4.91,4.69,4.80,5039793,57541200.00
20130311,4.81,4.89,4.75,4.78,2859365,32619308.00
20130312,4.80,4.81,4.52,4.61,2700591,29814994.00
20130313,4.59,4.61,4.44,4.56,1329030,14374748.00
20130314,4.45,4.56,4.45,4.48,881693,9500851.00
20130315,4.50,4.63,4.41,4.42,1484450,16110188.00
20130318,4.42,4.44,4.32,4.32,1227741,12917367.00
20130319,4.43,4.43,4.21,4.35,1034948,10722643.00
20130320,4.38,4.56,4.35,4.56,1557997,16737500.00
20130321,4.66,4.84,4.62,4.68,3407016,38160860.00
20130322,4.69,4.81,4.62,4.81,3453796,38789300.00
20130325,4.84,4.84,4.69,4.70,2154523,24251630.00
20130326,4.67,4.67,4.49,4.55,2190421,23817154.00
20130327,4.55,4.60,4.48,4.59,1158392,12583303.00
20130328,4.54,4.54,4.36,4.38,1509827,16034479.00
20130329,4.36,4.45,4.27,4.27,1167499,12215305.00
20130401,4.35,4.35,4.26,4.33,1039673,10795261.00
20130402,4.36,4.47,4.29,4.31,1078675,11312796.00
20130403,4.32,4.36,4.14,4.22,927314,9455996.00
20130408,4.14,4.19,4.01,4.18,846011,8458612.00
20130409,4.16,4.24,4.16,4.21,673919,6870084.00
20130410,4.24,4.25,4.10,4.16,628877,6333248.50
20130411,4.19,4.21,4.10,4.10,670951,6753697.00
20130412,4.09,4.16,4.01,4.02,534945,5299058.00
20130415,4.03,4.04,3.90,3.90,597975,5758676.50
20130416,3.86,3.90,3.68,3.89,982645,9199076.00
20130417,3.91,3.92,3.80,3.88,567316,5382437.50
20130418,3.85,3.93,3.82,3.89,477004,4560208.50
20130419,3.88,4.04,3.87,4.02,930557,9050420.00
20130422,3.97,4.09,3.92,4.06,964786,9431409.00
20130423,4.06,4.06,3.93,3.94,680999,6615043.50
20130424,3.95,3.99,3.86,3.92,1253531,12070834.00
20130425,3.89,3.92,3.79,3.82,1309833,12390954.00
20130426,3.83,3.84,3.76,3.77,537605,5044984.00
20130502,3.76,3.93,3.76,3.93,1149089,10979726.00
20130503,3.93,3.98,3.86,3.92,1118245,10774969.00
20130506,3.92,4.08,3.92,4.05,1226147,12037569.00
20130507,4.04,4.07,3.99,4.03,620267,6083313.50
20130508,4.07,4.17,4.04,4.12,1754158,17541440.00
20130509,4.14,4.22,4.09,4.21,1732274,17452924.00
20130510,4.21,4.28,4.17,4.22,1209530,12369349.00
20130513,4.21,4.24,4.17,4.19,794301,8068366.00
20130514,4.19,4.25,4.13,4.18,990574,10049412.00
20130515,4.18,4.30,4.14,4.27,1072523,11023394.00
20130516,4.26,4.33,4.23,4.25,933375,9633682.00
20130517,4.27,4.46,4.24,4.41,1687042,17710104.00
20130520,4.42,4.44,4.39,4.41,1312666,13903671.00
20130521,4.40,4.43,4.34,4.40,1860318,19596772.00
20130522,4.40,4.45,4.30,4.35,1909304,20073774.00
20130523,4.35,4.45,4.32,4.37,1791797,18932172.00
20130524,4.37,4.44,4.33,4.39,1910257,20143602.00
20130527,4.38,4.41,4.35,4.38,1303191,13740083.00
20130528,4.39,4.42,4.34,4.40,1233054,12977309.00
20130529,4.40,4.49,4.40,4.46,2636162,28186928.00
20130530,4.42,4.46,4.34,4.39,1443265,15247877.00
20130531,4.39,4.41,4.31,4.31,1455999,15218369.00
20130603,4.30,4.36,4.29,4.31,962594,10032297.00
20130604,4.32,4.35,4.22,4.30,1246596,12892432.00
20130605,4.29,4.46,4.29,4.44,2144495,22693578.00
20130606,4.38,4.51,4.38,4.46,2090556,22260594.00
20130607,4.46,4.46,4.26,4.42,1691367,17830944.00
20130613,4.38,4.70,4.34,4.64,9044546,97886824.00
20130614,4.55,4.66,4.46,4.59,6836613,74514568.00
20130617,4.54,4.74,4.46,4.65,4299496,47057484.00
20130618,4.66,4.66,4.47,4.56,2735414,29752464.00
20130619,4.50,4.59,4.24,4.55,3450698,36696176.00
20130620,4.49,4.58,4.20,4.20,2203061,23178748.00
20130621,4.24,4.24,3.85,3.94,1973388,18769924.00
20130624,3.93,3.95,3.47,3.52,1617231,14584565.00
20130625,3.38,3.57,3.17,3.49,1611972,13486774.00
20130626,3.49,3.61,3.47,3.59,1208085,10496938.00
20130627,3.60,3.65,3.37,3.38,1609694,13911456.00
20130628,3.38,3.45,3.32,3.38,1006668,8417356.00
20130701,3.37,3.52,3.35,3.51,989281,8406339.00
20130702,3.51,3.75,3.48,3.71,1698460,14951536.00
20130703,3.65,3.79,3.61,3.66,1227209,11072157.00
20130704,3.66,3.78,3.61,3.70,1447549,13049148.00
20130705,3.76,3.89,3.64,3.76,1741643,15939265.00
20130708,3.73,3.73,3.50,3.53,894552,7862912.00
20130709,3.53,3.70,3.49,3.64,666347,5883794.50
20130710,3.61,3.77,3.60,3.77,906918,8174431.50
20130711,3.81,3.94,3.80,3.86,1628214,15223191.00
20130712,3.86,3.99,3.80,3.87,2139593,19980482.00
20130715,3.93,3.93,3.83,3.86,1456339,13625109.00
20130716,3.89,3.92,3.84,3.91,1129420,10588431.00
20130717,3.91,3.95,3.83,3.87,863307,8078203.50
20130718,3.92,3.94,3.78,3.86,800644,7431582.00
20130719,3.85,3.88,3.72,3.73,1032597,9506919.00
20130722,3.70,3.95,3.63,3.91,978802,8936320.00
20130723,3.94,4.00,3.88,3.97,2173637,20613744.00
20130724,3.93,3.93,3.83,3.88,998973,9349813.00
20130725,3.89,3.93,3.77,3.87,1144773,10675548.00
20130726,3.85,3.88,3.80,3.87,588881,5464615.00
20130729,3.87,3.87,3.71,3.77,751573,6867643.50
20130730,3.72,3.79,3.63,3.72,594710,5344074.50
20130731,3.69,3.75,3.69,3.71,483327,4364374.50
20130801,3.76,3.83,3.76,3.82,705661,6477818.50
20130802,3.83,3.93,3.78,3.90,1438344,13455657.00
20130805,3.90,4.02,3.86,3.97,1293343,12257536.00
20130806,3.97,4.00,3.90,3.98,917182,8701000.00
20130807,3.96,4.00,3.87,3.88,661596,6253559.00
20130808,3.86,3.95,3.85,3.90,483372,4552694.50
20130809,3.95,3.97,3.86,3.97,810082,7660995.00
20130812,3.98,4.04,3.97,4.04,1409106,13558255.00
20130813,4.06,4.20,4.06,4.15,1937997,19136100.00
20130814,4.15,4.19,4.05,4.15,1422262,13962404.00
20130815,4.14,4.14,4.00,4.04,1662940,16099279.00
20130816,3.99,4.06,3.75,3.84,1476364,13993725.00
20130819,3.81,3.89,3.80,3.87,1211071,11247023.00
20130820,3.86,3.89,3.78,3.79,1031300,9557952.00
20130821,3.77,3.83,3.77,3.80,932335,8569573.00
20130822,3.80,3.94,3.79,3.85,1906303,17688820.00
20130823,3.85,3.91,3.68,3.76,1725076,15835404.00
20130826,3.78,3.88,3.72,3.84,1062200,9769015.00
20130827,3.85,3.90,3.81,3.89,1545258,14385829.00
20130828,3.88,3.88,3.79,3.80,1042406,9630129.00
20130829,3.82,3.82,3.73,3.74,981097,8947951.00
20130830,3.77,3.79,3.72,3.76,1050352,9562572.00
20130902,3.77,3.80,3.71,3.78,965272,8801327.00
20130903,3.79,3.89,3.78,3.86,1185879,10987141.00
20130904,3.84,3.99,3.83,3.97,2612834,24655340.00
20130905,3.97,3.97,3.85,3.87,1558414,14614136.00
20130906,3.86,3.91,3.85,3.90,1114188,10433074.00
20130909,3.92,3.93,3.87,3.93,1773793,16692046.00
20130910,3.93,4.07,3.90,4.04,2698676,25800372.00
20130911,4.08,4.18,4.06,4.13,5754286,56685712.00
20130912,4.13,4.13,4.03,4.07,2041695,19873564.00
20130913,4.07,4.10,4.01,4.04,1427852,13808693.00
20130916,4.04,4.07,3.98,4.00,1054521,10133670.00
20130917,4.00,4.08,4.00,4.04,2019799,19579108.00
20130918,4.02,4.06,3.97,4.04,1756311,16870050.00
20130923,4.02,4.20,4.02,4.13,2108729,20753664.00
20130924,4.10,4.40,4.10,4.33,3279492,32884676.00
20130925,4.30,4.34,4.22,4.23,2064646,20916266.00
20130926,4.23,4.43,4.20,4.41,3798578,38928088.00
20130927,4.38,4.41,4.32,4.35,1867294,19251550.00
20130930,4.36,4.40,4.28,4.34,1715730,17648132.00
20131008,4.35,4.35,4.25,4.32,1459074,14915826.00
20131009,4.45,4.46,4.29,4.33,1467265,15060445.00
20131010,4.32,4.32,4.16,4.22,2601717,26045844.00
20131011,4.21,4.39,4.21,4.33,2033300,20657088.00
20131014,4.35,4.53,4.28,4.40,2317047,24021670.00
20131015,4.42,4.42,4.36,4.41,1076678,11174421.00
20131016,4.40,4.45,4.25,4.33,1628201,16626093.00
20131017,4.33,4.44,4.19,4.25,2604471,26408642.00
20131018,4.20,4.28,4.15,4.27,1325233,13293067.00
20131021,4.31,4.54,4.30,4.44,2718416,28296274.00
20131022,4.44,4.64,4.41,4.54,6271619,66498548.00
20131023,4.52,4.58,4.35,4.45,5478187,57421204.00
20131024,4.43,4.48,4.30,4.38,2508918,25905854.00
20131025,4.38,4.61,4.30,4.41,3376303,35309292.00
20131028,4.40,4.42,4.34,4.37,883998,9142346.00
20131029,4.37,4.52,4.15,4.34,2994722,30956876.00
20131030,4.35,4.39,4.21,4.37,1762173,18003914.00
20131031,4.39,4.59,4.36,4.48,4915248,51971324.00
20131101,4.40,4.47,4.21,4.34,3846844,39122812.00
20131104,4.31,4.42,4.27,4.39,2008555,20684608.00
20131105,4.40,4.61,4.25,4.61,8838972,93636728.00
20131106,4.49,4.70,4.41,4.61,12657545,135621472.00
20131107,4.53,4.58,4.36,4.37,6822549,71389576.00
20131108,4.31,4.43,4.18,4.23,4724178,47743544.00
20131111,4.22,4.28,4.15,4.23,1704652,17096846.00
20131112,4.23,4.27,4.16,4.25,2161627,21707212.00
20131113,4.23,4.30,4.09,4.22,3910554,38877296.00
20131114,4.17,4.25,4.13,4.24,1495750,14956300.00
20131115,4.24,4.38,4.22,4.32,3233548,33104520.00
20131118,4.34,4.42,4.31,4.40,3011871,31152324.00
20131119,4.41,4.43,4.35,4.40,2853084,29590646.00
20131120,4.40,4.47,4.36,4.46,3013339,31406744.00
20131121,4.46,4.46,4.34,4.40,2180296,22594468.00
20131122,4.40,4.49,4.36,4.44,2629041,27500898.00
20131125,4.94,4.94,4.48,4.58,10176535,110260816.00
20131126,4.58,4.60,4.41,4.52,5697037,60272924.00
20131127,4.50,4.58,4.46,4.53,4196535,44627560.00
20131128,4.53,4.58,4.47,4.52,4973592,52924720.00
20131129,4.52,4.68,4.52,4.65,5034465,54246588.00
20131202,4.49,4.58,4.31,4.45,4993387,52555388.00
20131203,4.45,4.66,4.40,4.64,3667626,39447956.00
20131204,4.64,4.78,4.61,4.72,7719648,84908176.00
20131205,4.71,4.71,4.59,4.62,6170026,66966564.00
20131206,4.63,4.66,4.49,4.55,3685522,39530076.00
20131209,4.62,4.74,4.55,4.74,5654549,61959376.00
20131210,4.76,4.79,4.67,4.74,3948937,43561556.00
20131211,4.70,4.71,4.55,4.60,3211950,34740504.00
20131212,4.60,4.64,4.57,4.58,1863091,20144598.00
20131213,4.57,4.66,4.51,4.66,1842916,19907678.00
20131216,4.66,4.72,4.58,4.65,3096311,33856460.00
20131217,4.64,4.65,4.47,4.51,3189822,33928492.00
20131218,4.53,4.57,4.44,4.44,2631256,27778820.00
20131219,4.45,4.49,4.34,4.40,2650020,27636230.00
20131220,4.39,4.44,4.35,4.38,1792153,18593446.00
20131223,4.39,4.40,4.25,4.35,1230124,12641699.00
20131224,4.39,4.41,4.31,4.37,1604384,16553679.00
20131225,4.37,4.45,4.34,4.44,1500148,15632197.00
20131226,4.39,4.43,4.16,4.27,3259084,33122302.00
20131227,4.25,4.34,4.22,4.34,1935604,19742530.00
20131230,4.34,4.37,4.30,4.35,1780457,18282412.00
20131231,4.34,4.36,4.26,4.30,2326463,23702836.00
20140102,4.32,4.32,4.15,4.17,4989368,49722248.00
20140103,4.16,4.17,4.03,4.05,3235909,31569960.00
20140106,4.05,4.05,3.89,3.95,2473512,23440386.00
20140107,3.95,4.00,3.90,4.00,1999486,19029556.00
20140108,4.00,4.02,3.93,4.01,1876584,17994368.00
20140109,3.98,4.06,3.89,3.93,1875320,17944614.00
20140110,3.91,4.04,3.84,3.91,2663884,25121924.00
20140113,3.89,3.91,3.70,3.80,2216033,20434936.00
20140114,3.79,3.87,3.72,3.85,1480276,13624098.00
20140115,3.83,3.88,3.82,3.86,1127321,10484385.00
20140116,3.86,3.91,3.82,3.88,1037090,9701005.00
20140117,3.88,3.89,3.78,3.80,2041199,18870486.00
20140120,3.79,3.83,3.71,3.74,1260651,11502881.00
20140121,3.71,3.81,3.66,3.78,1492101,13663082.00
20140122,3.79,3.90,3.71,3.90,1666255,15514383.00
20140123,3.89,3.95,3.88,3.91,1295665,12194294.00
20140124,3.88,3.97,3.85,3.96,2042163,19355666.00
20140127,3.97,4.02,3.96,3.96,2057080,19684320.00
20140128,3.95,4.00,3.92,3.95,869469,8265090.50
20140129,3.95,3.99,3.94,3.97,1483725,14123048.00
20140130,3.96,3.97,3.91,3.92,982699,9311927.00
20140207,3.87,3.96,3.84,3.96,1384056,13029432.00
20140210,3.95,4.08,3.95,4.07,3063448,29677212.00
20140211,4.07,4.11,4.05,4.08,2794354,27289760.00
20140212,4.09,4.12,4.07,4.11,3750902,36713640.00
20140213,4.11,4.16,4.08,4.08,4252161,41812988.00
20140214,4.09,4.17,4.06,4.15,3781081,37127216.00
20140217,4.17,4.23,4.14,4.23,4276347,42608384.00
20140218,4.23,4.33,4.19,4.30,4638040,46925016.00
20140219,4.27,4.32,4.26,4.28,3188944,32427346.00
20140220,4.32,4.39,4.24,4.24,4607783,47111784.00
20140221,4.22,4.26,4.09,4.15,3177229,31562396.00
20140224,4.14,4.25,4.09,4.25,2110645,20944890.00
20140225,4.27,4.34,4.08,4.10,3644021,36705636.00
20140226,4.09,4.10,3.96,4.09,2322728,22477298.00
20140227,4.12,4.17,3.95,4.04,2237867,21909608.00
20140228,4.03,4.13,3.99,4.13,1474246,14335419.00
20140303,4.11,4.33,4.07,4.28,3077281,30969442.00
20140304,4.25,4.34,4.21,4.31,2594044,26348822.00
20140305,4.30,4.34,4.24,4.26,2230319,22595118.00
20140306,4.27,4.27,4.14,4.24,1551568,15502068.00
20140307,4.24,4.27,4.16,4.20,2047241,20514270.00
20140310,4.18,4.18,3.95,3.95,2122517,20485468.00
20140311,3.95,3.96,3.79,3.88,1529318,14315989.00
20140312,3.90,3.96,3.80,3.88,1371752,12823240.00
20140313,3.88,3.92,3.77,3.91,1400228,13109202.00
20140314,3.89,3.90,3.85,3.89,864447,8077204.00
20140317,3.88,3.98,3.87,3.96,1063798,10057803.00
20140318,3.96,4.00,3.94,3.94,1145989,10921672.00
20140319,3.94,4.02,3.90,4.01,1170153,11121463.00
20140320,3.97,4.03,3.84,3.84,1312707,12416186.00
20140321,3.81,3.96,3.80,3.94,1480537,13831559.00
20140324,3.95,4.02,3.92,3.99,2101830,20070452.00
20140325,3.96,4.03,3.96,4.00,1545678,14824711.00
20140326,4.00,4.02,3.97,4.00,1197412,11474286.00
20140327,4.00,4.00,3.89,3.91,1609373,15242328.00
20140328,3.85,3.93,3.82,3.84,1043897,9743696.00
20140331,3.84,3.86,3.80,3.83,731613,6764817.50
20140401,3.85,3.92,3.80,3.91,816363,7622654.50
20140402,3.93,3.93,3.88,3.90,709428,6668208.50
20140403,3.92,3.92,3.86,3.89,957523,8988125.00
20140404,3.89,3.94,3.86,3.93,996702,9378160.00
20140408,3.93,4.00,3.91,3.98,1295188,12338843.00
20140409,3.98,4.06,3.97,4.03,1511335,14565727.00
20140410,4.03,4.04,4.00,4.02,1486019,14328949.00
20140411,4.00,4.02,3.97,4.01,974034,9329770.00
20140414,4.01,4.07,3.98,4.07,1222082,11810608.00
20140415,4.08,4.08,4.01,4.03,921192,8904966.00
20140416,4.02,4.03,3.98,4.00,1685163,16158704.00
20140417,3.95,4.09,3.95,4.05,2208096,21286400.00
20140418,4.04,4.04,4.00,4.02,1144201,11017783.00
20140421,3.99,4.05,3.90,3.91,1303025,12491332.00
20140422,3.93,3.94,3.85,3.90,1115167,10457769.00
20140423,3.91,3.95,3.86,3.90,849390,8003240.00
20140424,3.90,3.94,3.86,3.87,808078,7609911.00
20140425,3.82,3.89,3.75,3.77,1488905,13725605.00
20140428,3.76,3.77,3.56,3.58,1558056,13800893.00
20140429,3.56,3.63,3.56,3.62,954327,8381260.50
20140430,3.61,3.61,3.48,3.59,1552827,13544716.00
20140505,3.58,3.68,3.51,3.65,1360965,12022958.00
20140506,3.68,3.75,3.65,3.71,2004516,18090050.00
20140507,3.70,3.70,3.63,3.63,1002343,8953581.00
20140508,3.63,3.73,3.57,3.65,767161,6873373.00
20140509,3.70,3.73,3.61,3.71,616339,5506635.50
20140512,3.66,3.80,3.66,3.78,1116125,10169672.00
20140513,3.82,4.09,3.81,3.90,2938882,27917362.00
20140514,3.88,3.99,3.81,3.90,1823380,17140174.00
20140515,3.87,3.95,3.74,3.91,2147611,19878546.00
20140516,3.90,3.91,3.81,3.88,1742599,16251847.00
20140519,3.86,4.08,3.77,4.08,3399520,32171104.00
20140520,4.03,4.09,3.91,3.97,3976443,38240188.00
20140521,3.90,3.92,3.78,3.91,2273694,21178296.00
20140522,4.15,4.29,4.03,4.06,8316354,82363344.00
20140523,4.00,4.06,3.93,3.97,4168379,39736700.00
20140526,3.92,4.00,3.89,3.98,2097682,19924976.00
20140527,3.99,4.00,3.88,3.89,1691490,16026225.00
20140528,3.88,3.91,3.84,3.90,1799681,16824466.00
20140529,3.90,3.91,3.80,3.84,1723878,16084896.00
20140530,3.84,3.85,3.77,3.82,1418365,13058907.00
20140603,3.85,3.86,3.81,3.83,917574,8491024.00
20140604,3.82,3.85,3.76,3.80,1614714,14852595.00
20140605,3.80,3.86,3.74,3.86,1485577,13686052.00
20140606,3.86,3.88,3.77,3.80,1202873,11123266.00
20140609,3.78,3.83,3.75,3.75,881248,8088170.00
20140610,3.76,3.81,3.73,3.79,750590,6865707.50
20140611,3.78,3.82,3.78,3.81,802353,7374762.00
20140612,3.81,3.83,3.78,3.80,692688,6389769.50
20140613,3.79,3.85,3.72,3.83,1010104,9327471.00
20140616,3.84,3.91,3.84,3.88,2059160,19287962.00
20140617,3.88,3.89,3.84,3.84,1409073,13136186.00
20140618,3.83,3.93,3.83,3.84,1945754,18241222.00
20140619,3.84,3.89,3.69,3.70,1441159,13208820.00
20140620,3.70,3.74,3.63,3.67,1712242,15294773.00
20140623,3.66,3.71,3.64,3.70,926957,8323941.00
20140624,3.70,3.76,3.68,3.76,744565,6749821.00
20140625,3.75,3.79,3.70,3.78,1173622,10643497.00
20140626,3.80,3.83,3.76,3.83,1677775,15451839.00
20140627,3.83,3.89,3.81,3.85,1447259,13167389.00
20140630,3.85,3.91,3.83,3.88,1678970,15354621.00
20140701,3.89,3.92,3.87,3.91,1686120,15496255.00
20140702,3.91,3.93,3.89,3.93,2067593,19056094.00
20140703,3.93,3.97,3.91,3.94,1933920,17931602.00
20140704,3.94,3.95,3.89,3.93,1652212,15237551.00
20140707,3.89,3.98,3.89,3.97,1801453,16717181.00
20140708,3.97,4.00,3.93,3.98,1373716,12822305.00
20140709,3.95,4.02,3.91,3.91,2071876,19323704.00
20140710,3.91,3.95,3.90,3.93,1480703,13693000.00
20140711,3.93,4.02,3.92,4.00,2477905,23256584.00
20140714,4.01,4.10,3.98,4.09,2432906,23113432.00
20140715,4.08,4.13,4.02,4.05,1954162,18613808.00
20140716,4.05,4.08,4.02,4.03,1546509,14648333.00
20140717,4.05,4.07,3.97,4.05,1688430,15938494.00
20140718,4.03,4.07,4.01,4.04,1133047,10745459.00
20140721,4.06,4.06,3.98,3.99,1069874,10050491.00
20140722,4.00,4.06,3.98,4.05,1803642,17044112.00
20140723,4.05,4.06,3.99,4.00,1328524,12552779.00
20140724,4.01,4.03,3.98,4.02,1879181,17671296.00
20140725,4.03,4.10,4.02,4.09,2253736,21527590.00
20140728,4.11,4.15,4.09,4.15,3007454,29042324.00
20140729,4.15,4.17,4.12,4.15,2915485,28246154.00
20140730,4.15,4.20,4.12,4.17,2835404,27497636.00
20140731,4.17,4.28,4.14,4.22,3741791,36849968.00
20140801,4.20,4.30,4.19,4.23,4182347,41338680.00
20140804,4.23,4.39,4.22,4.39,5740529,57850508.00
20140805,4.39,4.39,4.33,4.37,4211753,42568508.00
20140806,4.36,4.42,4.33,4.37,3469180,35192908.00
20140807,4.38,4.40,4.31,4.36,3861159,39033472.00
20140808,4.34,4.51,4.32,4.44,10224823,104669568.00
20140811,4.43,4.50,4.40,4.48,4981048,51320016.00
20140812,4.47,4.50,4.43,4.45,3398641,35078364.00
20140813,4.44,4.63,4.44,4.55,4674148,49012068.00
20140814,4.55,4.60,4.49,4.50,3387130,35478676.00
20140815,4.48,4.57,4.46,4.53,2446719,25522020.00
20140818,4.53,4.56,4.50,4.55,2762549,28853000.00
20140819,4.55,4.59,4.48,4.53,3072892,32071314.00
20140820,4.53,4.54,4.49,4.49,2793071,29068508.00
20140821,4.49,4.50,4.40,4.45,3571930,36685972.00
20140822,4.45,4.56,4.45,4.55,4044094,42098684.00
20140825,4.53,4.65,4.50,4.54,3543312,37400512.00
20140826,4.53,4.54,4.40,4.42,2275727,23473896.00
20140827,4.42,4.45,4.34,4.36,2881451,29310744.00
20140828,4.37,4.43,4.33,4.37,1858896,18862690.00
20140829,4.39,4.61,4.39,4.48,4544413,47321512.00
20140901,4.48,4.58,4.42,4.57,3198330,33310882.00
20140902,4.59,4.79,4.57,4.74,6222918,67295720.00
20140903,4.74,4.83,4.64,4.77,6409888,69669368.00
20140904,4.77,4.83,4.71,4.77,4316511,47159480.00
20140905,4.78,4.81,4.71,4.75,2977770,32414838.00
20140909,4.77,4.85,4.70,4.81,4431365,48630964.00
20140910,4.80,4.88,4.77,4.84,4085828,45277832.00
20140911,4.84,4.97,4.82,4.83,4988802,55703276.00
20140912,4.80,5.08,4.80,5.00,5958421,67416504.00
20140915,4.99,5.23,4.97,5.15,4940777,57305976.00
20140916,5.15,5.29,4.96,4.97,6004378,69811744.00
20140917,4.96,5.19,4.92,5.09,3670349,42165844.00
20140918,5.06,5.13,5.04,5.09,2214779,25609844.00
20140919,5.08,5.17,5.01,5.11,2258786,26191490.00
20140922,5.11,5.17,5.04,5.15,3148041,36629624.00
20140923,5.14,5.42,5.14,5.39,4603476,55233772.00
20140924,5.39,5.45,5.28,5.39,3077796,37422972.00
20140925,5.39,5.54,5.27,5.34,3967887,48423524.00
20140926,5.35,5.44,5.28,5.41,1888266,22877290.00
20140929,5.42,5.49,5.41,5.48,2420358,29756594.00
20140930,5.48,5.56,5.39,5.49,2987136,36716308.00
20141008,5.48,5.52,5.44,5.48,2263822,27950152.00
20141009,5.50,5.54,5.35,5.41,2349541,28815916.00
20141010,5.41,5.80,5.39,5.76,8227829,103673264.00
20141013,5.74,5.85,5.61,5.76,3560594,45705408.00
20141014,5.72,5.78,5.66,5.70,2247277,28810556.00
20141015,5.70,5.80,5.63,5.77,2470971,31730482.00
20141016,5.74,5.99,5.69,5.82,3352475,44174396.00
20141017,5.82,5.82,5.41,5.70,4136007,52317968.00
20141020,5.65,5.66,5.50,5.65,3648727,45860052.00
20141021,5.65,5.70,5.55,5.55,1827762,23092632.00
20141022,5.50,5.62,5.32,5.35,3287833,40468704.00
20141023,5.36,5.44,5.06,5.13,3924702,46548976.00
20141024,5.14,5.30,5.12,5.20,3773004,44524280.00
20141027,5.15,5.32,5.15,5.26,3666280,43639444.00
20141028,5.38,5.49,5.26,5.48,3533193,43135260.00
20141029,5.51,5.75,5.49,5.63,5108044,64533152.00
20141030,5.58,5.68,5.56,5.61,3126623,39519852.00
20141031,5.63,5.69,5.54,5.60,2425551,30510082.00
20141103,5.58,5.68,5.54,5.61,2622070,33053670.00
20141104,5.68,5.89,5.60,5.82,9508262,122375152.00
20141105,5.75,5.77,5.67,5.68,4220573,54193864.00
20141106,5.66,5.87,5.61,5.79,6493358,84002816.00
20141107,5.81,5.89,5.69,5.73,6578564,85375648.00
20141110,5.73,6.02,5.66,5.87,9076496,119064720.00
20141111,5.88,5.89,5.49,5.68,6341343,80890936.00
20141112,5.60,5.98,5.56,5.83,8115140,105652648.00
20141113,5.93,5.93,5.71,5.75,4381686,56786424.00
20141114,5.70,5.80,5.63,5.70,2676722,34152484.00
20141117,5.71,5.83,5.66,5.72,2425850,31296584.00
20141118,5.72,5.97,5.62,5.82,8487924,110475528.00
20141119,5.84,5.86,5.70,5.80,5948788,77263072.00
20141120,5.69,5.84,5.64,5.72,9406231,120601944.00
20141121,5.67,5.76,5.59,5.67,6214360,78897744.00
20141124,5.75,5.75,5.59,5.63,5520832,70156984.00
20141125,5.55,5.76,5.55,5.72,6198258,78784792.00
20141126,5.63,5.69,5.61,5.66,6567458,83192264.00
20141127,5.80,6.00,5.68,5.81,12923165,168579936.00
20141128,5.82,5.82,5.63,5.66,5513118,70395832.00
20141201,5.64,5.70,5.55,5.55,3464715,43766160.00
20141202,5.55,5.65,5.52,5.62,2871985,36198728.00
20141203,5.62,5.66,5.56,5.66,4458672,56234412.00
20141204,5.66,5.71,5.63,5.68,4558045,58076488.00
20141205,5.68,5.70,5.29,5.32,6829069,83811464.00
20141208,5.28,5.32,5.22,5.28,3459822,41343112.00
20141209,5.26,5.43,5.18,5.18,4690510,56338172.00
20141210,5.20,5.40,5.14,5.38,2700143,32527000.00
20141211,5.37,5.48,5.24,5.47,4381883,53397196.00
20141212,5.46,5.50,5.38,5.43,2951633,36145000.00
20141215,5.43,5.64,5.33,5.53,9137748,113128776.00
20141216,5.50,5.58,5.44,5.52,6824659,84703096.00
20141217,5.50,5.61,5.28,5.35,4700954,57293036.00
20141218,5.33,5.36,5.24,5.25,2828215,33878488.00
20141219,5.18,5.25,5.03,5.08,4340261,50454524.00
20141222,5.06,5.06,4.74,4.76,4692452,52150504.00
20141223,4.78,4.84,4.75,4.78,4372447,47818160.00
20141224,4.80,4.89,4.76,4.88,4371802,48231576.00
20141225,4.88,4.99,4.85,4.98,2872544,32452988.00
20141226,4.99,5.00,4.90,4.96,2279867,25707260.00
20141229,4.98,4.98,4.82,4.86,2493121,27759526.00
20141230,4.85,4.90,4.81,4.84,1837587,20427606.00
20141231,4.85,4.94,4.83,4.90,1889668,21122036.00
20150105,4.90,5.05,4.89,5.01,2602797,29527782.00
20150106,4.99,5.10,4.90,5.09,3373313,38552044.00
20150107,5.09,5.18,5.06,5.15,3281132,38228712.00
20150108,5.13,5.15,5.06,5.06,1798108,20839142.00
20150109,5.04,5.14,5.01,5.02,2139903,24716874.00
20150112,5.02,5.02,4.79,4.80,2521769,28157472.00
20150113,4.80,4.89,4.78,4.88,1236112,13734862.00
20150114,4.91,4.95,4.86,4.89,1466167,16450230.00
20150115,4.91,4.96,4.89,4.93,1168713,13159889.00
20150116,4.97,5.20,4.95,5.11,3050236,35362120.00
20150119,5.08,5.18,4.93,4.96,3817850,43995240.00
20150120,4.99,5.22,4.98,5.20,4008792,46821256.00
20150121,5.21,5.31,5.21,5.28,4142004,49380628.00
20150122,5.33,5.33,5.26,5.30,3080902,36899132.00
20150123,5.27,5.32,5.24,5.30,3403577,40736620.00
20150126,5.30,5.37,5.28,5.37,3412365,41100424.00
20150127,5.37,5.40,5.27,5.34,2632290,31808014.00
20150128,5.34,5.40,5.29,5.35,3102110,37588580.00
20150129,5.32,5.35,5.28,5.28,2222284,26750898.00
20150130,5.30,5.33,5.21,5.23,1638445,19533926.00
20150202,5.15,5.22,5.13,5.17,1346860,15841222.00
20150203,5.19,5.27,5.19,5.26,1548972,18391642.00
20150204,5.26,5.30,5.21,5.21,1629901,19434888.00
20150205,5.28,5.28,5.16,5.17,1705235,20154358.00
20150206,5.13,5.18,4.91,4.93,2132631,24535050.00
20150209,4.95,5.18,4.88,5.00,1638623,18776684.00
20150210,5.00,5.08,4.98,5.06,965871,11068965.00
20150211,5.05,5.12,5.04,5.09,974433,11270531.00
20150212,5.10,5.16,5.10,5.15,1098166,12826656.00
20150213,5.19,5.26,5.17,5.24,1829408,21691114.00
20150216,5.25,5.33,5.24,5.32,2009872,24083870.00
20150217,5.33,5.34,5.29,5.30,1375552,16518001.00
20150225,5.30,5.33,5.23,5.30,1571512,18801804.00
20150226,5.28,5.40,5.27,5.39,2477345,29980058.00
20150227,5.40,5.52,5.40,5.48,3887972,47854692.00
20150302,5.53,5.72,5.50,5.67,6935443,87563664.00
20150303,5.66,5.66,5.55,5.57,3777138,47510828.00
20150304,5.57,5.84,5.56,5.83,7145528,92320368.00
20150305,5.83,5.94,5.71,5.92,6079322,79517824.00
20150306,5.92,5.93,5.83,5.88,4515487,59335624.00
20150309,5.84,6.05,5.78,5.95,10792285,143329024.00
20150310,5.95,6.25,5.94,6.19,9970034,136228624.00
20150311,6.19,6.74,6.19,6.68,13266657,190916624.00
20150312,6.55,6.55,6.25,6.35,9547189,135162448.00
20150313,6.36,6.52,6.22,6.42,7234432,102262376.00
20150316,6.42,6.55,6.41,6.49,6528404,93623008.00
20150317,6.49,6.69,6.44,6.49,8671917,125329128.00
20150318,6.49,6.60,6.43,6.57,7386916,106494040.00
20150319,6.55,6.60,6.41,6.60,6891657,99118136.00
20150320,6.60,6.70,6.53,6.59,7378123,107759184.00
20150323,6.60,6.79,6.56,6.75,7284059,107566440.00
20150324,6.74,6.78,6.38,6.59,9011881,131257016.00
20150325,6.40,6.46,6.24,6.38,11649180,164066112.00
20150326,6.34,6.44,6.28,6.40,7759654,109820912.00
20150327,6.41,6.48,6.38,6.44,6358462,90668368.00
20150330,6.46,6.59,6.46,6.56,7601715,109872208.00
20150331,6.59,6.60,6.44,6.44,5824392,83914640.00
20150401,6.41,6.71,6.41,6.68,9171810,133994568.00
20150402,6.71,6.89,6.71,6.80,9401480,141057952.00
20150403,6.75,7.10,6.68,7.10,9513849,146117584.00
20150407,7.14,7.28,7.06,7.15,9981323,156614640.00
20150408,7.16,7.20,6.80,6.92,7747805,119116128.00
20150409,6.91,6.95,6.50,6.73,7870300,116505968.00
20150410,6.74,7.15,6.74,7.10,8913130,137594256.00
20150413,7.19,7.49,7.05,7.30,9777899,156004688.00
20150414,7.25,7.43,7.10,7.17,11771467,185006400.00
20150415,7.11,7.11,6.83,6.86,7813632,119548200.00
20150416,6.80,7.25,6.70,7.23,12035119,187564304.00
20150417,7.65,8.03,7.65,8.03,29393534,510159776.00
20150420,8.09,8.33,7.75,7.79,36563675,635856896.00
20150421,7.81,8.05,7.58,7.88,29740591,502350656.00
20150422,7.94,8.74,7.85,8.50,36730797,661299008.00
20150423,8.50,9.13,8.30,8.81,42070615,794356544.00
20150424,8.60,8.90,8.38,8.54,21723503,404866720.00
20150427,8.56,8.72,8.43,8.64,19132116,354882400.00
20150428,8.70,8.70,8.09,8.11,20444403,368408256.00
20150429,8.11,8.26,8.10,8.13,10289173,182757152.00
20150430,8.13,8.24,7.89,7.90,16199767,281394368.00
20150504,7.86,8.13,7.79,8.07,12285067,210204128.00
20150505,8.21,8.50,7.86,8.00,16973692,301068352.00
20150506,8.01,8.15,7.53,7.68,11413216,194936768.00
20150507,7.55,7.79,7.24,7.27,9417862,151289136.00
20150508,7.46,7.57,7.36,7.55,9084932,146433552.00
20150511,7.74,7.89,7.65,7.88,11513631,193549008.00
20150512,7.91,8.25,7.88,8.10,13110365,227651136.00
20150513,8.05,8.05,7.85,7.92,11814966,201349120.00
20150514,7.93,8.19,7.86,8.17,13948596,240275184.00
20150515,8.20,8.23,7.79,7.91,11596752,198032560.00
20150518,7.79,8.12,7.74,8.00,10636202,182514448.00
20150519,8.02,8.14,7.88,8.13,13046543,225548128.00
20150520,8.15,8.48,8.14,8.17,17579550,313973056.00
20150521,8.18,8.78,8.09,8.75,30040350,545576832.00
20150522,8.80,8.90,8.39,8.57,27373280,501958816.00
20150525,8.48,8.90,8.40,8.90,30277499,563595776.00
20150526,8.98,9.30,8.75,9.25,29791619,574814208.00
20150527,9.22,9.30,8.96,9.09,26716391,518422848.00
20150528,9.08,9.28,8.13,8.17,30829888,583140672.00
20150529,8.20,8.35,7.80,8.07,19206540,332280320.00
20150601,8.15,8.73,8.07,8.68,18267560,331163904.00
20150602,8.95,9.45,8.95,9.33,30908516,605036800.00
20150603,9.33,9.40,8.91,9.20,21625682,421084000.00
20150604,9.17,9.87,8.64,9.83,29861736,594976384.00
20150605,9.90,10.35,9.65,9.82,35204877,742646208.00
20150608,9.71,9.78,9.21,9.36,24987198,502383936.00
20150609,9.37,9.76,9.28,9.65,20828616,420610944.00
20150610,9.60,9.70,9.28,9.50,17510099,354490272.00
20150611,9.50,9.61,9.30,9.61,16729902,336322720.00
20150612,9.65,10.04,9.59,9.88,21653585,452879872.00
20150615,9.92,10.34,9.90,10.00,24232274,519928352.00
20150616,10.05,10.40,9.41,10.34,29870068,624953600.00
20150617,10.19,11.43,10.01,11.43,41194421,938964736.00
20150618,11.31,11.90,10.88,11.40,33453112,800503424.00
20150619,10.97,11.24,10.20,10.20,17024418,382609760.00
20150623,10.14,10.16,9.12,9.48,19004710,382870464.00
20150624,9.63,10.00,9.35,9.73,23894523,488764128.00
20150625,9.70,9.70,8.70,8.75,20977804,413603456.00
20150626,8.55,8.55,7.82,7.82,21880050,375206016.00
20150629,8.01,8.09,6.98,6.98,18378538,296066752.00
20150630,6.90,7.65,6.51,7.60,17627054,271950240.00
20150701,7.46,7.84,6.91,6.99,16140500,263168816.00
20150702,7.05,7.10,6.23,6.23,18768456,268126896.00
20150703,5.97,6.44,5.55,5.56,17016069,218289744.00
20150706,6.17,6.17,5.05,5.34,22024857,274770816.00
20150707,5.10,5.13,4.74,4.74,10908838,119356944.00
20150708,4.21,4.67,4.21,4.54,31766603,316990944.00
20150709,4.56,5.06,4.41,5.06,15083086,164698432.00
20150710,5.62,5.62,5.31,5.62,11193117,138534128.00
20150713,5.93,6.24,5.93,6.24,19823529,265843456.00
20150714,6.28,6.74,6.01,6.32,27781298,389524384.00
20150715,6.12,6.25,5.63,5.63,18500918,239162240.00
20150716,5.63,6.15,5.25,5.97,14438113,184556448.00
20150717,5.99,6.47,5.97,6.39,12382801,170477728.00
20150720,6.35,6.59,6.22,6.42,15390324,215527872.00
20150721,6.25,6.57,6.18,6.41,14132537,196976752.00
20150722,6.38,6.62,6.28,6.54,16208847,229875408.00
20150723,6.49,6.87,6.49,6.81,17155976,250589664.00
20150724,6.78,6.94,6.50,6.53,18296403,269005920.00
20150727,6.79,7.25,6.41,6.44,42066024,641324352.00
20150728,5.87,6.58,5.73,6.05,27746534,366078176.00
20150729,6.18,6.65,5.75,6.64,19444413,262659040.00
20150730,6.50,6.99,6.40,6.43,19672268,287779008.00
20150731,6.22,6.49,6.01,6.15,12202398,167356176.00
20150803,6.02,6.10,5.50,5.67,10940115,139294976.00
20150804,5.71,6.22,5.71,6.22,11869437,155707904.00
20150805,6.15,6.37,6.06,6.29,14337405,195922400.00
20150806,6.20,6.53,6.02,6.48,16164488,225442112.00
20150807,6.45,6.72,6.45,6.64,15823206,228519552.00
20150810,6.65,7.16,6.65,7.01,20887278,311703552.00
20150811,7.10,7.21,6.83,6.94,22355185,340665696.00
20150812,6.83,6.94,6.69,6.70,11689463,173302176.00
20150813,6.62,7.17,6.58,7.16,20272228,306281088.00
20150814,7.29,7.54,7.25,7.32,25649437,408486944.00
20150817,7.41,8.11,7.40,8.11,30532308,514729536.00
20150818,8.13,8.13,7.24,7.24,28806157,473166112.00
20150819,6.66,7.80,6.45,7.53,26058097,396408128.00
20150820,7.40,7.66,6.98,7.05,16177242,255812560.00
20150821,6.75,6.88,6.29,6.30,16284963,233084416.00
20150824,5.70,5.90,5.61,5.61,9136915,114436400.00
20150825,4.99,5.26,4.99,4.99,9566704,107924760.00
20150826,5.00,5.24,4.45,4.61,17300396,190282848.00
20150827,4.79,4.94,4.58,4.89,9251672,99825504.00
20150828,5.19,5.41,5.07,5.41,13364592,155278896.00
20150831,5.40,5.77,5.29,5.36,16945377,207839664.00
20150901,5.18,5.21,4.77,4.77,11808369,130226600.00
20150902,4.55,5.00,4.49,4.57,8961448,95261248.00
20150907,4.80,4.93,4.63,4.67,6212222,67005456.00
20150908,4.68,5.14,4.63,5.10,9120616,99754872.00
20150909,5.15,5.38,5.06,5.33,11481877,134355488.00
20150910,5.15,5.48,5.14,5.24,9907924,116932008.00
20150911,5.20,5.32,5.14,5.28,6779131,79104384.00
20150914,5.35,5.40,4.69,4.69,9497211,105125968.00
20150915,4.50,4.75,4.26,4.33,8542803,86788720.00
20150916,4.40,4.82,4.37,4.77,8201643,85035952.00
20150917,4.71,4.98,4.61,4.63,8480934,91550352.00
20150918,4.68,4.80,4.57,4.69,5271295,55573048.00
20150921,4.62,4.91,4.58,4.89,5884015,63412024.00
20150922,5.04,5.20,5.00,5.03,11815166,134443616.00
20150923,4.90,5.00,4.86,4.88,7396709,81590464.00
20150924,4.95,5.04,4.91,5.00,5851200,65370584.00
20150925,4.99,5.06,4.70,4.77,5870061,64241236.00
20150928,4.80,4.93,4.66,4.91,3694684,40079988.00
20150929,4.83,4.87,4.70,4.77,3739809,40341440.00
20150930,4.82,4.88,4.76,4.82,3155550,34247552.00
20151008,5.05,5.08,4.95,5.03,5939028,66911444.00
20151009,5.00,5.18,4.98,5.18,7972635,90914904.00
20151012,5.23,5.48,5.16,5.45,11569113,138151904.00
20151013,5.40,5.62,5.37,5.58,11825871,144217472.00
20151014,5.55,5.58,5.38,5.39,9049449,109814016.00
20151015,5.34,5.66,5.33,5.66,10836854,133407424.00
20151016,6.00,6.00,5.71,5.88,15794112,204326960.00
20151019,5.86,5.99,5.61,5.72,14161466,181778976.00
20151020,5.80,5.92,5.70,5.88,9650521,123683232.00
20151021,5.93,5.94,5.25,5.29,12358416,152471376.00
20151022,5.37,5.54,5.26,5.50,7984528,95928688.00
20151023,5.53,5.65,5.46,5.63,12377799,152455120.00
20151026,5.72,5.78,5.59,5.76,13522445,169978352.00
20151027,5.70,5.74,5.38,5.69,9498186,117411528.00
20151028,5.65,5.79,5.58,5.60,8786731,110787344.00
20151029,5.64,5.83,5.60,5.75,9722654,122914168.00
20151030,5.75,5.80,5.56,5.69,8331982,105138208.00
20151102,5.55,5.71,5.50,5.52,6296868,77990240.00
20151103,5.45,5.59,5.44,5.54,5382226,65907540.00
20151104,5.56,5.86,5.53,5.85,10362145,131537072.00
20151105,5.80,5.99,5.76,5.89,14341427,185414368.00
20151106,5.95,6.08,5.92,6.02,12294765,162462816.00
20151109,5.94,6.23,5.90,6.10,14061414,186709488.00
20151110,6.04,6.14,6.01,6.09,11465108,153203792.00
20151111,6.13,6.22,6.08,6.20,10711707,144835056.00
20151112,6.17,6.34,6.08,6.26,13012714,177035328.00
20151113,6.15,6.22,6.01,6.05,8014735,107496808.00
20151116,5.91,6.18,5.89,6.18,7242519,96225952.00
20151117,6.39,6.55,6.24,6.26,19265629,269545600.00
20151118,6.29,6.30,6.08,6.10,7631368,103742160.00
20151119,6.13,6.25,6.09,6.25,5670783,76763008.00
20151120,6.24,6.40,6.22,6.36,9455512,130521072.00
20151123,6.34,6.48,6.29,6.32,10733812,149662912.00
20151124,6.28,6.50,6.26,6.48,9798976,137503776.00
20151125,6.52,6.65,6.48,6.53,11580164,165343920.00
20151126,6.56,6.73,6.48,6.69,12536325,179845040.00
20151127,6.68,6.82,5.98,6.14,16486958,233758592.00
20151130,6.23,6.28,5.75,6.07,9807071,129948320.00
20151201,6.06,6.24,6.03,6.15,7019301,94558384.00
20151202,6.20,6.21,5.80,6.08,6218932,82672864.00
20151203,6.06,6.24,6.06,6.23,6106297,82626408.00
20151204,6.18,6.38,6.16,6.34,9802313,135012864.00
20151207,6.35,6.45,6.28,6.42,7200156,100404024.00
20151208,6.33,6.38,6.11,6.12,8474236,115717976.00
20151209,6.08,6.17,6.03,6.05,4694137,62895216.00
20151210,6.05,6.14,6.01,6.01,4899212,65503056.00
20151211,6.03,6.05,5.90,5.94,3744876,49123604.00
20151214,5.86,6.14,5.85,6.14,4669656,61941176.00
20151215,6.14,6.23,6.11,6.19,4251388,57700540.00
20151216,6.21,6.30,6.18,6.25,5039412,68975448.00
20151217,6.30,6.47,6.26,6.46,8955256,125250760.00
20151218,6.50,6.58,6.30,6.38,9549454,134397920.00
20151221,6.42,6.65,6.41,6.61,11413244,162893152.00
20151222,6.68,6.70,6.55,6.66,8978371,129873408.00
20151223,6.66,6.73,6.57,6.60,8789857,127334568.00
20151224,6.60,6.65,6.40,6.56,6945921,98792800.00
20151225,6.58,6.65,6.56,6.64,6098611,87838568.00
20151228,6.64,6.80,6.40,6.43,10739618,155834384.00
20151229,6.43,6.60,6.36,6.60,5454634,77100216.00
20151230,6.66,6.75,6.61,6.73,7532115,109790816.00
20151231,6.70,6.75,6.52,6.53,6424049,92924696.00
20160104,6.52,6.52,5.82,5.83,7179440,97277704.00
20160105,5.56,5.94,5.42,5.74,7878250,99502240.00
20160106,5.80,5.95,5.75,5.95,5086225,65716236.00
20160107,5.83,5.86,5.38,5.40,1799200,22310314.00
20160108,5.65,5.70,5.19,5.54,8088003,98836136.00
20160111,5.41,5.52,4.92,4.93,8455218,98633776.00
20160112,4.88,5.10,4.88,4.94,7025615,78488512.00
20160113,5.02,5.08,4.80,4.82,5050960,56392112.00
20160114,4.70,5.08,4.59,5.08,6661968,72699960.00
20160115,5.08,5.18,4.80,4.83,5840459,65802820.00
20160118,4.72,5.01,4.72,4.90,4438900,48905528.00
20160119,4.91,5.13,4.89,5.09,4980899,56069092.00
20160120,5.08,5.34,5.04,5.33,8972205,103258688.00
20160121,5.16,5.27,4.74,4.89,7966548,91124536.00
20160122,4.97,5.18,4.88,5.15,5136521,57683124.00
20160125,5.16,5.26,5.10,5.18,6650869,76758488.00
20160126,5.11,5.12,4.66,4.70,5190144,57372720.00
20160127,4.86,4.86,4.46,4.71,4491321,47270708.00
20160128,4.65,4.76,4.56,4.58,3002059,31664486.00
20160129,4.60,4.81,4.58,4.72,3552738,37725488.00
20160201,4.76,4.78,4.65,4.73,2893751,30849684.00
20160202,4.73,4.89,4.71,4.86,3949988,42894168.00
20160203,4.80,4.84,4.73,4.81,2966825,31887288.00
20160204,4.83,4.95,4.83,4.90,3813578,41970232.00
20160205,4.91,4.99,4.81,4.83,4009515,44298720.00
20160215,4.60,4.81,4.60,4.80,2759491,29421182.00
20160216,4.80,5.01,4.80,4.98,3790732,42013652.00
20160217,4.99,5.02,4.89,5.00,4894045,54412792.00
20160218,5.00,5.10,5.00,5.02,5131639,57965716.00
20160219,5.03,5.10,5.00,5.08,3755526,42409196.00
20160222,5.14,5.30,5.09,5.20,5660659,65479804.00
20160223,5.20,5.21,5.06,5.14,4694095,53663008.00
20160224,5.13,5.17,5.02,5.17,4713853,53843468.00
20160225,5.13,5.14,4.60,4.63,6489974,71038768.00
20160226,4.74,4.79,4.62,4.75,3507144,37263928.00
20160229,4.72,4.73,4.40,4.51,4631838,47400228.00
20160301,4.55,4.78,4.51,4.70,4297953,44937604.00
20160302,4.72,5.01,4.69,4.98,5410957,59206672.00
20160303,4.99,5.04,4.94,4.96,5053476,56551080.00
20160304,4.96,5.03,4.74,4.84,4209077,46283960.00
20160307,4.94,5.06,4.90,4.97,4689595,52347532.00
20160308,5.02,5.11,4.81,5.07,6151663,68737336.00
20160309,4.99,4.99,4.83,4.87,4198809,46313572.00
20160310,4.88,4.94,4.74,4.74,3366630,36758540.00
20160311,4.74,4.83,4.68,4.77,2077484,22255200.00
20160314,4.84,4.99,4.82,4.94,4405402,48790696.00
20160315,4.93,4.97,4.83,4.86,4460948,49042580.00
20160316,4.89,4.95,4.78,4.83,2938715,32050640.00
20160317,4.87,5.03,4.84,4.98,4437620,49148928.00
20160318,4.99,5.15,4.99,5.15,8412502,95781800.00
20160321,5.18,5.25,5.16,5.24,6974972,80932568.00
20160322,5.20,5.31,5.16,5.21,5915354,68966192.00
20160323,5.18,5.25,5.16,5.24,4519444,52457420.00
20160324,5.20,5.33,5.15,5.18,5557898,64644056.00
20160325,5.19,5.24,5.16,5.23,3728134,43255000.00
20160328,5.25,5.37,5.24,5.26,7886379,92929640.00
20160329,5.28,5.28,5.08,5.09,4610868,53190536.00
20160330,5.16,5.33,5.14,5.30,5457101,63657392.00
20160331,5.26,5.38,5.22,5.32,8591898,101153984.00
20160401,5.22,5.29,5.19,5.26,5002010,58476812.00
20160405,5.27,5.43,5.23,5.42,8323348,99007400.00
20160406,5.42,5.44,5.35,5.40,5537646,66264716.00
20160407,5.43,5.44,5.25,5.28,5385023,64149260.00
20160408,5.23,5.32,5.19,5.25,4529816,52999972.00
20160411,5.25,5.40,5.25,5.38,6867825,81745720.00
20160412,5.36,5.38,5.25,5.31,4507688,53185336.00
20160413,5.39,5.49,5.33,5.40,8731187,105401304.00
20160414,5.46,5.52,5.41,5.50,6746872,82009416.00
20160415,5.50,5.58,5.44,5.55,5420915,66214660.00
20160418,5.51,5.55,5.42,5.46,5047378,61342684.00
20160419,5.48,5.51,5.41,5.46,4507943,54504184.00
20160420,5.48,5.50,5.08,5.19,8282494,97188904.00
20160421,5.20,5.34,5.15,5.16,5102340,59657868.00
20160422,5.13,5.22,5.08,5.21,3699353,42621128.00
20160425,5.17,5.23,5.10,5.15,2985047,34343756.00
20160426,5.15,5.23,5.11,5.23,3309985,38274316.00
20160427,5.20,5.27,5.19,5.22,3445198,40142388.00
20160428,5.22,5.25,5.09,5.17,3509949,40514692.00
20160429,5.17,5.18,5.11,5.14,2723422,31296210.00
20160503,5.12,5.27,5.12,5.27,4590037,53487304.00
20160504,5.23,5.32,5.23,5.27,3621044,42602332.00
20160505,5.29,5.37,5.27,5.32,4432822,52529732.00
20160506,5.36,5.37,5.11,5.29,6028917,69152752.00
20160509,5.23,5.23,4.82,4.88,6210607,68243648.00
20160510,4.88,4.92,4.79,4.81,2839864,30465984.00
20160511,4.87,4.87,4.76,4.77,2195281,23374284.00
20160512,4.71,4.77,4.62,4.75,2787023,28979046.00
20160513,4.74,4.81,4.65,4.68,2831943,29601624.00
20160516,4.63,4.76,4.63,4.75,4435983,45986236.00
20160517,4.73,4.76,4.68,4.69,3375179,35208728.00
20160518,4.68,4.70,4.47,4.54,4772272,48353548.00
20160519,4.52,4.62,4.52,4.54,2454220,24883458.00
20160520,4.50,4.60,4.47,4.60,2118469,21442538.00
20160523,4.60,4.69,4.59,4.67,2606566,26847074.00
20160524,4.67,4.67,4.55,4.58,2012931,20510040.00
20160525,4.62,4.67,4.56,4.59,1795136,18380484.00
20160526,4.60,4.63,4.50,4.61,2636310,26724852.00
20160527,4.60,4.66,4.57,4.63,1874973,19192832.00
20160530,4.63,4.66,4.51,4.62,1621431,16554788.00
20160531,4.62,4.81,4.61,4.80,4699969,49315588.00
20160601,4.82,4.84,4.78,4.80,3635246,38584304.00
20160602,4.79,4.88,4.75,4.87,4145247,44048948.00
20160603,4.85,4.90,4.82,4.85,2911482,31111512.00
20160606,4.87,4.87,4.80,4.86,2615409,27960310.00
20160607,4.84,4.95,4.84,4.92,4089602,44113404.00
20160608,4.93,4.96,4.87,4.93,2794195,30229396.00
20160613,4.89,4.94,4.77,4.77,4411768,47432292.00
20160614,4.74,4.78,4.68,4.74,3900169,40816516.00
20160615,4.66,4.92,4.66,4.87,3579938,38202472.00
20160616,4.85,5.00,4.84,4.90,4739028,51268664.00
20160617,4.91,4.98,4.86,4.91,2726642,29617226.00
20160620,4.91,4.99,4.91,4.97,2972492,32406294.00
20160621,4.98,5.01,4.88,4.91,3180877,34658704.00
20160622,4.92,5.04,4.90,5.04,3918885,42988736.00
20160623,5.04,5.15,5.03,5.07,5350013,59826596.00
20160624,5.07,5.13,4.90,4.99,4094956,45134864.00
20160627,4.98,5.15,4.95,5.12,3629608,40591812.00
20160628,5.11,5.15,5.06,5.13,3162067,35422344.00
20160629,5.13,5.15,5.08,5.11,3199015,35932848.00
20160630,5.13,5.14,5.06,5.12,2597891,29124190.00
20160701,5.10,5.23,5.10,5.15,3052270,34580792.00
20160704,5.12,5.25,5.12,5.23,4388020,50088380.00
20160705,5.23,5.31,5.17,5.31,5694528,65439396.00
20160706,5.27,5.29,5.22,5.27,3926872,45187384.00
20160707,5.27,5.29,5.21,5.26,3078237,35394628.00
20160708,5.27,5.29,5.24,5.25,2543684,29308036.00
20160711,5.24,5.36,5.23,5.24,4886744,56620660.00
20160712,5.23,5.33,5.18,5.32,4452287,51377424.00
20160713,5.28,5.33,5.25,5.33,5274153,61054548.00
20160714,5.29,5.34,5.26,5.30,3422750,39674952.00
20160715,5.28,5.31,5.23,5.24,3049949,35145852.00
20160718,5.24,5.30,5.21,5.22,2444330,28094128.00
20160719,5.26,5.26,5.21,5.26,1638080,18772526.00
20160720,5.25,5.28,5.22,5.23,2437407,28025306.00
20160721,5.24,5.47,5.24,5.39,6585489,76644000.00
20160722,5.42,5.55,5.32,5.33,10171994,120923960.00
20160725,5.37,5.37,5.26,5.29,5227471,60599032.00
20160726,5.28,5.35,5.26,5.33,4517743,52469068.00
20160727,5.33,5.39,5.06,5.11,6008606,68836328.00
20160728,5.11,5.14,5.06,5.11,2719275,30457322.00
20160729,5.11,5.13,5.05,5.08,1871943,20905984.00
20160801,5.06,5.08,4.95,5.00,2068590,22742506.00
20160802,4.99,5.10,4.98,5.08,1306942,14479183.00
20160803,5.36,5.36,5.14,5.20,3440345,39326016.00
20160804,5.18,5.22,5.13,5.18,2319197,26305514.00
20160805,5.16,5.20,5.14,5.17,1856839,21056952.00
20160808,5.15,5.29,5.13,5.26,3261065,37363292.00
20160809,5.26,5.35,5.23,5.31,2663171,30921264.00
20160810,5.31,5.45,5.29,5.34,5287398,62262908.00
20160811,5.31,5.52,5.27,5.44,8931652,105945744.00
20160812,5.37,5.50,5.37,5.49,4996156,59556760.00
20160815,5.49,5.55,5.42,5.52,6508853,77978712.00
20160816,5.52,5.66,5.49,5.60,5566011,67698368.00
20160817,5.61,5.78,5.55,5.72,6267572,77420152.00
20160818,5.68,5.78,5.65,5.68,4696512,58343336.00
20160819,5.70,5.75,5.63,5.75,3326850,41150812.00
20160822,5.72,5.75,5.58,5.60,3811006,46939124.00
20160823,5.63,5.97,5.58,5.80,7512749,94822544.00
20160824,5.77,6.09,5.73,6.07,11213040,144517600.00
20161221,6.50,6.72,6.20,6.34,30790748,423634176.00
20161222,6.32,6.32,5.90,6.15,16064816,211438928.00
20161223,6.08,6.10,5.96,6.07,6820983,89141008.00
20161226,6.00,6.15,5.99,6.01,5727761,75126384.00
20161227,6.01,6.10,5.81,5.82,8759753,112895616.00
20161228,5.81,5.88,5.76,5.87,4259546,53869528.00
20161229,5.85,6.18,5.85,6.10,7339249,96348736.00
20161230,6.01,6.24,5.90,6.08,7857432,102935896.00
20170103,6.05,6.33,6.05,6.20,8310414,111726856.00
20170104,6.21,6.46,6.21,6.42,9391951,128569728.00
20170105,6.49,6.54,6.39,6.46,8477936,118011688.00
20170106,6.39,6.45,6.24,6.33,5263756,72186632.00
20170109,6.31,6.43,6.26,6.39,2999360,41221108.00
20170110,6.39,6.47,6.26,6.26,4405445,60008692.00
20170111,6.28,6.30,6.19,6.23,3464564,46756600.00
20170112,6.23,6.38,6.21,6.25,3963111,53885440.00
20170113,6.25,6.32,6.09,6.11,3965785,53156088.00
20170116,6.18,6.18,5.45,5.75,5297826,66620344.00
20170117,5.68,5.82,5.66,5.80,2358953,29459456.00
20170118,5.85,5.94,5.75,5.85,2617919,33163194.00
20170119,5.77,5.88,5.76,5.79,1357763,17134588.00
20170120,5.76,5.93,5.76,5.88,1799288,22919368.00
20170123,5.84,6.03,5.82,6.00,3876688,49817692.00
20170124,6.00,6.05,5.92,5.95,1496200,19383162.00
20170125,6.24,6.49,6.01,6.25,4741835,64318116.00
20170126,6.29,6.33,6.16,6.22,1893641,25416582.00
20170203,6.28,6.40,6.18,6.34,2182743,29726690.00
20170206,6.30,6.38,6.22,6.38,2690335,36590736.00
20170207,6.35,6.38,6.21,6.24,2686177,36395716.00
20170208,6.23,6.60,6.18,6.55,7075098,98158936.00
20170209,6.49,6.56,6.43,6.50,3705652,51734992.00
20170210,6.50,6.54,6.33,6.40,4123058,56914300.00
20170213,6.35,6.55,6.35,6.46,3550310,49494212.00
20170214,6.45,6.69,6.43,6.61,6162579,87380304.00
20170215,6.59,6.60,6.46,6.47,4719069,66199288.00
20170216,6.43,6.56,6.43,6.54,2435165,34175584.00
20170217,6.59,6.60,6.43,6.44,1989433,27826802.00
20170220,6.42,6.43,6.11,6.32,4958042,67306168.00
20170221,6.29,6.42,6.25,6.36,1906887,26152294.00
20170222,6.36,6.41,6.29,6.34,1818028,24843082.00
20170223,6.37,6.59,6.34,6.55,4038417,56304224.00
20170224,6.50,6.54,6.40,6.45,2837196,39507264.00
20170227,6.44,6.61,6.42,6.48,4196029,58990164.00
20170228,6.54,6.58,6.42,6.47,2339143,32563078.00
20170301,6.44,6.62,6.33,6.59,5109027,71655776.00
20170302,6.60,6.62,6.45,6.48,2952526,41465932.00
20170303,6.45,6.52,6.40,6.44,2169284,30163718.00
20170306,6.41,6.72,6.41,6.70,5439774,77589328.00
20170307,7.42,7.42,7.28,7.42,7099691,112329464.00
20170308,7.75,7.75,7.30,7.34,28661505,463087488.00
20170309,7.25,7.53,7.06,7.45,17630665,275185152.00
20170310,7.37,7.69,7.36,7.50,15981505,256933024.00
20170313,7.50,7.62,7.36,7.51,9864248,157473328.00
20170314,7.51,7.52,7.38,7.40,7091774,112514704.00
20170315,7.40,7.47,7.33,7.42,4633191,73269080.00
20170316,7.44,7.59,7.44,7.53,7282899,116870648.00
20170317,7.55,8.00,7.50,7.79,14667287,241768048.00
20170320,8.17,8.62,7.96,8.01,16221275,281056640.00
20170321,7.96,8.14,7.85,7.87,12062132,203719264.00
20170322,7.84,7.91,7.71,7.80,9728640,161386624.00
20170323,7.81,7.89,7.66,7.84,9043730,149893120.00
20170324,7.76,7.85,7.69,7.80,4794159,79276352.00
20170327,7.81,8.09,7.81,7.95,7741239,131010456.00
20170328,7.98,8.04,7.80,7.99,6234601,104819464.00
20170329,7.96,8.24,7.96,8.10,10684138,184362576.00
20170330,8.10,8.16,7.62,7.64,11807186,197444048.00
20170331,7.73,7.88,7.62,7.85,5966163,98091904.00
20170405,7.77,7.88,7.77,7.85,5042029,83971168.00
20170406,7.85,7.85,7.74,7.77,4609514,76299056.00
20170407,7.75,7.75,7.50,7.54,7301166,118238256.00
20170410,7.50,7.61,7.30,7.37,5469900,86805896.00
20170411,7.37,7.55,7.32,7.52,3940505,62535236.00
20170412,7.51,7.58,7.43,7.44,3002791,48026916.00
20170413,7.46,7.58,7.43,7.43,2914758,46617188.00
20170414,7.43,7.48,7.21,7.26,4033777,62879436.00
20170417,7.20,7.34,7.11,7.28,2203348,34151140.00
20170418,7.25,7.33,7.10,7.10,2549920,39360076.00
20170419,7.30,7.37,7.14,7.26,5955274,92664784.00
20170420,7.30,7.33,6.97,7.09,6105126,93108304.00
20170421,7.09,7.29,7.06,7.27,4225375,65041752.00
20170424,7.22,7.26,7.01,7.12,4845514,73651568.00
20170425,7.15,7.30,6.93,6.97,8549419,129347176.00
20170426,6.51,6.70,6.27,6.27,18223490,116911816.00
20170427,6.32,6.42,5.98,6.36,13035532,80162712.00
20170428,6.25,6.30,6.15,6.20,7896444,49140768.00
20170502,6.22,6.23,6.07,6.07,6397022,39343572.00
20170503,6.07,6.14,5.97,6.11,9100791,55289996.00
20170504,6.24,6.44,6.16,6.32,12717102,80526032.00
20170505,6.32,6.32,6.00,6.02,9267027,56621616.00
20170508,6.03,6.05,5.57,5.69,8668084,50578372.00
20170509,5.65,5.75,5.47,5.67,8183084,45754876.00
20170510,5.66,5.73,5.48,5.51,5532049,31068606.00
20170511,5.48,5.56,5.29,5.33,8176018,43988996.00
20170512,5.35,5.37,5.28,5.34,5080136,27097512.00
20170515,5.37,5.42,5.33,5.38,3906203,21056446.00
20170516,5.38,5.60,5.32,5.58,5863663,32024104.00
20170517,5.59,5.95,5.58,5.70,8912982,51704508.00
20170518,5.72,5.96,5.62,5.83,7676937,44712848.00
20170519,5.89,5.94,5.77,5.85,5514156,32290006.00
20170522,5.80,5.88,5.62,5.63,6002238,34376640.00
20170523,5.62,5.68,5.52,5.52,4305772,24165950.00
20170524,5.52,5.54,5.31,5.52,4641052,25114070.00
20170525,5.52,6.07,5.52,6.07,23764220,142384512.00
20170526,5.95,6.10,5.89,5.90,15808339,94485744.00
20170531,5.91,5.97,5.83,5.89,9078084,53503236.00
20170601,5.88,5.92,5.67,5.67,6330458,36811820.00
20170602,5.60,5.79,5.52,5.77,7558821,42624748.00
20170605,5.79,5.87,5.71,5.87,6176387,35783344.00
20170606,5.88,5.88,5.77,5.80,4026339,23400786.00
20170607,5.78,5.98,5.77,5.96,8000496,47281724.00
20170608,5.97,6.00,5.86,5.87,6099019,36133356.00
20170609,5.84,5.89,5.73,5.81,4611976,26724728.00
20170612,5.78,5.98,5.75,5.84,5200529,30439944.00
20170613,5.79,5.94,5.79,5.89,4042725,23779084.00
20170614,5.90,5.93,5.85,5.88,3536483,20821126.00
20170615,5.83,5.97,5.83,5.94,5446654,32188396.00
20170616,5.93,5.93,5.87,5.87,3311127,19509490.00
20170619,5.90,5.90,5.82,5.87,2825456,16558724.00
20170620,5.89,5.91,5.84,5.88,3261396,19213666.00
20170621,5.90,5.91,5.73,5.78,3917218,22809602.00
20170622,5.78,5.80,5.52,5.57,10482923,59046172.00
20170623,5.54,5.59,5.44,5.53,5748225,31613364.00
20170626,5.53,5.62,5.50,5.60,3425704,19054762.00
20170627,5.60,5.66,5.53,5.59,2825535,15810531.00
20170628,5.56,5.60,5.51,5.53,2546050,14122876.00
20170629,5.52,5.57,5.51,5.55,2879700,15978828.00
20170630,5.54,5.56,5.50,5.53,2771059,15318181.00
20170703,5.53,5.81,5.52,5.79,7991241,45314880.00
20170704,5.76,5.78,5.66,5.68,4399202,25126406.00
20170705,5.66,5.75,5.66,5.72,3844200,21964656.00
20170713,5.87,6.22,5.85,6.05,22055530,133731288.00
20170714,5.97,6.36,5.91,6.30,19603544,122082032.00
20170717,6.20,6.24,5.68,5.88,14711336,88128736.00
20170718,5.80,6.18,5.80,6.09,12727102,76124968.00
20170719,6.11,6.27,6.04,6.21,16180586,99847984.00
数据来源:通达信
