002476 宝莫股份 日线 前复权
      日期	    开盘	    最高	    最低	    收盘	    成交量	    成交额
20100915,6.69,6.83,5.73,5.81,17717259,575777152.00
20100916,6.09,6.27,5.70,5.78,9501504,299236416.00
20100917,5.46,6.08,5.21,6.03,9738168,292638208.00
20100920,5.90,6.03,5.41,5.41,6154288,185520064.00
20100921,5.23,5.39,5.03,5.09,4621681,126474536.00
20100927,5.07,5.23,4.98,5.08,2768853,74376768.00
20100928,5.07,5.22,5.01,5.07,3245024,87654352.00
20100929,5.02,5.05,4.82,4.87,2818464,73033320.00
20100930,4.84,5.00,4.78,4.94,2035498,52926976.00
20101008,4.96,5.11,4.95,5.07,2914772,77482264.00
20101011,5.04,5.10,5.00,5.08,2305009,61497168.00
20101012,5.09,5.16,4.98,5.00,2394707,63983028.00
20101013,5.00,5.01,4.85,4.93,1850432,47972708.00
20101014,4.93,5.08,4.91,5.08,2148171,56712840.00
20101015,5.06,5.07,4.88,4.89,1722779,44984240.00
20101018,4.89,4.95,4.65,4.94,1557469,39522164.00
20101019,4.90,5.11,4.88,5.09,1999007,53215432.00
20101020,5.05,5.20,4.98,5.07,2440099,65681276.00
20101021,5.13,5.38,5.07,5.32,3674163,102150296.00
20101022,5.32,5.55,5.32,5.45,3683204,105858360.00
20101025,5.50,5.57,5.41,5.54,3094889,89601480.00
20101026,5.64,5.70,5.40,5.42,2496654,72315664.00
20101027,5.38,5.49,5.31,5.32,1893278,53792092.00
20101028,5.32,5.54,5.27,5.50,1874946,53604168.00
20101029,5.47,5.61,5.40,5.54,2263157,65704360.00
20101101,5.55,5.65,5.50,5.61,2043428,60038300.00
20101102,5.59,5.74,5.46,5.58,2807772,82781336.00
20101103,5.54,5.56,5.33,5.33,1448880,41496468.00
20101104,5.33,5.39,5.31,5.37,1202815,33931896.00
20101105,5.40,5.43,5.32,5.40,1648476,46668096.00
20101108,5.39,5.88,5.38,5.83,4161967,124304616.00
20101109,5.82,5.83,5.65,5.75,2327634,70306784.00
20101110,5.74,5.97,5.70,5.85,2325859,71674392.00
20101111,5.81,6.05,5.72,5.72,2568654,79583888.00
20101112,5.63,5.74,5.21,5.26,2589305,74640160.00
20101115,5.33,5.50,5.25,5.48,1491927,42338960.00
20101116,5.49,5.93,5.46,5.64,3699981,110932464.00
20101117,5.61,5.73,5.37,5.42,1656957,48636476.00
20101118,5.46,5.56,5.31,5.49,1165740,33530752.00
20101119,5.52,5.82,5.41,5.81,1802913,53138368.00
20101122,5.76,6.08,5.76,5.96,3764675,118382448.00
20101123,5.99,6.16,5.91,6.09,3234296,102797784.00
20101124,6.04,6.14,5.93,6.11,2360501,74958360.00
20101125,6.09,6.17,5.93,5.94,2004361,63268088.00
20101126,5.96,6.21,5.95,6.19,2635381,84904504.00
20101129,6.23,6.34,6.12,6.18,2632273,86222416.00
20101130,6.13,6.24,5.75,6.03,2027669,64009800.00
20101201,5.98,6.09,5.89,6.02,760000,23927920.00
20101202,6.11,6.24,6.01,6.22,1804565,58309580.00
20101203,6.19,6.26,6.00,6.07,1093803,35067092.00
20101206,6.06,6.06,5.78,5.80,1168338,36120916.00
20101207,5.75,5.95,5.70,5.95,934447,28629788.00
20101208,5.95,5.96,5.75,5.78,999236,30650232.00
20101210,5.61,5.70,5.56,5.67,1304315,38767508.00
20101213,5.72,5.84,5.68,5.81,1677332,50688812.00
20101214,5.80,5.82,5.73,5.82,1334791,40603024.00
20101215,5.80,5.95,5.69,5.93,3635666,110941608.00
20101216,5.88,5.98,5.87,5.92,2057711,64202008.00
20101217,5.92,5.94,5.82,5.94,1380295,42711696.00
20101220,5.96,5.98,5.56,5.78,2179595,66337400.00
20101221,5.76,5.83,5.70,5.75,1369303,41476380.00
20101222,5.79,5.94,5.75,5.81,1540238,47311276.00
20101223,5.81,5.84,5.62,5.64,1398333,41901676.00
20101224,5.59,5.63,5.37,5.48,1311717,37858228.00
20101227,5.49,5.53,5.11,5.25,1712963,48400300.00
20101228,5.17,5.25,5.13,5.22,914843,25042844.00
20101229,5.21,5.29,5.17,5.29,669811,18551870.00
20101230,5.27,5.29,5.20,5.25,582440,16116237.00
20101231,5.25,5.33,5.23,5.30,997352,27731538.00
20110104,5.31,5.40,5.29,5.38,1427387,40285064.00
20110105,5.35,5.45,5.34,5.40,773311,22008632.00
20110106,5.40,5.41,5.30,5.30,776880,21889902.00
20110107,5.30,5.33,5.21,5.22,822971,22845448.00
20110110,5.21,5.25,5.12,5.12,631881,17304980.00
20110111,5.09,5.10,4.98,5.05,772374,20516412.00
20110112,5.08,5.12,5.01,5.08,502006,13443022.00
20110113,5.14,5.15,5.07,5.13,449881,12146789.00
20110114,5.12,5.14,4.99,5.01,442151,11744800.00
20110117,4.96,4.97,4.76,4.81,792986,20292758.00
20110118,4.74,5.13,4.74,5.07,1346114,35626548.00
20110119,5.07,5.12,5.02,5.11,526150,14110672.00
20110120,5.08,5.14,4.89,4.89,456193,12086526.00
20110121,4.84,5.07,4.83,4.99,567128,14917223.00
20110124,4.99,5.01,4.80,4.82,370104,9571425.00
20110125,4.73,4.99,4.73,4.91,498286,12845230.00
20110126,4.86,5.01,4.85,4.96,307818,8059276.00
20110127,4.94,5.06,4.78,5.04,477258,12635576.00
20110128,5.01,5.07,4.98,5.02,429198,11379480.00
20110131,5.04,5.11,4.98,5.04,696691,18584936.00
20110201,5.05,5.10,5.00,5.08,555729,14860027.00
20110209,5.04,5.14,5.01,5.02,454099,12159723.00
20110210,5.01,5.14,4.94,5.13,575036,15438790.00
20110211,5.12,5.21,5.10,5.15,620320,16901882.00
20110214,5.14,5.25,5.14,5.24,804393,22057600.00
20110215,5.24,5.28,5.17,5.24,755422,20869598.00
20110216,5.21,5.48,5.19,5.46,1588430,44879160.00
20110217,5.48,5.60,5.40,5.56,1406791,40688232.00
20110218,5.56,5.59,5.44,5.45,1253731,36494536.00
20110221,5.37,5.58,5.37,5.56,1012001,29458514.00
20110222,5.56,5.71,5.31,5.43,1354926,39739780.00
20110223,5.41,5.61,5.40,5.58,1112118,32400190.00
20110224,5.57,5.66,5.52,5.58,952048,27975208.00
20110225,5.57,5.57,5.47,5.53,528188,15349978.00
20110228,5.55,5.64,5.51,5.58,847835,24910250.00
20110301,5.59,5.64,5.53,5.57,1067552,31464784.00
20110302,5.56,5.56,5.42,5.50,858822,24773818.00
20110303,5.48,5.50,5.31,5.35,754213,21483544.00
20110304,5.32,5.42,5.32,5.42,387073,10971477.00
20110307,5.45,5.48,5.40,5.44,636058,18251032.00
20110308,5.41,5.48,5.38,5.45,695922,19875424.00
20110309,5.45,5.48,5.38,5.44,625301,17840570.00
20110310,5.41,5.47,5.37,5.40,721137,20609058.00
20110311,5.39,5.46,5.38,5.40,629819,17974368.00
20110314,5.38,5.46,5.32,5.42,765934,21733144.00
20110315,5.40,5.68,5.40,5.64,2797466,81719616.00
20110316,5.61,5.64,5.52,5.59,1435001,42203928.00
20110317,5.57,5.62,5.48,5.53,936276,27379058.00
20110318,5.53,5.60,5.53,5.54,743465,21794388.00
20110321,5.62,5.75,5.54,5.58,1169474,34742928.00
20110322,5.58,5.58,5.42,5.44,933846,26975776.00
20110323,5.46,5.49,5.42,5.46,501431,14412721.00
20110324,5.48,5.51,5.45,5.47,480038,13860431.00
20110325,5.40,5.47,5.39,5.44,568982,16300908.00
20110328,5.44,5.45,5.33,5.34,935291,26564554.00
20110329,5.34,5.36,5.21,5.21,771981,21544506.00
20110330,5.20,5.24,5.03,5.09,765618,20665680.00
20110331,5.13,5.13,5.03,5.09,459109,12349152.00
20110401,5.11,5.17,5.07,5.16,255938,6918809.50
20110406,5.25,5.25,5.15,5.17,308234,8408299.00
20110407,5.17,5.24,5.15,5.22,272421,7466798.50
20110408,5.24,5.34,5.20,5.32,553431,15433544.00
20110411,5.33,5.34,5.24,5.26,373493,10421528.00
20110412,5.26,5.32,5.13,5.17,520382,14404506.00
20110413,5.17,5.21,5.14,5.21,314140,8613893.00
20110414,5.24,5.27,5.17,5.21,375847,10349642.00
20110415,5.21,5.23,5.13,5.15,306945,8367857.50
20110418,5.12,5.15,5.10,5.13,377170,10198606.00
20110419,5.14,5.22,5.05,5.18,378847,10260088.00
20110420,5.22,5.24,5.18,5.24,480809,13226723.00
20110421,5.24,5.31,5.24,5.31,489929,13653098.00
20110422,5.27,5.30,5.21,5.23,433668,12002037.00
20110425,5.26,5.26,5.05,5.07,415947,11266407.00
20110426,5.07,5.13,5.04,5.05,239439,6407154.00
20110427,5.04,5.13,5.00,5.07,228348,6097336.50
20110428,5.11,5.11,4.84,4.85,383700,10128381.00
20110429,4.87,4.94,4.87,4.92,237324,6168798.50
20110503,4.90,5.06,4.90,5.01,266153,7052021.50
20110504,5.01,5.04,4.94,4.94,262147,6919312.50
20110505,4.92,4.96,4.90,4.94,107500,2806726.00
20110506,4.94,5.05,4.87,5.03,338756,8930971.00
20110510,5.07,5.07,4.96,5.03,177618,4705167.00
20110511,5.03,5.07,5.00,5.04,204994,5443020.00
20110512,5.01,5.01,4.94,4.95,243165,6386071.00
20110513,4.96,5.00,4.91,5.00,198906,5216229.50
20110516,4.99,5.01,4.76,4.76,778650,19902390.00
20110517,4.76,4.82,4.76,4.79,231851,5882098.50
20110518,4.83,4.83,4.78,4.82,154155,3916148.25
20110519,4.82,4.83,4.58,4.72,422301,10620111.00
20110520,4.72,4.73,4.60,4.61,427378,10504671.00
20110523,4.58,4.65,4.50,4.59,861505,20979936.00
20110524,4.58,4.68,4.50,4.67,586288,14399382.00
20110525,4.62,4.73,4.62,4.66,654653,16282347.00
20110526,4.64,4.68,4.43,4.43,342405,5472364.00
20110527,4.43,4.51,4.29,4.29,238651,3677343.75
20110530,4.21,4.35,4.21,4.27,263392,4000966.25
20110531,4.32,4.32,4.21,4.32,199465,3014684.25
20110601,4.28,4.34,4.28,4.32,319657,4862250.50
20110602,4.29,4.29,4.14,4.16,262050,3875513.50
20110603,4.24,4.28,4.16,4.25,348184,5201653.50
20110607,4.25,4.28,4.22,4.24,311763,4665433.00
20110608,4.25,4.29,4.20,4.27,310501,4645315.00
20110609,4.26,4.32,4.24,4.26,292560,4409462.50
20110610,4.24,4.34,4.24,4.34,416661,6298805.50
20110613,4.33,4.33,4.22,4.28,458378,6890521.00
20110614,4.22,4.36,4.22,4.32,450899,6852048.50
20110615,4.31,4.33,4.28,4.28,196142,2976932.50
20110616,4.28,4.28,4.21,4.23,258220,3863798.50
20110617,4.10,4.25,4.10,4.18,263977,3921102.25
20110620,4.12,4.18,4.03,4.10,249407,3621282.75
20110621,4.14,4.16,4.11,4.15,181510,2654606.50
20110622,4.15,4.19,4.13,4.14,190275,2794427.00
20110623,4.11,4.24,4.11,4.24,485879,7220168.00
20110624,4.17,4.54,4.17,4.46,1052304,16343222.00
20110627,4.43,4.50,4.43,4.47,711859,11197798.00
20110628,4.45,4.51,4.44,4.48,463250,7303970.00
20110629,4.49,4.82,4.45,4.60,1429566,23555460.00
20110630,4.54,4.68,4.49,4.65,650751,10554369.00
20110701,4.71,4.76,4.62,4.63,1156598,19091706.00
20110704,4.67,4.98,4.67,4.87,1767137,29905994.00
20110705,4.84,4.96,4.83,4.92,1028102,17646528.00
20110706,4.92,4.92,4.81,4.87,929733,15933725.00
20110707,4.89,4.91,4.80,4.86,726235,12417046.00
20110708,4.84,4.91,4.80,4.86,528255,9022568.00
20110711,4.86,4.89,4.79,4.82,434395,7365144.50
20110712,4.81,4.82,4.69,4.76,654705,10947530.00
20110713,4.77,4.89,4.73,4.88,622772,10540027.00
20110714,4.92,4.92,4.84,4.89,588707,10073000.00
20110715,4.87,4.92,4.84,4.90,900143,15453122.00
20110718,4.92,5.00,4.88,4.98,1120974,19554170.00
20110719,4.98,4.98,4.81,4.84,678007,11584808.00
20110720,4.85,4.92,4.78,4.80,534406,9066410.00
20110721,4.78,4.87,4.75,4.75,588162,9944318.00
20110722,4.81,4.89,4.76,4.86,645556,10986627.00
20110725,4.82,4.88,4.54,4.62,874260,14659499.00
20110726,4.61,4.77,4.54,4.76,907819,14825357.00
20110727,4.72,5.24,4.71,5.17,2681087,46976396.00
20110728,5.13,5.16,5.03,5.08,3602154,64277280.00
20110729,5.04,5.12,4.96,5.07,1306851,23157132.00
20110801,5.07,5.12,5.03,5.04,1167354,20809414.00
20110802,5.04,5.04,4.79,4.88,769767,13171523.00
20110803,4.84,4.90,4.80,4.88,469538,8045381.00
20110804,4.88,4.92,4.82,4.83,565116,9654134.00
20110805,4.73,4.73,4.57,4.58,663629,10857140.00
20110808,4.54,4.56,4.16,4.29,1071442,16318233.00
20110809,4.17,4.45,4.05,4.37,841607,12716667.00
20110810,4.44,4.52,4.25,4.31,1064534,16463324.00
20110811,4.20,4.38,4.18,4.37,748115,11326862.00
20110812,4.42,4.53,4.39,4.45,686856,10790774.00
20110815,4.45,4.54,4.45,4.54,645736,10267576.00
20110816,4.56,4.65,4.50,4.52,710877,11460099.00
20110817,4.45,4.57,4.45,4.51,414099,6612460.00
20110818,4.51,4.59,4.47,4.48,623737,9959938.00
20110819,4.39,4.48,4.37,4.42,459389,7172912.00
20110822,4.43,4.49,4.42,4.44,396771,6234740.50
20110823,4.45,4.53,4.44,4.53,286935,4542665.50
20110824,4.58,4.70,4.54,4.58,966604,15731854.00
20110825,5.06,5.06,5.06,5.06,2188946,38853792.00
20110826,5.19,5.51,5.14,5.30,9906160,184275072.00
20110829,5.24,5.25,5.12,5.17,3633663,66160004.00
20110830,5.15,5.29,5.07,5.07,3214947,58411740.00
20110831,4.97,5.11,4.88,5.09,2535382,44531656.00
20110901,5.07,5.14,4.90,4.98,2431336,42834720.00
20110902,4.97,5.27,4.93,5.04,3803956,68315544.00
20110905,4.98,5.42,4.75,5.27,5343692,96682336.00
20110906,5.19,5.27,4.89,5.02,3857432,68678960.00
20110907,4.99,5.31,4.99,5.23,3690327,66995304.00
20110908,5.25,5.50,5.25,5.25,6688422,126169872.00
20110909,5.18,5.24,4.99,5.00,3396176,61018652.00
20110913,4.84,4.91,4.77,4.86,2366796,40200056.00
20110914,4.84,4.89,4.59,4.76,2475603,41105604.00
20110915,4.76,4.90,4.75,4.85,1859632,31659352.00
20110916,4.85,4.92,4.71,4.71,1409599,23884760.00
20110919,4.92,5.13,4.84,4.84,3582311,62419076.00
20110920,4.64,4.85,4.64,4.78,2014265,33450292.00
20110921,4.76,4.98,4.69,4.94,2029750,34783432.00
20110922,4.94,4.99,4.78,4.78,1905952,32814068.00
20110923,4.69,4.80,4.64,4.76,972816,16179362.00
20110926,4.74,4.82,4.54,4.57,1256988,20611592.00
20110927,4.66,4.68,4.48,4.53,1084277,17392688.00
20110928,4.59,4.62,4.40,4.44,639714,10205124.00
20110929,4.37,4.40,4.28,4.28,693953,10626582.00
20110930,4.37,4.37,4.19,4.26,478833,7196444.00
20111010,4.31,4.34,3.95,4.10,1136443,16790038.00
20111011,4.25,4.29,4.04,4.17,887810,13128838.00
20111012,4.16,4.39,4.07,4.37,1179934,17951014.00
20111013,4.39,4.45,4.31,4.43,1166262,18162648.00
20111014,4.45,4.47,4.29,4.35,802171,12308656.00
20111017,4.39,4.42,4.31,4.37,1046908,16081272.00
20111018,4.33,4.35,4.19,4.21,666455,10095831.00
20111019,4.19,4.29,4.14,4.19,457874,6790755.00
20111020,4.15,4.18,4.01,4.07,725278,10446727.00
20111021,4.03,4.14,3.98,3.98,708914,10188080.00
20111024,4.01,4.05,3.81,4.04,734974,10298072.00
20111025,4.03,4.18,4.01,4.17,842003,12252079.00
20111026,4.15,4.32,4.10,4.17,1419237,21214978.00
20111027,4.17,4.32,4.13,4.26,1454312,21877820.00
20111028,4.35,4.70,4.31,4.70,3962932,63193168.00
20111031,4.85,4.95,4.75,4.91,5055667,86097072.00
20111101,4.81,4.86,4.69,4.80,2619503,44239388.00
20111102,4.68,4.90,4.66,4.89,2978664,50317144.00
20111103,4.89,4.98,4.72,4.73,4315907,73954264.00
20111104,4.75,4.82,4.72,4.78,1687183,28298900.00
20111107,4.78,4.84,4.72,4.78,1229162,20648992.00
20111108,4.78,5.02,4.72,4.87,3276589,56450340.00
20111109,4.92,4.92,4.67,4.91,2532773,42856216.00
20111110,4.81,4.98,4.76,4.87,2956044,50983532.00
20111111,4.87,4.92,4.76,4.79,1486677,25138820.00
20111114,4.87,4.95,4.84,4.89,1891348,32568018.00
20111115,4.92,5.03,4.85,5.03,3291350,57156956.00
20111116,5.01,5.01,4.72,4.76,2780797,47525516.00
20111117,4.78,4.88,4.75,4.76,1183839,20002562.00
20111118,4.72,4.74,4.49,4.51,1536431,24888634.00
20111121,4.51,4.54,4.41,4.48,658348,10358645.00
20111122,4.50,4.56,4.42,4.54,733726,11651312.00
20111123,4.60,4.62,4.50,4.50,502441,8032774.50
20111124,4.47,4.51,4.39,4.46,695948,10924537.00
20111125,4.45,4.49,4.42,4.42,386391,6055420.50
20111128,4.48,4.50,4.40,4.47,450105,7065458.50
20111129,4.50,4.57,4.48,4.56,1105059,17583350.00
20111130,4.54,4.56,4.09,4.15,1298023,19719926.00
20111201,4.31,4.36,4.19,4.21,881753,13377317.00
20111202,4.21,4.26,4.12,4.24,457264,6786520.00
20111205,4.25,4.26,4.06,4.07,441533,6439491.00
20111206,4.13,4.17,4.06,4.14,406034,5926977.50
20111207,4.10,4.17,4.04,4.15,466186,6838367.50
20111208,4.10,4.23,4.07,4.20,706063,10420861.00
20111209,4.15,4.25,4.12,4.20,519165,7708312.00
20111212,4.20,4.24,4.10,4.12,681870,9984091.00
20111213,4.09,4.09,3.92,3.93,662221,9344253.00
20111214,3.91,3.98,3.88,3.89,393151,5484607.00
20111215,3.89,3.89,3.71,3.75,571260,7699184.50
20111216,3.81,3.94,3.74,3.94,557442,7563517.50
20111219,3.92,4.07,3.84,4.06,636527,8932806.00
20111220,4.06,4.10,3.96,3.96,494154,7018158.00
20111221,4.07,4.07,3.84,3.85,454573,6417330.00
20111222,3.81,4.00,3.63,3.92,783906,10559508.00
20111223,3.88,4.00,3.80,3.96,884099,12181942.00
20111226,3.89,3.97,3.78,3.80,600315,8302711.00
20111227,3.74,3.80,3.63,3.64,546308,7179496.00
20111228,3.56,3.64,3.48,3.63,360619,4557349.00
20111229,3.59,3.65,3.59,3.61,252222,3247704.25
20111230,3.74,3.74,3.62,3.66,351723,4573837.50
20120104,3.75,3.75,3.52,3.52,316795,4089568.50
20120105,3.49,3.52,3.32,3.33,542189,6584282.00
20120106,3.38,3.42,3.16,3.31,340263,3951171.25
20120109,3.34,3.48,3.26,3.46,578168,7047994.00
20120110,3.45,3.62,3.45,3.60,652174,8217342.00
20120111,3.60,3.69,3.55,3.59,1193434,15272129.00
20120112,3.57,3.69,3.56,3.61,1124786,14507934.00
20120113,3.66,3.94,3.58,3.60,1870194,24642740.00
20120116,3.51,3.74,3.39,3.55,1199749,15225119.00
20120117,3.46,3.67,3.24,3.61,2107058,26096692.00
20120118,3.60,3.60,3.26,3.27,1778619,21843190.00
20120119,3.29,3.36,3.22,3.30,662784,7790216.00
20120120,3.31,3.34,3.22,3.31,566391,6694624.00
20120130,3.34,3.41,3.28,3.34,561648,6709140.50
20120131,3.34,3.37,3.28,3.34,421551,5006771.50
20120201,3.31,3.39,3.31,3.37,419028,5025259.00
20120202,3.37,3.42,3.34,3.42,610374,7373317.50
20120203,3.45,3.55,3.40,3.50,1283021,15799264.00
20120207,3.50,3.65,3.50,3.54,2380334,30223026.00
20120208,3.51,3.60,3.47,3.59,1872325,23527754.00
20120209,3.54,3.67,3.53,3.60,1977399,25364650.00
20120210,3.61,3.62,3.55,3.57,1089065,13861030.00
20120213,3.55,3.65,3.52,3.60,1156300,14757610.00
20120214,3.59,3.77,3.59,3.60,1279075,16589853.00
20120215,3.62,3.69,3.57,3.69,1475604,19151192.00
20120216,3.70,3.73,3.60,3.65,1369990,17839400.00
20120217,3.67,3.68,3.56,3.59,1092188,13995990.00
20120220,3.64,3.67,3.58,3.60,1110389,14318055.00
20120221,3.60,3.69,3.56,3.69,1891601,24510504.00
20120222,3.71,3.78,3.69,3.78,2494908,33032848.00
20120223,3.76,3.79,3.71,3.79,1867647,24883968.00
20120224,3.79,3.88,3.76,3.82,1798759,24318108.00
20120227,3.83,3.87,3.78,3.80,2028627,27478958.00
20120228,3.77,3.79,3.69,3.73,1716567,22710910.00
20120229,3.76,3.79,3.66,3.67,1454605,19238010.00
20120301,3.67,3.72,3.63,3.69,612350,8019464.00
20120302,3.73,3.79,3.72,3.77,1432042,19093714.00
20120305,3.79,3.81,3.76,3.77,1132808,15187039.00
20120306,3.78,3.78,3.70,3.72,804332,10630577.00
20120307,3.69,3.74,3.62,3.66,901259,11767579.00
20120308,3.67,3.75,3.66,3.73,795171,10506697.00
20120309,3.77,3.81,3.72,3.81,1060491,14198851.00
20120312,3.82,3.87,3.78,3.87,1200654,16256236.00
20120313,3.89,3.89,3.81,3.87,1128633,15376105.00
20120314,3.91,3.91,3.63,3.66,1697699,22851980.00
20120315,3.65,3.69,3.55,3.58,948434,12193821.00
20120316,3.58,3.66,3.56,3.65,688816,8867844.00
20120319,3.64,3.82,3.63,3.80,1307983,17342636.00
20120320,3.81,3.82,3.72,3.73,1307501,17428996.00
20120321,3.77,3.95,3.70,3.92,2444953,33389244.00
20120322,3.90,3.96,3.86,3.96,2706606,37564660.00
20120323,3.92,3.92,3.76,3.81,1458777,19840244.00
20120326,3.81,3.92,3.77,3.91,1412073,19306538.00
20120327,3.92,4.12,3.89,4.03,3679529,52474456.00
20120328,3.94,4.07,3.81,3.89,2766405,38667948.00
20120329,3.84,3.86,3.54,3.60,1849796,24020210.00
20120330,3.74,3.98,3.72,3.98,2791714,38530052.00
20120405,4.09,4.19,3.95,4.15,5206030,74484216.00
20120406,4.07,4.14,4.01,4.09,3635054,52350344.00
20120409,4.08,4.28,4.06,4.15,3709570,54887420.00
20120410,4.04,4.29,3.96,4.29,2959730,43098232.00
20120411,4.19,4.27,4.13,4.16,2492887,36957524.00
20120412,4.17,4.34,4.14,4.23,3351561,50218864.00
20120413,4.25,4.25,4.09,4.12,2497540,36637164.00
20120416,4.07,4.19,4.07,4.16,1386417,20234576.00
20120417,4.13,4.13,3.99,4.00,1873595,26713134.00
20120418,4.00,4.07,3.99,4.05,1939757,27727996.00
20120419,4.05,4.15,4.04,4.10,1749662,25316668.00
20120420,4.09,4.12,4.02,4.11,2260479,32626502.00
20120424,3.95,3.95,3.69,3.80,2714396,36692360.00
20120425,3.81,3.85,3.73,3.81,1243406,16843430.00
20120426,3.83,3.84,3.78,3.79,880200,11868248.00
20120427,3.77,3.80,3.66,3.72,1556854,20509186.00
20120502,3.75,3.82,3.73,3.82,1077884,14459561.00
20120503,3.82,3.87,3.78,3.86,848055,11488570.00
20120504,3.87,3.92,3.85,3.91,1217927,16806138.00
20120507,3.91,4.12,3.84,4.06,3125750,44038028.00
20120508,4.12,4.13,4.02,4.08,2790363,40281676.00
20120509,4.09,4.32,4.03,4.08,3731978,54882552.00
20120510,4.09,4.13,4.04,4.11,1881689,27212032.00
20120511,4.11,4.17,4.06,4.08,1501518,21807528.00
20120514,4.15,4.15,4.02,4.10,1807812,26079284.00
20120515,4.04,4.07,3.88,3.95,2541585,35539172.00
20120516,3.95,3.96,3.87,3.87,1203534,16674820.00
20120517,3.90,3.97,3.86,3.93,1747129,24200750.00
20120518,3.92,3.92,3.77,3.79,2129581,28899174.00
20120521,3.81,3.85,3.77,3.80,930550,12547878.00
20120522,3.85,3.86,3.80,3.85,967418,13168024.00
20120523,3.85,3.87,3.73,3.81,1307852,17618042.00
20120524,3.77,3.83,3.77,3.80,733016,9869304.00
20120525,3.80,3.82,3.74,3.78,814048,10949024.00
20120528,3.77,3.86,3.70,3.86,1268786,17092768.00
20120529,3.91,3.93,3.84,3.92,1947905,26809042.00
20120530,3.89,4.03,3.88,3.99,2359143,33154598.00
20120531,4.13,4.22,4.06,4.10,5514321,80270088.00
20120601,4.05,4.09,3.95,3.95,3265883,46294720.00
20120604,3.82,3.86,3.70,3.70,3589658,24052378.00
20120605,3.70,3.76,3.61,3.67,2308223,14929363.00
20120606,3.67,3.76,3.64,3.70,1806581,11788650.00
20120607,3.75,3.77,3.63,3.64,1545156,10099239.00
20120608,3.69,3.79,3.64,3.66,2769390,18164282.00
20120611,3.63,3.92,3.63,3.91,4964209,33418128.00
20120612,3.88,3.88,3.75,3.76,2975114,19948500.00
20120613,3.79,3.89,3.78,3.83,2517099,16992734.00
20120614,3.82,3.82,3.68,3.69,2304835,15337975.00
20120615,3.72,3.75,3.65,3.70,1980799,12943405.00
20120618,3.72,3.83,3.72,3.80,3015375,20207462.00
20120619,3.78,4.20,3.77,4.09,24871369,182389520.00
20120620,3.99,4.05,3.90,3.97,17824341,124657992.00
20120621,3.95,4.18,3.91,4.17,13545166,96591352.00
20120625,4.09,4.44,4.07,4.23,18769405,141114176.00
20120626,4.17,4.26,3.99,4.13,8068935,58504776.00
20120627,4.09,4.39,4.04,4.27,14798106,111410688.00
20120628,4.26,4.36,4.19,4.20,9387846,70360688.00
20120629,4.22,4.23,3.98,4.12,6502368,46726552.00
20120702,4.13,4.26,4.09,4.15,5970858,43780796.00
20120703,4.13,4.43,4.09,4.38,14377997,108771336.00
20120704,4.33,4.42,4.23,4.30,8043615,60966256.00
20120705,4.26,4.29,4.09,4.16,5469498,39990512.00
20120706,4.19,4.21,3.97,4.16,6742827,48692956.00
20120709,4.10,4.21,4.07,4.09,5299007,38769780.00
20120710,4.03,4.10,3.79,3.80,6105651,41982300.00
20120711,3.78,3.85,3.74,3.83,2583371,17356744.00
20120712,3.83,3.92,3.74,3.86,2592662,17582542.00
20120713,3.73,3.73,3.46,3.47,10660884,66991184.00
20120716,3.41,3.44,3.27,3.32,3992989,23663226.00
20120717,3.34,3.39,3.29,3.37,2053896,12163287.00
20120718,3.35,3.42,3.30,3.39,2377505,14178713.00
20120719,3.38,3.46,3.34,3.42,2681054,16247030.00
20120720,3.41,3.44,3.34,3.36,1997028,12057810.00
20120723,3.31,3.32,3.24,3.26,2001509,11637906.00
20120724,3.26,3.32,3.24,3.30,1868071,10902791.00
20120725,3.27,3.33,3.26,3.29,1304757,7638119.00
20120726,3.29,3.30,3.23,3.23,1660246,9639988.00
20120727,3.24,3.26,3.16,3.19,1576517,9009061.00
20120730,3.19,3.23,2.97,3.02,2051774,11247860.00
20120731,3.02,3.03,2.91,2.93,1650541,8681092.00
20120801,2.93,3.00,2.93,2.96,1423529,7545941.00
20120802,2.96,2.97,2.90,2.95,1074845,5646360.00
20120803,2.95,3.14,2.94,3.14,3285776,17915800.00
20120806,3.14,3.26,3.07,3.22,2779069,15731677.00
20120807,3.26,3.26,3.15,3.23,2762396,15717046.00
20120808,3.23,3.26,3.16,3.23,2292701,13051241.00
20120809,3.23,3.32,3.19,3.30,3294307,19086330.00
20120810,3.31,3.33,3.24,3.24,2243650,13072467.00
20120813,3.24,3.31,3.18,3.18,1970668,11413087.00
20120814,3.18,3.52,3.15,3.52,4167274,25242126.00
20120815,3.86,3.88,3.76,3.88,18911101,129191080.00
20120816,3.89,4.24,3.82,4.15,36881621,259703072.00
20120817,3.89,4.08,3.85,3.96,19269215,135069872.00
20120820,3.89,4.37,3.89,4.37,17188891,128680248.00
20120821,4.73,4.83,4.63,4.83,58150170,486309600.00
20120822,4.76,5.33,4.69,5.33,57913550,517549760.00
20120823,5.43,5.87,5.39,5.81,66083171,654575744.00
20120824,5.62,5.78,5.42,5.66,47127682,462209376.00
20120827,5.57,5.87,5.43,5.60,42695175,422623840.00
20120828,5.32,5.46,5.06,5.35,41142585,375309504.00
20120829,5.32,5.54,5.16,5.44,40429853,378487392.00
20120830,5.27,5.43,4.88,4.96,41136950,367166400.00
20120831,4.95,5.47,4.93,5.47,43925822,402398016.00
20120903,5.63,5.98,5.27,5.76,57951459,564431680.00
20120904,5.67,6.36,5.64,6.36,69582076,747092736.00
20120905,6.26,6.35,5.97,6.16,51345466,552502336.00
20120906,6.22,6.49,5.97,6.36,48778297,530710624.00
20120907,6.34,6.54,6.17,6.24,46535683,511444896.00
20120910,6.03,6.83,5.89,6.73,60930070,674289472.00
20120911,6.47,7.02,6.47,6.47,52125876,606738624.00
20120912,6.56,6.67,6.27,6.39,28305675,316115296.00
20120913,6.38,6.55,6.11,6.14,27216417,301701216.00
20120914,6.10,6.20,5.85,5.94,25668884,266693648.00
20120917,5.94,6.29,5.86,6.12,29286041,309401056.00
20120918,6.03,6.16,5.70,5.82,21175246,217381344.00
20120919,5.86,5.90,5.70,5.82,14114975,142860752.00
20120920,5.81,5.89,5.38,5.43,18439132,180758720.00
20120921,5.43,5.49,5.00,5.10,23497777,215079232.00
20120924,5.09,5.34,5.04,5.22,19654020,179668608.00
20120925,5.17,5.72,5.14,5.53,34750521,330880224.00
20120926,5.37,5.48,5.07,5.09,23528761,216276880.00
20120927,5.09,5.35,5.09,5.22,18831311,172544464.00
20120928,5.17,5.30,5.16,5.25,15104343,138097136.00
20121008,5.23,5.66,5.22,5.46,25028358,239072688.00
20121009,5.46,6.02,5.39,6.02,43065474,434272288.00
20121010,5.97,6.55,5.86,6.30,54957059,595454976.00
20121011,6.13,6.49,6.00,6.32,40259794,435392544.00
20121012,6.25,6.42,6.12,6.20,29532091,322642048.00
20121015,6.09,6.17,5.85,6.06,22014976,229589680.00
20121016,6.00,6.24,5.97,6.06,19593949,209074384.00
20121017,6.09,6.12,5.89,5.89,16439089,170440288.00
20121018,5.93,6.44,5.92,6.29,34388875,370736992.00
20121019,6.26,6.53,6.13,6.20,32594903,359284064.00
20121022,6.10,6.83,6.03,6.82,48823839,556869248.00
20121023,6.73,6.96,6.56,6.67,43301399,507508768.00
20121024,6.57,6.77,6.20,6.30,35551580,398586816.00
20121025,6.32,6.46,5.94,6.07,26154500,281277792.00
20121026,6.03,6.13,5.60,5.71,20217667,204311184.00
20121029,5.66,5.93,5.62,5.79,13840888,139896128.00
20121030,5.90,6.36,5.88,6.26,34493967,371145344.00
20121031,6.19,6.24,5.95,6.14,23396341,248528112.00
20121101,6.07,6.32,6.04,6.21,20682970,222892192.00
20121102,6.26,6.58,6.21,6.37,31576801,351721600.00
20121105,6.27,6.32,6.12,6.19,18325999,197946400.00
20121106,6.53,6.59,6.17,6.20,27633689,306672768.00
20121107,6.09,6.13,5.98,6.00,17020097,179033792.00
20121108,5.88,5.96,5.72,5.73,14829821,150211008.00
20121109,5.73,5.87,5.73,5.84,10034011,101716120.00
20121112,5.77,6.00,5.77,5.97,12403238,128241240.00
20121113,5.96,6.02,5.62,5.62,12853154,129345936.00
20121114,5.63,5.70,5.27,5.54,13237161,125966576.00
20121115,5.49,5.70,5.42,5.56,12676658,123412424.00
20121116,5.53,5.66,5.47,5.52,8504513,82732816.00
20121119,5.55,5.59,5.30,5.50,8867717,84036480.00
20121120,5.55,5.59,5.39,5.40,8415455,80716488.00
20121121,5.39,5.49,5.17,5.46,12088214,112586024.00
20121122,5.36,5.46,5.27,5.31,7746117,72378208.00
20121123,5.30,5.41,5.22,5.25,8476090,78579728.00
20121126,5.24,5.31,5.00,5.04,9317370,83730040.00
20121127,5.00,5.01,4.52,4.53,13417629,110276000.00
20121128,4.49,4.76,4.33,4.66,17265941,139032800.00
20121129,4.62,4.76,4.44,4.52,13269863,108062536.00
20121130,4.42,4.72,4.42,4.64,12844177,103813888.00
20121203,4.52,4.66,4.36,4.39,9248311,73434960.00
20121204,4.53,4.84,4.46,4.76,22568867,185293520.00
20121205,4.64,5.02,4.63,4.89,27144860,230812976.00
20121206,4.85,5.26,4.77,5.09,24934157,222262192.00
20121207,5.04,5.14,4.92,5.10,23170090,204544336.00
20121210,5.06,5.45,5.00,5.34,25729904,236083648.00
20121211,5.24,5.26,5.13,5.16,17114455,155354064.00
20121212,5.11,5.25,5.07,5.15,12295225,110856616.00
20121213,5.17,5.29,5.03,5.04,11955100,107726856.00
20121214,5.03,5.34,5.03,5.26,20035756,182730368.00
20121217,5.22,5.43,5.22,5.37,21195830,197377024.00
20121218,5.32,5.36,5.19,5.23,14407757,132650416.00
20121219,5.19,5.55,5.16,5.33,26056280,245345168.00
20121220,5.26,5.29,5.10,5.23,16662228,151498960.00
20121221,5.16,5.30,5.11,5.16,14145668,128550912.00
20121224,5.16,5.41,5.09,5.26,18265456,168849984.00
20121225,5.23,5.45,5.17,5.36,23139455,215461472.00
20121226,5.35,5.54,5.32,5.50,24489073,232972592.00
20121227,5.53,5.82,5.43,5.44,31035635,304155456.00
20121228,5.43,5.46,5.23,5.37,16010729,149335264.00
20121231,5.38,5.41,5.29,5.39,10124401,94631136.00
20130104,5.44,5.46,5.27,5.34,10378718,97145544.00
20130107,5.30,5.53,5.30,5.46,14222277,134563920.00
20130108,5.45,5.82,5.39,5.70,32136779,315178752.00
20130109,5.80,5.97,5.51,5.62,30644685,308915872.00
20130110,5.56,5.64,5.50,5.59,14461854,140179344.00
20130111,5.59,5.63,5.31,5.31,14340193,136377216.00
20130114,5.26,5.86,5.23,5.86,27756037,275376160.00
20130115,6.23,6.46,5.99,6.46,70313169,771267328.00
20130116,6.41,6.43,6.07,6.20,39454611,427370304.00
20130117,6.20,6.76,6.14,6.32,55830815,627987456.00
20130118,6.27,6.47,6.06,6.40,29565956,322961728.00
20130121,6.34,6.72,6.17,6.51,32429098,364755648.00
20130122,6.54,6.69,6.20,6.33,27166454,303832384.00
20130123,6.23,6.32,6.01,6.17,19622638,209569328.00
20130124,6.19,6.25,5.87,5.93,18973877,200364080.00
20130125,5.93,6.12,5.93,5.99,12863950,134962144.00
20130128,5.88,6.20,5.88,6.13,12670893,133655584.00
20130129,6.09,6.46,6.09,6.41,24500137,268967744.00
20130130,6.35,6.43,6.20,6.33,16122841,176748544.00
20130131,6.33,6.46,6.20,6.36,18146115,200075168.00
20130201,6.32,6.37,6.18,6.27,14760491,160992960.00
20130204,6.32,6.37,6.03,6.11,11633968,124342288.00
20130205,6.06,6.22,6.00,6.13,9269148,98952328.00
20130206,6.18,6.23,6.12,6.12,8657260,92888400.00
20130207,6.12,6.37,6.07,6.31,17231611,187634816.00
20130208,6.29,6.32,6.16,6.27,10562615,114985584.00
20130218,6.30,6.74,6.26,6.61,30926359,349697760.00
20130219,6.53,6.54,6.32,6.36,19885600,222213872.00
20130220,6.33,6.54,6.28,6.46,14953730,167669552.00
20130221,6.39,6.40,6.17,6.20,13082622,142917088.00
20130222,6.22,6.31,6.16,6.19,9579897,103878736.00
20130225,6.19,6.40,6.19,6.29,11936280,131442792.00
20130226,6.26,6.28,5.85,5.95,17526463,186192864.00
20130227,5.99,6.07,5.87,5.97,8459611,87836400.00
20130228,5.97,6.17,5.91,6.12,12025322,126429464.00
20130301,6.10,6.40,6.02,6.37,24532772,266480960.00
20130304,6.22,6.32,6.02,6.15,15613328,168488224.00
20130305,6.15,6.37,6.14,6.30,13512301,147497600.00
20130306,6.25,6.46,6.25,6.33,17323710,191753392.00
20130307,6.39,6.58,6.27,6.40,23885261,268066816.00
20130308,6.37,7.06,6.33,7.06,39476954,468710592.00
20130311,7.17,7.43,6.92,7.07,62997635,783779776.00
20130312,6.91,7.56,6.86,7.45,52335059,651242560.00
20130313,7.20,7.60,7.00,7.09,40147963,508509600.00
20130314,6.91,7.37,6.86,6.94,27901611,343018688.00
20130315,6.94,7.12,6.62,6.87,24676371,293703136.00
20130318,6.78,7.03,6.63,6.90,19992055,238000912.00
20130319,6.96,7.16,6.70,6.87,18900849,228421312.00
20130320,6.82,7.20,6.74,7.12,24471325,299689536.00
20130321,7.20,7.48,7.10,7.48,36013115,456860224.00
20130322,7.40,7.61,7.30,7.40,28209612,364576800.00
20130325,7.40,7.54,7.22,7.23,18382490,234286304.00
20130326,7.18,7.18,6.92,6.98,16675702,203415904.00
20130327,6.98,7.24,6.89,7.19,21668488,266248128.00
20130328,7.09,7.10,6.62,6.67,18207310,216543280.00
20130329,6.66,6.82,6.53,6.60,12316651,143151488.00
20130401,6.59,6.73,6.56,6.62,8176545,94389256.00
20130402,6.63,6.74,6.39,6.40,12846576,146450432.00
20130403,6.53,6.69,6.45,6.54,11963000,137025120.00
20130408,6.42,6.51,6.15,6.51,10926394,120171768.00
20130409,6.53,6.92,6.50,6.67,13529163,157617360.00
20130410,6.62,6.77,6.49,6.67,10566414,121826544.00
20130411,6.71,6.79,6.60,6.67,9617892,111923632.00
20130412,6.64,6.84,6.63,6.66,10588118,123824944.00
20130415,6.53,6.54,6.24,6.42,10864421,120672288.00
20130416,6.32,6.47,6.26,6.45,6372886,70888416.00
20130417,6.47,6.61,6.44,6.54,7064507,80255784.00
20130418,6.49,6.76,6.45,6.67,12003552,138950784.00
20130419,6.64,6.94,6.59,6.85,17334835,204722848.00
20130422,6.77,7.49,6.72,7.25,32034634,396531776.00
20130423,7.23,7.31,7.04,7.16,24052742,299730912.00
20130424,7.16,7.43,7.09,7.36,24262947,306788480.00
20130425,7.30,7.36,6.87,6.89,21052216,260226000.00
20130426,6.94,7.05,6.65,6.66,11840073,141026544.00
20130502,6.70,6.79,6.56,6.73,11084656,128863848.00
20130503,6.74,7.14,6.72,7.06,20026543,242759072.00
20130506,7.06,7.22,7.02,7.12,16929270,209351248.00
20130507,7.07,7.27,6.94,7.27,24819043,306606688.00
20130508,7.24,7.27,7.15,7.21,17802416,222568784.00
20130509,7.21,7.45,7.13,7.28,23908278,302822944.00
20130510,7.24,7.42,7.04,7.29,20718172,260645184.00
20130513,7.37,7.54,7.32,7.39,20562888,264538448.00
20130514,7.33,7.84,7.27,7.66,38871398,513018624.00
20130515,7.57,7.81,7.47,7.73,29295429,388439648.00
20130516,7.65,8.02,7.50,7.59,34967645,470204128.00
20130517,7.56,7.76,7.42,7.72,22443128,296810528.00
20130520,7.73,8.18,7.65,8.07,31547222,434171072.00
20130521,8.03,8.29,7.90,8.18,28509354,399168864.00
20130522,8.14,8.27,7.94,8.00,21627259,303008544.00
20130523,8.01,8.13,7.84,7.84,18102323,250210976.00
20130524,7.89,8.19,7.87,8.14,19454513,270459264.00
20130527,8.14,8.42,7.96,8.29,46579239,388276096.00
20130528,8.24,8.35,7.98,8.09,33535323,276484032.00
20130529,8.06,8.42,8.00,8.30,39109977,328455200.00
20130530,8.26,8.55,8.18,8.40,36561171,310983296.00
20130531,8.45,9.02,8.33,8.74,53127925,468896576.00
20130603,8.70,8.90,8.49,8.58,37705477,331252736.00
20130604,8.47,8.53,8.26,8.41,23843617,202605312.00
20130605,8.40,8.62,8.31,8.58,21476077,184879568.00
20130606,8.49,8.56,8.36,8.40,17497446,150005280.00
20130607,8.40,8.46,7.55,7.58,45973722,364856192.00
20130613,7.42,7.42,6.91,7.18,17428259,126991856.00
20130614,7.21,7.47,7.19,7.34,16750312,124533216.00
20130617,7.36,7.40,7.19,7.26,15144673,112313752.00
20130618,7.30,7.30,7.08,7.16,15811786,115743920.00
20130619,7.08,7.22,6.90,7.20,19615512,140510848.00
20130620,7.12,7.35,7.01,7.04,18112919,132737720.00
20130621,6.88,7.00,6.54,6.86,15258903,105084576.00
20130624,6.80,6.84,6.16,6.16,17623171,114943512.00
20130625,6.07,6.28,5.53,6.17,21268841,128644688.00
20130626,6.17,6.48,6.03,6.45,20280373,130143072.00
20130627,6.43,6.55,6.13,6.15,20482437,132989032.00
20130628,6.11,6.37,5.98,6.21,13039299,82286424.00
20130701,6.24,6.36,6.18,6.33,11465414,73455992.00
20130702,6.34,6.52,6.25,6.46,18934238,123485496.00
20130703,6.38,6.44,6.18,6.36,18367174,118297136.00
20130704,6.37,6.80,6.29,6.57,29616487,199345072.00
20130705,6.54,6.62,6.40,6.40,18606725,123434768.00
20130708,6.18,6.36,5.89,5.92,15180577,93914368.00
20130709,5.92,6.03,5.90,5.97,7774832,47359144.00
20130710,6.03,6.26,5.95,6.24,15956804,99704400.00
20130711,6.31,6.58,6.27,6.53,22692086,148937648.00
20130712,6.55,6.72,6.36,6.38,21902807,145844128.00
20130715,6.36,6.65,6.35,6.53,14943015,99257688.00
20130716,6.52,6.88,6.47,6.79,25573885,173898048.00
20130717,6.73,6.88,6.51,6.55,20712164,141412960.00
20130718,6.54,6.63,6.41,6.49,13408145,89099120.00
20130719,6.52,6.62,6.18,6.21,12719888,83535824.00
20130722,6.14,6.44,6.06,6.41,9774045,62545044.00
20130723,6.39,6.70,6.38,6.62,16186667,108422752.00
20130724,6.56,6.85,6.46,6.73,23389995,158954576.00
20130725,6.69,6.75,6.50,6.51,14038653,94410552.00
20130726,6.50,6.81,6.44,6.73,19687169,133351376.00
20130729,6.66,7.03,6.60,6.99,34620442,241427968.00
20130730,6.91,6.99,6.68,6.81,21195714,147394384.00
20130731,6.79,6.96,6.67,6.74,14686595,101545592.00
20130801,6.85,7.04,6.81,7.00,29382926,208135584.00
20130802,6.97,7.22,6.90,7.06,31024857,223060688.00
20130805,7.03,7.12,6.99,7.10,17337202,124544992.00
20130806,7.12,7.15,6.93,7.08,21429498,153384912.00
20130807,7.04,7.06,6.88,6.91,16384022,115797696.00
20130808,6.88,6.94,6.79,6.83,11516594,80339768.00
20130809,6.84,7.08,6.66,7.03,23042439,162493232.00
20130812,7.14,7.53,7.03,7.43,43248816,318346944.00
20130813,7.38,7.43,7.26,7.32,22582202,168212256.00
20130814,7.31,7.42,7.24,7.35,18907390,140903888.00
20130815,7.35,7.45,7.26,7.28,19302102,144346560.00
20130816,7.18,7.39,6.86,6.90,22353039,161266976.00
20130819,6.80,7.02,6.78,6.98,9730267,68669224.00
20130820,6.91,7.00,6.71,6.75,15363897,107354184.00
20130821,6.61,6.84,6.61,6.80,12454261,85123560.00
20130822,6.76,6.81,6.68,6.71,8867456,60843112.00
20130823,6.74,6.84,6.50,6.64,11070679,75600984.00
20130826,6.64,6.84,6.61,6.79,9714089,66511636.00
20130827,6.83,6.87,6.73,6.84,8999419,62313148.00
20130828,6.79,6.84,6.62,6.71,11584400,79312800.00
20130829,6.71,6.75,6.46,6.55,13877281,93021432.00
20130830,6.56,6.56,6.17,6.27,13917194,90520632.00
20130902,6.23,6.48,6.22,6.39,9077091,58946504.00
20130903,6.41,6.61,6.31,6.55,10445302,68940464.00
20130904,6.55,6.60,6.45,6.48,9000784,59693256.00
20130905,6.47,6.54,6.42,6.44,8137284,53626728.00
20130906,6.39,6.52,6.36,6.44,9667398,63296496.00
20130909,6.44,6.72,6.40,6.60,15778138,105557304.00
20130910,6.58,6.74,6.54,6.70,16327012,110485152.00
20130911,6.69,6.69,6.29,6.36,19806877,130463952.00
20130912,6.45,6.60,6.38,6.39,12299867,81341520.00
20130913,6.37,6.45,6.29,6.41,8529184,55305076.00
20130916,6.40,6.52,6.40,6.45,7471943,49193460.00
20130917,6.47,6.47,6.24,6.26,7924547,51136864.00
20130918,6.26,6.32,6.20,6.23,5160665,32818830.00
20130923,6.36,6.46,6.34,6.39,7244480,47172756.00
20130924,6.39,6.45,6.34,6.41,8690044,56681064.00
20130925,6.39,6.43,6.22,6.24,10465537,67418056.00
20130926,6.27,6.88,6.27,6.88,41460907,283414880.00
20130927,7.17,7.26,6.72,6.77,55804938,397557184.00
20130930,6.60,7.06,6.53,6.93,30540599,213385184.00
20131008,6.81,7.37,6.70,7.23,40211263,290676928.00
20131009,7.11,7.34,7.08,7.25,33991965,249214416.00
20131010,7.14,7.26,6.95,6.99,25678615,184738576.00
20131011,7.06,7.26,7.06,7.13,23576857,171835184.00
20131014,7.20,7.52,7.14,7.34,35958248,267539072.00
20131015,7.30,7.31,7.08,7.18,21388205,155846848.00
20131016,7.09,7.16,6.87,6.92,14338755,101357408.00
20131017,6.98,7.17,6.94,6.97,14508389,103926712.00
20131018,6.92,7.29,6.88,7.26,24094402,175042912.00
20131021,7.26,7.66,7.18,7.46,39177294,298874272.00
20131022,7.38,7.75,7.36,7.49,34208902,264187600.00
20131023,7.50,7.56,7.06,7.08,23843062,175518864.00
20131024,7.11,7.16,6.94,7.06,10568992,75849544.00
20131025,7.04,7.18,6.96,7.10,10915660,78495816.00
20131028,7.08,7.37,7.05,7.24,15304343,112661144.00
20131029,7.20,7.36,6.50,6.77,20142858,141113408.00
20131030,6.83,7.46,6.60,7.46,26782326,193810528.00
20131031,8.22,8.22,7.79,8.22,119923476,989739072.00
20131101,7.90,8.09,7.58,7.74,67249832,537176704.00
20131104,7.90,8.47,7.80,8.19,76262375,633230400.00
20131105,7.97,8.67,7.89,8.47,75616810,637038144.00
20131106,8.28,9.13,8.19,8.47,87276409,763934400.00
20131107,8.22,8.54,7.98,8.14,45418640,379795200.00
20131108,8.14,8.42,8.03,8.20,33322310,277376320.00
20131111,8.20,8.57,7.98,8.43,40254426,338357408.00
20131112,8.36,8.54,8.14,8.33,32590286,274716192.00
20131113,8.16,8.17,7.68,7.69,34487068,275948704.00
20131114,7.65,7.99,7.38,7.99,34832316,270556128.00
20131115,7.88,8.26,7.78,7.99,36551545,298776576.00
20131118,7.93,8.53,7.93,8.31,40531188,340998880.00
20131119,8.23,8.74,8.19,8.50,41545867,356926880.00
20131120,8.53,8.58,8.32,8.48,27564141,235735136.00
20131121,8.35,8.46,8.13,8.39,30840150,259845648.00
20131122,8.43,8.77,8.31,8.75,53143006,463465216.00
20131125,8.76,8.81,8.50,8.50,32948459,288273856.00
20131126,8.46,8.63,8.27,8.34,26141928,223970144.00
20131127,8.34,8.87,8.24,8.73,35320591,308919712.00
20131128,8.73,8.77,8.56,8.57,26485266,232413552.00
20131129,8.57,8.72,8.40,8.53,23889725,206972176.00
20131202,8.28,8.33,7.67,7.73,35299072,287312032.00
20131203,7.78,7.97,7.74,7.95,12941832,103784088.00
20131204,7.94,8.22,7.91,8.11,15554056,127942072.00
20131205,8.45,8.64,8.23,8.27,25159257,215417856.00
20131206,8.48,9.11,8.39,9.11,60566478,539007104.00
20140121,9.19,10.03,8.33,9.47,55572082,521580416.00
20140122,9.24,10.43,9.13,10.22,61107249,620059648.00
20140123,10.04,10.47,9.91,10.00,44310267,456308064.00
20140124,9.88,10.12,9.68,9.76,32393724,324406720.00
20140127,9.68,9.91,9.53,9.62,25452798,250693456.00
20140128,9.85,10.35,9.76,10.15,41275474,420479008.00
20140129,9.99,10.06,9.68,9.88,26464624,263817936.00
20140130,9.78,10.08,9.66,9.78,16451761,163953856.00
20140207,9.66,9.95,9.65,9.92,14727826,146685184.00
20140210,9.92,10.38,9.83,10.23,31557697,323896704.00
20140211,10.19,10.46,9.83,9.84,31804691,325249504.00
20140212,9.73,9.92,9.66,9.87,20754225,205641472.00
20140213,9.92,9.98,9.53,9.55,17927336,176291344.00
20140214,9.59,9.79,9.56,9.76,12502068,122923800.00
20140217,9.80,10.08,9.74,10.06,21564015,217654752.00
20140218,10.03,10.25,9.97,10.05,20986300,214429376.00
20140219,10.01,11.03,9.98,10.82,49310379,530262944.00
20140220,10.66,11.33,10.36,10.48,46247813,511794080.00
20140221,10.36,10.59,9.94,10.19,23571347,243276208.00
20140224,10.15,10.75,10.02,10.72,27678501,291734720.00
20140225,10.76,10.98,9.89,10.04,26179909,277922752.00
20140226,9.90,9.90,9.28,9.82,19191420,187512624.00
20140227,9.79,10.10,9.69,9.79,15778548,158077616.00
20140228,9.64,9.80,8.98,9.38,19009913,180078576.00
20140303,9.36,9.61,9.33,9.53,11736103,112444464.00
20140304,9.46,9.46,9.12,9.28,12829348,120648400.00
20140305,9.28,9.49,9.19,9.32,11552746,109160016.00
20140306,9.28,9.74,8.99,9.63,19328162,183462864.00
20140307,9.59,10.07,9.53,9.88,24902292,248850704.00
20140310,9.80,10.15,9.46,9.46,18840724,187459856.00
20140311,9.33,9.46,8.56,9.01,20389523,187622688.00
20140312,8.96,8.96,8.47,8.72,13407125,118533528.00
20140313,8.74,8.85,8.66,8.76,6999558,62077800.00
20140314,8.73,8.73,8.39,8.48,8967165,77766528.00
20140317,8.60,8.91,8.48,8.88,11513138,101919408.00
20140318,8.96,8.98,8.76,8.81,9773158,87887064.00
20140319,8.77,9.32,8.63,9.26,20229806,184574032.00
20140320,9.14,9.31,8.73,8.73,12026662,111075912.00
20140321,8.71,9.08,8.53,8.92,9639599,86097344.00
20140324,8.85,8.98,8.73,8.98,9927945,89275952.00
20140325,9.27,9.68,9.21,9.29,20372712,193655840.00
20140326,9.13,9.46,9.10,9.34,11452195,107476584.00
20140327,9.29,9.53,9.13,9.44,15574068,147478896.00
20140328,9.38,9.53,9.13,9.13,12527621,118729456.00
20140331,9.06,9.06,8.46,8.54,13640161,119578008.00
20140401,8.54,8.71,8.39,8.62,7033426,61381412.00
20140402,8.68,8.75,8.43,8.48,8236765,71592640.00
20140403,8.56,8.60,8.38,8.50,6770856,58320288.00
20140404,8.48,8.63,8.44,8.59,4382333,37995756.00
20140408,8.60,8.74,8.54,8.70,5869301,51499724.00
20140409,8.75,8.80,8.68,8.77,7555513,66951740.00
20140410,8.75,8.98,8.74,8.83,9427288,84769944.00
20140411,8.72,8.83,8.53,8.61,8523422,74827656.00
20140414,8.54,8.71,8.54,8.66,6104803,53470172.00
20140415,8.70,8.72,8.51,8.59,6811030,59195924.00
20140416,8.62,8.63,8.45,8.53,4682434,40445800.00
20140417,8.59,8.78,8.53,8.71,9290531,81718496.00
20140418,8.71,9.07,8.64,9.05,16229836,146166688.00
20140421,8.93,8.99,8.63,8.65,11837909,106225088.00
20140422,8.65,8.71,8.47,8.55,7653927,66333276.00
20140423,8.57,8.66,8.48,8.55,4237349,36881004.00
20140424,8.55,8.63,8.41,8.47,4424637,38298892.00
20140425,8.49,8.53,7.94,7.98,10403615,86320760.00
20140428,7.99,8.03,7.33,7.37,8872676,67977032.00
20140429,7.37,7.55,7.30,7.51,5486792,41601056.00
20140430,7.51,7.56,7.40,7.50,4684187,35586572.00
20140505,7.51,7.67,7.45,7.63,4472662,34282488.00
20140506,7.63,7.73,7.60,7.65,4345095,33821932.00
20140507,7.61,7.66,7.42,7.45,5448909,41365900.00
20140508,7.45,7.60,7.35,7.44,3648074,27744698.00
20140509,7.44,7.44,7.14,7.15,5884727,43386612.00
20140512,7.24,7.47,7.20,7.41,7682285,57525892.00
20140513,7.40,8.16,7.38,7.79,19653756,157447200.00
20140514,7.64,7.77,7.57,7.66,8771252,68280024.00
20140515,7.64,7.88,7.57,7.86,11797101,92740816.00
20140516,7.76,8.35,7.70,8.09,20557162,168936128.00
20140519,8.04,8.24,7.71,7.98,15336953,124132144.00
20140520,7.92,8.11,7.74,7.78,11087263,88937176.00
20140521,7.71,7.88,7.70,7.80,6256560,49512824.00
20140522,7.78,8.00,7.68,7.70,8557162,68256768.00
20140523,7.68,7.72,7.56,7.65,8129621,63029156.00
20140526,7.65,7.84,7.62,7.76,8542927,67015976.00
20140527,7.73,7.88,7.57,7.60,7004658,54778584.00
20140528,7.60,7.74,7.54,7.71,7286211,56652648.00
20140529,7.71,7.78,7.56,7.56,6536258,50835072.00
20140530,7.57,7.79,7.57,7.66,6814649,53231768.00
20140603,7.65,7.83,7.65,7.77,8431224,66357144.00
20140604,7.72,8.04,7.65,7.92,14471362,115378496.00
20140605,7.88,7.95,7.78,7.93,9355259,74911792.00
20140606,8.06,8.48,8.04,8.07,22051761,183971024.00
20140609,7.95,8.06,7.83,7.85,9999231,80546080.00
20140610,7.86,7.94,7.74,7.92,6135049,48940836.00
20140611,7.95,8.05,7.85,8.01,7944661,64338792.00
20140612,7.99,8.07,7.94,7.97,6395277,51986356.00
20140613,7.97,8.09,7.94,8.04,7107783,57976892.00
20140616,8.11,8.35,8.06,8.25,14768402,123383656.00
20140617,8.18,8.28,8.07,8.12,8867491,73484520.00
20140618,8.12,8.34,8.11,8.28,11947072,100168360.00
20140619,8.26,8.32,7.79,7.79,9701482,78986192.00
20140620,7.69,7.90,7.58,7.86,9781768,76584672.00
20140623,7.83,7.97,7.83,7.92,6378799,50990296.00
20140624,7.90,8.15,7.85,8.05,9359212,75935040.00
20140625,8.01,8.14,7.95,8.11,9668764,78894624.00
20140626,8.17,8.27,8.13,8.17,11405912,94492312.00
20140627,8.13,8.30,8.11,8.18,8928169,74041024.00
20140630,8.17,8.23,8.01,8.11,9200656,75431968.00
20140701,8.16,8.27,8.07,8.20,10047258,83104368.00
20140702,8.21,8.21,8.04,8.11,9607411,78899816.00
20140703,8.04,8.09,7.93,7.99,12752400,103061608.00
20140704,7.92,8.16,7.92,8.16,13840679,112969504.00
20140707,8.12,8.24,8.04,8.20,12252406,100902024.00
20140708,8.19,8.35,8.01,8.31,18423104,153294848.00
20140709,8.27,8.47,8.17,8.20,17436720,146822448.00
20140710,8.19,8.35,8.06,8.20,10902859,90208288.00
20140711,8.24,8.44,8.23,8.30,11722372,98741752.00
20140714,8.26,8.41,8.24,8.40,11266308,95042464.00
20140715,8.41,8.47,8.31,8.45,11245497,95381968.00
20140716,8.44,8.44,8.12,8.13,12805931,106651480.00
20140717,8.19,8.22,8.04,8.17,8674044,71246296.00
20140718,8.16,8.19,8.04,8.05,10401220,85459352.00
20140721,8.05,8.08,7.81,7.85,10364750,82853040.00
20140722,7.87,8.01,7.86,7.97,7315876,58752936.00
20140723,7.99,8.02,7.86,7.88,7463729,59939128.00
20140724,7.92,8.00,7.60,7.74,10264474,80291864.00
20140725,7.69,7.83,7.69,7.81,6519181,51145452.00
20140728,7.86,7.99,7.82,7.98,9597788,76963992.00
20140729,7.97,8.05,7.92,7.99,8701496,70333784.00
20140730,7.99,8.34,7.99,8.21,21712787,180555392.00
20140731,8.24,8.26,8.13,8.22,11063846,91677296.00
20140801,8.20,8.28,8.04,8.06,10850268,89531304.00
20140804,8.14,8.24,8.10,8.23,9538889,78877880.00
20140805,8.24,9.06,8.18,9.06,46856893,412306496.00
20140806,9.04,9.19,8.76,9.03,59231451,537319168.00
20140807,8.94,8.98,8.71,8.80,26341162,236128672.00
20140808,8.73,9.11,8.71,8.87,25315300,228574672.00
20140811,8.81,9.05,8.74,8.97,18417103,165835520.00
20140812,8.98,9.39,8.83,9.31,38520068,354435008.00
20140813,9.22,9.46,9.12,9.27,32694435,306994400.00
20140814,9.23,9.41,9.12,9.30,25817775,241118576.00
20140815,9.24,9.36,9.14,9.19,15623636,145512944.00
20140818,9.18,9.36,9.15,9.27,20258457,190140608.00
20140819,9.31,9.38,9.16,9.21,17544656,163760928.00
20140820,9.17,9.28,9.11,9.14,14859776,138092992.00
20140821,9.16,9.19,8.76,8.96,20487810,185106000.00
20140822,8.94,9.31,8.87,9.28,24456218,226286032.00
20140825,9.36,9.38,9.18,9.28,17458840,163928576.00
20140826,9.26,9.29,8.90,9.03,13714796,125787976.00
20140827,9.04,9.14,8.96,9.09,8804798,80627144.00
20140828,9.24,9.87,9.24,9.40,38396976,367714528.00
20140829,9.26,9.36,9.07,9.32,18220264,169634352.00
20140901,9.31,9.53,9.24,9.47,19153339,182594848.00
20140902,9.46,9.73,9.46,9.48,21142887,204078128.00
20140903,9.50,9.68,9.36,9.58,24093558,231300080.00
20140904,9.57,9.57,9.40,9.51,16821782,160812544.00
20140905,9.53,9.55,9.30,9.44,27810283,263612480.00
20140909,9.31,9.38,9.23,9.36,16241872,152774464.00
20140910,9.34,9.44,9.23,9.38,12565392,118763472.00
20140911,9.37,9.62,9.32,9.50,23999299,229581952.00
20140912,9.50,10.36,9.46,9.82,42766200,427285984.00
20140915,9.73,10.11,9.73,10.02,34995858,351281056.00
20140916,9.96,10.02,9.41,9.43,26970695,266180672.00
20140917,9.52,10.01,9.43,9.76,20785468,203922528.00
20140918,9.86,10.65,9.81,10.36,58504708,601555392.00
20140919,10.29,10.44,10.01,10.16,28011848,287405152.00
20140922,10.08,10.33,9.89,10.08,24687192,252530288.00
20140923,10.08,10.22,9.97,10.11,19236140,195470672.00
20140924,10.06,10.26,9.99,10.13,21306034,217838704.00
20140925,10.14,10.21,9.85,9.91,24177097,245101072.00
20140926,9.84,10.09,9.82,9.98,16455442,165556736.00
20140929,9.98,10.11,9.89,9.97,15581363,157273472.00
20140930,9.96,10.08,9.94,10.07,13132729,132651688.00
20141008,10.16,10.28,10.05,10.27,19634354,201496928.00
20141009,10.28,10.31,10.00,10.09,16593536,170010048.00
20141010,10.10,10.27,10.03,10.14,16394137,168196544.00
20141013,10.12,10.46,10.07,10.39,22493181,233507488.00
20141014,10.49,10.54,10.18,10.33,23599353,246519680.00
20141015,10.26,10.28,9.85,10.06,20884491,211830208.00
20141016,9.98,10.00,9.67,9.70,19230570,192008560.00
20141017,9.69,9.76,9.21,9.42,13364095,127799184.00
20141020,9.46,9.66,9.43,9.62,7545168,72962712.00
20141021,9.68,9.78,9.42,9.49,9428064,91669768.00
20141022,9.49,9.59,9.29,9.32,6708226,64099276.00
20141023,9.26,9.37,8.97,9.09,9734161,89944296.00
20141024,9.09,9.24,9.05,9.13,5568606,51465712.00
20141027,9.14,9.23,9.05,9.17,5461589,50475808.00
20141028,9.18,9.36,9.18,9.36,6420889,60255324.00
20141029,9.42,9.52,9.31,9.44,9118218,86504480.00
20141030,9.46,9.51,9.38,9.41,9690767,92546264.00
20141031,9.37,9.44,9.09,9.18,10833180,100969496.00
20141103,9.21,9.29,9.13,9.28,7782206,72518200.00
20141104,9.30,9.30,9.06,9.08,8937963,82673776.00
20141105,9.10,9.35,8.85,9.28,17668373,161875648.00
20141106,9.20,9.26,9.00,9.15,12287595,113109368.00
20141107,9.15,9.19,8.92,8.99,10102219,92388344.00
20141110,8.93,9.10,8.93,9.07,6894864,62847900.00
20141111,9.06,9.10,8.51,8.65,13262984,117794800.00
20141112,8.61,8.73,8.58,8.73,7840738,68554488.00
20141113,8.76,8.77,8.41,8.47,8940659,77040136.00
20141114,8.42,8.49,8.30,8.41,7615847,64645592.00
20141117,8.47,8.55,8.31,8.52,6074351,52082992.00
20141118,8.54,8.70,8.48,8.63,6807006,59302732.00
20141119,8.66,8.74,8.52,8.66,6102487,53272716.00
20141120,8.64,8.95,8.63,8.83,14194927,126921832.00
20141121,8.76,8.89,8.71,8.81,8726986,77541584.00
20141124,8.86,8.88,8.73,8.81,10261942,91278072.00
20141125,8.81,8.99,8.80,8.97,12040712,108324472.00
20141126,8.96,8.99,8.81,8.93,11967317,107551208.00
20141127,8.94,9.00,8.82,8.88,12741541,114597712.00
20141128,8.80,8.82,8.51,8.60,20107793,175250256.00
20141201,8.61,8.61,8.45,8.49,8957945,76911912.00
20141202,8.53,8.68,8.53,8.66,10290847,89782504.00
20141203,8.73,8.91,8.62,8.90,18697539,165599424.00
20141204,8.94,9.01,8.87,8.95,21251191,191910560.00
20141205,8.96,8.96,8.41,8.58,17853000,157003760.00
20141209,8.91,9.16,8.59,8.61,30115538,271161888.00
20141210,8.51,8.99,8.43,8.96,13620949,120784152.00
20141211,8.82,9.13,8.82,9.09,21471965,195888688.00
20141212,9.00,9.15,8.99,9.06,14908949,136473600.00
20141215,9.06,9.27,9.01,9.17,16233455,150293504.00
20141216,9.13,9.25,9.02,9.17,16963676,156273728.00
20141217,9.17,9.17,8.93,8.97,11891417,108237240.00
20141218,8.97,9.04,8.90,8.99,11841593,107457576.00
20141219,8.98,8.98,8.56,8.71,12714336,111856256.00
20141222,8.63,8.64,7.96,7.97,15236862,126051344.00
20141223,7.95,8.21,7.89,8.02,6114576,49897380.00
20141224,8.04,8.18,8.02,8.14,4728921,38801024.00
20141225,8.14,8.22,8.03,8.12,5958282,48797568.00
20141226,8.15,8.15,7.94,8.04,13096388,106167872.00
20141229,8.07,8.07,7.70,7.74,10357155,81959952.00
20141230,7.73,7.86,7.71,7.74,5323696,41854108.00
20141231,7.76,7.83,7.51,7.82,7571064,58864000.00
20150105,7.78,7.99,7.64,7.90,9753027,77247032.00
20150603,8.70,8.70,8.70,8.70,194025,1705479.75
20150604,9.58,9.58,9.58,9.58,212128,2051277.75
20150605,10.55,10.55,10.55,10.55,105153,1118827.88
20150608,11.61,11.61,11.61,11.61,340243,3980843.00
20150609,12.78,12.78,12.78,12.78,271195,3490279.75
20150610,14.07,14.07,14.07,14.07,270255,3826810.75
20150611,15.49,15.49,15.49,15.49,700833,10918978.00
20150612,17.05,17.05,17.05,17.05,798031,13678251.00
20150615,18.76,18.76,18.76,18.76,4210027,79359008.00
20150616,19.11,20.65,18.04,20.65,121755454,2423046656.00
20150617,19.01,19.65,18.58,18.76,75280133,1430130688.00
20150618,18.76,18.76,16.88,16.88,45776531,819020736.00
20150619,16.28,16.56,15.18,15.18,39350149,629576384.00
20150623,15.31,16.31,14.91,16.27,41448991,653000128.00
20150624,16.18,16.36,15.73,16.13,36207856,582895680.00
20150625,16.13,17.13,15.91,16.58,45290908,748418432.00
20150626,15.81,16.01,14.91,14.91,23856862,367607008.00
20150629,15.31,15.37,13.41,13.41,27347489,389105376.00
20150630,12.73,14.29,12.06,13.92,32292265,420347040.00
20150701,13.62,14.26,12.53,12.74,29908100,410047424.00
20150702,12.76,13.03,11.46,11.46,26527248,319849568.00
20150703,10.96,11.60,10.31,10.31,32340583,345777440.00
20150706,11.33,11.33,9.27,9.27,33186349,335535264.00
20150707,8.74,9.18,8.34,8.34,15305733,132234688.00
20150714,9.18,9.18,9.18,9.18,366012,3381951.00
20150715,10.10,10.10,9.90,10.10,60984007,619207680.00
20150716,9.84,10.89,9.45,10.54,60489982,632677120.00
20150717,10.64,11.60,10.49,11.60,42204433,472874176.00
20150720,12.02,12.77,11.64,12.77,47085680,574995840.00
20150721,12.54,12.62,11.49,11.91,229156825,2719335424.00
20150722,11.44,11.99,11.35,11.72,107768932,1261945472.00
20150723,11.64,12.90,11.50,12.90,120142900,1492042496.00
20150724,13.28,14.14,12.64,13.23,127985027,1724770432.00
20150727,12.74,13.28,11.90,11.90,90345992,1142735872.00
20150728,11.00,12.04,10.70,10.70,83587891,922266432.00
20150729,11.23,11.67,10.54,11.63,72044585,812086336.00
20150730,11.35,11.69,10.74,10.78,63568778,726076416.00
20150731,10.54,10.91,9.80,10.12,47628843,499485600.00
20150803,9.94,10.03,9.16,9.38,39634740,381605824.00
20150804,9.50,10.32,9.50,10.32,37382584,375724992.00
20150805,10.62,10.82,10.14,10.35,56070995,593346816.00
20150806,9.94,10.73,9.82,10.42,37411700,391428576.00
20150807,10.56,10.92,10.56,10.82,44249827,478551584.00
20150810,10.98,11.67,10.54,11.45,61865966,695700480.00
20150811,11.29,11.88,11.16,11.51,66437831,761887040.00
20150812,11.29,11.50,10.84,10.88,41187139,464439488.00
20150813,10.84,11.29,10.73,11.23,37707942,417403840.00
20150814,11.40,11.61,11.27,11.31,53759466,617377856.00
20150817,11.24,11.93,11.02,11.65,55589148,638981056.00
20150818,11.64,12.74,11.01,11.21,121861444,1468195968.00
20150819,10.49,12.23,10.49,11.97,76001673,864595648.00
20150820,11.79,12.41,11.52,11.64,79934447,964979392.00
20150821,11.34,11.56,10.47,10.47,52150405,573274048.00
20150824,9.73,9.94,9.42,9.42,22530300,215148736.00
20150825,8.47,8.78,8.47,8.47,30424764,260690240.00
20150826,8.48,8.69,7.62,7.62,58730129,476841728.00
20150827,7.95,8.04,6.99,7.90,44039784,340181472.00
20150828,8.04,8.53,7.84,8.49,52869975,433495712.00
20150831,8.43,8.80,8.25,8.34,50967447,438703584.00
20150901,8.34,8.63,7.50,7.50,42862989,343716256.00
20150902,6.80,7.69,6.75,6.75,42350978,302159584.00
20150907,6.95,7.34,6.89,7.04,33691403,241948304.00
20150908,7.02,7.59,6.96,7.56,29893577,217483936.00
20150909,7.67,8.00,7.60,7.90,45939473,360698688.00
20150910,7.75,7.88,7.48,7.56,28068562,218232464.00
20150911,7.65,7.77,7.48,7.65,26309836,202491248.00
20150914,7.74,7.78,6.88,6.88,33808209,247097600.00
20150915,6.63,6.70,6.19,6.19,30774795,198370416.00
20150916,6.23,6.82,6.17,6.80,29591002,192114608.00
20150917,6.70,7.03,6.53,6.53,38313254,261487248.00
20150918,6.57,6.71,6.43,6.61,23110120,152969280.00
20150921,6.49,6.95,6.45,6.91,28326860,192729424.00
20150922,7.00,7.26,6.84,7.09,39718881,281623456.00
20150923,6.99,7.03,6.83,6.86,26527999,185511056.00
20150924,6.90,7.12,6.84,7.10,27617123,194879680.00
20150925,7.02,7.10,6.60,6.69,25189799,173967152.00
20150928,6.64,6.87,6.56,6.83,17718295,120523344.00
20150929,6.67,6.75,6.54,6.59,15674894,105051840.00
20150930,6.67,6.83,6.62,6.66,15615635,105691240.00
20151008,7.06,7.12,6.89,6.99,26456796,186888432.00
20151009,7.01,7.23,6.94,7.16,29501572,211469920.00
20151012,7.21,7.88,7.21,7.88,60041203,460427296.00
20151013,7.79,8.02,7.73,7.92,45093245,357732224.00
20151014,7.91,8.08,7.73,7.75,38288086,305540064.00
20151015,7.71,8.17,7.66,8.17,43963947,353931904.00
20151016,8.24,8.29,7.97,8.20,41032843,336245632.00
20151019,8.16,8.60,8.00,8.50,59489974,495970272.00
20151020,8.41,8.66,8.18,8.52,48878692,413386688.00
20151021,8.49,8.71,7.66,7.66,56444042,466366880.00
20151022,7.56,8.43,7.56,8.22,53276941,428353760.00
20151023,8.14,8.37,8.04,8.24,48903212,405220000.00
20151026,8.36,8.72,8.30,8.48,61686238,529968224.00
20151027,8.42,8.80,7.99,8.71,49958320,421330848.00
20151028,8.62,9.57,8.58,9.04,86517526,785788288.00
20151029,9.13,9.24,8.65,8.87,53090134,475990752.00
20151030,8.79,8.89,8.54,8.67,31548935,276403968.00
20151102,7.80,8.23,7.80,7.85,59430749,478664512.00
20151109,8.04,8.64,8.00,8.64,86504193,726513088.00
20151110,8.64,9.44,8.55,8.97,106082533,959059392.00
20151111,8.93,9.21,8.73,9.00,59985902,539898560.00
20151112,9.06,9.08,8.69,8.94,50716520,455046176.00
20151113,8.82,9.52,8.75,9.18,73044222,675104192.00
20151116,9.18,9.72,8.92,9.59,60550397,566499584.00
20151117,9.71,9.91,9.30,9.62,69276034,667417984.00
20151118,9.61,9.61,9.07,9.15,40292560,379733408.00
20151119,9.23,9.50,9.17,9.41,33233153,313076064.00
20151120,9.45,9.51,9.29,9.38,34252695,323467040.00
20151123,9.37,9.46,9.13,9.17,31311745,294299008.00
20151124,9.14,9.28,8.96,9.28,24666377,226406656.00
20151125,9.27,9.42,9.23,9.40,29511792,277766304.00
20151126,9.44,9.74,9.35,9.55,47138000,452994656.00
20151127,9.51,9.70,8.59,8.62,45206475,419467328.00
20151130,8.80,9.46,8.19,9.30,42423602,380081216.00
20151201,9.30,9.73,9.11,9.73,39329494,372217984.00
20151202,9.60,9.97,9.35,9.67,40246864,391018656.00
20151203,9.67,10.33,9.59,10.11,62144130,630201152.00
20151204,9.94,10.44,9.86,10.01,50919150,519567520.00
20151207,9.99,10.20,9.74,10.10,32649719,328749024.00
20151208,9.97,9.97,9.44,9.47,33238014,323696416.00
20151209,9.44,9.55,9.13,9.19,26338413,246499968.00
20151210,9.23,9.42,9.12,9.13,20160510,187759312.00
20151211,9.06,9.12,8.82,8.97,17492066,157902144.00
20151214,8.94,9.34,8.84,9.34,15944174,146777104.00
20151215,9.32,9.48,9.27,9.34,16100171,151718720.00
20151216,9.40,9.68,9.40,9.45,20055410,192742672.00
20151217,9.46,9.72,9.46,9.64,23916098,230994432.00
20151218,9.64,9.79,9.44,9.50,20950890,202170080.00
20151221,9.44,9.88,9.30,9.67,31253661,300558592.00
20151222,9.64,10.14,9.58,10.05,47125743,470081344.00
20151223,9.99,10.06,9.75,9.79,34776250,347282208.00
20151224,9.77,10.30,9.70,10.22,46794540,474949440.00
20151225,10.22,10.30,10.02,10.28,34872292,356369088.00
20151228,10.19,10.67,9.94,9.94,52986924,552296256.00
20151229,9.89,10.44,9.77,10.44,37182660,379694752.00
20151230,10.37,10.61,10.22,10.34,32630517,340576064.00
20151231,10.34,10.42,9.92,9.92,27723517,282159744.00
20160104,9.90,10.09,8.92,8.92,21600333,206356352.00
20160105,8.14,9.16,8.14,8.86,24251458,213422016.00
20160106,9.02,9.30,8.98,9.20,22513312,207174992.00
20160107,8.94,9.02,8.27,8.28,7190209,61837080.00
20160108,8.59,8.67,7.62,8.31,23322178,195661792.00
20160111,8.09,8.11,7.47,7.47,27172397,212012768.00
20160112,7.51,7.64,7.09,7.42,18284708,136100544.00
20160113,7.51,7.59,7.03,7.03,16021800,118709816.00
20160114,6.82,7.34,6.79,7.28,17254901,122253024.00
20160115,7.20,7.32,6.66,6.70,16938975,119949416.00
20160118,6.59,7.00,6.54,6.91,13401314,92569464.00
20160119,6.86,7.22,6.86,7.19,15062752,107148584.00
20160120,7.13,7.22,6.98,7.14,14840344,106525144.00
20160121,7.03,7.21,6.70,6.70,15284877,108011912.00
20160122,6.84,6.94,6.60,6.86,12046784,82423360.00
20160125,7.03,7.06,6.84,6.95,10985734,77200192.00
20160126,6.86,6.91,6.25,6.25,17959327,118958032.00
20160127,6.34,6.34,5.64,6.03,21871514,131692976.00
20160128,5.94,6.03,5.54,5.61,15445470,90966144.00
20160129,5.63,6.02,5.47,5.92,21281203,123904032.00
20160201,5.87,5.93,5.67,5.91,18609111,109755072.00
20160202,5.89,6.17,5.88,6.10,14944699,91695688.00
20160203,6.00,6.21,5.94,6.16,13322376,81930064.00
20160204,6.24,6.78,6.24,6.69,28349399,189146128.00
20160205,6.56,6.71,6.47,6.48,16321203,108014824.00
20160215,6.13,6.53,6.08,6.40,14826934,94763752.00
20160216,6.48,6.73,6.47,6.68,13764560,92362104.00
20160217,6.73,6.93,6.65,6.80,15832339,108532432.00
20160218,6.88,6.92,6.69,6.71,14264401,98164392.00
20160219,6.64,6.83,6.64,6.83,10821642,73602536.00
20160222,6.91,6.99,6.84,6.94,15042035,104849768.00
20160223,6.94,7.17,6.90,7.14,25367486,180243680.00
20160224,7.02,7.19,6.86,7.18,19727678,140366976.00
20160225,7.11,7.11,6.46,6.46,20888417,141863568.00
20160226,6.65,6.67,6.24,6.53,14323498,93895704.00
20160229,6.46,6.53,5.87,6.09,14367344,88140592.00
20160301,6.10,6.34,6.02,6.27,8916439,55657180.00
20160302,6.33,6.72,6.27,6.70,13634479,89956488.00
20160303,6.73,6.98,6.69,6.80,17258333,118919400.00
20160304,6.82,6.94,6.56,6.65,15177260,103806872.00
20160307,6.92,7.04,6.82,7.02,15396276,107399144.00
20160308,7.02,7.08,6.66,7.06,19076518,132023192.00
20160309,6.84,6.93,6.72,6.80,11144853,76744696.00
20160310,6.84,6.92,6.63,6.64,8137550,55532340.00
20160311,6.56,6.62,6.41,6.55,7734030,50905448.00
20160314,6.64,6.94,6.62,6.78,12224330,84029960.00
20160315,6.73,6.90,6.72,6.84,10452612,71806784.00
20160316,6.87,6.97,6.74,6.79,9677490,66762696.00
20160317,6.86,7.00,6.78,6.96,16041697,111953856.00
20160318,6.94,7.21,6.94,7.17,22436433,160609488.00
20160321,7.23,7.39,7.19,7.34,23232199,170803056.00
20160322,7.34,7.42,7.07,7.19,28874613,210261488.00
20160323,7.11,7.33,7.11,7.25,16528773,120439440.00
20160324,7.19,7.58,7.00,7.32,32929117,245188336.00
20160325,7.25,7.65,7.22,7.64,22201051,167262688.00
20160328,7.69,7.83,7.40,7.49,23262939,179160944.00
20160329,7.47,7.55,7.20,7.27,11560605,85507088.00
20160330,7.34,7.52,7.26,7.49,12699224,94871000.00
20160331,7.47,7.52,7.34,7.37,15443461,115843424.00
20160401,7.39,7.67,7.32,7.61,18228159,137491232.00
20160405,7.64,8.01,7.53,7.95,24250050,190889152.00
20160406,7.89,8.10,7.82,8.04,18116928,145545824.00
20160407,8.14,8.24,7.87,7.98,20176023,163878720.00
20160408,7.97,8.13,7.74,8.13,18038988,143720912.00
20160411,8.17,8.51,8.06,8.37,19378545,163061552.00
20160412,8.35,8.43,8.19,8.33,12091530,100986520.00
20160413,8.33,8.74,8.33,8.63,21882839,189436640.00
20160414,8.71,8.82,8.53,8.72,13638922,119189368.00
20160415,8.75,9.33,8.64,9.14,32161723,291537088.00
20160418,9.02,9.69,8.79,9.48,37723207,352246496.00
20160419,9.40,9.56,9.14,9.29,23626222,221383824.00
20160420,9.24,9.54,8.36,8.62,44781762,400011360.00
20160421,8.63,8.78,8.34,8.41,23396226,202275328.00
20160422,8.48,8.57,8.26,8.48,14829346,126033016.00
20160425,8.42,8.65,8.34,8.64,14374257,123348544.00
20160426,8.52,8.79,8.39,8.73,17564478,151918112.00
20160427,8.73,9.21,8.67,8.75,20060536,180259920.00
20160428,8.78,8.82,8.42,8.72,17450818,151868288.00
20160429,8.72,9.01,8.55,8.95,14222782,126055952.00
20160503,8.96,9.37,8.81,9.29,19063625,175170800.00
20160504,9.30,9.40,9.05,9.13,17229145,160434224.00
20160505,9.04,9.32,9.04,9.12,13072990,120788080.00
20160506,9.20,9.27,8.20,8.20,52351900,445940224.00
20160509,7.99,7.99,7.39,7.57,34258893,263621744.00
20160510,7.53,7.70,7.23,7.40,13986330,105649152.00
20160511,7.50,7.52,6.90,7.08,24018852,173405424.00
20160512,6.96,7.16,6.84,7.13,10573660,75094976.00
20160513,7.14,7.24,6.90,6.99,9947250,71048168.00
20160516,7.02,7.36,6.99,7.34,13181253,95686624.00
20160517,7.29,7.72,7.29,7.57,17361327,131383992.00
20160518,7.49,7.54,7.09,7.25,12074883,88776072.00
20160519,7.26,7.44,7.24,7.29,8818042,65258736.00
20160520,7.24,7.52,7.13,7.47,9149789,68331384.00
20160523,7.45,7.54,7.41,7.49,7565410,57012244.00
20160524,7.47,7.54,7.22,7.45,9829945,73221256.00
20160525,7.45,7.53,7.30,7.30,6617944,49442532.00
20160526,7.27,7.35,7.04,7.27,8024568,58043352.00
20160527,7.26,7.27,7.04,7.19,7934414,57332840.00
20160530,7.14,7.20,7.01,7.10,6421542,46049936.00
20160531,7.13,7.45,7.13,7.44,10619390,78494248.00
20160601,7.49,7.77,7.42,7.70,15592124,120027176.00
20160602,7.71,7.82,7.57,7.71,10702845,83074672.00
20160603,7.65,7.77,7.59,7.75,9588264,74246136.00
20160606,7.74,7.90,7.71,7.77,11343966,89382928.00
20160607,7.77,7.89,7.60,7.84,11376445,88958592.00
20160608,7.84,7.84,7.69,7.73,7386121,57830272.00
20160613,7.67,7.67,7.14,7.24,13710506,103221888.00
20160614,7.23,7.29,7.16,7.25,6270584,45722048.00
20160615,7.21,7.54,7.15,7.49,6968785,52091700.00
20160616,7.49,7.69,7.49,7.52,9788723,75007824.00
20160617,7.53,7.84,7.53,7.63,10580748,81603048.00
20160620,7.52,7.66,7.28,7.66,11221729,84352040.00
20160621,7.65,7.80,7.60,7.72,14643284,113849400.00
20160622,7.74,8.22,7.63,8.05,21476344,172281648.00
20160623,8.02,8.02,7.78,7.86,13310907,105162576.00
20160624,7.82,7.93,7.30,7.79,12279196,95132328.00
20160627,7.70,7.91,7.64,7.90,9580310,75253232.00
20160628,7.84,7.90,7.74,7.87,9477048,74448400.00
20160629,7.89,8.02,7.85,7.91,12499778,99559552.00
20160630,7.91,8.19,7.91,8.06,16464702,133451032.00
20160701,8.09,8.14,7.96,7.97,8934466,71854952.00
20160704,7.92,8.14,7.90,8.09,10827063,87432176.00
20160705,8.11,8.44,8.07,8.38,21688284,180603840.00
20160706,8.28,8.71,8.27,8.55,22049802,189044640.00
20160707,8.55,8.75,8.35,8.60,18650309,160280672.00
20160708,8.57,8.69,8.47,8.61,10304775,88478856.00
20160711,8.61,8.81,8.28,8.35,13297458,114060256.00
20160712,8.32,8.49,8.23,8.47,10176959,85499224.00
20160713,8.48,8.58,8.42,8.44,8352153,71202312.00
20160714,8.46,8.56,8.37,8.52,7443319,63302376.00
20160715,8.53,8.60,8.40,8.53,7754910,66163148.00
20160718,8.54,8.55,8.30,8.42,7071685,59730256.00
20160719,8.41,8.51,8.36,8.51,6820111,57616428.00
20160720,8.50,8.61,8.44,8.57,8209702,70290072.00
20160721,8.55,8.62,8.50,8.58,8049000,69243664.00
20160722,8.58,8.59,8.38,8.54,8802463,75220064.00
20160725,8.77,9.25,8.70,8.77,26917146,241451888.00
20160726,8.85,9.16,8.84,8.99,19178992,173012432.00
20160727,8.87,9.03,8.27,8.34,21823979,188416096.00
20160728,8.27,8.51,8.27,8.38,8868652,74493632.00
20160729,8.38,8.39,7.91,8.03,12051605,97801480.00
20160801,8.02,8.03,7.57,7.78,10210653,79364968.00
20160802,7.80,7.84,7.68,7.81,6722761,52475468.00
20160803,7.80,7.91,7.78,7.90,5101708,40174200.00
20160804,7.87,8.20,7.87,8.12,8419652,68336256.00
20160805,8.11,8.20,8.08,8.11,4786634,39125040.00
20160808,7.98,8.13,7.87,8.12,6293446,50596504.00
20160809,8.09,8.24,8.05,8.24,6954057,57058896.00
20160810,8.22,8.36,8.20,8.24,7476569,62169652.00
20160811,8.24,8.50,8.24,8.26,8963515,75306480.00
20160812,8.16,8.30,7.99,8.22,10195616,83160120.00
20160829,9.05,9.05,9.05,9.05,1436017,13039034.00
20160830,9.96,9.96,9.27,9.50,111532046,1070397376.00
20160831,9.39,9.76,9.23,9.57,65811809,626832576.00
20160901,9.38,9.56,9.08,9.08,44702559,418401728.00
20160902,9.18,9.35,9.05,9.09,36009398,331856160.00
20160905,9.12,9.31,9.09,9.15,22937075,211386544.00
20160906,9.08,9.43,9.07,9.37,28555801,266309248.00
20160907,9.33,9.66,9.22,9.38,35818669,339409280.00
20160908,9.31,10.32,9.30,10.32,84889395,854134592.00
20160909,10.32,11.17,10.12,10.68,99003870,1052063808.00
20160912,10.10,10.53,9.99,10.04,56136417,577455296.00
20160913,10.23,10.89,10.17,10.50,64941857,685788032.00
20160914,10.33,10.84,10.10,10.33,52970824,553986176.00
20160919,10.28,10.65,10.13,10.49,31619826,329840320.00
20160920,10.42,10.55,10.20,10.32,26581854,274824864.00
20160921,10.40,10.85,10.32,10.52,42349664,451472288.00
20160922,10.52,11.36,10.52,11.05,66381331,727326784.00
20160923,10.96,11.13,10.67,10.83,51116714,557786624.00
20160926,10.70,10.92,10.17,10.27,42779493,447467968.00
20160927,10.32,10.40,9.59,9.88,40079430,401263168.00
20160928,9.87,10.06,9.80,9.97,19630687,195798896.00
20160929,10.02,10.27,9.79,10.01,26985333,271167808.00
20160930,10.01,10.23,9.97,10.03,21569978,218324992.00
20161010,10.15,10.31,10.02,10.26,24851046,252980576.00
20161011,10.23,10.74,10.17,10.59,37956429,400676576.00
20161012,10.47,10.54,10.22,10.41,25209829,262049568.00
20161013,10.37,10.60,10.31,10.36,18754280,196474048.00
20161014,10.26,10.32,10.04,10.09,20431297,207651728.00
20161017,10.07,10.41,10.05,10.23,18638909,191537856.00
20161018,10.17,10.38,10.11,10.38,17376011,179235136.00
20161019,10.42,10.54,10.29,10.37,18851376,196797856.00
20161020,10.48,10.65,10.33,10.34,20669361,216876592.00
20161021,10.22,10.23,9.85,9.98,26571545,267120944.00
20161024,10.19,10.98,10.08,10.98,115094153,1260091264.00
20161025,11.17,11.56,10.98,11.33,129621049,1464832640.00
20161026,11.33,12.23,11.19,11.39,112352321,1316709248.00
20161027,11.16,11.37,11.01,11.32,60141857,674074944.00
20161028,11.21,11.26,10.82,10.87,45322738,501816128.00
20161031,10.86,11.44,10.81,11.36,51123035,572492928.00
20161101,11.77,12.50,11.49,12.50,85557688,1053799680.00
20161102,12.96,13.44,12.28,12.54,156066893,2016927232.00
20161103,12.27,13.52,12.05,12.83,136224938,1759475456.00
20161104,12.57,12.85,12.13,12.19,76153508,949261376.00
20161107,11.97,12.50,11.85,12.38,52648117,645918464.00
20161108,12.31,12.92,12.18,12.59,63274410,799597568.00
20161109,12.50,12.92,12.17,12.69,70026445,884860352.00
20161110,12.92,13.17,12.61,12.65,59301211,761296448.00
20161111,12.61,12.83,12.22,12.29,52887252,660134528.00
20161114,12.32,12.35,11.73,11.92,51733830,618242048.00
20161115,11.92,12.16,11.78,12.16,32372287,390016736.00
20161116,12.09,12.23,11.84,11.89,25332781,303963200.00
20161117,11.99,12.33,11.97,12.03,30841931,374916160.00
20161118,11.98,12.02,11.53,11.66,32119536,376084448.00
20161121,11.65,11.80,11.55,11.59,20180575,235103312.00
20161122,11.59,11.75,11.52,11.67,19827804,231454768.00
20161123,11.98,12.16,11.73,11.83,32242446,385931072.00
20161124,11.66,11.75,11.25,11.35,31242851,359585888.00
20161125,11.35,11.43,10.97,11.30,21227720,237477168.00
20161128,11.34,11.43,11.13,11.17,13989911,157980320.00
20161129,11.24,11.39,11.18,11.19,16267378,184026528.00
20161130,11.17,11.26,10.98,11.17,10958399,122289920.00
20161201,11.30,11.45,11.23,11.35,15480591,176164416.00
20161202,11.36,11.52,11.11,11.15,15191840,172400832.00
20161205,10.93,10.93,10.33,10.37,21535589,227270128.00
20161206,10.40,10.64,10.23,10.49,16865817,176366304.00
20161207,10.43,10.51,10.27,10.48,12055504,125586592.00
20161208,10.52,10.72,10.35,10.53,17596893,186419280.00
20161209,10.43,10.55,10.32,10.36,11165761,116832456.00
20161212,10.41,10.49,9.80,9.81,18250035,184511488.00
20161213,9.85,10.07,9.71,9.98,12734814,126762896.00
20161214,9.99,10.21,9.85,10.04,13333662,134436720.00
20161215,10.01,10.21,9.97,10.20,11865360,120528616.00
20161216,10.20,10.69,10.12,10.48,20881483,219244272.00
20161219,10.36,10.59,10.26,10.29,13488024,140653264.00
20161220,10.25,10.51,10.22,10.36,9473927,98598752.00
20161221,10.34,10.53,10.29,10.38,9315387,97197856.00
20161222,10.39,10.51,10.25,10.46,11163121,116393264.00
20161223,10.46,10.54,10.27,10.29,10132020,105882280.00
20161226,10.22,10.27,9.88,10.19,9240020,93177248.00
20161227,10.17,10.30,10.08,10.22,7320489,75059368.00
20161228,10.18,10.72,10.17,10.62,22575593,238145184.00
20161229,10.51,10.71,10.42,10.54,17052407,180431552.00
20161230,10.44,10.55,10.34,10.43,9757188,102172040.00
20170103,10.42,10.70,10.39,10.56,12029140,127312376.00
20170104,10.56,10.80,10.53,10.79,17015476,182994656.00
20170105,10.79,10.85,10.62,10.65,15999779,172201232.00
20170106,10.63,10.98,10.44,10.83,21618629,231425872.00
20170109,10.76,10.90,10.71,10.76,9619856,103970128.00
20170110,10.75,10.77,10.61,10.61,8293495,88785824.00
20170111,10.64,10.64,10.27,10.28,10442444,109197776.00
20170112,10.28,10.35,10.06,10.10,8966961,91622464.00
20170113,10.07,10.19,9.87,9.92,8615025,86601440.00
20170116,9.76,9.92,8.93,9.27,15861133,150130848.00
20170117,9.24,9.45,9.12,9.44,6264853,58303048.00
20170118,9.42,9.50,9.30,9.32,5289810,49869112.00
20170119,9.32,9.60,9.27,9.59,7031636,66385704.00
20170120,9.50,9.67,9.46,9.54,10253300,98139840.00
20170123,9.56,10.14,9.53,9.90,11367863,111973904.00
20170124,9.85,9.87,9.59,9.59,9864500,96138912.00
20170125,9.65,9.76,9.47,9.60,7100442,68604488.00
20170126,9.61,9.67,9.55,9.58,4356300,41922768.00
20170203,9.57,9.63,9.47,9.48,3639500,34810368.00
20170206,9.48,9.73,9.47,9.68,5794208,55781820.00
20170207,9.65,9.72,9.56,9.65,5571550,53854004.00
20170208,9.62,9.66,9.46,9.63,6047054,57884784.00
20170209,9.60,9.83,9.60,9.73,8685233,84715456.00
20170210,9.79,9.79,9.67,9.68,7361510,71636352.00
20170213,9.66,9.75,9.56,9.67,7645412,73913496.00
20170214,9.68,9.79,9.64,9.73,6835043,66672456.00
20170215,9.75,9.75,9.50,9.54,8148900,78820136.00
20170216,9.50,9.57,9.47,9.49,7522072,71742952.00
20170217,9.49,9.55,9.22,9.22,9876261,92778512.00
20170220,9.24,9.24,8.87,9.06,15663485,141775856.00
20170221,9.07,9.23,9.02,9.19,8428299,77163328.00
20170222,9.17,9.38,9.13,9.38,10221860,94970432.00
20170223,9.36,9.37,9.13,9.23,8689916,80342408.00
20170224,9.23,9.32,9.16,9.30,6444754,59801940.00
20170227,9.33,9.34,9.08,9.12,10573145,97401880.00
20170228,9.08,9.17,9.08,9.12,5138393,46997028.00
20170301,9.13,9.16,9.09,9.13,7439479,68097616.00
20170302,9.15,9.16,9.04,9.06,7173472,65410744.00
20170303,9.05,9.17,8.98,9.17,8032764,73300272.00
20170306,9.17,9.31,9.15,9.28,8013931,74457176.00
20170307,9.28,9.45,9.24,9.37,11242354,105576408.00
20170308,9.37,9.43,9.18,9.27,7350421,68433920.00
20170309,9.29,9.31,9.02,9.11,9625774,88090560.00
20170310,9.12,9.15,9.03,9.10,6363084,58009276.00
20170313,9.06,9.11,8.91,9.11,7776254,70313920.00
20170314,9.11,9.14,9.04,9.07,5440623,49576412.00
20170315,9.07,9.07,8.98,9.07,6202162,56120228.00
20170316,9.55,9.98,9.55,9.98,83221523,816208640.00
20170317,9.77,10.22,9.70,9.95,65020292,645153664.00
20170320,9.84,9.99,9.69,9.84,32038166,315565216.00
20170321,9.83,10.16,9.75,10.00,36825216,369193952.00
20170322,9.89,10.15,9.77,10.10,28053792,279553632.00
20170323,10.12,10.12,9.80,9.95,22111021,221009392.00
20170324,9.98,10.05,9.79,9.98,19009651,189323040.00
20170327,9.92,10.03,9.83,9.96,14787229,147072800.00
20170328,9.97,10.00,9.77,9.77,15370154,151751856.00
20170329,9.77,9.82,9.45,9.45,17273860,166486944.00
20170330,9.45,9.45,8.97,8.99,21927783,201817680.00
20170331,9.00,9.13,8.95,9.12,12136390,110090408.00
20170405,9.14,9.28,9.09,9.21,8992367,82890200.00
20170406,9.18,9.28,9.15,9.18,8103388,74918920.00
20170407,9.18,9.26,9.15,9.24,6987872,64466112.00
20170410,9.25,9.26,8.93,9.02,11614030,105554864.00
20170411,8.97,9.08,8.84,9.01,13402409,120176800.00
20170412,8.98,9.05,8.89,9.00,6551018,59076232.00
20170413,9.02,9.03,8.95,8.99,5772723,52077536.00
20170414,9.00,9.00,8.52,8.59,14026892,123224256.00
20170417,8.60,8.66,8.32,8.40,7743454,65757932.00
20170418,8.35,8.42,8.12,8.13,8210839,68188408.00
20170419,8.11,8.11,7.77,7.94,10458111,82556184.00
20170420,7.97,8.08,7.88,8.01,6489101,52002052.00
20170421,7.99,7.99,7.70,7.70,6845600,53672324.00
20170424,7.62,7.62,6.97,7.10,12005918,86174456.00
20170425,7.15,7.21,7.06,7.07,5201952,37317644.00
20170426,7.09,7.15,6.97,7.10,4699931,33525284.00
20170427,7.14,7.17,6.88,7.13,7813723,55165872.00
20170428,7.13,7.25,7.09,7.25,4989096,36078260.00
20170502,7.26,7.27,7.15,7.22,3983273,28757456.00
20170503,7.15,7.30,7.14,7.25,5221570,37875868.00
20170504,7.25,7.45,7.18,7.26,6491126,47689284.00
20170505,7.22,7.25,7.09,7.13,5907980,42506244.00
20170508,7.13,7.16,6.96,6.97,5397844,38119904.00
20170509,6.97,7.02,6.85,7.02,4575222,31900106.00
20170510,7.02,7.07,6.78,6.80,4935004,34470480.00
20170511,6.82,6.83,6.42,6.65,6531103,43270960.00
20170512,6.68,6.69,6.54,6.60,4317304,28732008.00
20170515,6.60,6.76,6.60,6.71,4735003,31884962.00
20170516,6.75,7.17,6.59,7.06,11540002,80894000.00
20170517,7.04,7.06,6.96,7.02,5463124,38513904.00
20170518,6.99,7.25,6.95,7.19,11028627,79030448.00
20170519,7.27,7.57,7.22,7.30,16001206,118723776.00
20170522,7.24,7.24,6.95,6.96,9824669,69711856.00
20170523,6.86,6.91,6.52,6.57,8153902,55043928.00
20170524,6.62,7.23,6.58,7.23,7677875,54639500.00
20170525,7.66,7.66,7.27,7.54,32096335,241469440.00
20170526,7.55,7.74,7.22,7.47,22304795,168337136.00
20170531,7.44,7.53,7.24,7.25,13406244,99052048.00
20170601,7.12,7.36,7.00,7.01,11780572,84813720.00
20170602,6.94,7.36,6.77,7.33,12334425,87644984.00
20170605,7.32,7.56,7.22,7.35,12274325,91260232.00
20170606,7.30,7.34,7.19,7.30,7582864,55226580.00
20170607,7.27,7.50,7.25,7.46,10724604,79559208.00
20170608,7.40,7.51,7.32,7.37,8215827,61088436.00
20170609,7.39,7.39,7.17,7.25,6597967,48073520.00
20170612,7.22,7.29,7.13,7.16,4265964,30913822.00
20170613,7.16,7.42,7.16,7.39,9411612,69216440.00
20170614,7.37,7.59,7.33,7.45,12835951,96456936.00
20170615,7.42,7.69,7.38,7.57,11309478,86026888.00
20170616,7.67,8.02,7.63,7.70,25243956,198014192.00
20170619,8.47,8.47,8.09,8.47,44942960,376834304.00
20170620,8.35,8.85,8.32,8.45,55211645,473211264.00
20170621,8.37,8.38,8.14,8.23,26804066,220529296.00
20170622,8.16,8.22,7.91,7.92,23170378,186360064.00
20170623,7.91,8.01,7.75,7.97,14529500,114748328.00
20170626,7.88,8.03,7.81,8.01,9978051,79098240.00
20170627,8.00,8.01,7.86,7.87,9141880,72512960.00
20170628,7.86,8.00,7.84,7.85,8298431,65641648.00
20170629,7.88,7.92,7.79,7.80,7865191,61771732.00
20170630,7.82,7.88,7.76,7.80,6585902,51483948.00
20170703,7.80,7.82,7.69,7.79,7759215,60169940.00
20170704,7.81,8.17,7.78,8.12,20193995,161702304.00
20170705,8.08,8.11,7.98,8.05,11479046,92244632.00
20170706,8.01,8.11,7.95,8.00,10067979,80831776.00
20170707,8.01,8.17,7.98,8.06,9771993,78997248.00
20170710,8.01,8.05,7.86,7.87,8316260,65813296.00
20170711,7.85,7.93,7.60,7.65,9134593,70998952.00
20170712,7.64,7.71,7.32,7.49,8673729,64834620.00
20170713,7.50,7.63,7.48,7.55,4992564,37668892.00
20170714,7.56,7.56,7.35,7.48,4088903,30490758.00
20170717,7.51,7.51,6.90,6.92,9825424,69885904.00
20170718,6.90,7.08,6.85,7.02,5404900,37683764.00
20170719,7.04,7.16,6.96,7.12,5170500,36663556.00
数据来源:通达信
