002480 新筑股份 日线 前复权
      日期	    开盘	    最高	    最低	    收盘	    成交量	    成交额
20100921,9.78,11.70,9.77,11.10,23036130,1017931840.00
20100927,10.93,12.05,10.18,11.61,10192228,467159104.00
20100928,11.36,12.28,11.11,11.93,6641760,315230720.00
20100929,11.81,12.38,11.51,12.06,6221829,300856128.00
20100930,11.91,13.29,11.81,13.29,3873805,199971136.00
20101008,13.91,14.26,13.38,13.92,4473255,250615136.00
20101011,13.68,14.55,13.47,14.28,4307703,243030848.00
20101012,14.05,14.52,13.56,14.24,3060990,174959440.00
20101013,13.96,14.53,13.56,13.73,4527869,254990496.00
20101014,13.63,14.18,13.26,13.56,2900449,161077184.00
20101015,13.37,13.58,13.19,13.37,2310212,124826016.00
20101018,13.35,14.72,13.31,14.68,3719636,214772928.00
20101019,14.48,14.86,14.06,14.50,2051261,120993064.00
20101020,14.30,14.89,14.06,14.60,2004390,118238512.00
20101021,14.60,15.31,14.56,14.77,1708303,103588200.00
20101022,14.81,15.14,14.46,14.86,1531461,91987600.00
20101026,15.31,15.48,14.21,14.29,2654722,157451168.00
20101027,13.99,14.20,13.76,13.89,1522898,86231456.00
20101028,13.90,14.75,13.90,14.62,1689722,99207312.00
20101029,14.71,15.48,14.71,15.38,2019445,125044160.00
20101101,15.48,16.02,15.39,15.47,2080366,132411016.00
20101102,15.31,17.03,15.30,16.56,2872663,188059984.00
20101103,16.51,16.77,16.20,16.37,1494390,98851544.00
20101104,16.54,16.73,16.32,16.53,1285810,86019840.00
20101105,16.56,17.02,16.33,16.86,1467217,98808928.00
20101108,16.86,17.29,16.53,17.21,1339204,92281032.00
20101109,17.03,17.52,16.88,17.15,890849,61720412.00
20101110,17.15,17.36,16.92,17.25,837159,58119672.00
20101111,17.25,17.52,17.06,17.06,1078384,75649592.00
20101112,17.05,17.05,15.59,15.75,2042093,135156752.00
20101115,16.18,16.68,15.81,16.48,1196600,78651680.00
20101116,16.73,17.72,16.73,16.88,3526208,244577024.00
20101117,16.98,17.16,16.03,16.31,2134988,141214240.00
20101118,16.43,16.76,16.19,16.68,978751,65651744.00
20101119,16.69,17.44,16.45,17.18,1062848,73151296.00
20101122,17.05,17.43,16.81,17.29,1312213,91144144.00
20101123,17.26,17.26,16.69,16.94,988248,67565216.00
20101124,16.81,18.08,16.81,18.08,1880766,134268528.00
20101125,18.28,18.91,17.81,18.75,1352697,101029616.00
20101126,18.56,19.28,18.56,19.13,1110299,85136568.00
20101129,19.21,19.95,19.13,19.43,1315375,103666008.00
20101130,19.21,19.69,18.34,18.81,1222549,93751208.00
20101201,18.81,19.05,18.71,18.84,512405,39013960.00
20101202,18.93,19.56,18.93,19.30,557096,43474364.00
20101203,19.31,19.51,18.64,18.81,534460,40866180.00
20101206,18.93,18.98,17.08,17.31,1281697,92393464.00
20101207,17.21,17.78,16.84,17.77,469396,33350996.00
20101208,17.68,18.63,17.68,18.28,615393,45589816.00
20101209,18.31,18.76,18.08,18.18,426954,31710346.00
20101210,17.73,18.47,17.71,18.31,363838,26793476.00
20101213,19.25,19.69,18.57,19.47,1078522,84076504.00
20101214,19.26,19.43,18.93,19.00,904085,69828056.00
20101215,19.03,19.26,18.31,18.54,983268,74031016.00
20101216,18.68,18.91,18.45,18.53,621704,46698748.00
20101217,18.65,19.45,18.65,18.84,1531487,117986064.00
20101220,18.88,18.98,17.81,18.23,1005594,74301808.00
20101221,18.42,18.43,17.37,17.93,2598311,188226576.00
20101222,17.95,18.05,17.08,17.34,1784799,125451088.00
20101223,17.18,17.43,16.98,17.01,1222265,85213256.00
20101224,17.04,17.06,16.44,16.56,1185445,80100624.00
20101227,16.23,16.84,15.61,15.81,1384894,91659352.00
20101228,15.74,16.28,15.23,16.06,990385,63071988.00
20101229,16.25,17.21,16.06,16.97,1331835,90566744.00
20101230,17.11,17.11,16.66,16.93,971207,66284660.00
20101231,16.93,17.42,16.93,17.06,634343,44031456.00
20110104,17.06,17.31,16.31,16.88,2295349,154076528.00
20110105,16.76,18.59,16.56,18.59,3018604,219912944.00
20110106,18.59,18.90,18.31,18.65,1578292,119142304.00
20110107,18.65,18.65,17.93,18.23,731908,54028480.00
20110110,18.05,18.68,17.93,18.16,853329,63229356.00
20110111,18.26,18.93,18.06,18.39,1199169,90314744.00
20110112,18.23,18.81,17.93,18.27,710171,52869288.00
20110113,18.31,18.43,17.65,18.00,669551,48622540.00
20110114,17.81,18.25,17.36,17.92,557582,40225552.00
20110117,17.76,17.90,16.11,16.11,1219550,83332424.00
20110118,16.01,17.01,15.83,16.80,555848,37315564.00
20110119,16.57,17.76,16.41,17.31,952845,66964464.00
20110120,17.33,17.47,16.68,16.91,717459,49436764.00
20110121,16.78,17.93,16.78,17.36,1586045,112141024.00
20110124,17.36,18.03,16.56,16.71,1465707,102241384.00
20110125,16.56,16.74,15.95,16.38,980214,64355156.00
20110126,16.39,17.02,16.39,16.91,434799,29321984.00
20110127,16.68,17.46,16.48,17.32,755077,52609140.00
20110128,17.20,17.47,17.18,17.33,340924,23867854.00
20110131,17.23,18.01,17.06,17.83,1067587,76912072.00
20110201,17.75,18.01,17.43,17.76,660613,47442500.00
20110209,17.67,17.99,17.32,17.46,687964,49184776.00
20110210,17.33,18.68,17.31,18.56,1114426,81625728.00
20110211,18.56,18.92,18.46,18.70,810901,61455796.00
20110214,18.55,18.82,18.19,18.66,1215788,91025480.00
20110215,18.73,19.46,18.65,19.08,922015,71603472.00
20110216,19.09,19.77,18.93,19.53,1046778,82086776.00
20110217,19.45,19.86,19.32,19.58,1106658,87570296.00
20110218,19.44,19.77,19.43,19.43,617010,48812980.00
20110221,19.31,19.99,19.13,19.99,1330401,104514160.00
20110222,19.98,20.41,19.61,19.83,1029404,83067936.00
20110223,19.74,21.06,19.63,20.73,775503,64529236.00
20110224,20.56,21.17,20.56,20.73,590073,49558512.00
20110225,20.68,20.68,19.81,20.56,737772,60480648.00
20110228,20.68,21.03,20.21,20.63,550129,45507684.00
20110301,20.63,20.93,20.43,20.76,576619,48385480.00
20110302,20.80,20.81,19.93,20.08,560455,45686608.00
20110303,20.08,20.08,18.66,18.81,1547710,119799360.00
20110304,18.81,19.51,18.56,19.30,451070,35007976.00
20110307,19.31,19.47,18.81,19.10,797945,61185416.00
20110308,19.11,19.17,18.80,18.80,707087,54306888.00
20110309,18.83,19.56,18.80,19.31,514177,39698200.00
20110310,19.23,19.52,18.93,19.13,323478,24990218.00
20110311,19.25,19.25,18.83,18.98,433799,33198314.00
20110314,18.88,18.93,18.06,18.60,972325,72421632.00
20110315,18.66,18.70,18.21,18.68,729078,54350936.00
20110316,18.70,18.91,18.44,18.67,476628,35977192.00
20110317,18.56,18.78,17.81,17.81,1092365,80545456.00
20110318,17.93,18.31,17.81,18.31,397111,28967562.00
20110321,18.30,18.31,17.70,18.06,562615,40969536.00
20110322,18.05,18.25,17.82,18.23,217332,15818146.00
20110323,18.26,18.56,18.06,18.50,224684,16752812.00
20110324,18.56,18.56,17.81,17.89,563833,41120496.00
20110325,17.81,18.08,17.73,17.86,660465,47751816.00
20110328,17.90,17.93,16.98,17.08,1133782,79150272.00
20110329,17.08,17.43,16.86,17.13,426260,29585964.00
20110330,17.12,17.12,15.56,16.30,953443,62707212.00
20110331,16.26,16.38,15.81,15.94,325740,21169446.00
20110401,15.96,16.36,15.96,16.36,494854,32474724.00
20110406,16.35,16.97,16.28,16.31,601440,40448864.00
20110407,16.31,16.86,16.31,16.75,385571,25990138.00
20110408,16.81,17.22,16.76,17.01,268744,18469494.00
20110411,17.44,17.58,16.73,16.78,745319,51239748.00
20110412,16.75,16.78,16.43,16.65,276580,18533932.00
20110413,16.52,16.81,16.35,16.79,269724,18119162.00
20110414,16.80,16.92,16.57,16.61,187599,12659382.00
20110415,16.56,16.67,16.28,16.43,315123,20928518.00
20110418,16.48,16.53,16.13,16.23,242230,15954355.00
20110419,16.23,16.23,15.76,15.81,362911,23282330.00
20110420,15.81,16.31,15.81,16.30,338060,21926180.00
20110421,16.32,16.92,16.32,16.88,550598,37147304.00
20110422,17.31,17.48,17.06,17.23,856163,59925864.00
20110425,17.23,17.29,16.51,16.63,736215,49931996.00
20110426,16.55,16.68,16.18,16.67,479998,31825124.00
20110427,16.95,17.00,16.26,16.34,354310,23854362.00
20110429,16.28,16.43,15.68,16.32,228215,14879953.00
20110503,16.21,16.21,15.84,16.06,423523,27446242.00
20110504,16.03,16.03,15.31,15.33,587753,37157012.00
20110505,15.31,15.65,14.16,14.53,1037452,61616840.00
20110506,14.45,14.70,14.28,14.56,445364,26174598.00
20110509,14.68,15.20,14.68,14.83,594563,36011324.00
20110510,14.84,14.96,14.71,14.83,290046,17434692.00
20110511,14.83,15.51,14.83,15.44,466803,28675114.00
20110512,15.44,15.80,15.18,15.31,545303,34172936.00
20110513,15.51,15.51,14.63,14.88,646555,19393632.00
20110516,14.65,15.32,14.65,15.04,469065,14190330.00
20110517,15.01,15.13,14.74,14.79,487183,14601109.00
20110518,14.79,14.79,14.35,14.46,713442,20817486.00
20110519,14.45,14.84,14.26,14.36,558052,16308479.00
20110520,14.31,14.43,14.17,14.38,408598,11755678.00
20110523,14.28,14.28,13.13,13.13,1038360,28377678.00
20110524,13.13,13.48,12.94,13.37,809417,21565012.00
20110525,13.53,13.65,13.04,13.15,961109,25838608.00
20110527,12.99,13.26,12.16,12.38,1073759,27102328.00
20110530,12.18,12.63,11.94,12.31,440122,10982648.00
20110531,12.64,12.66,12.18,12.57,417768,10493346.00
20110601,12.60,13.02,12.59,12.83,615992,15971295.00
20110602,12.73,12.73,12.28,12.52,658048,16531815.00
20110603,12.49,12.77,12.38,12.67,945149,24099984.00
20110607,12.67,13.21,12.58,13.04,1006216,26369222.00
20110608,13.06,13.48,12.83,13.45,982127,25975352.00
20110609,13.33,13.66,13.14,13.15,1312706,35445140.00
20110610,12.91,13.31,12.79,13.12,592593,15561197.00
20110613,13.12,13.26,12.88,13.08,250288,6582447.00
20110614,13.31,13.83,13.08,13.78,1317821,36058676.00
20110615,13.69,13.86,13.48,13.50,560156,15429306.00
20110616,13.39,13.47,13.20,13.47,864231,23292212.00
20110617,13.46,13.57,13.26,13.31,476710,12894502.00
20110620,13.28,13.43,13.14,13.34,396400,10637704.00
20110621,13.36,13.60,13.21,13.33,487443,13159834.00
20110622,13.33,13.38,13.13,13.15,531703,14190696.00
20110623,13.14,13.40,12.90,13.35,1076349,28706812.00
20110624,13.33,13.77,13.28,13.66,1509556,41265232.00
20110627,13.81,14.56,13.66,14.21,1792775,51414928.00
20110628,14.22,14.30,13.93,14.20,1306971,37325976.00
20110629,14.27,14.47,14.04,14.47,1216419,35166440.00
20110630,14.45,14.87,14.32,14.86,1502038,44513360.00
20110701,14.86,15.07,14.68,14.89,1510504,45112356.00
20110705,15.37,15.37,14.61,14.74,2256113,67953504.00
20110706,14.68,14.76,14.36,14.51,1442332,42191796.00
20110707,14.51,14.92,14.51,14.66,1424780,42298772.00
20110708,14.66,14.73,14.38,14.58,978674,28717502.00
20110711,14.55,14.63,14.37,14.44,1641551,47828264.00
20110712,14.32,14.32,13.83,13.86,1482713,41909380.00
20110713,13.89,14.56,13.89,14.51,1718349,49575584.00
20110714,14.62,14.63,14.29,14.51,1113951,32472834.00
20110715,14.50,14.92,14.41,14.87,2687134,80028696.00
20110718,14.88,15.02,14.68,14.78,1680651,50212788.00
20110719,14.63,14.81,14.14,14.38,1571905,45431548.00
20110720,14.31,14.62,14.02,14.20,1053549,30147986.00
20110721,14.16,14.33,13.64,13.67,1630045,45627984.00
20110722,13.86,13.86,13.30,13.38,1435056,38962512.00
20110725,12.98,13.07,12.69,12.74,2005610,51972640.00
20110726,12.81,12.81,12.52,12.63,1212774,30946528.00
20110727,12.60,13.06,12.43,12.84,1114017,28815532.00
20110728,12.84,13.00,12.66,12.92,968383,25076894.00
20110729,13.13,13.43,13.01,13.03,1285945,34336800.00
20110801,12.81,13.11,12.56,12.89,1331103,34405844.00
20110802,12.78,12.85,12.56,12.81,948867,24340966.00
20110803,12.57,13.07,12.57,12.78,1124017,29021792.00
20110804,12.80,12.96,12.75,12.82,1056984,27402522.00
20110805,12.33,12.55,12.15,12.38,1340763,33560588.00
20110808,12.29,12.63,11.13,11.31,2032962,47541672.00
20110809,10.88,11.07,10.33,11.01,1538308,33257826.00
20110810,11.33,11.33,10.83,10.93,2464100,54702024.00
20110811,10.38,10.78,10.38,10.75,2548433,54513648.00
20110812,10.77,11.36,10.71,11.34,3267379,72710816.00
20110815,11.23,11.96,11.23,11.93,3831061,89789352.00
20110816,12.07,12.07,11.59,11.62,2581067,61251300.00
20110817,11.44,11.85,11.43,11.50,1798157,42137560.00
20110818,11.46,11.58,10.93,10.97,1693992,38459872.00
20110819,10.75,10.97,10.59,10.97,1478766,31994252.00
20110822,10.83,11.08,10.68,10.94,1318964,28969320.00
20110823,10.89,11.32,10.88,11.32,2367747,53091608.00
20110824,11.38,11.55,10.99,11.01,3398610,77563920.00
20110825,11.02,11.27,10.76,11.26,2719223,60328448.00
20110826,11.20,11.28,11.03,11.12,2950335,66319444.00
20110829,11.08,11.09,10.78,10.92,2242944,49521456.00
20110830,10.96,11.04,10.64,10.71,2338405,51352668.00
20110831,10.72,10.76,10.41,10.74,1349218,28843046.00
20110901,10.68,10.97,10.66,10.95,2046465,44806220.00
20110902,10.95,10.95,10.59,10.74,1537137,33338092.00
20110905,10.61,10.61,10.14,10.31,1765158,36772668.00
20110906,10.13,10.22,9.94,9.94,1135377,23117466.00
20110907,9.94,10.18,9.93,10.17,1193633,24377202.00
20110908,10.24,10.24,9.94,9.94,1061489,21619126.00
20110909,9.94,10.16,9.88,10.00,1067182,21581942.00
20110913,9.83,9.83,9.66,9.73,1063221,20916790.00
20110914,9.74,9.82,9.67,9.78,1474765,29130734.00
20110915,9.88,10.13,9.83,9.98,1852146,37484492.00
20110916,9.99,10.08,9.89,9.91,1100468,22209320.00
20110919,9.83,9.83,9.37,9.38,1550534,29915094.00
20110920,9.32,9.47,9.13,9.33,1253757,23626768.00
20110921,9.30,9.94,9.09,9.93,3637654,69939992.00
20110922,9.82,10.09,9.71,9.80,3896673,78170464.00
20110923,9.56,9.86,9.39,9.66,1544906,30264366.00
20110926,9.56,9.87,9.56,9.85,1741028,34349188.00
20110927,9.98,10.03,9.58,9.84,1508794,29962712.00
20110928,9.74,9.87,9.43,9.57,1648082,32072170.00
20110929,9.49,9.49,8.88,8.89,1584463,29320590.00
20110930,8.91,8.98,8.50,8.54,1789412,31283578.00
20111010,8.54,8.68,8.13,8.20,2269543,38091032.00
20111011,8.50,9.02,8.14,8.23,4080183,69827792.00
20111012,8.23,8.88,7.85,8.74,3933086,66941108.00
20111013,8.58,8.93,8.56,8.76,3172073,56415124.00
20111014,8.78,8.79,8.56,8.76,1971928,34701776.00
20111017,8.79,9.12,8.75,9.11,3695056,67450440.00
20111018,8.98,9.37,8.98,9.09,5075145,94506696.00
20111019,9.07,9.28,8.73,8.92,3781440,68965088.00
20111020,8.79,8.79,8.25,8.48,2698457,46500272.00
20111021,8.48,8.62,8.31,8.34,1527156,26169970.00
20111024,8.26,8.68,8.16,8.64,2310280,39615712.00
20111025,8.64,9.51,8.61,9.26,4767817,87783840.00
20111026,9.03,9.57,8.98,9.21,6445136,121964952.00
20111027,9.21,9.30,9.11,9.15,2296159,42700544.00
20111028,9.29,9.56,9.16,9.46,3857785,73102424.00
20111031,9.45,9.53,9.31,9.41,2790303,53207024.00
20111101,9.26,9.54,9.19,9.43,2966049,56348868.00
20111102,9.24,9.96,9.23,9.91,6076728,119057936.00
20111103,9.88,10.43,9.75,10.16,7389748,151894752.00
20111104,10.18,10.38,10.06,10.25,3519426,72572792.00
20111107,10.25,10.29,9.99,10.13,2319677,47360280.00
20111108,10.05,10.08,9.58,9.66,4392919,86842256.00
20111109,9.65,9.73,9.28,9.71,4122650,79354256.00
20111110,9.54,9.70,9.44,9.53,2700551,52285064.00
20111111,9.53,9.71,9.36,9.48,4063671,78055736.00
20111114,9.53,9.71,9.53,9.66,3337522,65040720.00
20111115,9.62,9.84,9.59,9.81,2615614,51603200.00
20111116,9.87,9.87,9.31,9.34,2601410,50221916.00
20111117,9.33,9.42,9.04,9.19,2156432,40398076.00
20111118,9.08,9.13,8.64,8.73,2039167,36934932.00
20111121,8.68,8.88,8.58,8.88,1350763,23964034.00
20111122,8.79,8.97,8.73,8.90,1155008,20778250.00
20111123,8.93,9.02,8.84,8.91,968939,17523364.00
20111124,8.63,8.96,8.63,8.83,762017,13566381.00
20111125,8.80,8.92,8.78,8.80,551151,9886897.00
20111128,8.96,8.96,8.71,8.92,953680,17050348.00
20111129,9.04,9.17,8.93,9.13,1088518,19911888.00
20111130,9.13,9.14,8.21,8.56,1859634,32920622.00
20111201,8.78,8.92,8.66,8.68,1337678,23859614.00
20111202,8.63,8.71,8.32,8.41,1189000,20402652.00
20111205,8.43,8.43,8.06,8.28,948618,15778846.00
20111206,8.19,8.42,8.09,8.33,706484,11821162.00
20111207,8.38,8.42,8.26,8.33,475067,8043062.00
20111208,8.24,8.38,8.15,8.25,1399549,23412106.00
20111209,8.16,8.18,7.83,7.89,1991878,32018728.00
20111212,7.70,7.85,7.66,7.70,662483,10415145.00
20111213,7.56,7.62,7.04,7.11,1935183,28578658.00
20111214,7.10,7.17,6.88,7.03,1080763,15426488.00
20111215,6.93,7.00,6.72,6.77,1592248,22225422.00
20111216,6.82,6.96,6.68,6.90,1573369,21769746.00
20111219,6.84,6.84,6.60,6.78,1275090,17454304.00
20111220,6.77,6.93,6.70,6.77,1785038,24724926.00
20111221,6.86,6.87,6.55,6.56,1360384,18594914.00
20111222,6.48,6.48,6.15,6.26,1884494,24157854.00
20111223,6.25,6.49,6.24,6.43,2502439,32435926.00
20111226,6.40,6.46,6.18,6.21,1583204,20435248.00
20111227,6.18,6.19,5.93,5.94,1678191,20762448.00
20111228,5.87,5.95,5.73,5.94,2212629,26319066.00
20111229,5.88,6.17,5.84,5.99,1750280,21576888.00
20111230,5.99,6.12,5.99,6.08,1124592,13928902.00
20120104,6.17,6.23,5.86,5.86,1637329,20280924.00
20120105,5.78,5.96,5.69,5.78,1795895,21355418.00
20120106,5.76,5.83,5.44,5.81,2019182,23347348.00
20120109,5.77,6.11,5.61,6.08,5847744,70377128.00
20120110,6.02,6.45,5.99,6.44,7856924,99581904.00
20120111,6.43,6.44,6.30,6.37,5188683,67246928.00
20120112,6.36,6.62,6.33,6.50,6423912,84725544.00
20120113,6.47,6.48,6.03,6.08,6686542,84535240.00
20120116,5.95,5.96,5.81,5.85,3287748,39402260.00
20120117,5.76,6.23,5.73,6.18,4833790,59435316.00
20120118,6.22,6.42,5.95,5.99,3969354,50033696.00
20120119,6.00,6.10,5.81,6.07,2937360,35854848.00
20120120,6.07,6.34,6.05,6.25,3303624,41817100.00
20120130,6.27,6.37,6.15,6.27,3030868,38828332.00
20120131,6.23,6.28,6.09,6.20,2265799,28433258.00
20120201,6.17,6.48,6.10,6.44,4887023,63005056.00
20120202,6.43,6.61,6.33,6.60,5038641,66402964.00
20120203,6.60,6.76,6.53,6.67,5901489,80008408.00
20120206,6.64,6.78,6.56,6.64,4430429,60125496.00
20120207,6.60,6.61,6.36,6.41,3930666,51660524.00
20120208,6.41,6.76,6.36,6.74,5096592,68414888.00
20120209,6.77,7.02,6.74,6.78,7036603,98495560.00
20120210,6.74,6.93,6.73,6.80,4320292,59921832.00
20120213,6.70,7.06,6.67,6.96,5310300,74457328.00
20120214,6.93,7.01,6.85,6.90,3174412,44604420.00
20120215,6.86,7.08,6.84,7.08,4498314,63982748.00
20120216,7.07,7.13,6.87,6.98,4963862,70802384.00
20120217,6.98,7.22,6.93,7.17,6856647,99011728.00
20120220,7.32,7.32,7.09,7.20,7215776,105403000.00
20120221,7.14,7.18,6.93,7.16,4656958,66888696.00
20120222,7.13,7.30,7.11,7.28,5769344,84904424.00
20120223,7.33,7.40,7.17,7.24,7520876,111478328.00
20120224,7.23,7.33,7.18,7.26,5451562,80344088.00
20120227,7.30,7.46,7.22,7.23,10178787,151211552.00
20120228,7.15,7.21,6.96,7.05,6889775,98960592.00
20120229,6.99,7.03,6.91,6.98,4251946,60280696.00
20120301,6.99,7.05,6.96,6.97,2829476,40290924.00
20120302,6.98,7.11,6.98,7.09,3133304,44968000.00
20120305,7.11,7.12,6.96,6.98,5026336,71969264.00
20120306,6.96,6.96,6.77,6.79,4487426,62335192.00
20120307,6.76,6.86,6.66,6.72,3765668,51626832.00
20120308,6.74,6.87,6.74,6.83,3162191,43841772.00
20120309,6.87,7.02,6.84,7.01,4058193,57157960.00
20120312,7.03,7.12,6.98,7.08,4046638,58024324.00
20120313,7.06,7.21,7.02,7.21,5343053,77329744.00
20120314,7.22,7.27,6.72,6.73,7207526,103486448.00
20120315,6.68,6.83,6.40,6.49,5354493,71528744.00
20120316,6.51,6.61,6.45,6.58,3882074,51672572.00
20120319,6.60,6.70,6.53,6.69,4766506,64191740.00
20120320,6.56,6.56,6.06,6.21,10037152,127661208.00
20120321,6.18,6.27,6.07,6.20,4963613,62221144.00
20120322,6.26,6.33,6.18,6.21,3944771,50182196.00
20120323,6.20,6.20,5.99,6.02,3593411,44395848.00
20120326,5.97,6.01,5.93,5.99,2308424,28095918.00
20120327,6.02,6.06,5.96,5.97,1783781,21856470.00
20120328,5.95,5.95,5.62,5.65,3566560,41741636.00
20120329,5.62,5.62,5.40,5.47,3031661,34106620.00
20120330,5.46,5.49,5.25,5.33,3503119,38201468.00
20120405,5.29,5.53,5.29,5.51,3728921,41533260.00
20120406,5.51,5.53,5.42,5.49,2552408,28584038.00
20120409,5.48,5.49,5.38,5.38,1807805,20074764.00
20120410,5.35,5.57,5.25,5.55,2832983,31106500.00
20120411,5.46,5.56,5.42,5.53,2707170,30468026.00
20120412,5.52,5.63,5.43,5.63,7184620,81388672.00
20120413,5.63,5.70,5.53,5.68,7814682,89666560.00
20120417,5.63,5.63,5.46,5.51,4365857,49518264.00
20120418,5.55,6.08,5.50,6.08,15548806,184941280.00
20120419,6.23,6.68,6.13,6.37,22953011,297797280.00
20120420,6.40,6.71,6.34,6.61,19154138,256405408.00
20120423,6.61,6.98,6.44,6.81,20972596,285617440.00
20120424,6.62,7.03,6.46,7.01,19467724,265130528.00
20120425,6.94,7.70,6.74,7.33,25895385,376032128.00
20120426,7.15,7.28,6.78,6.84,19448265,278443584.00
20120427,6.68,6.78,6.55,6.59,11341914,153573184.00
20120502,6.64,6.69,6.53,6.55,9581875,128704880.00
20120503,6.48,6.59,6.38,6.50,8480827,111726968.00
20120504,6.48,6.53,6.40,6.46,5685288,74821488.00
20120507,6.40,6.57,6.38,6.55,6140528,81163936.00
20120508,6.58,6.66,6.47,6.53,8714369,116362440.00
20120509,6.41,6.43,6.09,6.13,10287133,130012968.00
20120510,6.08,6.17,5.96,6.00,7068556,87621448.00
20120511,6.03,6.10,5.96,6.02,4607475,56588324.00
20120514,6.07,6.13,5.97,5.99,4876274,60271916.00
20120515,5.88,5.89,5.77,5.86,4694431,55763316.00
20120516,5.86,6.02,5.83,5.85,4118707,49697808.00
20120517,5.85,6.02,5.80,5.96,4034904,48799940.00
20120518,5.89,5.93,5.65,5.69,5180652,61442556.00
20120521,5.87,6.17,5.82,5.85,8326807,101373168.00
20120522,5.81,5.93,5.75,5.93,4253541,50550024.00
20120523,5.86,5.99,5.78,5.90,3824177,45134392.00
20120524,5.98,6.09,5.88,5.93,6760520,81290504.00
20120525,5.94,6.22,5.92,6.13,10900808,133632424.00
20120528,6.13,6.62,6.06,6.52,15280773,195313088.00
20120529,6.49,6.62,6.36,6.45,11888835,154089616.00
20120530,6.39,6.46,6.29,6.40,7069860,90391320.00
20120531,6.34,6.39,6.28,6.29,4746905,60236968.00
20120601,6.27,6.35,6.22,6.25,3903997,49113116.00
20120604,6.18,6.18,5.74,5.75,7560301,90041464.00
20120605,5.75,5.81,5.58,5.61,5673301,64331772.00
20120606,5.60,5.70,5.55,5.62,3439474,38791800.00
20120607,5.69,5.69,5.44,5.46,3747750,42044504.00
20120608,5.55,5.55,5.40,5.41,3724007,40784436.00
20120611,5.40,5.56,5.40,5.52,2944421,32447712.00
20120612,5.48,5.55,5.47,5.52,2394782,26555098.00
20120613,5.54,5.66,5.51,5.65,2959689,33232540.00
20120614,5.64,5.70,5.56,5.56,2435705,27473434.00
20120615,5.60,5.66,5.50,5.59,1829992,20496030.00
20120618,5.63,5.66,5.56,5.59,2375330,26765060.00
20120619,5.58,5.74,5.52,5.62,3921755,44249040.00
20120620,5.62,5.65,5.55,5.56,2191077,24584196.00
20120621,5.56,5.57,5.33,5.33,3802798,41260168.00
20120625,5.27,5.30,5.01,5.01,4045666,41837164.00
20120626,4.98,5.08,4.92,5.04,2974183,29839084.00
20120627,5.04,5.09,5.01,5.02,1660011,16856864.00
20120628,5.02,5.06,4.93,4.94,1698271,17031714.00
20120629,4.92,5.28,4.87,5.12,5173731,53210680.00
20120702,5.14,5.22,5.12,5.16,1973393,20467844.00
20120703,5.16,5.21,5.11,5.13,1602097,16572290.00
20120704,5.13,5.17,4.99,5.02,1754228,17779232.00
20120705,4.98,5.00,4.83,4.84,2051394,20152774.00
20120706,4.83,5.01,4.82,4.99,2105572,20745212.00
20120709,4.94,4.98,4.78,4.79,1787979,17560046.00
20120710,4.77,4.81,4.72,4.73,1761318,16808406.00
20120711,4.77,4.93,4.77,4.85,2246056,21994948.00
20120712,4.81,4.91,4.76,4.89,2383970,23176338.00
20120713,4.86,5.08,4.86,4.93,3041511,30303362.00
20120716,4.93,4.98,4.74,4.85,2604610,25422452.00
20120717,4.81,4.96,4.78,4.90,1428247,13999996.00
20120718,4.91,5.04,4.87,5.03,2418499,24065456.00
20120719,5.00,5.11,4.98,5.03,2735237,27798216.00
20120720,5.00,5.03,4.89,4.91,1820496,18157596.00
20120723,4.89,4.89,4.66,4.68,2938222,28000274.00
20120724,4.63,4.81,4.63,4.75,2201234,20883128.00
20120725,4.76,4.80,4.68,4.71,1765344,16820548.00
20120726,4.67,4.74,4.62,4.63,1588325,14918397.00
20120727,4.67,4.68,4.56,4.57,1274730,11810468.00
20120730,4.57,4.59,4.18,4.28,2859295,25232010.00
20120731,4.22,4.33,4.17,4.19,1984256,16992026.00
20120801,4.16,4.38,4.16,4.26,2140447,18314038.00
20120802,4.24,4.26,4.12,4.14,2000413,16777606.00
20120803,4.18,4.27,4.11,4.25,2026963,17052822.00
20120806,4.21,4.34,4.20,4.32,2554612,22019122.00
20120807,4.33,4.43,4.29,4.39,2606224,22813384.00
20120808,4.38,4.48,4.33,4.40,2981654,26316710.00
20120809,4.40,4.43,4.31,4.41,2311093,20315962.00
20120810,4.40,4.43,4.34,4.37,1510705,13287051.00
20120813,4.36,4.36,4.16,4.17,2355792,20181428.00
20120814,4.16,4.18,4.06,4.12,3105390,25652496.00
20120815,4.12,4.43,4.05,4.30,5726702,48928832.00
20120816,4.26,4.37,4.20,4.23,2303848,19667118.00
20120817,4.23,4.40,4.21,4.38,4379670,38055084.00
20120820,4.34,4.42,4.29,4.38,2796655,24533910.00
20120821,4.38,4.56,4.35,4.50,3500459,31578086.00
20120822,4.49,4.50,4.36,4.38,2742735,24414894.00
20120823,4.33,4.41,4.25,4.35,1887557,16389509.00
20120824,4.32,4.32,4.17,4.20,2491215,21166744.00
20120827,4.19,4.19,4.10,4.10,1293000,10737370.00
20120828,4.07,4.26,4.07,4.22,1871437,15712424.00
20120829,4.24,4.26,4.18,4.20,1143206,9695476.00
20120830,4.20,4.26,4.14,4.25,1930243,16296880.00
20120831,4.25,4.31,4.22,4.25,1202194,10288167.00
20120903,4.26,4.34,4.20,4.33,1486441,12822958.00
20120904,4.33,4.35,4.25,4.25,1241470,10680380.00
20120905,4.26,4.34,4.17,4.29,1788995,15271683.00
20120906,4.66,4.66,4.41,4.48,5417825,49125832.00
20120907,4.58,4.93,4.56,4.85,14730569,142980816.00
20120910,4.82,4.99,4.78,4.81,10689089,104478016.00
20120911,4.76,4.89,4.68,4.88,5877447,56569320.00
20120912,4.93,4.95,4.71,4.78,5518502,53155652.00
20120913,4.73,4.80,4.63,4.63,4714817,44527940.00
20120914,4.68,4.72,4.57,4.66,3258710,30390000.00
20120917,4.63,4.63,4.49,4.49,2284167,20952394.00
20120918,4.45,4.63,4.43,4.63,3075564,28056874.00
20120919,4.62,4.77,4.60,4.73,5182959,49163700.00
20120920,4.73,4.74,4.59,4.60,3077526,28838600.00
20120921,4.58,4.76,4.57,4.73,3348502,31568698.00
20120924,4.74,5.20,4.60,5.20,10416644,105169544.00
20120925,5.23,5.52,4.99,5.01,19265182,205595888.00
20120926,4.83,4.86,4.66,4.67,9871038,93816880.00
20120927,4.68,4.85,4.51,4.72,7560764,71254328.00
20120928,4.68,4.92,4.63,4.90,5633674,54461736.00
20121008,4.81,4.98,4.79,4.88,2742029,26698760.00
20121009,4.85,5.09,4.82,5.08,6701326,67426856.00
20121010,5.05,5.18,4.99,5.14,5156198,52628772.00
20121011,5.15,5.36,5.09,5.14,7664113,80560072.00
20121012,5.11,5.24,4.94,5.08,4466554,45524780.00
20121015,5.08,5.14,5.00,5.11,2493882,25409836.00
20121016,5.12,5.16,4.97,4.99,2343665,23781102.00
20121017,4.99,5.03,4.83,4.91,3273118,32301124.00
20121018,4.93,5.23,4.89,5.09,5119230,52493056.00
20121019,5.08,5.20,5.07,5.13,2722483,27984450.00
20121022,5.10,5.23,5.01,5.15,2722125,28012616.00
20121023,5.16,5.52,5.16,5.26,7265780,78090624.00
20121024,5.18,5.38,5.17,5.34,4267252,45604224.00
20121025,5.39,5.46,5.14,5.17,3982559,42162952.00
20121026,5.14,5.23,5.06,5.19,3493788,35959888.00
20121029,5.20,5.57,5.16,5.47,7840545,85166472.00
20121030,5.47,5.61,5.40,5.58,5143274,56935240.00
20121031,5.56,5.76,5.41,5.68,6241423,70703552.00
20121101,5.65,5.83,5.56,5.78,7069317,80801416.00
20121102,5.83,5.91,5.67,5.76,5244098,60688704.00
20121105,5.75,5.83,5.58,5.71,4038400,45849948.00
20121106,5.64,5.70,5.43,5.67,5218232,58261248.00
20121107,5.63,5.79,5.58,5.58,3062086,34935196.00
20121108,5.48,5.68,5.44,5.51,2762240,30723586.00
20121109,5.52,5.71,5.49,5.69,2740211,30960806.00
20121112,5.67,5.77,5.63,5.69,2565588,29364414.00
20121113,5.74,5.74,5.49,5.60,3305074,37357828.00
20121114,5.61,5.63,5.20,5.60,5637805,61407576.00
20121115,5.53,5.57,5.43,5.53,2699697,29820256.00
20121116,5.48,5.52,5.35,5.51,2005985,21828824.00
20121119,5.48,5.53,5.28,5.51,2770689,30185186.00
20121120,5.48,5.56,5.40,5.52,1842197,20185964.00
20121121,5.48,5.55,5.42,5.55,1439509,15881531.00
20121122,5.51,5.68,5.45,5.60,1792931,20098638.00
20121123,5.60,5.76,5.60,5.72,2476725,28343756.00
20121126,5.73,5.78,5.56,5.66,3551763,40129476.00
20121127,5.63,5.72,5.43,5.57,3648736,40944104.00
20121128,5.56,5.56,5.26,5.31,3081660,33086870.00
20121129,5.31,5.35,5.23,5.35,1806849,19239302.00
20121130,5.32,5.46,5.24,5.42,1628177,17649284.00
20121203,5.35,5.47,5.27,5.38,1080894,11742579.00
20121204,5.37,5.46,5.29,5.41,1456681,15708586.00
20121205,5.41,5.71,5.40,5.67,3249878,36549740.00
20121206,5.67,6.23,5.63,5.98,8112018,97651624.00
20121207,5.99,6.12,5.83,6.06,4693517,56668824.00
20121210,6.07,6.17,5.92,6.09,4048018,48868500.00
20121211,6.06,6.09,5.83,5.85,3513010,41904480.00
20121212,5.86,6.01,5.85,5.96,2413647,28696914.00
20121213,5.95,6.04,5.89,5.91,1173951,13999435.00
20121214,5.91,6.20,5.90,6.16,3903039,47620652.00
20121217,6.20,6.33,6.11,6.11,4065503,50615016.00
20121218,6.08,6.33,6.06,6.14,2882374,35767468.00
20121219,6.13,6.24,6.08,6.11,2058897,25435508.00
20121220,6.06,6.09,5.88,6.01,2067579,24794502.00
20121221,5.98,6.09,5.96,6.00,1455076,17567286.00
20121224,5.98,6.05,5.91,5.94,1912109,22845296.00
20121225,5.91,6.15,5.91,6.12,2995821,36626076.00
20121226,6.12,6.21,6.05,6.14,2488736,30551262.00
20121227,6.14,6.27,6.06,6.06,2836265,34811904.00
20121228,6.04,6.07,5.91,5.94,3296148,39364204.00
20121231,5.91,6.23,5.88,6.23,5240680,63706128.00
20130104,6.28,6.38,6.14,6.32,4033906,50670268.00
20130107,6.27,6.41,6.13,6.30,2811796,35703908.00
20130108,6.27,6.33,6.12,6.19,2855254,35520080.00
20130109,6.19,6.31,6.16,6.29,2632111,32845966.00
20130110,6.29,6.32,6.17,6.18,2123674,26447344.00
20130111,5.98,5.98,5.68,5.85,7578044,88662872.00
20130114,5.82,6.08,5.78,6.06,4384413,51956796.00
20130115,6.01,6.13,5.96,6.09,4013435,48661456.00
20130116,6.08,6.08,5.89,5.99,2724646,32641100.00
20130117,5.99,5.99,5.90,5.92,1301524,15512133.00
20130118,5.96,5.99,5.92,5.97,1446826,17280166.00
20130121,5.93,6.08,5.93,6.06,1749526,21049946.00
20130122,6.06,6.10,5.97,6.00,1740997,21063660.00
20130123,6.01,6.11,6.00,6.08,1557865,18944712.00
20130124,6.09,6.20,5.86,5.86,2307170,27817916.00
20130125,5.69,5.83,5.45,5.72,4136213,46605652.00
20130128,5.67,5.78,5.60,5.77,1322620,15099285.00
20130129,5.76,5.78,5.65,5.72,1188036,13587670.00
20130130,5.72,5.73,5.48,5.62,2836280,31674648.00
20130131,5.57,5.59,5.48,5.52,1046824,11608299.00
20130201,5.51,5.60,5.49,5.53,1017360,11347927.00
20130204,5.54,5.64,5.52,5.58,1913243,21380394.00
20130205,5.56,5.73,5.50,5.68,1690246,19155110.00
20130206,5.67,5.72,5.63,5.67,980355,11137460.00
20130207,5.65,5.68,5.55,5.67,1196205,13446347.00
20130208,5.64,5.72,5.64,5.71,1271863,14530153.00
20130218,5.72,5.76,5.63,5.64,1584168,18026016.00
20130219,5.68,5.68,5.48,5.62,1399302,15565028.00
20130220,5.53,5.69,5.51,5.66,1255980,14182829.00
20130221,5.62,5.65,5.28,5.52,1545278,17056754.00
20130222,5.47,5.53,5.43,5.50,611082,6746282.00
20130225,5.50,5.60,5.48,5.52,850884,9432531.00
20130226,5.53,5.85,5.49,5.71,3007842,34316980.00
20130227,5.76,5.76,5.62,5.71,2009527,22882306.00
20130228,5.71,5.78,5.66,5.73,1564578,17988550.00
20130301,5.73,5.77,5.67,5.71,1449769,16653230.00
20130304,5.73,5.76,5.51,5.61,1435291,16209657.00
20130305,5.60,5.66,5.55,5.65,960335,10857617.00
20130306,5.63,6.09,5.63,6.06,3860296,46052144.00
20130307,6.04,6.32,5.93,6.17,9333197,115876360.00
20130308,6.18,6.26,5.99,6.17,9100859,111570968.00
20130311,6.16,6.78,6.13,6.76,10814778,143255504.00
20130312,6.76,6.90,6.51,6.72,6003611,80507840.00
20130313,6.66,6.93,6.66,6.83,6006864,82217288.00
20130314,6.77,7.22,6.73,7.00,6518407,92380352.00
20130315,7.00,7.26,6.81,7.18,5374665,76131072.00
20130318,7.16,7.23,6.92,7.07,3983198,56422192.00
20130319,6.93,7.07,6.79,7.03,3675159,51104336.00
20130320,6.91,7.12,6.86,7.12,3614845,50934852.00
20130321,7.12,7.40,7.02,7.25,6097623,89103400.00
20130322,7.26,7.53,7.24,7.43,3836469,56999212.00
20130325,7.40,7.58,7.27,7.43,3715793,55296768.00
20130326,7.43,7.49,7.33,7.49,3279133,48831364.00
20130327,7.50,7.58,7.35,7.48,2734030,40984268.00
20130328,7.39,7.39,7.13,7.28,4333673,63019184.00
20130329,7.24,7.31,7.08,7.19,1750676,25301020.00
20130401,7.18,7.40,6.98,7.38,2322707,33423412.00
20130402,7.38,7.48,7.25,7.38,2122593,31395838.00
20130403,7.38,7.46,7.28,7.38,1314708,19417564.00
20130408,7.28,7.58,7.16,7.46,2224832,32827688.00
20130409,7.38,7.56,7.29,7.46,2226679,33176446.00
20130410,7.52,7.71,7.41,7.64,2871174,43950320.00
20130411,7.71,7.86,7.53,7.66,2450217,37697160.00
20130412,7.53,7.62,7.42,7.47,1542492,23233914.00
20130415,7.47,7.63,7.23,7.32,1688953,25046046.00
20130416,7.11,7.37,7.11,7.32,1660729,24313230.00
20130417,7.36,7.52,7.35,7.36,1407438,20925530.00
20130418,7.46,8.10,7.36,7.76,3443696,53342440.00
20130419,7.76,8.07,7.74,8.05,3873659,61805220.00
20130422,8.39,8.46,8.03,8.11,5640628,92674624.00
20130423,7.95,8.06,7.83,7.86,2495302,39626804.00
20130424,7.86,8.03,7.68,7.97,1906202,30281596.00
20130425,7.88,8.18,7.86,7.98,1931795,30946582.00
20130426,7.93,8.13,7.88,7.88,1088246,17337304.00
20130502,7.78,8.21,7.64,7.92,2066700,32859496.00
20130503,7.92,8.12,7.92,8.06,2066778,33278738.00
20130506,7.93,8.10,7.90,8.01,2509914,40346084.00
20130507,8.12,8.12,7.70,7.81,3695132,58322628.00
20130508,7.75,7.86,7.43,7.65,3531905,53840688.00
20130509,7.65,8.08,7.58,8.02,4401846,70119608.00
20130513,8.23,8.50,8.03,8.18,4795845,79368424.00
20130514,8.04,8.08,7.88,7.99,2621360,41915192.00
20130515,7.99,8.04,7.78,7.91,3140551,49465572.00
20130516,7.91,7.91,7.69,7.83,2933883,45674708.00
20130517,7.83,7.96,7.78,7.84,1936842,30452254.00
20130520,7.84,7.99,7.79,7.98,1635494,25961174.00
20130521,7.98,8.05,7.77,7.82,3163943,49751952.00
20130522,7.86,7.86,7.72,7.73,2189691,34029844.00
20130523,7.74,7.74,7.56,7.71,2189089,33556400.00
20130524,7.81,8.20,7.81,8.08,4522807,72782304.00
20130527,7.99,8.28,7.99,8.09,5820239,94362928.00
20130528,8.09,8.21,7.86,7.98,5040245,80441688.00
20130529,8.03,8.03,7.79,7.80,2284464,35966456.00
20130530,7.80,7.87,7.67,7.81,2796171,43668456.00
20130531,7.81,7.97,7.73,7.88,1728981,27361806.00
20130603,7.89,8.10,7.78,8.05,2929436,46762748.00
20130604,8.03,8.26,7.88,8.26,3619494,58727352.00
20130605,8.27,8.96,8.25,8.82,6970844,120723832.00
20130606,8.78,9.00,8.66,8.80,4125779,72803832.00
20130607,8.73,8.92,8.55,8.90,3575966,62955936.00
20130613,8.82,8.98,8.16,8.85,5583853,97108272.00
20130614,8.63,9.11,8.63,8.93,3934310,70122896.00
20130617,8.86,8.96,8.67,8.69,2901647,50967092.00
20130618,8.67,8.75,8.33,8.67,2892108,49566740.00
20130619,8.48,9.28,8.48,9.28,6213671,112787464.00
20130620,9.23,9.23,8.89,8.98,3747019,67768056.00
20130621,8.83,9.04,8.58,8.98,2931904,52100160.00
20130624,8.93,8.99,8.08,8.08,3956408,66478420.00
20130625,7.51,8.31,7.48,8.14,6108137,96312304.00
20130626,8.01,8.54,8.01,8.14,2291356,37857200.00
20130627,8.14,8.33,7.99,8.00,2254921,37066344.00
20130628,7.89,8.08,7.61,7.73,2548515,39759588.00
20130701,7.65,7.96,7.59,7.96,1395069,21777620.00
20130702,7.96,8.30,7.93,8.21,2540920,41554084.00
20130703,8.31,8.43,8.17,8.24,1515997,25178182.00
20130704,8.23,8.49,8.17,8.47,1987756,33090788.00
20130705,8.47,8.61,8.26,8.28,1381126,23202276.00
20130708,8.16,8.18,7.83,8.08,992742,16082397.00
20130709,8.03,8.20,7.93,8.13,642448,10448916.00
20130710,8.18,8.23,8.00,8.19,1380673,22437796.00
20130711,8.20,8.42,8.12,8.31,1647454,27249498.00
20130712,8.31,8.57,8.29,8.52,2422111,41104860.00
20130715,8.54,8.73,8.50,8.66,1854290,32034056.00
20130716,8.64,8.90,8.60,8.85,1699588,29826252.00
20130717,8.83,8.98,8.63,8.69,1585460,27831996.00
20130718,8.63,8.76,8.43,8.46,1700272,29109106.00
20130719,8.43,8.64,8.23,8.24,1504033,25482646.00
20130722,8.12,8.35,8.01,8.18,1421382,23198748.00
20130723,8.18,8.58,8.18,8.57,3367987,56917716.00
20130724,8.51,8.93,8.48,8.81,3002431,52721512.00
20130725,8.85,9.43,8.82,9.06,3917185,71689384.00
20130726,9.05,9.23,8.85,9.12,1656863,29963946.00
20130729,9.12,9.18,8.56,8.68,1877581,33142878.00
20130730,8.63,8.78,8.34,8.78,1592707,27366886.00
20130731,8.90,8.90,8.54,8.68,848557,14840956.00
20130801,8.68,8.93,8.64,8.83,1411650,24984234.00
20130802,8.88,8.91,8.69,8.69,1332135,23407330.00
20130805,8.64,8.96,8.64,8.94,1567993,27629798.00
20130806,8.95,9.28,8.95,9.15,2332625,42777544.00
20130807,9.15,9.22,8.84,8.91,1363409,24531398.00
20130808,8.78,9.07,8.78,8.98,689619,12387248.00
20130809,9.17,9.21,8.78,8.86,814161,14529092.00
20130812,8.92,8.98,8.64,8.95,1561103,27591320.00
20130813,8.95,9.10,8.95,9.07,1288387,23281544.00
20130814,9.10,9.13,8.87,8.94,1298395,23380530.00
20130815,8.88,9.04,8.88,9.00,1186765,21358954.00
20130816,8.94,9.02,8.66,8.68,1225384,21817778.00
20130819,8.61,8.76,8.48,8.73,1627720,28082218.00
20130820,8.78,8.88,8.51,8.53,1710908,29735944.00
20130821,8.50,8.52,8.28,8.47,1880239,31549986.00
20130822,8.29,8.53,8.29,8.43,1209853,20360202.00
20130823,8.36,8.59,8.36,8.47,1375124,23302246.00
20130826,8.47,8.65,8.43,8.61,1027127,17650478.00
20130827,8.61,8.68,8.48,8.53,856302,14671356.00
20130828,8.49,8.59,8.33,8.34,945510,15924293.00
20130829,8.28,8.34,8.19,8.29,1108280,18329870.00
20130830,8.29,8.33,8.06,8.18,1418431,23200476.00
20130902,8.18,8.32,8.12,8.26,499772,8252689.50
20130903,8.26,8.40,8.23,8.33,667293,11147280.00
20130904,8.29,8.42,8.27,8.29,620339,10330904.00
20130905,8.26,8.32,8.18,8.31,502526,8296534.00
20130906,8.32,8.43,8.21,8.43,640677,10669583.00
20130909,8.54,8.54,8.28,8.38,1690489,28474620.00
20130910,8.36,8.38,8.21,8.27,1102708,18325946.00
20130911,8.23,8.23,8.07,8.13,1364815,22208318.00
20130912,8.11,8.17,8.08,8.13,1211990,19695170.00
20130913,8.10,8.10,7.88,7.93,1365877,21874522.00
20130916,7.91,8.14,7.72,8.14,1252090,19777452.00
20130917,8.06,8.13,7.81,7.92,906529,14454386.00
20130918,7.83,7.95,7.76,7.88,969442,15223721.00
20130923,7.91,7.97,7.82,7.95,804180,12747599.00
20130924,7.95,7.95,7.80,7.85,689692,10862684.00
20130925,7.85,7.88,7.76,7.81,637527,9991718.00
20130926,7.83,7.83,7.64,7.68,859689,13279156.00
20130927,7.73,8.08,7.49,8.08,1685757,25907120.00
20130930,8.04,8.08,7.81,8.03,1266105,20170508.00
20131008,8.06,8.35,7.91,8.22,990919,16102616.00
20131009,8.23,8.26,8.13,8.23,951677,15673940.00
20131010,8.19,8.22,8.00,8.04,1180236,19089040.00
20131011,8.11,8.11,7.90,8.03,931658,14886073.00
20131014,8.07,8.38,8.07,8.32,3729825,61602984.00
20131015,8.28,8.28,8.08,8.16,1156536,18923716.00
20131016,8.19,8.19,7.83,7.92,1670206,26708570.00
20131017,7.96,8.04,7.73,8.02,1437365,22893734.00
20131018,8.06,8.16,7.93,8.16,1067696,17368974.00
20131021,8.09,8.22,8.08,8.17,873182,14277438.00
20131022,8.15,8.33,8.12,8.21,1870857,30786628.00
20131023,8.54,9.04,8.36,8.41,4479053,77922016.00
20131024,8.31,8.36,7.98,8.02,2111349,34300496.00
20131025,8.00,8.12,7.84,7.96,1012149,16111698.00
20131028,7.88,8.05,7.86,7.92,944713,15107275.00
20131029,7.92,7.98,7.38,7.64,1770021,27154454.00
20131030,7.63,7.83,7.48,7.73,833858,12769279.00
20131031,7.73,7.73,7.54,7.60,577097,8794259.00
20131101,7.63,7.64,7.34,7.44,1322327,19738736.00
20131104,7.48,7.58,7.48,7.53,733820,11083152.00
20131105,7.48,7.57,7.43,7.55,1001366,15029017.00
20131106,7.63,7.63,7.48,7.48,518537,7846450.50
20131107,7.39,7.48,7.23,7.39,457747,6808765.00
20131108,7.31,7.43,7.13,7.33,1033334,15019329.00
20131111,7.31,7.31,7.18,7.23,747814,10831009.00
20131112,7.22,7.23,7.14,7.17,643226,9268316.00
20131113,7.17,7.26,7.13,7.13,645360,9317770.00
20131114,7.12,7.19,7.05,7.10,939075,13381911.00
20131115,7.12,7.27,7.08,7.18,2258226,32548084.00
20131118,7.18,7.38,7.18,7.33,1493654,21770140.00
20131119,7.33,7.46,7.27,7.38,1096508,16187248.00
20131120,7.35,7.40,7.31,7.37,630515,9308676.00
20131121,7.43,7.56,7.28,7.36,1025284,15271800.00
20131122,7.43,7.46,7.32,7.38,881881,13025074.00
20131125,7.33,7.43,7.15,7.33,843181,12364164.00
20131126,7.33,7.73,7.33,7.52,1079756,16316678.00
20131127,7.56,7.96,7.56,7.89,3315254,52011164.00
20131128,7.93,7.96,7.80,7.89,1780410,28024570.00
20131129,7.86,7.89,7.70,7.77,1455306,22673142.00
20131202,7.68,7.71,7.35,7.58,1613161,24427072.00
20131203,7.54,7.58,7.33,7.57,776793,11668142.00
20131204,7.60,7.63,7.54,7.60,1090093,16583404.00
20131205,7.56,7.59,7.35,7.42,1373599,20432548.00
20131206,7.43,7.43,7.25,7.32,1609033,23622218.00
20131209,7.42,7.47,7.33,7.42,826791,12318248.00
20131210,7.43,7.51,7.24,7.43,864996,12772371.00
20131211,7.28,7.44,7.28,7.42,954969,14119580.00
20131212,7.42,7.43,7.28,7.31,693036,10210454.00
20131213,7.26,7.38,7.26,7.36,347187,5092875.50
20131216,7.36,7.38,7.02,7.33,1144245,16574591.00
20131217,7.30,7.30,7.11,7.17,595669,8561837.00
20131218,7.18,7.21,7.11,7.18,404022,5804090.00
20131219,7.19,7.27,7.14,7.25,735553,10604493.00
20131220,7.33,7.60,7.23,7.51,2841179,42697240.00
20131223,7.52,7.60,7.43,7.46,1112007,16756330.00
20131224,7.48,7.52,7.42,7.51,656856,9856175.00
20131225,7.51,7.93,7.51,7.92,3372667,52730128.00
20131226,7.87,8.21,7.76,7.85,3230216,51976984.00
20131227,7.93,8.18,7.79,8.17,2316520,37203604.00
20131230,8.16,8.37,8.03,8.19,1750669,28994068.00
20131231,8.18,8.33,7.99,8.07,1168059,19069000.00
20140102,8.23,8.31,8.03,8.12,1289827,21122828.00
20140103,8.16,8.28,7.97,8.22,1662795,26999060.00
20140106,8.21,8.21,7.98,8.06,885219,14307801.00
20140107,7.96,8.21,7.90,8.08,748001,12133759.00
20140108,8.07,8.22,7.98,8.01,1048942,16920604.00
20140109,8.02,8.02,7.66,7.72,1530394,23965698.00
20140110,7.61,7.96,7.48,7.52,1609110,24936230.00
20140113,7.48,7.62,7.42,7.43,891744,13403591.00
20140114,7.45,7.48,7.37,7.48,560917,8353729.00
20140115,7.48,7.78,7.43,7.60,1476253,22600062.00
20140116,7.54,7.78,7.54,7.64,623486,9626411.00
20140117,7.64,7.67,7.43,7.58,629198,9496428.00
20140120,7.53,7.61,7.15,7.28,1470297,21546340.00
20140121,7.17,7.32,7.17,7.27,851641,12328795.00
20140122,7.26,7.52,7.18,7.50,1681787,24667218.00
20140123,7.45,7.69,7.43,7.66,2497604,37931316.00
20140124,7.66,7.87,7.60,7.65,2540010,39212676.00
20140127,7.65,7.72,7.57,7.58,1935787,29538502.00
20140128,7.58,7.81,7.56,7.76,1486390,22971602.00
20140129,7.73,7.88,7.68,7.83,1177893,18420570.00
20140130,7.92,7.93,7.72,7.72,813418,12779526.00
20140207,7.68,7.97,7.54,7.90,1291808,20155210.00
20140210,7.91,8.17,7.91,8.15,3142308,50830872.00
20140211,8.14,8.36,8.08,8.16,4193991,68929056.00
20140212,8.16,8.16,7.90,7.95,3090142,49458904.00
20140213,7.96,8.03,7.74,7.74,3991979,63479248.00
20140214,7.74,7.90,7.69,7.88,1765782,27598684.00
20140217,7.89,7.97,7.70,7.83,3753720,58439592.00
20140218,7.83,7.96,7.74,7.91,3014946,47384160.00
20140219,7.92,7.92,7.73,7.84,2651006,41436808.00
20140220,7.83,7.97,7.59,7.74,2832956,43920304.00
20140221,7.76,7.76,7.38,7.41,2577081,38792908.00
20140224,7.30,7.49,7.27,7.49,2510472,36958028.00
20140225,7.48,7.50,7.13,7.13,2174139,32062188.00
20140226,7.12,7.12,6.91,6.99,2520480,35359132.00
20140227,6.98,7.11,6.73,6.73,2127860,29637552.00
20140228,6.73,6.77,6.37,6.55,3578864,46664628.00
20140303,6.55,6.76,6.49,6.60,2583108,34423376.00
20140304,6.63,6.68,6.59,6.63,1882785,25033930.00
20140305,6.63,6.70,6.61,6.63,1288789,17195456.00
20140306,6.64,6.87,6.64,6.85,2788979,37926468.00
20140307,6.87,6.91,6.74,6.75,1474102,20132640.00
20140310,6.75,6.85,6.58,6.65,1896457,25558036.00
20140311,6.60,6.85,6.60,6.84,1468531,19925268.00
20140312,6.90,6.90,6.71,6.80,1281298,17491210.00
20140313,6.74,6.92,6.73,6.92,1941195,26763838.00
20140314,6.94,7.01,6.86,6.93,967893,13484389.00
20140317,6.88,7.03,6.86,6.91,1475045,20519678.00
20140318,6.91,6.97,6.88,6.89,1237776,17179982.00
20140319,6.86,6.90,6.73,6.79,1145996,15585078.00
20140320,6.79,6.88,6.72,6.72,891959,12167606.00
20140321,6.70,6.85,6.66,6.81,860416,11643365.00
20140324,6.86,7.00,6.79,6.99,1643611,22715924.00
20140325,6.95,7.07,6.93,7.01,3027628,42450840.00
20140326,7.00,7.12,6.95,6.98,3000897,42245992.00
20140327,6.98,7.02,6.90,6.94,1151217,16046264.00
20140328,6.88,7.18,6.88,6.96,2843516,39926540.00
20140331,6.92,6.98,6.61,6.70,1740170,23669338.00
20140401,6.70,6.83,6.63,6.82,1342677,18066904.00
20140402,6.79,6.83,6.74,6.83,588103,7996576.50
20140403,6.90,7.01,6.75,6.95,3247398,44622348.00
20140404,6.88,6.91,6.83,6.88,1406959,19363056.00
20140408,6.88,6.94,6.79,6.93,806694,11153080.00
20140409,6.93,6.96,6.89,6.94,1073666,14923059.00
20140410,7.03,7.17,6.99,7.03,1882085,26702606.00
20140411,7.06,7.13,7.03,7.06,1322746,18743974.00
20140414,7.11,7.11,7.02,7.04,1640552,23171686.00
20140415,7.13,7.13,6.96,6.99,1667897,23428368.00
20140416,7.04,7.04,6.91,6.92,746857,10415441.00
20140417,6.96,6.96,6.80,6.85,1077949,14792431.00
20140418,6.80,6.89,6.80,6.89,603381,8303657.00
20140421,6.88,6.89,6.81,6.82,630734,8658820.00
20140422,6.87,6.87,6.71,6.83,1106620,15057605.00
20140423,6.89,6.89,6.74,6.79,744638,10121188.00
20140424,6.75,6.80,6.67,6.70,682665,9197477.00
20140425,6.67,6.71,6.49,6.64,1169327,15585242.00
20140428,6.66,6.70,6.52,6.63,1031143,13692594.00
20140429,6.68,6.76,6.59,6.72,860787,11584639.00
20140430,6.76,6.76,6.69,6.73,645891,8718865.00
20140505,6.81,6.90,6.71,6.86,1463678,19950628.00
20140506,6.90,6.90,6.71,6.75,1168196,15927192.00
20140507,6.71,6.88,6.66,6.72,1869720,25382768.00
20140508,6.71,6.76,6.66,6.69,1067605,14386953.00
20140509,6.69,6.69,6.02,6.28,5553900,69111104.00
20140512,6.28,6.53,6.19,6.48,3293007,41638708.00
20140513,6.41,6.58,6.40,6.49,1618840,21095954.00
20140514,6.49,6.53,6.41,6.41,1019273,13200125.00
20140515,6.38,6.48,6.13,6.17,2591906,16280167.00
20140516,6.16,6.23,6.04,6.10,2027219,12439687.00
20140519,6.12,6.19,6.03,6.18,2719930,16619941.00
20140520,6.18,6.38,6.16,6.30,2845495,17994786.00
20140521,6.27,6.31,6.16,6.28,2338813,14629067.00
20140522,6.29,6.29,6.14,6.16,1985531,12334345.00
20140523,6.16,6.18,6.05,6.08,2288249,13961123.00
20140526,6.12,6.16,6.00,6.13,2623505,16021843.00
20140527,6.13,6.75,6.10,6.75,10116719,66484940.00
20140528,6.93,7.15,6.81,7.08,15280523,107167912.00
20140529,6.99,7.22,6.90,7.13,8684294,61437696.00
20140530,7.06,7.14,6.89,6.97,5115267,35967336.00
20140603,7.00,7.14,6.93,7.10,4867277,34485100.00
20140604,6.96,7.09,6.86,6.99,3255766,22722820.00
20140605,6.93,7.14,6.91,7.07,3476221,24647900.00
20140606,7.05,7.34,7.05,7.15,4781604,34589204.00
20140609,7.15,7.17,6.94,7.08,3699649,26030180.00
20140610,7.08,7.25,7.02,7.25,3749805,26858822.00
20140611,7.23,7.47,7.15,7.18,5911438,43244724.00
20140612,7.10,7.37,7.03,7.28,3179041,22829492.00
20140613,7.24,7.26,7.08,7.21,2478643,17857948.00
20140616,7.22,7.28,7.03,7.07,6943716,49438380.00
20140617,7.09,7.13,6.98,7.05,3262698,23057422.00
20140618,7.03,7.09,6.93,7.00,2726570,19131610.00
20140619,6.93,7.13,6.78,6.86,4760686,33139958.00
20140620,6.88,7.06,6.79,7.05,2037421,14235172.00
20140623,7.02,7.19,6.94,7.18,2993456,21204802.00
20140624,7.18,7.23,7.11,7.16,1961722,14071032.00
20140625,7.16,7.24,7.10,7.16,3661072,26392208.00
20140626,7.16,7.23,7.12,7.17,3556815,25601960.00
20140627,7.13,7.21,7.11,7.14,3224780,23180662.00
20140630,7.08,7.19,7.08,7.17,2494234,17855820.00
20140701,7.17,7.51,7.13,7.50,12513094,92998608.00
20140702,7.49,7.62,7.40,7.53,8196029,61690120.00
20140703,7.53,7.86,7.43,7.76,9100842,70382176.00
20140704,7.77,7.91,7.73,7.86,6246092,49118580.00
20140707,8.04,8.11,7.64,7.68,5960719,46869336.00
20140708,7.70,7.72,7.49,7.65,4576733,34805516.00
20140709,7.61,7.77,7.38,7.38,4864480,36866332.00
20140710,7.40,7.47,7.23,7.29,4893589,35889616.00
20140711,7.32,7.42,7.26,7.37,4469728,32791360.00
20140714,7.43,7.50,7.36,7.40,3662476,27222706.00
20140715,7.40,7.43,7.26,7.30,3178471,23336360.00
20140716,7.27,7.39,7.27,7.33,2596997,19076912.00
20140717,7.28,7.30,6.88,6.95,7018932,49690480.00
20140718,6.96,7.17,6.96,7.00,3617319,25611786.00
20140721,7.03,7.06,6.74,6.76,3917929,26884314.00
20140722,6.86,6.95,6.72,6.90,4863575,33349470.00
20140723,6.91,6.94,6.77,6.78,3458735,23770326.00
20140724,6.78,6.84,6.57,6.67,4992057,33331598.00
20140725,6.67,6.70,6.55,6.68,5686147,37731048.00
20140728,6.73,6.84,6.69,6.78,6526473,44465648.00
20140729,6.81,7.13,6.81,7.03,8067981,56732228.00
20140730,7.04,7.14,6.95,6.98,5244413,36894072.00
20140731,6.98,7.10,6.97,7.01,3833165,26940622.00
20140801,7.01,7.02,6.91,6.91,5177775,36154908.00
20140804,6.96,7.27,6.91,7.26,12762032,91399784.00
20140805,7.28,7.28,7.18,7.26,5701462,41325932.00
20140806,7.20,7.43,7.20,7.39,8158873,60003224.00
20140807,7.34,7.44,7.27,7.31,4805536,35459336.00
20140808,7.31,7.50,7.31,7.44,6187404,46090856.00
20140811,7.48,7.69,7.44,7.54,8296639,62830572.00
20140812,7.56,7.63,7.50,7.62,6521683,49460652.00
20140813,7.65,8.03,7.55,7.87,12866177,101269640.00
20140814,7.88,8.66,7.81,8.47,21345839,176717776.00
20140815,8.52,8.64,8.25,8.40,13112532,110419832.00
20140818,8.39,8.78,8.33,8.75,15215307,130647088.00
20140819,8.77,8.88,8.49,8.79,10303764,89523888.00
20140820,8.77,8.84,8.63,8.63,8213518,71692520.00
20140821,8.59,8.63,8.33,8.42,11236274,94997480.00
20140822,8.40,8.57,8.34,8.56,8232100,69732360.00
20140825,8.79,9.42,8.79,9.09,19733476,181356608.00
20140826,8.83,9.32,8.73,9.04,14217609,128318744.00
20140827,9.01,9.31,8.86,8.98,8426050,77018496.00
20140828,9.02,9.07,8.80,8.97,5668528,50554928.00
20140829,8.89,9.04,8.73,8.93,4688377,41784200.00
20140901,8.96,9.19,8.82,9.18,6628494,60424952.00
20140902,9.18,9.50,9.18,9.36,8472436,79542032.00
20140903,9.36,9.53,9.19,9.24,12040236,112734912.00
20140904,9.24,9.34,9.05,9.24,10965111,100752192.00
20140905,9.31,9.31,9.06,9.18,8494240,77784184.00
20140909,9.15,9.20,9.03,9.10,6562131,59770768.00
20140910,9.08,9.48,9.02,9.47,10962666,101916488.00
20140911,9.38,9.57,9.29,9.35,8500029,80521696.00
20140912,9.32,9.67,9.30,9.56,8315130,79438024.00
20140915,9.58,9.82,9.48,9.68,6948495,67517656.00
20140916,9.68,9.77,9.32,9.33,8369571,79796256.00
20140917,9.28,9.46,9.20,9.38,5712868,53445216.00
20140918,9.31,9.46,9.31,9.46,3441352,32412142.00
20140919,9.49,9.72,9.49,9.63,4969193,47896956.00
20140922,9.64,9.67,9.36,9.40,4410785,41777920.00
20140923,9.41,9.49,9.38,9.46,2629861,24834516.00
20140924,9.46,9.56,9.43,9.52,4245438,40358732.00
20140925,9.50,9.57,9.33,9.38,6262056,59141220.00
20140926,9.38,9.39,9.13,9.20,7089907,65437132.00
20140929,9.20,9.27,9.08,9.18,6474014,59509960.00
20140930,9.19,9.45,9.05,9.45,9653088,88403984.00
20141008,9.46,9.48,9.31,9.40,6197684,58323900.00
20141009,9.40,9.48,9.25,9.32,8637907,81257848.00
20141010,9.30,9.31,8.94,9.02,11053175,100662360.00
20141013,9.00,9.00,8.68,8.81,8596713,75902144.00
20141014,8.79,8.93,8.63,8.79,7769150,68489216.00
20141015,8.78,8.98,8.74,8.93,6186458,54826388.00
20141016,8.88,9.42,8.84,9.33,17016285,157883136.00
20141017,9.27,9.27,8.57,8.98,11230599,100828192.00
20141020,8.92,9.13,8.79,9.13,12581946,113458096.00
20141021,9.13,9.20,8.95,9.00,4691470,42559792.00
20141022,8.95,9.67,8.88,9.50,18423657,171756816.00
20141023,9.48,10.45,9.39,10.45,41851714,424801024.00
20141024,10.76,11.50,10.69,11.12,59712992,671993664.00
20141027,11.50,12.23,11.08,11.39,53625521,620122560.00
20141028,11.39,11.85,10.97,11.79,56522602,646664192.00
20141029,11.58,12.16,11.37,11.84,59365467,697646656.00
20141030,11.61,11.90,11.28,11.34,34185441,395603392.00
20141031,11.19,11.34,10.98,11.24,23320019,260563712.00
20141103,11.24,11.68,11.24,11.42,24117820,277238720.00
20141104,11.28,11.67,11.14,11.17,20038089,228892320.00
20141105,11.17,11.21,10.72,10.89,16394484,179000624.00
20141106,10.95,11.14,10.80,10.98,14996952,164615632.00
20141107,10.98,11.33,10.78,10.83,22285365,248784432.00
20141110,10.73,10.98,10.47,10.98,20439029,219369552.00
20141111,10.88,10.98,10.29,10.40,19586637,208275664.00
20141112,10.48,11.32,10.36,11.17,22429745,244404480.00
20141113,11.08,11.43,11.05,11.15,21722789,244565280.00
20141114,11.01,11.51,10.88,11.29,17263018,194247008.00
20141117,11.43,11.83,11.28,11.51,21508058,248965440.00
20141118,11.48,11.48,11.12,11.13,13638833,153345472.00
20141119,10.88,11.06,10.63,10.79,16346425,177494432.00
20141120,10.78,11.87,10.63,11.25,26850978,305681408.00
20141121,11.07,11.48,10.97,11.23,18409871,208083296.00
20141124,11.38,11.66,11.18,11.43,17425167,199540592.00
20141125,11.61,12.18,11.59,11.90,29333732,348742240.00
20141126,12.07,12.56,11.57,12.33,40042577,482231360.00
20141127,12.27,12.28,11.88,12.03,21885132,264464832.00
20141128,11.76,12.38,11.37,12.08,34644200,407741824.00
20141201,11.87,12.08,11.63,11.63,15598761,184699680.00
20141202,11.61,11.74,11.49,11.53,18176610,211434880.00
20141203,11.61,11.75,11.23,11.49,18543220,211709184.00
20141204,11.58,11.93,11.49,11.81,28173889,331530048.00
20141205,11.66,11.71,10.72,11.54,21472158,244009648.00
20141208,11.48,11.52,11.06,11.18,14970189,169380576.00
20141209,11.18,11.18,10.42,10.67,18062246,194801168.00
20141210,10.58,11.23,10.48,10.99,11524350,126102408.00
20141211,11.00,11.23,10.88,11.16,7283842,80825464.00
20141212,11.24,11.81,11.05,11.74,19583780,226324144.00
20141215,11.83,12.16,11.63,11.97,21789436,260946736.00
20141216,11.96,12.00,11.59,11.73,16389316,193253424.00
20141217,11.74,11.87,11.43,11.61,11638782,135623344.00
20141218,11.58,12.12,11.38,11.82,15744579,186182672.00
20141219,11.72,11.97,11.43,11.62,13605038,158720416.00
20141222,11.58,11.61,10.46,10.48,20042714,214330576.00
20141223,10.44,10.63,9.49,10.46,16506442,166259136.00
20141224,10.86,11.26,10.65,10.76,12558430,136990848.00
20141225,10.75,11.17,10.64,10.88,9856545,107405784.00
20141226,10.83,10.90,10.63,10.88,8748287,94014392.00
20141229,10.87,10.87,10.34,10.48,8797239,92942200.00
20141230,10.69,11.03,10.05,11.03,12725277,134676816.00
20141231,11.20,11.94,11.14,11.28,21314595,244107280.00
20150105,11.48,11.66,10.92,10.98,16342084,181728496.00
20150106,10.88,10.88,10.28,10.74,16844942,179634160.00
20150107,10.80,10.85,10.63,10.66,9281590,99679504.00
20150108,10.63,10.63,10.29,10.48,10183488,106790104.00
20150109,10.46,10.65,10.27,10.38,7526386,78944376.00
20150112,10.38,10.39,10.10,10.27,7850588,80404360.00
20150113,10.26,10.58,10.20,10.50,6745232,70560104.00
20150114,10.48,10.54,10.24,10.38,5561462,57643496.00
20150115,10.29,10.56,10.29,10.38,5681203,59261284.00
20150116,10.33,10.56,10.29,10.50,8435663,88186664.00
20150119,10.28,10.28,9.58,10.13,11331886,113848024.00
20150120,10.06,10.25,10.03,10.25,8698670,88509752.00
20150121,10.29,10.55,10.24,10.49,11567606,120501696.00
20150122,10.46,10.55,10.37,10.52,8435670,88469240.00
20150123,10.55,10.67,10.43,10.58,10897643,115003728.00
20150126,10.60,10.61,10.43,10.60,9378409,98946056.00
20150127,10.68,11.33,10.59,11.24,32951620,366164032.00
20150128,11.18,11.35,10.96,10.97,12189041,135921616.00
20150129,11.00,11.28,10.92,10.97,8996635,99702192.00
20150130,11.15,11.16,10.56,10.68,9459624,102047552.00
20150202,10.38,10.54,10.18,10.39,5212692,54265536.00
20150203,10.36,10.50,10.33,10.41,6326347,65964056.00
20150204,10.47,10.59,10.37,10.49,7219982,75872120.00
20150205,10.53,10.60,10.32,10.33,7860648,82153376.00
20150206,10.37,10.40,10.03,10.11,5521370,56166108.00
20150209,9.99,10.21,9.99,10.08,6058224,61347192.00
20150210,10.16,10.25,10.07,10.18,5699696,58113836.00
20150211,10.18,10.44,10.16,10.28,7270263,74979544.00
20150212,10.28,10.40,10.23,10.32,6968159,72178400.00
20150213,10.31,10.47,10.27,10.36,12734223,132128832.00
20150216,10.38,10.58,10.33,10.54,11710623,122705552.00
20150217,10.56,10.61,10.44,10.51,6343808,66788592.00
20150225,10.57,10.58,10.38,10.44,5346513,56067148.00
20150226,10.40,10.58,10.38,10.57,10081937,106212560.00
20150227,10.60,10.86,10.60,10.73,11294664,121206064.00
20150302,10.95,11.81,10.94,11.47,29880968,341961984.00
20150303,11.51,11.95,11.26,11.48,31384140,367312928.00
20150304,11.45,11.66,11.28,11.50,17306923,198186592.00
20150305,11.48,12.03,11.38,11.95,26767522,316789312.00
20150306,11.93,12.18,11.66,11.78,18877307,225098720.00
20150309,11.68,12.48,11.68,11.79,19711253,238053200.00
20150310,11.79,12.07,11.55,11.59,15890359,187752160.00
20150311,11.55,12.34,11.46,12.29,24999570,299512000.00
20150312,12.24,12.86,12.00,12.55,32782985,410016992.00
20150313,12.48,12.95,12.45,12.61,17620346,224125680.00
20150316,12.75,12.88,12.50,12.80,24983082,317712960.00
20150317,12.79,13.55,12.79,13.23,26589004,351150848.00
20150318,13.33,13.58,13.08,13.37,20286028,271063520.00
20150319,13.24,13.66,12.81,13.11,20719883,275032192.00
20150320,13.15,13.44,12.98,13.13,15675948,207036352.00
20150323,13.16,13.47,13.01,13.25,23237092,307760512.00
20150324,13.07,13.07,12.39,12.82,33561630,430758304.00
20150325,12.69,13.06,12.51,12.83,19015226,243147568.00
20150326,12.84,12.97,12.49,12.74,15053018,191840384.00
20150327,12.43,12.76,12.41,12.74,13152110,166051360.00
20150330,12.77,13.30,12.77,13.11,24482032,321139104.00
20150331,13.28,13.50,12.82,12.96,18026316,236146912.00
20150401,12.94,13.38,12.93,13.37,19742823,261666800.00
20150402,13.38,14.71,13.37,14.67,45976696,663810944.00
20150403,14.57,14.96,14.26,14.65,29819996,434585664.00
20150407,14.69,16.01,14.69,15.33,28987434,447208320.00
20150408,15.43,15.73,14.58,14.98,22786538,342679552.00
20150409,14.87,15.34,14.18,14.68,17026446,249998768.00
20150410,14.68,15.48,14.28,15.18,20322033,306211328.00
20150413,15.33,15.83,15.18,15.65,21180485,330495264.00
20150414,15.59,17.22,15.48,17.22,32278646,536258560.00
20150415,17.33,18.28,16.90,17.43,31698353,559973248.00
20150416,16.98,17.13,15.69,16.68,19172699,320605408.00
20150417,16.69,17.17,15.78,16.30,30492084,495800224.00
20150420,16.28,16.98,15.58,15.86,30803101,493259872.00
20150421,15.78,16.70,15.69,16.58,23218786,376287872.00
20150422,17.18,17.45,16.57,16.81,30493546,516306048.00
20150423,16.58,16.98,16.51,16.58,21318137,356624736.00
20150424,16.38,16.58,15.82,16.19,19979965,323153312.00
20150427,16.33,16.55,16.08,16.40,21200099,346032800.00
20150428,16.21,16.59,15.66,15.74,18478440,295254080.00
20150429,15.58,16.04,15.28,15.94,11241898,178248176.00
20150430,15.99,16.52,15.99,16.26,13279463,217198608.00
20150504,16.58,17.27,16.53,17.21,32644051,551442624.00
20150505,17.24,17.35,16.53,16.58,18727635,315288704.00
20150506,16.68,17.70,16.42,17.21,30664808,525998400.00
20150507,17.22,18.55,17.16,17.99,27242065,489746112.00
20150508,17.78,18.98,17.56,18.98,24912112,457238464.00
20150511,19.19,19.43,18.61,19.09,24284831,461321216.00
20150512,18.93,19.28,18.38,19.28,18731282,351994208.00
20150513,19.33,20.75,19.32,19.44,24927312,500399072.00
20150514,19.44,19.44,18.18,18.58,22939689,430119040.00
20150515,18.38,19.64,18.14,18.82,19590785,374149568.00
20150518,18.62,19.96,18.31,19.51,22254064,433419328.00
20150519,19.55,20.38,19.54,19.80,23018707,459264832.00
20150520,20.03,20.48,19.68,19.90,28598663,571946752.00
20150521,20.87,21.89,20.87,21.89,36430511,789243008.00
20150522,21.93,24.08,21.37,24.08,31197131,719765120.00
20150525,24.08,25.98,22.58,24.56,33532750,822874816.00
20150526,24.58,26.94,24.48,26.87,31906288,821003200.00
20150527,26.53,26.87,25.44,25.79,27542118,715939840.00
20150528,25.78,25.78,23.21,23.21,30583160,742870528.00
20150529,22.98,23.98,21.06,22.94,23043675,527501376.00
20150601,23.78,25.11,23.48,24.76,23963206,584362048.00
20150602,24.80,26.89,24.80,26.51,24475813,636188544.00
20150603,26.58,27.48,25.46,25.79,28108608,737930368.00
20150604,24.18,25.43,23.21,24.00,38421609,924451776.00
20150605,24.48,26.40,23.39,26.40,63830533,1602170496.00
20150608,26.86,26.86,24.68,25.08,39619269,1005284736.00
20150609,24.57,25.28,23.53,23.81,29701442,720975296.00
20150610,24.07,24.67,23.80,24.36,23690284,575968384.00
20150611,24.28,26.56,23.98,25.66,32675150,822313344.00
20150612,26.03,27.37,25.58,26.57,41340205,1101681408.00
20150615,26.84,27.78,24.97,25.02,49293398,1279961472.00
20150616,24.72,25.36,23.65,25.06,27342323,668415936.00
20150617,24.98,25.63,23.64,25.63,25861650,639278976.00
20150618,25.38,27.43,24.99,25.31,38866529,1020635200.00
20150619,24.12,24.93,22.78,22.78,27659625,656436352.00
20150623,22.78,22.79,20.50,21.10,25070342,529520896.00
20150624,21.33,21.87,19.83,20.97,33559661,698015616.00
20150625,20.99,21.20,18.98,19.37,24429198,492403936.00
20150626,18.48,18.48,17.43,17.43,19371168,340819168.00
20150629,17.43,17.43,15.69,15.69,23927042,380028224.00
20150630,14.12,16.83,14.12,16.24,55064079,812577152.00
20150701,15.98,16.53,14.61,14.61,38880500,605653568.00
20150702,14.38,14.38,13.15,13.15,24591034,327276672.00
20150703,11.86,12.75,11.83,11.83,34425427,412448000.00
20150706,13.00,13.00,10.65,10.65,49799112,552568640.00
20150707,9.78,9.78,9.58,9.58,18570438,178918704.00
20150807,10.54,10.54,10.54,10.54,760184,8027543.00
20150810,11.60,11.60,11.60,11.60,328578,3818076.25
20150811,12.76,12.76,12.76,12.76,10122116,129360640.00
20150812,13.14,13.78,12.89,13.62,78970958,1062206400.00
20150813,13.17,13.52,12.79,13.42,45512505,602525952.00
20150814,13.42,14.18,13.42,13.93,42719421,591569152.00
20150817,13.97,14.25,13.49,13.75,32705528,450824544.00
20150818,13.76,13.86,12.37,12.37,34408744,449881920.00
20150819,11.98,12.95,11.17,12.77,32534137,390358656.00
20150820,12.44,13.18,12.18,12.59,24158413,307793088.00
20150821,11.99,12.48,11.38,11.58,23301073,277146784.00
20150824,10.92,10.92,10.42,10.42,8862362,93148512.00
20150825,9.38,9.74,9.38,9.38,44018950,415663712.00
20150826,9.62,9.98,8.73,8.98,24449593,230157328.00
20150827,9.28,9.87,9.08,9.79,23995364,226384992.00
20150828,10.11,10.56,9.76,10.52,23399695,236417104.00
20150831,10.46,11.47,10.08,10.83,26057345,277800128.00
20150901,10.49,10.56,9.75,9.90,17818631,180026976.00
20150902,9.04,10.37,8.92,8.93,19841766,185263248.00
20150907,9.01,9.64,9.01,9.45,18586170,175686000.00
20150908,9.56,10.03,9.00,9.96,14669623,139007792.00
20150909,10.03,10.63,9.96,10.48,19174098,197901728.00
20150910,10.18,10.46,9.98,9.98,12070156,123732944.00
20150911,10.00,10.28,9.89,10.08,8056884,81401184.00
20150914,10.08,10.28,9.07,9.07,14127300,134169528.00
20150915,8.98,9.40,8.44,8.84,10156390,91542264.00
20150916,8.90,9.73,8.81,9.65,11650274,107582800.00
20150917,9.48,10.17,9.29,9.44,15874492,155905056.00
20150918,9.57,9.82,9.48,9.68,9621527,93003752.00
20150921,9.58,10.33,9.42,10.18,12133990,120938800.00
20150922,10.18,10.43,9.95,10.13,12965763,131782416.00
20150923,9.88,10.40,9.79,10.28,13718250,139676880.00
20150924,10.41,10.48,9.86,10.15,17322383,174704096.00
20150925,10.03,10.03,9.43,9.50,11407482,111206824.00
20150928,9.52,9.67,9.33,9.59,4806791,45824604.00
20150929,9.35,9.56,9.29,9.41,7570995,71763632.00
20150930,9.46,9.58,9.32,9.38,5778102,54643440.00
20151008,9.69,10.10,9.51,10.06,14797606,146415808.00
20151009,10.08,10.98,9.98,10.53,19112077,199318784.00
20151012,10.40,11.28,10.18,10.91,28451082,307618688.00
20151013,10.81,11.43,10.63,11.21,19485959,216686288.00
20151014,11.16,12.21,11.14,11.33,27806058,325085536.00
20151015,11.28,11.91,11.26,11.80,19358141,226481392.00
20151016,11.68,12.15,11.23,11.61,30338977,351877248.00
20151019,11.85,12.17,11.57,11.79,23878497,283055616.00
20151020,11.79,12.00,11.49,11.99,19263008,226769376.00
20151021,11.96,12.00,10.79,10.79,25066332,285401056.00
20151022,10.58,11.28,10.58,11.08,23418295,256336496.00
20151023,11.03,11.64,10.88,11.53,24434011,276379712.00
20151026,11.71,12.69,11.47,12.69,49110669,592790656.00
20151027,12.65,13.06,11.84,12.69,30420085,375988224.00
20151028,12.40,13.40,12.40,13.04,34741970,452650080.00
20151029,13.18,13.36,12.65,12.83,16920536,218550336.00
20151030,12.78,12.85,12.38,12.44,16873649,212652944.00
20151102,12.28,12.89,11.78,12.41,14944805,186614256.00
20151103,12.41,12.61,12.09,12.51,12363712,154005840.00
20151104,12.48,13.31,12.39,13.00,21845455,282609600.00
20151105,12.93,13.16,12.38,12.58,21674744,275831936.00
20151106,12.37,13.33,12.10,13.19,30696801,393954752.00
20151109,13.20,14.16,12.96,13.98,34562595,470874816.00
20151110,13.78,14.07,13.36,13.79,24486334,335412288.00
20151111,13.79,14.03,13.42,13.79,17884242,244884032.00
20151112,13.77,14.81,13.77,14.23,28615073,413777824.00
20151113,13.87,13.88,13.28,13.31,22588602,306080544.00
20151116,12.98,13.42,12.56,13.37,22455870,291313408.00
20151117,13.48,13.61,12.78,12.92,26323926,347656480.00
20151118,12.88,13.19,12.68,12.75,12892269,166959776.00
20151119,12.77,13.02,12.49,12.96,14157598,180337632.00
20151120,12.98,13.32,12.88,13.18,15301755,201123088.00
20151123,13.18,13.26,12.78,12.82,16480309,214315344.00
20151124,12.74,13.68,12.74,13.56,24982211,332363360.00
20151125,13.39,13.77,13.39,13.66,20329306,276395040.00
20151126,13.58,13.94,13.43,13.66,16563277,226864224.00
20151127,13.58,14.36,12.99,12.99,30407859,419594592.00
20151130,13.08,14.29,12.48,14.14,29386541,396569504.00
20151201,14.15,14.98,13.79,14.59,41961889,607415936.00
20151202,14.57,14.57,13.38,13.86,24246335,337721024.00
20151203,13.73,14.24,13.73,14.19,13651056,191631920.00
20151204,14.18,14.81,13.98,14.65,26358372,381131776.00
20151207,14.50,14.58,14.07,14.40,19121876,274031680.00
20151208,14.05,14.33,13.73,13.73,17347294,241998528.00
20151209,13.66,13.78,13.16,13.26,13353881,179784592.00
20151210,13.57,13.63,13.05,13.05,9257734,123653304.00
20151211,13.08,13.44,12.96,13.24,7970750,105345824.00
20151214,13.18,13.32,12.82,13.31,9763782,127779664.00
20151215,13.19,13.47,13.17,13.33,9266083,123420896.00
20151216,13.35,13.78,13.24,13.60,13628476,184537248.00
20151217,13.61,13.93,13.60,13.83,14126042,194308416.00
20151218,13.77,13.95,13.23,13.32,15382724,208617584.00
20151221,13.38,14.22,13.29,14.00,21538837,298216096.00
20151222,13.90,14.26,13.68,13.85,13626900,189348272.00
20151223,13.66,13.85,13.18,13.28,18830408,253608688.00
20151224,13.25,13.28,13.01,13.14,10178474,133667800.00
20151225,13.16,13.34,13.08,13.26,8757213,116003360.00
20151228,13.27,13.40,12.88,12.88,11828136,155736896.00
20151229,12.48,12.77,12.38,12.72,13516267,170381744.00
20151230,12.68,13.18,12.68,13.11,9227787,120324272.00
20151231,13.14,13.32,12.78,12.78,7650921,100368352.00
20160104,12.75,12.75,11.50,11.51,9740367,119787936.00
20160105,10.37,11.56,10.37,11.16,15311270,170315152.00
20160106,11.26,11.64,11.17,11.49,11423376,130493160.00
20160107,11.18,11.28,10.34,10.34,2613500,28081310.00
20160108,10.58,10.97,9.30,10.42,13788622,143945152.00
20160111,10.14,10.33,9.38,9.38,11533202,113825128.00
20160112,9.41,9.65,8.88,9.37,10100433,93400848.00
20160113,9.39,9.71,9.20,9.25,7504692,70994704.00
20160114,8.96,9.98,8.68,9.75,9432113,88773416.00
20160115,9.76,9.90,9.19,9.44,7960085,76577816.00
20160118,9.40,9.76,9.25,9.63,5427639,51993100.00
20160119,9.59,10.09,9.48,10.09,9392125,92179904.00
20160120,9.98,10.08,9.64,9.75,7372168,72898104.00
20160121,9.56,9.78,9.38,9.39,6464870,61867952.00
20160122,9.46,9.63,9.33,9.52,5224208,49590696.00
20160125,9.59,9.74,9.52,9.57,3620815,34922416.00
20160126,9.59,9.59,8.87,8.90,6480880,60338984.00
20160127,9.14,9.14,8.46,9.08,6471837,57323456.00
20160128,8.94,9.16,8.71,8.86,4133916,37406752.00
20160129,8.87,9.24,8.86,9.11,5188617,46931584.00
20160201,9.12,9.16,8.74,8.90,4022785,35997240.00
20160202,8.90,9.47,8.90,9.33,5359350,49330204.00
20160203,9.16,9.42,9.03,9.17,6864867,63494396.00
20160204,9.26,9.45,9.14,9.41,9130735,85704552.00
20160205,9.41,9.58,9.39,9.49,5350790,50832152.00
20160215,9.13,9.66,9.07,9.51,4871079,45522720.00
20160216,9.98,10.18,9.70,9.96,8849789,88438440.00
20160217,9.98,10.38,9.96,10.04,14405122,146327232.00
20160218,10.18,10.22,9.72,9.72,13319098,132668200.00
20160219,9.69,9.86,9.66,9.72,8479202,82816512.00
20160222,9.85,10.18,9.75,10.13,11002860,109276696.00
20160223,10.20,10.42,9.92,10.03,10868410,110849928.00
20160224,9.94,10.42,9.74,10.33,18565408,186151184.00
20160225,10.31,10.33,9.30,9.30,16275527,160632832.00
20160226,9.46,9.53,8.90,9.23,10510136,97415872.00
20160229,9.21,9.21,8.31,8.33,12657484,106854400.00
20160301,8.30,8.46,7.88,8.26,8284036,68375624.00
20160302,8.29,8.76,8.12,8.60,13092445,110772832.00
20160303,8.58,8.85,8.53,8.73,10618997,92451560.00
20160304,8.61,8.75,8.06,8.20,14845532,124569824.00
20160307,8.21,8.86,8.21,8.61,13386276,115073920.00
20160308,8.60,8.87,8.23,8.83,10147216,86565728.00
20160309,8.63,9.15,8.49,8.77,8308307,73374352.00
20160310,8.80,8.97,8.50,8.57,5892687,51216880.00
20160311,8.44,8.58,8.34,8.40,3397688,28853770.00
20160314,8.63,8.91,8.50,8.65,6990786,61103508.00
20160315,8.64,8.83,8.58,8.61,6076396,52981312.00
20160316,8.68,8.91,8.54,8.76,8255444,72418808.00
20160317,8.73,9.08,8.64,9.06,12718772,113355312.00
20160318,8.98,9.94,8.98,9.63,14560142,138016576.00
20160321,9.64,10.18,9.63,9.91,11867403,117900720.00
20160322,9.68,10.17,9.63,9.71,17377488,169929248.00
20160323,9.67,10.01,9.63,9.91,12268697,120557416.00
20160324,9.81,9.90,9.64,9.73,12218933,119393016.00
20160325,9.67,9.87,9.56,9.78,11290253,109780048.00
20160328,9.78,10.16,9.77,9.90,12288816,122944400.00
20160329,9.90,10.12,9.56,9.84,17255243,170317840.00
20160330,9.91,10.13,9.83,10.05,12910805,129308728.00
20160331,10.18,10.77,10.00,10.64,25166162,260406832.00
20160401,10.49,10.58,10.20,10.45,13193837,137117776.00
20160405,10.42,10.90,10.38,10.76,12986980,139636624.00
20160406,10.68,10.94,10.58,10.74,11140715,120249976.00
20160407,10.64,10.81,10.51,10.51,8780406,93693192.00
20160408,10.49,10.49,9.94,10.14,10621109,108354872.00
20160411,10.20,10.47,10.20,10.33,6538430,67974680.00
20160412,10.34,10.61,10.29,10.44,7549448,79115384.00
20160413,10.48,10.78,10.46,10.49,10709730,114039552.00
20160414,10.58,10.73,10.41,10.69,5689711,60451580.00
20160415,10.69,10.79,10.54,10.75,6179466,66012928.00
20160418,10.50,10.93,10.50,10.87,9420063,101898392.00
20160419,10.77,10.94,10.63,10.72,5245289,56462904.00
20160420,10.78,11.13,9.94,10.17,16213248,171716976.00
20160421,10.06,10.26,9.76,9.77,8993596,90226848.00
20160422,9.63,9.90,9.57,9.81,4162733,40700552.00
20160425,9.75,9.96,9.58,9.85,4128438,40415412.00
20160426,9.82,9.98,9.73,9.96,3680009,36389136.00
20160427,9.85,10.07,9.85,9.94,3795483,37956944.00
20160428,9.94,10.02,9.68,9.91,3596833,35411976.00
20160429,9.84,9.93,9.74,9.74,2386858,23469580.00
20160503,9.74,10.32,9.74,10.28,5497356,55586792.00
20160504,10.31,10.44,10.15,10.15,3914651,40260004.00
20160505,10.13,10.31,10.10,10.20,3127277,31882458.00
20160506,10.20,10.33,9.71,9.72,4561876,45572444.00
20160509,9.64,9.64,9.06,9.12,7561991,70015816.00
20160510,9.13,9.18,8.77,8.85,5605809,50480504.00
20160511,8.93,8.96,8.61,8.63,5303529,46358804.00
20160512,8.58,8.80,8.28,8.80,5643437,48167948.00
20160513,8.75,8.90,8.47,8.60,3996015,34811152.00
20160516,8.58,8.83,8.50,8.82,2597906,22668426.00
20160517,8.82,9.12,8.74,8.96,5156736,46237416.00
20160518,8.92,8.92,8.44,8.53,3802345,32794564.00
20160519,8.48,8.83,8.48,8.71,6840391,59602344.00
20160520,8.66,8.93,8.58,8.86,3565304,31184904.00
20160523,8.98,9.64,8.98,9.39,9647636,91013200.00
20160524,9.40,9.56,9.21,9.38,5087585,47807880.00
20160525,9.47,9.71,9.35,9.38,4721060,45163052.00
20160526,9.38,9.56,9.14,9.39,4246243,39638548.00
20160527,9.30,9.76,9.30,9.61,6150339,59076308.00
20160530,9.49,9.72,9.37,9.38,4554037,43529256.00
20160531,9.38,9.68,9.34,9.67,7376755,70728184.00
20160601,9.63,9.83,9.56,9.73,8693425,84367808.00
20160602,9.69,9.79,9.57,9.67,5568656,53955432.00
20160603,9.63,9.71,9.38,9.60,10970014,104452816.00
20160606,9.58,9.85,9.56,9.75,7533538,73554192.00
20160607,9.65,9.98,9.61,9.98,10656758,104821024.00
20160608,9.93,10.08,9.81,9.94,6927790,68916624.00
20160613,9.78,10.16,9.59,9.76,7638612,75684112.00
20160614,9.70,10.08,9.68,10.08,8670392,86490416.00
20160615,9.98,10.78,9.96,10.50,14502086,150529856.00
20160616,10.42,10.62,10.26,10.37,11742627,123119088.00
20160617,10.45,10.98,10.35,10.57,12628578,134285872.00
20160620,10.57,10.65,10.36,10.58,9410845,98776536.00
20160621,10.80,11.29,10.55,10.58,13810782,150516880.00
20160622,10.46,10.82,10.29,10.80,8797285,93721080.00
20160623,10.73,10.92,10.50,10.50,6009715,63929696.00
20160624,10.50,10.73,9.99,10.42,7357863,76670184.00
20160627,10.29,10.63,10.29,10.51,5237124,55122728.00
20160628,10.50,10.83,10.32,10.81,7910958,84226016.00
20160629,10.78,10.90,10.53,10.78,8028291,86308584.00
20160630,10.85,10.90,10.64,10.85,7496677,80973712.00
20160701,10.84,10.93,10.66,10.84,6627883,71494448.00
20160704,10.69,11.02,10.56,10.87,6936487,75748800.00
20160705,10.82,10.98,10.68,10.82,5812876,63019888.00
20160706,10.76,10.91,10.74,10.87,4261981,46268820.00
20160707,10.78,10.86,10.55,10.65,6115245,65537512.00
20160708,10.64,10.66,10.36,10.45,6688384,70160024.00
20160711,10.39,10.49,10.30,10.31,3751627,39136516.00
20160712,10.30,10.47,10.09,10.45,6210809,63985452.00
20160713,10.44,10.86,10.33,10.78,8069608,86005480.00
20160714,10.71,10.96,10.65,10.87,8030635,86866288.00
20160715,10.86,11.41,10.78,11.28,18892187,212239248.00
20160718,11.24,11.45,11.03,11.05,10634079,119138664.00
20160719,11.07,11.26,10.81,10.91,7156373,78719512.00
20160720,10.92,11.12,10.78,11.08,7414343,81384256.00
20160721,11.09,11.34,11.03,11.15,8679000,97668672.00
20160722,11.08,11.23,10.93,11.15,6824303,75566848.00
20160725,11.18,11.36,11.14,11.26,7149957,80553712.00
20160726,11.20,11.38,11.14,11.18,4983896,56093092.00
20160727,11.18,11.33,10.58,10.62,12252571,134156432.00
20160728,10.51,10.66,10.22,10.39,8514696,88636184.00
20160729,10.58,10.58,9.79,9.87,9459590,95691624.00
20160801,9.90,10.23,9.74,9.90,7429746,74259512.00
20160802,10.08,10.08,9.73,9.87,6151953,60902416.00
20160803,9.87,10.43,9.86,10.29,9656526,98612632.00
20160804,10.28,10.47,10.15,10.38,5616579,58200704.00
20160805,10.31,10.56,10.28,10.41,5225325,54762108.00
20160808,10.29,11.45,10.29,11.45,19297496,215604384.00
20160809,11.56,11.68,11.32,11.40,12857649,147939648.00
20160810,11.48,11.49,11.18,11.29,10436564,118230776.00
20160811,11.28,11.33,10.95,10.95,8060024,89491080.00
20160812,10.90,11.14,10.90,11.02,5730842,63276144.00
20160815,11.00,11.44,10.82,11.30,11971418,133897400.00
20160816,11.62,11.92,11.45,11.59,17190463,200995216.00
20160817,11.70,11.87,11.46,11.66,11969737,140128960.00
20160818,11.56,12.03,11.49,11.70,13790289,162704432.00
20160819,11.66,11.74,11.28,11.41,10903820,124722600.00
20160822,11.41,11.95,11.35,11.92,17741879,207988432.00
20160823,11.71,12.48,11.69,12.28,24989862,305538592.00
20160824,12.30,12.88,12.07,12.34,16948892,213279440.00
20160825,12.29,12.47,11.99,12.33,8893969,109050584.00
20160826,12.43,12.94,12.43,12.65,15612905,199054064.00
20160829,12.65,12.80,12.35,12.76,10270092,130123664.00
20160830,12.78,13.28,12.68,12.98,20265316,264758528.00
20160831,12.83,13.07,12.41,12.48,15044555,190419648.00
20160901,13.08,13.59,12.55,12.73,27725930,363124928.00
20160902,12.43,12.76,12.43,12.47,10792614,135614288.00
20160905,12.47,12.80,12.13,12.16,14118049,175171264.00
20160906,12.27,12.73,12.24,12.60,13606817,170018000.00
20160907,12.69,13.48,12.69,13.08,24523143,322520160.00
20160908,13.08,13.10,12.80,12.99,9382099,121374224.00
20160909,13.16,13.98,13.06,13.43,18921013,257135280.00
20160912,13.08,13.58,12.48,12.53,29690310,383893152.00
20160913,12.53,13.18,12.37,12.98,17869973,230925200.00
20160914,12.95,12.97,12.51,12.66,8192666,104060224.00
20160919,12.67,12.96,12.42,12.57,9439419,119057808.00
20160920,12.61,12.82,12.30,12.42,7956013,99577456.00
20160921,12.47,12.71,12.38,12.53,7715423,96905256.00
20160922,12.64,12.96,12.64,12.90,10170363,130806248.00
20160923,13.07,13.46,12.79,13.31,15239072,200189776.00
20160926,13.37,13.37,12.69,12.78,9622651,125556520.00
20160927,12.87,13.14,12.38,12.69,6960219,88279472.00
20160928,12.71,12.76,12.48,12.68,5510582,69548632.00
20160929,12.76,13.08,12.62,13.03,7317611,94233488.00
20160930,13.08,13.11,12.80,12.96,7304377,94726256.00
20161010,13.14,13.23,12.83,13.13,8666802,113034040.00
20161011,13.16,13.22,12.98,13.04,6085666,79489848.00
20161012,13.01,13.41,12.86,13.33,12821365,168733776.00
20161013,13.37,13.37,12.94,13.02,12145264,159288672.00
20161014,13.06,13.16,12.90,12.98,7043655,91724728.00
20161017,12.93,13.05,12.28,12.50,10886634,138508464.00
20161018,12.50,12.70,12.28,12.64,7248217,90695520.00
20161019,12.63,12.65,12.33,12.39,6967678,86928512.00
20161020,12.41,12.69,12.38,12.45,5706870,71490464.00
20161021,12.55,12.61,12.28,12.43,5977951,74566592.00
20161024,12.43,12.73,12.43,12.70,6613729,83692664.00
20161025,12.70,12.81,12.48,12.69,5459033,69108048.00
20161026,12.76,12.76,12.45,12.47,4698081,59047292.00
20161027,12.50,12.60,12.28,12.50,6133467,76213592.00
20161028,12.50,12.64,12.39,12.49,5200034,65388936.00
20161031,12.28,12.45,12.07,12.07,8426973,102939632.00
20161101,12.08,12.27,11.85,12.22,9511843,114981744.00
20161102,12.13,12.33,12.03,12.10,7040935,85960952.00
20161103,11.99,12.28,11.98,12.18,6287409,76551280.00
20161104,12.17,12.34,12.08,12.10,4477833,54762016.00
20161107,12.13,12.19,11.94,12.06,6352606,76575672.00
20161108,12.08,12.16,12.00,12.06,4891041,59145988.00
20161109,12.09,12.20,11.88,12.03,5928723,71418944.00
20161110,12.06,12.44,12.06,12.24,6724823,83010104.00
20161111,12.24,12.61,12.20,12.24,8203132,101536928.00
20161114,12.21,12.39,12.14,12.28,6625271,81385616.00
20161115,12.50,12.98,12.48,12.93,22750899,290298848.00
20161116,12.88,12.97,12.64,12.70,11565586,147948528.00
20161117,12.70,12.93,12.60,12.88,9596922,122953504.00
20161118,12.80,12.92,12.43,12.58,9249861,116884360.00
20161121,12.56,12.56,12.20,12.23,10458747,129320480.00
20161122,12.25,12.34,12.10,12.25,8215684,100182664.00
20161123,12.27,12.28,12.08,12.12,7414042,90187616.00
20161124,12.12,12.13,11.88,11.92,10485360,126099920.00
20161125,11.83,12.16,11.71,12.14,11119527,132989880.00
20161128,12.16,12.22,12.05,12.12,5455441,66170104.00
20161129,12.16,12.16,11.78,11.83,7614188,90921072.00
20161130,11.86,11.96,11.68,11.90,3870975,45842244.00
20161201,11.93,11.93,11.68,11.78,6328750,74601696.00
20161202,11.73,11.81,11.66,11.69,4533549,53238916.00
20161205,11.63,11.73,11.45,11.49,3407609,39537172.00
20161206,11.49,11.58,11.38,11.40,3681438,42261560.00
20161207,11.40,11.54,11.26,11.50,8537214,97363512.00
20161208,11.50,11.53,11.37,11.38,2699393,30893894.00
20161209,11.39,11.43,11.11,11.12,7418400,83358376.00
20161212,11.12,11.25,10.73,10.82,10084574,111249672.00
20161213,10.63,10.91,10.26,10.60,8816116,92795456.00
20161214,10.53,10.67,10.12,10.49,4823267,50519608.00
20161215,10.49,10.64,10.16,10.34,5861739,61205660.00
20161216,10.38,10.86,10.25,10.82,7333447,77571312.00
20161219,10.70,10.83,10.44,10.54,7742150,81871640.00
20161220,10.54,10.59,10.31,10.37,4569533,47749516.00
20161221,10.39,10.56,10.33,10.47,4607190,48232524.00
20161222,10.48,10.79,10.41,10.66,5676271,60410392.00
20161223,10.59,10.76,10.56,10.66,4579045,48892720.00
20161226,10.51,11.01,10.51,10.94,6684792,72795560.00
20161227,11.01,11.57,10.99,11.37,14960757,169667680.00
20161228,11.29,11.38,10.93,11.14,9875398,110021392.00
20161229,11.14,11.28,11.05,11.20,4043589,45273884.00
20161230,11.24,11.45,11.12,11.33,8154984,92169960.00
20170103,11.35,11.39,11.13,11.19,4317823,48376804.00
20170104,11.18,11.23,11.03,11.11,6400391,71186752.00
20170105,11.11,11.15,11.04,11.15,3615760,40201620.00
20170106,11.15,11.20,10.78,10.82,5700609,62393960.00
20170109,10.80,10.94,10.77,10.88,2920581,31841100.00
20170110,10.91,11.03,10.80,10.81,3106736,33874324.00
20170111,10.78,10.91,10.58,10.58,2945410,31650430.00
20170112,10.64,10.64,10.31,10.40,4710900,49387180.00
20170113,10.40,10.60,10.23,10.29,4313492,45006592.00
20170116,10.22,10.53,10.02,10.29,9731463,100527224.00
20170117,10.24,10.71,10.19,10.69,9277444,98264496.00
20170118,10.67,10.67,10.49,10.57,4013621,42463176.00
20170119,10.49,10.57,10.36,10.42,2558430,26749434.00
20170120,10.33,10.58,10.30,10.44,3544285,37239756.00
20170123,10.45,10.68,10.42,10.53,3151565,33279222.00
20170124,10.66,10.66,10.31,10.39,4467590,46861688.00
20170125,10.34,10.48,10.29,10.48,2157103,22533724.00
20170126,10.53,10.63,10.49,10.58,2416696,25585288.00
20170203,10.60,10.68,10.50,10.52,1575007,16665812.00
20170206,10.52,10.83,10.52,10.78,6353129,68322768.00
20170207,10.77,10.97,10.70,10.88,3912064,42579452.00
20170208,10.82,10.91,10.69,10.87,3083665,33330052.00
20170209,10.89,11.00,10.76,10.87,3170752,34582444.00
20170210,10.85,11.04,10.83,10.85,4645927,50799956.00
20170213,10.89,10.97,10.72,10.75,6389325,69140464.00
20170214,10.74,10.77,10.58,10.63,4488500,47940568.00
20170215,10.60,10.66,10.45,10.49,5428996,57385788.00
20170216,10.43,10.55,10.41,10.45,4342923,45569420.00
20170217,10.46,10.53,10.33,10.52,5179822,54197504.00
20170220,10.53,10.58,10.38,10.45,5459709,57155576.00
20170221,10.46,10.60,10.39,10.57,6916313,72598904.00
20170222,10.57,10.59,10.47,10.56,5475534,57707600.00
20170223,10.57,10.57,10.29,10.38,7301992,76166032.00
20170224,10.42,10.46,10.31,10.41,5490469,57020408.00
20170227,10.41,10.48,10.34,10.46,6362455,66511520.00
20170228,10.43,10.60,10.41,10.56,5596688,58917844.00
20170301,10.57,10.71,10.50,10.63,7823012,82866408.00
20170302,10.56,10.66,10.50,10.52,7341976,77756704.00
20170303,10.52,10.57,10.36,10.53,4306970,45177452.00
20170306,10.55,10.57,10.44,10.53,5735055,60400284.00
20170307,10.53,10.54,10.40,10.46,6509218,68209504.00
20170308,10.46,10.50,10.17,10.17,10261324,105932904.00
20170309,10.14,10.23,10.00,10.04,6875741,69636248.00
20170310,10.05,10.08,9.96,10.04,5792785,58118156.00
20170313,10.04,10.10,9.96,10.07,5574682,56095036.00
20170314,10.08,10.09,10.04,10.09,3328525,33573740.00
20170315,10.08,10.09,10.02,10.04,2555867,25744538.00
20170316,10.04,10.20,10.04,10.19,6185235,62712380.00
20170317,10.20,10.20,10.06,10.08,3780575,38426196.00
20170320,10.09,10.26,10.09,10.24,5508888,56176764.00
20170321,10.24,10.27,10.17,10.18,3557528,36394744.00
20170322,10.15,10.32,10.10,10.27,7209782,73964648.00
20170323,10.24,10.31,10.11,10.19,6173859,63199948.00
20170324,10.19,10.60,10.14,10.53,17009434,177744256.00
20170327,10.58,10.58,10.17,10.19,15774538,164086272.00
20170328,10.21,10.34,10.14,10.19,8342782,85358616.00
20170329,10.19,10.31,10.06,10.11,6342833,64569604.00
20170330,10.09,10.27,9.99,10.07,8434699,85276560.00
20170331,10.09,10.13,9.80,10.03,6292118,62950612.00
20170405,10.10,10.10,9.94,10.08,7912904,79506408.00
20170406,10.07,10.97,9.98,10.40,21678858,227550384.00
20170407,10.24,10.42,10.16,10.31,11656482,119997976.00
20170410,10.29,10.41,10.21,10.25,8360653,86183136.00
20170411,10.26,10.45,10.19,10.45,9277920,96001856.00
20170412,10.45,10.57,10.32,10.41,9496724,99516504.00
20170413,10.37,10.45,10.28,10.30,5892400,61156864.00
20170414,10.29,10.34,9.99,10.04,7907867,80391544.00
20170417,10.09,10.15,9.87,9.93,5936408,59371824.00
20170418,9.90,9.98,9.66,9.73,5440151,53577076.00
20170419,9.69,9.69,9.22,9.52,7446710,70881016.00
20170420,9.53,9.58,9.27,9.32,7025754,65873724.00
20170421,9.35,9.39,9.11,9.17,5405974,50038492.00
20170424,9.16,9.22,8.98,9.07,4163777,37887420.00
20170425,9.09,9.17,9.03,9.10,4677789,42634980.00
20170426,9.12,9.14,8.93,8.93,3928135,35653212.00
20170427,8.94,8.98,8.65,8.91,6168596,54568296.00
20170428,8.88,9.16,8.86,9.13,3583562,32379258.00
20170502,9.12,9.12,8.88,9.03,2355766,21218846.00
20170503,9.13,9.19,8.86,8.92,3489142,31348460.00
20170504,8.92,8.98,8.81,8.86,2626908,23428728.00
20170505,8.84,8.86,8.66,8.68,3752472,32804224.00
20170508,8.67,8.71,8.38,8.38,5212986,44631228.00
20170509,8.36,8.53,8.30,8.45,3891155,32929598.00
20170510,8.45,8.65,8.28,8.28,3046400,25698918.00
20170511,8.29,8.37,7.83,8.05,4890048,39218304.00
20170512,8.02,8.04,7.85,7.87,3836245,30380458.00
20170515,7.89,7.95,7.83,7.85,3074874,24206392.00
20170516,7.90,8.55,7.82,8.26,7846374,64319788.00
20170517,8.26,8.26,8.12,8.18,4921447,40226820.00
20170518,8.15,8.21,8.05,8.06,3670600,29861858.00
20170519,8.11,8.21,7.98,8.05,2711500,21935692.00
20170522,8.05,8.46,8.00,8.27,8907267,73929352.00
20170523,8.18,8.27,7.64,7.82,6551673,52363716.00
20170524,7.72,8.06,7.42,8.06,3429501,26367198.00
20170525,8.13,8.30,8.06,8.14,6815000,55600548.00
20170526,8.03,8.11,7.92,7.93,5462400,43603392.00
20170531,7.96,8.19,7.92,8.16,8247594,66594032.00
20170601,8.09,8.16,7.89,7.89,4304400,34458268.00
20170602,7.78,7.94,7.59,7.90,6070404,47122156.00
20170605,7.88,8.02,7.81,7.90,3275212,25998986.00
20170606,7.90,7.97,7.81,7.96,2429209,19199296.00
20170607,7.94,8.26,7.91,8.18,6955109,56450312.00
20170608,8.18,8.26,8.13,8.22,5845868,47964960.00
20170609,8.21,8.21,8.09,8.16,2114300,17212906.00
20170612,8.13,8.13,7.84,7.91,3263488,26128324.00
20170613,7.89,8.05,7.85,8.00,2877294,22917288.00
20170614,8.00,8.09,7.87,8.06,4267816,34029400.00
20170615,8.18,8.36,8.10,8.30,11066294,91308088.00
20170616,8.21,8.25,8.11,8.18,5841467,47731684.00
20170619,8.54,9.00,8.50,8.60,26622458,233836848.00
20170620,8.41,8.68,8.40,8.48,16342017,138967792.00
20170621,8.40,8.45,8.19,8.29,11661117,96767296.00
20170622,8.28,8.35,8.14,8.14,7532740,62192120.00
20170623,8.12,8.18,7.75,7.95,8612901,68629608.00
20170626,7.95,8.09,7.86,8.00,4702493,37671884.00
20170627,8.00,8.07,7.97,8.04,3979244,31921572.00
20170628,8.04,8.05,7.85,7.90,3563642,28219530.00
20170629,7.92,7.96,7.87,7.93,3571714,28231196.00
20170630,7.88,7.97,7.86,7.93,2657117,21022840.00
20170703,7.96,7.98,7.88,7.94,2938500,23248022.00
20170704,7.96,8.05,7.94,8.02,3670124,29377666.00
20170705,8.00,8.29,7.98,8.21,9712069,79426984.00
20170706,8.18,8.25,8.11,8.22,4383754,35872780.00
20170707,8.19,8.21,8.11,8.19,3307288,26975192.00
20170710,8.19,8.19,7.99,8.00,4569883,36846916.00
20170711,7.97,8.06,7.88,7.89,3239200,25829872.00
20170712,7.92,7.92,7.82,7.90,3722320,29277184.00
20170713,7.91,8.06,7.85,7.96,3590438,28646544.00
20170714,8.02,8.02,7.80,7.86,5109489,40182032.00
20170717,7.80,7.83,7.30,7.41,6227236,47079504.00
20170718,7.42,7.52,7.32,7.50,4091332,30324440.00
20170719,7.45,7.54,7.22,7.53,5972052,44160252.00
数据来源:通达信
