002522 浙江众成 日线 前复权
      日期	    开盘	    最高	    最低	    收盘	    成交量	    成交额
20101210,3.95,4.58,3.91,4.46,17460080,635591808.00
20101213,4.59,4.92,4.55,4.92,9032438,364509408.00
20101214,4.90,5.25,4.79,5.17,9054646,390102336.00
20101215,5.09,5.39,5.03,5.12,4586909,204222368.00
20101216,5.06,5.36,5.06,5.35,3606640,160116016.00
20101217,5.29,5.69,5.27,5.49,4585619,214822240.00
20101220,5.53,5.67,5.32,5.64,3532548,165375488.00
20101221,5.61,5.65,5.39,5.49,2218532,104015776.00
20101222,5.47,5.66,5.35,5.53,2487322,116789648.00
20101223,5.47,5.48,5.15,5.16,2197190,99720160.00
20101224,5.07,5.14,4.90,4.91,2341200,100159032.00
20101227,4.97,5.09,4.75,4.82,1667584,69848912.00
20101228,4.82,4.94,4.72,4.73,1355072,56040636.00
20101229,4.69,4.81,4.60,4.79,2095329,84283776.00
20101230,4.74,4.80,4.60,4.80,2264951,91495008.00
20101231,4.76,5.01,4.74,4.97,2594215,108744472.00
20110104,4.97,5.09,4.91,5.07,2009578,86110640.00
20110105,5.01,5.31,4.91,5.21,2134939,93760608.00
20110106,5.21,5.39,5.15,5.25,1455448,65495552.00
20110107,5.15,5.25,4.91,4.96,1356241,58577928.00
20110110,4.90,4.90,4.74,4.74,610549,25187274.00
20110111,4.74,4.85,4.67,4.82,492728,20212176.00
20110112,4.81,4.90,4.74,4.87,358770,14837518.00
20110113,4.83,4.91,4.69,4.72,501617,20659830.00
20110114,4.67,4.71,4.39,4.50,1084639,42109164.00
20110117,4.46,4.63,4.38,4.56,1552586,60440792.00
20110118,4.55,4.79,4.50,4.76,809912,32334752.00
20110119,4.75,4.91,4.68,4.90,885173,36406996.00
20110120,4.91,4.94,4.83,4.90,947237,39657088.00
20110121,4.88,5.26,4.88,5.19,1495908,64266208.00
20110124,5.13,5.24,4.98,5.14,855156,37226160.00
20110125,5.11,5.26,4.91,5.11,1214232,52500708.00
20110126,5.04,5.23,5.04,5.20,818398,36171284.00
20110127,5.18,5.30,5.06,5.30,913730,40826172.00
20110128,5.27,5.39,5.21,5.35,1170642,53109516.00
20110131,5.27,5.55,5.27,5.51,1141289,53059048.00
20110201,5.45,5.54,5.39,5.51,1629745,76339120.00
20110209,5.41,5.42,4.98,5.02,1617018,70834792.00
20110210,4.97,5.09,4.82,5.05,1285562,54579520.00
20110211,4.99,5.11,4.95,5.08,780531,33597952.00
20110214,5.05,5.17,5.00,5.14,1174086,51270212.00
20110215,5.15,5.20,5.06,5.14,982721,43028336.00
20110216,5.12,5.29,5.06,5.27,1083987,48176992.00
20110217,5.23,5.33,5.19,5.30,914234,41187428.00
20110218,5.29,5.34,4.92,4.92,1395075,60848416.00
20110221,4.91,5.02,4.84,4.95,689714,29316550.00
20110222,4.95,5.01,4.67,4.70,948940,39040548.00
20110223,4.67,4.90,4.67,4.88,653763,26839022.00
20110224,4.88,4.88,4.78,4.78,466283,19211354.00
20110225,4.73,4.82,4.68,4.78,380879,15578580.00
20110228,4.79,5.00,4.79,4.88,691163,29081400.00
20110301,4.91,4.97,4.87,4.92,442800,18577484.00
20110302,4.92,4.92,4.55,4.71,1498091,59819516.00
20110303,4.67,4.70,4.49,4.49,1613549,63008648.00
20110304,4.50,4.61,4.45,4.59,672324,26119560.00
20110307,4.59,4.66,4.57,4.58,808940,31937448.00
20110308,4.59,4.73,4.49,4.65,823065,32533800.00
20110309,4.65,4.67,4.60,4.61,573076,22670328.00
20110310,4.62,4.74,4.61,4.66,1240595,49830356.00
20110311,4.66,4.66,4.55,4.56,1254553,49337236.00
20110314,4.56,4.59,4.43,4.50,1242495,47704892.00
20110315,4.51,4.57,4.49,4.55,1334017,51884400.00
20110316,4.57,4.67,4.51,4.64,1937490,76604000.00
20110317,4.61,4.76,4.54,4.72,2032559,81635520.00
20110318,4.73,4.76,4.68,4.74,956735,38765228.00
20110321,4.77,4.77,4.56,4.58,1203638,47874252.00
20110322,4.58,4.61,4.50,4.51,824943,32123718.00
20110323,4.50,4.58,4.49,4.55,509271,19816218.00
20110324,4.53,4.59,4.51,4.52,458982,17901684.00
20110325,4.53,4.59,4.45,4.57,684059,26446406.00
20110328,4.56,4.57,4.43,4.46,868088,33516236.00
20110329,4.46,4.48,4.19,4.22,1370173,50250868.00
20110330,4.20,4.25,4.14,4.15,608672,21868046.00
20110331,4.17,4.24,4.17,4.20,604978,21855636.00
20110401,4.24,4.33,4.23,4.32,646240,23761996.00
20110406,4.32,4.36,4.16,4.19,902647,32897626.00
20110407,4.19,4.34,4.17,4.29,566299,20756990.00
20110408,4.29,4.34,4.27,4.31,552306,20412234.00
20110411,4.31,4.32,4.23,4.25,516224,19001000.00
20110412,4.29,4.32,4.26,4.27,603260,22206926.00
20110413,4.28,4.29,4.25,4.27,1020562,37456280.00
20110414,4.29,4.35,4.27,4.29,957250,35317044.00
20110415,4.29,4.30,4.14,4.17,927742,33458794.00
20110418,4.19,4.20,4.14,4.20,601597,21587992.00
20110419,4.18,4.18,4.08,4.11,883748,31298302.00
20110420,4.11,4.18,4.10,4.16,536924,19177922.00
20110421,4.17,4.33,4.07,4.31,1362583,49844628.00
20110422,4.32,4.38,4.30,4.32,1186979,44220812.00
20110425,4.36,4.63,4.31,4.49,2573631,99220856.00
20110427,4.49,4.49,4.29,4.33,1117328,42138040.00
20110428,4.34,4.46,4.28,4.33,936600,35317136.00
20110429,4.31,4.45,4.31,4.44,570964,21601884.00
20110503,4.47,4.61,4.44,4.52,965372,37589556.00
20110504,4.46,4.57,4.37,4.38,1039717,39894896.00
20110505,4.38,4.52,4.31,4.50,748587,28452984.00
20110506,4.46,4.51,4.38,4.48,851085,32416742.00
20110509,4.48,4.58,4.48,4.50,730146,28304202.00
20110510,4.50,4.54,4.40,4.50,870761,33499578.00
20110511,4.50,4.57,4.41,4.52,1453146,34816484.00
20110512,4.44,4.53,4.33,4.35,1309923,30998692.00
20110513,4.35,4.38,4.12,4.25,1628365,36793016.00
20110516,4.21,4.25,4.16,4.17,710838,15953733.00
20110517,4.17,4.30,4.17,4.24,926335,21026260.00
20110518,4.22,4.25,4.15,4.20,670771,14999625.00
20110519,4.17,4.23,4.12,4.12,607441,13559799.00
20110520,4.13,4.16,4.07,4.11,521576,11457481.00
20110523,4.02,4.07,3.83,3.86,1392144,29328828.00
20110524,3.83,3.94,3.76,3.86,1659407,34163356.00
20110525,3.86,3.90,3.71,3.73,1215909,24776988.00
20110526,3.75,3.78,3.66,3.66,643621,12835578.00
20110527,3.66,3.70,3.56,3.56,587964,11361462.00
20110530,3.56,3.59,3.48,3.49,524050,9964971.00
20110531,3.49,3.62,3.49,3.61,699331,13420498.00
20110601,3.58,3.73,3.56,3.71,826538,16361244.00
20110602,3.67,3.67,3.55,3.67,816077,15856679.00
20110603,3.66,3.78,3.63,3.74,748760,14984787.00
20110607,3.72,3.74,3.67,3.71,447805,8905948.00
20110608,3.72,3.72,3.59,3.67,1359063,26469452.00
20110609,3.64,3.65,3.51,3.54,617714,11909305.00
20110610,3.51,3.54,3.43,3.52,711877,13343831.00
20110613,3.51,3.56,3.42,3.55,304580,5735096.00
20110614,3.52,3.72,3.52,3.68,1081356,21217876.00
20110615,3.65,3.73,3.59,3.60,641794,12610597.00
20110616,3.55,3.57,3.50,3.55,669211,12695709.00
20110617,3.55,3.58,3.48,3.51,354375,6744534.00
20110620,3.51,3.54,3.47,3.51,314952,5934433.50
20110621,3.51,3.58,3.51,3.57,619999,11783403.00
20110622,3.57,3.61,3.52,3.56,523414,10014381.00
20110623,3.54,3.73,3.51,3.71,1335146,26286010.00
20110624,3.69,3.90,3.67,3.87,3415098,69233088.00
20110627,3.86,3.99,3.84,3.89,2273553,47695944.00
20110628,3.86,3.92,3.81,3.88,846891,17512620.00
20110629,3.88,4.01,3.86,3.88,1982407,41914624.00
20110630,3.88,3.99,3.88,3.91,1376998,28990660.00
20110701,3.91,3.99,3.91,3.91,1328813,28059096.00
20110704,3.92,4.08,3.91,4.05,1593485,34138264.00
20110705,4.09,4.11,4.00,4.06,1419438,30692838.00
20110706,4.02,4.07,3.96,4.06,1222084,26243912.00
20110707,4.02,4.22,4.02,4.09,2615177,57892820.00
20110708,4.06,4.20,4.06,4.17,1791946,39756960.00
20110711,4.13,4.26,4.12,4.25,1101724,24671962.00
20110712,4.20,4.33,4.15,4.21,1889243,42989044.00
20110713,4.22,4.34,4.17,4.31,1452081,33029832.00
20110714,4.31,4.40,4.29,4.40,2238282,51909792.00
20110715,4.40,4.61,4.38,4.51,3575388,86095968.00
20110718,4.54,4.54,4.35,4.35,3521222,82963288.00
20110719,4.32,4.32,4.15,4.26,1826193,41207872.00
20110720,4.28,4.34,4.21,4.30,1337134,30597348.00
20110721,4.30,4.30,4.17,4.20,1137745,25634748.00
20110722,4.23,4.26,4.15,4.23,1084627,24442534.00
20110725,4.23,4.23,3.88,3.95,2075959,45164080.00
20110726,3.94,4.00,3.92,3.99,787936,16720526.00
20110727,3.97,4.18,3.97,4.18,1183734,25814228.00
20110728,4.12,4.18,4.05,4.13,1134837,24981966.00
20110729,4.14,4.16,4.05,4.08,839478,18393012.00
20110801,4.02,4.11,3.98,4.08,654921,14233762.00
20110802,4.05,4.08,3.98,4.07,721411,15526641.00
20110803,4.01,4.20,4.00,4.19,1432716,31741112.00
20110804,4.20,4.27,4.15,4.16,1059511,23735094.00
20110805,4.06,4.09,3.96,3.96,1206967,25968122.00
20110808,3.90,3.90,3.63,3.65,1789376,35749516.00
20110809,3.54,3.80,3.52,3.72,1243337,24316240.00
20110810,3.78,3.90,3.74,3.76,1095632,22408890.00
20110811,3.69,3.94,3.64,3.90,1754054,35778136.00
20110812,3.91,3.96,3.85,3.94,1908043,39846108.00
20110815,3.94,4.03,3.91,4.00,1046374,22270340.00
20110816,4.00,4.00,3.87,3.91,1129383,23826314.00
20110817,3.89,3.95,3.86,3.89,678941,14209410.00
20110818,3.89,3.93,3.85,3.86,660613,13733260.00
20110819,3.71,3.85,3.67,3.81,1501425,29988574.00
20110822,3.76,3.84,3.74,3.76,531832,10795309.00
20110823,3.77,3.85,3.74,3.84,604928,12339107.00
20110824,3.88,4.04,3.88,3.98,1992842,42204676.00
20110825,3.98,4.07,3.96,4.06,1349754,29010292.00
20110826,4.04,4.15,4.04,4.11,1412258,30936106.00
20110829,4.10,4.15,4.02,4.15,1779982,38918924.00
20110830,4.18,4.20,4.01,4.03,1603572,35487476.00
20110831,4.05,4.05,3.95,4.01,588231,12587051.00
20110901,4.04,4.05,3.98,3.99,413480,8869821.00
20110902,3.98,4.01,3.89,3.91,436602,9208629.00
20110905,3.90,3.90,3.74,3.79,386198,7919700.50
20110906,3.78,3.82,3.73,3.73,753552,15152477.00
20110907,3.76,3.86,3.76,3.85,693675,14148343.00
20110908,3.89,3.89,3.77,3.79,667557,13686282.00
20110909,3.79,3.84,3.76,3.81,650947,13269678.00
20110913,3.68,3.76,3.68,3.74,321780,6429202.50
20110914,3.75,3.83,3.71,3.83,278310,5619095.00
20110915,3.85,3.92,3.82,3.82,547504,11336343.00
20110916,3.83,3.88,3.78,3.78,259620,5324721.50
20110919,3.79,3.79,3.66,3.67,453856,8990822.00
20110920,3.67,3.74,3.64,3.72,218294,4317345.50
20110921,3.73,3.85,3.71,3.83,606867,12364051.00
20110922,3.79,3.81,3.69,3.70,444612,8935687.00
20110923,3.61,3.68,3.58,3.64,313116,6097207.50
20110926,3.66,3.71,3.59,3.62,270442,5281041.50
20110927,3.65,3.68,3.59,3.64,235156,4589202.50
20110928,3.66,3.67,3.60,3.60,267491,5211711.00
20110929,3.54,3.57,3.44,3.51,467979,8789512.00
20110930,3.51,3.54,3.46,3.54,414092,7801605.00
20111010,3.56,3.90,3.56,3.81,2166954,43910008.00
20111011,3.86,3.92,3.79,3.86,1939127,40059684.00
20111012,3.83,4.06,3.79,4.03,2250205,47603280.00
20111013,3.99,4.08,3.94,4.03,1631922,34968608.00
20111014,3.98,4.03,3.95,4.01,1118155,23870846.00
20111017,4.01,4.06,3.95,4.04,1363251,29306682.00
20111018,4.00,4.07,3.91,3.98,1308954,27943354.00
20111019,4.06,4.22,4.06,4.12,3105529,68603896.00
20111020,4.11,4.11,3.82,4.03,2082169,44164588.00
20111021,3.94,4.06,3.91,4.00,1229979,26351854.00
20111024,4.00,4.32,3.95,4.31,2915029,65151956.00
20111025,4.27,4.39,4.22,4.34,2753817,63573920.00
20111026,4.29,4.38,4.25,4.26,2288562,52565524.00
20111027,4.25,4.34,4.14,4.19,2108251,47586900.00
20111028,4.20,4.30,4.20,4.26,1839281,41790308.00
20111031,4.25,4.31,4.18,4.30,1647727,37470192.00
20111101,4.27,4.28,4.07,4.18,2360739,52788300.00
20111102,4.15,4.27,4.06,4.27,2025750,44986320.00
20111103,4.28,4.36,4.26,4.30,3132976,72000456.00
20111104,4.30,4.34,4.20,4.24,1620910,36773188.00
20111107,4.25,4.25,4.18,4.18,1010103,22747518.00
20111108,4.19,4.31,4.17,4.21,1656359,37615252.00
20111109,4.21,4.30,4.15,4.27,1773282,40135968.00
20111110,4.20,4.27,4.10,4.10,2022900,45197492.00
20111111,4.08,4.14,4.01,4.01,1405597,30608642.00
20111114,4.03,4.15,4.03,4.13,1294380,28461952.00
20111115,4.14,4.17,4.06,4.11,1304415,28621766.00
20111116,4.11,4.17,3.92,3.96,2080703,44829432.00
20111117,3.98,4.03,3.95,3.98,1013789,21656382.00
20111118,3.97,4.02,3.94,3.97,848050,18060028.00
20111121,4.00,4.00,3.94,3.99,388333,8254723.00
20111122,3.96,4.06,3.96,4.06,854174,18338890.00
20111123,4.06,4.10,3.98,4.01,569914,12282661.00
20111124,3.96,4.13,3.94,4.09,1227720,26747944.00
20111125,4.09,4.11,3.95,4.00,832600,17974710.00
20111128,3.99,4.03,3.77,3.81,1164827,24094322.00
20111129,3.84,3.88,3.79,3.86,579708,11895355.00
20111130,3.86,3.86,3.66,3.67,648914,13015736.00
20111201,3.77,3.82,3.69,3.70,925797,18650070.00
20111202,3.70,3.71,3.54,3.54,890256,17173778.00
20111205,3.56,3.61,3.50,3.59,753079,14445520.00
20111206,3.58,3.63,3.55,3.62,534422,10332019.00
20111207,3.60,3.66,3.57,3.59,436077,8459343.00
20111208,3.58,3.65,3.48,3.55,573101,10942778.00
20111209,3.55,3.57,3.50,3.51,307407,5820789.50
20111212,3.52,3.55,3.48,3.51,504380,9546892.00
20111213,3.50,3.58,3.48,3.56,790865,15068188.00
20111214,3.56,3.62,3.50,3.53,687142,13213846.00
20111215,3.46,3.61,3.45,3.48,940123,17949190.00
20111216,3.48,3.68,3.48,3.68,913190,17596320.00
20111219,3.68,3.76,3.60,3.74,1071215,21053568.00
20111220,3.73,3.76,3.67,3.68,891197,17680980.00
20111221,3.69,3.73,3.54,3.56,541797,10612702.00
20111223,3.64,3.64,3.47,3.61,571075,11059917.00
20111226,3.61,3.63,3.58,3.63,297732,5770541.50
20111227,3.67,3.67,3.49,3.49,545539,10416801.00
20111228,3.50,3.50,3.13,3.15,1689474,28966130.00
20111229,3.10,3.17,3.07,3.13,424578,7193217.00
20111230,3.14,3.18,2.97,3.04,1416527,23289824.00
20120104,3.03,3.10,3.03,3.09,836759,13878007.00
20120105,3.06,3.08,2.91,3.08,706269,11409419.00
20120106,3.03,3.07,2.99,3.05,329628,5365722.50
20120109,3.01,3.15,3.01,3.14,443141,7428332.00
20120110,3.16,3.31,3.15,3.31,1024563,17997960.00
20120111,3.31,3.34,3.21,3.26,613679,10797966.00
20120112,3.22,3.38,3.22,3.27,581852,10385970.00
20120113,3.25,3.33,2.95,3.01,815518,13563386.00
20120116,2.98,3.00,2.90,2.94,469717,7506924.00
20120117,3.07,3.12,2.95,3.09,311255,5107119.50
20120118,3.15,3.20,3.03,3.04,404149,6795355.50
20120119,3.02,3.12,3.02,3.07,233508,3874916.75
20120120,3.15,3.15,3.08,3.14,329470,5549793.00
20120130,3.16,3.18,3.11,3.11,148500,2514213.25
20120131,3.15,3.15,3.06,3.10,137429,2296126.00
20120201,3.06,3.15,3.06,3.08,201041,3378099.00
20120202,3.08,3.13,3.08,3.13,148967,2501890.00
20120203,3.15,3.21,3.12,3.19,428070,7339038.50
20120206,3.23,3.23,3.17,3.22,597615,10291164.00
20120207,3.19,3.19,3.14,3.15,304410,5193669.50
20120208,3.15,3.26,3.14,3.26,583163,10096121.00
20120209,3.24,3.28,3.21,3.25,510615,8958285.00
20120210,3.29,3.29,3.18,3.22,492091,8568678.00
20120213,3.21,3.27,3.19,3.26,594722,10349037.00
20120214,3.26,3.26,3.19,3.25,581500,10100151.00
20120215,3.23,3.29,3.20,3.29,654401,11500930.00
20120216,3.28,3.32,3.25,3.28,520667,9212397.00
20120217,3.28,3.30,3.20,3.26,335786,5873053.00
20120220,3.30,3.33,3.26,3.26,464570,8208343.00
20120221,3.28,3.28,3.18,3.27,470331,8188373.50
20120222,3.28,3.37,3.23,3.37,1469533,26264290.00
20120223,3.37,3.38,3.33,3.38,1114401,20160992.00
20120224,3.38,3.43,3.35,3.40,837618,15313747.00
20120227,3.40,3.44,3.36,3.39,1662920,30362800.00
20120228,3.36,3.39,3.22,3.27,1835660,32470230.00
20120229,3.27,3.27,3.20,3.23,859494,14904974.00
20120301,3.23,3.28,3.22,3.26,653904,11453834.00
20120302,3.24,3.38,3.24,3.38,1258856,22473096.00
20120305,3.38,3.42,3.36,3.38,1274000,23186398.00
20120306,3.37,3.38,3.30,3.30,804191,14363534.00
20120307,3.28,3.29,3.22,3.23,703160,12307377.00
20120308,3.23,3.31,3.23,3.28,674384,11902077.00
20120309,3.28,3.34,3.28,3.34,674484,12025990.00
20120312,3.36,3.40,3.33,3.36,799474,14473255.00
20120313,3.39,3.40,3.33,3.38,1150591,20863254.00
20120314,3.41,3.53,3.19,3.23,2434467,44773800.00
20120315,3.21,3.25,3.08,3.13,1378589,23438118.00
20120316,3.17,3.19,3.12,3.18,880247,15002989.00
20120319,3.18,3.32,3.15,3.31,1098889,19211218.00
20120320,3.31,3.36,3.25,3.25,1042277,18509508.00
20120321,3.26,3.32,3.19,3.28,490510,8575647.00
20120322,3.27,3.35,3.23,3.32,715469,12740543.00
20120323,3.30,3.36,3.28,3.33,1078492,19344628.00
20120326,3.33,3.43,3.33,3.42,1736991,31591240.00
20120327,3.43,3.47,3.35,3.36,1120003,20474536.00
20120328,3.34,3.35,3.14,3.14,1008319,17410122.00
20120329,3.11,3.11,2.93,2.97,1265871,20413124.00
20120330,2.97,3.00,2.90,2.99,511451,8188463.00
20120405,2.97,3.05,2.96,3.03,858940,13910726.00
20120406,3.00,3.06,2.97,2.99,799257,12975198.00
20120409,2.99,3.30,2.96,3.30,2312997,40063168.00
20120410,3.33,3.50,3.30,3.45,6639808,121152776.00
20120411,3.40,3.77,3.35,3.57,8255907,157239872.00
20120412,3.50,3.72,3.46,3.57,8021726,154283456.00
20120413,3.54,3.61,3.50,3.56,5406054,103048216.00
20120416,3.52,3.65,3.49,3.55,5806369,111375648.00
20120417,3.54,3.54,3.32,3.35,5124783,93643320.00
20120418,3.35,3.46,3.33,3.42,4239921,77789720.00
20120420,3.35,3.60,3.33,3.50,5115064,95478472.00
20120423,3.49,3.57,3.40,3.42,3359080,62715840.00
20120424,3.44,3.78,3.40,3.78,9481585,183605616.00
20120425,3.77,4.13,3.74,3.94,12012929,253667584.00
20120426,3.78,3.89,3.54,3.61,7618426,153588352.00
20120427,3.61,3.72,3.49,3.68,4629714,90261080.00
20120502,3.69,3.76,3.61,3.71,3879772,75592720.00
20120503,3.73,3.76,3.63,3.70,2570803,49985644.00
20120504,3.65,3.68,3.57,3.60,2813856,53725132.00
20120507,3.57,3.65,3.56,3.63,2018425,38576376.00
20120508,3.64,3.72,3.59,3.68,3296256,63993104.00
20120509,3.64,3.98,3.58,3.89,6631688,133280816.00
20120510,3.86,3.86,3.69,3.74,3564914,70793168.00
20120511,3.75,3.91,3.71,3.73,3287362,66241220.00
20120514,3.76,3.76,3.61,3.62,2342234,45841452.00
20120515,3.55,3.55,3.45,3.48,2522841,46517704.00
20120516,3.48,3.68,3.45,3.51,2703977,50958888.00
20120517,3.50,3.65,3.46,3.60,2755372,52399704.00
20120518,3.56,3.69,3.47,3.52,2552340,48374140.00
20120521,3.52,3.57,3.48,3.56,1146958,21435706.00
20120522,3.59,3.63,3.20,3.58,1462113,27764420.00
20120523,3.58,3.63,3.52,3.54,1980026,37355472.00
20120524,3.54,3.55,3.43,3.44,1918197,35386076.00
20120525,3.44,3.46,3.32,3.33,1628262,28950976.00
20120528,3.33,3.45,3.30,3.42,1590596,28664068.00
20120529,3.42,3.46,3.35,3.41,1651566,29605396.00
20120530,3.40,3.46,3.36,3.45,1561472,28291456.00
20120531,3.42,3.74,3.41,3.66,3801237,72092208.00
20120601,3.60,3.66,3.57,3.61,1618134,30839828.00
20120604,3.52,3.59,3.46,3.47,1417614,26493196.00
20120605,3.47,3.51,3.43,3.48,862033,15803061.00
20120606,3.50,3.51,3.42,3.43,732029,13366298.00
20120607,3.48,3.48,3.38,3.39,1627567,29375056.00
20120608,3.43,3.43,3.36,3.36,979035,17528772.00
20120611,3.33,3.44,3.31,3.40,857938,15309903.00
20120612,3.39,3.42,3.35,3.38,495504,8865700.00
20120613,3.42,3.45,3.36,3.44,894862,16179396.00
20120614,3.44,3.44,3.37,3.37,725488,13064624.00
20120615,3.38,3.41,3.24,3.34,1123106,19751938.00
20120618,3.36,3.40,3.33,3.36,645929,11462322.00
20120619,3.35,3.40,3.32,3.32,1068276,18937306.00
20120620,3.32,3.36,3.27,3.27,695335,12168107.00
20120621,3.26,3.31,3.25,3.27,467773,8106853.00
20120625,3.26,3.29,3.14,3.18,705765,11970308.00
20120626,3.13,3.24,3.11,3.24,610170,10290995.00
20120627,3.24,3.41,3.24,3.32,2279235,40295208.00
20120628,3.40,3.42,3.28,3.30,1380132,24583472.00
20120629,3.32,3.35,3.26,3.34,840713,14738665.00
20120702,3.34,3.38,3.31,3.33,767700,13562561.00
20120703,3.33,3.36,3.24,3.26,1239456,21596802.00
20120704,3.25,3.25,3.19,3.22,732103,12492121.00
20120705,3.22,3.29,3.18,3.20,435610,7412327.50
20120706,3.20,3.24,3.12,3.23,660024,11145753.00
20120709,3.18,3.22,3.13,3.19,441964,7414153.00
20120710,3.18,3.18,3.08,3.11,452268,7474605.50
20120711,3.10,3.14,3.07,3.10,357180,5849786.00
20120712,3.10,3.11,3.02,3.09,704588,11458354.00
20120713,3.09,3.11,3.00,3.01,471934,7640174.50
20120716,3.01,3.03,2.70,2.71,1461048,22163526.00
20120717,2.71,2.74,2.69,2.74,504347,7290847.00
20120718,2.73,3.02,2.71,3.02,4573468,71618584.00
20120719,3.12,3.33,3.08,3.33,5204506,89156576.00
20120720,3.52,3.59,3.33,3.38,11331298,207726064.00
20120723,3.30,3.34,3.14,3.21,4836971,81915704.00
20120724,3.16,3.28,3.10,3.22,5540338,93410136.00
20120725,3.31,3.46,3.23,3.36,7839689,138106576.00
20120726,3.26,3.30,3.15,3.16,3748127,63854508.00
20120727,3.17,3.18,2.95,2.97,3034228,49016936.00
20120730,3.03,3.04,2.83,3.02,2327678,36229612.00
20120731,2.96,3.04,2.87,2.95,2224099,34941436.00
20120801,2.95,3.04,2.91,3.02,2424866,38577604.00
20120802,3.03,3.03,2.92,2.97,1997051,31437152.00
20120803,2.99,3.07,2.93,3.06,2347948,37494000.00
20120806,3.04,3.15,2.97,3.12,3496332,56841100.00
20120807,3.09,3.13,3.06,3.10,2516659,41204020.00
20120808,3.10,3.14,3.04,3.04,2516757,41054276.00
20120809,3.01,3.02,2.93,3.00,2906637,45815900.00
20120810,3.00,3.06,2.98,3.01,2112595,33829148.00
20120813,2.96,2.99,2.85,2.85,1609235,25042876.00
20120814,2.86,2.91,2.81,2.90,1248296,19004648.00
20120815,2.90,2.91,2.84,2.87,1068701,16299410.00
20120816,2.87,2.94,2.86,2.90,994728,15309295.00
20120817,2.89,2.93,2.86,2.88,607080,9290489.00
20120820,2.87,2.88,2.82,2.86,856615,12905838.00
20120821,2.87,2.91,2.85,2.90,960890,14749115.00
20120822,2.89,2.97,2.89,2.94,1440552,22349698.00
20120823,2.92,2.96,2.89,2.93,989922,15333786.00
20120824,2.95,2.95,2.82,2.82,1093304,16618822.00
20120827,2.77,2.79,2.72,2.74,774854,11304602.00
20120828,2.74,2.97,2.74,2.93,1934749,29496776.00
20120829,2.89,2.92,2.81,2.82,1269258,19313152.00
20120830,2.79,2.86,2.74,2.78,829041,12316634.00
20120831,2.76,2.82,2.75,2.78,516974,7631792.50
20120903,2.80,2.87,2.76,2.82,1034993,15527068.00
20120904,2.81,2.85,2.80,2.82,805806,12074981.00
20120905,2.86,2.95,2.82,2.83,1100623,16851304.00
20120906,2.81,2.88,2.81,2.87,833611,12644999.00
20120907,2.90,3.02,2.88,2.98,2110791,33102508.00
20120910,2.98,2.99,2.92,2.99,1524678,23947926.00
20120911,2.99,3.00,2.93,2.95,925134,14484947.00
20120912,2.97,3.00,2.93,2.97,1043615,16412440.00
20120913,2.95,2.99,2.90,2.91,986071,15386958.00
20120914,2.93,2.96,2.90,2.93,915438,14214647.00
20120917,2.96,3.17,2.94,3.00,3740810,60704184.00
20120918,2.96,3.08,2.94,3.07,2387261,38376760.00
20120919,3.05,3.10,3.02,3.03,1570193,25368274.00
20120920,3.02,3.06,2.91,2.92,1249834,19591956.00
20120921,2.91,2.92,2.80,2.87,1278243,19426144.00
20120924,2.83,2.96,2.83,2.95,956177,14808460.00
20120925,2.91,2.98,2.90,2.96,643000,10085616.00
20120926,2.94,3.05,2.92,2.92,1223817,19429930.00
20120927,2.87,3.07,2.87,3.04,1438503,23006732.00
20120928,3.00,3.11,3.00,3.09,1301745,21181748.00
20121008,3.11,3.11,3.04,3.06,938225,15258272.00
20121009,3.08,3.13,3.05,3.12,1560035,25644976.00
20121010,3.11,3.14,3.08,3.10,935106,15331218.00
20121011,3.09,3.09,3.02,3.02,749450,12101773.00
20121012,3.04,3.06,3.01,3.05,498924,8028625.50
20121015,3.06,3.06,2.99,3.00,365659,5836294.00
20121016,3.03,3.05,3.00,3.02,291241,4674068.50
20121017,3.03,3.08,3.00,3.04,433207,6972877.50
20121018,3.06,3.21,3.06,3.11,1217160,20218850.00
20121019,3.08,3.11,3.06,3.07,482881,7881105.50
20121022,3.09,3.10,3.04,3.09,438294,7128354.50
20121023,3.09,3.15,3.06,3.12,816784,13425778.00
20121024,3.11,3.14,3.10,3.11,495334,8181479.00
20121025,3.10,3.12,3.03,3.03,621473,10121748.00
20121026,3.03,3.07,2.97,3.00,381260,6058688.00
20121029,2.97,3.03,2.96,3.00,219137,3487376.00
20121030,3.05,3.05,2.99,2.99,267252,4248624.50
20121031,3.07,3.07,2.95,3.04,328329,5260117.00
20121101,3.07,3.10,2.98,3.07,1090545,17731610.00
20121102,3.09,3.09,3.06,3.08,384430,6268818.50
20121105,3.06,3.13,3.06,3.10,966132,15897079.00
20121106,3.11,3.11,3.06,3.10,670557,10959779.00
20121107,3.10,3.25,3.08,3.13,1231107,20699006.00
20121108,3.08,3.21,3.07,3.09,1861422,31120364.00
20121109,3.09,3.16,3.03,3.03,1030136,16797152.00
20121112,3.04,3.07,3.01,3.04,539898,8693075.00
20121113,3.03,3.04,2.92,2.96,909879,14450094.00
20121114,2.96,3.04,2.89,3.00,574389,9003311.00
20121115,2.98,3.01,2.85,2.85,678910,10486229.00
20121116,2.85,2.86,2.76,2.82,489700,7269772.00
20121119,2.84,2.84,2.78,2.83,216050,3232542.50
20121120,2.83,2.89,2.83,2.84,315564,4788381.00
20121121,2.84,2.88,2.81,2.87,299392,4518696.50
20121122,2.87,2.92,2.85,2.91,465916,7132712.50
20121123,2.91,2.98,2.89,2.93,519975,8110671.00
20121126,2.95,2.95,2.84,2.84,328804,5025875.50
20121127,2.84,2.84,2.68,2.70,601395,8719711.00
20121128,2.70,2.71,2.60,2.61,465997,6501798.00
20121129,2.61,2.65,2.58,2.58,208455,2901304.00
20121130,2.67,2.67,2.55,2.61,144408,1999578.88
20121203,2.66,2.66,2.59,2.59,137630,1912568.38
20121204,2.59,2.64,2.58,2.62,229039,3167373.25
20121205,2.63,2.73,2.61,2.69,373218,5322746.00
20121206,2.68,2.71,2.66,2.71,244170,3487400.00
20121207,2.72,2.78,2.64,2.74,542459,7884741.50
20121210,2.74,2.79,2.73,2.76,1110705,16239859.00
20121211,2.74,2.75,2.69,2.74,1099979,15872172.00
20121212,2.75,2.76,2.66,2.70,675056,9665586.00
20121213,2.72,2.72,2.65,2.65,368000,5225307.50
20121214,2.66,2.76,2.64,2.75,966238,14003800.00
20121217,2.75,2.82,2.73,2.80,909620,13448030.00
20121218,2.76,2.86,2.74,2.85,1010646,15005678.00
20121219,2.83,2.86,2.80,2.83,599854,9011018.00
20121220,2.83,2.84,2.79,2.83,398646,5980357.00
20121221,2.83,2.87,2.80,2.84,473136,7121585.50
20121224,2.84,2.87,2.78,2.84,610376,9135057.00
20121225,2.83,2.96,2.78,2.93,1453405,22119084.00
20121226,2.93,3.04,2.90,3.01,1361031,21505080.00
20121227,3.02,3.09,2.93,2.98,1097374,17296722.00
20121228,3.01,3.04,2.92,2.99,1166837,18394548.00
20121231,2.96,3.00,2.95,2.97,723531,11385890.00
20130104,3.01,3.01,2.91,2.95,629060,9836968.00
20130107,2.95,2.96,2.91,2.96,693271,10789322.00
20130108,2.98,3.04,2.95,3.03,1383495,21999368.00
20130109,3.03,3.08,2.99,3.02,993302,15974994.00
20130110,3.00,3.06,2.98,3.01,571719,9149762.00
20130111,3.02,3.05,2.92,2.93,607424,9568974.00
20130114,2.87,3.03,2.87,3.01,1727903,27370378.00
20130115,3.03,3.24,2.98,3.21,2608807,42588020.00
20130116,3.23,3.23,3.02,3.11,8746249,142270288.00
20130117,3.06,3.36,3.04,3.23,5448104,91028256.00
20130118,3.23,3.40,3.18,3.36,6476061,113968984.00
20130121,3.35,3.48,3.29,3.37,4391770,78767288.00
20130122,3.39,3.45,3.31,3.38,4191306,74992728.00
20130123,3.35,3.37,3.25,3.33,2025369,35433964.00
20130124,3.33,3.35,3.17,3.28,2301610,39860260.00
20130125,3.28,3.32,3.26,3.27,1112437,19293786.00
20130128,3.29,3.35,3.26,3.32,1213841,21271478.00
20130129,3.31,3.35,3.28,3.34,949921,16591752.00
20130130,3.34,3.36,3.25,3.25,1317125,22948118.00
20130131,3.26,3.26,3.17,3.18,1135583,19224154.00
20130201,3.18,3.24,3.18,3.23,520955,8883673.00
20130204,3.23,3.23,3.15,3.17,1114578,18756734.00
20130205,3.16,3.18,3.07,3.17,918426,15180032.00
20130206,3.18,3.27,3.16,3.23,788280,13503164.00
20130207,3.22,3.27,3.22,3.26,452479,7789410.50
20130208,3.24,3.36,3.23,3.35,1039982,18279062.00
20130218,3.36,3.36,3.28,3.33,483372,8478486.00
20130219,3.31,3.33,3.24,3.26,687349,11893506.00
20130220,3.29,3.31,3.24,3.28,520987,9046080.00
20130221,3.26,3.32,3.21,3.32,1005249,17393238.00
20130222,3.32,3.36,3.27,3.28,717821,12598203.00
20130225,3.25,3.33,3.25,3.32,579859,10113742.00
20130226,3.29,3.38,3.29,3.31,710420,12505324.00
20130227,3.36,3.36,3.17,3.29,1019170,17518898.00
20130228,3.24,3.32,3.22,3.32,423564,7325869.00
20130301,3.35,3.49,3.35,3.43,2194656,39712660.00
20130304,3.43,3.47,3.32,3.35,1961750,35142916.00
20130305,3.33,3.42,3.32,3.38,779653,13934320.00
20130306,3.38,3.50,3.37,3.44,1225385,22265230.00
20130307,3.47,3.67,3.43,3.53,2442399,45751996.00
20130308,3.53,3.55,3.45,3.45,1130176,20855072.00
20130311,3.45,3.50,3.36,3.43,459756,8337030.00
20130312,3.44,3.44,3.32,3.38,841501,15012708.00
20130313,3.43,3.44,3.30,3.34,645709,11426241.00
20130314,3.31,3.40,3.26,3.34,669091,11869512.00
20130315,3.36,3.42,3.30,3.36,701334,12493031.00
20130318,3.38,3.49,3.35,3.45,1017943,18487254.00
20130319,3.46,3.50,3.43,3.46,904151,16544174.00
20130320,3.47,3.49,3.43,3.49,834363,15281819.00
20130321,3.49,3.70,3.46,3.61,2610198,49633108.00
20130322,3.60,3.63,3.54,3.58,1362847,25707248.00
20130325,3.57,3.63,3.56,3.56,629820,11942715.00
20130326,3.54,3.62,3.51,3.60,794255,15034820.00
20130327,3.60,3.62,3.53,3.55,604334,11397448.00
20130328,3.54,3.54,3.41,3.43,1030298,18871856.00
20130329,3.43,3.54,3.43,3.46,691173,12762110.00
20130401,3.46,3.53,3.43,3.51,506276,9354032.00
20130402,3.54,3.54,3.44,3.46,529956,9762633.00
20130403,3.46,3.47,3.31,3.34,779296,13802680.00
20130408,3.30,3.35,3.25,3.35,356508,6216938.50
20130409,3.36,3.46,3.32,3.37,899526,16048698.00
20130410,3.37,3.40,3.32,3.34,560356,9894390.00
20130411,3.34,3.38,3.31,3.31,457750,8066190.50
20130412,3.31,3.31,3.23,3.26,298697,5167565.00
20130415,3.29,3.29,3.21,3.25,218419,3742601.00
20130416,3.31,3.31,3.20,3.28,561433,9616524.00
20130417,3.28,3.34,3.25,3.34,233045,4051980.00
20130418,3.25,3.36,3.25,3.34,208940,3676394.75
20130419,3.36,3.43,3.32,3.43,532838,9552722.00
20130422,3.43,3.49,3.42,3.45,421418,7668524.00
20130423,3.43,3.43,3.33,3.38,768636,13719193.00
20130424,3.37,3.37,3.24,3.27,1395271,24158966.00
20130425,3.26,3.26,3.10,3.13,1974304,32972946.00
20130426,3.15,3.20,3.06,3.07,1163873,19263524.00
20130502,3.07,3.09,3.04,3.05,558874,9073903.00
20130503,3.08,3.13,3.08,3.11,753477,12383215.00
20130506,3.13,3.17,3.11,3.15,807418,13470266.00
20130507,3.18,3.19,3.11,3.14,1216182,20138658.00
20130508,3.15,3.16,3.09,3.12,1107104,17349516.00
20130509,3.11,3.12,3.04,3.11,930340,14445804.00
20130510,3.08,3.16,3.08,3.15,739330,11643866.00
20130513,3.17,3.17,3.11,3.14,707953,11162991.00
20130514,3.12,3.13,3.04,3.06,690040,10673565.00
20130515,3.05,3.08,3.05,3.08,467143,7206284.50
20130516,3.10,3.38,3.06,3.36,3904304,63287332.00
20130517,3.28,3.36,3.27,3.36,4331921,72752856.00
20130520,3.30,3.43,3.29,3.41,3440798,58764796.00
20130521,3.40,3.42,3.35,3.40,1539517,26322370.00
20130522,3.41,3.46,3.37,3.41,1667001,28784990.00
20130523,3.41,3.56,3.38,3.54,3673042,64874380.00
20130524,3.54,3.64,3.51,3.59,1972519,35786008.00
20130527,3.59,3.62,3.52,3.61,1352373,24395444.00
20130528,3.60,3.60,3.46,3.48,1741602,30815152.00
20130529,3.51,3.58,3.45,3.58,1904040,33920480.00
20130530,3.54,3.67,3.53,3.66,2142967,39225360.00
20130531,3.69,3.69,3.60,3.60,962484,17606816.00
20130603,3.61,3.66,3.55,3.57,973742,17668002.00
20130604,3.54,3.57,3.48,3.50,770576,13695451.00
20130605,3.50,3.63,3.50,3.56,623456,11295497.00
20130606,3.56,3.59,3.50,3.51,599889,10727578.00
20130607,3.53,3.54,3.40,3.47,947971,16625793.00
20130613,3.45,3.45,3.30,3.36,571787,9738099.00
20130614,3.36,3.42,3.36,3.41,426507,7329778.00
20130617,3.43,3.46,3.37,3.39,624118,10793246.00
20130618,3.43,3.43,3.32,3.34,563434,9542705.00
20130619,3.30,3.54,3.27,3.31,926437,15785076.00
20130620,3.31,3.34,3.18,3.19,1230319,20118068.00
20130621,3.18,3.27,3.13,3.22,767446,12402002.00
20130624,3.18,3.21,2.98,3.06,985405,15272763.00
20130625,3.06,3.13,2.83,3.11,999792,15142703.00
20130626,3.06,3.14,3.06,3.09,619491,9648091.00
20130627,3.06,3.13,2.98,3.03,696274,10757648.00
20130628,2.95,3.05,2.94,2.97,681494,10281655.00
20130701,2.98,2.99,2.84,2.85,2727040,39240952.00
20130702,2.84,2.90,2.83,2.90,1797319,25783796.00
20130703,2.88,2.88,2.83,2.86,1032103,14799675.00
20130704,2.85,2.98,2.83,2.95,1516075,22303828.00
20130705,2.94,3.06,2.93,3.01,1372107,20570704.00
20130708,2.97,3.10,2.93,3.00,1240288,18914812.00
20130709,2.96,2.99,2.86,2.90,867077,12677403.00
20130710,2.90,3.04,2.86,3.02,1348117,20296878.00
20130711,3.03,3.08,2.98,3.02,1292188,19740506.00
20130712,3.02,3.07,2.96,2.97,1398929,21217430.00
20130715,2.95,2.95,2.85,2.93,1957812,28524022.00
20130716,2.92,2.97,2.91,2.95,1103885,16332831.00
20130717,2.96,3.05,2.94,3.05,2032367,30669862.00
20130718,3.05,3.12,3.00,3.07,2140212,32962264.00
20130719,3.06,3.12,2.96,3.00,1731861,26542532.00
20130722,3.00,3.02,2.95,3.00,824299,12342430.00
20130723,3.00,3.07,2.98,3.06,1361462,20813026.00
20130724,3.04,3.06,2.98,3.01,1002272,15182903.00
20130725,3.01,3.03,2.95,2.97,797399,11931440.00
20130726,2.98,3.02,2.94,3.00,802017,12071476.00
20130729,2.96,2.97,2.89,2.92,1075438,15799020.00
20130730,2.92,2.99,2.89,2.95,680860,10066333.00
20130731,2.94,2.99,2.94,2.97,642608,9600982.00
20130801,3.01,3.04,2.99,3.03,832734,12671284.00
20130802,3.05,3.07,3.02,3.02,874077,13382239.00
20130805,3.02,3.06,3.01,3.05,711328,10859495.00
20130806,3.04,3.08,3.02,3.06,806184,12395182.00
20130807,3.06,3.09,3.04,3.07,931549,14389947.00
20130808,3.05,3.09,3.04,3.04,453291,6973033.00
20130809,3.04,3.06,3.00,3.04,632731,9679478.00
20130812,3.04,3.13,3.01,3.11,1397491,21763102.00
20130813,3.11,3.26,3.08,3.23,1354788,21706262.00
20130814,3.21,3.22,3.17,3.18,772356,12426796.00
20130815,3.15,3.32,3.15,3.26,2056744,33989392.00
20130816,3.26,3.27,3.18,3.18,1170219,19068164.00
20130819,3.13,3.23,3.13,3.22,615892,9898136.00
20130820,3.19,3.33,3.19,3.33,1946836,32114638.00
20130821,3.32,3.36,3.29,3.32,940856,15787593.00
20130822,3.34,3.40,3.27,3.36,1405247,23709106.00
20130823,3.40,3.40,3.24,3.31,1023032,17104920.00
20130826,3.33,3.34,3.28,3.30,685826,11420003.00
20130827,3.30,3.33,3.25,3.27,607581,10069464.00
20130828,3.26,3.26,3.17,3.22,717898,11672030.00
20130829,3.22,3.28,3.20,3.26,1009555,16551129.00
20130830,3.25,3.26,3.19,3.21,553535,9005645.00
20130902,3.21,3.21,3.17,3.21,428689,6908363.50
20130903,3.21,3.29,3.21,3.26,544781,8970794.00
20130904,3.58,3.58,3.45,3.47,8264789,148297248.00
20130905,3.34,3.40,3.27,3.31,3680160,61555236.00
20130906,3.32,3.33,3.25,3.28,2038739,33701268.00
20130909,3.27,3.34,3.25,3.30,1878019,31345442.00
20130910,3.30,3.33,3.26,3.28,1353575,22458030.00
20130911,3.26,3.31,3.15,3.29,2069795,33767584.00
20130912,3.29,3.45,3.23,3.40,3246520,54883624.00
20130913,3.37,3.46,3.35,3.36,2987745,51649852.00
20130916,3.36,3.41,3.31,3.40,994363,16940010.00
20130917,3.38,3.43,3.32,3.37,852123,14526893.00
20130918,3.38,3.38,3.27,3.31,940057,15731196.00
20130923,3.28,3.36,3.28,3.32,792818,13358168.00
20130924,3.33,3.33,3.25,3.27,1372534,22678646.00
20130925,3.25,3.28,3.17,3.20,1216230,19805876.00
20130926,3.21,3.21,3.15,3.17,718934,11514766.00
20130927,3.17,3.20,3.17,3.17,430581,6910272.50
20130930,3.17,3.21,3.13,3.19,483445,7772312.50
20131008,3.19,3.25,3.17,3.23,813884,13224891.00
20131009,3.21,3.24,3.20,3.22,699218,11364028.00
20131010,3.21,3.48,3.20,3.47,2489571,41462400.00
20131011,3.42,3.42,3.33,3.39,3806750,64773148.00
20131014,3.36,3.38,3.33,3.35,1283100,21735752.00
20131015,3.33,3.37,3.32,3.34,908031,15337015.00
20131016,3.34,3.34,3.24,3.29,915789,15156266.00
20131017,3.27,3.32,3.26,3.29,1091398,18117312.00
20131018,3.29,3.31,3.25,3.28,728925,12052613.00
20131021,3.30,3.40,3.25,3.37,1532952,25972536.00
20131022,3.39,3.41,3.34,3.35,1440364,24501970.00
20131023,3.35,3.39,3.30,3.38,1470727,24871130.00
20131024,3.38,3.47,3.34,3.41,1959125,33929640.00
20131025,3.40,3.46,3.28,3.29,1568590,26455070.00
20131028,3.30,3.36,3.29,3.29,537278,8979748.00
20131029,3.17,3.17,2.97,2.98,3400128,52482496.00
20131030,2.98,3.01,2.94,2.99,691404,10350476.00
20131031,2.99,3.05,2.92,3.03,738683,11043040.00
20131101,3.00,3.03,2.96,3.02,310282,4685499.50
20131104,2.99,3.01,2.97,2.98,694436,10414905.00
20131105,2.98,3.00,2.97,2.99,551733,8277946.50
20131106,3.00,3.01,2.95,2.95,986451,14772947.00
20131107,2.96,2.96,2.89,2.89,828988,12124329.00
20131108,2.90,2.90,2.85,2.87,735244,10600165.00
20131111,2.89,2.90,2.86,2.89,789187,11405229.00
20131112,2.89,2.90,2.88,2.89,484529,7040531.00
20131113,2.90,2.90,2.85,2.85,501091,7253955.50
20131114,2.86,2.91,2.84,2.90,637515,9204610.00
20131115,2.88,2.96,2.88,2.95,714847,10586276.00
20131118,2.95,3.01,2.95,3.00,945018,14187764.00
20131119,3.01,3.02,2.98,3.01,732940,11088681.00
20131120,3.01,3.04,2.96,3.00,996721,14930074.00
20131121,3.00,3.04,2.97,3.01,478292,7242462.00
20131122,3.03,3.03,2.98,2.99,316322,4776836.00
20131125,3.00,3.02,2.97,2.99,449499,6794062.00
20131126,3.01,3.08,2.99,3.03,847127,12945186.00
20131127,3.04,3.16,3.01,3.08,1125709,17453562.00
20131128,3.09,3.15,3.06,3.10,908876,14277599.00
20131129,3.08,3.15,3.08,3.10,599438,9407686.00
20131202,3.13,3.13,2.98,3.00,1306174,19815532.00
20131203,3.00,3.09,2.96,3.08,785679,11980195.00
20131204,3.01,3.30,3.01,3.23,2306429,36640796.00
20131205,3.21,3.22,3.12,3.17,1753363,27904212.00
20131206,3.17,3.27,3.06,3.17,1587203,25053716.00
20131209,3.17,3.17,3.06,3.10,2052248,31948162.00
20131210,3.08,3.11,3.07,3.09,1146351,17808170.00
20131211,3.06,3.07,3.03,3.04,548884,8442714.00
20131212,3.05,3.09,3.04,3.06,556040,8583515.00
20131213,3.06,3.12,3.06,3.10,549695,8534288.00
20131216,3.10,3.13,3.04,3.05,540451,8401641.00
20131217,3.04,3.09,3.02,3.06,368661,5652303.50
20131218,3.03,3.08,3.02,3.06,404470,6228316.00
20131219,3.06,3.11,3.02,3.04,401252,6168767.50
20131220,3.03,3.07,2.87,2.94,1477509,21782416.00
20131223,2.93,2.96,2.87,2.90,809697,11778712.00
20131224,2.90,2.93,2.84,2.85,1231400,17819080.00
20131225,2.87,2.87,2.83,2.84,1922362,27467696.00
20131226,2.85,2.86,2.79,2.79,1510523,21398756.00
20131227,2.80,2.83,2.78,2.81,1977993,27931444.00
20131230,2.81,2.88,2.81,2.86,1286096,18415292.00
20131231,2.86,2.88,2.84,2.86,1100466,15788254.00
20140102,2.86,2.95,2.85,2.92,1433145,20936722.00
20140103,2.91,2.93,2.90,2.92,1396561,20520356.00
20140106,2.94,2.94,2.88,2.89,777436,11337171.00
20140107,2.85,2.90,2.80,2.87,2115115,30238518.00
20140108,2.87,2.93,2.85,2.92,1567959,22925762.00
20140109,2.92,2.99,2.90,2.98,1951092,28895976.00
20140120,2.93,2.93,2.74,2.86,719004,8969708.00
20140121,2.86,2.97,2.84,2.94,601689,7670714.00
20140122,2.92,3.06,2.92,3.05,873716,11445117.00
20140123,3.01,3.33,3.01,3.25,1908029,26715192.00
20140124,3.25,3.30,3.19,3.22,1269991,17809184.00
20140127,3.13,3.24,3.11,3.20,1694536,23464292.00
20140128,3.18,3.26,3.18,3.20,1153915,16101841.00
20140129,3.21,3.21,3.12,3.18,803950,11017765.00
20140130,3.18,3.22,3.15,3.17,362704,4998350.00
20140207,3.19,3.30,3.17,3.27,1559239,22013554.00
20140210,3.28,3.33,3.28,3.29,1641707,23362660.00
20140211,3.30,3.42,3.30,3.40,2689072,39176220.00
20140212,3.39,3.42,3.35,3.39,1241923,18110200.00
20140213,3.37,3.39,3.26,3.29,1341907,19209498.00
20140214,3.28,3.33,3.27,3.29,914692,13037565.00
20140217,3.29,3.40,3.29,3.35,1341358,19432538.00
20140218,3.35,3.38,3.28,3.31,1177911,16904186.00
20140219,3.31,3.35,3.24,3.29,1019074,14482460.00
20140220,3.29,3.32,3.21,3.21,1259154,17637376.00
20140221,3.23,3.23,3.15,3.16,1060292,14614468.00
20140224,3.15,3.22,3.12,3.22,838809,11507287.00
20140225,3.19,3.25,2.99,3.04,1882921,25639444.00
20140226,3.01,3.08,2.99,3.02,1374228,18068002.00
20140227,3.02,3.06,2.95,2.99,1710823,22347890.00
20140228,2.99,3.04,2.91,3.04,624185,8129809.00
20140303,3.04,3.10,3.01,3.10,865177,11559326.00
20140304,3.09,3.11,3.06,3.09,523059,6983452.00
20140305,3.07,3.13,3.07,3.09,458648,6177558.00
20140306,3.09,3.15,3.04,3.12,848607,11405471.00
20140307,3.11,3.11,3.04,3.08,737396,9845519.00
20140310,3.07,3.07,2.93,2.98,768459,9953041.00
20140311,2.98,3.00,2.91,2.94,520513,6677097.00
20140312,2.92,2.98,2.89,2.91,518908,6608765.00
20140313,2.92,2.95,2.90,2.94,483424,6172184.50
20140314,2.95,2.95,2.90,2.94,526300,6684402.00
20140317,2.94,2.98,2.91,2.98,585349,7558924.00
20140318,2.99,3.02,2.97,2.99,645539,8423365.00
20140319,3.01,3.02,2.97,2.99,1693724,22027120.00
20140320,2.97,3.01,2.91,2.91,807249,10450434.00
20140321,2.89,3.00,2.86,2.97,764360,9745236.00
20140324,2.96,3.01,2.95,3.00,468203,6098849.50
20140325,2.99,3.02,2.96,2.99,553963,7211773.00
20140326,2.99,3.03,2.99,3.03,685788,8967333.00
20140327,3.03,3.03,2.95,2.96,636802,8271765.00
20140328,2.98,2.98,2.89,2.90,644533,8213927.00
20140331,2.91,2.91,2.85,2.91,1877438,23534026.00
20140401,2.86,2.90,2.86,2.86,1234670,15473948.00
20140402,2.88,2.97,2.88,2.97,1800706,23086578.00
20140403,2.98,3.00,2.92,2.98,815850,10484471.00
20140404,2.97,2.97,2.93,2.95,842784,10799977.00
20140408,2.94,2.97,2.92,2.96,993966,12763666.00
20140409,2.97,2.98,2.95,2.96,1651233,21306668.00
20140410,2.97,3.01,2.96,3.00,1839460,23938180.00
20140411,2.99,3.00,2.98,2.99,944309,12286251.00
20140414,2.99,3.02,2.97,3.02,1352238,17625600.00
20140415,3.02,3.02,2.96,2.97,806780,10491049.00
20140416,2.97,3.00,2.97,2.98,540541,7022686.00
20140417,2.97,3.01,2.97,2.99,609095,7928505.50
20140418,2.99,3.01,2.97,2.99,577543,7516559.50
20140421,3.01,3.21,3.01,3.11,5623316,75921616.00
20140422,3.09,3.28,3.07,3.27,7254138,101031072.00
20140423,3.28,3.28,3.19,3.21,3050824,42456552.00
20140424,3.21,3.26,3.16,3.24,2361161,32696528.00
20140425,3.23,3.25,3.15,3.16,2699486,37468140.00
20140428,3.12,3.16,2.86,2.94,1889234,24735640.00
20140429,2.98,3.03,2.91,3.03,902941,11677028.00
20140430,3.01,3.05,2.99,3.03,701281,9208113.00
20140505,3.03,3.04,2.95,3.03,555177,7236630.50
20140506,2.99,3.08,2.99,3.04,909803,12010246.00
20140507,3.04,3.04,2.99,2.99,654589,8555836.00
20140508,2.99,3.03,2.97,2.97,618181,8098282.00
20140509,2.96,3.02,2.94,2.96,728962,9450005.00
20140512,2.97,3.05,2.95,3.05,793806,10375897.00
20140513,3.06,3.10,3.05,3.07,1219603,16245107.00
20140514,3.07,3.07,3.03,3.04,534316,7075700.00
20140515,3.06,3.21,3.05,3.17,2933357,40241580.00
20140516,3.18,3.22,3.13,3.22,1735325,23862362.00
20140519,3.21,3.21,3.14,3.17,1036387,14251304.00
20140520,3.17,3.19,3.10,3.17,1301233,17733598.00
20140521,3.17,3.19,3.11,3.18,1049423,14373260.00
20140522,3.18,3.22,3.12,3.14,2773779,18570908.00
20140523,3.13,3.17,3.08,3.14,2629765,17436600.00
20140526,3.16,3.21,3.11,3.19,3042400,20376558.00
20140527,3.19,3.20,3.12,3.14,2262084,15143464.00
20140528,3.13,3.26,3.12,3.23,3151978,21339038.00
20140529,3.22,3.23,3.14,3.16,2613945,17683590.00
20140530,3.15,3.20,3.14,3.18,1675021,11248200.00
20140603,3.20,3.20,3.14,3.16,1155628,7742330.50
20140604,3.16,3.20,3.12,3.19,2100113,14031766.00
20140605,3.20,3.20,3.15,3.19,1001323,6741926.00
20140606,3.19,3.36,3.15,3.29,6837814,47361168.00
20140609,3.26,3.40,3.25,3.35,5380707,37992360.00
20140610,3.33,3.38,3.33,3.36,4789697,33971852.00
20140611,3.36,3.39,3.33,3.34,2942354,20821028.00
20140612,3.34,3.35,3.29,3.30,2393422,16750896.00
20140613,3.30,3.34,3.27,3.33,2035926,14244822.00
20140616,3.33,3.38,3.29,3.35,2706855,19102156.00
20140617,3.37,3.39,3.26,3.28,2164045,15105746.00
20140618,3.25,3.29,3.16,3.18,2828979,19175324.00
20140619,3.18,3.24,3.14,3.22,1773733,11910955.00
20140620,3.19,3.23,3.15,3.21,931748,6307766.50
20140623,3.19,3.26,3.19,3.24,982185,6718952.50
20140624,3.23,3.26,3.21,3.24,1080931,7389584.50
20140625,3.25,3.26,3.22,3.26,1333132,9157227.00
20140626,3.26,3.29,3.25,3.28,1500094,10395082.00
20140627,3.27,3.33,3.26,3.31,2172400,15125444.00
20140630,3.31,3.49,3.29,3.45,5499629,39784552.00
20140701,3.43,3.48,3.36,3.36,3991102,28737550.00
20140702,3.39,3.48,3.39,3.46,3774327,27378776.00
20140703,3.44,3.49,3.42,3.45,2616435,19009858.00
20140704,3.43,3.51,3.37,3.39,4014748,29106586.00
20140707,3.39,3.42,3.36,3.40,2210068,15812684.00
20140708,3.40,3.51,3.37,3.49,4491444,32835908.00
20140709,3.49,3.58,3.46,3.48,5654048,41912508.00
20140710,3.44,3.49,3.41,3.45,2639675,19235542.00
20140711,3.45,3.53,3.42,3.46,3761468,27582626.00
20140714,3.45,3.50,3.43,3.49,2738833,20010068.00
20140715,3.47,3.47,3.37,3.40,4240155,30510098.00
20140716,3.41,3.42,3.32,3.34,2928237,20742830.00
20140717,3.21,3.26,3.06,3.18,8915264,59900556.00
20140718,3.15,3.26,3.15,3.21,2345053,15956752.00
20140721,3.21,3.27,3.19,3.25,1758756,12036991.00
20140722,3.25,3.28,3.21,3.27,1525003,10475712.00
20140723,3.27,3.33,3.25,3.29,2792582,19407856.00
20140724,3.26,3.37,3.26,3.34,3677165,25903078.00
20140728,3.42,3.42,3.32,3.38,3619064,25720322.00
20140729,3.36,3.44,3.35,3.43,3170876,22822324.00
20140730,3.43,3.48,3.39,3.47,4004560,29077324.00
20140731,3.49,3.49,3.42,3.46,2679363,19462496.00
20140801,3.46,3.82,3.43,3.82,15815119,123336856.00
20140804,3.90,4.22,3.86,4.17,21459589,183353456.00
20140805,4.06,4.14,3.96,4.11,12338205,104512824.00
20140806,4.05,4.06,3.96,4.02,6472472,54486284.00
20140807,4.04,4.42,4.04,4.29,15228586,135114144.00
20140808,4.31,4.45,4.21,4.27,9310710,83527520.00
20140811,4.29,4.29,4.11,4.24,8143267,71265552.00
20140812,4.21,4.37,4.18,4.22,6886433,61356456.00
20140813,4.23,4.25,4.13,4.18,5141491,44771524.00
20140814,4.18,4.20,4.11,4.12,4551201,39343576.00
20140815,4.14,4.17,4.10,4.13,3423929,29637338.00
20140818,4.14,4.52,4.13,4.42,9506708,86266240.00
20140819,4.41,4.60,4.36,4.56,9205344,86725608.00
20140820,4.56,4.64,4.42,4.45,4554646,42548948.00
20140821,4.44,4.54,4.36,4.47,3386165,31433184.00
20140822,4.42,4.54,4.36,4.46,4260654,39417784.00
20140825,4.45,4.60,4.45,4.48,3924654,36948684.00
20140826,4.47,4.55,4.37,4.38,3421527,31585928.00
20140827,4.37,4.40,4.29,4.35,3014697,27316310.00
20140828,4.35,4.74,4.25,4.70,8958567,85578984.00
20140829,4.68,4.75,4.57,4.71,4073240,39517772.00
20140901,4.66,4.85,4.62,4.81,4420081,43682024.00
20140902,4.82,4.96,4.74,4.80,3665395,36757272.00
20140903,4.82,4.86,4.75,4.81,3556776,35446996.00
20140904,4.83,4.92,4.77,4.87,4338971,43752684.00
20140905,4.92,5.01,4.86,4.95,4803682,49263604.00
20140909,4.95,5.15,4.95,5.00,4832786,50883164.00
20140910,4.95,5.13,4.86,5.05,2854114,29757074.00
20140911,5.02,5.24,5.02,5.10,5010512,53373300.00
20140912,5.16,5.59,5.16,5.59,6014775,66321264.00
20140915,5.51,5.86,5.51,5.78,8145986,96307616.00
20140916,5.78,6.04,5.47,5.56,9740670,116501256.00
20140917,5.56,5.69,5.24,5.41,7848891,87858824.00
20140918,5.46,5.86,5.44,5.81,8009070,94119832.00
20140919,5.79,5.87,5.75,5.81,4936363,59227036.00
20140922,5.81,5.81,5.46,5.59,5308829,61358044.00
20140923,5.56,5.73,5.44,5.73,4677829,54096696.00
20140924,5.73,6.00,5.64,5.90,5291307,63931152.00
20140925,5.90,6.17,5.90,6.00,5575579,69747648.00
20140926,6.00,6.41,5.94,6.33,6649794,85269744.00
20140929,6.40,6.56,6.25,6.31,5343084,69946848.00
20140930,6.32,6.89,6.25,6.80,6509799,88375112.00
20141008,6.71,7.35,6.69,7.34,10317906,150628496.00
20141009,7.34,8.08,7.20,8.00,11362575,178779072.00
20141010,8.07,8.13,7.61,7.79,9076175,145557552.00
20141013,7.72,7.95,7.61,7.74,5144978,82092424.00
20141014,7.74,7.86,7.32,7.80,7067052,110376096.00
20141015,7.73,7.82,7.54,7.62,5825610,91305424.00
20141016,7.71,8.40,7.54,8.26,9766900,161249440.00
20141017,8.35,8.81,8.11,8.61,10014233,172607056.00
20141020,8.51,8.91,8.46,8.55,7730687,136717920.00
20141021,8.56,8.89,8.53,8.65,5631039,99831568.00
20141022,8.48,8.75,8.19,8.24,7841575,135919104.00
20141023,8.01,8.11,7.40,7.49,13505307,211576768.00
20141024,7.31,7.65,7.25,7.42,6091360,93450768.00
20141027,7.36,7.46,7.05,7.42,6723896,100276704.00
20141028,7.42,8.18,7.42,8.18,8191967,131387168.00
20141029,8.33,8.75,8.33,8.46,8482377,147984160.00
20141030,8.46,8.55,8.22,8.40,5208938,89606760.00
20141031,8.36,8.71,8.36,8.43,4509498,78393280.00
20141103,8.43,8.56,8.23,8.55,5479369,94570400.00
20141104,8.56,8.95,8.47,8.91,9427964,168540272.00
20141105,8.91,9.15,8.83,8.83,5278362,96796488.00
20141106,8.87,9.06,8.73,8.89,4630499,83859432.00
20141107,8.89,8.96,8.48,8.69,6452552,114475520.00
20141110,8.74,8.74,8.16,8.44,6758446,115380496.00
20141111,8.44,8.44,8.04,8.22,4561652,76259456.00
20141112,8.22,8.46,8.14,8.45,2922741,49949468.00
20141113,8.45,8.57,8.22,8.45,2157760,36988964.00
20141114,8.41,8.70,8.22,8.70,5527359,96813824.00
20141117,8.74,8.76,8.57,8.57,2771300,49139804.00
20141118,8.52,8.80,8.52,8.62,2077680,36762912.00
20141119,8.62,8.65,8.36,8.39,2677292,46240040.00
20141120,8.39,8.57,8.29,8.41,1932647,33420250.00
20141121,8.42,8.58,8.36,8.55,2138537,37053788.00
20141124,8.71,8.83,8.57,8.74,4066564,72715856.00
20141125,8.78,9.64,8.78,9.64,7991997,150920784.00
20141126,9.65,9.98,9.51,9.79,6551483,129934728.00
20141127,9.81,9.86,9.59,9.66,4264253,84038632.00
20141128,9.67,10.05,9.62,9.67,5526157,110656928.00
20141201,9.67,9.81,9.26,9.36,6442658,124255504.00
20141202,9.36,9.46,9.22,9.30,4178717,79553288.00
20141203,9.31,10.24,9.31,10.22,7772893,154488304.00
20141204,10.23,10.30,9.84,9.97,4857714,98687416.00
20141205,9.95,9.95,9.08,9.81,8161139,159849040.00
20141208,9.77,9.96,9.46,9.74,5384701,106213728.00
20141209,9.59,9.89,9.36,9.37,3949663,77329048.00
20141210,9.22,9.75,9.22,9.67,2747595,53727176.00
20141211,9.66,9.99,9.51,9.73,2040083,40724776.00
20141212,9.86,9.97,9.66,9.82,1801102,35960908.00
20141215,9.86,9.91,9.72,9.80,2109052,42149856.00
20141216,9.80,9.84,9.69,9.81,2747285,54831820.00
20141217,9.79,9.86,9.56,9.61,3200925,63299632.00
20141218,9.65,9.74,8.93,9.01,5838162,110196432.00
20141219,8.81,9.34,8.75,9.19,4217306,77515832.00
20141222,9.07,9.11,8.53,8.65,2517239,44909292.00
20141223,8.63,8.81,8.46,8.57,1237110,21882938.00
20141224,8.58,8.74,8.23,8.29,2383558,40983772.00
20141225,8.28,8.96,7.94,8.88,6286137,109054936.00
20141226,8.46,9.30,8.46,9.13,4551678,83397248.00
20141229,9.05,9.21,8.90,9.01,2438248,45070480.00
20141230,9.01,9.40,8.94,9.29,2996602,56247716.00
20141231,9.31,9.40,9.06,9.40,3235666,60986672.00
20150105,9.41,9.42,8.79,8.79,4008559,73096088.00
20150106,8.59,8.61,8.11,8.38,3287691,56054412.00
20150107,8.34,8.54,8.21,8.32,1431528,24408696.00
20150108,8.32,8.46,8.15,8.31,1685366,28600156.00
20150109,8.40,8.40,8.01,8.04,3114932,52033696.00
20150112,7.52,8.47,7.52,8.26,7528525,123072400.00
20150113,8.26,8.38,7.96,8.31,2230396,37743028.00
20150114,8.30,8.37,7.82,8.00,3643028,59999004.00
20150115,8.01,8.14,7.89,8.02,1155680,19013956.00
20150116,8.02,8.12,7.97,8.11,1874924,30918310.00
20150119,8.02,8.31,7.74,7.87,2125321,35171672.00
20150120,8.06,8.19,7.93,8.15,1373703,22660106.00
20150121,8.14,8.65,8.12,8.50,3112195,53900088.00
20150122,8.44,8.67,8.44,8.52,3013558,52769988.00
20150123,8.56,8.74,8.49,8.64,2669502,47009248.00
20150126,8.64,9.50,8.64,9.35,7842453,148034512.00
20150127,9.50,9.90,9.44,9.76,7337978,145505824.00
20150128,9.71,10.75,9.50,10.75,9580470,199785936.00
20150129,10.75,11.80,10.54,11.24,13607820,311458368.00
20150130,11.23,11.65,11.02,11.26,6461919,148923792.00
20150202,11.04,11.48,10.86,11.42,6093614,137602928.00
20150203,11.31,12.16,11.22,11.76,5914128,142616288.00
20150204,11.81,11.95,11.26,11.51,5640404,131848616.00
20150205,11.49,12.46,11.31,12.22,6557895,159261520.00
20150206,12.20,13.25,12.06,12.69,6013783,154746304.00
20150209,12.71,12.99,12.16,12.43,3940777,99996856.00
20150210,12.31,12.46,11.76,12.16,3854233,94479744.00
20150211,12.16,12.77,12.11,12.72,2348922,60005632.00
20150212,12.78,13.06,12.41,12.46,2725984,70285656.00
20150213,12.50,12.58,12.21,12.46,1791220,44970704.00
20150216,12.46,12.93,12.46,12.71,1647919,42583460.00
20150217,12.95,13.11,12.71,12.92,2044501,53395848.00
20150225,12.74,14.21,12.66,14.21,4292844,120559904.00
20150226,14.16,14.16,13.46,13.94,2072924,58372008.00
20150227,13.94,14.05,13.63,13.73,1783113,49639036.00
20150302,14.01,14.26,13.56,14.04,2436131,69047944.00
20150303,13.81,14.81,13.81,14.36,3523776,101220392.00
20150304,14.31,15.10,13.61,15.00,3430711,102305080.00
20150305,15.03,15.06,14.59,14.81,1972948,59354668.00
20150306,14.81,15.07,14.57,14.58,2029406,60425388.00
20150309,14.65,14.81,13.89,14.17,2993264,86433272.00
20150310,14.12,14.38,13.90,13.99,2861598,81349136.00
20150311,14.02,14.21,13.63,13.71,2671878,74647304.00
20150312,13.75,14.80,13.73,14.32,2968950,85967456.00
20150313,14.32,14.51,12.87,14.19,2610774,74157376.00
20150316,14.02,14.42,13.86,14.25,3472304,99577464.00
20150317,14.31,14.43,14.18,14.38,3160749,91515536.00
20150318,14.39,14.94,14.31,14.52,3644755,108601712.00
20150319,14.52,15.25,14.31,14.49,3157211,94583168.00
20150320,14.49,15.41,14.49,15.25,3413355,104301792.00
20150323,15.25,16.27,14.99,16.21,6182158,198925328.00
20150324,16.27,16.81,15.71,16.65,5139342,169547664.00
20150325,16.72,18.33,16.72,18.33,6988826,253374832.00
20150326,18.21,19.76,18.12,18.54,5964675,226283408.00
20150327,18.54,19.26,17.06,19.06,4122574,154340784.00
20150330,18.85,19.21,18.16,18.36,4333482,162402480.00
20150331,18.21,18.69,17.56,18.56,3036617,112099760.00
20150401,18.54,19.14,18.31,19.00,2703572,102739488.00
20150402,18.91,19.00,18.51,18.91,2911565,110218544.00
20150403,19.29,20.31,18.91,19.61,5294148,210127312.00
20150407,19.76,19.81,18.82,19.54,5693619,221939200.00
20150408,19.31,19.56,18.89,19.06,3235212,125221248.00
20150409,19.06,19.80,18.96,19.23,4594824,179484096.00
20150410,19.11,19.56,18.56,19.17,3078116,118528280.00
20150413,19.18,19.57,18.89,19.17,4873639,189077440.00
20150414,19.16,19.31,18.14,18.14,5051639,189697968.00
20150415,18.09,18.09,16.31,17.37,6243596,217545072.00
20150416,17.37,19.13,16.56,19.13,7350086,278549120.00
20150417,19.57,21.06,19.56,21.06,11242494,472840992.00
20150420,21.39,23.15,21.06,21.49,9360449,419578816.00
20150421,21.48,22.63,21.32,21.86,4252986,187752416.00
20150422,21.81,24.07,21.59,24.07,7903139,366200096.00
20150423,25.02,25.02,23.45,23.76,6190432,302271648.00
20150424,23.77,25.96,23.21,25.96,7026837,346688768.00
20150427,26.31,28.58,25.75,27.39,6635786,362275168.00
20150428,27.56,28.25,26.06,26.81,5472475,296510976.00
20150429,26.81,29.40,26.80,29.31,5535271,317201824.00
20150430,29.79,30.79,28.81,29.81,3357018,200517376.00
20150504,29.86,30.21,28.88,29.59,2941154,174288848.00
20150505,29.59,30.81,28.59,29.96,3651635,217773728.00
20150506,31.16,32.96,29.46,31.51,9221671,293583392.00
20150507,31.53,32.64,28.44,29.88,7186599,224856672.00
20150508,30.86,31.24,27.39,29.86,13306886,390114528.00
20150511,30.64,32.66,29.91,32.66,16548020,521947520.00
20150512,33.08,35.94,32.94,35.94,12817638,451026304.00
20150520,38.86,39.55,38.54,39.55,9537565,376822752.00
20150521,43.52,43.52,37.56,39.82,20156691,822008256.00
20150522,39.78,41.96,37.58,39.35,23138083,901421056.00
20150525,38.66,38.74,37.56,37.80,18196115,691712832.00
20150526,37.96,38.57,36.86,38.06,19125321,724174784.00
20150527,37.94,37.96,36.24,37.03,12561546,469312832.00
20150528,37.14,40.35,37.14,38.61,22057516,856927616.00
20150529,39.55,42.06,38.17,41.85,24006508,978786880.00
20150601,42.76,44.44,41.59,42.06,20768200,888589952.00
20150602,42.06,46.28,41.22,46.28,20099088,874663552.00
20150603,46.52,49.66,45.46,48.04,19373434,927190720.00
20150604,47.86,47.86,43.22,45.87,13005457,595795200.00
20150605,47.66,49.87,44.77,47.56,18067761,858327424.00
20150608,46.56,46.56,42.79,42.91,19482618,853600640.00
20150609,41.36,42.83,38.86,41.04,15426724,635534336.00
20150610,41.15,42.79,40.86,41.26,8808825,367240256.00
20150611,41.48,43.79,40.34,43.24,14872603,622963648.00
20150612,43.29,45.16,43.06,44.31,20376785,903895808.00
20150615,44.86,45.11,41.36,41.71,24119922,1040640704.00
20150616,40.15,42.30,37.53,39.16,33212595,1292039808.00
20150617,38.86,39.04,35.23,37.64,26880661,979838784.00
20150618,36.36,36.52,33.86,33.86,14994017,530565312.00
20150619,31.56,31.56,30.46,30.46,10008240,308762208.00
20150713,27.40,33.45,27.40,33.41,96161790,2889414400.00
20150714,30.86,32.40,30.06,30.06,59672512,1847516416.00
20150715,27.04,27.04,27.04,27.04,2251000,61182180.00
20150716,24.32,25.81,24.32,24.32,66287976,1631302400.00
20150717,23.04,25.44,22.11,24.48,76588845,1820110080.00
20150720,23.36,24.88,23.04,23.47,55090583,1324764416.00
20150721,22.86,25.83,22.06,25.83,61845890,1536629248.00
20150722,26.39,27.34,24.36,25.36,64467671,1682509824.00
20150723,25.02,27.12,24.98,26.46,48377940,1269518592.00
20150724,26.86,27.76,25.86,26.36,55631272,1501108224.00
20150727,25.66,26.66,23.71,23.71,37150474,933657408.00
20150728,21.33,22.86,21.33,21.33,40267331,870051840.00
20150729,21.76,22.04,19.18,21.36,49466542,997160064.00
20150730,20.39,21.08,19.21,19.21,34320925,703373632.00
20150731,18.16,18.75,17.28,17.38,32261184,581735232.00
20150803,17.25,17.26,15.63,15.96,30687045,506148160.00
20150804,16.11,17.57,16.11,17.57,27522189,469198176.00
20150805,18.33,19.34,17.63,18.42,50326039,942689280.00
20150806,17.56,18.21,17.36,17.79,25430368,457427296.00
20150807,18.12,19.30,18.02,18.93,39610172,744686592.00
20150810,19.26,20.84,18.86,20.84,42928703,859168192.00
20150811,20.86,21.86,20.16,20.51,65291550,1391276416.00
20150812,19.87,21.01,19.47,19.52,34347623,698472064.00
20150813,19.52,20.51,18.86,20.39,31329728,620019904.00
20150814,20.47,21.87,20.38,20.88,49453672,1045360256.00
20150817,20.86,20.86,19.66,20.23,27926355,566241280.00
20150818,20.46,20.74,18.19,18.19,33873040,664651392.00
20150819,17.38,18.91,16.41,18.67,33973313,600427328.00
20150820,18.06,19.35,17.81,18.36,29907474,555251712.00
20150821,17.87,18.21,16.56,16.66,23228974,406167040.00
20150824,15.85,15.85,14.98,14.98,11540819,176084160.00
20150825,13.47,13.65,13.47,13.47,14563299,198405664.00
20150826,12.96,13.66,12.11,12.11,34492177,441290240.00
20150827,12.54,12.96,11.24,12.41,31597965,391671968.00
20150828,12.76,13.67,12.37,13.67,38678007,506452224.00
20150831,13.66,13.66,12.56,12.59,27031475,355213408.00
20150901,12.31,12.37,11.32,11.32,18106993,212689312.00
20150902,10.21,12.03,10.21,10.28,24907245,276090432.00
20150907,10.57,11.32,10.57,11.17,29762707,332483968.00
20150908,10.88,12.30,10.83,12.30,31860320,371418304.00
20150909,12.41,13.52,12.30,13.35,41669740,542909952.00
20150910,12.98,13.62,12.86,12.91,25937549,345912768.00
20150911,12.86,13.34,12.69,13.03,19097546,250855296.00
20150914,13.11,13.11,11.71,11.71,19329223,238763488.00
20150915,10.88,11.23,10.53,10.53,22395500,244435088.00
20150916,10.74,11.60,10.46,11.60,25651137,287373888.00
20150917,11.70,12.45,11.37,11.47,32737060,394420352.00
20150918,11.60,11.96,11.25,11.66,20781197,243073264.00
20150921,11.42,12.66,11.31,12.51,26016120,319291136.00
20150922,12.69,12.84,12.08,12.52,31031292,392433440.00
20150923,12.24,13.16,12.08,12.76,32589377,415831712.00
20150924,12.96,13.16,12.76,12.97,24847846,325475648.00
20150925,12.92,12.97,11.71,11.92,23379315,292027136.00
20150928,12.16,12.64,11.87,12.55,15819551,197185520.00
20150929,12.31,12.40,12.02,12.29,13322516,164572704.00
20150930,12.41,13.00,12.38,12.76,21134327,271402368.00
20151008,13.36,13.57,12.98,13.41,21286953,286383712.00
20151009,13.45,13.77,13.13,13.65,25250005,344096704.00
20151012,13.81,15.03,13.66,15.03,27979395,406456640.00
20151013,14.96,15.52,14.66,15.27,34968069,530935936.00
20151014,15.11,15.18,14.52,14.58,29037543,434389600.00
20151015,14.65,15.52,14.46,15.33,30174445,457345088.00
20151016,15.55,15.71,14.81,15.40,37659267,578130560.00
20151019,15.61,15.68,14.91,15.09,30731767,471192096.00
20151020,15.09,16.21,14.99,15.74,37361875,587699968.00
20151021,15.76,15.80,14.15,14.15,37733873,571043264.00
20151022,13.99,14.76,13.91,14.65,27542277,400006272.00
20151023,14.84,15.61,14.36,15.33,31877007,487889024.00
20151026,15.66,16.16,15.14,15.59,36659086,579593216.00
20151027,16.16,17.16,15.26,17.16,71135346,1181121024.00
20151028,16.86,18.14,16.63,17.11,66311992,1150409856.00
20151029,17.26,17.86,16.56,17.23,45263100,785455232.00
20151030,17.14,17.35,16.47,16.58,31231108,529874560.00
20151102,16.15,16.74,15.66,15.79,25144449,411025888.00
20151103,16.16,16.29,15.58,15.89,20792058,335074336.00
20151104,16.16,17.07,15.99,16.96,28879100,482042944.00
20151105,17.16,17.19,16.46,16.75,30843137,521995680.00
20151106,17.15,17.74,16.81,17.39,33400957,584912128.00
20151109,17.31,18.45,16.87,18.19,36630622,657739712.00
20151110,18.36,18.36,17.49,17.91,32651147,589858304.00
20151111,18.21,18.21,17.66,18.14,27637767,499931584.00
20151112,18.36,19.24,17.99,18.72,41727449,777729728.00
20151113,18.65,18.65,17.51,17.72,30651521,557470976.00
20151116,16.87,18.06,16.87,18.05,19412442,342404864.00
20151117,18.35,19.26,18.16,18.41,39808189,745814912.00
20151118,18.56,18.66,17.86,17.93,21597018,395368352.00
20151119,18.07,18.36,17.72,18.23,17311319,315729472.00
20151120,18.43,19.82,18.11,19.06,44875650,856745984.00
20151123,18.96,20.33,18.96,19.68,38736034,768657536.00
20151124,19.86,19.90,19.07,19.71,21758707,425429984.00
20151125,19.76,21.70,19.51,21.26,55521736,1180272256.00
20151207,21.04,21.82,19.27,20.94,57390327,1181858560.00
20151208,20.23,20.46,19.35,19.44,29925256,598347136.00
20151209,18.87,19.42,18.48,18.63,21997418,418036960.00
20151210,18.56,19.05,18.26,18.32,17979727,337229728.00
20151211,18.32,18.32,17.58,17.95,17769838,320951456.00
20151214,17.57,18.35,17.26,18.23,17510155,312767072.00
20151215,18.26,18.85,18.11,18.81,18847522,351011136.00
20151216,19.00,19.31,18.56,18.70,20726824,393535808.00
20151217,18.77,19.64,18.66,19.51,23573824,455466272.00
20151218,19.36,20.26,19.19,19.48,34066304,677078528.00
20151221,19.34,19.86,19.04,19.71,22596325,442486176.00
20151222,20.14,20.31,19.52,19.62,20962121,418047776.00
20151223,19.70,19.76,18.73,18.77,21707017,418751392.00
20151224,18.75,18.75,17.86,18.35,13798564,253482064.00
20151225,18.35,18.82,18.24,18.55,9472172,176700960.00
20151228,18.56,18.64,17.85,17.85,11040606,203914624.00
20151229,17.96,18.76,17.67,18.69,17870304,330968544.00
20151230,19.44,20.23,19.02,19.07,34818715,686293952.00
20151231,19.06,19.12,18.37,18.39,13504026,254005920.00
20160104,18.16,18.35,16.54,16.54,12627291,219842096.00
20160105,14.99,16.76,14.87,16.06,18211958,291559072.00
20160106,16.41,16.42,15.87,16.33,10463560,170877872.00
20160107,16.06,16.06,14.68,14.69,3727520,56927500.00
20160108,15.07,15.33,13.42,14.25,13607785,198721344.00
20160111,13.86,14.10,12.81,12.81,12611046,170196784.00
20160112,12.61,13.33,12.32,13.06,11217713,147109024.00
20160113,13.33,13.33,11.86,12.01,10871224,140513824.00
20160114,11.51,12.66,11.51,12.56,10892956,134288208.00
20160115,12.64,13.74,12.46,12.91,28824916,379136928.00
20160118,12.37,13.30,12.37,12.97,13716772,179259824.00
20160119,13.01,13.74,12.72,13.65,13587256,182155088.00
20160120,13.56,13.87,13.28,13.48,10589432,144928192.00
20160121,13.14,13.76,12.81,12.81,10846066,146247392.00
20160122,13.14,13.31,12.36,13.13,12252958,160130752.00
20160125,13.22,13.46,13.01,13.41,8433984,112834960.00
20160126,13.22,13.33,12.06,12.06,9035846,115920072.00
20160127,12.06,12.18,10.88,11.41,19215539,221541584.00
20160128,11.03,11.52,10.46,10.68,12092620,135093728.00
20160129,10.90,11.76,10.61,11.76,23119147,270907200.00
20160201,11.75,11.89,11.16,11.61,21385372,248742624.00
20160202,11.49,12.22,11.35,11.99,18670660,223209840.00
20160203,11.75,12.23,11.47,12.10,12953300,154817376.00
20160204,12.10,12.65,12.03,12.13,21013602,262952320.00
20160205,12.13,12.21,11.80,11.81,10789754,131365552.00
20160215,11.54,12.25,11.20,12.05,12803914,152476384.00
20160216,12.24,13.25,12.12,12.76,18457712,235167296.00
20160217,12.71,12.91,12.52,12.79,15815002,204022400.00
20160218,12.96,13.06,12.57,12.67,14875541,192380128.00
20160219,12.60,13.11,12.55,12.86,18852709,244789248.00
20160222,13.10,13.51,12.90,13.46,30051365,402648672.00
20160223,13.47,13.47,12.92,13.19,18285319,243111504.00
20160224,13.04,13.32,12.73,13.23,13588294,178668368.00
20160225,13.18,13.36,11.89,11.89,21971497,283338496.00
20160226,12.05,12.34,11.17,11.67,14997597,179766752.00
20160229,11.47,11.66,10.57,10.58,13611548,149059744.00
20160301,10.84,11.65,10.68,11.65,45178340,525960832.00
20160302,11.35,12.24,11.05,12.11,45793451,538315840.00
20160303,11.92,12.20,11.80,11.93,28750454,348460640.00
20160304,11.81,11.89,10.86,11.08,21414204,247181296.00
20160307,11.17,11.54,11.16,11.35,13480562,155002080.00
20160308,11.36,11.42,10.67,11.32,17441520,194759648.00
20160309,11.01,11.16,10.81,10.92,11071925,123159272.00
20160310,11.04,11.13,10.75,10.85,9497181,104754024.00
20160311,10.84,10.95,10.60,10.87,8367436,91279984.00
20160314,11.05,11.48,11.00,11.31,16806586,191179024.00
20160315,11.30,11.36,11.05,11.13,10790556,121949256.00
20160316,11.26,11.32,10.83,10.89,10928044,121671120.00
20160317,10.97,11.55,10.90,11.38,20363321,231186576.00
20160318,11.37,12.26,11.37,12.04,29122278,350067840.00
20160321,12.08,12.50,12.05,12.44,38296148,474397632.00
20160322,12.39,13.00,12.10,12.72,38847085,495740992.00
20160323,12.68,12.76,12.32,12.61,23364279,295120256.00
20160324,12.63,12.98,12.26,12.50,23944386,303480992.00
20160325,12.50,12.58,12.15,12.47,17438800,217273840.00
20160328,12.36,13.08,12.21,13.01,39905134,517543520.00
20160329,13.02,13.40,12.17,12.30,43703169,565290432.00
20160330,12.13,12.65,12.11,12.64,24949399,311295744.00
20160331,12.78,12.88,12.43,12.49,20561846,261318640.00
20160401,12.41,12.43,12.05,12.25,16598643,203856848.00
20160405,12.38,12.88,12.25,12.76,20921477,266314000.00
20160406,12.66,13.10,12.65,13.06,23109746,300280352.00
20160407,13.22,13.47,12.82,12.84,29010821,383001952.00
20160408,12.50,13.26,12.42,13.15,27714057,360179232.00
20160411,13.79,14.48,13.53,14.48,39652885,562773248.00
20160412,15.13,15.94,15.01,15.94,79758654,1259882880.00
20160413,16.06,17.34,15.58,16.51,59606128,978000192.00
20160414,16.38,16.68,15.97,16.31,38025491,621518720.00
20160415,16.30,16.32,15.89,16.06,26736959,432750944.00
20160418,15.90,16.08,15.60,15.89,18291397,291799264.00
20160419,15.96,16.23,15.65,15.80,15951595,255086112.00
20160420,15.91,16.17,14.21,14.70,36587795,553292800.00
20160421,14.63,14.99,14.01,14.19,21448032,315270176.00
20160422,14.19,15.00,13.71,14.87,22487721,328734976.00
20160425,14.87,14.87,14.13,14.53,18678453,271331200.00
20160426,14.63,15.17,14.55,14.89,18007458,269373920.00
20160427,14.81,15.04,14.47,14.52,16932925,251290256.00
20160428,14.61,15.78,14.60,15.74,22574086,341803264.00
20160429,15.51,17.09,15.50,16.25,38978659,641798592.00
20160503,16.36,17.61,16.35,17.35,31829930,549144064.00
20160504,17.36,17.62,16.90,17.01,25802420,447027712.00
20160505,17.17,17.96,16.94,17.90,28290352,501464704.00
20160506,17.55,17.88,16.40,16.45,28017457,482662816.00
20160509,16.50,17.00,15.88,16.49,22201832,365829088.00
20160510,16.49,16.80,15.40,15.70,16755535,269884128.00
20160511,15.87,17.20,15.87,16.76,23862355,400273920.00
20160512,16.40,17.58,15.62,17.30,25172791,424413472.00
20160513,17.13,17.78,16.97,17.15,18641727,326455296.00
20160516,17.31,18.70,17.31,18.58,30653176,554575680.00
20160517,18.29,18.49,17.80,17.98,21054040,383293504.00
20160518,17.83,17.84,16.17,16.83,29104224,501098240.00
20160519,16.72,17.35,16.61,16.96,18803692,322658080.00
20160520,16.78,17.40,16.41,17.02,19667054,334808288.00
20160523,17.02,17.90,16.79,17.80,25582822,447661408.00
20160524,17.65,18.40,17.35,17.67,24606879,443432512.00
20160525,17.93,18.45,17.41,17.60,17546972,315716128.00
20160526,17.40,17.84,16.89,17.69,17647871,307788512.00
20160527,17.53,18.67,17.46,18.21,25343550,460807360.00
20160530,17.88,18.04,17.10,17.11,29658250,523277216.00
20160531,16.80,17.70,16.68,17.52,28439080,491984160.00
20160601,17.40,18.03,17.00,18.03,31687418,558354304.00
20160602,17.91,18.57,17.40,17.55,35721659,645801024.00
20160603,17.38,17.85,17.13,17.24,28139665,492081920.00
20160606,17.24,17.70,17.10,17.40,16570931,289731840.00
20160607,17.43,17.48,16.86,16.96,19260340,330410432.00
20160608,16.96,16.96,16.20,16.52,17018114,281979648.00
20160613,16.34,17.09,16.01,16.30,16490862,275141856.00
20160614,16.30,16.65,16.08,16.51,8278349,136962432.00
20160615,16.35,18.17,16.23,18.17,38452661,684739392.00
20160616,18.35,19.09,17.90,18.50,42720347,800432256.00
20160617,18.30,18.78,17.96,18.23,22496521,412884128.00
20160620,18.35,18.80,17.75,18.60,19896372,364628064.00
20160621,18.59,19.35,18.25,18.32,23236468,438606368.00
20160622,18.20,19.18,17.92,18.98,22686328,427020352.00
20160623,18.96,19.40,18.46,18.65,20001608,380542784.00
20160624,18.56,18.81,17.40,18.02,17105497,313912096.00
20160627,17.76,18.40,17.75,18.21,12736775,232462880.00
20160628,18.31,18.58,18.12,18.44,10653214,196304128.00
20160629,18.44,18.59,17.98,18.21,10093494,185050624.00
20160630,18.24,18.76,18.02,18.65,13210583,245578192.00
20160701,18.64,18.98,18.26,18.42,10950041,204687952.00
20160704,18.15,18.57,18.10,18.48,9182096,169852256.00
20160705,18.48,18.50,18.08,18.23,10680660,195734720.00
20160706,18.15,18.29,17.88,17.96,10370333,187969200.00
20160707,18.03,18.08,17.39,17.78,12577830,224399472.00
20160708,17.78,18.57,17.50,18.36,16089562,295167552.00
20160711,18.23,18.69,18.12,18.43,12970042,240110624.00
20160712,18.37,18.55,17.80,18.45,9455282,173873024.00
20160713,18.42,19.77,18.31,19.29,25499982,491963776.00
20160714,19.27,19.89,19.04,19.40,21365091,418907264.00
20160715,19.34,19.64,19.01,19.18,9651094,186610096.00
20160718,19.23,20.48,19.13,20.20,26372529,524522176.00
20160719,20.01,21.18,19.86,20.34,21297808,440011264.00
20160720,20.14,22.38,20.14,22.38,18108660,392674688.00
20160721,23.20,24.38,22.40,23.19,46117122,1073563520.00
20160722,23.17,24.32,22.70,23.85,31217144,739096640.00
20160725,23.45,23.56,22.71,23.09,21146981,491253056.00
20160726,22.88,24.30,22.51,23.50,19627956,465887584.00
20160727,23.41,24.21,21.50,22.46,24250656,557078592.00
20160728,22.24,22.79,20.90,21.39,23668220,518425056.00
20160729,21.70,22.08,20.99,21.64,14420661,313558464.00
20160801,21.75,22.39,21.05,22.14,13566367,296738592.00
20160802,22.17,22.40,21.77,22.16,8780804,194363696.00
20160803,22.14,22.50,21.92,22.02,9359573,208821344.00
20160804,21.90,22.50,21.50,22.41,11380671,252115552.00
20160805,22.37,24.14,22.21,23.68,22592017,528837120.00
20160808,23.45,24.55,22.94,23.90,19438207,465688800.00
20160809,23.80,24.24,23.65,23.92,9193575,220424768.00
20160810,23.97,25.90,23.90,25.17,22429399,564278016.00
20160811,24.96,25.64,24.71,24.74,16239603,409153536.00
20160812,24.85,25.44,24.51,24.79,14422576,361504160.00
20160815,24.80,25.14,24.16,24.85,16848049,418324704.00
20160816,24.99,25.70,24.65,25.09,11575898,291737152.00
20160817,25.40,25.64,24.71,24.83,11543412,291922336.00
20160818,24.73,25.00,23.56,23.78,17493344,426533376.00
20160819,23.92,24.40,23.61,24.25,12385955,299511936.00
20160822,24.05,25.05,23.92,24.68,11169581,274803680.00
20160823,24.66,25.37,24.42,24.57,8951692,223540704.00
20160824,24.56,25.00,24.23,24.59,7279679,179631184.00
20160825,24.40,24.75,24.28,24.58,7007640,172315840.00
20160826,24.75,25.16,24.70,24.82,8255126,206505904.00
20160829,24.75,25.50,24.68,25.15,10355672,261344896.00
20160830,24.92,25.40,24.75,24.89,7599617,190737840.00
20160831,24.89,25.17,24.70,25.05,7152035,179349600.00
20160901,24.97,25.30,24.40,24.40,7382612,184151904.00
20160902,24.35,24.38,21.95,21.95,36294206,822096256.00
20160905,21.70,22.23,21.61,21.82,13395378,295032448.00
20160906,21.83,21.98,21.70,21.80,9138831,200089328.00
20160907,21.80,21.99,19.61,20.50,42070419,867386368.00
20160908,19.95,20.22,19.70,20.03,20415609,410012192.00
20160909,20.02,20.97,19.98,20.25,22756090,469903360.00
20160912,19.75,20.05,19.09,19.46,12649596,250198896.00
20160913,19.68,20.55,19.58,20.13,14277871,289123072.00
20160914,20.16,20.40,19.95,20.20,8073419,163897024.00
20160919,20.21,20.55,19.91,19.93,8762191,176871712.00
20160920,20.07,20.15,19.75,19.82,6603653,132368584.00
20160921,19.83,20.00,19.05,19.45,10735305,210278944.00
20160922,19.49,19.98,19.44,19.55,7868391,155550496.00
20160923,19.28,19.47,18.29,18.62,26634200,500798304.00
20160926,18.50,18.50,17.59,17.61,14264060,258826880.00
20160927,17.71,18.19,17.08,17.45,20009941,353239808.00
20160928,17.58,18.13,17.30,17.90,15000604,267776992.00
20160929,17.91,19.00,17.90,18.67,23742963,443402688.00
20160930,18.59,18.88,18.44,18.60,8952286,167763600.00
20161010,18.75,19.15,18.63,19.08,11922928,226561712.00
20161011,19.07,19.21,18.80,18.90,8009931,152598880.00
20161012,18.61,19.33,18.51,19.10,10975682,208522272.00
20161013,19.10,19.20,18.91,18.91,6173092,118297304.00
20161014,18.92,18.99,18.50,18.72,7964469,149516816.00
20161017,18.73,19.03,18.49,18.71,7804061,147000912.00
20161018,18.75,18.98,18.55,18.74,6886809,129613344.00
20161019,18.74,18.96,18.61,18.92,6921612,131043760.00
20161020,18.92,19.60,18.86,19.46,12788852,248030272.00
20161021,19.46,19.55,19.02,19.38,7897055,153255616.00
20161024,19.38,19.58,19.28,19.34,5793726,112865168.00
20161025,19.34,19.54,19.26,19.31,6116310,119176208.00
20161026,19.33,19.40,18.81,18.93,7263723,139198480.00
20161027,19.00,19.13,18.58,19.08,6369506,120540288.00
20161028,19.05,19.10,18.71,18.72,4554876,86533136.00
20161031,18.72,18.77,18.08,18.65,4953913,92016648.00
20161101,18.60,19.08,18.60,18.84,4938610,93819800.00
20161102,18.84,19.04,18.60,18.66,4893463,92663360.00
20161103,18.56,18.77,18.50,18.62,4333006,81126160.00
20161104,18.62,18.74,18.32,18.37,4952570,91813600.00
20161107,18.50,19.05,18.28,18.80,8251516,156098432.00
20161108,18.83,18.99,18.70,18.81,4554797,86313672.00
20161109,18.81,18.95,18.35,18.78,8422692,158077008.00
20161110,19.05,19.19,18.87,18.92,5329682,101609456.00
20161111,19.01,20.30,18.91,20.04,18872316,377313536.00
20161114,20.10,21.59,19.90,21.00,20343640,430395584.00
20161115,20.84,21.33,20.60,21.08,10695678,224960848.00
20161116,21.14,21.29,20.72,20.80,8822426,185434592.00
20161117,20.80,21.86,20.80,21.26,12567017,270207328.00
20161118,21.18,21.52,20.91,21.29,9145934,194748512.00
20161121,21.22,21.38,20.78,21.00,11231084,236516352.00
20161122,20.95,21.26,20.77,20.92,8410098,177410496.00
20161123,21.04,21.04,20.60,20.73,8850561,184688704.00
20161124,20.63,20.91,20.38,20.45,6156520,127892944.00
20161125,20.45,20.87,18.40,20.73,11095049,227257616.00
20161128,21.00,21.32,20.74,20.93,6576754,138697808.00
20161129,20.93,21.17,20.38,20.54,6297193,131345928.00
20161130,20.50,20.88,20.40,20.70,4806697,99504120.00
20161201,20.80,20.87,20.40,20.60,3854184,79654896.00
20161202,20.61,20.75,19.60,19.65,7442946,150119648.00
20161205,19.40,19.40,18.65,18.90,8766300,167872928.00
20161206,19.00,19.28,18.85,19.08,4657499,89064216.00
20161207,19.09,19.38,18.92,19.36,5638399,108123096.00
20161208,19.53,19.89,19.18,19.57,7002186,138093200.00
20161209,19.65,19.76,19.25,19.32,3786634,74440776.00
20161212,19.34,19.50,17.92,17.95,8270347,154868000.00
20161213,18.00,18.58,17.71,18.10,6157590,112923200.00
20161214,18.11,18.50,18.06,18.15,4242597,78015544.00
20161215,18.25,18.55,18.05,18.22,3536020,65068160.00
20161216,18.13,18.49,18.05,18.39,2631712,48523272.00
20161219,18.39,18.75,18.21,18.68,3901601,72630744.00
20161220,18.68,18.88,18.57,18.78,2706102,51019080.00
20161221,18.83,18.89,18.68,18.78,2206487,41643780.00
20161222,18.83,18.83,18.29,18.41,3460941,64171000.00
20161223,18.38,18.38,17.91,18.09,3296252,59908348.00
20161226,18.19,18.26,17.80,18.26,2515224,45649196.00
20161227,18.26,18.35,18.04,18.06,2863278,52303020.00
20161228,18.20,18.20,17.97,18.07,1696572,30826282.00
20161229,18.07,18.16,17.90,17.93,2569595,46595716.00
20161230,18.23,18.28,17.78,17.89,2497521,44978892.00
20170103,17.89,18.04,17.77,17.79,3224005,57844156.00
20170104,17.88,18.01,17.77,18.01,4360883,78443112.00
20170105,18.01,18.55,17.98,18.54,6976920,128803072.00
20170106,18.63,18.68,18.00,18.07,5612788,103448640.00
20170109,17.90,18.17,17.87,18.01,2883005,52265260.00
20170110,17.96,18.28,17.92,18.07,3008666,54737252.00
20170111,18.08,18.11,17.75,17.91,3438132,61913176.00
20170112,17.78,17.95,16.58,16.75,8704637,150326848.00
20170113,16.85,17.20,16.44,16.87,6441796,108923776.00
20170116,16.75,16.78,15.17,15.57,6550166,105105056.00
20170117,15.70,15.87,14.79,15.82,10498631,161394592.00
20170118,15.82,15.82,15.11,15.43,6450353,100133848.00
20170119,15.43,15.56,15.15,15.49,3024183,46810332.00
20170120,15.54,16.95,15.39,16.05,5992519,97791120.00
20170123,16.01,17.02,16.01,16.71,5740020,96121232.00
20170124,16.64,17.19,16.61,16.92,5084500,86319464.00
20170125,16.92,17.29,16.81,16.91,3555409,61031540.00
20170126,16.91,17.27,16.91,17.07,2467031,42409836.00
20170203,17.20,17.20,16.51,16.55,3398611,57125492.00
20170206,16.55,17.10,16.55,16.73,3073333,51780616.00
20170207,16.82,16.95,16.65,16.70,3042078,51377256.00
20170208,16.70,16.95,16.41,16.87,5836101,97923408.00
20170209,16.85,16.98,16.64,16.68,5542222,93630392.00
20170210,16.71,16.78,16.27,16.30,5222735,86219504.00
20170213,16.40,16.75,16.30,16.73,4334926,72286040.00
20170214,16.65,16.85,16.56,16.58,2853933,47720332.00
20170215,16.51,17.20,16.50,17.06,8611697,146360528.00
20170216,17.06,18.05,17.00,17.64,12708147,226571392.00
20170217,17.51,17.80,17.31,17.46,6245500,109815456.00
20170220,17.53,17.95,17.29,17.47,6121490,107957448.00
20170221,17.45,17.73,17.30,17.54,4641730,81696144.00
20170222,17.69,17.69,17.40,17.59,2759737,48653836.00
20170223,17.47,17.58,16.93,17.25,8504474,147031184.00
20170224,17.23,17.85,17.11,17.80,7720392,136786032.00
20170227,17.81,18.12,17.61,17.71,6342373,113776112.00
20170228,17.61,17.97,17.61,17.71,4346175,77581584.00
20170301,17.62,17.73,17.41,17.48,4861210,85784440.00
20170302,17.54,17.66,17.20,17.22,3860749,67420056.00
20170303,17.18,17.36,17.10,17.23,2978942,51523480.00
20170306,17.63,18.50,17.39,18.29,17838729,322445568.00
20170307,18.89,19.58,18.55,18.63,25043097,476835072.00
20170308,18.31,18.70,18.00,18.07,12232385,224189312.00
20170309,18.00,18.96,17.95,18.40,15539698,290123264.00
20170310,18.22,19.30,18.08,19.10,21728109,409792832.00
20170313,19.09,19.48,18.80,19.05,15583612,300444928.00
20170314,19.00,19.36,18.92,19.10,10281594,197185136.00
20170315,19.10,19.45,19.02,19.29,10698064,207047616.00
20170316,19.27,19.76,19.21,19.69,11076181,217006384.00
20170317,19.75,20.29,19.36,19.90,14245580,283726528.00
20170320,19.80,20.18,19.61,19.79,8429692,168595312.00
20170321,19.72,19.88,19.70,19.82,5053365,100415616.00
20170322,19.70,20.02,19.56,19.75,6854484,136291248.00
20170323,19.75,20.03,19.66,19.89,6192381,123447632.00
20170324,19.78,20.52,19.78,20.09,11177581,227104752.00
20170327,20.11,20.23,19.71,20.05,7056984,141205472.00
20170328,19.91,20.24,19.70,19.70,5319336,106309136.00
20170329,19.77,19.82,19.10,19.18,8701679,169136192.00
20170330,19.17,19.34,18.62,18.80,7256747,138198032.00
20170331,18.70,19.38,18.70,19.38,6642933,126756528.00
20170405,19.81,20.13,19.61,19.81,8052847,160792352.00
20170406,19.73,20.26,19.56,20.10,10303591,207703616.00
20170407,19.92,20.33,19.90,20.18,7735765,156200624.00
20170410,20.18,20.84,19.98,20.40,14724314,303236224.00
20170411,20.26,20.78,19.95,20.40,11056394,226535200.00
20170412,20.30,20.97,20.21,20.63,12082501,251450352.00
20170413,20.68,20.90,20.42,20.50,6318808,130803408.00
20170414,20.38,20.43,20.00,20.05,5962303,120678520.00
20170417,20.10,20.28,19.60,19.74,5427009,108526304.00
20170418,19.70,20.62,19.70,20.28,7418164,151146656.00
20170419,20.29,20.45,19.74,19.90,5585110,112194064.00
20170420,19.80,20.34,19.57,19.84,4226780,84694912.00
20170421,19.90,20.30,19.80,20.30,5871548,118789232.00
20170424,20.40,20.88,20.15,20.50,14406303,298807072.00
20170425,20.40,20.64,19.65,19.78,10616625,213584688.00
20170426,19.72,19.87,18.90,19.08,10533990,204684864.00
20170427,19.06,19.24,18.57,19.17,7399103,140396512.00
20170428,19.20,19.64,19.03,19.50,4569966,89207408.00
20170502,19.35,20.17,19.32,19.80,5803515,116247944.00
20170503,20.00,20.19,19.13,19.19,6572982,129407936.00
20170504,19.20,19.38,19.09,19.18,4137087,79972648.00
20170505,19.19,19.41,19.11,19.21,4015041,77707736.00
20170508,19.11,19.24,17.85,18.04,12009533,221699056.00
20170509,18.05,18.18,16.99,17.78,7939690,139312224.00
20170510,17.78,18.00,17.09,17.31,5606780,98793272.00
20170511,17.28,17.45,16.60,17.10,5253716,89763720.00
20170512,17.11,17.52,17.08,17.35,4174610,72445536.00
20170515,17.36,17.63,17.27,17.41,2771494,48659108.00
20170516,17.34,17.74,16.92,17.72,5306914,92462728.00
20170517,17.74,17.83,17.50,17.54,3565525,63253204.00
20170518,17.50,17.63,17.23,17.28,2945317,51608596.00
20170519,17.28,17.38,17.09,17.29,2273829,39371516.00
20170522,17.21,18.00,17.21,17.41,5465443,96736368.00
20170523,17.48,17.58,16.62,16.80,4867500,83765472.00
20170524,16.80,16.80,16.15,16.61,4188829,69340160.00
20170525,16.68,16.80,16.17,16.44,3842798,63343152.00
20170526,16.45,16.67,16.38,16.43,2408000,39950452.00
20170531,16.60,16.88,16.50,16.54,2778508,46583752.00
20170601,16.64,16.81,15.85,15.85,2643550,43409176.00
20170602,15.65,15.70,14.70,15.48,6577431,100209024.00
20170605,15.51,15.94,15.51,15.88,3010247,47544848.00
20170606,15.89,16.65,15.76,16.48,4867511,79416424.00
20170607,16.48,16.88,16.48,16.80,4012000,67316200.00
20170608,16.85,17.36,16.80,16.98,4669766,79770704.00
20170609,16.99,17.09,16.70,17.05,3099499,52531284.00
20170612,16.92,17.14,16.63,16.63,3000582,50667404.00
20170613,16.33,16.73,16.24,16.64,3273885,54253104.00
20170614,16.64,16.81,16.50,16.60,2376824,39498200.00
20170615,16.59,16.99,16.58,16.81,2538157,42707224.00
20170616,16.88,16.94,16.69,16.79,1812428,30379478.00
20170619,17.08,17.08,16.53,16.60,4040581,67452280.00
20170620,16.60,16.68,16.21,16.32,3948792,64550624.00
20170621,16.38,16.55,15.62,15.78,8669831,137726752.00
20170622,15.80,15.95,15.68,15.74,4486567,71008608.00
20170623,15.77,15.97,15.35,15.68,4387597,68834152.00
20170626,15.79,15.95,15.54,15.94,5590502,88110088.00
20170627,15.88,16.02,15.35,15.50,7015770,109776752.00
20170628,15.55,15.55,15.00,15.40,5811637,88480096.00
20170629,15.40,15.45,15.21,15.36,3116894,47868316.00
20170630,15.30,16.80,15.22,16.35,11906812,191098096.00
20170703,15.92,16.15,15.40,16.00,7296223,116098656.00
20170704,16.09,16.90,15.91,16.24,10016810,164010880.00
20170705,16.10,16.36,15.99,16.26,5875919,94721832.00
20170706,16.22,16.26,16.00,16.02,4120300,66319640.00
20170707,15.98,16.08,15.76,15.78,3987548,63344924.00
20170710,15.82,15.82,15.40,15.46,4582808,71309712.00
20170711,15.45,15.74,15.45,15.59,3243542,50616124.00
20170712,15.50,15.66,15.35,15.58,2878191,44523336.00
20170713,15.60,15.80,15.44,15.60,2497410,38978776.00
20170714,15.73,15.75,15.57,15.70,2154400,33744536.00
20170717,15.69,15.70,14.36,14.41,6103829,91072568.00
20170718,14.01,14.58,14.01,14.43,4541428,64719140.00
20170719,14.19,14.55,14.16,14.45,2723478,39212904.00
数据来源:通达信
