002511 中顺洁柔 日线 前复权
      日期	    开盘	    最高	    最低	    收盘	    成交量	    成交额
20101125,11.20,11.86,10.28,10.59,23897777,1185132416.00
20101126,10.85,11.42,10.66,11.15,16146562,823782720.00
20101129,10.96,11.04,10.54,10.59,8621207,428777280.00
20101130,10.55,10.88,10.34,10.86,8158115,403591648.00
20101201,10.88,11.20,10.55,10.63,7216868,364195584.00
20101202,10.68,10.72,10.11,10.17,7503035,361397632.00
20101203,10.04,10.11,9.51,9.89,5927622,269258912.00
20101206,9.75,9.95,9.56,9.63,2520541,114279688.00
20101207,9.56,9.68,9.36,9.63,2555226,113352848.00
20101208,9.60,9.75,9.41,9.60,2193047,97700464.00
20101209,9.47,9.53,9.16,9.20,2308086,100135048.00
20101210,9.12,9.19,9.02,9.18,2055116,87197496.00
20101213,9.26,9.35,9.17,9.34,2067195,89398728.00
20101214,9.35,9.60,9.21,9.58,2739683,120145264.00
20101215,9.51,9.55,9.34,9.36,1897129,83468584.00
20101216,9.34,9.60,9.29,9.43,1667940,73459208.00
20101217,9.37,9.56,9.36,9.44,1319731,58151168.00
20101220,9.46,9.67,9.30,9.50,2435188,107681776.00
20101221,9.51,9.85,9.51,9.71,3717594,168203152.00
20101222,9.59,9.69,9.42,9.47,2155963,95610352.00
20101223,9.46,9.52,8.94,8.95,4180025,177962864.00
20101224,8.90,8.90,8.53,8.61,2380861,96200064.00
20101227,8.61,8.75,8.35,8.48,1892681,75705072.00
20101228,8.46,8.48,8.31,8.32,1170609,45747612.00
20101229,8.35,8.55,8.33,8.51,1095225,43059304.00
20101230,8.50,8.55,8.35,8.46,1047496,41156436.00
20101231,8.47,8.65,8.47,8.60,1088333,43553508.00
20110104,8.63,8.70,8.58,8.64,1063372,42838896.00
20110105,8.57,8.72,8.57,8.60,835272,33590724.00
20110106,8.59,8.66,8.39,8.42,1026180,40735980.00
20110107,8.46,8.50,8.34,8.40,1443633,56696984.00
20110110,8.36,8.39,8.21,8.22,1194273,46258348.00
20110111,8.14,8.21,7.92,7.98,1201337,45092852.00
20110112,8.01,8.35,7.98,8.31,1349575,51504960.00
20110113,8.31,8.31,8.18,8.18,731033,28058344.00
20110114,8.15,8.28,8.09,8.09,930121,35644108.00
20110117,8.08,8.22,7.99,8.00,1027146,38821320.00
20110118,8.01,8.12,7.98,8.07,647426,24330044.00
20110119,8.11,8.19,8.07,8.18,710661,27031900.00
20110120,8.18,8.18,7.53,7.56,1661125,60702192.00
20110121,7.56,7.62,7.41,7.58,896448,31623650.00
20110125,7.39,7.52,7.25,7.50,809765,28068702.00
20110126,7.48,7.72,7.48,7.57,578389,20580460.00
20110127,7.51,7.69,7.40,7.66,811032,28789306.00
20110128,7.58,7.70,7.58,7.65,497547,17764480.00
20110131,7.61,7.63,7.48,7.60,850833,30069860.00
20110201,7.57,7.85,7.56,7.75,962498,34980912.00
20110209,7.70,7.82,7.55,7.77,754672,27271960.00
20110210,7.72,8.02,7.71,7.98,1196566,44021728.00
20110211,7.96,8.08,7.92,7.98,1212812,45438028.00
20110214,7.93,8.03,7.90,8.02,1343154,50002708.00
20110215,8.02,8.09,7.92,7.96,1059576,39661348.00
20110216,7.96,8.18,7.89,8.15,1567408,59085264.00
20110217,8.12,8.13,7.98,8.01,1072553,40280960.00
20110218,8.01,8.13,7.95,8.07,995180,37401196.00
20110221,7.98,8.18,7.98,8.12,945203,35704112.00
20110222,8.09,8.12,7.65,7.67,1601457,58976404.00
20110223,7.68,7.84,7.67,7.77,749031,27126974.00
20110224,7.74,8.09,7.71,7.95,1476614,54839476.00
20110225,7.93,7.93,7.66,7.70,2136525,77054504.00
20110228,7.70,7.76,7.66,7.72,1393898,50172044.00
20110301,7.75,7.96,7.70,7.84,3030375,111169360.00
20110302,7.78,7.84,7.70,7.74,1208153,43764132.00
20110303,7.79,7.79,7.52,7.54,1391501,49819680.00
20110304,7.54,7.61,7.46,7.56,1824834,64171816.00
20110307,7.56,7.63,7.54,7.60,1343646,47622592.00
20110308,7.62,7.72,7.56,7.68,1316839,47131380.00
20110309,7.72,7.74,7.63,7.66,886148,31800034.00
20110310,7.67,7.69,7.57,7.57,1028029,36656940.00
20110311,7.59,7.77,7.59,7.66,1540455,55487704.00
20110314,7.61,7.84,7.59,7.82,1742861,63245400.00
20110315,7.82,7.82,7.57,7.69,1961986,70572784.00
20110316,7.69,7.73,7.37,7.69,1554224,55520116.00
20110317,7.63,7.65,7.42,7.47,1626978,57287864.00
20110318,7.52,7.55,7.47,7.50,721076,25301266.00
20110321,7.47,7.52,7.43,7.52,727574,25385136.00
20110322,7.51,7.56,7.45,7.54,748545,26302126.00
20110323,7.54,7.57,7.47,7.51,1106276,38827332.00
20110324,7.47,7.51,7.47,7.48,760077,26627336.00
20110325,7.48,7.53,7.46,7.52,758463,26613124.00
20110328,7.57,7.57,7.33,7.34,1613544,56187864.00
20110329,7.34,7.37,7.18,7.18,1319129,44720128.00
20110330,7.20,7.24,7.08,7.11,861824,28772346.00
20110331,7.15,7.18,7.09,7.14,664362,22192694.00
20110401,7.14,7.19,7.11,7.17,534415,17919026.00
20110406,7.17,7.18,7.08,7.11,685342,22843950.00
20110407,7.10,7.17,7.06,7.16,658158,21964324.00
20110408,7.17,7.24,7.13,7.23,787763,26583442.00
20110411,7.24,7.25,7.11,7.11,711040,23899358.00
20110412,7.11,7.17,7.10,7.14,471282,15737797.00
20110413,7.13,7.32,7.11,7.31,1039731,35389324.00
20110414,7.31,7.33,7.22,7.24,433294,14712228.00
20110415,7.19,7.24,7.11,7.18,667507,22379614.00
20110418,7.15,7.22,7.09,7.11,574060,19174854.00
20110419,7.08,7.08,6.79,6.81,1711515,55199740.00
20110420,6.81,6.89,6.81,6.84,789697,25360758.00
20110421,6.84,6.92,6.80,6.90,862062,27715642.00
20110422,6.92,7.19,6.84,7.15,2238787,74672712.00
20110425,7.15,7.15,6.91,6.92,993464,32517508.00
20110426,6.44,6.55,6.21,6.23,2451061,72439080.00
20110427,6.21,6.26,5.98,5.99,1267567,36554352.00
20110428,6.03,6.09,5.79,5.82,1025752,28408124.00
20110429,5.82,5.86,5.77,5.86,678834,18622598.00
20110503,5.87,5.96,5.83,5.95,554589,15443826.00
20110504,5.93,5.94,5.79,5.81,528435,14593918.00
20110505,5.76,5.89,5.76,5.82,390717,10753731.00
20110506,5.81,5.89,5.76,5.87,320502,8822309.00
20110509,5.85,5.94,5.85,5.91,416652,11599032.00
20110510,5.91,5.93,5.87,5.92,316000,8774972.00
20110511,5.92,6.05,5.87,6.02,681532,19179222.00
20110512,5.97,6.11,5.97,6.03,991191,28317852.00
20110513,5.99,6.07,5.90,6.00,459771,12916208.00
20110516,6.00,6.08,5.97,6.04,487160,13858656.00
20110517,6.03,6.11,5.99,6.08,536852,15317761.00
20110518,6.08,6.08,5.97,5.99,560956,15839809.00
20110519,5.99,5.99,5.83,5.83,617662,17180346.00
20110523,5.77,5.77,5.51,5.53,929990,24593078.00
20110524,5.51,5.62,5.41,5.58,625764,16267650.00
20110525,5.53,5.64,5.51,5.54,594821,15646202.00
20110526,5.56,5.64,5.55,5.61,438756,11591398.00
20110527,5.65,5.68,5.51,5.66,587987,15561639.00
20110530,5.70,6.14,5.60,6.03,2242052,62671132.00
20110531,6.00,6.03,5.87,6.03,1534595,43087376.00
20110601,6.03,6.03,5.89,5.95,1602385,44707488.00
20110602,5.88,5.88,5.62,5.74,901412,24442658.00
20110603,5.73,5.83,5.63,5.77,569545,15518722.00
20110607,5.72,5.79,5.67,5.71,433780,11694303.00
20110608,5.71,5.72,5.55,5.63,558569,14774659.00
20110609,5.63,5.80,5.58,5.62,634804,17051802.00
20110610,5.62,5.62,5.53,5.58,390371,10247040.00
20110613,5.56,5.59,5.48,5.58,311540,8128430.00
20110614,5.57,5.66,5.55,5.65,430820,11441854.00
20110615,5.62,5.66,5.58,5.59,331897,8797143.00
20110616,5.51,5.56,5.51,5.52,360056,9410855.00
20110617,5.51,5.55,5.50,5.50,217310,5664055.50
20110620,5.51,5.55,5.29,5.29,668244,16959956.00
20110621,5.29,5.37,5.25,5.32,261387,6554010.00
20110622,5.34,5.34,5.25,5.31,233100,5846396.50
20110623,5.31,5.48,5.26,5.46,572663,14708314.00
20110624,5.46,5.60,5.42,5.57,779211,20403366.00
20110627,5.56,5.67,5.53,5.65,796542,21142628.00
20110628,5.65,5.65,5.55,5.59,497355,13112269.00
20110629,5.59,5.69,5.55,5.55,571919,15199159.00
20110630,5.55,5.62,5.54,5.60,548223,14472104.00
20110701,5.59,5.63,5.56,5.57,474635,12538850.00
20110704,5.62,5.72,5.59,5.69,816586,21846224.00
20110705,5.68,5.78,5.63,5.75,934746,25190340.00
20110706,5.74,5.74,5.67,5.74,590382,15880419.00
20110707,5.73,5.90,5.71,5.80,1140541,31227332.00
20110708,5.76,6.03,5.75,5.99,2029133,56545072.00
20110711,5.97,6.04,5.90,6.02,1242933,35125652.00
20110712,6.06,6.45,6.06,6.13,3286039,96304936.00
20110713,6.08,6.26,6.02,6.20,1460643,42525716.00
20110714,6.17,6.23,6.08,6.19,1144494,33111274.00
20110715,6.19,6.19,6.12,6.17,972615,28137326.00
20110718,6.16,6.17,6.03,6.04,1146861,32776662.00
20110719,6.03,6.03,5.89,5.89,883388,24686900.00
20110720,5.92,6.03,5.89,6.00,643799,18032114.00
20110721,6.00,6.00,5.90,5.93,422829,11817948.00
20110722,5.92,6.04,5.92,5.96,464523,13080768.00
20110725,5.95,6.14,5.80,5.83,1133036,31937844.00
20110726,5.77,5.83,5.73,5.82,587143,16002614.00
20110727,5.81,5.92,5.76,5.89,508486,14063944.00
20110728,5.87,6.04,5.81,6.03,664834,18559084.00
20110729,6.02,6.12,5.90,5.92,882171,24852182.00
20110801,5.89,6.03,5.89,5.99,535332,15044769.00
20110802,5.98,5.98,5.71,5.78,1216576,33141932.00
20110803,5.73,5.77,5.62,5.74,544700,14691772.00
20110804,5.74,5.82,5.73,5.80,442270,12027974.00
20110805,5.61,5.64,5.51,5.57,736067,19397310.00
20110808,5.46,5.51,5.08,5.18,799286,20010892.00
20110809,4.98,5.15,4.94,5.09,872677,20764876.00
20110810,5.17,5.19,5.09,5.12,1188574,28881476.00
20110811,5.02,5.23,4.97,5.22,999694,24381878.00
20110812,5.29,5.39,5.26,5.36,947451,23932650.00
20110815,5.36,5.44,5.24,5.43,1011935,25537538.00
20110816,5.41,5.42,5.30,5.34,580414,14679272.00
20110817,5.34,5.40,5.20,5.38,1818311,45497752.00
20110818,5.33,5.33,5.24,5.24,1048140,26223618.00
20110819,5.15,5.39,5.10,5.39,1402461,35051776.00
20110822,5.33,5.53,5.33,5.43,1214858,31322322.00
20110823,5.44,5.52,5.39,5.48,556858,14330319.00
20110824,5.49,5.52,5.41,5.44,529177,13642449.00
20110825,5.45,5.50,5.39,5.50,781228,20131914.00
20110826,5.47,5.51,5.46,5.48,401463,10395837.00
20110829,5.46,5.46,5.35,5.39,679305,17308470.00
20110830,5.40,5.62,5.40,5.54,1698676,44425860.00
20110901,5.54,5.54,5.35,5.37,629589,16140091.00
20110902,5.33,5.39,5.16,5.18,756659,18686178.00
20110905,5.15,5.15,5.00,5.02,691353,16538381.00
20110906,4.98,5.08,4.96,5.06,228267,5447012.00
20110907,5.10,5.16,5.07,5.16,280757,6808997.00
20110908,5.18,5.19,5.05,5.07,294557,7134760.50
20110909,5.16,5.16,5.02,5.07,213872,5137416.00
20110913,5.02,5.07,4.96,5.04,226416,5369813.50
20110914,5.05,5.08,4.96,5.07,234007,5564637.50
20110915,5.08,5.17,5.05,5.12,345962,8407913.00
20110916,5.15,5.29,5.13,5.17,488405,12093492.00
20110919,5.20,5.20,5.00,5.01,243759,5859151.50
20110920,4.98,5.09,4.96,5.03,171840,4089760.25
20110921,5.02,5.20,5.00,5.16,475663,11516362.00
20110922,5.10,5.16,5.03,5.04,371587,8985833.00
20110923,4.98,5.03,4.87,4.96,536075,12567747.00
20110926,4.96,4.97,4.88,4.89,253439,5895062.50
20110927,4.92,4.94,4.88,4.89,236768,5508157.00
20110928,4.90,4.97,4.87,4.88,242557,5649039.00
20110929,4.86,4.87,4.69,4.71,427621,9639575.00
20110930,4.70,4.77,4.70,4.71,141958,3178071.75
20111010,4.71,4.81,4.71,4.71,156400,3524160.25
20111011,4.85,4.88,4.64,4.69,257305,5797470.00
20111012,4.69,4.89,4.68,4.87,459212,10508366.00
20111013,4.82,4.94,4.82,4.91,616459,14312348.00
20111014,4.91,5.03,4.86,4.98,638908,14933721.00
20111017,5.00,5.02,4.90,4.91,388514,9084192.00
20111018,4.93,4.93,4.78,4.79,322622,7395476.00
20111019,4.78,5.04,4.76,4.89,494425,11486567.00
20111020,4.87,4.87,4.61,4.64,503220,11321586.00
20111021,4.64,4.68,4.55,4.57,329669,7214965.50
20111024,4.57,4.64,4.47,4.62,319089,6919594.50
20111025,4.62,4.72,4.59,4.70,386077,8565995.00
20111026,4.63,4.77,4.60,4.72,493219,11029746.00
20111027,4.74,4.78,4.72,4.75,380821,8593136.00
20111028,4.78,4.84,4.76,4.80,532261,12124578.00
20111031,4.78,4.84,4.78,4.83,437823,9999197.00
20111101,4.78,4.86,4.77,4.85,505154,11551688.00
20111102,4.82,5.00,4.74,4.96,880673,20400348.00
20111103,4.98,5.06,4.94,4.94,922548,21869704.00
20111104,4.95,5.06,4.91,5.06,786132,18512738.00
20111107,5.05,5.23,5.00,5.17,2346168,57184596.00
20111108,5.16,5.19,5.02,5.03,785561,19002226.00
20111109,5.05,5.17,4.97,5.16,646959,15562844.00
20111110,5.06,5.24,5.05,5.12,764259,18621668.00
20111111,5.14,5.24,5.12,5.16,706004,17319786.00
20111114,5.19,5.34,5.18,5.25,928355,23224484.00
20111115,5.23,5.31,5.20,5.25,480399,11901242.00
20111116,5.25,5.28,5.02,5.05,631510,15377684.00
20111117,5.07,5.14,5.00,5.07,448058,10752451.00
20111118,5.07,5.07,4.91,4.92,615679,14464003.00
20111121,4.88,4.94,4.88,4.92,194865,4529947.50
20111122,4.92,4.92,4.79,4.85,310189,7137667.00
20111123,4.89,5.29,4.83,5.09,1577123,38181220.00
20111124,5.02,5.30,4.96,5.30,2665382,65736892.00
20111125,5.26,5.51,5.10,5.42,4696256,118729544.00
20111128,5.43,5.54,5.34,5.42,2082950,53572764.00
20111129,5.47,5.58,5.43,5.50,1954024,50748756.00
20111130,5.46,5.77,5.43,5.70,4872053,129389368.00
20111201,5.75,5.97,5.66,5.83,4941284,135745200.00
20111202,5.81,5.83,5.51,5.51,3080711,81920280.00
20111205,5.50,5.59,5.27,5.35,2470644,63189552.00
20111206,5.29,5.50,5.25,5.44,1390307,35404576.00
20111207,5.46,5.47,5.36,5.41,967704,24711142.00
20111208,5.42,5.53,5.25,5.52,1451481,36968016.00
20111209,5.42,5.47,5.29,5.31,803323,20413084.00
20111213,5.16,5.23,4.99,5.01,1216766,29188496.00
20111214,5.01,5.05,4.85,4.95,831604,19481076.00
20111215,4.93,5.18,4.89,5.13,1417765,34018328.00
20111216,5.11,5.48,5.07,5.48,1907658,47892432.00
20111219,5.38,5.60,5.37,5.57,2045047,53149396.00
20111220,5.54,5.60,5.47,5.49,1106524,28885388.00
20111221,5.50,5.55,5.24,5.25,1603418,40952540.00
20111222,5.18,5.21,4.71,4.82,3261917,74743040.00
20111223,4.76,4.95,4.65,4.83,1415749,32179912.00
20111226,4.85,4.89,4.80,4.85,869632,19981880.00
20111227,4.85,4.88,4.71,4.71,1147228,26158936.00
20111228,4.65,4.70,4.56,4.67,1173063,25669350.00
20111229,4.63,4.91,4.59,4.80,829242,18970726.00
20111230,4.80,5.02,4.80,4.98,868303,20324690.00
20120104,5.01,5.09,4.94,4.98,1083554,25734174.00
20120105,4.85,4.96,4.49,4.54,975196,21668606.00
20120106,4.61,4.61,4.37,4.47,564767,11999637.00
20120109,4.42,4.68,4.38,4.68,722637,15723800.00
20120110,4.68,4.92,4.63,4.85,872192,19800896.00
20120111,4.85,4.89,4.75,4.84,754892,17279626.00
20120112,4.82,4.93,4.79,4.82,458044,10553660.00
20120116,4.66,4.66,4.45,4.45,434649,9356980.00
20120117,4.42,4.79,4.40,4.79,613878,13363192.00
20120118,4.78,4.78,4.52,4.52,793712,17442804.00
20120119,4.56,4.61,4.49,4.55,280360,6067537.50
20120120,4.58,4.66,4.52,4.64,439339,9607099.00
20120130,4.63,4.67,4.61,4.61,290642,6403374.50
20120131,4.63,4.65,4.53,4.61,193408,4240440.50
20120201,4.63,4.67,4.50,4.53,323838,7075129.00
20120202,4.53,4.70,4.53,4.69,329715,7251348.00
20120203,4.69,4.88,4.64,4.86,1022256,23378420.00
20120206,4.82,4.88,4.81,4.83,302557,6947735.00
20120207,4.82,4.82,4.70,4.74,399554,8987045.00
20120208,4.76,4.88,4.70,4.87,376960,8595545.00
20120209,4.87,4.98,4.84,4.91,563967,13182329.00
20120210,4.88,5.04,4.88,4.96,491128,11603994.00
20120213,4.90,5.09,4.90,5.02,442432,10553782.00
20120214,5.02,5.05,4.97,5.00,309178,7319957.00
20120215,5.00,5.06,4.96,5.06,607538,14454481.00
20120216,5.06,5.11,4.96,4.98,460793,10942450.00
20120217,5.00,5.01,4.89,4.91,435852,10182374.00
20120220,4.96,5.00,4.89,4.91,480782,11257812.00
20120221,4.91,4.99,4.86,4.97,370126,8616236.00
20120222,4.98,5.24,4.94,5.19,2066847,50165540.00
20120223,5.19,5.23,5.14,5.19,565651,13853938.00
20120224,5.19,5.28,5.19,5.23,716542,17739818.00
20120227,5.22,5.30,5.11,5.13,722738,17917702.00
20120228,5.10,5.17,5.04,5.09,684646,16474046.00
20120229,5.13,5.14,5.07,5.08,341785,8253920.50
20120301,5.06,5.12,5.01,5.07,652765,15622152.00
20120302,5.07,5.17,5.07,5.15,439589,10676408.00
20120305,5.16,5.30,5.15,5.17,921186,22801072.00
20120306,5.13,5.17,4.95,5.15,1491118,35476164.00
20120307,5.07,5.28,5.07,5.19,1467625,36054940.00
20120308,5.21,5.24,5.14,5.20,590433,14489198.00
20120309,5.18,5.32,5.18,5.26,773642,19250798.00
20120312,5.26,5.32,5.22,5.32,1006798,25093614.00
20120313,5.33,5.34,5.25,5.29,640671,16026195.00
20120314,5.33,5.33,4.96,5.05,1644612,39890532.00
20120315,5.04,5.14,4.92,5.00,1138216,26938582.00
20120316,5.00,5.09,4.98,5.09,819938,19497948.00
20120319,5.08,5.09,4.99,5.08,721466,17222362.00
20120320,5.07,5.07,4.80,4.95,1282913,29965124.00
20120321,4.91,4.93,4.78,4.86,933405,21468568.00
20120322,4.86,4.91,4.79,4.83,674419,15459028.00
20120323,4.82,4.85,4.77,4.80,406704,9261858.00
20120326,4.80,4.84,4.76,4.82,216116,4934011.00
20120327,4.86,4.89,4.80,4.82,448049,10307099.00
20120328,4.80,4.84,4.59,4.67,651126,14422156.00
20120329,4.66,4.69,4.59,4.62,508978,11194023.00
20120330,4.63,4.67,4.48,4.63,632308,13848654.00
20120405,4.65,4.73,4.58,4.71,359925,7994943.50
20120406,4.70,4.74,4.68,4.73,315363,7055565.50
20120409,4.74,4.78,4.69,4.69,334259,7509185.50
20120410,4.73,4.78,4.63,4.76,297562,6638962.00
20120411,4.74,4.78,4.69,4.77,200291,4520078.00
20120412,4.78,4.87,4.77,4.86,552511,12658199.00
20120413,4.86,4.89,4.82,4.85,439184,10121970.00
20120416,4.80,4.84,4.76,4.79,435986,9903462.00
20120417,4.79,4.87,4.79,4.81,407200,9324027.00
20120418,4.82,4.89,4.65,4.70,2561010,57163160.00
20120419,4.71,4.73,4.61,4.62,2469582,54547516.00
20120420,4.63,4.67,4.61,4.66,1385611,30541252.00
20120423,4.67,4.68,4.60,4.60,1006336,22135266.00
20120424,4.58,4.61,4.44,4.48,1386045,29780102.00
20120425,4.49,4.60,4.47,4.56,744980,16036937.00
20120426,4.56,4.57,4.49,4.52,874602,18815106.00
20120427,4.50,4.56,4.50,4.52,546784,11782313.00
20120502,4.53,4.64,4.53,4.61,1072810,23404176.00
20120503,4.61,4.64,4.59,4.63,820528,17984328.00
20120504,4.63,4.67,4.59,4.66,1230820,27113828.00
20120507,4.63,4.64,4.59,4.63,780637,17127238.00
20120508,4.64,4.67,4.61,4.66,756545,16684832.00
20120509,4.63,4.63,4.55,4.56,678707,14790357.00
20120510,4.56,4.59,4.55,4.58,484791,10528871.00
20120511,4.56,4.59,4.56,4.57,390705,8502178.00
20120514,4.59,4.67,4.59,4.62,878516,19375552.00
20120515,4.61,4.70,4.57,4.65,1015644,22413260.00
20120516,4.68,4.70,4.59,4.59,611450,13467036.00
20120517,4.55,4.65,4.55,4.65,480110,10499714.00
20120518,4.62,4.63,4.54,4.55,514054,11200236.00
20120521,4.55,4.59,4.45,4.52,452665,9719697.00
20120523,4.55,4.57,4.47,4.48,519460,11150475.00
20120524,4.48,4.51,4.41,4.45,981637,20842452.00
20120525,4.47,4.47,4.39,4.41,476076,10022483.00
20120528,4.41,4.47,4.41,4.47,552568,11675344.00
20120529,4.47,4.52,4.43,4.51,616969,13164908.00
20120530,4.50,4.55,4.50,4.52,550979,11851414.00
20120531,4.51,4.55,4.48,4.54,651000,13999501.00
20120601,4.54,4.55,4.50,4.52,383079,8255910.00
20120604,4.45,4.48,4.43,4.43,386450,8185854.50
20120605,4.45,4.46,4.42,4.45,323546,6833211.00
20120606,4.46,4.47,4.43,4.45,197982,4191267.25
20120607,4.49,4.51,4.41,4.45,329201,6994432.00
20120608,4.48,4.49,4.43,4.46,217220,4608517.00
20120611,4.49,4.53,4.44,4.51,482352,10308763.00
20120612,4.50,4.51,4.46,4.47,245112,5223743.00
20120613,4.48,4.60,4.48,4.59,893378,19356806.00
20120614,4.59,4.62,4.55,4.58,608500,13256602.00
20120615,4.61,4.61,4.53,4.57,570129,12391391.00
20120618,4.61,4.61,4.56,4.59,595415,12971952.00
20120619,4.52,4.58,4.41,4.47,772383,12565810.00
20120620,4.48,4.52,4.44,4.48,389321,6316524.50
20120621,4.48,4.49,4.40,4.41,474178,7605857.50
20120625,4.42,4.42,4.22,4.22,691169,10822948.00
20120626,4.22,4.28,4.18,4.25,570407,8763989.00
20120627,4.25,4.34,4.24,4.29,634302,9898650.00
20120628,4.27,4.32,4.18,4.18,471400,7302029.00
20120629,4.21,4.54,4.21,4.38,1393695,22202262.00
20120702,4.36,4.47,4.34,4.37,632486,10053408.00
20120703,4.38,4.48,4.35,4.46,982136,15857785.00
20120704,4.45,4.49,4.39,4.42,485534,7800836.00
20120705,4.37,4.38,4.32,4.36,369186,5831085.50
20120706,4.38,4.46,4.31,4.46,760616,12108503.00
20120709,4.45,4.52,4.40,4.41,778420,12608926.00
20120710,4.38,4.45,4.34,4.35,516406,8237377.50
20120711,4.35,4.47,4.34,4.41,423722,6776209.50
20120712,4.39,4.54,4.39,4.54,1357509,22111492.00
20120713,4.54,4.55,4.46,4.48,738632,12061997.00
20120716,4.48,4.48,4.24,4.26,708251,11186657.00
20120717,4.25,4.31,4.24,4.29,312747,4847145.50
20120718,4.29,4.45,4.29,4.44,1419834,22625520.00
20120719,4.44,4.59,4.41,4.53,1477313,24239106.00
20120720,4.52,4.59,4.50,4.53,765120,12604311.00
20120723,4.48,4.58,4.46,4.56,509660,8371397.50
20120724,4.54,4.62,4.46,4.56,686118,11327110.00
20120725,4.58,4.63,4.55,4.59,1047756,17475570.00
20120726,4.55,4.60,4.46,4.46,1366928,22414212.00
20120727,4.42,4.51,4.42,4.46,625932,10152534.00
20120730,4.44,4.49,4.37,4.41,350159,5635782.00
20120731,4.38,4.41,4.33,4.38,337809,5346804.50
20120801,4.41,4.47,4.37,4.44,429116,6887156.00
20120802,4.44,4.49,4.42,4.44,268040,4333802.50
20120803,4.47,4.56,4.44,4.55,591886,9698076.00
20120806,4.56,4.77,4.56,4.74,2061085,35097380.00
20120807,4.74,4.92,4.68,4.92,2697735,47468100.00
20120808,4.93,5.13,4.90,5.07,4113877,74776104.00
20120809,5.07,5.52,5.06,5.41,4930049,95197640.00
20120810,5.41,5.50,5.26,5.49,3607213,70632704.00
20120813,5.41,5.51,5.28,5.31,2604100,50862780.00
20120814,5.26,5.48,5.13,5.48,3283574,62912276.00
20120815,5.43,5.91,5.31,5.83,5188785,106463776.00
20120816,5.75,5.97,5.58,5.69,2894189,60162968.00
20120817,5.64,5.74,5.44,5.57,1147015,22979584.00
20120820,5.47,5.63,5.45,5.61,662111,13213018.00
20120821,5.60,5.81,5.51,5.73,2395602,49208024.00
20120822,5.72,5.72,5.42,5.46,2284915,45504720.00
20120823,5.47,5.54,5.43,5.48,1284128,25311268.00
20120824,5.51,5.79,5.38,5.46,2397381,48490664.00
20120827,5.41,5.47,5.22,5.29,3294176,63191360.00
20120828,5.28,5.38,5.20,5.30,1199327,22815590.00
20120829,5.29,5.64,5.27,5.55,2244419,44595792.00
20120830,5.55,5.62,5.24,5.39,1163329,22765110.00
20120831,5.39,5.57,5.30,5.57,784302,15496841.00
20120903,5.55,5.72,5.52,5.66,1718314,34802612.00
20120904,5.57,5.66,5.49,5.64,1968101,39400704.00
20120905,5.56,5.61,5.49,5.56,705494,14089757.00
20120906,5.56,5.96,5.54,5.78,2403336,50033808.00
20120907,5.84,6.10,5.72,5.87,2812089,59958332.00
20120910,5.83,6.03,5.78,5.92,860634,18295854.00
20120911,5.90,5.93,5.72,5.82,1161120,24247946.00
20120912,5.82,5.98,5.69,5.95,1156800,24237722.00
20120913,5.95,5.95,5.79,5.80,598931,12635076.00
20120914,5.72,5.88,5.72,5.75,713910,14934923.00
20120917,5.72,5.81,5.65,5.65,699339,14448850.00
20120918,5.64,5.71,5.55,5.60,684705,13926603.00
20120919,5.60,5.66,5.56,5.65,311641,6289798.50
20120920,5.59,5.68,5.38,5.55,698325,14034499.00
20120921,5.55,5.72,5.44,5.71,810224,16568369.00
20120924,5.69,5.74,5.50,5.64,461712,9367650.00
20120925,5.64,5.67,5.44,5.44,444052,8840083.00
20120926,5.41,5.51,5.23,5.30,680918,13021018.00
20120927,5.29,5.42,5.23,5.26,843098,16232363.00
20120928,5.30,5.42,5.29,5.40,1284885,25010350.00
20121008,5.41,5.44,5.32,5.34,221241,4277735.00
20121009,5.41,5.53,5.35,5.49,927218,18178864.00
20121010,5.50,5.51,5.39,5.49,607819,11979416.00
20121011,5.45,5.54,5.41,5.42,510569,10070035.00
20121012,5.39,5.49,5.31,5.33,412830,7999338.00
20121015,5.30,5.38,5.21,5.35,569747,10904806.00
20121016,5.36,5.55,5.27,5.42,449701,8780005.00
20121017,5.42,5.51,5.38,5.48,309263,6094396.50
20121018,5.48,5.57,5.48,5.55,997530,19926544.00
20121019,5.58,5.62,5.49,5.52,553905,11062818.00
20121022,5.52,5.57,5.46,5.56,475558,9457279.00
20121023,5.58,5.58,5.50,5.52,389728,7773432.00
20121024,5.51,5.57,5.44,5.54,260613,5188859.50
20121025,5.55,5.58,5.44,5.56,400863,7961654.50
20121026,5.57,5.68,5.37,5.41,1164270,23068124.00
20121029,5.41,5.44,5.23,5.35,991987,19023294.00
20121030,5.32,5.35,5.25,5.25,285839,5459383.50
20121031,5.25,5.31,5.22,5.24,336885,6379501.50
20121101,5.24,5.41,5.21,5.38,637522,12340227.00
20121102,5.38,5.41,5.32,5.40,412606,8001928.00
20121105,5.40,5.44,5.36,5.36,304546,5930184.50
20121106,5.32,5.40,5.32,5.36,267645,5176635.00
20121107,5.39,5.49,5.34,5.44,770686,15105623.00
20121108,5.43,5.43,5.27,5.27,298870,5759485.50
20121109,5.27,5.29,5.09,5.12,350734,6599865.50
20121112,5.12,5.18,5.07,5.12,334892,6195294.00
20121113,5.12,5.12,4.93,4.95,656192,11833191.00
20121114,4.95,5.03,4.90,5.03,425981,7674288.00
20121115,5.03,5.03,4.96,5.03,229596,4140047.50
20121116,5.02,5.03,4.95,5.03,613044,11091605.00
20121119,5.03,5.07,5.01,5.05,109431,1989860.88
20121120,5.08,5.11,5.06,5.11,249455,4585317.50
20121121,5.09,5.16,5.07,5.16,270304,4997423.00
20121122,5.17,5.17,5.10,5.10,224294,4164881.00
20121123,5.10,5.31,5.10,5.30,540432,10219387.00
20121126,5.35,5.35,5.24,5.25,351658,6726294.00
20121127,5.29,5.29,5.01,5.17,452938,8416708.00
20121128,5.12,5.12,4.95,4.96,408853,7421291.50
20121129,4.98,4.99,4.81,4.91,624818,11118018.00
20121130,4.85,5.00,4.85,4.98,415208,7377220.50
20121203,4.93,5.00,4.89,4.92,524655,9383491.00
20121204,4.89,4.93,4.81,4.90,208596,3664994.25
20121205,4.87,5.12,4.84,5.09,405798,7388313.00
20121206,5.09,5.10,5.03,5.03,169986,3104450.50
20121207,5.07,5.55,5.07,5.36,1476492,28456386.00
20121210,5.37,5.49,5.27,5.45,935929,18295794.00
20121211,5.46,5.46,5.30,5.34,774249,14966034.00
20121212,5.33,5.46,5.30,5.41,328801,6396528.50
20121213,5.41,5.49,5.34,5.39,524677,10274245.00
20121214,5.32,5.60,5.32,5.55,833521,16575822.00
20121217,5.55,5.59,5.43,5.48,569072,11282568.00
20121218,5.47,5.51,5.39,5.40,423777,8333536.00
20121219,5.41,5.46,5.38,5.45,275047,5384531.00
20121220,5.45,5.45,5.37,5.42,216893,4230642.00
20121221,5.44,5.55,5.38,5.46,681945,13409332.00
20121224,5.53,5.56,5.48,5.53,933810,18598156.00
20121225,5.52,5.68,5.44,5.64,1508481,30345546.00
20121226,5.64,5.84,5.58,5.83,1965905,40497752.00
20121227,5.86,5.89,5.58,5.59,1696225,34809616.00
20121228,5.60,5.70,5.58,5.64,1074174,21846380.00
20121231,5.62,5.80,5.58,5.80,1378068,28415816.00
20130104,5.81,5.81,5.58,5.61,1753605,35807492.00
20130107,5.62,5.62,5.43,5.57,1748723,34768600.00
20130108,5.56,5.65,5.48,5.63,1424294,28615074.00
20130109,5.62,5.64,5.49,5.52,1343348,26960264.00
20130110,5.52,5.57,5.50,5.54,864073,17212108.00
20130111,5.54,5.61,5.44,5.46,963611,19209496.00
20130114,5.46,5.68,5.44,5.67,1500281,30245646.00
20130115,5.69,5.95,5.66,5.90,2822802,58949224.00
20130116,5.90,6.48,5.90,6.23,2770890,61436576.00
20130117,6.23,6.40,6.07,6.12,1693860,37713712.00
20130118,6.13,6.33,6.10,6.17,1592659,35449400.00
20130121,6.17,6.26,6.09,6.17,1394466,30886284.00
20130122,6.18,6.23,5.91,6.08,1880191,41143040.00
20130123,6.01,6.32,5.90,6.32,1713788,37961528.00
20130124,6.31,6.44,5.96,6.05,2327625,51865344.00
20130125,6.07,6.11,5.93,6.03,1007126,21752662.00
20130128,6.01,6.21,5.99,6.21,1339404,29609770.00
20130129,6.15,6.55,6.15,6.55,2690720,62024736.00
20130130,6.55,6.58,6.38,6.44,1604825,37156648.00
20130131,6.54,6.69,6.44,6.45,1574475,36933140.00
20130201,6.41,6.49,6.33,6.44,1283100,29571404.00
20130204,6.50,6.52,6.12,6.29,1582698,35734764.00
20130205,6.21,6.32,6.12,6.29,1053106,23606794.00
20130206,6.28,6.32,6.23,6.26,561489,12641159.00
20130207,6.26,6.51,6.18,6.50,1385380,31696532.00
20130208,6.49,6.60,6.43,6.46,1093730,25655716.00
20130218,6.53,6.63,6.39,6.53,1081317,25302924.00
20130219,6.51,6.62,6.35,6.46,1138122,26467636.00
20130220,6.49,6.74,6.43,6.71,2324926,55221132.00
20130221,6.68,6.72,6.43,6.51,1923132,45366356.00
20130222,6.51,6.54,6.36,6.51,1316386,30450928.00
20130225,6.52,6.62,6.42,6.52,922982,21677850.00
20130226,6.52,6.54,6.27,6.30,1232637,28413780.00
20130227,6.35,6.45,6.26,6.26,1538538,35083976.00
20130228,6.26,6.38,6.26,6.36,1305097,29662470.00
20130301,6.36,6.45,6.16,6.18,2860183,64406704.00
20130304,6.13,6.25,6.01,6.05,1821303,40369424.00
20130305,6.05,6.17,6.05,6.16,1058336,23344292.00
20130306,6.17,6.36,6.14,6.29,1680698,37947200.00
20130307,6.26,6.37,6.09,6.17,993429,22296376.00
20130308,6.15,6.21,6.07,6.07,568306,12512025.00
20130311,6.06,6.15,6.00,6.13,648626,14222518.00
20130312,6.05,6.15,5.83,5.89,1025174,21927784.00
20130313,5.87,6.03,5.55,5.69,2062526,42352564.00
20130314,5.69,5.77,5.63,5.72,1411847,28990586.00
20130315,5.72,6.17,5.69,5.96,2054376,43996124.00
20130318,5.90,6.05,5.78,6.01,864135,18401252.00
20130319,5.95,6.03,5.94,5.99,684590,14730640.00
20130320,6.00,6.28,5.95,6.18,1626081,35920600.00
20130321,6.17,6.35,6.06,6.16,1751872,39041256.00
20130322,6.16,6.25,6.12,6.20,901002,20079104.00
20130325,6.16,6.33,6.09,6.09,1518364,33681816.00
20130326,6.09,6.11,6.00,6.06,454418,9865723.00
20130327,6.07,6.26,6.06,6.15,715480,15891624.00
20130328,6.12,6.12,5.89,6.01,648956,14031998.00
20130329,6.12,6.20,5.92,6.01,850862,18468464.00
20130401,5.97,6.01,5.83,5.85,1153659,24427424.00
20130402,5.89,5.89,5.75,5.75,1021654,21346416.00
20130403,5.79,5.88,5.75,5.81,686143,14390044.00
20130408,5.76,5.91,5.69,5.91,404401,8427894.00
20130409,5.91,5.98,5.79,5.81,926008,19586780.00
20130410,5.82,5.82,5.69,5.78,656133,13616712.00
20130411,5.81,5.84,5.78,5.79,479645,10021521.00
20130412,5.78,5.89,5.72,5.73,454344,9467348.00
20130415,5.69,5.74,5.64,5.72,251014,5155696.50
20130416,5.69,5.79,5.61,5.77,967947,19771692.00
20130417,5.73,5.95,5.72,5.95,1339885,28231576.00
20130418,5.92,6.23,5.89,6.19,2528759,55997728.00
20130419,6.19,6.34,6.16,6.28,1841160,41516108.00
20130422,6.28,6.33,6.22,6.29,1135555,25606700.00
20130423,6.28,6.48,6.21,6.26,2392355,54210336.00
20130424,6.29,6.47,6.28,6.40,3056448,70420144.00
20130425,6.41,6.46,6.26,6.43,1850685,42301772.00
20130426,6.37,6.37,5.95,6.00,4246021,93632840.00
20130502,5.95,5.98,5.78,5.94,1276666,26974742.00
20130503,5.96,6.11,5.91,6.07,1199481,26061032.00
20130506,6.11,6.20,6.02,6.08,2177907,47694008.00
20130507,6.07,6.12,5.82,5.83,3056935,65425076.00
20130508,5.87,5.94,5.81,5.91,2004584,42498704.00
20130509,5.91,5.95,5.83,5.88,1424347,29988504.00
20130510,5.89,6.09,5.85,6.09,2103267,45434744.00
20130513,6.10,6.19,6.06,6.15,1798725,39663004.00
20130514,6.16,6.21,6.05,6.13,1261499,27736364.00
20130515,6.12,6.28,6.08,6.27,1761900,39205124.00
20130516,6.26,6.40,6.21,6.31,2351399,53386228.00
20130517,6.31,6.34,6.15,6.31,2222828,49895612.00
20130520,6.32,6.49,6.27,6.42,2364120,54448452.00
20130521,6.42,6.46,6.36,6.43,1896967,43712148.00
20130522,6.43,6.48,6.26,6.28,1831392,41674128.00
20130523,6.28,6.40,6.24,6.25,1399828,31785730.00
20130524,6.26,6.33,6.19,6.33,1032826,23281132.00
20130527,6.33,6.55,6.33,6.55,3017758,69914256.00
20130528,6.56,6.68,6.46,6.53,3542210,83834800.00
20130529,6.55,6.62,6.52,6.53,1658945,39052060.00
20130530,6.53,6.60,6.44,6.52,1875914,43811020.00
20130531,6.52,6.57,6.32,6.32,2773011,63860532.00
20130603,6.26,6.34,6.12,6.16,3080312,68567672.00
20130604,6.15,6.21,5.97,6.05,2186359,47751868.00
20130605,6.05,6.14,6.05,6.09,1424217,31190400.00
20130606,6.08,6.12,5.96,5.96,1217367,26443842.00
20130607,5.98,6.04,5.89,5.99,960528,20586732.00
20130613,5.95,5.95,5.69,5.75,1728201,35820332.00
20130614,5.74,5.86,5.74,5.84,754792,15769822.00
20130617,5.84,5.91,5.74,5.86,693663,14557144.00
20130618,5.86,5.91,5.73,5.79,1170640,24541810.00
20130619,5.79,5.79,5.64,5.75,867581,17789386.00
20130620,5.69,5.80,5.55,5.56,940285,19253082.00
20130621,5.47,5.72,5.44,5.52,1360313,27418032.00
20130624,5.52,5.58,5.12,5.22,1368272,26376494.00
20130625,5.21,5.22,4.82,5.11,2519471,45894916.00
20130626,5.10,5.23,5.07,5.20,1057328,19688756.00
20130627,5.18,5.31,4.85,4.86,2762355,33775388.00
20130628,4.81,4.82,4.64,4.71,4667872,52628868.00
20130701,4.71,4.77,4.66,4.74,1742089,19658300.00
20130702,4.72,4.83,4.72,4.79,3150840,35993168.00
20130703,4.79,4.81,4.61,4.66,2567653,28834744.00
20130704,4.64,4.79,4.54,4.74,2852749,31890526.00
20130705,4.74,4.89,4.74,4.80,2781945,32082980.00
20130708,4.73,4.73,4.50,4.50,2101958,23292682.00
20130709,4.52,4.59,4.39,4.45,1813051,19471012.00
20130710,4.46,4.62,4.45,4.60,1726316,18794496.00
20130711,4.59,4.93,4.59,4.75,3687164,42115220.00
20130712,4.76,4.88,4.69,4.72,2601271,29868900.00
20130715,4.72,4.86,4.69,4.84,2141914,24597882.00
20130716,4.87,4.87,4.77,4.86,2112690,24427564.00
20130717,4.83,4.90,4.66,4.69,3404767,38797904.00
20130718,4.68,4.73,4.54,4.54,3372165,37005748.00
20130719,4.53,4.60,4.46,4.46,2635804,28580740.00
20130722,4.42,4.54,4.40,4.53,1398621,15018399.00
20130723,4.53,4.67,4.53,4.66,2411700,26731112.00
20130724,4.65,4.79,4.60,4.77,2760063,31034328.00
20130725,4.76,4.94,4.72,4.90,6168078,71131672.00
20130726,4.88,4.90,4.73,4.83,2955303,33943532.00
20130729,4.83,4.83,4.62,4.64,2286681,25798188.00
20130730,4.62,4.74,4.52,4.65,2170189,24033018.00
20130731,4.70,4.80,4.64,4.65,1995322,22517390.00
20130801,4.67,4.80,4.65,4.80,2239303,25463098.00
20130802,4.80,4.93,4.80,4.85,4744097,55347736.00
20130805,4.88,5.01,4.87,4.99,4884820,57683856.00
20130806,5.00,5.11,4.98,5.08,5662452,68250936.00
20130807,5.09,5.12,4.94,4.97,4109033,49215244.00
20130808,4.97,5.09,4.97,5.01,2823690,33881772.00
20130809,5.01,5.05,4.90,5.00,2490760,29628724.00
20130812,5.00,5.07,4.94,5.05,3692377,44235344.00
20130813,5.06,5.12,5.02,5.12,3598812,43627148.00
20130814,5.13,5.17,5.03,5.05,3974030,48246780.00
20130815,5.05,5.05,4.90,4.94,3222206,38197296.00
20130816,4.93,5.01,4.86,4.86,2866482,33772892.00
20130819,4.84,4.95,4.81,4.95,2768617,32343278.00
20130820,4.94,5.13,4.94,5.10,5469459,65783668.00
20130821,5.10,5.22,5.03,5.16,5779922,70865920.00
20130822,5.13,5.32,5.09,5.31,7367920,91604072.00
20130823,5.22,5.29,5.07,5.15,7587640,94148544.00
20130826,5.12,5.22,5.07,5.21,4091429,50418440.00
20130827,5.17,5.53,5.12,5.45,9865896,125576864.00
20130828,5.37,5.43,5.28,5.31,6291288,80327696.00
20130829,5.28,5.39,5.24,5.32,4991829,63391996.00
20130830,5.27,5.33,5.08,5.16,5446460,67591024.00
20130902,5.14,5.26,5.03,5.18,2804695,34436100.00
20130903,5.18,5.31,5.16,5.29,5114067,64335052.00
20130904,5.29,5.38,5.19,5.36,6529072,82601968.00
20130905,5.41,5.58,5.30,5.51,10847133,142239872.00
20130906,5.49,5.53,5.42,5.45,4938402,64238788.00
20130909,5.45,5.59,5.35,5.58,7159207,94385608.00
20130910,5.54,5.57,5.45,5.51,4872681,63798144.00
20130911,5.47,5.52,5.38,5.40,3432767,44377140.00
20130912,5.36,5.47,5.31,5.36,2902815,37272784.00
20130913,5.34,5.42,5.33,5.42,2113761,27219276.00
20130916,5.43,5.52,5.38,5.42,2468470,32054764.00
20130917,5.40,5.42,5.16,5.16,3761757,47568880.00
20130918,5.16,5.21,5.06,5.15,2391505,29294408.00
20130923,5.15,5.23,5.15,5.23,1969953,24457468.00
20130924,5.20,5.31,5.10,5.28,4212504,52184348.00
20130925,5.28,5.32,5.16,5.24,2608919,32814674.00
20130926,5.23,5.34,5.19,5.25,5183991,65167820.00
20130927,5.24,5.44,5.22,5.41,6627707,84785576.00
20130930,5.39,5.51,5.34,5.48,5283410,68619304.00
20131008,5.47,5.50,5.31,5.42,5903641,75772296.00
20131009,5.37,5.48,5.34,5.42,3751584,48343156.00
20131010,5.42,5.48,5.32,5.38,5700477,73157896.00
20131011,5.38,5.50,5.36,5.48,6266840,81494480.00
20131014,5.51,5.51,5.41,5.46,3420341,44450076.00
20131015,5.46,5.54,5.43,5.49,4885486,63871720.00
20131016,5.51,5.51,5.02,5.31,4637432,58376588.00
20131017,5.36,5.44,5.21,5.33,3371850,42815104.00
20131018,5.32,5.36,5.24,5.28,2310472,29165240.00
20131021,5.28,5.40,5.20,5.34,3824825,48363528.00
20131022,5.34,5.39,5.26,5.36,3370337,42985676.00
20131023,5.26,5.26,4.81,4.81,12461683,147468624.00
20131024,4.77,4.80,4.69,4.70,3958541,44742740.00
20131025,4.70,4.74,4.69,4.70,2113209,23772962.00
20131028,4.70,4.74,4.53,4.56,3341124,36843524.00
20131029,4.56,4.63,4.30,4.39,3051023,32657330.00
20131030,4.40,4.52,4.39,4.51,2001821,21352070.00
20131031,4.48,4.54,4.45,4.53,1254099,13477405.00
20131101,4.52,4.52,4.46,4.49,1070568,11501029.00
20131104,4.48,4.57,4.48,4.54,1025153,11135845.00
20131105,4.52,4.59,4.46,4.57,1180847,12799173.00
20131106,4.55,4.57,4.50,4.51,1629063,17720244.00
20131107,4.51,4.51,4.39,4.41,1395316,14869421.00
20131108,4.39,4.42,4.32,4.35,1222106,12773398.00
20131111,4.35,4.43,4.32,4.39,776212,8138433.50
20131112,4.39,4.48,4.39,4.46,1859591,19743872.00
20131113,4.42,4.42,4.32,4.32,2565557,26742870.00
20131114,4.32,4.37,4.26,4.36,1772907,18359172.00
20131115,4.34,4.48,4.34,4.44,2615933,27728358.00
20131118,4.89,4.89,4.89,4.89,3420103,40015204.00
20131119,5.39,5.39,5.36,5.39,19867575,255680368.00
20131120,5.10,5.38,5.08,5.28,19993440,248922480.00
20131121,5.16,5.26,5.07,5.21,10953117,134906352.00
20131122,5.28,5.34,5.08,5.08,10059516,124456504.00
20131125,4.92,5.06,4.92,4.98,5311442,63232740.00
20131126,4.95,5.09,4.94,5.02,3921746,46880608.00
20131127,4.98,5.21,4.96,5.14,6965744,84859696.00
20131128,5.13,5.16,5.07,5.08,4276956,52208364.00
20131129,5.09,5.12,4.98,5.03,4274676,51332308.00
20131202,4.81,4.87,4.61,4.62,6838904,77440224.00
20131203,4.60,4.75,4.57,4.73,2757197,30887118.00
20131204,4.72,4.84,4.69,4.74,3229123,36938708.00
20131205,4.77,4.80,4.69,4.78,2287619,26005404.00
20131206,4.78,4.81,4.75,4.77,2170716,24784684.00
20131209,4.79,4.86,4.79,4.85,2280125,26332804.00
20131210,4.85,4.88,4.79,4.81,2643323,30514316.00
20131211,4.83,4.83,4.66,4.70,2731734,30776184.00
20131212,4.69,4.75,4.69,4.72,1190002,13453398.00
20131213,4.75,4.84,4.70,4.79,2615941,29994538.00
20131216,4.79,4.85,4.75,4.78,2079041,23844474.00
20131217,4.80,4.82,4.68,4.68,1601635,18163516.00
20131218,4.69,4.74,4.62,4.72,1988317,22281868.00
20131219,4.74,4.79,4.69,4.70,1035185,11713943.00
20131220,4.72,4.76,4.68,4.74,1499482,16907454.00
20131223,4.78,4.81,4.55,4.77,2121137,24008406.00
20131224,4.80,4.87,4.78,4.82,3168985,36649004.00
20131225,4.80,4.84,4.77,4.83,1569767,18079494.00
20131226,4.84,4.91,4.77,4.83,2781215,32287020.00
20131227,4.83,4.98,4.81,4.96,4118348,48458164.00
20131230,4.97,5.01,4.90,5.00,2958789,35078028.00
20131231,4.99,4.99,4.88,4.90,2113001,24893232.00
20140102,4.90,4.98,4.90,4.95,1772079,20925844.00
20140103,4.98,4.98,4.88,4.92,1644802,19319018.00
20140106,4.94,4.94,4.68,4.69,2019811,23013604.00
20140107,4.69,4.75,4.66,4.70,1119407,12592160.00
20140108,4.72,4.74,4.60,4.65,1559818,17431676.00
20140109,4.66,4.72,4.63,4.63,1109510,12414629.00
20140110,4.63,4.66,4.38,4.42,2784365,29941416.00
20140113,4.45,4.48,4.37,4.42,1478539,15652341.00
20140114,4.40,4.50,4.37,4.49,2245107,23878336.00
20140115,4.48,4.50,4.42,4.50,1671904,17840074.00
20140116,4.51,4.59,4.47,4.55,1867165,20345182.00
20140117,4.54,4.55,4.46,4.51,1038548,11178743.00
20140121,4.35,4.53,4.34,4.51,2412284,25630488.00
20140122,4.46,4.59,4.44,4.59,1867885,20323246.00
20140123,4.58,4.65,4.55,4.63,1797907,19854566.00
20140124,4.61,4.68,4.57,4.65,1701759,18879220.00
20140127,4.60,4.84,4.57,4.72,2531913,28561458.00
20140128,4.70,4.87,4.66,4.79,1853634,21059456.00
20140129,4.77,4.85,4.72,4.75,1741935,19873800.00
20140130,4.77,4.77,4.68,4.68,1105775,12439550.00
20140207,4.64,4.77,4.60,4.77,1716971,19339472.00
20140210,4.78,4.92,4.76,4.92,3491732,40580896.00
20140211,4.92,4.95,4.81,4.89,3439405,40258540.00
20140212,4.90,4.93,4.84,4.92,2685225,31388054.00
20140213,4.92,4.99,4.89,4.92,3536741,41710360.00
20140214,4.91,5.00,4.83,4.98,3318612,39122700.00
20140217,4.94,5.11,4.92,5.05,4592699,55230508.00
20140218,5.04,5.04,4.95,4.98,3558383,42387836.00
20140219,4.98,5.07,4.96,4.98,3515857,42026752.00
20140220,5.01,5.01,4.81,4.86,4089472,47657292.00
20140221,4.82,4.92,4.81,4.88,1852036,21527570.00
20140224,4.89,4.89,4.75,4.80,2237640,25678472.00
20140225,4.80,4.92,4.63,4.64,3490871,40204600.00
20140226,4.63,4.63,4.48,4.57,2906639,31581056.00
20140227,4.59,4.66,4.47,4.48,2424928,26529346.00
20140228,4.48,4.58,4.46,4.58,1401960,15192325.00
20140303,4.57,4.68,4.56,4.67,1856764,20564518.00
20140304,4.69,4.88,4.69,4.83,3865379,44016512.00
20140305,4.82,4.84,4.72,4.74,2242594,25569740.00
20140306,4.72,4.76,4.62,4.72,1544949,17338190.00
20140307,4.72,4.75,4.66,4.68,1273465,14312925.00
20140310,4.67,4.67,4.49,4.49,1866815,20363026.00
20140311,4.51,4.54,4.48,4.51,1505602,16264220.00
20140312,4.55,4.63,4.48,4.63,1621352,17685476.00
20140313,4.65,4.69,4.62,4.65,1273738,14173573.00
20140314,4.66,4.67,4.60,4.64,957207,10612810.00
20140317,4.66,4.72,4.60,4.70,1363547,15264363.00
20140318,4.70,4.75,4.68,4.72,1400331,15803612.00
20140319,4.72,4.72,4.63,4.69,1245107,13884459.00
20140320,4.67,4.69,4.56,4.57,1389177,15386179.00
20140321,4.58,4.68,4.51,4.66,1629389,17932386.00
20140324,4.66,4.74,4.65,4.71,1519892,17107956.00
20140325,4.69,4.73,4.68,4.72,1521722,17134256.00
20140326,4.66,4.69,4.60,4.62,2804895,31036528.00
20140327,4.62,4.63,4.52,4.53,1745202,19034818.00
20140328,4.51,4.56,4.49,4.53,1014713,11003774.00
20140331,4.51,4.55,4.45,4.46,1216075,13095123.00
20140401,4.45,4.50,4.44,4.48,976100,10465365.00
20140402,4.48,4.56,4.48,4.54,1102914,11946016.00
20140403,4.58,4.64,4.53,4.54,1346992,14757427.00
20140404,4.54,4.59,4.52,4.59,621040,6785465.00
20140408,4.59,4.62,4.56,4.62,1020446,11235476.00
20140409,4.63,4.65,4.60,4.63,1550832,17161484.00
20140410,4.63,4.66,4.61,4.62,1517936,16817608.00
20140411,4.61,4.65,4.60,4.60,1252390,13817872.00
20140414,4.60,4.68,4.59,4.66,1204333,13349051.00
20140415,4.64,4.66,4.62,4.63,905671,10051009.00
20140416,4.63,4.72,4.63,4.68,1561033,17492538.00
20140417,4.71,4.71,4.65,4.66,763109,8520514.00
20140418,4.66,4.68,4.62,4.64,1010740,11248594.00
20140421,4.60,4.64,4.48,4.51,1574064,17202824.00
20140422,4.51,4.55,4.46,4.51,1161493,12509760.00
20140423,4.52,4.53,4.48,4.51,786782,8501734.00
20140424,4.52,4.54,4.49,4.50,647575,6985173.50
20140425,4.47,4.50,4.43,4.43,959383,10248648.00
20140428,4.43,4.43,4.25,4.27,1641167,16942490.00
20140429,4.27,4.33,4.27,4.31,685057,7052867.50
20140430,4.32,4.35,4.30,4.34,481746,4993436.50
20140505,4.33,4.35,4.30,4.35,477421,4947187.50
20140506,4.36,4.39,4.33,4.38,553259,5795494.50
20140507,4.36,4.37,4.26,4.30,761964,7884911.00
20140508,4.30,4.36,4.27,4.30,851327,8793230.00
20140509,4.32,4.35,4.28,4.33,701527,7229207.50
20140512,4.35,4.45,4.33,4.42,2144594,22569462.00
20140513,4.42,4.42,4.39,4.42,904474,9547198.00
20140514,4.42,4.42,4.40,4.42,484873,5124535.00
20140515,4.41,4.44,4.32,4.33,649821,6833246.50
20140516,4.36,4.45,4.30,4.43,1127304,11853482.00
20140519,4.41,4.45,4.38,4.43,761062,8052521.50
20140520,4.49,4.53,4.38,4.41,2558970,27136652.00
20140521,4.41,4.42,4.34,4.40,1160737,12144523.00
20140522,4.40,4.42,4.36,4.36,776795,8187671.50
20140523,4.36,4.39,4.35,4.39,622078,6511040.00
20140526,4.38,4.42,4.38,4.42,783100,8255505.50
20140527,4.42,4.44,4.38,4.39,703090,7410727.50
20140528,4.39,4.42,4.36,4.42,1058206,11164183.00
20140529,4.42,4.45,4.34,4.35,1064313,11223778.00
20140530,4.37,4.37,4.33,4.35,638604,6658757.50
20140603,4.37,4.43,4.36,4.40,796236,8391620.00
20140604,4.40,4.41,4.35,4.38,601287,6308412.00
20140605,4.37,4.43,4.36,4.43,1045855,8504225.00
20140606,4.43,4.43,4.37,4.40,712508,5775755.00
20140609,4.40,4.41,4.32,4.33,1163533,9357287.00
20140610,4.33,4.37,4.29,4.37,892820,7140831.00
20140611,4.37,4.38,4.34,4.36,821209,6597144.50
20140612,4.36,4.36,4.31,4.32,1161549,9273438.00
20140613,4.33,4.42,4.32,4.36,1803386,14528515.00
20140616,4.36,4.41,4.36,4.38,1797783,14514914.00
20140617,4.38,4.39,4.33,4.35,1224603,9815759.00
20140618,4.32,4.35,4.26,4.29,1705692,13508841.00
20140619,4.29,4.31,4.18,4.18,1350042,10553848.00
20140620,4.18,4.23,4.18,4.21,894531,6928604.00
20140623,4.24,4.24,4.21,4.22,644831,5024097.00
20140624,4.22,4.27,4.22,4.24,914844,7158083.50
20140625,4.24,4.27,4.20,4.23,986355,7703872.50
20140626,4.24,4.28,4.23,4.28,1320051,10380510.00
20140627,4.28,4.42,4.26,4.40,3771982,30350070.00
20140630,4.40,4.40,4.34,4.37,2042612,16424939.00
20140701,4.35,4.44,4.35,4.41,2332548,18930430.00
20140702,4.42,4.44,4.37,4.42,1455277,11813378.00
20140703,4.42,4.43,4.39,4.43,1568097,12748471.00
20140704,4.43,4.44,4.38,4.41,1424887,11558040.00
20140707,4.41,4.42,4.37,4.41,1495153,12098241.00
20140708,4.41,4.41,4.37,4.41,1429237,11577901.00
20140709,4.40,4.41,4.35,4.35,1868615,15078220.00
20140710,4.34,4.38,4.32,4.37,1020538,8206763.50
20140711,4.37,4.44,4.36,4.43,1855621,15076172.00
20140714,4.44,4.51,4.41,4.50,2785641,22968702.00
20140715,4.50,4.51,4.44,4.48,1423795,11744304.00
20140716,4.48,4.49,4.37,4.37,1626740,13307127.00
20140717,4.51,4.71,4.48,4.64,9296651,78531376.00
20140718,4.56,4.66,4.52,4.58,6206265,52256440.00
20140721,4.51,4.57,4.48,4.48,3173016,26340296.00
20140722,4.48,4.54,4.45,4.53,2657095,22048912.00
20140723,4.52,4.54,4.44,4.44,2965544,24451862.00
20140724,4.46,4.51,4.44,4.50,3270128,26874326.00
20140725,4.49,4.56,4.48,4.56,3429824,28557466.00
20140728,4.54,4.61,4.52,4.61,5324610,44794624.00
20140729,4.57,4.57,4.39,4.56,11064360,91672376.00
20140730,4.53,4.54,4.50,4.52,6663386,55472532.00
20140731,4.52,4.61,4.51,4.59,6596840,55458712.00
20140801,4.60,4.62,4.54,4.55,5754200,48627960.00
20140804,4.54,4.67,4.54,4.66,5484689,46522408.00
20140805,4.66,4.69,4.62,4.67,4404901,37714924.00
20140806,4.67,4.71,4.63,4.64,4544106,39045588.00
20140807,4.64,4.66,4.57,4.58,4135474,35129488.00
20140808,4.58,4.62,4.58,4.61,2634185,22291096.00
20140811,4.63,4.72,4.62,4.69,5315066,45772440.00
20140812,4.69,4.74,4.67,4.72,4057276,35140224.00
20140813,4.72,4.76,4.64,4.76,6148694,53157748.00
20140814,4.74,4.88,4.73,4.81,9312911,82374696.00
20140815,4.81,4.91,4.77,4.89,6342203,56721500.00
20140818,4.91,4.95,4.87,4.94,6927659,62444360.00
20140819,4.94,5.07,4.94,4.94,12052804,110851896.00
20140820,4.93,4.98,4.87,4.91,9167011,83281936.00
20140821,4.90,4.94,4.84,4.93,7107103,64004324.00
20140822,4.93,5.03,4.89,4.92,8676228,78623696.00
20140825,4.91,4.91,4.81,4.84,4351452,38848888.00
20140826,4.81,4.84,4.73,4.74,4245182,37329032.00
20140827,4.74,4.81,4.74,4.81,2480590,21860602.00
20140828,4.82,4.82,4.73,4.73,2540293,22225834.00
20140829,4.73,4.77,4.70,4.77,2241428,19538066.00
20140901,4.76,4.84,4.75,4.84,2122986,18811010.00
20140902,4.84,4.89,4.82,4.88,3959585,35368468.00
20140903,4.89,4.92,4.84,4.89,3955057,35526416.00
20140904,4.88,4.93,4.86,4.93,3920514,35385240.00
20140905,4.93,4.94,4.88,4.93,3682630,33271198.00
20140909,4.94,5.00,4.91,4.93,4173401,37872356.00
20140910,4.93,4.95,4.89,4.94,3732329,33775380.00
20140911,4.94,4.98,4.89,4.98,6485422,58988452.00
20140912,4.96,5.03,4.95,5.01,4351160,39879872.00
20140915,5.02,5.06,4.98,5.06,5897651,54386080.00
20140916,5.06,5.06,4.87,4.88,6707706,61334708.00
20140917,4.88,4.95,4.82,4.90,4896579,43934840.00
20140918,4.90,4.93,4.87,4.90,3930166,35422356.00
20140919,4.91,4.96,4.89,4.95,3696593,33493478.00
20140922,4.95,4.95,4.87,4.88,3179235,28682866.00
20141009,5.38,5.38,5.34,5.38,15234858,150451360.00
20141010,5.53,5.93,5.51,5.93,53920860,566029248.00
20141013,6.06,6.44,5.82,6.07,37951808,425663776.00
20141014,6.09,6.16,5.91,6.04,17850531,197179472.00
20141015,5.97,6.03,5.89,6.01,10960472,119689544.00
20141016,5.92,6.01,5.76,5.79,13720436,148028432.00
20141017,5.75,5.90,5.62,5.84,9194179,97867840.00
20141020,5.82,5.98,5.77,5.95,10154744,109698392.00
20141021,5.92,5.95,5.79,5.83,6614842,70737280.00
20141022,5.86,5.86,5.62,5.67,7409687,77856176.00
20141023,5.65,5.69,5.44,5.47,9436230,95410544.00
20141024,5.48,5.66,5.46,5.57,5762542,58973760.00
20141027,5.52,5.80,5.52,5.73,6914764,72262160.00
20141028,5.74,6.00,5.74,5.90,10202733,110458416.00
20141029,5.90,6.12,5.86,6.11,13114049,144128480.00
20141030,6.09,6.23,5.91,5.97,10728617,119505088.00
20141031,5.97,6.06,5.88,5.93,6393789,69666304.00
20141103,5.91,6.16,5.86,6.15,8213458,91110448.00
20141104,6.14,6.34,6.11,6.25,10957240,125234496.00
20141105,6.34,6.34,6.01,6.14,6811510,76339184.00
20141106,6.13,6.28,6.01,6.17,8482650,95565592.00
20141107,6.19,6.23,5.96,5.97,8240573,91660976.00
20141110,5.93,6.01,5.80,5.97,7113897,76711912.00
20141111,5.92,5.95,5.61,5.67,8262488,87082448.00
20141112,5.63,5.77,5.56,5.73,4469851,46432272.00
20141113,5.73,5.74,5.58,5.68,3747210,38786852.00
20141114,5.67,6.00,5.62,5.85,5498443,58957196.00
20141117,5.84,5.95,5.79,5.84,4331075,46416080.00
20141118,5.84,5.90,5.81,5.84,2811293,30133360.00
20141119,5.84,5.95,5.83,5.85,3780006,40703888.00
20141120,5.84,5.84,5.67,5.77,6339099,66382252.00
20141121,5.77,5.97,5.69,5.93,5225744,55765364.00
20141124,5.94,5.98,5.87,5.92,4364696,47331100.00
20141125,5.93,6.17,5.90,6.08,6677768,74200824.00
20141126,6.06,6.16,5.99,6.09,5223782,57987940.00
20141127,6.11,6.16,5.98,6.05,4816296,53533028.00
20141128,6.06,6.09,5.89,5.96,5719576,62412384.00
20141201,5.92,5.97,5.73,5.76,7285812,77526808.00
20141202,5.76,5.96,5.73,5.84,7444725,79518400.00
20141203,5.84,5.94,5.73,5.93,8974687,95685968.00
20141204,5.91,5.99,5.89,5.93,7692088,83801000.00
20141205,5.93,5.97,5.67,5.73,7688484,81330128.00
20141208,5.64,5.67,5.45,5.61,6629581,67954120.00
20141209,5.59,5.60,5.42,5.42,9352722,94136296.00
20141210,5.39,5.62,5.37,5.59,4282054,43317908.00
20141211,5.59,5.68,5.49,5.63,4906610,50275164.00
20141212,5.63,5.67,5.55,5.66,4811579,49550908.00
20141215,5.64,5.75,5.54,5.73,5167799,53480336.00
20141216,5.73,5.73,5.65,5.69,3358112,34985052.00
20141217,5.68,5.68,5.48,5.54,5830032,59360160.00
20141218,5.53,5.57,5.44,5.47,6391454,64351324.00
20141219,5.47,5.49,5.38,5.46,3963255,39616120.00
20141222,5.45,5.45,5.28,5.31,5034665,49321248.00
20141223,5.30,5.38,5.17,5.32,2286430,22355328.00
20141224,5.36,5.42,5.33,5.38,3264234,32154802.00
20141225,5.38,5.48,5.37,5.39,3205988,31882276.00
20141226,5.41,5.49,5.41,5.44,2774451,27681782.00
20141229,5.45,5.48,5.32,5.36,3054807,30159156.00
20141230,5.33,5.34,5.28,5.31,2655534,25896640.00
20141231,5.31,5.36,5.28,5.34,2305660,22470536.00
20150105,5.30,5.48,5.27,5.45,4226672,41689852.00
20150106,5.44,5.54,5.39,5.53,4109855,41290408.00
20150107,5.54,5.56,5.46,5.51,3917560,39513464.00
20150108,5.48,5.55,5.46,5.48,2037505,20493406.00
20150109,5.48,5.52,5.43,5.45,2637449,26470644.00
20150112,5.48,5.48,5.30,5.32,2625283,25841838.00
20150113,5.32,5.42,5.29,5.41,2333493,22937932.00
20150114,5.41,5.41,5.32,5.34,1905878,18737410.00
20150115,5.37,5.40,5.34,5.39,1749696,17264766.00
20150116,5.39,5.44,5.34,5.42,2225428,22038022.00
20150119,5.34,5.54,5.27,5.38,4108527,40819452.00
20150120,5.40,5.59,5.39,5.59,6391016,64876316.00
20150121,5.61,5.68,5.56,5.63,5911647,60958148.00
20150122,5.63,5.72,5.59,5.67,4546511,47101264.00
20150123,5.66,5.67,5.54,5.56,5051322,51761812.00
20150126,5.56,5.67,5.54,5.65,3186170,32841528.00
20150127,5.66,5.71,5.56,5.66,3354427,34691252.00
20150128,5.65,5.82,5.61,5.78,6938842,73102080.00
20150129,5.71,5.82,5.69,5.70,3430488,36062988.00
20150130,5.71,5.76,5.62,5.64,2412273,25076266.00
20150202,5.58,5.67,5.55,5.62,2353710,24190770.00
20150203,5.65,5.81,5.58,5.75,4099718,42846756.00
20150204,5.74,5.77,5.64,5.65,3237409,33856944.00
20150205,5.68,5.87,5.68,5.77,7729087,82029216.00
20150206,5.77,5.78,5.56,5.62,3737398,38979920.00
20150209,5.57,5.64,5.50,5.54,2552923,26076396.00
20150210,5.54,5.56,5.42,5.46,3533094,35472076.00
20150211,5.47,5.52,5.44,5.49,2286715,22991362.00
20150212,5.49,5.55,5.48,5.52,2279888,23062714.00
20150213,5.52,5.61,5.52,5.58,2833486,28993050.00
20150216,5.57,5.67,5.53,5.66,3658824,37612892.00
20150217,5.65,5.68,5.61,5.67,2902305,30040758.00
20150225,5.68,5.80,5.68,5.72,4416950,46463276.00
20150226,5.67,5.77,5.67,5.76,3159319,33137504.00
20150227,5.76,5.86,5.76,5.82,5741171,61281288.00
20150302,5.84,5.89,5.82,5.89,4762005,51138436.00
20150303,5.87,6.02,5.77,6.01,9049243,98111280.00
20150304,5.97,6.62,5.97,6.62,19590333,232143872.00
20150305,6.73,6.77,6.45,6.55,13831577,166635248.00
20150306,6.67,6.67,6.46,6.49,8600880,102983128.00
20150309,6.51,7.10,6.42,6.83,12032222,149227984.00
20150310,6.83,7.03,6.73,6.86,7283898,92002088.00
20150311,6.82,6.93,6.70,6.71,6667262,82352976.00
20150312,6.71,6.77,6.56,6.67,5270749,64134024.00
20150313,6.67,6.88,6.62,6.86,6117253,75419464.00
20150316,6.88,7.08,6.81,6.96,6463889,82302168.00
20150317,6.96,7.04,6.79,6.89,6932222,87535376.00
20150318,6.87,7.37,6.84,7.28,8948618,116786296.00
20150319,7.30,7.42,7.11,7.18,6868707,90483608.00
20150320,7.18,7.28,7.12,7.19,5696288,74516376.00
20150323,7.17,7.39,7.14,7.26,7015175,93135856.00
20150324,7.27,7.33,6.84,7.07,9435504,122957952.00
20150325,7.04,7.16,6.93,7.12,7062771,90941464.00
20150326,7.08,7.08,6.92,6.97,7028104,89828584.00
20150327,6.97,7.13,6.92,7.01,6044789,77653848.00
20150330,7.06,7.16,7.01,7.08,5584113,72276560.00
20150331,7.08,7.13,7.01,7.06,5085429,65614964.00
20150401,7.06,7.49,7.04,7.42,10762286,143407152.00
20150402,7.43,7.58,7.37,7.50,9263226,126573984.00
20150403,7.50,7.84,7.40,7.68,7683891,107099592.00
20150407,7.78,7.83,7.61,7.66,7281220,101832136.00
20150408,7.66,7.69,7.32,7.46,8250455,112632936.00
20150409,7.45,7.48,7.11,7.32,7603185,100676408.00
20150410,7.24,7.59,7.23,7.56,7066044,96378176.00
20150413,7.56,8.01,7.50,7.88,11852760,167876464.00
20150414,7.87,8.06,7.74,7.90,8769510,126540032.00
20150415,7.77,7.87,7.41,7.45,8771538,121828880.00
20150416,7.34,7.48,7.19,7.42,7554400,101638968.00
20150417,7.49,7.62,7.40,7.50,8175845,111988928.00
20150420,7.45,7.49,7.17,7.19,8900364,119231280.00
20150421,7.21,7.45,7.12,7.41,7129298,94759880.00
20150422,7.41,7.82,7.41,7.69,9806441,136987984.00
20150423,7.69,7.88,7.62,7.70,10214469,144186256.00
20150424,7.70,7.81,7.41,7.73,9815762,137319712.00
20150427,7.76,8.06,7.76,7.93,12407354,179290848.00
20150428,7.87,7.87,7.48,7.56,9387995,131346968.00
20150429,7.44,7.70,7.44,7.67,5786471,80445240.00
20150430,7.68,7.72,7.60,7.61,5816762,81160408.00
20150504,7.58,8.27,7.53,8.18,13938243,201439520.00
20150505,8.18,8.18,7.84,8.09,11390536,166186352.00
20150506,8.08,8.51,8.03,8.34,16453760,248122192.00
20150507,8.33,8.51,7.67,7.90,11723654,175401648.00
20150508,7.95,8.33,7.76,8.33,9867556,144796416.00
20150511,8.35,8.72,8.29,8.62,13534809,209498608.00
20150512,8.56,8.83,8.45,8.59,11557554,181550496.00
20150513,8.56,8.56,8.24,8.35,10946029,167153840.00
20150514,8.35,8.73,8.29,8.73,12238000,190801568.00
20150515,8.83,9.03,8.46,8.54,11398014,179903552.00
20150518,8.29,8.75,8.29,8.58,10621835,164569440.00
20150519,8.58,8.71,8.46,8.62,8057239,126126072.00
20150520,8.63,8.99,8.55,8.56,12474573,199332848.00
20150521,8.56,8.83,8.39,8.78,13953695,218378080.00
20150522,8.78,9.67,8.69,9.67,25512915,428243232.00
20150525,9.61,10.61,9.38,10.20,25944148,462407776.00
20150526,10.14,10.72,9.98,10.39,17399635,327992448.00
20150527,10.26,10.38,9.86,10.19,14774231,272262624.00
20150528,10.17,10.42,9.17,9.21,14889604,268028512.00
20150529,9.16,9.56,8.78,9.36,11552547,194601136.00
20150714,8.41,8.41,8.41,8.41,3946300,50354788.00
20150715,7.55,7.55,7.55,7.55,745700,8560636.00
20150716,6.79,7.50,6.79,6.92,52642366,557347904.00
20150717,6.77,7.43,6.54,7.20,40048185,425372256.00
20150720,7.07,7.27,6.89,7.15,29828898,321874432.00
20150721,6.87,7.37,6.86,7.27,23214915,252485872.00
20150722,7.37,7.83,7.36,7.83,32038570,370601664.00
20150723,7.73,8.03,7.57,7.89,28497748,337078304.00
20150724,7.79,7.88,7.35,7.44,29470915,343501024.00
20150727,7.23,7.37,6.69,6.69,19262755,207446272.00
20150728,6.03,6.55,6.01,6.02,26719915,248965344.00
20150729,6.20,6.38,5.82,6.35,22181418,204411696.00
20150730,6.29,6.56,6.13,6.13,22337888,216951840.00
20150731,5.97,6.19,5.90,5.97,13187500,120797064.00
20150803,5.93,5.99,5.56,5.69,12593419,110904688.00
20150804,5.71,6.19,5.71,6.18,15471517,140211520.00
20150805,6.11,6.23,5.95,6.06,14343899,132975608.00
20150806,5.93,6.15,5.85,6.01,9459752,86699432.00
20150807,6.10,6.29,6.04,6.23,14644119,138134288.00
20150810,6.29,6.80,6.23,6.65,20579702,202544192.00
20150811,6.53,6.71,6.50,6.60,19158362,192154976.00
20150812,6.49,6.58,6.34,6.35,14359783,141745968.00
20150813,6.29,6.56,6.27,6.55,12018047,117591432.00
20150814,6.58,6.74,6.47,6.67,16349527,164873024.00
20150817,6.73,6.83,6.58,6.81,17782530,181404624.00
20150818,6.77,6.82,6.12,6.12,18559508,183403408.00
20150819,5.95,6.33,5.72,6.22,13644378,125181928.00
20150820,6.17,6.27,6.01,6.07,10031583,94086264.00
20150821,5.97,6.09,5.71,5.82,10679554,96213040.00
20150824,5.57,5.69,5.23,5.23,13662985,111182952.00
20150825,4.80,4.93,4.69,4.69,13004693,95240904.00
20150826,4.80,4.95,4.50,4.63,17249197,125779344.00
20150827,4.76,4.88,4.57,4.87,12720938,92723336.00
20150828,4.95,5.20,4.88,5.20,15090974,115886880.00
20150831,5.13,5.15,4.95,4.97,10869130,83583904.00
20150901,4.95,4.95,4.71,4.74,9037034,66442288.00
20150902,4.57,4.97,4.51,4.74,9533947,69726096.00
20150907,4.74,5.02,4.74,4.89,9600748,71931544.00
20150908,4.90,5.14,4.81,5.11,7942104,60440700.00
20150909,5.13,5.31,5.06,5.27,14284404,113841224.00
20150910,5.16,5.23,5.05,5.13,8407625,66202104.00
20150911,5.12,5.22,5.08,5.17,7173725,56544192.00
20150914,5.13,5.22,4.64,4.72,12237819,91395936.00
20150915,4.66,4.69,4.30,4.49,8112783,57150448.00
20150916,4.51,4.94,4.50,4.89,9550574,68780504.00
20150917,4.77,5.00,4.75,4.75,10305487,76757512.00
20150918,4.80,4.83,4.68,4.79,5157276,37591092.00
20150921,4.72,4.95,4.70,4.93,6903698,51332064.00
20150922,4.96,5.02,4.87,4.93,9045334,68445944.00
20150923,4.83,4.90,4.74,4.78,8863368,65275900.00
20150924,4.81,4.89,4.79,4.87,6837946,50622408.00
20150925,4.85,4.92,4.67,4.77,7723249,56698412.00
20150928,4.75,5.26,4.71,5.26,25782862,202982352.00
20150929,5.30,5.70,5.25,5.53,43763912,367001152.00
20150930,5.43,5.43,5.17,5.24,21877672,176469216.00
20151008,5.40,5.58,5.34,5.51,24073906,201273520.00
20151009,5.45,5.49,5.34,5.43,17276903,142760896.00
20151012,5.47,5.76,5.43,5.69,25620606,218864480.00
20151013,5.60,5.92,5.56,5.73,22919188,201458960.00
20151014,5.67,5.76,5.49,5.50,17637250,150507040.00
20151015,5.45,5.74,5.43,5.73,17529458,150843168.00
20151016,5.81,6.31,5.73,6.18,34478311,317761216.00
20151019,6.10,6.63,5.90,6.55,44338039,423315168.00
20151020,6.37,6.48,6.25,6.43,23697408,230379056.00
20151021,6.75,6.95,6.01,6.09,41875759,421896608.00
20151022,6.05,6.71,6.03,6.71,31325090,307752704.00
20151023,6.93,7.39,6.82,7.37,39682335,426643200.00
20151026,7.53,7.79,7.11,7.45,36601355,410739200.00
20151027,7.24,7.63,6.94,7.40,25407044,282946400.00
20151028,7.25,7.40,7.04,7.08,16424468,180303680.00
20151029,7.20,7.29,7.07,7.13,11057272,120594128.00
20151030,7.85,7.85,7.51,7.85,51990058,611597120.00
20151102,7.57,7.62,7.05,7.17,44569661,496876864.00
20151103,6.90,7.07,6.57,6.72,26309462,271407648.00
20151104,6.75,7.05,6.73,7.01,21045804,221607248.00
20151105,7.01,7.01,6.72,6.87,20870940,217791952.00
20151106,6.87,7.04,6.81,6.97,16813344,178072688.00
20151109,6.83,7.29,6.75,7.21,29904012,315593088.00
20151110,7.10,7.40,7.03,7.13,25297379,277083616.00
20151111,7.13,7.30,6.98,7.27,19496085,212477552.00
20151112,7.29,7.33,7.03,7.11,15951910,173279888.00
20151113,7.04,7.04,6.77,6.79,13734103,143630432.00
20151116,6.61,6.93,6.59,6.92,9018478,93103648.00
20151117,6.96,7.25,6.92,7.03,20320038,218359504.00
20151118,7.03,7.13,6.81,6.87,11232605,118729384.00
20151119,6.89,7.29,6.87,7.28,20048563,216954960.00
20151120,7.25,7.35,7.12,7.23,14570395,159684800.00
20151123,7.22,7.52,7.15,7.29,19053265,212619584.00
20151124,7.23,7.28,7.00,7.23,11967813,129745176.00
20151125,7.23,7.33,7.12,7.33,12846542,141389760.00
20151126,7.37,7.41,7.14,7.18,11039917,121467152.00
20151127,7.13,7.20,6.50,6.61,11843071,124673232.00
20151130,6.61,6.69,6.20,6.55,8444356,83218208.00
20151201,6.62,6.80,6.54,6.69,7220945,73060184.00
20151202,6.77,6.78,6.43,6.73,6074725,61607880.00
20151203,6.75,6.90,6.64,6.83,5586367,58025584.00
20151204,6.77,6.90,6.74,6.83,6521014,67753608.00
20151207,6.85,7.13,6.85,7.04,8075143,86061608.00
20151208,7.00,7.00,6.53,6.70,7905330,81299920.00
20151209,6.65,6.73,6.55,6.65,5043493,51050108.00
20151210,6.65,6.85,6.60,6.72,4968948,51011676.00
20151211,6.70,6.90,6.57,6.80,4862681,50084548.00
20151214,6.82,7.13,6.67,7.10,9624328,102142408.00
20151215,7.19,7.39,7.07,7.21,12468959,137151504.00
20151216,7.23,7.37,7.09,7.13,9810261,107832224.00
20151217,7.12,7.31,7.12,7.29,12581915,138298496.00
20151218,7.29,7.49,7.24,7.29,12125274,135549280.00
20151221,7.29,7.51,7.26,7.48,13293604,149371408.00
20151222,7.46,7.46,7.28,7.37,8793298,98267104.00
20151223,7.35,7.46,7.25,7.25,10207752,114463944.00
20151224,7.15,7.45,7.03,7.40,9027587,99624632.00
20151225,7.40,7.54,7.37,7.45,8676841,98223120.00
20151228,7.57,7.86,7.37,7.39,16109596,187159168.00
20151229,7.34,7.77,7.20,7.75,15387271,176453296.00
20151230,7.72,7.97,7.65,7.97,15997931,190794368.00
20151231,7.99,8.03,7.69,7.69,10085371,119870896.00
20160104,7.57,7.65,6.91,6.91,8571537,94431376.00
20160105,6.35,6.89,6.35,6.75,10515293,106363512.00
20160106,6.75,6.89,6.66,6.85,6868545,71076800.00
20160107,6.67,6.70,6.16,6.16,2222760,21616168.00
20160108,6.31,6.37,5.77,6.10,9718342,90801680.00
20160111,5.97,6.01,5.48,5.48,7422185,65540864.00
20160112,5.50,5.73,5.35,5.63,6642785,56895416.00
20160113,5.71,5.73,5.34,5.35,6352716,53911656.00
20160114,5.23,5.59,5.14,5.57,5844841,48213044.00
20160115,5.55,5.81,5.49,5.57,10464297,90642368.00
20160118,5.39,5.80,5.30,5.73,6222189,53963832.00
20160119,5.71,6.08,5.64,6.05,8198442,74168720.00
20160120,5.97,6.03,5.83,5.90,5681102,51411536.00
20160121,5.85,6.03,5.63,5.65,6353888,57085116.00
20160122,5.75,5.88,5.57,5.81,3875039,33875240.00
20160125,5.83,6.04,5.77,6.03,5341203,48553584.00
20160126,5.95,5.98,5.41,5.45,5782372,50500400.00
20160127,5.63,5.63,5.01,5.33,7712593,61884868.00
20160128,5.17,5.45,5.11,5.20,5744756,46701952.00
20160129,5.20,5.63,5.17,5.49,6239276,51397148.00
20160201,5.45,5.53,5.30,5.41,3572019,29614742.00
20160202,5.39,5.67,5.39,5.61,3304812,28195340.00
20160203,5.53,5.88,5.47,5.84,5734167,50119436.00
20160204,5.89,6.42,5.79,6.39,9748521,91386600.00
20160205,6.41,6.65,6.31,6.37,8648589,85659672.00
20160215,6.23,7.01,6.11,7.01,12822026,131030320.00
20160216,6.95,7.35,6.94,7.19,9401563,101373600.00
20160217,7.17,7.17,6.97,7.06,6404565,68789496.00
20160218,7.10,7.31,7.02,7.14,7857969,85836048.00
20160219,7.10,7.10,6.93,7.01,4397316,46915640.00
20160222,7.09,7.35,7.02,7.33,5902011,64873372.00
20160223,7.36,7.47,7.25,7.41,6514628,72926008.00
20160224,7.38,7.69,7.25,7.29,8278618,94097240.00
20160225,7.29,7.29,6.63,6.98,9165750,97279496.00
20160226,7.08,7.53,6.77,7.53,8159613,88857552.00
20160229,7.43,7.63,6.77,7.63,12054592,131706984.00
20160301,7.40,7.89,7.17,7.55,14151053,160158768.00
20160302,7.41,7.81,7.26,7.79,15482677,178255584.00
20160303,7.69,8.27,7.49,7.83,21449484,255219808.00
20160304,7.70,7.97,7.17,7.17,14080536,161285376.00
20160307,7.20,7.46,7.10,7.45,9676033,107767888.00
20160308,7.33,7.89,7.10,7.89,12459072,142708416.00
20160309,7.69,8.03,7.55,7.55,10466034,123692384.00
20160310,7.57,7.89,6.97,7.03,10474228,117187912.00
20160311,7.00,7.02,6.71,6.95,6834581,71355992.00
20160314,7.07,7.33,7.01,7.13,7583764,82758712.00
20160315,7.07,7.19,6.85,7.01,5052072,54229484.00
20160316,7.05,7.12,6.77,6.94,5057236,53452080.00
20160317,6.91,7.21,6.91,7.11,6371943,68532288.00
20160318,7.12,7.49,7.07,7.37,9045553,100692904.00
20160321,7.48,7.80,7.39,7.71,14272219,165156256.00
20160322,7.61,7.87,7.61,7.64,10010609,117364648.00
20160323,7.69,7.95,7.50,7.93,12510317,147105952.00
20160324,7.88,8.21,7.73,7.79,12083809,146305264.00
20160325,7.71,8.09,7.58,8.08,8063513,95868096.00
20160328,8.18,8.23,7.77,7.85,9102437,111207192.00
20160329,7.77,7.98,7.63,7.92,7108115,83944520.00
20160330,7.87,8.27,7.87,8.21,9903100,121853560.00
20160331,8.23,8.50,8.03,8.17,9445421,118568880.00
20160401,8.09,8.15,7.73,7.91,8900211,106854312.00
20160405,7.87,8.19,7.76,8.19,7820125,95080232.00
20160406,8.12,8.19,7.91,8.05,7906404,96946808.00
20160407,8.05,8.07,7.69,7.71,10208740,121020016.00
20160408,7.67,7.67,7.37,7.50,7198170,81760720.00
20160411,7.54,7.79,7.54,7.75,7493319,87748496.00
20160412,7.75,8.11,7.51,8.06,8698610,103238712.00
20160413,8.25,8.72,8.25,8.55,19980426,258622048.00
20160414,8.56,8.70,8.37,8.62,10804834,140419728.00
20160415,8.65,8.65,8.40,8.59,9918099,127910688.00
20160418,8.46,8.97,8.37,8.77,12815502,170033920.00
20160419,8.72,8.81,8.50,8.60,7114591,93102592.00
20160420,8.65,8.73,7.79,8.50,10642831,133759560.00
20160421,8.36,9.33,8.31,9.06,13094272,177212768.00
20160422,8.93,9.57,8.91,9.11,15515597,218190976.00
20160425,9.09,9.50,8.87,9.29,9725678,136364496.00
20160426,9.18,9.57,9.14,9.30,8673577,123038000.00
20160427,9.30,9.43,8.93,9.03,7836343,108987176.00
20160428,9.10,9.95,8.93,9.95,11491614,163823888.00
20160429,9.77,10.11,9.70,9.97,9971735,149869712.00
20160503,9.96,10.42,9.71,10.27,11037890,168461504.00
20160504,10.17,10.23,9.93,10.01,8478767,129179128.00
20160505,10.00,10.23,9.78,10.02,7321536,111101624.00
20160506,10.00,10.15,9.30,9.37,9447045,139461952.00
20160509,9.32,9.69,8.90,9.49,9022398,128807296.00
20160510,9.44,9.73,9.19,9.65,7151462,103325904.00
20160511,9.65,10.55,9.61,10.17,13654153,209644112.00
20160512,10.04,10.53,9.49,10.45,10298302,156765280.00
20160513,10.11,10.84,10.09,10.30,11258307,178559024.00
20160516,10.29,10.57,10.19,10.51,7073757,111987336.00
20160517,10.50,10.61,10.03,10.09,7875635,122071720.00
20160518,10.04,10.09,9.65,9.83,6735781,100424048.00
20160519,9.87,10.10,9.84,9.90,4208883,63573140.00
20160520,9.71,9.87,9.53,9.76,5469026,80172616.00
20160523,9.77,10.74,9.77,10.59,10425690,162644656.00
20160524,10.57,10.57,10.00,10.14,8126496,125658496.00
20160525,10.34,10.55,10.10,10.22,6555910,102482024.00
20160526,10.22,10.70,9.91,10.64,9752741,153180240.00
20160527,10.59,10.82,10.45,10.63,9482498,153546832.00
20160530,10.47,10.66,10.31,10.38,5291114,83930792.00
20160531,10.45,11.02,10.37,10.84,10451580,170223856.00
20160601,10.88,11.21,10.68,10.85,10974352,181708016.00
20160602,10.85,10.90,10.55,10.79,9004154,145962512.00
20160603,10.70,11.08,10.61,10.90,8379503,137719728.00
20160606,10.88,11.13,10.65,10.76,7069630,115539856.00
20160607,10.76,10.97,10.63,10.82,5423146,88293880.00
20160608,10.83,10.83,10.53,10.71,5641039,90718768.00
20160613,10.66,10.67,10.01,10.01,6764914,106269640.00
20160614,9.90,10.05,9.67,9.82,6629645,98559688.00
20160615,9.70,10.20,9.64,10.12,5218709,79282936.00
20160616,10.11,10.11,9.80,9.87,4773640,71871352.00
20160617,9.87,10.26,9.86,10.12,5273752,80301328.00
20160620,10.13,10.13,9.86,10.05,3939423,59526908.00
20160621,10.10,10.63,10.10,10.40,9063321,142836144.00
20160622,10.33,10.57,10.27,10.41,4449809,69878296.00
20160623,10.41,10.41,10.03,10.10,4087413,62825352.00
20160624,10.04,10.43,9.73,10.35,7292062,111263088.00
20160627,10.26,10.73,10.15,10.73,5602158,89082368.00
20160628,10.79,11.13,10.61,10.94,7936642,130995800.00
20160629,11.00,11.10,10.82,10.86,4285437,70706280.00
20160630,10.82,11.53,10.82,11.29,7317249,123737320.00
20160701,11.29,11.43,11.07,11.13,4926477,83367904.00
20160704,11.13,11.31,10.85,11.15,6492593,108409712.00
20160705,11.05,11.16,10.90,11.05,4147195,68837592.00
20160706,11.05,11.33,10.96,11.15,3613079,61052828.00
20160707,11.07,11.17,10.93,11.11,2856554,47505040.00
20160708,11.10,11.11,10.85,10.88,2879518,47483256.00
20160711,10.97,11.39,10.69,11.31,7146183,119282536.00
20160712,11.41,11.84,11.31,11.53,10193735,178171328.00
20160713,11.47,11.67,11.20,11.33,5250999,89497304.00
20160714,11.33,11.80,11.22,11.60,5999363,104349296.00
20160715,11.53,11.93,11.39,11.92,6935863,122726864.00
20160718,11.91,12.73,11.80,12.33,11466351,213136912.00
20160719,12.23,12.39,11.90,12.13,5379668,97793368.00
20160720,12.13,12.31,11.95,12.17,3270109,59790344.00
20160721,12.03,12.27,11.97,11.99,3316447,60454260.00
20160722,11.98,12.08,11.83,11.85,2664181,47986512.00
20160725,11.90,12.12,11.67,11.94,3111909,55930960.00
20160726,11.95,12.23,11.81,12.23,2911557,52783460.00
20160727,12.20,12.33,11.19,11.70,5223365,93105240.00
20160728,11.65,11.81,11.47,11.75,3246696,57295568.00
20160729,11.75,11.80,11.33,11.44,2943886,51241484.00
20160801,11.39,11.63,11.13,11.17,4669197,80071512.00
20160802,11.05,11.39,11.05,11.27,3295299,55989464.00
20160803,11.33,11.37,11.17,11.27,1941166,32940096.00
20160804,11.21,11.45,11.17,11.37,2318931,39554912.00
20160805,11.37,11.43,11.20,11.27,2009345,34249624.00
20160808,11.27,11.38,11.07,11.38,2635672,44609624.00
20160809,11.33,12.03,11.27,11.88,5784270,102538504.00
20160810,11.93,12.05,11.73,11.91,4764597,85409064.00
20160811,11.97,12.13,11.73,11.79,2944392,52909748.00
20160812,11.67,11.77,11.30,11.53,4770447,82839192.00
20160815,11.53,11.73,11.27,11.71,3750724,65692024.00
20160816,11.79,12.18,11.73,11.98,6146918,111762616.00
20160817,12.01,12.09,11.85,12.02,2734175,49460600.00
20160818,12.03,12.06,11.91,12.03,2169543,39188548.00
20160819,12.03,12.46,11.95,12.23,4214365,77890136.00
20160822,12.23,12.51,12.10,12.41,3828537,71282136.00
20160823,12.43,12.80,12.09,12.15,5719658,107794064.00
20160824,12.17,12.20,11.85,11.90,5063793,91177888.00
20160825,11.81,12.05,11.63,12.00,2635136,47294660.00
20160826,12.01,12.21,11.80,11.87,2808003,50962056.00
20160829,11.80,11.97,11.67,11.77,2777757,49455844.00
20160830,11.83,11.99,11.78,11.88,3536171,63602436.00
20160831,11.81,11.99,11.75,11.92,1827114,32725616.00
20160901,11.89,12.05,11.80,11.86,2141120,38544212.00
20160902,11.82,11.97,11.76,11.88,2139000,38342720.00
20160905,11.96,12.20,11.76,12.16,4239408,76446920.00
20160906,12.13,12.41,11.97,12.39,3392152,62780172.00
20160907,12.39,12.46,12.17,12.19,2388367,44191736.00
20160908,12.20,12.43,12.09,12.31,2192478,40590976.00
20160909,12.31,12.37,12.07,12.13,1832939,33590172.00
20160912,11.92,12.00,11.67,11.83,3270773,58278268.00
20160913,11.83,11.91,11.61,11.69,1637083,28929186.00
20160914,11.60,11.74,11.47,11.71,2135675,37414304.00
20160919,11.71,11.85,11.50,11.81,3367412,59422092.00
20160920,11.81,11.93,11.63,11.75,2764153,49285688.00
20160921,11.75,12.25,11.73,12.09,4870149,88507192.00
20160922,12.19,12.30,12.07,12.16,3257456,59885808.00
20160923,12.13,12.24,11.97,11.97,2123426,38957020.00
20160926,11.98,12.73,11.98,12.53,8550732,160960752.00
20160927,12.41,13.37,12.33,13.30,8867188,174736528.00
20160928,13.22,13.23,12.77,13.13,5619219,109801728.00
20160929,13.00,13.26,12.95,13.17,4146356,82138912.00
20160930,13.13,13.20,12.92,12.93,2843125,55732332.00
20161010,12.93,14.20,12.77,14.13,5034177,102395848.00
20161011,14.15,14.19,13.74,13.90,4228479,88711184.00
20161012,14.09,14.73,13.81,13.99,5978246,129350672.00
20161013,14.13,14.46,13.81,13.89,4947985,104636416.00
20161014,13.89,13.93,13.43,13.60,5024529,102898136.00
20161017,13.74,13.77,13.30,13.32,3770384,76602568.00
20161018,13.34,13.60,13.27,13.47,3363873,68314360.00
20161019,13.47,13.77,13.33,13.60,4010308,82238744.00
20161020,13.53,13.66,13.39,13.45,2015029,40829992.00
20161021,13.45,13.65,13.31,13.65,2541947,51738688.00
20161024,13.61,13.92,13.48,13.61,2680106,55425492.00
20161025,13.53,13.55,13.40,13.45,2286784,46332612.00
20161026,13.57,14.19,13.53,14.03,5589982,117223536.00
20161027,13.95,14.59,13.87,14.05,5358061,115296864.00
20161028,13.93,14.05,13.29,13.59,4897625,101252856.00
20161031,13.41,13.65,13.40,13.47,1923093,39211816.00
20161101,13.47,13.89,13.47,13.69,2510773,51903020.00
20161102,13.71,14.26,13.68,14.21,4681262,99062584.00
20161103,14.10,14.39,13.87,14.04,3513998,74420624.00
20161104,14.05,14.17,13.85,14.02,1919319,40336804.00
20161107,14.03,14.18,13.87,14.00,1794463,37949604.00
20161108,14.04,14.05,13.87,13.93,2464040,51743556.00
20161109,13.93,13.99,13.47,13.56,2491442,51338976.00
20161110,13.61,13.73,13.36,13.53,4489082,91313240.00
20161111,13.54,13.67,13.44,13.53,3193188,65303024.00
20161114,13.57,13.76,13.32,13.48,4356734,88648504.00
20161115,13.52,13.81,12.97,13.81,5436168,109713816.00
20161116,13.77,13.85,13.28,13.33,5361580,109101016.00
20161117,13.67,13.67,13.32,13.40,2717450,55028124.00
20161118,13.43,13.47,13.09,13.10,3947492,78397272.00
20161121,13.11,13.23,13.01,13.09,1919106,37986016.00
20161122,13.10,13.17,12.93,13.04,3527574,69172272.00
20161123,13.04,13.07,12.84,12.99,2227555,43551716.00
20161124,13.01,13.19,12.66,13.17,5021166,98073544.00
20161125,13.11,13.21,12.73,13.01,2907645,57040404.00
20161128,13.03,13.36,12.93,13.29,5203261,103976000.00
20161129,13.27,13.39,13.11,13.24,3735728,74768128.00
20161130,13.24,13.38,13.19,13.36,2445485,49002280.00
20161201,13.36,13.41,12.93,13.05,2841753,56283040.00
20161202,13.04,13.09,12.72,12.93,1915474,37400876.00
20161205,12.69,12.99,12.69,12.77,1043782,20183784.00
20161206,12.86,12.91,12.64,12.81,988070,19015924.00
20161207,12.76,12.93,12.76,12.82,1017199,19673480.00
20161208,12.89,13.03,12.77,12.83,1384566,26900408.00
20161209,12.79,12.93,12.73,12.86,3089148,59742596.00
20161212,12.85,12.86,12.23,12.48,3236086,61110380.00
20161213,12.52,12.58,12.20,12.44,2122407,39572028.00
20161214,12.37,12.57,12.28,12.43,1561792,29242966.00
20161215,12.31,12.63,12.30,12.43,1687444,31764834.00
20161216,12.53,12.80,12.37,12.67,1358059,25733686.00
20161219,12.80,12.97,12.57,12.97,2059066,40069708.00
20161220,12.97,13.69,12.97,13.68,7227356,146352672.00
20161221,13.63,13.85,13.50,13.74,4351632,89762496.00
20161222,13.60,13.79,13.27,13.33,3157478,64000924.00
20161223,13.31,13.40,13.07,13.18,1546860,30752240.00
20161226,13.18,13.42,12.93,13.27,1663434,33054760.00
20161227,13.19,13.49,13.14,13.23,2302864,46347620.00
20161228,13.23,13.38,13.01,13.13,2568456,50818308.00
20161229,13.03,13.34,13.03,13.08,2742280,54600160.00
20161230,13.14,13.23,12.97,13.20,2658239,52603036.00
20170103,13.17,13.48,13.17,13.44,2073445,41760168.00
20170104,13.37,13.55,13.23,13.35,2331150,46730428.00
20170105,13.33,13.33,13.15,13.20,1476834,29423274.00
20170106,13.25,13.31,13.07,13.14,1518787,30115282.00
20170109,13.19,13.25,12.75,12.99,3300839,64526392.00
20170110,12.97,12.99,12.77,12.80,1963490,38035204.00
20170111,12.80,12.93,12.69,12.79,1072145,20706538.00
20170112,12.78,12.81,12.53,12.53,1573933,29998436.00
20170113,12.53,12.68,12.09,12.11,2642756,49299128.00
20170116,12.11,12.20,10.90,11.43,5643373,97435024.00
20170117,11.43,12.15,11.13,12.05,3845128,67722296.00
20170118,12.04,12.13,11.71,12.06,1425834,25576852.00
20170119,11.93,12.13,11.82,11.87,1487930,26994848.00
20170120,11.87,12.13,11.72,11.97,1763724,31808510.00
20170123,11.97,12.13,11.83,11.97,1670375,30076648.00
20170124,11.96,12.05,11.82,11.97,1049571,18945638.00
20170125,11.99,12.05,11.86,11.97,561100,10126689.00
20170126,12.04,12.29,11.91,12.22,1287111,23655230.00
20170203,12.20,12.42,12.03,12.14,1850319,33924628.00
20170206,12.05,12.14,11.89,12.02,2152366,39021904.00
20170207,12.02,12.02,11.59,11.67,3938397,69726232.00
20170208,11.59,11.75,11.57,11.65,2820775,49633948.00
20170209,11.65,11.93,11.61,11.80,3207067,56854248.00
20170210,11.79,11.91,11.67,11.81,1578473,28174446.00
20170213,11.83,11.98,11.78,11.94,2527237,45319796.00
20170214,11.93,11.99,11.83,11.98,1775807,31947416.00
20170215,11.95,11.97,11.63,11.79,3009996,53306808.00
20170216,11.77,11.81,11.65,11.72,1333044,23523012.00
20170217,11.73,11.87,11.55,11.63,1263613,22241956.00
20170220,11.62,11.87,11.49,11.80,2744858,48399556.00
20170221,11.99,12.97,11.99,12.68,8349948,158414032.00
20170222,12.63,12.68,12.36,12.42,4699957,88223808.00
20170223,12.44,12.65,12.44,12.57,3297774,62393736.00
20170224,12.57,12.57,12.35,12.47,2360224,44229160.00
20170227,12.33,12.63,12.30,12.40,2010185,37832440.00
20170228,12.40,12.62,12.40,12.54,2781735,52636808.00
20170301,12.49,12.61,12.46,12.59,2243737,42492208.00
20170302,12.64,12.64,12.40,12.45,2278491,43175704.00
20170303,12.39,12.57,12.27,12.49,2057450,38620648.00
20170306,12.49,12.81,12.47,12.75,2861450,54769168.00
20170307,12.75,12.79,12.47,12.59,2154168,40896712.00
20170308,12.60,13.26,12.60,13.23,8080047,158882896.00
20170309,13.27,13.30,12.87,13.23,5303420,105239504.00
20170310,13.11,13.36,13.08,13.31,2842629,56852200.00
20170313,13.13,13.40,13.13,13.26,2657117,53038912.00
20170314,13.26,13.27,12.90,13.13,5072259,99436120.00
20170315,13.09,13.25,12.93,13.13,3078739,60612268.00
20170316,13.09,13.22,12.91,13.00,3162904,62057984.00
20170317,13.07,13.33,12.93,13.22,4030464,80107136.00
20170320,13.27,13.37,12.97,13.00,3840190,76244640.00
20170321,12.99,13.39,12.80,13.38,4972956,97885288.00
20170322,13.27,14.27,13.20,14.03,8170431,170309120.00
20170323,13.93,14.12,13.59,13.85,3769146,78590944.00
20170324,13.86,14.01,13.60,13.77,2725571,56394660.00
20170327,13.89,13.89,12.39,12.75,14152830,277817440.00
20170328,12.73,12.73,12.31,12.43,6583362,123646664.00
20170329,12.49,12.60,12.33,12.41,3636879,68319944.00
20170330,12.41,12.43,12.03,12.11,3368864,61876852.00
20170331,12.13,12.51,12.13,12.37,3223141,60208284.00
20170405,12.33,12.56,12.27,12.50,2088607,39306528.00
20170406,12.51,12.59,12.41,12.55,1986529,37497760.00
20170407,12.57,12.59,12.11,12.17,5182846,95446832.00
20170410,12.23,12.31,12.07,12.13,1950997,35772144.00
20170411,12.20,12.23,11.82,11.97,3671381,66162744.00
20170412,11.97,12.09,11.83,12.05,2107000,38007064.00
20170413,12.05,12.23,12.05,12.08,1954727,35761604.00
20170414,11.95,12.13,11.68,11.82,2439214,43693284.00
20170417,11.81,12.04,11.77,12.01,1970528,35524692.00
20170418,12.23,12.52,11.97,12.29,3889081,71958440.00
20170419,12.45,12.69,12.33,12.67,6005951,113395136.00
20170420,12.67,13.00,12.48,12.90,5390270,104410144.00
20170421,12.80,13.03,12.49,12.70,5736285,109373424.00
20170424,12.60,12.60,12.17,12.34,2016841,37554040.00
20170425,12.34,12.52,12.22,12.22,2108072,39239256.00
20170426,12.18,12.32,12.05,12.19,2900621,53227456.00
20170427,12.19,12.28,11.83,12.17,2678315,48509000.00
20170428,12.17,12.31,12.09,12.21,1209280,22249070.00
20170502,12.21,12.23,11.93,12.07,1976739,35879776.00
20170503,12.07,12.22,11.96,12.21,1802335,32930034.00
20170504,12.15,12.27,11.99,12.15,1296967,23777156.00
20170505,12.17,12.19,12.05,12.07,899382,16451585.00
20170508,12.07,12.07,11.68,11.70,2022680,36227640.00
20170509,11.63,12.05,11.53,12.00,1343694,23992568.00
20170510,11.97,12.05,11.59,11.60,1861477,33234988.00
20170511,11.57,11.67,11.27,11.47,1816919,31451060.00
20170512,11.48,11.70,11.41,11.61,1097107,19217472.00
20170515,11.61,11.87,11.61,11.73,1450865,25741434.00
20170516,11.82,11.82,11.60,11.73,1764017,31176244.00
20170517,11.63,11.97,11.63,11.81,1842139,32882546.00
20170518,11.72,11.83,11.61,11.73,1631661,28871594.00
20170519,11.74,11.86,11.41,11.42,1755879,30763482.00
20170522,11.25,11.70,10.97,11.53,5070680,87417424.00
20170523,11.53,11.65,11.45,11.45,2291910,39877784.00
20170524,11.30,11.52,11.14,11.52,1082292,18648034.00
20170525,11.51,11.60,11.38,11.53,776017,13456835.00
20170526,11.53,11.63,11.52,11.63,1222255,21379518.00
20170531,11.67,11.83,11.67,11.79,2155198,38278472.00
20170601,11.79,11.81,11.43,11.44,2577564,29950134.00
20170602,11.40,11.44,10.41,11.11,7567899,82166400.00
20170605,11.08,11.19,10.90,11.07,2891366,32009680.00
20170606,11.05,12.18,11.00,11.83,7594971,87850952.00
20170607,11.88,12.00,11.71,11.89,5554614,65988300.00
20170608,12.08,12.40,11.90,12.37,7447027,91119800.00
20170609,12.40,12.43,12.08,12.24,4540847,55615488.00
20170612,12.21,12.35,12.03,12.06,2882257,35077056.00
20170613,12.06,12.20,12.00,12.08,1752003,21171940.00
20170614,12.08,12.36,12.04,12.25,2907562,35445028.00
20170615,12.25,12.37,12.12,12.27,2156787,26467956.00
20170616,12.21,12.34,12.14,12.24,2423071,29676092.00
20170619,12.23,12.32,12.10,12.29,1893519,23155262.00
20170620,12.26,12.32,12.15,12.27,1743541,21321018.00
20170621,12.24,12.33,12.15,12.16,1896294,23166996.00
20170622,12.10,12.18,11.77,11.87,3447107,41091108.00
20170623,11.84,11.84,11.58,11.69,2091703,24488262.00
20170626,11.69,12.08,11.63,12.06,2857458,34160680.00
20170627,12.02,12.65,12.02,12.59,6478457,80520824.00
20170628,12.55,12.85,12.41,12.63,4510753,57116884.00
20170629,12.76,12.96,12.67,12.76,4750006,60752816.00
20170630,12.69,13.33,12.69,13.23,6227594,81792248.00
20170703,13.18,13.49,13.10,13.47,3947181,52724676.00
20170704,13.47,13.48,13.10,13.20,4661722,61844544.00
20170705,13.20,13.48,13.05,13.17,5240625,69152264.00
20170706,13.18,13.41,13.10,13.30,4497590,59774224.00
20170707,13.30,13.44,13.16,13.30,3313273,44171124.00
20170710,13.28,13.28,12.60,12.89,4970217,63812168.00
20170711,12.80,13.00,12.80,12.86,1825551,23548142.00
20170712,12.85,12.98,12.60,12.91,2505656,32030944.00
20170713,12.83,13.53,12.80,13.34,5865071,78124808.00
20170714,13.30,13.42,13.03,13.28,5401066,71622392.00
20170717,13.25,13.29,12.40,12.92,3842338,49556888.00
20170718,12.94,13.38,12.50,13.21,3976671,51563944.00
20170719,13.17,13.36,12.97,13.27,3165246,41725540.00
数据来源:通达信
