002588 史丹利 日线 前复权
      日期	    开盘	    最高	    最低	    收盘	    成交量	    成交额
20110610,3.00,3.26,2.96,3.06,5010125,156320144.00
20110613,2.92,2.96,2.80,2.87,2385608,70025720.00
20110614,2.84,2.89,2.82,2.87,1453884,42597596.00
20110615,2.84,2.93,2.84,2.86,1150908,33995488.00
20110616,2.84,2.86,2.76,2.76,1035187,29705034.00
20110617,2.75,2.79,2.70,2.70,876554,24773196.00
20110620,2.66,2.69,2.59,2.66,1098931,29983906.00
20110621,2.63,2.79,2.63,2.78,1343707,37703376.00
20110622,2.76,2.76,2.70,2.72,755204,21260430.00
20110623,2.72,2.86,2.66,2.83,1362124,39024220.00
20110624,2.84,2.93,2.82,2.88,1595212,47107500.00
20110627,2.95,3.15,2.95,3.01,1893728,58182436.00
20110628,3.02,3.02,2.93,2.98,908799,27481630.00
20110629,2.97,3.08,2.94,2.99,1446106,44367628.00
20110630,2.98,3.08,2.95,3.07,1265990,39024776.00
20110701,3.11,3.13,3.06,3.08,873254,27375234.00
20110704,3.08,3.28,3.08,3.20,1385436,44495976.00
20110705,3.19,3.27,3.13,3.18,980496,31680752.00
20110706,3.15,3.33,3.15,3.29,1303897,42917972.00
20110707,3.30,3.52,3.30,3.51,3722197,128817904.00
20110708,3.47,3.50,3.40,3.47,1193525,41263456.00
20110711,3.46,3.53,3.43,3.50,952761,33153278.00
20110712,3.54,3.54,3.40,3.42,2284316,79142016.00
20110713,3.45,3.53,3.42,3.50,2073890,72185656.00
20110714,3.51,3.55,3.47,3.54,2599444,91223400.00
20110715,3.55,3.63,3.50,3.59,3288490,117218176.00
20110718,3.57,3.61,3.49,3.52,1741104,61413680.00
20110719,3.51,3.51,3.35,3.38,2114132,72016120.00
20110720,3.41,3.48,3.33,3.48,1352766,46239212.00
20110721,3.47,3.54,3.45,3.49,1405737,49072980.00
20110722,3.51,3.53,3.46,3.50,843662,29455278.00
20110725,3.45,3.49,3.30,3.32,1400068,47564908.00
20110726,3.30,3.40,3.29,3.37,859628,28942708.00
20110727,3.37,3.63,3.33,3.58,2772091,97825280.00
20110728,3.54,3.68,3.52,3.56,2655387,95204296.00
20110729,3.59,3.68,3.56,3.61,3041285,109618096.00
20110801,3.62,3.95,3.62,3.84,6652303,251289888.00
20110802,3.78,4.14,3.72,4.10,6153422,238187440.00
20110803,4.03,4.21,3.99,4.02,4701838,188396112.00
20110804,4.00,4.11,3.91,4.06,3599852,142011120.00
20110805,3.91,4.08,3.86,3.88,3646382,142035776.00
20110808,3.85,3.95,3.65,3.76,3451930,130208088.00
20110809,3.66,4.18,3.66,4.08,6075531,237384832.00
20110810,4.15,4.23,4.02,4.07,5135953,207986304.00
20110811,4.01,4.36,3.99,4.32,4830766,198686416.00
20110812,4.32,4.45,4.26,4.38,3695695,156515232.00
20110815,4.38,4.59,4.35,4.39,3474179,150822896.00
20110816,4.38,4.42,4.29,4.31,2529753,107220768.00
20110817,4.29,4.47,4.29,4.40,2399595,102627560.00
20110818,4.39,4.42,4.26,4.27,1843533,77544232.00
20110819,4.18,4.24,4.04,4.14,2649100,107253488.00
20110822,4.15,4.36,4.11,4.24,2159991,89466504.00
20110823,4.23,4.61,4.20,4.61,3633022,156433584.00
20110824,4.61,4.65,4.47,4.50,2803396,124417904.00
20110825,4.50,4.57,4.40,4.52,2220168,96611728.00
20110826,4.50,4.72,4.45,4.59,2477000,110968528.00
20110829,4.55,4.62,4.48,4.53,1668160,73431152.00
20110831,4.41,4.44,4.28,4.38,2118935,89688680.00
20110901,4.37,4.50,4.31,4.39,1734548,74363272.00
20110902,4.38,4.40,4.24,4.27,1286966,53971548.00
20110905,4.19,4.19,3.96,3.99,1931931,77268824.00
20110906,3.93,4.05,3.90,3.95,1293914,50471400.00
20110907,3.99,4.09,3.98,4.09,1644519,65218600.00
20110908,4.10,4.10,3.87,3.88,1656229,64864956.00
20110909,3.86,4.02,3.85,3.91,1194790,46411844.00
20110913,3.84,4.02,3.73,3.76,2928931,111318232.00
20110914,3.83,3.93,3.73,3.91,3542719,133075944.00
20110915,3.88,3.94,3.87,3.90,2247294,86543384.00
20110916,3.92,3.96,3.81,3.81,1548936,59349028.00
20110919,3.76,3.76,3.58,3.59,2387518,86359216.00
20110920,3.59,3.70,3.58,3.62,1488587,53695028.00
20110921,3.61,3.88,3.60,3.84,2475799,92153984.00
20110922,3.79,3.88,3.68,3.68,2422873,90830232.00
20110923,3.58,3.69,3.55,3.65,2042703,73294168.00
20110926,3.61,3.75,3.59,3.64,1687052,61587192.00
20110927,3.69,3.71,3.53,3.59,1962945,70675880.00
20110928,3.65,3.65,3.50,3.51,1517424,54032296.00
20110929,3.46,3.48,3.34,3.39,1889340,64464516.00
20110930,3.40,3.44,3.28,3.34,1361643,45731580.00
20111010,3.37,3.46,3.35,3.40,1136521,38707900.00
20111011,3.54,3.56,3.38,3.48,2044202,71218048.00
20111012,3.43,3.81,3.37,3.76,3233285,117097328.00
20111013,3.76,3.82,3.71,3.80,2518739,94144912.00
20111014,3.76,3.96,3.74,3.94,3259402,124598920.00
20111017,3.94,4.00,3.86,3.89,2078335,80217992.00
20111019,3.74,3.95,3.68,3.91,3144365,117637680.00
20111020,3.85,3.90,3.67,3.74,2263497,84158616.00
20111021,3.75,3.83,3.63,3.65,2337657,86719880.00
20111024,3.68,3.89,3.51,3.86,2568989,94143776.00
20111025,3.84,4.06,3.82,4.01,3473848,134792304.00
20111026,3.96,4.04,3.92,3.93,2697974,105747752.00
20111027,3.94,4.10,3.94,3.96,2710658,107021016.00
20111028,4.05,4.09,4.01,4.08,2486727,98837328.00
20111031,4.06,4.16,4.04,4.08,1982675,79724496.00
20111101,4.04,4.09,3.94,4.00,2030100,80003752.00
20111102,3.92,4.11,3.88,4.08,2570230,100572384.00
20111103,4.09,4.14,4.00,4.01,2746557,109850768.00
20111104,4.03,4.10,4.00,4.07,1975731,78601736.00
20111107,4.06,4.09,3.97,3.99,1615324,63839260.00
20111108,4.00,4.10,3.97,4.03,2051363,81482464.00
20111109,4.04,4.25,4.02,4.24,2877820,117059112.00
20111110,4.20,4.24,4.13,4.14,2468024,100950048.00
20111111,4.15,4.21,4.11,4.15,1451798,59157760.00
20111114,4.24,4.37,4.19,4.34,2581688,108560536.00
20111115,4.32,4.45,4.31,4.34,2508317,106856776.00
20111116,4.34,4.35,4.16,4.18,2641497,109811008.00
20111117,4.18,4.51,4.18,4.42,3407276,144889776.00
20111118,4.37,4.47,4.31,4.34,2902022,123962816.00
20111121,4.35,4.51,4.27,4.50,2298238,97994896.00
20111122,4.43,4.58,4.39,4.55,2532977,109954056.00
20111123,4.60,4.67,4.52,4.55,3191287,142009296.00
20111124,4.49,4.76,4.44,4.76,3670570,164634496.00
20111125,4.71,4.81,4.65,4.76,3192435,145981328.00
20111128,4.73,4.76,4.61,4.69,2214471,100242152.00
20111129,4.74,4.75,4.54,4.57,3174995,141680560.00
20111130,4.57,4.57,4.13,4.26,4336531,183724560.00
20111201,4.42,4.58,4.28,4.28,4852444,209370816.00
20111202,4.19,4.27,4.10,4.25,2227982,91245736.00
20111205,4.19,4.25,4.07,4.08,1852883,75388440.00
20111206,4.07,4.25,4.05,4.22,2491042,101878688.00
20111207,4.19,4.29,4.18,4.25,1962278,81457448.00
20111208,4.22,4.39,4.11,4.35,2912740,121737912.00
20111209,4.31,4.44,4.28,4.36,1941077,82743040.00
20111212,4.34,4.40,4.24,4.25,1525176,64115364.00
20111213,4.19,4.22,4.04,4.08,1880132,75567504.00
20111214,4.05,4.14,3.90,3.92,1630946,64392476.00
20111215,3.83,4.02,3.83,3.93,1825784,70662296.00
20111216,3.96,4.01,3.70,3.99,2185027,84051248.00
20111219,3.92,4.03,3.79,4.02,2116463,81372240.00
20111220,3.98,4.06,3.94,3.94,1571514,61668476.00
20111221,3.98,3.98,3.73,3.73,1779560,67957864.00
20111222,3.65,3.77,3.53,3.69,1646493,59594480.00
20111223,3.66,3.81,3.63,3.74,1343113,49705188.00
20111226,3.72,3.81,3.68,3.68,842010,31229170.00
20111227,3.64,3.67,3.48,3.50,1504883,53384884.00
20111228,3.45,3.53,3.35,3.50,1429632,49116776.00
20111229,3.48,3.60,3.45,3.58,1347893,47451732.00
20111230,3.63,3.70,3.61,3.62,1590490,57650360.00
20120104,3.66,3.66,3.42,3.43,1770577,62420828.00
20120105,3.37,3.45,3.29,3.32,1472227,49689172.00
20120106,3.32,3.52,3.29,3.50,1683536,57367524.00
20120109,3.48,3.72,3.42,3.70,2354348,84286496.00
20120110,3.68,3.83,3.66,3.77,2443639,90625184.00
20120111,3.75,3.84,3.73,3.75,1670621,62256072.00
20120112,3.72,3.82,3.72,3.74,1287029,47971364.00
20120113,3.74,3.78,3.48,3.57,1929799,69621488.00
20120116,3.53,3.67,3.50,3.52,1451682,51689100.00
20120117,3.53,3.87,3.53,3.84,1784184,65459260.00
20120118,3.85,3.85,3.63,3.64,1878798,69720256.00
20120119,3.63,3.75,3.60,3.71,996781,36478880.00
20120120,3.71,3.80,3.70,3.71,1132570,42125324.00
20120130,3.73,3.83,3.63,3.74,1282754,47681140.00
20120131,3.74,3.77,3.69,3.74,906146,33386440.00
20120201,3.76,3.86,3.76,3.78,1619962,61057064.00
20120202,3.78,3.85,3.76,3.84,1313948,49420704.00
20120203,3.84,3.96,3.83,3.91,1827674,70142296.00
20120206,3.91,3.94,3.85,3.91,1444290,55312380.00
20120207,3.89,3.89,3.76,3.78,1187276,44625648.00
20120208,3.78,3.90,3.76,3.90,1281911,48561568.00
20120209,3.89,3.92,3.83,3.86,1393400,53295400.00
20120210,3.87,3.96,3.86,3.91,1299669,50094800.00
20120213,3.86,3.98,3.86,3.94,1416060,54812940.00
20120214,3.93,3.98,3.89,3.98,1329606,51610740.00
20120215,3.97,4.04,3.96,4.01,1351090,53149580.00
20120216,4.01,4.02,3.89,3.94,1257524,48992384.00
20120217,3.94,3.96,3.89,3.94,952112,36769468.00
20120220,4.00,4.00,3.88,3.89,1199264,46514996.00
20120221,3.89,3.95,3.87,3.95,1127942,43479028.00
20120222,3.98,4.13,3.95,4.10,2517702,100618592.00
20120223,4.11,4.13,4.04,4.08,1336440,53535712.00
20120224,4.12,4.14,4.09,4.14,1223024,49372060.00
20120227,4.11,4.23,4.10,4.10,1589014,64688724.00
20120228,4.08,4.18,4.03,4.17,1503366,60195660.00
20120229,4.12,4.16,4.05,4.06,1270298,50900908.00
20120301,4.04,4.09,4.01,4.05,860893,34211664.00
20120302,4.08,4.16,4.07,4.15,1118336,45167156.00
20120305,4.17,4.30,4.12,4.23,2048554,83942416.00
20120306,4.20,4.37,4.17,4.27,2110816,88172440.00
20120307,4.21,4.30,4.19,4.19,1356618,56063068.00
20120308,4.21,4.26,4.19,4.23,1088011,44898608.00
20120309,4.23,4.30,4.19,4.29,1165542,48507680.00
20120312,4.27,4.36,4.25,4.33,1163086,48930864.00
20120313,4.31,4.37,4.28,4.35,1193148,50310620.00
20120314,4.36,4.38,4.05,4.08,2570043,106176504.00
20120315,4.09,4.13,3.99,4.04,1787285,71283576.00
20120316,4.07,4.17,4.07,4.16,1462695,59012980.00
20120319,4.16,4.36,4.16,4.35,1954204,82018848.00
20120320,4.33,4.34,4.26,4.27,1306490,54766264.00
20120321,4.29,4.34,4.12,4.25,1280762,53072948.00
20120322,4.24,4.44,4.20,4.39,2125497,90597752.00
20120323,4.39,4.44,4.29,4.36,1716438,72935072.00
20120326,4.37,4.39,3.88,3.92,3961452,156168528.00
20120327,3.89,3.94,3.76,3.82,3248682,123194464.00
20120328,3.79,3.82,3.70,3.72,2193546,81364728.00
20120329,3.69,3.74,3.54,3.71,1604188,58526900.00
20120330,3.67,3.73,3.59,3.60,948646,34333932.00
20120405,3.61,3.70,3.60,3.69,1116169,40637216.00
20120406,3.69,3.73,3.66,3.68,973005,35561956.00
20120409,3.67,3.69,3.60,3.61,1006936,36459436.00
20120410,3.60,3.64,3.45,3.59,900906,31718786.00
20120411,3.51,3.73,3.48,3.73,1445434,52539172.00
20120412,3.72,3.76,3.68,3.76,939589,34723528.00
20120413,3.76,3.77,3.72,3.74,1021630,37861900.00
20120416,3.72,3.78,3.68,3.74,685031,25347886.00
20120417,3.78,3.78,3.69,3.69,720346,26521646.00
20120418,3.70,3.78,3.69,3.77,1108082,41184716.00
20120420,3.79,3.82,3.77,3.80,1050452,39477504.00
20120423,3.80,3.81,3.69,3.69,1008236,37421972.00
20120424,3.62,3.71,3.48,3.59,974374,34630880.00
20120425,3.57,3.59,3.50,3.57,794018,28145652.00
20120426,3.58,3.64,3.58,3.62,556426,19988336.00
20120427,3.63,3.66,3.61,3.62,451612,16321811.00
20120502,3.69,3.70,3.62,3.67,991521,27560076.00
20120503,3.67,3.69,3.64,3.67,707005,19661768.00
20120504,3.65,3.87,3.65,3.85,1791984,51382164.00
20120507,3.81,3.91,3.79,3.86,1472563,42820832.00
20120508,3.89,3.89,3.79,3.82,1118737,32306730.00
20120509,3.76,3.79,3.69,3.71,1070505,30325974.00
20120510,3.68,3.78,3.68,3.78,673131,19122806.00
20120511,3.77,3.79,3.70,3.70,696209,19707910.00
20120514,3.75,3.87,3.72,3.82,1911181,55077652.00
20120515,3.79,3.88,3.75,3.84,1139189,32913040.00
20120516,3.84,3.87,3.77,3.77,757648,21794954.00
20120517,3.74,3.82,3.74,3.80,572196,16406237.00
20120518,3.75,3.78,3.69,3.70,738642,20859838.00
20120521,3.69,3.77,3.69,3.73,621224,17585618.00
20120522,3.71,3.85,3.71,3.84,1014959,29343794.00
20120523,3.83,3.84,3.77,3.80,538342,15456858.00
20120524,3.77,3.86,3.77,3.81,540743,15614516.00
20120525,3.81,3.82,3.74,3.76,359401,10235678.00
20120528,3.74,3.80,3.55,3.77,1049437,29310210.00
20120529,3.75,3.79,3.69,3.77,998209,28308042.00
20120530,3.75,3.77,3.72,3.73,601037,17027010.00
20120531,3.68,3.72,3.67,3.68,779672,21822998.00
20120601,3.69,3.74,3.65,3.67,568013,15899677.00
20120604,3.60,3.60,3.52,3.52,1030484,27940000.00
20120605,3.51,3.56,3.46,3.47,708035,18833612.00
20120606,3.47,3.50,3.41,3.42,546031,14419036.00
20120607,3.45,3.47,3.33,3.37,1049943,27157402.00
20120608,3.39,3.39,3.34,3.35,492623,12721056.00
20120611,3.32,3.45,3.32,3.44,529581,13844107.00
20120612,3.41,3.44,3.40,3.42,324514,8485171.00
20120613,3.43,3.54,3.43,3.48,1123769,29935570.00
20120614,3.48,3.51,3.45,3.45,540645,14360641.00
20120615,3.47,3.50,3.40,3.43,409095,10755735.00
20120618,3.45,3.51,3.45,3.49,478442,12723384.00
20120619,3.49,3.50,3.43,3.48,538414,14284569.00
20120620,3.50,3.50,3.47,3.47,406958,10805601.00
20120621,3.47,3.47,3.38,3.40,412936,10787890.00
20120625,3.36,3.41,3.36,3.36,343823,8903661.00
20120626,3.35,3.40,3.35,3.38,300219,7752864.00
20120627,3.38,3.43,3.37,3.39,280798,7301028.00
20120628,3.42,3.42,3.34,3.34,269278,6957954.00
20120629,3.34,3.41,3.32,3.41,460332,11921744.00
20120702,3.44,3.54,3.44,3.54,1207506,32421380.00
20120703,3.55,3.74,3.51,3.71,2053642,57248660.00
20120704,3.72,3.72,3.64,3.66,912027,25386020.00
20120705,3.65,3.78,3.63,3.71,1440651,40457456.00
20120706,3.70,3.73,3.63,3.71,1034311,28919806.00
20120709,3.71,3.83,3.66,3.67,1858382,52959076.00
20120710,3.63,3.77,3.63,3.70,1105349,31037740.00
20120711,3.73,3.84,3.69,3.81,1415845,40596832.00
20120712,3.81,3.88,3.78,3.84,1513561,43873800.00
20120713,3.82,3.84,3.77,3.79,996615,28673728.00
20120716,3.79,3.82,3.63,3.63,1150457,32167910.00
20120717,3.60,3.75,3.59,3.75,795692,22254054.00
20120718,3.73,3.89,3.73,3.88,2325437,67570328.00
20120719,3.89,4.01,3.87,3.94,2032469,60611808.00
20120720,3.94,3.98,3.85,3.91,1277969,37762144.00
20120723,3.89,4.09,3.86,3.93,1953382,58872080.00
20120724,3.93,3.98,3.87,3.96,823800,24406834.00
20120725,3.91,4.06,3.91,3.96,1124480,33868988.00
20120726,3.94,3.99,3.85,3.90,1145694,33690252.00
20120727,3.92,3.95,3.79,3.86,1092121,31608932.00
20120730,3.86,3.88,3.78,3.87,1020536,29604462.00
20120731,3.79,3.79,3.52,3.52,1555985,42812456.00
20120801,3.51,3.71,3.50,3.63,1234022,34267344.00
20120802,3.63,3.73,3.63,3.69,1092008,30455640.00
20120803,3.71,3.77,3.67,3.74,817739,23045834.00
20120806,3.71,3.90,3.70,3.90,1380133,39917656.00
20120807,3.93,3.94,3.85,3.92,897533,26351472.00
20120808,3.92,3.97,3.86,3.89,708815,20888734.00
20120809,3.89,3.99,3.86,3.97,890657,26438356.00
20120810,3.94,3.98,3.89,3.90,675467,19973222.00
20120813,3.86,4.02,3.86,3.94,1860027,55591796.00
20120814,3.93,4.21,3.93,4.18,2734702,83618472.00
20120815,4.18,4.18,4.07,4.10,1167564,35973008.00
20120816,4.10,4.26,4.10,4.22,2086829,65823304.00
20120817,4.16,4.24,4.16,4.21,1066638,33561784.00
20120820,4.21,4.23,4.09,4.19,781255,24210172.00
20120821,4.19,4.25,4.14,4.17,969033,30437682.00
20120822,4.17,4.28,4.11,4.21,1330315,41846352.00
20120823,4.19,4.26,4.11,4.26,1035192,32436796.00
20120824,4.25,4.26,4.10,4.12,1253704,39287284.00
20120827,4.09,4.15,4.00,4.12,1204473,36933152.00
20120828,4.11,4.17,3.90,4.00,2083875,62626676.00
20120829,3.97,4.04,3.93,3.98,729689,21887290.00
20120830,3.98,4.03,3.87,3.99,954089,28292926.00
20120831,3.99,4.01,3.94,4.00,463958,13907999.00
20120903,4.00,4.16,3.98,4.14,1022681,31476772.00
20120904,4.14,4.20,4.09,4.15,1261672,39201684.00
20120905,4.21,4.21,3.99,3.99,1622935,49927840.00
20120906,4.00,4.10,4.00,4.10,772534,23609348.00
20120907,4.12,4.28,4.12,4.25,1313806,41433524.00
20120910,4.25,4.25,4.18,4.19,1479592,46638052.00
20120911,4.20,4.25,4.15,4.20,761526,23926818.00
20120912,4.22,4.28,4.16,4.25,840251,26532462.00
20120913,4.24,4.24,4.16,4.17,1247481,39075988.00
20120914,4.15,4.21,4.02,4.06,1238151,37974760.00
20120917,4.07,4.08,3.89,3.91,1659785,49209816.00
20120918,3.89,3.95,3.89,3.94,465216,13754248.00
20120919,3.94,3.96,3.91,3.94,260881,7736093.00
20120920,3.96,4.00,3.84,3.89,1211974,35890516.00
20120921,3.89,3.93,3.77,3.81,573789,16620176.00
20120924,3.78,3.85,3.77,3.81,287711,8303537.00
20120925,3.83,3.83,3.74,3.75,330610,9477477.00
20120926,3.73,3.76,3.63,3.65,560989,15602471.00
20120927,3.64,3.79,3.64,3.77,453432,12818683.00
20120928,3.75,3.82,3.72,3.81,285828,8193887.00
20121008,3.82,3.89,3.79,3.82,328209,9537626.00
20121009,3.84,3.95,3.82,3.94,528941,15611073.00
20121010,3.93,3.96,3.90,3.93,343560,10163847.00
20121011,3.91,3.94,3.88,3.88,354794,10453318.00
20121012,3.88,4.01,3.88,3.99,802043,23880598.00
20121015,3.99,4.01,3.94,3.97,386217,11550572.00
20121016,3.95,4.00,3.90,3.94,791695,23484032.00
20121017,3.96,3.96,3.90,3.94,306902,9102706.00
20121018,3.93,3.97,3.92,3.95,628726,18720534.00
20121019,3.95,4.00,3.95,3.98,553885,16595181.00
20121022,3.96,3.96,3.89,3.93,589680,17416254.00
20121023,3.94,3.94,3.77,3.78,672674,19540960.00
20121024,3.69,3.87,3.69,3.80,1287107,36736032.00
20121025,3.77,3.83,3.74,3.74,328796,9387511.00
20121026,3.74,3.74,3.64,3.66,666874,18611852.00
20121029,3.65,3.73,3.64,3.67,478559,13373762.00
20121030,3.69,3.76,3.68,3.73,463871,13098485.00
20121031,3.73,3.82,3.72,3.81,581191,16602427.00
20121101,3.81,3.90,3.80,3.88,881818,25665758.00
20121102,3.90,3.90,3.84,3.87,670348,19572964.00
20121105,3.84,3.88,3.84,3.87,358042,10441062.00
20121106,3.85,3.87,3.75,3.80,422658,12096550.00
20121107,3.81,3.86,3.75,3.76,388557,11170193.00
20121108,3.75,3.76,3.68,3.68,553154,15566901.00
20121109,3.68,3.72,3.68,3.71,297475,8349443.50
20121112,3.72,3.77,3.68,3.70,332349,9388068.00
20121113,3.71,3.75,3.69,3.70,319870,8998361.00
20121114,3.73,3.73,3.67,3.71,266650,7481326.00
20121115,3.69,3.72,3.64,3.65,400199,11161255.00
20121116,3.65,3.67,3.54,3.59,377395,10291856.00
20121119,3.60,3.63,3.54,3.62,175922,4784638.00
20121120,3.63,3.66,3.62,3.65,176183,4862468.50
20121121,3.65,3.69,3.59,3.68,277607,7684197.00
20121122,3.66,3.70,3.60,3.64,268961,7477196.00
20121123,3.65,3.73,3.62,3.69,278539,7819912.50
20121126,3.69,3.72,3.67,3.68,190831,5353445.50
20121127,3.61,3.63,3.49,3.51,469544,12721379.00
20121128,3.51,3.54,3.38,3.38,493681,12944909.00
20121129,3.43,3.43,3.36,3.36,262269,6825203.50
20121130,3.37,3.45,3.36,3.41,588977,15300912.00
20121203,3.41,3.43,3.38,3.38,585028,15275889.00
20121204,3.38,3.43,3.35,3.41,331123,8606858.00
20121205,3.41,3.56,3.40,3.48,1744550,46677532.00
20121206,3.53,3.53,3.40,3.43,1701411,45080324.00
20121207,3.44,3.58,3.41,3.57,1138365,30537210.00
20121210,3.57,3.76,3.57,3.75,1876138,52534452.00
20121211,3.75,3.75,3.67,3.71,677398,19017184.00
20121212,3.72,3.78,3.67,3.73,747573,21163016.00
20121213,3.72,3.81,3.72,3.77,996932,28534724.00
20121214,3.74,3.90,3.74,3.87,952278,27705920.00
20121217,3.87,3.89,3.82,3.86,965247,28116438.00
20121218,3.87,3.89,3.77,3.81,791779,22964148.00
20121219,3.81,3.83,3.78,3.81,388608,11181499.00
20121220,3.80,3.94,3.78,3.88,852064,24894670.00
20121221,3.91,3.95,3.83,3.94,909080,26740018.00
20121224,3.91,3.97,3.89,3.91,1100672,32474214.00
20121225,3.91,4.06,3.90,4.04,1484206,44852752.00
20121226,4.02,4.13,4.02,4.11,1209697,37185476.00
20121227,4.13,4.18,4.03,4.03,940130,28839210.00
20121228,4.03,4.18,3.99,4.16,2190289,67107904.00
20121231,4.16,4.21,4.14,4.15,1246070,38899172.00
20130104,4.20,4.22,4.14,4.21,1547648,48457624.00
20130107,4.17,4.25,4.15,4.21,1205436,37842564.00
20130108,4.19,4.19,4.11,4.17,1083821,33736672.00
20130109,4.16,4.16,4.08,4.14,1026469,31761350.00
20130110,4.13,4.16,4.09,4.14,828185,25682872.00
20130111,4.16,4.16,4.04,4.04,961405,29536756.00
20130114,4.03,4.49,4.03,4.49,3573392,116906752.00
20130115,4.46,4.68,4.45,4.65,4349874,148199952.00
20130116,4.58,4.76,4.55,4.76,2417344,83003736.00
20130117,4.76,4.80,4.60,4.71,1557967,54159404.00
20130118,4.72,4.77,4.68,4.75,1000576,35069180.00
20130121,4.74,4.87,4.58,4.74,978723,34483752.00
20130122,4.73,4.76,4.53,4.58,1056238,36189376.00
20130123,4.55,4.61,4.49,4.59,544269,18414630.00
20130124,4.59,4.75,4.38,4.46,1354651,46135612.00
20130125,4.43,4.50,4.43,4.48,591866,19689538.00
20130128,4.48,4.87,4.47,4.86,1256562,43742856.00
20130129,4.81,4.99,4.81,4.95,1520617,55114836.00
20130130,4.93,5.00,4.89,4.89,1041896,37895560.00
20130131,4.90,4.95,4.80,4.82,748847,26820566.00
20130201,4.85,4.96,4.76,4.86,790587,28243874.00
20130204,4.86,4.90,4.60,4.65,1273998,44206612.00
20130205,4.65,4.88,4.59,4.78,1238355,43734164.00
20130206,4.78,4.85,4.76,4.79,846660,29996244.00
20130207,4.78,4.78,4.68,4.71,761683,26573956.00
20130208,4.75,4.95,4.72,4.94,1003465,36218432.00
20130218,4.93,5.02,4.89,4.96,875624,31997304.00
20130219,4.96,4.98,4.84,4.89,778916,28124284.00
20130220,4.90,5.11,4.86,5.09,1188895,43656340.00
20130221,5.05,5.05,4.87,4.95,1060846,38753616.00
20130222,4.91,4.99,4.88,4.91,631445,22913350.00
20130225,4.91,4.99,4.80,4.95,844482,30604680.00
20130226,4.88,4.96,4.83,4.83,514543,18561614.00
20130227,4.83,4.91,4.60,4.65,1457423,50460288.00
20130228,4.68,4.77,4.58,4.77,1004439,34931116.00
20130301,4.76,4.87,4.71,4.81,920948,32577648.00
20130304,4.78,4.83,4.58,4.63,1196752,41738376.00
20130305,4.63,4.71,4.59,4.71,921135,31705378.00
20130306,4.73,4.96,4.71,4.94,1530803,55136268.00
20130307,4.96,4.96,4.79,4.85,1322215,47382920.00
20130308,4.86,4.91,4.69,4.71,713874,25398390.00
20130311,4.68,4.68,4.47,4.52,2387570,80692672.00
20130312,4.52,4.60,4.34,4.39,1325912,43764856.00
20130313,4.39,4.39,4.26,4.33,1322714,42698112.00
20130314,4.33,4.48,4.33,4.42,1351048,44413656.00
20130315,4.42,4.58,4.30,4.52,2271817,75878640.00
20130318,4.49,4.50,4.31,4.36,895245,29407686.00
20130319,4.28,4.40,4.25,4.35,599983,19270426.00
20130320,4.36,4.61,4.36,4.58,1052043,35297280.00
20130321,4.60,4.80,4.60,4.61,1972731,68726352.00
20130322,4.75,4.79,4.65,4.76,2059613,72165840.00
20130325,4.87,4.87,4.73,4.77,1159147,41047196.00
20130326,4.74,4.83,4.66,4.78,1105196,38786784.00
20130327,4.80,4.99,4.79,4.90,1633908,59169532.00
20130328,4.83,4.86,4.68,4.74,1544439,54383228.00
20130329,4.74,4.96,4.74,4.91,1681526,60563544.00
20130401,4.90,5.15,4.85,5.10,2091771,77837088.00
20130402,5.10,5.27,4.99,5.01,2643270,100185592.00
20130403,5.02,5.08,4.85,5.02,1676271,61313380.00
20130408,4.89,5.26,4.85,5.26,2135199,80367008.00
20130409,5.30,5.45,5.23,5.39,2188958,86178808.00
20130410,5.36,5.44,5.23,5.25,1729120,67571792.00
20130411,5.25,5.33,5.20,5.25,647298,24990348.00
20130412,5.26,5.31,5.07,5.09,1307802,49565540.00
20130415,5.08,5.09,4.85,4.90,1573024,57290628.00
20130416,4.85,5.27,4.82,5.27,1470232,54625192.00
20130417,5.24,5.51,5.21,5.32,2227958,87968880.00
20130418,5.41,5.47,5.27,5.39,1429003,56240584.00
20130419,5.42,5.57,5.41,5.41,1671870,67168488.00
20130422,5.40,5.61,5.33,5.55,2080033,83608784.00
20130423,5.54,5.66,5.46,5.47,1321435,53427356.00
20130424,5.48,5.84,5.48,5.84,1942613,80887992.00
20130425,5.89,5.95,5.65,5.70,1576583,66837720.00
20130426,5.70,5.80,5.64,5.64,865267,35971768.00
20130502,5.58,5.82,5.54,5.73,840738,35029756.00
20130503,5.73,5.84,5.65,5.69,1570050,65496668.00
20130506,5.67,5.81,5.66,5.77,2145037,89324856.00
20130507,5.76,5.76,5.44,5.48,2529323,102547632.00
20130508,5.54,5.69,5.35,5.60,2482955,77180960.00
20130509,5.54,5.62,5.41,5.52,1946360,59876960.00
20130510,5.53,5.61,5.43,5.53,1565801,48332572.00
20130513,5.57,5.57,5.39,5.45,1488921,45541232.00
20130514,5.45,5.55,5.37,5.40,1712516,52323116.00
20130515,5.40,5.67,5.40,5.66,2363264,73812720.00
20130516,5.66,5.71,5.60,5.63,1751195,55336536.00
20130517,5.63,5.66,5.47,5.58,2000779,62026872.00
20130520,5.56,5.99,5.54,5.92,3072912,99380600.00
20130521,5.90,5.90,5.79,5.90,2127142,69312584.00
20130522,5.87,6.00,5.83,5.85,1848641,60925700.00
20130523,5.81,5.88,5.74,5.74,1453541,47066420.00
20130524,5.80,5.87,5.70,5.85,1306487,42142628.00
20130527,5.81,5.90,5.74,5.87,1759016,57229940.00
20130528,5.84,5.87,5.56,5.64,2362079,74623984.00
20130529,5.66,5.70,5.57,5.63,1924997,60637644.00
20130530,5.60,5.60,5.41,5.53,2955398,90989576.00
20130531,5.50,5.54,5.46,5.49,1990798,61280336.00
20130603,5.49,5.54,5.38,5.50,1219262,37217352.00
20130604,5.46,5.50,5.27,5.30,1759888,52831712.00
20130605,5.29,5.38,5.25,5.33,1213184,36261924.00
20130606,5.33,5.35,5.06,5.10,2010855,58640856.00
20130607,5.13,5.16,4.93,5.01,1686819,47727704.00
20130613,4.92,4.92,4.64,4.79,2900130,78086696.00
20130614,4.82,5.09,4.81,5.07,2151981,60085368.00
20130617,5.07,5.21,5.00,5.17,2206204,63312696.00
20130618,5.19,5.34,5.07,5.18,1862190,54685484.00
20130619,5.13,5.15,4.96,5.05,1059523,30056764.00
20130620,4.97,5.05,4.87,4.89,808462,22661022.00
20130621,4.81,4.99,4.78,4.93,777583,21410330.00
20130624,4.94,4.96,4.62,4.70,1046775,28264562.00
20130625,4.64,4.80,4.33,4.75,1594551,41779644.00
20130626,4.70,4.85,4.65,4.84,1352534,36382016.00
20130627,4.85,5.07,4.80,4.87,1757337,49057276.00
20130628,4.79,5.02,4.76,4.89,807064,22433128.00
20130701,4.90,5.02,4.90,5.01,1037931,29091064.00
20130702,5.06,5.09,4.96,5.08,1520771,43077224.00
20130703,5.06,5.15,4.99,5.10,1198847,34254680.00
20130704,5.13,5.21,5.06,5.15,1072591,31049834.00
20130705,5.12,5.15,5.02,5.04,916262,26162698.00
20130708,4.97,4.97,4.73,4.73,1052288,28742702.00
20130709,4.73,4.81,4.71,4.73,471705,12692193.00
20130710,4.73,4.91,4.73,4.91,749089,20425832.00
20130711,4.90,5.15,4.87,5.08,1450636,41152428.00
20130712,5.08,5.20,5.02,5.02,1370164,39443548.00
20130715,5.01,5.14,5.00,5.11,1164037,33257942.00
20130716,5.08,5.19,5.04,5.19,1446467,41761692.00
20130717,5.17,5.19,5.01,5.03,1130504,32423836.00
20130718,5.02,5.15,4.96,5.08,1019171,29071806.00
20130719,5.02,5.15,4.99,4.99,897974,25684658.00
20130722,4.90,5.08,4.81,5.07,938902,26362634.00
20130723,5.07,5.22,5.07,5.20,1590036,46268532.00
20130724,5.21,5.37,5.12,5.35,1756004,51778020.00
20130725,5.34,5.48,5.29,5.38,1621057,48988620.00
20130726,5.35,5.43,5.18,5.30,1461023,43216588.00
20130729,5.31,5.33,5.17,5.25,1571588,46334432.00
20130730,5.25,5.34,5.13,5.28,1588830,46891084.00
20130731,5.30,5.34,5.12,5.13,1424704,41817292.00
20130801,5.13,5.26,5.11,5.25,1821635,53309532.00
20130802,5.24,5.35,5.23,5.30,1801799,53650192.00
20130805,5.32,5.59,5.32,5.57,3312590,101632592.00
20130806,5.54,5.67,5.42,5.45,3013966,93461608.00
20130807,5.44,5.65,5.44,5.52,3531032,109761392.00
20130808,5.51,5.62,5.45,5.50,1714469,53133656.00
20130809,5.50,5.54,5.36,5.46,2580748,78568896.00
20130812,5.46,5.61,5.42,5.60,2010797,62349856.00
20130813,5.61,5.66,5.53,5.64,1827886,57222464.00
20130814,5.65,5.65,5.50,5.51,1582365,49179800.00
20130815,5.50,5.54,5.32,5.33,1749662,52990324.00
20130816,5.31,5.41,5.08,5.10,2432522,71508984.00
20130819,5.10,5.24,5.06,5.21,1738571,50231396.00
20130820,5.19,5.24,5.06,5.15,1951054,56511088.00
20130821,5.12,5.20,5.08,5.18,965908,27960002.00
20130822,5.18,5.31,5.17,5.27,1851902,54851972.00
20130823,5.28,5.38,5.16,5.19,1830582,54259852.00
20130826,5.20,5.34,5.20,5.33,1562504,46355192.00
20130827,5.33,5.37,5.28,5.33,1104154,33033828.00
20130828,5.29,5.31,5.12,5.12,1893869,55385816.00
20130829,5.10,5.18,5.02,5.05,1228672,35119572.00
20130830,5.05,5.06,4.98,4.99,908176,25613528.00
20130902,5.03,5.09,5.00,5.05,861974,24553264.00
20130903,5.07,5.13,5.03,5.09,1351192,38587288.00
20130904,5.10,5.34,5.10,5.32,4132081,122166896.00
20130905,5.31,5.42,5.24,5.28,1946491,58027640.00
20130906,5.35,5.52,5.28,5.51,4307843,131326552.00
20130909,5.50,5.53,5.40,5.48,2387981,72851176.00
20130910,5.50,5.50,5.23,5.25,3198672,95595744.00
20130911,5.27,5.33,5.08,5.13,2410437,70076192.00
20130912,5.14,5.19,5.06,5.19,1923306,55326040.00
20130913,5.18,5.18,5.09,5.14,1120606,32298258.00
20130916,5.14,5.25,5.14,5.19,1049593,30590074.00
20130917,5.23,5.23,5.07,5.08,1179107,33930088.00
20130918,5.10,5.10,4.98,5.04,1170790,33198490.00
20130923,5.08,5.18,5.02,5.17,1739148,50007772.00
20130924,5.17,5.17,5.05,5.10,1326835,38118136.00
20130925,5.05,5.12,5.01,5.02,1092545,31088836.00
20130926,5.04,5.05,4.85,4.85,1932882,53806508.00
20130927,4.87,4.87,4.77,4.86,1994943,54169320.00
20130930,4.87,4.89,4.78,4.84,1875786,51227572.00
20131008,4.83,4.88,4.73,4.88,2152454,58512600.00
20131009,4.84,4.95,4.81,4.92,2496575,69245752.00
20131010,4.93,4.96,4.79,4.82,1780810,48839064.00
20131011,4.84,4.97,4.83,4.96,2122149,58752168.00
20131014,4.96,5.07,4.94,5.03,2026824,57227552.00
20131015,5.03,5.04,4.93,4.98,1406228,39429076.00
20131016,4.98,4.98,4.76,4.76,1955568,53309140.00
20131017,4.83,4.88,4.77,4.78,2130814,57964944.00
20131018,4.79,4.87,4.77,4.82,1080014,29423300.00
20131021,4.83,5.02,4.80,5.01,2037880,56749932.00
20131022,5.00,5.05,4.93,4.95,1962044,55149668.00
20131023,4.96,5.01,4.83,4.84,1516828,41964196.00
20131024,4.83,5.02,4.81,4.99,2160067,60404792.00
20131025,5.06,5.06,4.90,4.91,2038268,57015260.00
20131028,4.93,5.06,4.93,5.02,2116550,59789388.00
20131029,5.02,5.05,4.75,4.92,2544234,70344744.00
20131030,4.93,4.97,4.83,4.96,1682271,46571640.00
20131031,4.93,5.08,4.84,5.06,3209726,90400544.00
20131101,5.05,5.06,4.94,4.99,1699117,48022724.00
20131104,4.99,5.15,4.99,5.05,1921395,54975904.00
20131105,5.06,5.11,4.99,5.08,1602523,45715920.00
20131106,5.10,5.15,5.01,5.01,1848055,52955412.00
20131107,5.00,5.03,4.87,4.88,1417561,39591708.00
20131108,4.87,4.89,4.79,4.85,1135063,31054026.00
20131111,4.83,4.86,4.79,4.85,1286062,35107224.00
20131112,4.85,4.92,4.85,4.91,1045010,28834126.00
20131113,4.88,4.88,4.77,4.79,1380303,37629244.00
20131114,4.79,5.11,4.79,5.08,3635030,102614176.00
20131115,5.10,5.29,5.10,5.21,4790862,140428592.00
20131118,5.29,5.41,5.21,5.35,4847685,145222224.00
20131119,5.37,5.41,5.29,5.33,3221018,96421112.00
20131120,5.33,5.40,5.24,5.35,2926992,87201240.00
20131121,5.33,5.36,5.19,5.35,2957241,87765464.00
20131122,5.40,5.93,5.40,5.93,5458289,176616192.00
20131125,6.21,6.21,5.85,5.92,11465517,386012704.00
20131126,5.86,6.49,5.77,6.30,8233113,280636544.00
20131127,6.22,6.42,6.14,6.17,10614522,368522656.00
20131128,6.20,6.42,6.19,6.29,9665301,337598368.00
20131129,6.33,6.84,6.25,6.61,12196064,436518720.00
20131202,6.19,6.53,6.00,6.21,10427949,365537984.00
20131203,6.31,6.87,6.23,6.81,11087464,403434912.00
20131204,6.70,7.43,6.69,6.87,14529891,568079488.00
20131205,6.89,7.19,6.77,6.95,8026382,309733664.00
20131206,6.93,7.03,6.68,6.92,7418315,279302912.00
20131209,6.88,7.27,6.83,7.13,8706225,338801984.00
20131210,7.11,7.21,6.89,7.02,5313526,205589008.00
20131211,6.96,6.98,6.77,6.89,5808165,219668768.00
20131212,6.87,6.96,6.68,6.86,6551220,246487040.00
20131213,6.74,6.84,6.68,6.81,4389640,163936656.00
20131216,6.87,6.88,6.43,6.44,6509785,237604208.00
20131217,6.40,6.58,6.40,6.44,3209529,115135728.00
20131218,6.45,6.49,6.23,6.24,3754283,131433320.00
20131219,6.31,6.35,6.21,6.23,2770297,96481544.00
20131220,6.24,6.50,6.21,6.43,4249334,150336304.00
20131223,6.41,6.50,6.23,6.43,2998065,106216960.00
20131224,6.41,6.61,6.36,6.54,4465301,161234464.00
20131225,6.56,6.83,6.46,6.81,5520614,204773232.00
20131226,6.79,6.88,6.43,6.46,4679556,172574864.00
20131227,6.42,6.59,6.38,6.52,3097074,111572736.00
20131230,6.56,6.77,6.54,6.65,3187118,117754632.00
20131231,6.62,6.73,6.56,6.67,2614234,96219272.00
20140102,6.64,6.68,6.60,6.66,2695742,98933152.00
20140103,6.62,6.63,6.27,6.29,7203383,254392928.00
20140106,6.33,6.38,6.03,6.09,4582603,155968928.00
20140107,6.06,6.17,5.99,6.06,2759992,93243872.00
20140108,6.08,6.18,6.01,6.13,2708524,92019936.00
20140109,6.13,6.30,6.11,6.12,2944246,101471312.00
20140110,6.06,6.07,5.88,5.91,2895903,96019280.00
20140113,5.92,6.04,5.90,5.97,1946655,64546944.00
20140114,5.99,6.12,5.93,6.12,2245143,75394456.00
20140115,6.11,6.25,6.07,6.24,2749567,94240896.00
20140116,6.24,6.27,6.13,6.17,2177012,74798736.00
20140117,6.12,6.21,6.05,6.14,1712683,58249376.00
20140120,6.17,6.30,6.02,6.06,2172455,74382448.00
20140121,6.12,6.33,6.10,6.30,3670845,127033248.00
20140122,6.31,6.48,6.31,6.41,3539674,125892864.00
20140123,6.46,6.48,6.39,6.41,3094988,110134472.00
20140124,6.39,6.52,6.36,6.46,2570729,92068776.00
20140127,6.39,6.44,6.28,6.31,2561238,89967784.00
20140128,6.29,6.38,6.24,6.30,1759136,61578740.00
20140129,6.31,6.42,6.30,6.42,1574415,55629216.00
20140130,6.44,6.44,6.29,6.31,1473133,51882948.00
20140207,6.21,6.54,6.19,6.50,2419632,86029528.00
20140210,6.56,6.67,6.46,6.61,3667137,133298512.00
20140211,6.60,6.63,6.47,6.52,3073788,111438136.00
20140212,6.52,6.93,6.48,6.86,5942182,222249600.00
20140213,6.82,6.82,6.58,6.59,3687884,136738208.00
20140214,6.59,6.73,6.51,6.69,2558038,93919608.00
20140217,6.73,6.85,6.73,6.76,2518083,94265144.00
20140218,6.78,6.82,6.65,6.69,2492553,92330160.00
20140219,6.66,6.84,6.60,6.73,2821430,104701144.00
20140220,6.69,6.74,6.48,6.50,2732055,99477264.00
20140221,6.48,6.54,6.37,6.41,2171102,77673168.00
20140224,6.34,6.41,6.27,6.30,2155784,75476056.00
20140225,6.32,6.36,5.93,5.98,3662283,124652816.00
20140226,5.98,5.98,5.78,5.86,4585909,150079808.00
20140227,5.87,6.13,5.86,5.88,3349020,112037760.00
20140228,5.93,6.04,5.87,6.02,1766872,58626908.00
20140303,5.96,6.15,5.96,6.11,1852983,62664680.00
20140304,6.05,6.09,5.91,6.00,1615288,53866164.00
20140305,6.09,6.12,6.00,6.00,1325738,44619168.00
20140306,5.98,5.98,5.85,5.90,1532168,50480444.00
20140307,5.91,6.08,5.91,5.99,1550933,51794796.00
20140310,5.93,5.93,5.69,5.70,1864770,60245528.00
20140311,5.70,5.72,5.58,5.63,2800447,88144376.00
20140312,5.61,5.68,5.53,5.67,1615280,50723196.00
20140313,5.67,5.75,5.64,5.69,1477879,46988732.00
20140314,5.68,5.72,5.64,5.68,1031410,32718458.00
20140317,5.68,5.79,5.67,5.78,1357353,43560944.00
20140318,5.81,6.05,5.81,5.92,2437436,80767144.00
20140319,5.90,5.91,5.81,5.91,1352001,44151712.00
20140320,5.90,5.96,5.83,5.83,1174999,38594316.00
20140321,5.80,5.98,5.69,5.97,1789400,58290220.00
20140324,5.98,6.09,5.95,5.99,2113590,70958456.00
20140325,5.93,5.93,5.67,5.71,3328630,107362712.00
20140326,5.72,5.75,5.67,5.70,1545022,49245080.00
20140327,5.69,5.75,5.64,5.64,1306044,41580584.00
20140328,5.58,5.66,5.52,5.52,1653395,51487460.00
20140331,5.53,5.58,5.49,5.53,805994,24928880.00
20140401,5.53,5.66,5.52,5.65,1034272,32415430.00
20140402,5.65,5.68,5.54,5.60,1133238,35447492.00
20140403,5.60,5.63,5.49,5.50,1439909,44806300.00
20140404,5.51,5.59,5.49,5.57,900083,27936474.00
20140408,5.59,5.66,5.55,5.64,1518258,47651304.00
20140409,5.65,5.68,5.64,5.66,1346493,42587156.00
20140410,5.65,5.73,5.65,5.69,1437947,45755580.00
20140411,5.68,5.68,5.59,5.64,1296724,40721856.00
20140414,5.63,5.68,5.61,5.68,971337,30621706.00
20140415,5.67,5.71,5.61,5.68,1249912,39523160.00
20140416,5.68,5.68,5.61,5.65,864648,27275500.00
20140417,5.66,5.81,5.66,5.74,1971841,63320584.00
20140418,5.73,5.78,5.70,5.77,995943,31887488.00
20140421,5.73,5.73,5.60,5.63,1602082,50750380.00
20140422,5.62,5.65,5.55,5.58,1130903,35298532.00
20140423,5.61,5.65,5.58,5.60,617657,19374876.00
20140424,5.60,5.60,5.50,5.53,761129,23582544.00
20140425,5.52,5.53,5.34,5.34,1849664,55970400.00
20140428,5.33,5.35,5.03,5.03,1514212,43602352.00
20140429,5.04,5.13,5.04,5.12,936026,26757040.00
20140430,5.12,5.21,5.10,5.20,834176,24277598.00
20140505,5.20,5.27,5.18,5.27,639127,18799522.00
20140506,5.30,5.34,5.26,5.30,801129,23824438.00
20140507,5.29,5.30,5.18,5.20,774609,22681582.00
20140508,5.20,5.30,5.16,5.18,911796,26786750.00
20140509,5.12,5.18,4.97,4.99,1228790,26295752.00
20140512,5.06,5.12,4.99,5.09,1045435,22552410.00
20140513,5.11,5.15,5.07,5.08,749486,16262705.00
20140514,5.07,5.08,5.03,5.05,870888,18697154.00
20140515,5.03,5.23,5.00,5.12,2449431,53727768.00
20140516,5.07,5.10,4.98,5.00,1265621,27102958.00
20140519,4.99,5.01,4.92,4.94,834455,17568878.00
20140520,5.00,5.04,4.93,4.97,674639,14342614.00
20140521,5.00,5.04,4.93,5.03,759495,16161378.00
20140522,5.04,5.11,4.98,4.99,906258,19491948.00
20140523,5.01,5.05,4.96,5.04,728757,15524135.00
20140526,5.04,5.09,4.99,5.08,1182260,25394052.00
20140527,5.07,5.07,5.03,5.03,959449,20601612.00
20140528,5.05,5.07,4.98,5.05,1445364,30936374.00
20140529,5.05,5.08,4.99,4.99,1368462,29378888.00
20140530,4.99,5.01,4.81,4.83,2283060,47550904.00
20140603,4.86,4.87,4.83,4.83,925408,19126286.00
20140604,4.83,4.86,4.79,4.82,966857,19888346.00
20140605,4.73,4.82,4.72,4.81,1464562,29853362.00
20140606,4.82,4.84,4.75,4.78,956030,19591354.00
20140609,4.78,4.78,4.71,4.75,1109313,22493336.00
20140610,4.77,4.94,4.77,4.93,2311669,48220088.00
20140611,4.95,4.95,4.88,4.91,1156843,24209252.00
20140612,4.91,4.91,4.85,4.87,1084654,22585316.00
20140613,4.87,4.97,4.84,4.96,1807812,37983268.00
20140616,4.96,4.98,4.93,4.96,1338935,28252134.00
20140617,4.96,4.97,4.87,4.89,1211781,25338550.00
20140618,4.89,4.89,4.74,4.74,1771121,36276344.00
20140619,4.76,4.77,4.57,4.60,1528275,30645646.00
20140620,4.60,4.67,4.58,4.66,893151,17704522.00
20140623,4.65,4.70,4.64,4.66,881251,17605800.00
20140624,4.66,4.77,4.64,4.75,1151353,23190924.00
20140625,4.75,4.75,4.67,4.70,783491,15696543.00
20140626,4.69,4.77,4.69,4.75,1352095,27402990.00
20140627,4.77,4.84,4.73,4.81,1552114,31772436.00
20140630,4.82,4.85,4.77,4.80,1148212,23545964.00
20140701,4.83,4.94,4.79,4.93,2702925,56290496.00
20140702,4.93,4.94,4.85,4.93,1928053,40317928.00
20140703,4.93,5.01,4.89,4.99,2038054,43122388.00
20140704,5.01,5.01,4.93,4.95,1476757,31149660.00
20140707,4.95,4.99,4.90,4.98,1558554,32863140.00
20140708,4.97,4.99,4.92,4.99,1583296,33446288.00
20140709,4.98,5.04,4.90,4.91,2071431,43926748.00
20140710,4.91,4.96,4.88,4.95,1528025,32135738.00
20140711,4.93,5.05,4.92,5.04,1795140,38249040.00
20140714,5.05,5.24,5.04,5.22,2944546,64785168.00
20140715,5.20,5.27,5.13,5.21,2169827,47995832.00
20140716,5.21,5.26,5.15,5.16,1403409,30911982.00
20140717,5.13,5.20,5.08,5.14,1263809,27627134.00
20140718,5.12,5.17,5.12,5.14,779877,17069256.00
20140721,5.13,5.14,4.99,5.04,1258518,27034932.00
20140722,5.00,5.14,5.00,5.13,1316653,28423378.00
20140723,5.13,5.27,5.06,5.27,2709549,59805696.00
20140724,5.25,5.29,5.11,5.20,1707018,37711792.00
20140725,5.23,5.24,5.18,5.21,1104908,24427738.00
20140728,5.23,5.34,5.23,5.33,2102963,47264924.00
20140729,5.36,5.52,5.33,5.46,4021042,92707648.00
20140730,5.45,5.48,5.39,5.46,2474325,57081144.00
20140731,5.46,5.76,5.46,5.74,5645679,135474960.00
20140801,5.78,6.24,5.78,6.03,11273096,288318112.00
20140804,6.03,6.17,5.95,6.14,6109253,156624608.00
20140805,6.10,6.13,6.01,6.08,3877396,99028736.00
20140806,6.10,6.32,6.08,6.21,5791065,151499840.00
20140807,6.21,6.25,5.95,5.96,4813863,123180752.00
20140808,5.99,6.03,5.88,5.99,2938165,73782152.00
20140811,6.01,6.19,5.94,6.13,3568880,91725760.00
20140812,6.14,6.18,6.05,6.15,3011824,77546896.00
20140813,6.14,6.14,5.99,6.05,2142848,54603900.00
20140814,6.05,6.05,5.84,5.85,3736261,93275296.00
20140815,5.85,5.93,5.85,5.90,1734861,43208024.00
20140818,5.91,6.04,5.91,6.04,2215309,56061436.00
20140819,6.06,6.11,5.97,6.06,2432354,62074192.00
20140820,6.07,6.11,5.99,6.01,2219495,56627040.00
20140821,6.01,6.06,5.93,6.00,1747289,44242416.00
20140822,6.01,6.04,5.94,6.03,1637508,41412556.00
20140825,6.03,6.15,6.03,6.11,2947504,75789280.00
20140826,6.10,6.10,5.82,5.85,3345094,83887792.00
20140827,5.88,5.91,5.79,5.81,1720857,42325360.00
20140828,5.81,5.81,5.65,5.70,2420815,58376260.00
20140829,5.69,5.76,5.67,5.76,1030426,24942554.00
20140901,5.76,5.86,5.74,5.86,1373885,33714336.00
20140902,5.89,5.91,5.86,5.91,2270439,56349792.00
20140903,5.92,5.92,5.80,5.90,4517621,111985752.00
20140904,5.85,5.99,5.85,5.98,3071572,76969624.00
20140905,6.02,6.03,5.92,5.97,1879178,47236436.00
20140909,5.97,5.97,5.89,5.93,2123054,53042092.00
20140910,5.89,6.12,5.87,6.09,4566694,115766800.00
20140911,6.06,6.17,6.04,6.15,5551206,143031424.00
20140912,6.20,6.40,6.18,6.40,6740138,179625392.00
20140915,6.43,6.44,6.28,6.37,4802103,128206880.00
20140916,6.36,6.36,6.05,6.05,5214232,136542880.00
20140917,6.05,6.10,5.96,6.08,1889526,48078240.00
20140918,6.06,6.09,5.98,6.08,1689557,43050572.00
20140919,6.07,6.40,6.05,6.34,4538540,120016632.00
20140922,6.36,6.51,6.30,6.41,4809754,129608632.00
20140923,6.36,6.65,6.34,6.60,5277427,145852000.00
20140924,6.61,6.67,6.53,6.62,3310347,91937568.00
20140925,6.65,6.68,6.54,6.56,2556044,70660624.00
20140926,6.54,6.68,6.50,6.64,3379504,93533000.00
20140929,6.68,6.70,6.60,6.70,2988283,83426840.00
20140930,6.72,6.82,6.52,6.54,3765473,104815624.00
20141008,6.54,6.59,6.50,6.58,2170270,59560000.00
20141009,6.56,6.85,6.38,6.85,5085142,140685744.00
20141010,6.75,6.99,6.73,6.98,5355958,154741312.00
20141013,6.90,6.96,6.80,6.88,1888046,54361844.00
20141014,6.89,6.97,6.75,6.93,2314474,66766816.00
20141015,6.92,7.00,6.84,6.98,2169927,62980288.00
20141017,6.93,7.43,6.78,7.36,4226209,124020128.00
20141020,7.35,7.71,7.27,7.69,5281180,167303984.00
20141021,7.68,7.71,7.48,7.58,2401973,75898520.00
20141022,7.58,7.80,7.48,7.69,2087644,65934144.00
20141023,7.65,7.65,7.19,7.56,3217196,99914104.00
20141024,7.45,7.68,7.36,7.53,1767053,55620636.00
20141027,7.45,7.70,7.45,7.61,1282783,40635120.00
20141028,7.58,7.95,7.58,7.92,3334431,108953368.00
20141029,7.96,8.01,7.80,7.93,1871109,61611608.00
20141030,7.92,8.07,7.79,7.81,1682360,55434672.00
20141031,7.85,7.91,7.61,7.63,2441396,78314608.00
20141103,7.65,7.65,7.50,7.50,2142487,67440936.00
20141104,7.50,7.66,7.40,7.58,3018606,95324328.00
20141105,7.58,7.58,7.45,7.47,1521484,47462160.00
20141106,7.49,7.82,7.48,7.81,2919686,92838480.00
20141107,7.81,7.82,7.57,7.61,1783022,57223972.00
20141110,7.57,7.65,7.43,7.46,1886436,59078796.00
20141111,7.50,7.55,7.08,7.27,3517091,105887752.00
20141112,7.18,7.47,7.18,7.44,2328086,71459408.00
20141113,7.44,7.71,7.35,7.49,2869163,90625280.00
20141114,7.43,7.51,7.23,7.28,1293445,39620528.00
20141117,7.28,7.58,7.23,7.53,1386331,43220820.00
20141118,7.45,7.67,7.45,7.65,1710636,54225372.00
20141119,7.59,7.76,7.59,7.69,1438379,46116804.00
20141120,7.67,8.05,7.65,7.97,3663648,120601816.00
20141121,7.93,8.03,7.77,7.99,2364095,77578528.00
20141124,7.99,8.01,7.83,7.90,2292083,75191744.00
20141125,7.86,7.97,7.83,7.92,1444745,47415092.00
20141126,7.91,8.00,7.84,7.87,1553507,51087812.00
20141127,7.88,8.30,7.87,8.27,3423850,116055672.00
20141128,8.27,8.39,8.18,8.33,2450540,84325368.00
20141201,8.23,8.35,7.97,8.25,2075858,70544064.00
20141202,8.18,8.38,8.15,8.33,1524955,52574924.00
20141203,8.34,8.37,8.13,8.37,2398846,82375984.00
20141204,8.37,8.53,8.26,8.42,1476602,51608228.00
20141205,8.43,8.48,7.93,8.18,3603599,121788128.00
20141208,7.99,8.15,7.79,8.06,4370075,143636560.00
20141209,7.96,8.04,7.78,7.98,2923865,96135464.00
20141210,8.81,8.81,8.43,8.81,8046290,290824320.00
20141211,9.15,9.73,8.93,9.68,7979442,313669568.00
20141212,9.43,9.68,9.27,9.44,4704069,183027440.00
20141215,9.43,9.64,9.13,9.53,4392184,171338864.00
20141216,9.43,9.45,9.20,9.32,3663869,141483632.00
20141217,9.08,9.27,8.94,9.05,3663968,137224080.00
20141218,9.02,9.23,8.95,9.01,2253758,85033376.00
20141219,9.09,9.14,8.80,9.08,2723960,101267744.00
20141222,9.10,9.10,8.65,8.96,2681594,98229424.00
20141223,9.00,9.22,8.85,9.13,2830144,106108816.00
20141224,9.14,10.07,9.14,10.07,8903984,358896512.00
20141225,10.30,10.68,9.77,10.03,9086584,385071168.00
20141226,9.79,10.07,9.65,9.83,4673297,189348048.00
20141229,9.75,9.83,9.44,9.83,3507860,139216512.00
20141230,9.68,9.68,9.07,9.46,8131505,314483680.00
20141231,9.16,9.42,9.05,9.41,4732237,179900976.00
20150105,9.35,9.35,8.87,9.00,5628032,210433488.00
20150106,8.88,8.88,8.60,8.75,7107232,257167664.00
20150107,8.75,9.05,8.64,8.95,5215635,191182768.00
20150108,8.93,9.04,8.71,8.89,3471415,127884000.00
20150109,8.85,9.07,8.80,8.87,3421511,127218040.00
20150112,8.87,8.92,8.47,8.52,3536995,126916616.00
20150113,8.51,8.81,8.49,8.78,3375829,121255128.00
20150114,8.76,9.04,8.60,8.96,4412918,162660080.00
20150115,8.92,9.28,8.88,8.97,4849627,182789072.00
20150116,8.97,9.09,8.80,9.05,2760988,102813584.00
20150119,8.87,9.38,8.68,8.93,5365348,202090304.00
20150120,8.95,9.50,8.95,9.49,5992646,228473376.00
20150121,9.51,9.67,9.38,9.55,6132737,240824336.00
20150122,9.54,9.65,9.38,9.60,4451783,174946016.00
20150123,9.60,9.75,9.43,9.47,4007480,158983456.00
20150126,9.46,9.54,9.30,9.50,2941513,114899200.00
20150127,9.50,9.74,9.43,9.74,6238190,248049600.00
20150128,9.68,9.68,9.38,9.40,4665212,183494560.00
20150129,9.18,9.30,8.89,8.91,5434963,203186240.00
20150130,8.91,9.01,8.76,8.79,3535495,130406272.00
20150202,8.92,8.92,8.49,8.61,6217861,223346368.00
20150203,8.98,9.50,8.98,9.27,8516119,324810880.00
20150204,9.18,9.57,9.17,9.48,6294456,246618064.00
20150205,9.48,9.61,9.35,9.35,4024090,158213536.00
20150206,9.33,9.50,8.93,8.97,3756301,143903744.00
20150209,8.93,9.15,8.88,9.11,1798079,67617336.00
20150210,8.94,9.25,8.94,9.23,1242955,46989660.00
20150211,9.26,9.51,9.26,9.48,2656646,103491984.00
20150212,9.46,9.49,9.30,9.49,2121415,82733256.00
20150213,9.49,9.73,9.49,9.65,3761899,150061152.00
20150216,9.65,9.71,9.55,9.65,1899613,75587168.00
20150217,9.68,9.82,9.68,9.68,2476746,99733952.00
20150225,9.67,9.68,9.45,9.45,1528259,60315004.00
20150226,9.45,9.58,9.43,9.55,1478307,58190128.00
20150227,9.53,9.66,9.45,9.66,2056017,81103040.00
20150302,9.68,9.73,9.60,9.70,2752025,109757672.00
20150303,9.68,10.26,9.60,10.04,4583353,188075056.00
20150304,9.93,10.92,9.93,10.72,6992754,303120896.00
20150305,11.18,11.22,10.43,10.65,4170793,183940016.00
20150306,10.68,10.72,10.16,10.45,4323568,185855088.00
20150309,10.30,10.89,10.10,10.78,2696042,117397800.00
20150310,10.78,10.84,10.55,10.79,2122292,93970600.00
20150311,10.79,10.79,10.37,10.45,1996561,86730376.00
20150312,10.45,10.64,10.20,10.35,1728897,73945384.00
20150313,10.34,10.58,10.26,10.53,1362604,58500032.00
20150316,10.58,10.97,10.55,10.86,2847413,126416896.00
20150317,10.80,11.19,10.78,10.90,2806497,126856640.00
20150318,10.93,12.02,10.90,11.98,5522482,262999600.00
20150319,11.98,12.43,11.73,11.88,3227431,159083024.00
20150320,11.88,12.24,11.73,12.10,3186361,157198016.00
20150323,12.10,12.64,12.05,12.53,3226166,163301696.00
20150324,12.55,12.55,11.78,12.25,4054359,202448544.00
20150325,12.18,12.63,11.85,12.52,3161599,160410736.00
20150326,12.28,12.33,11.80,12.07,2468205,122768224.00
20150327,12.06,12.55,11.90,12.42,2583078,129760144.00
20150330,12.50,13.08,12.24,12.55,3562567,184420864.00
20150331,12.57,12.59,12.05,12.18,3772776,189401616.00
20150401,12.22,12.43,11.93,12.23,4909601,244495024.00
20150402,12.33,13.00,12.16,12.91,7158586,369547680.00
20150403,12.87,13.43,12.73,13.37,5523449,300150592.00
20150407,13.49,14.18,13.18,14.15,5160887,290344576.00
20150408,14.15,15.40,13.57,15.18,7298031,440639616.00
20150409,15.26,15.26,13.68,14.73,4912831,293226688.00
20150410,14.55,15.75,14.41,15.46,5063131,313024032.00
20150413,15.41,16.22,15.06,15.69,3927075,251007696.00
20150414,15.68,15.68,14.67,14.69,5630338,344464448.00
20150415,14.55,14.55,13.20,13.40,3895051,223710160.00
20150416,13.29,13.93,12.79,13.50,4657726,257822656.00
20150417,13.68,13.92,13.10,13.39,4305790,236133760.00
20150420,13.40,13.40,12.76,12.77,4277246,229421568.00
20150421,12.78,13.94,12.78,13.89,4614951,253283456.00
20150422,14.10,14.88,13.68,14.62,5803264,335676160.00
20150423,14.70,14.93,14.31,14.36,3648694,216793744.00
20150424,14.36,14.92,14.12,14.70,4993681,298048704.00
20150427,14.80,15.97,14.80,15.24,5384965,337921920.00
20150428,15.25,15.37,13.68,14.00,6945523,404326784.00
20150429,13.83,14.27,13.69,14.10,2803772,161681488.00
20150430,14.13,14.27,13.80,13.86,3729655,212715680.00
20150504,13.87,13.99,13.05,13.08,8245590,221873264.00
20150505,13.09,13.55,13.09,13.12,7360084,198479792.00
20150506,13.34,13.43,12.70,12.88,5347047,143705936.00
20150507,12.88,12.89,12.30,12.58,6585744,168597600.00
20150508,12.61,13.58,12.61,13.48,7714461,206483168.00
20150511,13.55,14.30,13.54,14.24,10637166,301431136.00
20150512,14.30,14.41,13.82,14.37,8886525,254962384.00
20150513,14.50,15.21,14.50,14.83,13453561,406969344.00
20150514,14.90,15.38,14.41,15.02,10690179,322320288.00
20150515,14.95,14.95,14.41,14.54,8979611,264851728.00
20150518,14.30,14.95,14.04,14.94,10256669,303296736.00
20150519,15.04,15.33,14.68,15.03,13724491,413706144.00
20150520,14.98,16.05,14.80,15.73,17106462,539344704.00
20150521,16.15,17.32,16.15,17.32,19706822,680176704.00
20150522,18.35,18.51,16.80,17.29,23983097,859144704.00
20150525,17.00,17.80,16.43,17.30,16815901,577155648.00
20150526,17.30,17.80,17.08,17.63,15156494,538821440.00
20150527,17.63,18.29,17.53,17.97,17224590,621346176.00
20150528,17.98,17.98,16.15,16.15,16963022,587008128.00
20150529,16.04,16.45,14.52,15.80,12920675,410632224.00
20150601,15.75,16.50,15.75,16.47,10112821,330567520.00
20150602,16.80,17.28,16.50,17.24,11758541,401389280.00
20150603,17.24,17.26,16.30,16.68,10623746,359449888.00
20150604,16.54,16.54,15.15,15.90,11133564,355846144.00
20150605,16.10,16.46,15.91,16.21,9099907,298851040.00
20150608,16.24,16.30,15.60,16.10,8045125,258397344.00
20150609,16.01,16.60,15.66,16.47,9287508,306734240.00
20150610,16.44,17.95,16.15,17.53,17914435,627121664.00
20150611,17.53,19.30,17.48,18.98,20282589,745030528.00
20150612,18.98,19.33,18.40,18.93,16814441,641620480.00
20150615,18.92,18.92,17.35,17.42,16242856,591997376.00
20150616,17.15,18.15,16.48,17.42,10121799,349954656.00
20150617,17.30,17.79,16.73,17.58,7790950,272244192.00
20150618,17.58,17.85,16.48,16.60,7445044,261029616.00
20150626,14.92,14.92,14.92,14.92,1523000,46040288.00
20150629,14.53,14.53,13.41,13.41,10884282,299950272.00
20150630,12.30,14.38,12.05,14.18,11923336,317588064.00
20150701,13.80,14.25,12.74,12.74,10009500,274938080.00
20150702,12.88,12.88,11.45,11.45,7911453,189817808.00
20150703,10.96,11.30,10.28,10.28,9861641,210822080.00
20150706,11.33,11.33,9.41,10.65,12487304,263479104.00
20150707,10.30,10.62,9.57,9.57,8685430,175751904.00
20150708,8.59,9.74,8.59,9.47,29574725,541717056.00
20150709,9.48,10.44,9.48,10.44,10631980,221214544.00
20150710,11.39,11.50,11.00,11.50,4142194,96271968.00
20150713,12.34,12.67,12.15,12.67,9288024,236694288.00
20150714,13.05,13.79,12.74,12.82,13751833,368910112.00
20150715,12.47,13.00,11.52,11.52,8944641,221284896.00
20150716,11.52,12.55,10.75,12.09,9418246,227152912.00
20150717,12.21,13.20,12.20,13.13,6796342,176450416.00
20150720,13.20,13.93,13.06,13.55,9783362,269613184.00
20150721,13.30,13.56,13.10,13.40,6320559,171343824.00
20150722,13.41,13.64,12.75,13.23,8311704,222207600.00
20150723,13.07,14.30,13.07,14.11,10744687,299128992.00
20150724,14.10,14.49,13.61,13.70,9081809,260643520.00
20150727,13.40,13.59,12.31,12.31,8817899,232236000.00
20150728,12.00,12.93,11.06,12.47,12423334,302578816.00
20150729,12.40,12.95,12.22,12.95,6036188,154044160.00
20150730,13.11,13.40,12.44,12.49,6068425,160847856.00
20150731,12.29,12.74,12.24,12.64,4484734,113705400.00
20150803,12.33,12.78,11.67,12.25,4594014,114199688.00
20150804,12.30,13.07,12.18,13.05,6463669,166753584.00
20150805,13.08,13.19,12.76,12.84,5307896,139645056.00
20150806,12.35,12.82,12.35,12.65,2673100,68610832.00
20150807,12.68,13.01,12.68,12.98,3525146,92312216.00
20150810,13.15,13.70,13.15,13.55,6387531,173904704.00
20150811,13.60,13.69,13.04,13.32,6145174,166998928.00
20150812,13.24,13.60,13.05,13.08,4323686,116926400.00
20150813,13.05,13.29,12.70,13.27,4257243,112768664.00
20150814,13.45,13.95,13.33,13.39,6046459,167508832.00
20150817,13.34,13.64,12.95,13.49,5046486,134923200.00
20150818,13.45,13.48,12.16,12.28,6157181,160562768.00
20150819,12.20,12.64,11.79,12.54,4434272,110140760.00
20150820,12.53,12.53,12.06,12.13,2868401,71690096.00
20150821,11.92,11.98,10.99,11.06,5308888,123335536.00
20150824,10.36,10.53,9.93,9.93,9835087,200657648.00
20150825,9.30,10.32,9.11,9.25,6582886,129769832.00
20150826,9.80,9.98,9.30,9.55,5711043,112642112.00
20150827,9.90,10.30,9.59,10.29,3795241,76772592.00
20150828,10.40,11.34,10.40,11.34,5705102,127606688.00
20150831,11.30,11.30,10.80,10.85,3722478,83526096.00
20150901,10.81,10.85,9.80,10.30,4285459,90004184.00
20150902,9.80,11.01,9.70,11.01,6619091,143417440.00
20150907,11.14,11.53,9.89,10.13,15528721,331248448.00
20150908,10.05,10.58,9.71,10.55,4360560,90971904.00
20150909,10.57,11.10,10.41,10.49,15382576,332994208.00
20150910,10.45,10.66,10.30,10.42,5356155,114939824.00
20150911,10.33,10.49,10.13,10.37,5418163,113800920.00
20150914,10.39,10.51,9.50,9.95,5934440,121574904.00
20150915,9.65,9.90,9.23,9.30,5042449,98076680.00
20150916,9.48,10.25,9.25,10.01,4940871,97705360.00
20150917,10.00,10.18,9.85,9.85,4066298,83195712.00
20150918,9.88,10.00,9.76,9.86,2422044,48769828.00
20150921,9.80,10.45,9.75,10.30,4357605,90251464.00
20150922,10.43,10.64,10.32,10.39,4032476,86074472.00
20150923,10.25,10.63,10.11,10.56,4369336,93345120.00
20150924,10.56,10.70,10.45,10.55,3348142,72100984.00
20150925,10.58,10.71,10.28,10.38,4080541,87819832.00
20150928,10.40,10.63,10.30,10.63,2454280,52574408.00
20150929,10.53,10.76,10.38,10.55,2669050,57510584.00
20150930,10.57,10.77,10.55,10.70,2257256,49071008.00
20151008,11.10,11.65,11.10,11.19,5376365,124181416.00
20151009,11.19,11.55,11.05,11.47,3345782,77394888.00
20151012,11.58,12.54,11.56,12.29,6805354,167401008.00
20151013,12.34,12.75,12.10,12.43,5170815,130918136.00
20151014,12.47,12.76,12.26,12.31,4573545,116366624.00
20151015,12.34,12.60,11.94,12.57,6357488,158807232.00
20151016,12.63,12.64,12.10,12.48,6194678,155568736.00
20151019,12.40,12.45,12.05,12.18,3378053,83903264.00
20151020,12.29,12.55,12.18,12.53,4260105,107517512.00
20151021,12.53,12.55,11.30,11.51,4783105,116309824.00
20151022,11.50,11.94,11.50,11.88,3020079,72288616.00
20151023,11.88,12.02,11.68,11.96,5193483,125489824.00
20151026,12.17,13.18,12.06,12.97,15552653,402141248.00
20151027,12.70,13.08,12.24,13.04,8637295,222567856.00
20151028,12.80,13.28,12.53,12.63,4858659,127579232.00
20151029,12.68,13.05,12.53,12.78,4895403,127280144.00
20151030,12.78,13.04,12.45,12.75,5327071,138410736.00
20151102,12.55,13.60,12.36,13.22,8921949,238360832.00
20151103,13.31,13.80,13.31,13.78,9901005,273839136.00
20151104,13.78,14.15,13.40,14.09,8255305,231509056.00
20151105,13.93,14.20,13.62,13.78,6384443,179322432.00
20151106,13.72,14.04,13.64,13.93,5750180,161739808.00
20151109,13.80,13.89,13.49,13.79,5334583,148129408.00
20151110,13.90,14.34,13.70,13.97,8274410,234913888.00
20151111,14.19,14.19,13.74,13.99,4491315,126909936.00
20151112,13.99,14.03,13.77,13.83,7606714,213570272.00
20151113,13.80,13.80,13.13,13.47,5276925,144352944.00
20151116,13.30,13.59,13.19,13.59,3946674,107510368.00
20151117,13.73,14.65,13.70,14.35,9735599,282106208.00
20151118,14.35,15.08,14.11,14.83,10473238,310601728.00
20151119,14.85,15.58,14.67,14.90,6973027,212052000.00
20151120,14.69,14.90,14.46,14.73,5368165,159606256.00
20151123,14.64,16.00,14.51,15.61,7145309,222348672.00
20151124,15.32,16.28,15.30,15.98,6921132,222924608.00
20151125,16.13,16.23,15.60,16.00,4861886,157308528.00
20151126,15.81,15.93,15.26,15.50,5073790,160929568.00
20151127,15.34,15.49,14.45,14.55,5235681,160183456.00
20151130,14.70,15.74,14.40,15.38,6980931,213827808.00
20151201,15.38,16.14,15.16,16.05,8790697,281877920.00
20151202,16.06,16.25,14.70,15.99,5591958,176472128.00
20151203,15.69,16.19,15.65,16.03,3891041,126246032.00
20151204,16.03,16.98,15.83,16.78,8381549,281777888.00
20151207,16.70,17.23,16.41,16.63,6130448,208356352.00
20151208,16.35,16.63,15.70,15.95,4920304,161036256.00
20151209,15.95,17.05,15.85,17.05,7142614,241004656.00
20151210,17.08,17.40,16.60,16.87,4354088,149604496.00
20151211,16.80,17.36,16.60,17.14,4529813,156656080.00
20151214,16.89,17.48,16.76,17.09,3850650,133537984.00
20151215,17.00,17.36,16.90,17.14,3179504,110031144.00
20151216,17.03,17.27,16.64,16.68,3881181,132452696.00
20151217,16.75,17.13,16.75,17.00,4471970,152909760.00
20151218,16.99,18.55,16.58,17.58,8257311,291610368.00
20151221,17.45,18.05,17.21,17.44,5355905,189788112.00
20151222,17.54,17.77,17.35,17.45,3997389,141611392.00
20151223,17.45,17.45,17.00,17.12,3675589,127952160.00
20151224,16.95,17.25,16.89,17.20,2438994,84343840.00
20151225,17.30,17.59,16.93,17.04,4036547,140805296.00
20151228,17.02,17.13,15.80,15.93,9652062,320862560.00
20151229,15.94,16.29,15.31,16.28,4948586,157987280.00
20151230,16.47,16.47,15.94,16.13,2717965,88734072.00
20151231,16.10,16.34,15.60,16.07,4528398,146108944.00
20160104,16.06,16.07,14.49,14.54,2866619,90499376.00
20160105,14.10,15.32,13.54,15.23,5508056,166058016.00
20160106,15.16,15.39,14.81,15.38,3344768,103106856.00
20160107,15.06,15.10,13.82,13.87,807341,23579490.00
20160108,14.40,14.77,13.34,14.55,5200859,150752256.00
20160111,14.30,14.90,14.20,14.26,4265266,125597840.00
20160112,14.35,14.58,14.11,14.25,3996107,115804520.00
20160113,14.24,14.39,13.42,13.68,4329298,122054480.00
20160114,12.81,13.99,12.81,13.70,3830045,105272800.00
20160115,13.55,13.65,13.00,13.07,3373182,90971000.00
20160118,12.77,13.38,12.71,13.06,3028152,80344104.00
20160119,13.04,13.90,12.91,13.75,5463194,150245632.00
20160120,13.65,14.50,13.57,13.90,5072729,145136864.00
20160121,13.44,14.17,13.44,13.89,3885052,109174488.00
20160122,13.91,14.15,13.56,13.93,2726767,76510544.00
20160125,14.26,14.34,13.79,13.89,2044884,58118656.00
20160126,13.72,13.88,12.89,13.11,3028394,82127728.00
20160127,13.42,13.42,12.10,12.87,3437033,88572968.00
20160128,12.95,13.35,12.61,12.71,3539417,93368720.00
20160129,12.70,13.32,12.61,13.06,2804105,74009488.00
20160201,13.05,13.13,12.55,12.80,2871116,75063112.00
20160202,12.80,13.37,12.75,13.23,3071015,82276952.00
20160203,13.00,13.55,12.98,13.49,2160081,58277888.00
20160204,13.55,13.89,13.40,13.79,2079525,58103912.00
20160205,13.80,13.93,13.70,13.91,1945846,54681888.00
20160215,13.31,13.97,13.31,13.86,1428576,39617640.00
20160216,13.94,14.33,13.81,14.26,2975044,85345736.00
20160217,14.29,14.29,13.93,14.19,2408881,68919952.00
20160218,14.18,14.27,14.00,14.03,1915428,54910172.00
20160219,13.90,14.12,13.85,14.08,1908353,54167520.00
20160222,14.25,14.28,14.05,14.23,2303704,66180512.00
20160223,14.45,14.45,13.98,14.19,1930962,55644228.00
20160224,14.14,14.19,13.74,13.98,1826844,51697448.00
20160225,13.92,13.92,12.56,12.59,3821681,102021520.00
20160226,12.79,12.95,12.52,12.63,1982821,51152784.00
20160229,12.69,12.69,11.60,11.76,2266585,55073744.00
20160301,11.80,12.44,11.60,12.43,2917073,71027152.00
20160302,12.42,12.93,12.27,12.83,2989711,76847784.00
20160303,12.97,12.97,12.70,12.77,2180978,56858500.00
20160304,12.71,12.80,12.09,12.28,2247754,56651220.00
20160307,12.30,12.60,12.24,12.35,1618957,40897096.00
20160308,12.35,12.49,11.89,12.39,1963887,48577576.00
20160309,12.26,12.36,11.96,12.07,2007644,49356708.00
20160310,12.05,12.19,11.81,11.86,1189629,29026164.00
20160311,11.86,11.91,11.60,11.74,2110817,50417756.00
20160314,11.92,12.40,11.90,12.14,3224005,79992128.00
20160315,12.08,12.23,11.99,12.02,1426518,35043720.00
20160316,12.10,12.22,11.83,11.89,1776213,43280988.00
20160317,11.89,12.31,11.89,12.28,2621905,64986584.00
20160318,12.29,12.88,12.29,12.70,3264987,83731912.00
20160321,12.97,13.02,12.73,12.93,2938250,76725584.00
20160322,12.76,12.99,12.70,12.93,3139097,81670864.00
20160323,12.81,13.78,12.65,13.78,4829603,128436208.00
20160324,13.75,14.00,13.34,13.50,7822127,218377776.00
20160325,13.37,13.43,12.75,13.03,5021572,133746336.00
20160328,13.05,13.47,13.00,13.08,3315352,88976384.00
20160329,13.08,13.08,12.65,12.73,2424583,63022044.00
20160330,12.85,13.30,12.83,13.21,2835837,74942904.00
20160331,13.20,13.35,13.06,13.35,3395537,91228064.00
20160401,13.25,13.31,13.00,13.31,3325742,88956288.00
20160405,13.44,13.61,13.18,13.53,4089252,111891136.00
20160406,13.49,13.65,13.21,13.35,3861434,105178248.00
20160407,13.37,13.48,13.00,13.01,3744649,99971504.00
20160408,13.01,13.17,12.80,13.08,3415034,90274160.00
20160411,13.19,13.39,13.16,13.25,3023352,81510344.00
20160412,14.19,14.19,13.43,13.63,18479603,514529088.00
20160413,13.70,13.99,13.52,13.73,12611453,351871808.00
20160414,13.79,13.82,13.56,13.71,6584168,182388384.00
20160415,13.74,13.74,13.59,13.68,3969195,109916056.00
20160418,13.63,13.63,13.20,13.24,6392649,172338736.00
20160419,13.30,13.48,13.08,13.23,4600333,123518192.00
20160420,13.20,13.31,12.23,12.42,6643839,171878528.00
20160421,12.45,12.54,12.30,12.31,3353436,84567464.00
20160422,12.30,12.43,12.16,12.40,2407440,60165100.00
20160425,12.39,12.39,12.09,12.27,3146169,78079336.00
20160426,12.27,12.45,12.24,12.45,2247173,56269656.00
20160427,12.47,12.58,12.28,12.32,3135807,79174960.00
20160428,12.32,12.45,12.21,12.43,2120813,53163088.00
20160429,12.38,12.43,12.24,12.26,3381410,84608896.00
20160503,12.14,12.55,12.14,12.53,4682704,117983544.00
20160504,12.50,12.82,12.45,12.72,5109607,130957840.00
20160505,12.57,12.80,12.55,12.76,3772678,96976928.00
20160506,12.71,12.85,12.35,12.40,4190545,107302648.00
20160509,12.38,12.38,11.92,12.00,2882908,70994032.00
20160510,12.00,12.13,11.97,12.00,1624100,39692528.00
20160511,12.12,12.25,12.00,12.17,2268104,55942124.00
20160512,12.00,12.19,11.80,12.12,2487140,60855656.00
20160513,12.09,12.25,12.02,12.13,2488903,61387192.00
20160516,12.10,12.53,12.05,12.50,3890497,97888592.00
20160517,12.43,12.55,12.36,12.45,2366067,59844360.00
20160518,12.39,12.39,11.95,12.09,2663844,65554164.00
20160519,12.09,12.24,11.98,12.03,1974380,48639364.00
20160520,11.99,12.10,11.89,12.09,1503431,36683020.00
20160523,12.10,12.28,12.04,12.15,2304401,56999228.00
20160524,12.28,12.35,12.11,12.27,3220911,79985120.00
20160525,12.27,12.40,12.21,12.27,2856806,71498936.00
20160526,12.23,12.28,11.90,12.11,2904008,70946336.00
20160527,12.10,12.10,11.95,11.99,2499594,60998456.00
20160530,11.99,11.99,11.83,11.85,2491572,60263840.00
20160531,11.90,12.22,11.85,12.21,9437984,115144344.00
20160601,12.23,12.28,12.09,12.13,7368897,90296232.00
20160602,12.13,12.16,11.87,12.02,10098238,121969984.00
20160603,12.03,12.22,11.96,12.21,11601662,141573232.00
20160606,12.25,12.47,12.18,12.38,11615818,144181744.00
20160607,12.35,12.35,12.18,12.22,6149337,75860704.00
20160608,12.20,12.20,11.98,12.05,7277133,88472272.00
20160613,11.90,11.90,11.52,11.56,7781009,91808552.00
20160614,11.48,11.63,11.39,11.53,4273678,49652016.00
20160615,11.41,11.75,11.36,11.66,8274205,97113224.00
20160616,11.63,11.69,11.40,11.44,6717571,78081416.00
20160617,11.48,11.70,11.47,11.65,6667764,78068832.00
20160620,11.65,12.76,11.56,12.54,22929086,285262528.00
20160621,12.59,13.04,12.45,12.57,19177841,247427520.00
20160622,12.60,12.81,12.47,12.68,11832178,151241824.00
20160623,12.63,12.95,12.40,12.72,11024087,141647008.00
20160624,12.70,12.88,11.90,12.27,11793370,147987952.00
20160627,12.13,12.42,11.88,12.34,12218381,150147744.00
20160628,12.30,12.54,12.18,12.44,7353050,91928736.00
20160629,12.46,12.58,12.25,12.31,7470455,93019544.00
20160630,12.31,12.37,12.11,12.25,6890815,84926248.00
20160701,12.29,12.36,12.22,12.30,5488416,68080424.00
20160704,12.31,12.59,12.25,12.48,10843346,136497408.00
20160705,12.49,12.94,12.40,12.88,17527729,225326000.00
20160706,12.80,12.82,12.60,12.76,8167447,104456936.00
20160707,12.78,12.78,12.60,12.69,7504411,95950344.00
20160708,12.70,12.84,12.64,12.75,4884285,62633196.00
20160711,12.70,12.84,12.40,12.61,7959098,102277976.00
20160712,12.61,12.74,12.45,12.72,8401895,106536064.00
20160713,12.82,14.00,12.78,14.00,41637094,576945408.00
20160714,14.03,14.03,13.46,13.50,29601647,407357536.00
20160715,13.60,13.99,13.31,13.72,25919545,356314080.00
20160718,13.58,13.85,13.50,13.71,13592880,187167056.00
20160719,13.61,13.68,13.38,13.43,14050096,190912128.00
20160720,13.45,13.58,13.37,13.45,6512459,88287040.00
20160721,13.50,13.98,13.49,13.64,15887524,220007952.00
20160722,13.65,13.68,13.44,13.45,6616946,89907104.00
20160725,13.45,13.46,13.21,13.36,6765202,90842392.00
20160726,13.33,13.70,13.26,13.67,7714751,105205520.00
20160727,13.63,13.67,12.78,13.13,11148678,148753968.00
20160728,13.13,13.39,13.11,13.28,7633817,101867696.00
20160729,13.28,13.28,12.95,12.96,7466156,98384984.00
20160801,12.96,13.05,12.69,12.76,5234018,67697000.00
20160802,12.85,13.02,12.76,12.90,6167075,80015048.00
20160803,12.83,12.99,12.81,12.92,3872288,50372448.00
20160804,12.93,13.02,12.62,12.82,8658689,111340312.00
20160805,12.76,12.82,12.68,12.75,5012014,64383844.00
20160808,12.65,12.80,12.59,12.76,7772912,99396704.00
20160809,12.74,12.95,12.68,12.94,8723420,113005352.00
20160810,12.95,12.95,12.82,12.83,5382129,69762048.00
20160811,12.81,12.81,12.60,12.67,5909096,75520352.00
20160812,12.65,12.78,12.60,12.75,7412689,94562368.00
20160815,12.76,13.09,12.72,13.08,10657184,139182304.00
20160816,13.05,13.19,12.96,13.08,6421206,84597712.00
20160817,13.13,13.29,13.02,13.15,5925789,78398264.00
20160818,13.12,13.15,12.98,13.01,5593376,73489496.00
20160819,12.97,13.04,12.96,13.02,3779161,49508128.00
20160822,13.03,13.09,12.70,12.72,6188149,80140976.00
20160823,12.72,12.85,12.65,12.77,4330964,55692864.00
20160824,12.78,12.94,12.74,12.82,3635272,47095384.00
20160825,12.78,12.78,12.48,12.60,9556473,121197264.00
20160826,12.62,12.75,12.59,12.69,5471093,69806776.00
20160829,12.62,12.74,12.61,12.69,2702854,34575300.00
20160830,12.68,12.77,12.60,12.60,6022824,77031048.00
20160831,12.65,12.67,12.50,12.65,6291945,79673352.00
20160901,12.63,12.88,12.56,12.84,8281888,106379200.00
20160902,12.86,13.04,12.72,12.85,8218911,106890152.00
20160905,12.85,12.90,12.74,12.77,4619112,59727408.00
20160906,12.77,12.97,12.55,12.90,6999381,90090344.00
20160907,12.87,12.95,12.76,12.77,5154422,66756432.00
20160908,12.71,12.88,12.71,12.85,3225952,41588384.00
20160909,12.87,13.00,12.72,12.72,3593083,46390984.00
20160912,12.51,12.62,12.38,12.46,6033902,75823144.00
20160913,12.50,12.55,12.32,12.41,3889283,48688976.00
20160914,12.32,12.44,12.29,12.31,2851156,35476760.00
20160919,12.34,12.46,12.34,12.45,2663853,33350188.00
20160920,12.48,12.49,12.28,12.39,3392910,42300668.00
20160921,12.43,12.43,12.30,12.36,2385839,29723824.00
20160922,12.41,12.44,12.36,12.41,2998668,37496648.00
20160923,12.40,12.44,12.28,12.29,3212357,39900884.00
20160926,12.31,12.31,11.87,11.92,9772175,118337064.00
20160927,11.92,11.99,11.83,11.98,2779643,33359410.00
20160928,11.98,12.12,11.97,12.00,3462573,42041196.00
20160929,12.07,12.07,11.96,12.01,2807984,34009668.00
20160930,12.03,12.13,11.90,12.10,3257803,39418592.00
20161010,12.13,12.39,12.12,12.37,3968903,49238748.00
20161011,12.31,12.39,12.30,12.37,3510978,43698476.00
20161012,12.22,12.30,11.88,12.05,26293128,317292064.00
20161013,11.84,11.84,11.60,11.69,27291402,321375072.00
20161014,11.67,11.73,11.58,11.64,13981411,164309648.00
20161017,11.67,11.70,11.55,11.60,12443158,145773680.00
20161018,11.60,11.68,11.52,11.67,16721283,195513216.00
20161019,11.68,11.70,11.59,11.61,11755982,137766528.00
20161020,11.61,11.66,11.53,11.64,11615033,135680160.00
20161021,11.62,11.69,11.56,11.61,10196107,119578784.00
20161024,11.61,11.65,11.55,11.61,10570209,123697224.00
20161025,11.62,11.73,11.60,11.72,13604596,160315600.00
20161026,11.72,11.72,11.59,11.65,10278136,120543888.00
20161027,11.65,11.65,11.57,11.63,8271798,96693016.00
20161028,11.60,11.65,11.57,11.57,6494103,75969040.00
20161031,11.57,11.59,11.39,11.43,10567124,121898704.00
20161101,11.41,11.49,11.41,11.49,6063321,70022704.00
20161102,11.45,11.47,11.39,11.41,7248427,83497144.00
20161103,11.37,11.49,11.36,11.44,7277535,83947704.00
20161104,11.42,11.49,11.39,11.43,6064560,70000520.00
20161107,11.45,11.45,11.32,11.34,7603763,87137584.00
20161108,11.38,11.41,11.32,11.37,8889623,101795168.00
20161109,11.37,11.38,11.09,11.20,9847305,111761440.00
20161110,11.24,11.38,11.22,11.35,13592110,154614688.00
20161111,11.35,11.68,11.32,11.62,27972540,326779008.00
20161114,11.59,11.70,11.52,11.62,15985178,187167264.00
20161115,11.60,11.75,11.52,11.70,16110417,189808544.00
20161116,11.68,12.07,11.67,11.85,24092529,288751872.00
20161117,11.80,11.80,11.66,11.73,8231799,97253280.00
20161118,11.73,11.73,11.61,11.63,6765857,79476608.00
20161121,11.63,11.70,11.42,11.48,13513814,157150080.00
20161122,11.47,11.59,11.47,11.58,10683068,124255272.00
20161123,11.59,11.63,11.51,11.53,7829535,91229752.00
20161124,11.53,11.87,11.51,11.79,18848409,223148512.00
20161125,11.80,11.82,11.55,11.72,12690370,149743216.00
20161128,11.76,11.81,11.65,11.76,10226799,120931200.00
20161129,11.76,11.79,11.57,11.59,10713068,126089560.00
20161130,11.59,11.64,11.49,11.52,8219170,95688112.00
20161201,11.51,11.57,11.50,11.56,6360991,73949712.00
20161202,11.53,11.65,11.49,11.50,7046318,82026912.00
20161205,11.44,11.51,11.35,11.36,6902330,79446312.00
20161206,11.37,11.44,11.26,11.30,6444154,73596120.00
20161207,11.30,11.41,11.21,11.40,5469704,62394600.00
20161208,11.40,11.40,11.31,11.32,3404001,39009544.00
20161209,11.31,11.41,11.28,11.30,4474621,51166108.00
20161212,11.41,11.63,11.05,11.06,19487710,224151808.00
20161213,11.00,11.50,10.50,11.39,14959617,168688816.00
20161214,11.40,12.09,11.36,11.90,43149256,515759360.00
20161215,11.80,12.08,11.61,11.99,21784943,260464272.00
20161216,11.88,12.05,11.81,11.88,14755801,177248160.00
20161219,11.88,12.32,11.83,12.20,26342167,322197664.00
20161220,12.13,12.20,11.81,11.95,13475937,162521072.00
20161221,11.96,12.37,11.84,11.98,15727121,191350544.00
20161222,11.98,12.19,11.84,12.06,12497324,151711536.00
20161223,12.01,12.19,11.88,11.94,10433789,126492888.00
20161226,11.90,11.96,11.63,11.82,10501172,124645880.00
20161227,11.82,11.96,11.74,11.82,7387923,88123280.00
20161228,11.88,11.88,11.65,11.73,8609545,101974784.00
20161229,11.74,11.74,11.47,11.53,7192557,84238488.00
20161230,11.54,11.58,11.20,11.25,10759394,122983832.00
20170103,11.27,11.48,11.22,11.37,7385169,84670128.00
20170104,11.38,11.81,11.30,11.73,14691272,171541088.00
20170105,11.72,11.74,11.62,11.62,5784078,68129880.00
20170106,11.60,11.70,11.51,11.64,4174465,48821472.00
20170109,11.63,11.68,11.39,11.68,8354200,97004128.00
20170110,11.68,11.80,11.62,11.70,6580142,77699240.00
20170111,11.70,11.70,11.45,11.47,5172150,60163968.00
20170112,11.45,11.46,11.15,11.17,8856728,100738640.00
20170113,11.17,11.29,11.11,11.15,4664692,52707492.00
20170116,11.15,11.22,10.08,10.69,7475022,81253880.00
20170117,10.58,10.84,10.40,10.73,3744780,40143972.00
20170118,10.73,10.73,10.59,10.61,2356183,25332180.00
20170119,10.53,10.57,10.40,10.47,4313716,45573868.00
20170120,10.46,10.61,10.39,10.61,3661342,38942920.00
20170123,10.61,10.80,10.51,10.76,4617350,49973980.00
20170124,10.78,10.80,10.65,10.72,3701243,40027700.00
20170125,10.66,10.85,10.66,10.85,2604599,28224446.00
20170126,10.86,10.98,10.81,10.90,3132015,34518420.00
20170203,10.98,10.98,10.71,10.88,2917439,31934108.00
20170206,10.90,11.18,10.90,11.05,4517058,50323764.00
20170207,11.10,11.11,10.81,10.91,6853620,75471872.00
20170208,10.94,10.94,10.75,10.85,6791168,74085720.00
20170209,10.85,10.97,10.80,10.90,6132931,67410304.00
20170210,10.92,10.95,10.85,10.91,4450772,48934840.00
20170213,10.90,10.95,10.82,10.94,4730179,52085976.00
20170214,10.90,10.95,10.82,10.84,5302741,58095388.00
20170215,10.85,10.88,10.77,10.80,5435442,59417324.00
20170216,10.72,10.83,10.72,10.81,4119521,44777124.00
20170217,10.81,10.82,10.55,10.59,7021539,75588808.00
20170220,10.59,10.74,10.59,10.74,6812624,73172640.00
20170221,10.78,10.81,10.73,10.80,6111814,66426588.00
20170222,10.75,10.86,10.75,10.86,5094961,55579852.00
20170223,10.87,10.87,10.66,10.73,7124149,77228904.00
20170224,10.73,10.76,10.64,10.71,7616583,82200696.00
20170227,10.71,10.76,10.68,10.73,5559426,60157496.00
20170228,10.72,10.72,10.53,10.63,8467811,90629392.00
20170301,10.63,10.66,10.50,10.59,5118401,54758348.00
20170302,10.58,10.63,10.52,10.60,4790673,51170724.00
20170303,10.57,10.63,10.51,10.62,4207408,44918312.00
20170306,10.62,10.78,10.57,10.77,6029657,65051360.00
20170307,10.77,10.82,10.66,10.72,6937184,75139904.00
20170308,10.69,10.80,10.68,10.74,6602013,71661064.00
20170309,10.77,10.78,10.59,10.63,4824508,51770896.00
20170310,10.64,10.65,10.59,10.61,2882234,30865472.00
20170313,10.62,10.62,10.43,10.58,5296131,56262468.00
20170314,10.56,10.63,10.56,10.56,3316810,35458868.00
20170315,10.59,10.59,10.50,10.53,2823204,29994826.00
20170316,10.53,10.62,10.52,10.59,5593996,59685512.00
20170317,10.61,10.61,10.50,10.52,5858731,62453836.00
20170320,10.50,10.51,10.41,10.47,4661091,49164400.00
20170321,10.48,10.51,10.33,10.40,6953391,73085912.00
20170322,10.39,10.39,10.21,10.24,8622315,89329624.00
20170323,10.25,10.37,10.23,10.29,5119870,53230780.00
20170324,10.30,10.32,10.18,10.25,5075593,52436172.00
20170327,10.26,10.28,10.20,10.21,4617692,47621236.00
20170328,10.21,10.27,10.17,10.24,4450084,45911996.00
20170329,10.23,10.25,10.08,10.12,6834022,70144608.00
20170330,10.12,10.12,9.85,9.90,9755263,97787728.00
20170331,9.84,9.96,9.84,9.92,5413751,54137420.00
20170405,9.92,10.07,9.92,10.02,4951670,50081600.00
20170406,10.01,10.24,9.98,10.10,6645454,67870872.00
20170407,10.15,10.17,10.06,10.10,5121393,52289936.00
20170410,10.12,10.12,9.99,10.02,4558797,46168332.00
20170411,10.00,10.04,9.91,10.03,4259837,42888896.00
20170412,10.00,10.03,9.91,9.97,3412130,34364328.00
20170413,9.93,10.04,9.93,9.97,3891080,39242224.00
20170414,9.97,9.97,9.90,9.92,4238743,42463540.00
20170417,9.90,9.90,9.70,9.77,5640329,55823780.00
20170418,9.75,9.77,9.51,9.53,6661086,64965284.00
20170419,9.47,9.47,9.23,9.31,7321680,68788400.00
20170420,9.25,9.33,9.02,9.10,7573775,70252768.00
20170421,9.15,9.15,8.93,8.97,9787003,89192352.00
20170424,8.97,8.99,8.61,8.71,8479205,74893416.00
20170425,8.74,8.86,8.65,8.80,4161402,37057108.00
20170426,8.81,8.88,8.70,8.87,3305511,29539020.00
20170427,8.80,8.80,8.45,8.68,9044730,78596488.00
20170428,8.69,8.69,8.58,8.60,4792280,41745184.00
20170502,8.62,8.62,8.52,8.60,3445379,29853544.00
20170503,8.61,8.67,8.56,8.67,3788090,32987826.00
20170504,8.62,8.75,8.56,8.62,4083924,35756696.00
20170505,8.60,8.61,8.39,8.45,4700722,40399784.00
20170508,8.40,8.40,7.98,8.06,9751234,80838888.00
20170509,8.00,8.11,7.85,8.05,8184813,66101276.00
20170510,8.04,8.09,7.81,7.84,5152591,41677280.00
20170511,7.80,7.80,7.42,7.60,9667893,74341256.00
20170512,7.60,7.65,7.51,7.58,4785363,36840896.00
20170515,7.58,7.67,7.51,7.53,4872273,37383184.00
20170516,7.54,7.88,7.46,7.86,9086624,70239488.00
20170517,7.83,7.86,7.71,7.73,6548817,51672692.00
20170518,7.66,7.75,7.60,7.65,4784454,37218192.00
20170519,7.67,7.74,7.65,7.68,3851938,29974892.00
20170522,7.78,7.88,7.60,7.61,6517371,51189144.00
20170523,7.60,7.61,7.27,7.29,5872105,44152940.00
20170524,7.26,7.37,7.11,7.36,4182062,30753874.00
20170525,7.32,7.47,7.21,7.44,4485851,33475298.00
20170526,7.40,7.46,7.40,7.46,2709780,20410526.00
20170531,7.52,7.56,7.42,7.43,3988579,30263784.00
20170601,7.42,7.44,7.32,7.33,3221138,24102234.00
20170602,7.28,7.41,7.19,7.40,5403991,39969060.00
20170605,7.41,7.51,7.39,7.45,3869479,29220526.00
20170606,7.45,7.53,7.40,7.51,4289398,32538168.00
20170607,7.49,7.71,7.47,7.70,6824134,52785872.00
20170608,7.73,7.77,7.65,7.69,5674497,43762528.00
20170609,7.69,7.70,7.58,7.69,4067369,31034352.00
20170612,7.64,7.65,7.59,7.60,3503861,26680884.00
20170613,7.58,7.67,7.56,7.66,4990779,38084816.00
20170614,7.64,7.67,7.60,7.65,3708391,28300880.00
20170615,7.63,7.84,7.63,7.80,10337922,80062840.00
20170616,7.80,7.80,7.65,7.69,6982229,53794248.00
20170619,7.67,7.78,7.65,7.73,4605059,35504012.00
20170620,7.73,7.76,7.70,7.72,5152683,39814196.00
20170621,7.72,7.75,7.63,7.68,4245879,32645622.00
20170622,7.68,7.74,7.56,7.57,3950296,30255482.00
20170623,7.52,7.59,7.45,7.55,4749121,35714368.00
20170626,7.53,7.63,7.51,7.61,3302422,25069780.00
20170627,7.64,7.73,7.62,7.72,5600018,43123556.00
20170628,7.70,7.70,7.63,7.65,2891116,22147910.00
20170629,7.65,7.73,7.64,7.66,4041877,31074242.00
20170630,7.64,7.70,7.60,7.69,3681143,28163778.00
20170703,7.70,7.72,7.65,7.71,4097524,31515008.00
20170704,7.69,7.79,7.69,7.78,7923632,61273584.00
20170705,7.75,7.78,7.68,7.78,7270784,56193100.00
20170706,7.76,7.79,7.70,7.73,6040553,46795980.00
20170707,7.73,7.79,7.68,7.76,5178929,40097612.00
20170710,7.75,7.79,7.70,7.72,6727538,52078708.00
20170711,7.73,7.74,7.59,7.60,7336408,56275572.00
20170712,7.59,7.62,7.44,7.51,7353244,55164524.00
20170713,7.50,7.55,7.43,7.51,3837317,28785560.00
20170714,7.29,7.41,7.26,7.27,9538529,69789752.00
20170717,7.25,7.25,6.70,6.75,10833413,74879104.00
20170718,6.75,6.81,6.66,6.77,6765436,45512036.00
20170719,6.78,6.85,6.72,6.84,7817773,52955960.00
数据来源:通达信
