002529 海源机械 日线 前复权
      日期	    开盘	    最高	    最低	    收盘	    成交量	    成交额
20101224,21.15,22.75,18.25,18.26,21490438,544149248.00
20101227,17.95,18.29,17.29,17.79,10816707,245165552.00
20101228,17.55,17.79,15.97,15.97,8024170,170200864.00
20101229,15.69,16.70,15.56,16.37,5350610,110824088.00
20101230,16.17,17.12,15.98,16.72,5328463,114009096.00
20101231,16.35,16.97,16.21,16.74,4827812,102746336.00
20110104,16.79,18.25,16.59,18.09,7331663,165446784.00
20110105,17.85,19.14,17.81,18.37,5894105,139842112.00
20110106,18.19,18.71,18.03,18.46,3843373,90278000.00
20110107,18.03,18.73,18.03,18.51,4644600,109575816.00
20110110,18.35,19.04,18.11,18.11,4368270,103795384.00
20110111,18.27,18.27,16.91,17.45,3187800,71091760.00
20110112,17.47,19.25,17.27,19.25,4940826,116990952.00
20110113,19.10,19.54,18.65,18.65,3972862,96585184.00
20110114,18.51,18.89,17.71,18.05,3580394,83113576.00
20110117,18.09,18.87,16.93,17.20,4105994,94633016.00
20110118,16.33,16.79,15.43,16.47,2639823,55004728.00
20110119,16.21,16.91,15.96,16.77,2458093,52323924.00
20110120,16.75,17.02,16.27,16.35,1820360,38705100.00
20110121,16.27,16.59,15.95,16.57,1630242,34195180.00
20110124,16.59,17.37,16.40,17.11,2169476,47643132.00
20110125,17.10,17.29,16.36,17.07,1162649,25177852.00
20110126,16.96,17.93,16.96,17.89,2293603,51625228.00
20110127,17.86,18.31,17.57,17.78,2008905,46130688.00
20110128,17.57,18.09,17.57,17.99,1434348,32888790.00
20110131,17.97,18.38,17.73,18.17,1383320,32117060.00
20110201,18.03,18.82,18.03,18.66,1644187,39132328.00
20110209,18.31,18.61,18.01,18.40,1307253,30611388.00
20110210,18.27,18.97,18.05,18.80,1710914,40573464.00
20110211,18.80,20.55,18.61,19.57,3170331,79279096.00
20110214,19.63,19.93,18.99,19.49,3060572,75853336.00
20110215,19.35,19.85,19.07,19.39,2281390,56508472.00
20110216,19.42,20.33,19.17,20.25,3307124,83524816.00
20110217,20.22,20.57,19.81,19.83,2715914,69858064.00
20110218,19.87,19.93,19.24,19.59,1904157,47448936.00
20110221,19.55,20.07,19.39,20.04,1856991,47018424.00
20110222,20.02,20.03,18.37,18.42,2733456,66488556.00
20110223,18.37,18.65,18.17,18.46,1301056,30646610.00
20110224,18.35,18.58,17.96,18.11,1543100,35944988.00
20110225,18.00,18.25,17.93,18.20,842477,19566774.00
20110228,18.13,18.75,17.95,18.73,1262976,29721140.00
20110301,18.73,18.87,18.41,18.59,1120070,26675346.00
20110302,18.29,18.49,17.72,18.06,1188153,27376520.00
20110303,17.89,18.21,17.79,17.89,852364,19623528.00
20110304,17.89,18.73,17.07,18.50,6762903,153486144.00
20110307,18.55,18.69,18.09,18.37,4641441,109520568.00
20110308,18.20,18.31,17.71,17.97,1973165,45416264.00
20110309,17.95,18.11,17.79,18.01,1228439,28230360.00
20110310,17.93,17.99,17.61,17.66,1190793,27106132.00
20110311,17.57,17.90,17.47,17.49,1107598,25136188.00
20110314,17.56,17.68,17.29,17.41,1354932,30305338.00
20110315,17.41,17.85,17.33,17.79,1725283,39003684.00
20110316,17.76,17.91,17.55,17.72,1217999,27600628.00
20110317,17.64,17.64,16.72,16.75,1626199,35739856.00
20110318,16.79,17.07,16.73,16.81,753051,16289969.00
20110321,16.77,17.13,16.75,17.13,773469,16807348.00
20110322,17.23,17.26,16.79,17.15,787649,17171774.00
20110323,17.11,17.25,16.84,17.15,1047029,22961504.00
20110324,17.05,17.35,16.99,17.02,2533503,55608600.00
20110325,16.89,16.98,16.53,16.58,3185122,68368368.00
20110328,16.58,16.65,15.71,16.11,6658735,137435520.00
20110329,15.97,16.30,15.91,16.21,2263128,46850924.00
20110330,16.20,16.20,15.77,15.99,1436261,29465052.00
20110331,15.95,16.08,15.63,15.68,1414388,28679110.00
20110401,15.68,15.87,15.60,15.81,1264944,25597068.00
20110406,15.78,15.89,15.61,15.72,1251109,25319268.00
20110407,15.73,16.18,15.72,16.18,2041548,42125116.00
20110408,16.17,16.41,16.05,16.37,1736035,36260312.00
20110411,16.40,16.41,16.07,16.11,1323502,27592910.00
20110412,16.05,16.23,15.97,16.01,898078,18564842.00
20110413,16.03,16.13,15.89,16.11,689138,14192238.00
20110414,16.07,16.34,16.02,16.27,1298180,27020962.00
20110418,15.94,16.09,15.71,15.81,1314861,26775060.00
20110419,15.77,15.95,15.61,15.81,764932,15531630.00
20110420,15.79,15.93,15.67,15.86,803624,16296072.00
20110421,15.93,15.99,15.78,15.86,889945,18159848.00
20110422,15.87,16.17,15.87,16.15,1307290,26952538.00
20110425,16.11,16.35,16.00,16.16,1409952,29295296.00
20110426,16.13,16.13,14.84,15.03,1657800,33017012.00
20110427,14.99,15.24,14.23,14.29,1441013,27190696.00
20110428,14.41,14.47,13.98,14.04,792794,14535311.00
20110429,14.21,14.33,14.04,14.30,363463,6662617.00
20110503,14.32,14.85,14.05,14.74,736469,13750624.00
20110504,14.74,14.74,14.28,14.47,534311,9992035.00
20110505,14.37,14.54,14.30,14.44,495835,9082363.00
20110506,14.36,14.36,13.44,13.84,1307431,22901822.00
20110509,13.80,14.10,13.80,14.00,497728,8818911.00
20110510,14.10,14.10,13.85,14.03,411311,7277348.00
20110511,14.13,14.13,13.87,13.96,423283,7478862.00
20110512,13.95,13.95,13.50,13.62,560288,9746760.00
20110513,13.86,13.86,13.45,13.74,521611,9015198.00
20110516,13.80,13.85,13.62,13.78,464889,8112104.50
20110517,13.89,14.14,13.66,13.93,750669,13240329.00
20110518,14.02,14.24,13.94,14.10,713345,12739898.00
20110519,14.12,14.12,13.88,13.94,462807,8200234.00
20110520,13.88,13.96,13.68,13.72,375603,6567588.00
20110523,13.86,13.86,13.17,13.27,713124,12088178.00
20110524,13.23,13.23,12.72,13.20,793988,13078199.00
20110525,13.09,13.82,13.05,13.43,1713226,29348794.00
20110526,13.46,13.54,12.94,13.40,1165988,19656500.00
20110527,13.40,14.08,12.93,14.01,1802605,31124502.00
20110530,14.00,14.50,13.69,14.36,3849955,69132496.00
20110531,14.20,14.27,13.84,14.20,1568335,28017934.00
20110601,14.22,14.37,14.04,14.29,1145068,20648458.00
20110602,14.12,14.12,13.20,13.47,1210886,20945186.00
20110603,13.32,13.67,13.28,13.52,552942,9498072.00
20110607,13.46,13.87,13.40,13.72,543387,9468062.00
20110608,13.72,13.72,13.34,13.50,700140,11953213.00
20110609,13.50,13.54,13.08,13.10,603059,10158835.00
20110610,13.10,13.26,12.78,12.94,607545,9958549.00
20110613,12.90,13.12,12.61,13.03,427731,6997169.00
20110614,13.03,13.26,12.93,13.16,429212,7157722.50
20110615,13.15,13.22,12.85,13.02,326310,5407946.50
20110616,12.77,12.95,12.70,12.77,479549,7795953.50
20110617,12.77,12.89,12.70,12.74,201290,3262649.00
20110620,12.74,12.82,12.44,12.75,366230,5882844.50
20110621,12.82,12.92,12.69,12.79,532684,8644526.00
20110622,12.90,13.06,12.76,12.92,629443,10310541.00
20110623,12.80,13.28,12.76,13.13,861883,14340181.00
20110624,13.13,13.90,13.12,13.66,1406606,24109486.00
20110627,13.62,13.84,13.48,13.64,1012652,17507838.00
20110628,13.63,13.70,13.45,13.66,675358,11637801.00
20110629,13.63,13.74,13.22,13.23,869445,14848010.00
20110630,13.11,13.44,13.11,13.30,656386,11113743.00
20110701,13.31,13.54,13.30,13.34,552084,9395793.00
20110704,13.37,14.04,13.37,13.92,1585982,27745418.00
20110705,14.02,14.02,13.74,13.96,1044606,18425332.00
20110706,13.88,14.02,13.74,13.95,867084,15228795.00
20110707,13.95,14.63,13.77,14.36,2537767,45737380.00
20110708,14.23,14.58,14.23,14.45,1812875,33136026.00
20110711,14.46,14.78,14.29,14.66,1270753,23433108.00
20110712,14.48,14.52,14.20,14.20,1154673,20976018.00
20110713,14.20,14.92,14.13,14.81,1836425,34248856.00
20110714,14.92,14.98,14.62,14.81,1033363,19312886.00
20110715,14.81,15.30,14.69,15.01,1517367,28838536.00
20110718,15.20,15.20,14.74,14.76,879666,16592332.00
20110719,14.76,15.91,14.76,15.57,4208145,82337104.00
20110720,15.66,16.33,15.66,16.13,4612648,93945680.00
20110721,16.16,16.27,15.86,16.13,2352542,47912952.00
20110722,16.13,16.24,15.88,16.16,1831109,37268240.00
20110725,16.14,16.32,15.00,15.19,2819208,56241976.00
20110726,15.14,15.39,14.32,14.56,2147040,39881144.00
20110727,14.52,14.92,14.34,14.90,1715840,31858794.00
20110728,14.74,14.74,14.35,14.66,1137117,20946128.00
20110729,14.54,14.79,14.36,14.56,999727,18356940.00
20110801,14.50,14.89,14.38,14.82,1051636,19528908.00
20110802,14.62,14.78,14.32,14.61,697953,12814055.00
20110803,14.38,14.69,14.32,14.53,627841,11551588.00
20110804,14.53,14.74,14.53,14.71,748635,13913898.00
20110805,14.30,14.56,13.70,13.70,2028531,36275704.00
20110808,13.56,13.70,12.82,13.08,1740383,29348970.00
20110809,12.98,13.30,12.42,13.14,908882,14882916.00
20110810,13.32,13.67,13.08,13.18,995677,16770428.00
20110811,12.84,13.56,12.70,13.48,996150,16753029.00
20110812,13.54,13.80,13.42,13.69,1558230,26875726.00
20110815,13.56,14.48,13.46,14.30,2373942,42120688.00
20110816,14.20,14.20,13.95,14.12,1372296,24518746.00
20110817,14.04,14.24,13.86,14.22,707782,12632823.00
20110818,14.32,14.32,13.88,13.95,509168,9046095.00
20110819,13.59,14.04,13.49,14.04,624741,10895372.00
20110822,14.10,14.28,13.92,14.20,844843,15159689.00
20110823,14.17,14.27,13.96,14.22,770654,13834919.00
20110824,14.29,14.38,14.02,14.38,1019039,18388436.00
20110825,14.38,14.57,14.13,14.34,1984893,35942528.00
20110826,14.27,14.27,13.94,14.05,2096619,37400744.00
20110829,14.07,14.07,13.60,13.62,1260979,21994496.00
20110830,13.73,14.36,13.66,13.72,2698102,47882104.00
20110831,13.79,13.87,13.48,13.61,1376567,23818400.00
20110901,13.56,13.78,13.50,13.56,464469,8019529.00
20110902,13.61,13.68,13.38,13.51,409482,7011687.00
20110905,13.41,13.41,13.03,13.08,655099,10940820.00
20110906,13.06,13.14,12.71,12.82,473021,7736194.00
20110908,13.18,13.30,12.86,12.90,1104345,18338988.00
20110909,12.84,13.22,12.70,12.92,1028113,16854118.00
20110913,12.72,12.76,12.56,12.56,630599,10119488.00
20110914,12.64,13.00,12.44,12.78,965744,15587901.00
20110915,12.88,12.96,12.77,12.86,657072,10732983.00
20110916,12.99,12.99,12.78,12.78,278650,4542589.00
20110919,12.66,12.68,12.47,12.48,415508,6623338.50
20110920,12.48,12.66,12.36,12.50,256786,4077344.75
20110921,12.50,13.52,12.50,13.20,1390843,23219576.00
20110922,13.04,13.17,12.78,12.80,575814,9459121.00
20110923,12.60,12.90,12.53,12.85,466620,7563853.50
20110926,12.60,12.88,12.46,12.54,833013,13317683.00
20110927,12.72,12.83,12.54,12.65,350095,5626110.50
20110928,12.75,13.01,12.54,12.70,464512,7522767.00
20110929,12.62,12.73,12.26,12.28,494204,7827226.00
20110930,12.33,12.33,11.93,12.12,351839,5419044.50
20111010,12.12,12.27,11.94,11.97,227120,3468953.50
20111011,12.28,12.35,11.96,11.98,472671,7279484.50
20111012,11.96,12.35,11.90,12.32,762824,11821970.00
20111013,12.28,12.54,12.26,12.48,627022,9891054.00
20111017,12.40,12.60,12.38,12.52,519988,8267427.50
20111018,12.38,12.50,12.12,12.12,441878,6908791.50
20111019,12.09,12.27,12.01,12.01,311792,4805534.00
20111020,11.98,11.98,11.44,11.52,691244,10187048.00
20111021,11.50,11.59,11.39,11.46,331729,4855731.00
20111024,11.62,11.70,11.42,11.69,305026,4483827.00
20111025,11.53,12.10,11.53,12.03,514264,7738011.00
20111026,11.94,12.38,11.85,12.34,1124422,17417372.00
20111027,12.29,12.29,12.10,12.16,654400,10134203.00
20111028,12.34,12.52,11.90,12.31,690934,10776847.00
20111031,12.36,12.65,12.31,12.60,1134192,17996354.00
20111101,12.51,12.51,12.16,12.35,664567,10443445.00
20111102,12.21,12.54,12.05,12.52,678583,10567352.00
20111103,12.54,13.02,12.41,12.82,1932662,31491218.00
20111104,12.98,13.08,12.72,12.88,515003,8405015.00
20111107,12.38,12.59,12.33,12.46,1537249,24316608.00
20111108,12.42,12.42,12.13,12.20,936319,14611226.00
20111109,12.20,12.35,12.08,12.34,598334,9322111.00
20111110,12.20,12.73,12.13,12.36,1440609,22700940.00
20111111,12.26,12.43,12.19,12.32,699042,10933889.00
20111114,12.42,12.83,12.34,12.73,1397628,22489814.00
20111115,12.73,12.98,12.68,12.86,1425909,23283862.00
20111116,12.84,12.89,12.37,12.41,915079,14644938.00
20111117,12.46,12.70,12.40,12.66,630346,10064482.00
20111118,12.59,12.82,12.41,12.48,916504,14685728.00
20111121,12.45,12.46,11.80,12.00,922695,14101873.00
20111122,11.97,12.38,11.92,12.14,546377,8421729.00
20111123,12.14,12.21,12.00,12.05,317030,4874940.00
20111124,11.88,12.10,11.72,11.95,327996,4979377.50
20111125,11.95,12.04,11.77,11.77,400801,6051679.00
20111128,11.70,11.86,11.61,11.71,612928,9108776.00
20111129,11.94,12.44,11.82,12.30,1249626,19230238.00
20111130,12.16,12.26,11.50,11.76,730481,11030612.00
20111201,12.03,12.32,11.89,12.02,864932,13315190.00
20111202,12.02,12.72,11.70,12.54,2609649,41059192.00
20111205,12.46,12.68,12.22,12.22,1626012,25817108.00
20111206,12.22,12.22,11.64,11.74,1078208,16292679.00
20111207,11.76,11.89,11.66,11.85,836712,12522891.00
20111208,11.78,11.98,11.51,11.71,609768,9115633.00
20111209,11.58,11.74,11.51,11.54,386830,5690174.50
20111212,11.58,11.62,11.20,11.20,447770,6487132.00
20111213,11.20,11.20,10.60,10.68,651508,8926838.00
20111214,10.68,10.96,10.52,10.58,381866,5228493.50
20111215,10.58,10.68,10.12,10.16,420581,5532407.00
20111216,10.14,10.50,10.09,10.40,390145,5107857.00
20111219,10.36,10.36,10.02,10.32,402617,5227420.00
20111220,10.28,10.56,10.28,10.50,475242,6308534.00
20111221,10.59,10.67,10.12,10.43,506651,6723233.00
20111222,10.09,10.31,9.83,10.10,348565,4458671.00
20111223,10.08,10.48,10.08,10.15,720750,9490431.00
20111226,10.08,10.29,9.89,10.04,258291,3334737.25
20111227,10.05,10.05,9.46,9.54,310804,3859892.00
20111228,9.54,9.54,9.10,9.30,292374,3460638.00
20111229,9.32,9.44,9.17,9.22,171840,2041402.00
20111230,9.30,9.38,9.16,9.31,578840,6849345.50
20120104,9.32,9.38,8.90,8.90,500950,5869552.50
20120105,8.74,8.82,8.08,8.13,725888,7849408.00
20120106,8.05,8.11,7.76,7.97,728023,7381313.50
20120109,7.90,8.30,7.79,8.30,1554780,16151912.00
20120110,8.22,8.71,8.22,8.66,1466595,15942170.00
20120111,8.64,8.90,8.56,8.84,1592260,17888562.00
20120112,8.84,8.99,8.69,8.74,709547,7971202.50
20120113,8.62,8.74,8.32,8.44,787302,8561757.00
20120116,8.26,8.33,8.04,8.14,311600,3269256.25
20120117,8.16,8.64,8.08,8.62,1667008,17833488.00
20120118,8.58,8.76,7.74,8.04,2257503,23964854.00
20120119,7.80,8.11,7.77,8.06,843765,8629751.00
20120120,8.10,8.36,8.10,8.30,826922,8734855.00
20120130,8.12,8.31,8.04,8.17,920411,9607738.00
20120131,8.14,8.18,7.89,8.11,557345,5765540.00
20120201,8.11,8.28,8.06,8.12,559795,5871093.00
20120202,8.12,8.31,8.07,8.27,409032,4292159.50
20120203,8.24,8.59,8.20,8.52,1255763,13574680.00
20120206,8.56,8.76,8.52,8.66,1048298,11628854.00
20120207,8.60,8.70,8.45,8.52,669911,7340612.00
20120208,8.50,8.76,8.46,8.74,1059945,11749113.00
20120209,8.76,8.96,8.70,8.92,1363721,15492326.00
20120210,8.94,9.03,8.86,8.93,1039799,11901402.00
20120213,8.87,9.07,8.77,9.02,737899,8455731.00
20120214,9.02,9.23,8.86,9.18,1167453,13440026.00
20120215,9.04,9.43,9.02,9.38,1960518,23294454.00
20120216,9.37,9.55,9.32,9.45,1115604,13447225.00
20120217,9.47,9.54,9.32,9.37,1291036,15548641.00
20120220,9.43,9.61,9.38,9.40,575620,6959585.50
20120221,9.41,9.71,9.41,9.56,2611068,31825958.00
20120222,9.52,9.92,9.50,9.87,1946945,24204400.00
20120223,9.86,10.12,9.80,9.98,2625020,33204536.00
20120224,9.94,10.12,9.85,10.03,1509538,19214214.00
20120227,9.99,10.49,9.88,10.38,3492909,45460756.00
20120228,10.38,10.63,10.12,10.61,3119634,41103616.00
20120229,10.60,10.94,10.38,10.77,5846761,79616904.00
20120301,10.74,10.90,10.26,10.36,3924504,52588056.00
20120302,10.52,10.52,9.96,10.26,8249121,106441272.00
20120305,10.11,10.19,10.02,10.10,3655105,47044696.00
20120306,10.08,10.12,9.82,9.94,2022270,25610810.00
20120307,9.88,10.02,9.82,9.84,1686101,21366102.00
20120308,9.90,10.01,9.85,10.00,2198071,27821578.00
20120309,10.02,10.34,9.89,10.34,4904796,63480912.00
20120312,10.42,10.42,10.08,10.20,3077427,40051404.00
20120313,10.16,10.26,10.11,10.22,1732381,22470386.00
20120314,10.24,10.27,9.26,9.39,3531165,44569056.00
20120315,9.34,9.44,8.91,9.02,2397878,27957608.00
20120316,9.01,9.18,8.96,9.18,1224529,14234168.00
20120319,9.18,9.30,9.14,9.29,1104297,13010888.00
20120320,9.26,9.26,8.92,8.92,1825453,21085584.00
20120321,8.97,9.06,8.84,9.02,1163724,13370326.00
20120322,9.00,9.16,8.98,9.02,1101187,12723096.00
20120323,8.98,9.04,8.78,8.84,880550,10016610.00
20120326,8.84,8.88,8.79,8.87,440779,4976633.50
20120327,8.91,8.96,8.84,8.84,811856,9246416.00
20120328,8.83,8.83,8.26,8.26,1059699,11492032.00
20120329,8.26,8.28,8.02,8.06,792769,8274450.50
20120330,8.08,8.16,7.98,8.09,619077,6396913.00
20120405,8.08,8.34,7.98,8.30,813256,8537147.00
20120406,8.30,8.42,8.22,8.32,541238,5764900.50
20120409,8.29,8.40,8.22,8.26,461403,4915524.50
20120410,8.22,8.36,8.12,8.36,612339,6467309.50
20120411,8.32,8.39,8.22,8.38,635251,6770366.50
20120412,8.38,8.58,8.36,8.56,1010780,11009187.00
20120413,8.58,8.67,8.52,8.64,1079163,11869180.00
20120416,8.62,8.65,8.52,8.62,613931,6748075.00
20120417,8.58,8.63,8.34,8.36,890292,9605601.00
20120418,8.42,8.62,8.36,8.59,1238629,13497168.00
20120419,8.60,8.78,8.58,8.75,1414845,15699904.00
20120420,8.75,8.79,8.65,8.78,1330503,14874882.00
20120423,8.79,8.79,8.46,8.50,1215300,13377936.00
20120424,8.48,8.61,8.16,8.40,1052987,11279863.00
20120425,8.36,8.56,8.36,8.51,701475,7593363.00
20120426,8.24,8.36,8.12,8.26,1335700,14128224.00
20120427,8.26,8.34,8.10,8.14,943116,9885251.00
20120502,8.25,8.25,8.11,8.22,1158572,12117056.00
20120503,8.44,9.06,8.44,9.06,3411785,39073352.00
20120504,9.28,9.75,9.28,9.55,10479723,126853792.00
20120507,9.34,9.85,9.29,9.81,6876061,83674832.00
20120508,9.66,9.70,9.44,9.46,4291253,52203780.00
20120509,9.34,9.34,9.12,9.19,2833895,33327670.00
20120510,9.19,9.31,9.14,9.27,2013027,23726802.00
20120511,9.24,9.39,9.00,9.06,1996408,23503002.00
20120514,9.08,9.16,8.90,9.02,1758639,20224250.00
20120515,8.94,9.20,8.85,9.18,1975249,22829740.00
20120516,9.16,9.21,8.69,8.83,1640675,18863372.00
20120517,8.82,8.89,8.60,8.78,1817019,20302978.00
20120521,8.63,8.63,8.26,8.38,1878902,20250618.00
20120522,8.38,8.57,8.38,8.52,1206231,13074463.00
20120523,8.44,8.56,8.36,8.49,1043808,11305194.00
20120524,8.50,8.82,8.46,8.61,1619170,17935356.00
20120525,8.44,8.55,8.36,8.52,1311830,14161400.00
20120528,8.65,8.90,8.34,8.87,2284875,25376898.00
20120529,8.79,9.04,8.79,8.98,2669002,30452036.00
20120530,8.96,8.98,8.82,8.90,1242719,14135375.00
20120531,8.88,9.02,8.83,8.91,1061348,12116936.00
20120601,9.00,9.01,8.73,8.75,1112851,12585166.00
20120604,8.57,8.57,8.31,8.32,1167287,12426211.00
20120605,8.32,8.41,8.24,8.24,670819,7037464.00
20120606,8.26,8.43,8.25,8.39,572224,5983850.50
20120607,8.42,8.49,8.19,8.21,844964,8846700.00
20120608,8.26,8.48,8.24,8.29,1030642,10803568.00
20120611,8.29,8.42,8.22,8.42,889646,9358117.00
20120612,8.37,8.42,8.31,8.34,601625,6321044.00
20120613,8.34,8.48,8.34,8.48,910314,9645220.00
20120614,8.39,8.57,8.39,8.42,1216800,12983094.00
20120615,8.44,8.73,8.44,8.59,1489532,16097089.00
20120618,8.59,8.72,8.57,8.69,1189277,12938392.00
20120619,8.67,8.67,8.46,8.48,684459,7367322.00
20120620,8.48,8.69,8.47,8.50,916524,9887698.00
20120621,8.50,8.50,8.19,8.21,1281887,13335764.00
20120625,8.20,8.20,7.93,7.94,628689,6373492.50
20120626,7.91,7.93,7.75,7.89,829364,8194776.50
20120627,7.87,7.98,7.83,7.85,570808,5680244.50
20120628,7.87,7.95,7.72,7.72,535443,5266284.00
20120629,7.71,7.91,7.53,7.85,523857,5079500.00
20120702,7.94,7.94,7.85,7.86,491580,4874736.50
20120704,7.93,7.94,7.71,7.72,720598,7061637.00
20120705,7.64,7.69,7.35,7.36,826049,7731421.00
20120706,7.40,7.53,7.25,7.46,572740,5315957.50
20120709,7.44,7.46,7.15,7.15,625401,5747420.00
20120710,7.15,7.23,7.07,7.20,356829,3226172.00
20120711,7.23,7.25,7.17,7.20,345942,3140495.75
20120712,7.20,7.39,7.08,7.34,820276,7483197.50
20120713,7.29,7.33,7.17,7.19,571630,5205402.50
20120716,7.05,7.41,6.67,6.77,1077034,9279399.00
20120717,6.74,6.84,6.69,6.78,343718,2929339.50
20120718,6.79,6.85,6.65,6.85,802278,6808602.50
20120719,6.75,7.05,6.75,6.89,784842,6831904.00
20120720,6.84,6.97,6.83,6.85,617622,5349468.00
20120723,6.85,6.85,6.64,6.68,550831,4643132.00
20120724,6.64,6.80,6.57,6.75,431089,3645050.75
20120725,6.73,6.79,6.70,6.75,389300,3306328.25
20120726,6.77,6.81,6.69,6.69,607132,5164286.50
20120727,6.72,6.74,6.65,6.69,234181,1973404.00
20120730,6.73,6.82,6.52,6.53,580788,4847786.50
20120731,6.52,6.52,6.29,6.29,649351,5224132.50
20120801,6.29,6.43,6.25,6.36,317370,2547331.25
20120802,6.41,6.41,6.30,6.32,267430,2140967.00
20120803,6.39,6.46,6.33,6.46,354657,2864660.25
20120806,6.45,6.69,6.43,6.63,747363,6158104.50
20120807,6.61,6.69,6.57,6.67,774340,6474813.50
20120808,6.67,6.73,6.63,6.71,710592,5984735.00
20120809,6.68,6.82,6.63,6.79,729909,6177468.50
20120810,6.81,6.81,6.71,6.78,736800,6263700.50
20120813,6.76,6.76,6.49,6.55,483171,4038659.25
20120814,6.53,6.57,6.41,6.56,682740,5594650.00
20120815,6.53,6.57,6.48,6.52,396448,3264733.50
20120816,6.49,6.71,6.45,6.59,911359,7552847.00
20120817,6.56,6.73,6.52,6.70,594882,4962308.00
20120820,6.70,7.22,6.65,7.21,4188616,36979148.00
20120821,7.02,7.23,7.01,7.19,2872699,25690376.00
20120822,7.14,7.14,6.93,6.93,1672886,14806668.00
20120823,6.91,7.09,6.85,6.99,1464002,12876569.00
20120824,7.00,7.00,6.72,6.73,1131034,9740084.00
20120827,6.66,6.77,6.37,6.40,995738,8143471.50
20120828,6.39,6.50,6.33,6.44,700914,5668242.50
20120829,6.45,6.53,6.37,6.43,763642,6234289.50
20120830,6.42,6.45,6.18,6.25,896849,7146103.50
20120831,6.26,6.37,6.22,6.33,473433,3752223.25
20120903,6.31,6.49,6.25,6.45,586675,4746421.00
20120904,6.45,6.53,6.42,6.44,625841,5104385.00
20120905,6.40,6.53,6.40,6.49,581769,4752710.50
20120906,6.53,6.67,6.50,6.67,628186,5189356.00
20120907,6.69,7.15,6.69,6.95,2035144,17736716.00
20120910,6.89,7.45,6.88,7.25,2768954,25069524.00
20120911,7.17,7.18,6.94,7.05,1598393,14256460.00
20120912,7.07,7.25,6.93,7.08,1091076,9684082.00
20120913,7.13,7.21,6.98,6.98,813055,7274750.50
20120914,7.03,7.07,6.81,6.89,996056,8677104.00
20120917,6.79,6.92,6.54,6.59,953350,8087141.00
20120918,6.59,6.65,6.52,6.53,533280,4414747.50
20120919,6.56,6.72,6.56,6.63,370420,3094057.00
20120920,6.63,6.63,6.32,6.35,680889,5527159.00
20120921,6.36,6.47,6.32,6.38,296398,2384989.50
20120924,6.39,6.48,6.26,6.46,512538,4113611.00
20120925,6.48,6.79,6.36,6.77,1182688,9849892.00
20120926,6.71,6.79,6.32,6.36,1342842,11122503.00
20120927,6.35,6.61,6.28,6.52,946009,7710789.50
20120928,6.51,6.68,6.46,6.66,1027624,8556440.00
20121008,6.65,6.73,6.53,6.55,414948,3452773.75
20121009,6.55,6.94,6.55,6.93,1711359,14694184.00
20121010,6.95,7.00,6.79,6.99,1535706,13310146.00
20121011,6.95,6.96,6.78,6.78,1110721,9560266.00
20121012,6.78,6.87,6.67,6.73,1072003,9107359.00
20121015,6.71,6.71,6.45,6.57,761991,6290316.00
20121016,6.57,6.66,6.53,6.57,536536,4459690.50
20121017,6.56,6.86,6.56,6.86,1589593,13503040.00
20121018,6.85,6.94,6.77,6.90,1636054,14161964.00
20121019,6.87,6.97,6.76,6.93,1499291,13038842.00
20121022,6.88,6.98,6.82,6.98,974751,8469502.00
20121023,6.95,7.01,6.84,6.85,1127560,9782556.00
20121024,6.83,6.87,6.68,6.79,541789,4641010.00
20121025,6.81,6.89,6.77,6.82,761116,6533632.50
20121026,6.82,6.85,6.63,6.63,906582,7666123.00
20121029,6.59,6.60,6.45,6.49,545700,4476306.50
20121030,6.53,6.61,6.49,6.53,238308,1965118.25
20121031,6.49,6.55,6.45,6.53,305051,2497123.00
20121101,6.57,6.66,6.51,6.65,425187,3543470.25
20121102,6.64,6.65,6.55,6.63,526608,4388105.00
20121105,6.63,6.66,6.56,6.61,425177,3533905.00
20121106,6.57,6.65,6.47,6.59,487544,4023384.75
20121107,6.57,6.82,6.53,6.77,1223460,10348222.00
20121108,6.73,6.73,6.48,6.50,1008025,8402695.00
20121109,6.50,6.53,6.40,6.41,538066,4367769.00
20121112,6.39,6.53,6.39,6.45,259809,2110405.00
20121113,6.46,6.52,6.37,6.41,349270,2827605.75
20121114,6.43,6.49,6.40,6.47,342538,2775900.25
20121115,6.41,6.49,6.33,6.33,339539,2743000.75
20121116,6.31,6.38,6.07,6.14,693197,5389564.00
20121119,6.13,6.17,6.03,6.17,327957,2523688.25
20121120,6.18,6.27,6.11,6.12,387500,3011027.00
20121121,6.12,6.20,6.01,6.20,887843,6836596.50
20121122,6.20,6.24,6.09,6.22,504105,3927196.50
20121123,6.24,6.24,6.07,6.17,222714,1732427.75
20121126,6.17,6.18,6.07,6.08,265999,2050536.13
20121127,6.05,6.05,5.71,5.73,692220,5103755.00
20121128,5.73,5.73,5.53,5.53,472500,3312197.00
20121129,5.53,5.60,5.46,5.48,369552,2585712.50
20121130,5.43,5.59,5.43,5.56,219709,1534786.50
20121203,5.56,5.61,5.29,5.33,215700,1477339.00
20121204,5.31,5.38,5.21,5.37,521338,3482582.25
20121205,5.39,5.69,5.33,5.61,748994,5263743.50
20121206,5.60,5.65,5.56,5.65,441932,3125728.50
20121207,5.65,5.77,5.62,5.76,797324,5731444.50
20121210,5.75,5.85,5.69,5.84,752893,5490789.00
20121211,5.87,5.89,5.73,5.76,617555,4507444.00
20121212,5.71,5.77,5.61,5.69,610594,4381979.50
20121213,5.70,5.73,5.64,5.68,493761,3540412.75
20121214,5.65,5.96,5.65,5.91,1236477,9115098.00
20121217,5.85,6.08,5.85,6.07,1405891,10587051.00
20121218,6.03,6.12,5.91,5.97,1105443,8370895.00
20121219,5.95,5.98,5.90,5.93,759630,5689373.00
20121220,5.95,5.95,5.81,5.91,764988,5679147.50
20121221,5.86,6.14,5.86,6.09,2331246,17683602.00
20121224,6.10,6.14,6.00,6.10,1221321,9342823.00
20121225,6.10,6.25,6.03,6.18,1554262,12036770.00
20121226,6.19,6.32,6.15,6.28,1291359,10135111.00
20121227,6.30,6.39,6.16,6.17,1181515,9322782.00
20121228,6.13,6.22,6.13,6.21,1000941,7780410.00
20121231,6.21,6.29,6.21,6.25,664530,5233206.50
20130104,6.33,6.34,6.15,6.21,573329,4504770.00
20130107,6.21,6.30,6.17,6.29,1079676,8507639.00
20130108,6.31,6.50,6.23,6.43,1921895,15478238.00
20130109,6.38,6.47,6.31,6.35,1225646,9882916.00
20130110,6.37,6.51,6.36,6.46,1124378,9127691.00
20130111,6.49,6.52,6.23,6.33,1157466,9271610.00
20130114,6.31,6.58,6.24,6.55,2040980,16581927.00
20130115,6.57,6.94,6.55,6.85,3322428,28074616.00
20130116,6.83,6.85,6.57,6.71,2424644,20431496.00
20130117,6.79,6.79,6.51,6.57,1320934,10965813.00
20130118,6.67,7.24,6.66,7.24,7219854,65322920.00
20130121,7.52,7.65,7.21,7.51,10790854,100743840.00
20130122,7.32,7.33,7.05,7.07,4927353,44625268.00
20130123,6.99,7.27,6.85,7.17,3745558,33600152.00
20130124,7.21,7.89,7.13,7.89,12384414,120513176.00
20130125,7.57,7.75,7.21,7.21,7733818,72676816.00
20130128,7.13,7.94,7.12,7.94,7074973,68460952.00
20130129,8.29,8.74,8.21,8.74,8425126,90752736.00
20130130,9.29,9.62,9.18,9.62,6240114,74290616.00
20130201,9.91,10.59,9.65,10.59,24312390,318088096.00
20130204,10.19,10.32,9.73,10.24,15548269,197258352.00
20130205,9.97,10.12,9.23,9.61,13165628,159856432.00
20130206,9.57,9.67,9.41,9.58,7946283,95192776.00
20130207,9.55,9.77,9.39,9.45,7667333,91958000.00
20130208,9.39,9.69,9.34,9.46,5845246,69694072.00
20130218,9.27,9.33,9.03,9.29,7285908,83901024.00
20130219,9.27,10.09,9.25,9.65,15623682,190181328.00
20130220,9.31,9.63,9.16,9.63,8265806,97431640.00
20130221,9.43,9.85,9.25,9.85,8077752,96414856.00
20130222,10.07,10.85,10.07,10.85,17050159,225682080.00
20130225,10.97,11.93,10.83,11.93,12883926,185932960.00
20130226,12.51,12.75,11.13,11.29,23954743,362088928.00
20130227,11.00,12.43,10.91,12.43,21164920,312572896.00
20130228,11.87,12.42,11.77,12.11,19255816,292255424.00
20130301,11.87,12.30,11.63,11.95,14206909,213775072.00
20130304,11.80,12.23,11.06,11.45,14348097,210280768.00
20130305,11.24,11.61,11.04,11.48,9093842,129526592.00
20130306,11.48,12.05,11.09,11.76,13913040,203548112.00
20130307,11.55,11.57,10.99,11.12,10190323,143665440.00
20130308,11.12,11.47,10.90,11.28,6813003,95866304.00
20130311,11.05,11.33,10.80,10.83,7606315,105332064.00
20130312,10.80,10.80,9.97,10.17,9395870,122085768.00
20130313,10.19,10.50,10.11,10.33,6628191,85608880.00
20130314,10.26,10.46,9.94,9.99,5154230,65672204.00
20130315,10.00,10.57,9.84,10.17,9515356,122778056.00
20130318,9.99,10.08,9.64,9.67,6999048,86104544.00
20130319,9.63,9.91,9.62,9.90,4585124,56470084.00
20130320,9.94,10.29,9.85,10.16,8287467,105238720.00
20130321,10.11,10.73,10.03,10.71,12061513,157600608.00
20130322,10.68,10.70,10.40,10.42,6359231,83860200.00
20130325,10.41,10.47,10.01,10.05,5446314,69257208.00
20130326,9.99,10.01,9.63,9.85,4333403,53284016.00
20130327,9.85,10.01,9.75,9.85,3127925,38829760.00
20130328,9.71,9.71,9.16,9.19,4932929,57954700.00
20130329,9.29,9.63,9.20,9.47,4680332,55420484.00
20130401,9.40,9.85,9.25,9.80,5389707,65165584.00
20130402,9.74,9.80,9.23,9.29,4371525,52367800.00
20130403,9.29,9.63,9.27,9.54,3624640,43117240.00
20130408,9.32,10.50,9.25,10.17,11627625,147379472.00
20130409,10.03,10.27,9.99,10.18,6659909,84769048.00
20130410,10.17,10.33,9.78,9.82,5929421,74810120.00
20130411,9.85,10.29,9.64,10.01,7061746,89202048.00
20130412,9.73,9.82,9.56,9.64,4244995,51672616.00
20130415,9.45,9.46,9.19,9.33,2854519,33524450.00
20130416,9.21,9.64,9.07,9.57,2651062,31524602.00
20130417,9.92,9.92,9.53,9.61,5064378,61695116.00
20130418,9.55,9.83,9.37,9.82,5127900,62131092.00
20130419,9.75,10.22,9.66,10.00,7328760,92375544.00
20130422,9.83,10.30,9.77,10.12,5750348,72889448.00
20130423,10.10,10.29,9.57,9.57,5906209,73927488.00
20130424,9.51,9.85,9.41,9.61,5630843,68034592.00
20130425,9.55,9.55,8.84,8.93,6109250,71016400.00
20130426,8.95,8.99,8.32,8.53,6374746,68476448.00
20130502,8.61,8.70,8.47,8.65,3312236,35905028.00
20130503,8.65,9.03,8.61,8.93,3374379,37774684.00
20130506,8.88,9.27,8.85,9.13,4072859,46298984.00
20130507,9.13,9.45,8.97,9.29,6089005,70460640.00
20130508,9.29,9.42,9.08,9.42,5612508,65348164.00
20130509,9.70,10.37,9.69,10.37,13902527,177102640.00
20130510,10.88,11.31,10.54,10.73,20075731,273724480.00
20130513,10.43,10.61,10.12,10.45,11396313,148418656.00
20130514,10.33,10.40,9.86,9.94,7893532,99709784.00
20130515,10.07,10.88,10.07,10.62,11194056,148269232.00
20130516,10.55,11.53,10.20,10.90,17840256,246800064.00
20130517,10.67,10.89,10.52,10.83,8385593,113018448.00
20130520,10.83,11.92,10.79,11.80,14730521,211411920.00
20130521,11.71,12.35,11.47,11.90,15716999,234846848.00
20130522,11.78,11.95,11.46,11.65,8517460,124820672.00
20130523,11.53,12.11,11.47,11.54,8568826,126670376.00
20130524,11.47,11.80,11.29,11.79,6906007,100043872.00
20130527,11.75,12.03,11.52,11.69,5810967,85554056.00
20130528,11.63,11.63,10.77,10.84,8240755,113930440.00
20130529,10.75,10.97,10.68,10.95,4844381,66089140.00
20130530,10.93,11.45,10.93,10.98,7127103,100306432.00
20130531,10.99,11.12,10.77,10.95,5703390,78367528.00
20130603,10.87,11.11,10.72,10.99,4202285,57748336.00
20130604,10.92,11.26,10.75,11.13,7200318,100329328.00
20130605,11.05,11.21,10.67,10.85,4539826,62201908.00
20130606,10.61,10.74,10.21,10.25,4743098,61805996.00
20130607,10.25,10.36,9.63,9.71,3611639,44944308.00
20130613,9.55,9.55,9.07,9.41,2227857,26081776.00
20130614,9.53,9.95,9.41,9.89,3858895,47456716.00
20130617,9.89,10.57,9.69,10.26,4704927,60214604.00
20130618,10.01,10.25,9.98,10.11,2705008,34289108.00
20130619,10.31,11.13,10.31,11.13,9906299,135733328.00
20130620,11.51,11.63,10.93,11.14,19208545,274040160.00
20130621,10.74,10.94,10.02,10.70,10650063,138847424.00
20130624,10.54,10.58,9.63,9.63,8369967,105157704.00
20130625,9.26,9.78,8.66,9.65,8510547,98187800.00
20130626,9.42,10.02,9.32,9.92,8906146,108214368.00
20130627,10.10,10.91,10.09,10.58,16642395,222197824.00
20130628,10.16,10.43,9.56,9.98,9932821,124644936.00
20130701,9.77,10.41,9.77,10.38,7721999,98134600.00
20130702,10.28,10.95,10.12,10.94,12288808,162805984.00
20130703,10.78,11.16,10.44,11.00,12148313,164903424.00
20130704,10.78,11.54,10.62,11.01,13401014,188215168.00
20130705,10.90,11.28,10.62,10.68,10176445,139981264.00
20130708,10.30,10.44,9.82,9.88,7668962,97236776.00
20130709,9.80,10.22,9.76,10.21,5371318,67626720.00
20130710,10.52,11.02,10.41,10.85,9932877,133401480.00
20130711,10.74,11.18,10.66,10.95,9347234,128243832.00
20130712,10.96,11.48,10.90,11.06,10728290,150660128.00
20130715,11.06,11.62,11.02,11.37,11218850,159743744.00
20130716,11.27,12.14,11.08,11.89,16994065,247641504.00
20130717,11.70,11.83,11.16,11.17,12412826,179072352.00
20130718,10.97,12.29,10.94,12.29,16545918,247507328.00
20130719,12.66,13.26,12.47,12.75,33137822,533003008.00
20130722,12.59,13.99,12.55,13.68,26725799,444978336.00
20130723,13.26,13.95,13.11,13.54,21319644,359577920.00
20130724,13.19,13.84,13.14,13.42,16889937,284465088.00
20130725,13.52,13.70,12.36,12.66,13773694,223693680.00
20130726,12.46,12.85,12.28,12.61,8624940,135544624.00
20130729,12.45,13.09,12.14,12.58,9739414,154916416.00
20130730,12.30,12.50,11.32,11.74,11120041,165223952.00
20130731,11.73,12.10,11.62,11.84,6420860,95512080.00
20130801,11.80,12.41,11.73,12.40,8721241,132978224.00
20130802,12.42,12.94,12.30,12.44,10397908,164284448.00
20130805,12.74,13.16,12.62,12.90,11955813,193769712.00
20130806,12.74,12.93,12.58,12.82,7375375,117835376.00
20130807,12.88,13.38,12.73,12.74,10705962,174795120.00
20130808,12.54,12.54,12.15,12.35,8162930,126076576.00
20130809,12.39,12.58,11.91,12.12,6770881,103774736.00
20130812,12.25,12.50,12.06,12.34,5413037,83329072.00
20130813,12.40,12.73,12.14,12.70,7079072,110304072.00
20130814,12.75,12.75,12.34,12.45,6084414,95554064.00
20130815,12.38,12.50,12.07,12.08,5527492,84368568.00
20130816,11.93,12.21,11.42,11.48,6344587,94132104.00
20130819,11.45,11.78,11.34,11.76,4307003,62714780.00
20130820,11.74,12.01,11.64,12.00,4997489,74067784.00
20130821,11.93,12.02,11.74,12.00,3917865,58256320.00
20130822,11.90,12.10,11.82,11.95,4181472,62634740.00
20130823,11.96,12.02,11.43,11.59,5421807,79398280.00
20130826,11.58,11.97,11.42,11.93,5984242,87876208.00
20130827,11.86,12.26,11.64,12.18,8451282,127321280.00
20130828,11.98,12.11,11.74,11.76,6047728,90439488.00
20130829,11.74,11.81,11.46,11.52,4200971,60957360.00
20130830,11.53,11.54,10.39,10.65,7849993,107952056.00
20130902,10.62,11.06,10.58,10.90,3385088,46202876.00
20130903,10.86,10.98,10.78,10.96,2977093,40556316.00
20130904,10.87,11.07,10.86,11.03,3265420,44986652.00
20130905,11.02,11.30,10.82,11.20,4419479,61427656.00
20130906,11.14,11.78,11.06,11.48,7691842,110538848.00
20130909,11.48,11.54,11.18,11.34,5295804,74998384.00
20130910,11.30,11.35,11.14,11.26,4103565,57685288.00
20130911,11.28,11.28,10.88,10.90,4358861,60049860.00
20130912,10.86,11.08,10.86,10.92,1916293,26297970.00
20130913,10.92,11.02,10.74,10.98,2187204,29795774.00
20130916,11.00,11.30,10.92,11.25,3214473,44933748.00
20130917,11.18,11.26,10.86,10.86,2468112,34019500.00
20130918,10.78,11.10,10.78,11.08,2816585,38602044.00
20130923,11.18,11.38,11.18,11.30,3528948,49826476.00
20130924,11.18,11.40,11.02,11.36,4676718,66014736.00
20130925,11.64,12.50,11.62,11.86,17250056,261696464.00
20130926,11.54,11.98,11.00,11.70,11527446,165777808.00
20130927,12.10,12.37,11.52,11.54,8600647,128057120.00
20130930,11.34,11.38,11.08,11.13,5367779,75232368.00
20131008,11.17,11.46,11.15,11.46,3964955,56137332.00
20131009,11.36,11.78,11.19,11.66,6234395,90161544.00
20131010,11.59,11.64,11.22,11.27,4430800,63249272.00
20131011,11.33,11.58,11.26,11.43,3872340,55227684.00
20131014,11.44,11.66,11.40,11.66,5495525,79588472.00
20131015,11.60,11.70,11.30,11.43,4364826,62555076.00
20131016,11.34,11.36,10.54,10.64,5863878,79909136.00
20131017,10.94,10.94,10.38,10.40,3550771,47171096.00
20131018,10.42,10.55,10.41,10.53,1844785,24228082.00
20131021,10.50,11.33,10.50,11.04,5172050,71093872.00
20131022,10.86,11.00,10.58,10.67,3660770,49484516.00
20131023,10.72,10.76,10.38,10.44,2152761,28434200.00
20131024,10.59,10.80,10.46,10.50,2173793,28844360.00
20131025,10.46,10.63,9.95,10.00,3013297,38555440.00
20131028,10.00,10.06,9.73,9.84,1754107,21683394.00
20131029,9.90,9.97,8.86,9.30,2888530,34044264.00
20131030,9.30,9.38,9.10,9.37,1680797,19545886.00
20131031,9.40,9.40,9.12,9.18,1285158,14827345.00
20131101,9.22,9.51,9.14,9.40,2129611,24972654.00
20131104,9.40,9.48,9.28,9.43,1725472,20315248.00
20131105,9.46,9.54,9.30,9.50,1644050,19423342.00
20131106,9.43,9.82,9.42,9.54,2594359,31374512.00
20131107,9.48,9.52,9.14,9.19,2016384,23451102.00
20131108,8.95,8.95,8.59,8.65,3079675,33551658.00
20131111,8.62,8.86,8.55,8.79,1594779,17417970.00
20131112,8.82,9.02,8.72,8.98,1639747,18234258.00
20131113,8.90,8.90,8.66,8.67,1259863,13869801.00
20131114,8.67,8.90,8.62,8.88,1701606,18804070.00
20131115,8.88,9.25,8.88,9.06,3061839,34853444.00
20131118,9.12,9.42,9.05,9.33,3175188,36931324.00
20131119,9.39,9.56,9.35,9.39,2790178,32981154.00
20131120,9.35,9.85,9.26,9.74,4593182,55152672.00
20131121,9.70,9.72,9.50,9.55,3149070,37792680.00
20131122,9.50,9.70,9.38,9.55,2533766,30242952.00
20131125,9.50,9.80,9.42,9.71,2968843,35991088.00
20131126,9.76,10.10,9.75,9.90,4308664,53603652.00
20131127,9.82,9.91,9.68,9.86,2702424,33213490.00
20131128,9.87,10.10,9.82,9.87,2938889,36704860.00
20131129,9.82,10.02,9.69,9.97,2765712,34392704.00
20131202,9.58,9.70,9.03,9.05,3401328,39897816.00
20131203,9.11,9.48,9.03,9.39,1933293,22501110.00
20131204,9.39,9.63,9.31,9.46,2281992,27178750.00
20131205,9.38,9.57,9.38,9.57,1763525,21003638.00
20131206,9.66,9.76,9.41,9.45,1771516,21154748.00
20131209,9.41,9.53,9.41,9.46,1284343,15239983.00
20131210,9.49,9.58,9.38,9.45,1226789,14545987.00
20131211,9.45,9.47,9.08,9.19,1762657,20340612.00
20131212,9.13,9.27,9.12,9.18,1166759,13456537.00
20131213,9.19,9.63,9.09,9.57,2816125,33262950.00
20131216,9.50,9.55,9.23,9.26,2200658,25877826.00
20131217,9.26,9.34,9.14,9.22,950253,10963659.00
20131218,9.20,9.66,9.08,9.62,3955183,47124180.00
20131219,9.58,9.62,9.17,9.19,3266255,38452360.00
20131220,9.14,9.19,8.71,8.75,2931366,32565430.00
20131223,8.74,8.78,8.50,8.57,1162616,12572962.00
20131224,8.58,8.83,8.58,8.74,1167594,12804467.00
20131225,8.75,8.86,8.74,8.86,963660,10632695.00
20131226,8.90,8.90,8.66,8.69,995551,10919310.00
20131227,8.67,9.18,8.62,9.06,2563387,28858178.00
20131230,9.10,9.41,8.98,9.33,3256340,37571252.00
20131231,9.22,9.28,9.06,9.13,2125407,24353336.00
20140102,9.10,9.49,9.10,9.45,2829923,33099434.00
20140103,9.51,10.18,9.51,9.69,7563757,93547248.00
20140106,9.42,9.63,9.18,9.26,3939472,46669932.00
20140107,9.14,9.25,8.93,9.10,2665510,30318954.00
20140108,9.10,9.46,9.10,9.45,2944950,34350096.00
20140109,9.39,9.62,9.12,9.12,3067233,35944920.00
20140110,9.02,9.02,8.78,8.82,1830486,20368820.00
20140113,8.81,8.98,8.59,8.68,1463829,16141703.00
20140114,8.68,9.10,8.62,9.06,2184189,24493310.00
20140115,8.98,9.97,8.94,9.97,14311446,176879664.00
20140116,9.82,10.02,9.68,9.99,10588823,130876144.00
20140117,9.96,10.06,9.78,9.79,5900763,73249080.00
20140120,9.90,9.94,9.48,9.58,4714691,57167924.00
20140121,9.59,10.02,9.59,9.98,5847463,72056096.00
20140122,9.90,10.17,9.82,10.06,6941243,86957952.00
20140123,10.02,10.34,9.90,10.15,7024279,88988048.00
20140124,10.14,10.24,10.03,10.17,5664108,71961592.00
20140127,10.15,10.15,9.90,9.99,3922967,49141812.00
20140128,9.98,10.09,9.74,9.84,2497581,30925934.00
20140129,9.78,10.22,9.78,10.18,4259715,53998316.00
20140130,10.18,10.27,9.84,9.91,2142736,26821060.00
20140207,9.71,10.11,9.64,10.06,3599885,44486264.00
20140210,9.98,10.60,9.98,10.38,7021387,90775560.00
20140211,10.38,10.75,10.24,10.62,8411628,111060160.00
20140212,10.62,10.74,10.48,10.70,5623248,74884152.00
20140213,10.70,10.82,10.35,10.41,5219845,69148480.00
20140214,10.42,10.63,10.30,10.61,3249861,42670364.00
20140217,10.65,10.76,10.58,10.72,5658029,75688776.00
20140218,10.72,10.72,10.50,10.54,3732591,49438656.00
20140219,10.58,11.05,10.58,10.86,8912862,120959968.00
20140220,10.84,10.89,10.42,10.44,5316905,70499888.00
20140221,10.46,10.55,10.10,10.15,4144786,53419488.00
20140224,10.14,10.31,10.06,10.30,3228589,41212496.00
20140225,10.31,10.61,9.78,9.92,5308331,68578384.00
20140226,9.74,9.86,9.42,9.80,2559966,30995904.00
20140227,9.82,9.98,9.56,9.60,2676294,32852582.00
20140228,9.53,9.73,9.36,9.70,1711869,20503310.00
20140303,9.69,9.98,9.64,9.93,2060466,25402870.00
20140304,9.85,10.92,9.74,10.53,9228779,122256856.00
20140305,10.39,10.62,10.30,10.44,4214058,55279032.00
20140306,10.38,10.58,10.16,10.58,4311614,55958072.00
20140307,10.50,10.69,10.34,10.38,3198316,42248272.00
20140310,10.18,10.28,9.74,9.76,3146599,39135524.00
20140311,9.76,9.90,9.64,9.87,1691693,20740370.00
20140312,9.81,9.88,9.46,9.71,1571889,19128984.00
20140313,9.64,9.93,9.64,9.86,1631531,20094886.00
20140314,9.84,10.02,9.72,9.79,1748783,21634526.00
20140317,9.84,10.14,9.76,10.10,2341165,29372400.00
20140318,10.14,10.18,10.00,10.06,1592820,20084284.00
20140319,10.04,10.17,9.90,10.13,1950150,24517828.00
20140320,10.10,10.54,10.05,10.05,4837530,62404068.00
20140321,9.82,10.23,9.56,10.11,3070210,37934332.00
20140324,10.06,10.35,10.06,10.23,2499668,32039932.00
20140325,10.22,10.36,10.14,10.26,2317665,29734252.00
20140326,10.34,10.52,10.22,10.26,2445000,31729742.00
20140327,10.36,10.36,9.94,9.94,2022974,25582666.00
20140328,9.94,10.02,9.55,9.55,2643951,32052462.00
20140331,9.52,9.55,9.18,9.42,1314791,15463305.00
20140401,9.34,9.75,9.32,9.74,1256155,15187171.00
20140402,9.70,9.80,9.54,9.55,1121625,13559574.00
20140403,9.55,9.73,9.50,9.62,1012617,12177877.00
20140404,9.58,9.68,9.50,9.67,874437,10540212.00
20140408,9.57,9.57,9.10,9.33,3777212,43852548.00
20140409,9.27,9.40,9.21,9.36,2096697,24434488.00
20140410,9.38,9.38,9.24,9.34,2141232,25010056.00
20140411,9.29,9.30,9.14,9.25,1918630,22130438.00
20140414,9.20,9.37,9.19,9.35,1607489,18755308.00
20140415,9.42,9.42,9.28,9.38,1346339,15755965.00
20140416,9.35,9.52,9.31,9.37,1344819,15839435.00
20140417,9.35,9.43,9.32,9.34,1092742,12839849.00
20140418,9.31,9.31,9.19,9.26,1390063,16088962.00
20140421,9.22,9.25,8.93,8.94,1870616,21312542.00
20140422,8.97,9.02,8.86,8.98,1066085,11922305.00
20140423,8.98,9.02,8.86,8.89,628557,7027277.50
20140424,8.98,8.98,8.79,8.82,645724,7161555.50
20140425,9.02,9.02,8.86,8.86,744506,8304743.00
20140428,8.82,8.82,7.99,8.04,1733554,17839690.00
20140429,8.02,8.22,7.99,8.14,982418,9974825.00
20140430,8.07,8.18,8.07,8.15,734407,7488852.00
20140505,8.15,8.20,8.08,8.19,591856,6046934.00
20140506,8.23,8.46,8.18,8.42,1464396,15302105.00
20140507,8.46,8.84,8.39,8.54,3533903,38486800.00
20140508,8.42,8.42,8.13,8.35,2039626,21157152.00
20140509,8.30,8.30,8.07,8.14,1243626,12737598.00
20140512,8.20,8.38,8.14,8.37,1008333,10499733.00
20140513,8.37,8.50,8.34,8.43,931129,9819069.00
20140514,8.42,8.44,8.34,8.36,534214,5599117.50
20140515,8.41,8.58,8.33,8.33,1518744,16077771.00
20140516,8.26,8.60,8.24,8.46,1549314,16512384.00
20140519,8.42,8.43,8.14,8.30,1104788,11448162.00
20140520,8.30,8.53,8.28,8.42,1384286,14630636.00
20140521,8.30,8.45,8.27,8.42,1061945,11120923.00
20140522,8.40,8.50,8.35,8.38,1104982,11656012.00
20140523,8.34,8.51,8.34,8.48,892293,9408592.00
20140526,8.49,8.63,8.46,8.60,1532713,16447706.00
20140527,8.58,8.59,8.45,8.50,1023283,10916852.00
20140528,8.50,8.61,8.47,8.60,951252,10204131.00
20140529,8.59,8.68,8.46,8.47,963775,10347344.00
20140530,8.52,8.69,8.50,8.62,1648222,17794678.00
20140603,8.56,8.82,8.56,8.63,1887893,20612760.00
20140604,8.64,8.66,8.46,8.53,1135041,12140293.00
20140605,8.46,8.62,8.46,8.62,845905,9081574.00
20140606,8.66,8.91,8.57,8.78,2756947,30304548.00
20140609,8.70,8.86,8.57,8.74,1697150,18541986.00
20140610,8.74,8.83,8.62,8.83,1703865,18697866.00
20140611,8.83,9.06,8.81,9.00,2778928,31251812.00
20140612,8.99,9.31,8.92,9.24,4462809,51292616.00
20140613,9.46,10.17,9.46,10.17,6426240,80442720.00
20140616,11.12,11.12,10.45,10.72,24520128,329241632.00
20140617,10.63,11.12,10.48,10.66,15901344,213404416.00
20140618,10.48,10.54,10.14,10.26,11529501,148342816.00
20140619,10.14,10.34,9.60,9.60,8722099,109337440.00
20140620,9.74,10.08,9.52,9.78,8685192,106103288.00
20140623,9.74,9.91,9.58,9.74,8286780,100773248.00
20140624,9.74,9.96,9.66,9.83,6465679,79183056.00
20140625,9.78,10.26,9.73,10.00,10860309,135751168.00
20140626,9.80,10.08,9.74,9.96,7315312,90744912.00
20140627,9.97,10.28,9.89,9.98,6701302,84504264.00
20140630,9.93,9.98,9.56,9.94,5341132,65542884.00
20140701,9.86,10.05,9.86,9.93,4491370,55837568.00
20140702,10.09,10.39,10.00,10.16,7095994,90257424.00
20140703,10.11,10.19,9.98,10.12,4728741,59649496.00
20140704,10.16,10.18,9.95,10.06,3717080,46725404.00
20140707,10.01,10.03,9.70,9.89,3808203,47040792.00
20140708,9.76,9.97,9.61,9.95,3753918,46125460.00
20140709,9.88,9.95,9.68,9.71,3136129,38491352.00
20140710,9.71,9.89,9.68,9.75,2124826,25945392.00
20140711,9.73,10.16,9.70,9.97,4860704,60815116.00
20140714,9.93,9.96,9.77,9.87,4671178,57578304.00
20140715,9.81,9.87,9.63,9.66,3680207,44729952.00
20140716,9.66,9.73,9.37,9.41,3138084,37368532.00
20140717,9.41,9.81,9.32,9.56,3073864,36792424.00
20140718,9.50,9.58,9.38,9.44,1857013,22000710.00
20140721,9.49,9.72,9.48,9.62,2451796,29562820.00
20140722,9.60,9.70,9.49,9.70,1773128,21289910.00
20140723,9.65,9.70,9.46,9.48,1920593,22942416.00
20140724,9.51,9.51,9.17,9.26,2632300,30562736.00
20140725,9.29,9.41,9.22,9.40,1888139,22036324.00
20140728,9.40,9.54,9.34,9.50,1883671,22302146.00
20140729,9.53,9.77,9.50,9.67,3250821,39183148.00
20140730,9.64,9.66,9.52,9.65,2024552,24291626.00
20140731,9.65,9.96,9.65,9.91,4946423,60805580.00
20140801,9.89,9.90,9.68,9.69,3232425,39563392.00
20140804,9.68,9.84,9.66,9.79,2006525,24522028.00
20140805,9.85,9.90,9.72,9.88,2507767,30821942.00
20140806,9.86,9.96,9.78,9.90,2711012,33541508.00
20140807,9.88,9.98,9.74,9.74,2782848,34197576.00
20140808,9.74,9.80,9.68,9.76,1511726,18427174.00
20140811,9.70,9.92,9.70,9.90,2095452,25810262.00
20140812,9.90,10.10,9.83,10.09,4849779,60545480.00
20140813,10.10,10.14,9.89,10.06,4153809,52003640.00
20140814,10.24,10.49,10.08,10.10,7403249,95364944.00
20140815,10.06,10.36,10.00,10.21,4859298,61695244.00
20140818,10.21,10.37,10.18,10.34,4161722,53423492.00
20140819,10.48,10.48,10.23,10.40,5854903,75734728.00
20140820,10.40,10.45,10.18,10.23,4269358,55146700.00
20140821,10.27,10.52,10.18,10.35,5866413,76266912.00
20140822,10.31,10.54,10.26,10.46,5083007,66367996.00
20140825,10.46,10.50,10.10,10.23,4183081,53740056.00
20140826,10.24,10.28,9.90,9.93,3017789,37923116.00
20140827,9.94,10.03,9.92,9.98,1541557,19222588.00
20140828,9.94,10.18,9.84,10.06,2987684,37523972.00
20140829,10.06,10.20,10.03,10.18,2176673,27605136.00
20140901,10.16,10.30,10.16,10.30,2227582,28525204.00
20140902,10.30,10.44,10.26,10.41,3652451,47397040.00
20140903,10.40,11.03,10.32,10.68,9180910,122316568.00
20140904,10.60,10.65,10.49,10.62,5999205,79206120.00
20140905,10.64,10.66,10.50,10.59,3204757,42278936.00
20140909,10.58,10.85,10.45,10.77,5099037,68123344.00
20140910,10.72,10.85,10.65,10.82,4289009,57710716.00
20140911,10.82,10.93,10.60,10.71,5440606,73227376.00
20140912,10.65,10.92,10.62,10.88,4592835,61883356.00
20140915,10.72,11.28,10.72,11.28,10228685,141822672.00
20140916,11.28,11.35,10.58,10.70,7946505,109667592.00
20140917,10.63,10.89,10.53,10.83,4125535,55142900.00
20140918,10.75,10.90,10.71,10.84,3138824,42375176.00
20140919,10.84,11.03,10.78,10.94,4055638,55529020.00
20140922,10.80,10.84,10.58,10.70,2796358,37390844.00
20140923,10.70,11.09,10.70,11.08,4286367,58668048.00
20140924,11.00,11.58,10.93,11.39,7534081,107262072.00
20140925,11.43,11.50,11.22,11.34,4824777,68533600.00
20140926,11.30,11.62,11.28,11.45,4167001,59761964.00
20140929,11.51,12.48,11.46,12.07,8928442,133809872.00
20140930,12.06,12.12,11.86,12.02,5646839,84411536.00
20150203,10.96,11.38,10.82,10.82,5699471,77660416.00
20150204,10.85,10.96,10.59,10.76,12541735,168467744.00
20150205,10.74,10.78,10.40,10.42,9816513,129568760.00
20150206,10.36,10.40,9.98,10.04,7163891,91447800.00
20150209,9.94,10.06,9.85,9.94,4073372,50567428.00
20150210,9.94,10.06,9.90,9.99,3010433,37487784.00
20150211,9.96,10.08,9.95,10.04,3501368,43844692.00
20150212,10.08,10.26,10.01,10.19,4685190,59563256.00
20150213,10.22,10.29,10.18,10.25,4547957,58243384.00
20150216,10.25,10.43,10.24,10.39,4173520,54059624.00
20150217,10.42,10.42,10.30,10.34,3840784,49657720.00
20150225,10.34,10.34,10.16,10.28,2983533,38272272.00
20150226,10.26,10.53,10.22,10.51,4625880,60389644.00
20150227,10.49,10.59,10.42,10.58,4068532,53521160.00
20150302,10.63,10.86,10.54,10.79,6510386,87470072.00
20150303,10.79,10.87,10.66,10.72,5182163,69692680.00
20150304,10.74,10.94,10.72,10.91,4704396,63823368.00
20150305,10.94,11.10,10.86,11.10,5417465,74450704.00
20150306,11.10,11.26,10.82,10.93,4995511,68667736.00
20150309,10.89,11.31,10.73,11.23,6043638,83593024.00
20150310,11.20,11.36,11.09,11.24,4489497,63035920.00
20150311,11.24,11.39,11.18,11.35,4349207,61381716.00
20150312,11.36,11.70,11.26,11.30,6583104,94764072.00
20150313,11.30,11.48,11.14,11.44,4692629,66172584.00
20150316,11.44,11.80,11.36,11.72,6852356,99572664.00
20150317,11.81,11.87,11.57,11.76,5720927,83971032.00
20150318,11.70,12.00,11.62,11.98,4489403,66566200.00
20150319,12.01,12.27,11.78,12.07,5396564,81140704.00
20150320,12.06,12.46,11.94,12.41,6832706,103715400.00
20150423,13.65,13.65,13.65,13.65,213363,2912405.00
20150424,15.02,15.02,15.02,15.02,723173,10862058.00
20150427,16.49,16.52,15.86,16.52,23059862,378220640.00
20150428,16.52,18.12,16.20,17.26,35895326,609925696.00
20150429,17.46,17.98,16.36,17.66,22556076,390375296.00
20150430,17.75,19.18,17.30,18.73,21607078,403361440.00
20150504,19.20,19.75,18.04,18.21,20864649,391461696.00
20150505,18.00,18.70,17.50,18.11,15609046,281760416.00
20150506,17.90,18.70,17.43,17.80,17019270,309059328.00
20150507,17.62,18.66,17.41,18.15,13043485,236806608.00
20150508,18.60,19.97,18.15,19.97,21978559,418819168.00
20150511,20.60,21.91,20.05,21.22,20439360,432432672.00
20150512,21.00,23.20,20.55,22.88,19092239,422249504.00
20150513,21.96,23.80,21.68,22.45,19245006,434208544.00
20150514,22.27,23.36,22.01,22.27,12890680,292012288.00
20150515,21.75,22.57,21.50,22.30,13052228,287300448.00
20150518,22.40,24.00,22.36,23.30,13029661,303744928.00
20150519,23.40,23.80,22.22,22.86,11240505,255502240.00
20150520,23.00,24.99,22.80,23.56,14675372,350656672.00
20150521,23.56,24.20,23.15,23.70,10796986,254373168.00
20150522,24.00,24.83,23.40,23.85,13324634,320502848.00
20150525,23.30,23.70,22.60,23.55,13609548,315725312.00
20150526,23.44,25.91,23.28,25.91,15256005,377219776.00
20150527,26.80,28.40,25.10,27.90,17000233,455314976.00
20150528,27.65,29.80,26.05,26.79,17333890,490335744.00
20150529,26.79,28.50,24.11,28.47,16117398,438035456.00
20150601,29.68,31.32,28.80,31.32,10310893,310364704.00
20150602,33.19,34.45,32.56,34.45,17909349,608884800.00
20150603,34.11,34.30,32.00,32.80,17975780,591792576.00
20150604,32.00,33.33,29.60,31.27,12781354,403627680.00
20150605,32.00,32.45,29.00,30.45,12016503,371360064.00
20150608,30.45,30.45,28.00,28.59,11382112,328967104.00
20150609,28.46,29.59,27.95,28.97,7291615,211130912.00
20150610,28.95,30.19,28.10,29.77,8900751,261165920.00
20150611,29.69,29.70,28.80,29.34,7557090,220412848.00
20150612,29.35,31.98,29.35,31.65,13178726,407421408.00
20150615,32.01,32.99,29.57,30.05,12690306,395265920.00
20150616,28.90,28.90,27.10,27.15,9308997,260161088.00
20150617,26.78,27.97,26.30,27.80,7203956,196552592.00
20150618,27.80,28.20,26.65,26.66,6402068,176812784.00
20150619,25.50,26.20,23.99,23.99,5983962,148196416.00
20150623,23.51,24.60,21.59,23.87,6602560,151721072.00
20150624,24.31,24.70,23.35,24.29,7592257,183679088.00
20150625,24.26,25.25,23.18,24.09,9431149,233532624.00
20150626,22.80,23.88,21.68,21.68,5483901,121958688.00
20150629,22.49,22.55,19.51,19.51,7006184,141861248.00
20150630,19.36,20.77,17.56,20.73,11413739,216010816.00
20150701,20.60,21.47,18.70,18.70,8379000,172151216.00
20150702,18.58,18.90,16.83,16.83,8797743,152969856.00
20150703,15.27,16.83,15.15,15.15,9568534,147924992.00
20150706,16.50,16.50,13.64,13.64,9313881,139462144.00
20150707,12.46,12.49,12.28,12.28,3242900,39882528.00
20150713,13.51,13.51,13.51,13.51,303161,4095705.00
20150714,14.86,14.86,14.86,14.86,240326,3571244.25
20150715,16.35,16.35,13.79,14.05,20751378,319087360.00
20150716,14.05,15.40,13.10,14.99,12665377,185355984.00
20150717,15.18,16.49,15.18,16.49,11350351,181072848.00
20150720,17.00,18.13,16.51,18.10,17076861,299966816.00
20150721,17.80,18.77,17.23,18.60,14390785,262613776.00
20150722,18.31,19.50,17.95,19.19,15465199,289862752.00
20150723,19.00,19.65,18.80,19.31,10136724,194773824.00
20150724,19.20,19.55,18.01,18.35,11557330,218627088.00
20150727,17.70,19.16,16.52,16.52,11495786,206742272.00
20150728,15.30,16.60,15.01,15.10,11038306,172832784.00
20150729,15.68,16.61,14.80,16.61,9082420,140563360.00
20150730,16.50,17.30,15.90,15.92,10188732,170716944.00
20150731,15.24,16.39,15.20,15.50,6150268,96863296.00
20150803,15.21,15.70,13.95,14.00,7188548,105384024.00
20150804,14.18,15.40,14.10,15.40,7224020,106988864.00
20150805,15.29,15.92,15.01,15.38,8709133,135359488.00
20150806,14.90,16.20,14.70,15.86,9014017,140704368.00
20150807,16.25,16.85,16.00,16.50,9719043,159923776.00
20150810,16.47,17.78,16.47,17.59,8592293,147439344.00
20150811,17.59,17.87,17.28,17.44,10006484,175726960.00
20150812,17.05,17.57,16.71,16.80,7141230,122543008.00
20150813,16.65,17.74,16.43,17.70,10197052,174436192.00
20150814,17.80,18.42,17.51,17.71,10081744,181196320.00
20150817,17.45,17.99,17.02,17.97,7588252,132262960.00
20150818,18.14,18.17,16.17,16.17,10536439,182076288.00
20150819,15.59,16.68,14.70,16.30,7753209,121336144.00
20150820,16.01,17.93,15.70,17.93,17415517,301133408.00
20150821,17.93,19.50,17.50,18.90,32257599,600210880.00
20150824,19.50,20.79,19.50,20.79,52160919,1068994304.00
20150825,18.71,20.44,18.71,18.71,31588741,603133568.00
20150826,17.00,20.58,16.84,20.58,47322144,889022976.00
20150827,20.20,22.64,19.98,22.64,46145100,1000954624.00
20150828,23.40,24.90,22.13,24.90,44728854,1055623552.00
20150831,24.01,24.33,22.41,22.41,33381688,769404416.00
20150901,21.01,21.98,20.17,20.17,32535288,670507648.00
20150902,18.40,20.77,18.15,18.15,23617897,445867072.00
20150907,18.30,19.36,16.34,16.34,27978126,506272768.00
20150908,15.52,16.95,14.71,16.42,24513257,384002976.00
20150909,16.78,18.06,16.10,18.06,35842569,630172672.00
20150910,17.44,17.75,16.88,17.28,26743606,463894240.00
20150911,17.11,18.40,17.03,17.78,26142271,465928224.00
20150914,17.79,17.94,16.00,16.00,22617061,374444672.00
20150915,14.78,15.26,14.40,14.40,13033455,190884864.00
20150916,14.20,15.84,14.15,15.80,21122594,316536608.00
20150917,15.41,16.78,14.70,14.90,25317714,396253984.00
20150918,15.11,15.28,14.30,14.65,13475079,198189696.00
20150921,14.30,15.48,14.18,15.30,14943636,222879248.00
20150922,15.34,15.68,14.90,15.42,16729115,256988832.00
20150923,14.90,15.42,14.50,14.71,12741787,190142352.00
20150924,15.03,16.18,15.03,16.18,22573809,360836736.00
20150925,16.40,16.67,15.00,15.45,27559532,440384640.00
20150928,15.10,15.91,14.80,15.75,13804668,212536336.00
20150929,15.30,15.70,14.98,15.25,11393305,173655520.00
20150930,15.50,15.70,15.14,15.34,10055498,155056288.00
20151008,15.90,16.45,15.61,16.02,14923798,239450848.00
20151009,15.88,17.62,15.88,17.62,17556007,303353312.00
20151012,18.60,19.38,18.21,19.38,7802700,148050752.00
20151013,20.99,21.32,19.90,20.96,47418453,985882368.00
20151014,20.55,20.98,19.88,20.10,36032504,736250304.00
20151015,19.92,21.37,19.91,21.19,37144812,766944512.00
20151016,21.07,21.35,20.50,20.90,28481944,593047552.00
20151019,20.90,21.77,20.15,21.56,30053874,631912896.00
20151020,21.58,22.33,20.75,21.51,25051654,537955968.00
20151021,21.84,22.18,19.36,19.36,23396654,483092704.00
20151022,18.72,20.11,18.61,19.83,21710965,419540320.00
20151023,19.83,21.81,19.58,21.81,30398656,633855488.00
20151026,22.00,23.99,21.38,23.99,44537303,1016004288.00
20151027,23.01,24.00,21.70,23.10,33205731,753026880.00
20151028,23.28,24.05,22.22,23.46,34927063,812277248.00
20151029,23.85,24.52,22.77,23.33,34749340,825242432.00
20151030,22.70,23.95,21.58,22.60,28559920,647795904.00
20151102,21.50,22.86,21.33,22.14,21413347,474867872.00
20151103,22.24,22.80,21.66,22.28,20908892,467364672.00
20151104,22.18,23.59,21.97,23.12,26366107,598275136.00
20151105,22.90,23.40,22.01,22.14,21059380,475765472.00
20151106,22.15,22.94,22.10,22.39,15547083,348791712.00
20151109,23.00,24.63,23.00,24.63,26503991,643495040.00
20151110,25.15,25.75,23.80,24.45,25941018,638385792.00
20151111,24.66,26.90,24.66,26.90,31272839,816690496.00
20151112,27.50,28.46,26.40,27.16,23431515,638673728.00
20151113,26.30,26.83,24.50,25.41,19675251,506823232.00
20151116,24.80,27.90,24.52,27.56,18648346,503584288.00
20151117,27.59,27.79,26.20,26.36,18834589,507936576.00
20151118,26.36,27.15,25.55,25.80,11138225,290942240.00
20151119,25.95,27.20,25.95,27.05,14410987,385614496.00
20151120,26.68,28.50,26.65,28.50,17123029,473645504.00
20151123,28.90,29.90,26.90,27.50,19866316,564238656.00
20151124,27.50,28.70,26.93,27.99,10780872,299225152.00
20151125,27.80,28.99,27.17,27.76,10651323,297120128.00
20151126,27.60,27.87,26.50,26.69,10800464,292703840.00
20151127,26.53,26.69,24.02,24.02,12776662,324841600.00
20151130,24.00,24.50,21.90,24.04,11906135,276369696.00
20151201,24.00,24.05,23.24,23.97,8370804,197876336.00
20151202,24.10,24.94,22.08,23.55,8821022,210681440.00
20151203,23.50,24.29,23.15,24.26,7574807,179380112.00
20151204,24.59,24.80,24.00,24.24,8417035,204686128.00
20151207,24.24,24.75,23.80,24.50,8268398,201221840.00
20151208,24.18,24.24,23.20,23.68,8275817,196654896.00
20151209,23.40,24.77,23.30,24.45,14090438,340501088.00
20151210,24.50,26.00,24.15,25.28,19540929,493840032.00
20151211,25.00,25.44,24.45,24.51,9627734,240658992.00
20151214,23.90,23.90,22.55,23.69,10362591,240869008.00
20151215,23.65,24.19,23.60,23.72,6538256,156311424.00
20151216,23.88,24.92,23.79,24.45,8864853,216466480.00
20151217,24.45,25.45,24.43,25.14,13255215,330415392.00
20151218,25.01,25.39,24.25,24.63,10403602,256845520.00
20151221,24.49,24.95,24.35,24.84,7483042,184666976.00
20151222,24.90,24.94,24.22,24.81,7369318,182021104.00
20151223,24.79,24.79,23.74,23.80,8327026,201160160.00
20151224,23.60,23.79,23.18,23.68,4577631,107363840.00
20151225,23.57,24.56,23.57,24.15,4849897,117103248.00
20151228,24.15,26.57,24.15,26.57,23915151,627264768.00
20151229,26.57,27.65,25.78,27.57,22906423,612573568.00
20151230,27.20,27.76,26.55,27.20,12262149,331274944.00
20151231,27.00,27.83,25.65,25.69,10856620,289904928.00
20160104,25.39,25.49,23.12,23.12,7389542,177477280.00
20160105,20.81,22.43,20.81,21.33,11376820,245072240.00
20160106,21.88,22.19,20.88,21.87,7738386,167055328.00
20160107,20.50,21.19,19.68,19.68,2332300,47340728.00
20160108,19.82,20.56,17.80,19.02,10575760,202668208.00
20160111,18.48,18.48,17.12,17.12,6739895,119447216.00
20160112,16.70,17.34,15.55,16.71,9657792,160078192.00
20160113,17.00,17.48,15.65,15.80,8372700,140218480.00
20160114,15.00,16.88,14.68,16.71,8367331,134840016.00
20160115,16.72,16.99,15.93,16.07,7323535,121168144.00
20160118,15.69,17.00,15.64,16.70,8050195,132140632.00
20160119,16.51,17.60,16.49,17.41,8212145,140196576.00
20160120,17.21,17.58,16.76,17.09,8849103,151666272.00
20160121,17.17,17.51,15.69,15.69,8080278,136154384.00
20160122,16.10,16.44,15.70,16.25,6177676,99407896.00
20160125,16.35,16.89,16.35,16.79,5429228,90035736.00
20160126,16.61,18.47,16.41,17.58,23160111,415769184.00
20160127,17.85,18.10,15.82,16.97,21523909,359971968.00
20160128,16.40,16.68,15.27,15.27,12663063,201622688.00
20160129,14.85,16.20,14.71,15.87,10453489,162948432.00
20160201,15.75,16.40,15.15,15.80,7899649,125190568.00
20160202,15.68,16.75,15.60,16.64,9936547,163042384.00
20160203,16.20,16.65,15.86,16.37,7875357,127519648.00
20160204,16.57,17.25,16.55,16.77,9467068,159340000.00
20160205,17.01,17.20,16.60,16.63,7430936,125359704.00
20160215,15.80,16.45,15.46,16.37,6742139,107485216.00
20160216,16.45,17.60,16.45,17.35,10295423,176205040.00
20160217,17.35,18.29,16.91,18.23,14807213,259792896.00
20160218,18.02,18.17,17.60,17.70,11925769,212361456.00
20160219,17.56,17.94,17.50,17.75,7679822,136189200.00
20160222,18.10,18.79,17.60,18.40,15874137,288511808.00
20160223,18.56,18.86,17.70,17.92,13655622,250067824.00
20160224,17.40,18.30,17.35,18.13,10736829,190239392.00
20160225,18.05,18.05,16.32,16.32,11283053,192131280.00
20160226,16.42,16.67,15.23,15.95,9418954,150317776.00
20160229,15.84,15.86,14.36,14.37,8206045,120368136.00
20160301,14.37,14.78,13.55,14.77,7699200,110418104.00
20160302,15.00,15.84,14.77,15.69,10360638,159107792.00
20160303,15.40,15.99,15.40,15.64,10713644,167943440.00
20160304,15.64,15.70,14.30,14.32,8131312,121513360.00
20160307,14.60,15.00,14.55,14.99,6304463,93434032.00
20160308,14.90,15.35,13.91,15.32,8170150,119683144.00
20160309,14.80,15.17,14.60,14.70,5999171,89126672.00
20160310,14.71,14.90,14.23,14.32,4638657,67588984.00
20160311,14.18,14.45,14.03,14.36,3773472,53792908.00
20160314,14.61,15.28,14.61,15.01,7342955,110274832.00
20160315,15.01,16.51,14.95,15.68,15668419,250214752.00
20160316,15.94,16.00,15.06,15.17,11386645,176837456.00
20160317,15.23,15.98,15.22,15.92,10675996,167626624.00
20160318,15.98,16.92,15.95,16.71,13342461,219963520.00
20160321,16.92,17.30,16.46,17.28,13766816,232036656.00
20160322,16.95,17.08,16.71,16.90,8960611,151332048.00
20160323,17.00,17.38,16.88,17.13,8482791,144983600.00
20160324,16.79,17.66,16.60,16.93,13853645,238137664.00
20160325,16.81,17.79,16.80,17.29,10789994,187040448.00
20160328,17.31,17.76,16.99,17.05,9679328,168409248.00
20160329,17.05,17.08,16.17,16.40,8242461,135980656.00
20160330,16.60,17.04,16.52,17.03,6780967,113808880.00
20160331,17.06,17.42,16.88,16.92,9280435,159587616.00
20160401,16.85,16.98,16.23,16.60,7000170,115643464.00
20160405,16.83,18.26,16.83,18.26,14507945,257529904.00
20160406,18.20,18.45,17.73,18.40,14192671,256001120.00
20160407,18.38,18.90,17.83,18.19,13638272,250831888.00
20160408,18.01,18.88,17.59,18.33,11387711,207170048.00
20160411,18.40,19.49,18.32,19.03,15097035,284905696.00
20160412,18.81,19.14,17.89,18.30,9215954,170155888.00
20160413,18.50,18.80,18.37,18.40,8839861,164263680.00
20160414,18.51,18.70,18.16,18.66,8517685,157060528.00
20160415,18.81,19.35,18.66,19.02,11861048,225987696.00
20160418,18.66,19.04,18.30,19.00,9089301,169149840.00
20160419,19.06,19.70,19.06,19.31,13431963,260143504.00
20160420,19.38,19.38,17.38,18.03,13444266,247448160.00
20160421,17.77,18.38,17.70,17.74,7486637,135533104.00
20160422,17.35,18.50,17.34,18.39,7463483,134619776.00
20160425,18.19,18.33,17.80,18.19,4180899,75644640.00
20160426,18.19,18.85,18.14,18.80,7174053,133198888.00
20160427,18.97,18.97,18.41,18.47,7615963,141982880.00
20160428,18.47,18.58,17.81,18.30,6275148,113671720.00
20160429,18.29,18.70,18.08,18.19,4333358,79701688.00
20160503,18.50,19.23,18.13,19.20,8590655,161136928.00
20160504,19.07,19.45,18.76,19.20,9413968,179610480.00
20160505,19.16,19.29,18.85,19.14,7811272,148889040.00
20160506,19.19,19.27,17.80,17.80,9489439,176031232.00
20160509,17.45,17.45,16.02,16.04,8638789,143821984.00
20160510,16.05,16.28,15.91,16.03,4121448,66252900.00
20160511,16.30,16.30,15.60,15.60,4482278,71236008.00
20160512,15.21,15.48,15.03,15.44,4842265,73845696.00
20160513,15.46,15.75,15.20,15.34,4500459,69764752.00
20160516,15.22,15.78,15.18,15.76,4178113,65086176.00
20160517,15.80,16.02,15.58,15.79,5792241,91545264.00
20160518,16.10,16.90,15.30,15.68,11712593,189485744.00
20160519,15.58,16.39,15.30,15.80,7373686,117279728.00
20160520,15.43,16.22,15.35,16.11,7068357,112139200.00
20160523,16.00,16.68,15.95,16.49,9571402,156728448.00
20160524,16.40,16.47,16.03,16.11,7238035,117529032.00
20160525,16.20,16.49,16.03,16.30,6074052,98559912.00
20160526,16.27,16.75,16.18,16.73,13247892,218660480.00
20160527,16.66,16.77,16.36,16.50,8193368,135571184.00
20160530,16.32,16.46,15.50,16.04,5460105,87801176.00
20160531,16.06,16.83,16.00,16.78,8178612,135178672.00
20160601,16.69,17.24,16.69,16.74,8412854,142356496.00
20160602,16.88,17.09,16.69,17.09,7276678,122714840.00
20160603,17.20,18.60,16.90,17.89,16401640,290628896.00
20160606,17.79,18.88,17.75,18.59,13053555,241277216.00
20160607,18.50,18.85,18.02,18.41,10221848,188239408.00
20160608,18.34,19.60,18.15,19.45,15829736,303344960.00
20160613,19.12,20.29,18.78,18.80,15818471,309746144.00
20160614,18.69,18.99,17.89,18.61,8032255,147433776.00
20160615,18.35,20.47,18.22,20.47,16872843,339321696.00
20160616,20.60,21.26,20.21,20.33,15586669,322396768.00
20160617,20.15,21.15,20.03,21.00,10473063,215717520.00
20160620,21.13,21.35,20.38,21.00,7119822,148820688.00
20160621,21.05,21.22,19.53,19.61,10961213,221985120.00
20160622,19.66,19.93,19.05,19.93,7328987,143609120.00
20160623,19.90,20.29,19.60,20.09,6440854,129042320.00
20160624,19.93,20.29,18.52,19.65,7522351,147247664.00
20160627,19.65,20.24,19.40,20.09,5146643,102946184.00
20160628,19.94,20.28,19.66,20.19,5486671,109937528.00
20160629,20.22,21.17,20.12,20.35,7913766,164045344.00
20160630,20.29,21.00,20.27,20.49,5194978,107026200.00
20160701,20.39,20.79,19.88,20.20,4637482,93910048.00
20160704,19.95,20.36,19.81,20.21,5701321,114539960.00
20160705,20.21,20.58,20.01,20.24,3883989,78802672.00
20160706,20.20,20.29,19.60,19.65,7324438,144642064.00
20160707,19.59,19.64,19.01,19.40,6281278,121314056.00
20160708,19.41,19.80,19.39,19.41,5348607,104791872.00
20160711,19.44,19.80,19.25,19.40,3736290,73121000.00
20160712,19.29,19.41,18.72,19.29,5287596,100536248.00
20160713,19.33,19.68,19.29,19.48,4269023,83121608.00
20160714,19.57,19.57,19.13,19.26,3800232,73359192.00
20160715,19.05,19.23,18.78,18.82,4747561,89816088.00
20160718,18.85,19.35,18.81,19.16,3962078,75912800.00
20160719,19.02,19.30,19.01,19.29,3111512,59674200.00
20160720,19.33,19.49,19.12,19.33,4121537,79612016.00
20160721,19.38,19.38,19.03,19.12,3457204,66408928.00
20160722,19.15,19.19,18.70,18.77,3454532,65406232.00
20160725,18.82,19.47,18.82,19.40,5077239,98018464.00
20160726,19.30,20.10,19.23,19.66,7681937,152105184.00
20160727,19.62,19.75,18.19,18.21,6101920,115143360.00
20160728,18.29,18.34,17.61,17.98,3892759,69903264.00
20160729,18.01,18.13,17.20,17.47,4166816,72934808.00
20160801,17.40,17.40,16.80,17.25,2806499,47780076.00
20160802,17.29,17.50,17.18,17.41,1929781,33495476.00
20160803,17.50,17.50,17.32,17.44,1299026,22616488.00
20160804,17.43,18.20,17.41,17.91,3471155,61984048.00
20160805,17.82,18.05,17.63,17.69,1912254,34043636.00
20160808,17.64,18.01,17.30,17.99,1810194,32060046.00
20160809,18.01,18.12,17.88,18.05,1911396,34388228.00
20160810,18.10,18.45,17.90,18.20,2955308,53668960.00
20160811,18.08,18.78,18.08,18.53,5784225,106885432.00
20160812,18.54,19.18,18.18,18.62,4972118,92808464.00
20160815,18.62,19.07,18.33,18.94,5534108,104049728.00
20160816,18.94,19.13,18.78,18.78,3123049,59091200.00
20160817,18.75,19.06,18.61,19.03,3441495,65011784.00
20160818,19.00,19.19,18.81,18.81,3177553,60375484.00
20160819,18.81,18.89,18.50,18.60,2903216,54041528.00
20160822,18.53,18.88,18.45,18.51,2255382,42051216.00
20160823,18.52,18.70,18.32,18.36,1899747,35156148.00
20160824,18.36,18.79,18.36,18.79,2765126,51353900.00
20160825,18.85,20.30,18.70,19.59,7918109,154699280.00
20160826,19.45,19.85,19.27,19.68,5776435,113277240.00
20160829,19.46,20.18,19.40,19.68,5625206,111637384.00
20160830,19.68,20.56,19.50,20.44,8808080,177039440.00
20160831,20.38,20.68,20.12,20.34,5807895,118166576.00
20160901,20.40,20.57,19.72,19.74,4613707,93091640.00
20160902,19.90,20.08,19.57,19.84,3682025,72833872.00
20160905,19.95,20.78,19.65,20.64,6549415,133494200.00
20160906,20.69,21.00,20.30,20.81,5990599,123396744.00
20160907,20.81,20.96,20.27,20.27,4851398,99633544.00
20160908,20.02,20.35,19.85,20.15,3034949,61041384.00
20160909,20.00,20.41,20.00,20.14,2086663,42111520.00
20160912,19.35,19.89,19.10,19.12,4224378,82150976.00
20160913,19.30,19.40,19.00,19.26,2073550,39870680.00
20160914,19.26,19.55,19.10,19.38,1836622,35608988.00
20160919,19.29,19.76,19.16,19.35,2917396,56868148.00
20160920,19.42,20.15,19.35,19.69,4525924,89364704.00
20160921,19.56,19.73,19.42,19.49,2737732,53436292.00
20160922,19.50,19.88,19.45,19.57,2675365,52514728.00
20160923,19.50,19.68,19.16,19.26,2280794,44140096.00
20160926,19.25,19.25,18.65,18.65,2751056,51929768.00
20160927,18.63,18.98,18.37,18.96,2181547,40720928.00
20160928,18.95,19.45,18.72,19.02,1533846,29313310.00
20160929,18.96,19.20,18.96,18.97,1189210,22674710.00
20160930,19.06,19.06,18.71,18.82,1097039,20726344.00
20161010,19.00,19.50,18.82,19.41,3190423,61702424.00
20161011,19.42,19.62,19.21,19.35,2051339,39665904.00
20161012,19.36,20.14,19.23,20.13,6496595,128916648.00
20161013,20.03,20.13,19.87,19.96,3077835,61443544.00
20161014,19.90,19.95,19.56,19.93,2451517,48383296.00
20161017,19.91,20.18,19.52,19.64,4041136,80461592.00
20161018,19.62,19.96,19.61,19.96,2304140,45605492.00
20161019,20.10,20.13,19.69,19.74,2201342,43660688.00
20161020,19.80,19.95,19.66,19.75,1814735,35899492.00
20161021,19.70,19.82,19.29,19.50,2216589,43206964.00
20161024,19.52,19.91,19.39,19.90,3395614,67039504.00
20161025,19.88,20.10,19.81,20.02,2911846,58210748.00
20161026,20.14,20.42,20.02,20.27,4674171,94495584.00
20161027,20.35,20.40,19.93,20.16,2741715,55081712.00
20161028,20.18,20.26,19.66,19.66,2913463,57781324.00
20161031,19.75,20.39,19.63,20.36,4800640,96634808.00
20161101,20.43,20.77,20.21,20.37,5455252,111661504.00
20161102,20.37,21.80,20.26,21.37,9492762,201808384.00
20161103,21.25,23.12,21.25,22.64,11643999,260285488.00
20161104,22.65,23.26,22.31,22.68,7865153,178969344.00
20161107,22.68,23.50,22.11,22.45,6841819,155947488.00
20161108,22.57,23.28,22.48,22.52,5818009,132793552.00
20161109,22.55,23.16,21.85,22.73,8530072,191888432.00
20161110,22.90,24.45,22.90,24.09,11050597,261343312.00
20161111,24.37,25.00,23.46,23.74,6315877,152190624.00
20161114,23.80,24.19,23.15,23.34,5196244,121633416.00
20161115,23.36,24.32,22.88,24.19,7102957,166931264.00
20161116,24.01,24.42,23.66,23.68,3943427,94743528.00
20161117,23.69,23.98,23.38,23.52,2525702,59828004.00
20161118,23.51,23.69,23.30,23.34,2137463,50037840.00
20161121,23.33,23.90,23.13,23.60,2657544,62883872.00
20161122,23.61,23.75,22.77,23.22,4151325,96060376.00
20161123,23.29,23.56,22.80,22.82,3563975,82047848.00
20161124,22.82,23.02,22.71,22.87,2209779,50550616.00
20161125,22.80,22.86,21.97,22.71,2674643,60303700.00
20161128,22.77,23.47,22.52,23.16,3183440,73449264.00
20161129,23.16,24.20,22.95,23.81,7282527,173371744.00
20161130,23.70,24.00,22.70,22.73,5401334,125689296.00
20161201,22.56,22.85,21.88,22.80,4766998,106375784.00
20161202,22.57,23.19,22.00,22.45,4513556,102509128.00
20161205,21.80,22.85,21.80,22.51,2811808,63484056.00
20161206,22.50,22.83,22.29,22.35,1675271,37728748.00
20161207,22.35,22.54,22.26,22.49,1402713,31470002.00
20161208,22.48,22.93,22.40,22.49,2277031,51654064.00
20161209,22.35,22.68,22.20,22.42,1521738,34122572.00
20161212,22.41,23.52,21.45,21.45,3055708,67654256.00
20161213,21.89,21.89,21.34,21.62,1737792,37490976.00
20161214,21.62,22.70,21.32,21.59,2096405,45517284.00
20161215,21.48,21.86,21.38,21.60,1576200,34040392.00
20161216,21.58,22.50,21.38,22.34,4221400,91858952.00
20161219,22.46,22.55,21.80,21.81,2778817,61284672.00
20161220,21.68,21.87,21.52,21.61,1793356,38861720.00
20161221,21.60,21.78,21.38,21.70,2311116,49950528.00
20161222,21.60,21.80,21.38,21.40,2554028,55108788.00
20161223,21.20,21.48,20.80,20.94,2220409,46814292.00
20161226,20.93,21.30,20.51,21.23,2383306,49670824.00
20161227,21.20,21.41,20.95,21.20,1294219,27487388.00
20161228,21.20,21.44,21.06,21.30,1122595,23915372.00
20161229,21.20,21.58,21.07,21.07,1553555,33107598.00
20161230,21.12,21.29,21.05,21.14,981930,20793522.00
20170103,21.23,22.06,21.12,21.90,2770344,60201420.00
20170104,21.77,22.33,21.72,22.15,3562882,78959832.00
20170105,22.03,22.24,22.00,22.02,1735727,38371780.00
20170106,22.08,22.15,21.87,21.93,1090317,23922422.00
20170109,21.91,22.00,21.63,21.90,1594023,34754860.00
20170110,21.90,22.55,21.70,22.32,2655594,59071464.00
20170111,22.17,22.55,21.67,21.70,2349640,51578700.00
20170112,21.61,21.78,20.80,20.95,2703495,57413840.00
20170113,20.90,21.10,19.22,19.68,4161221,82873800.00
20170116,19.68,19.96,18.20,18.89,2608922,50578944.00
20170117,18.89,19.54,18.30,19.45,2763129,52148216.00
20170118,19.37,19.45,18.93,19.00,1300484,24886856.00
20170119,19.00,19.09,18.88,19.08,1017295,19312954.00
20170120,18.92,19.70,18.92,19.51,1534489,29804928.00
20170123,19.56,19.75,19.45,19.70,1189922,23335716.00
20170124,19.65,20.50,19.46,19.90,1951835,38975808.00
20170125,19.75,20.19,19.61,20.11,1121071,22329332.00
20170126,19.80,20.49,19.60,20.20,2395612,47939848.00
20170203,20.00,20.12,19.66,19.84,1078348,21443440.00
20170206,19.84,19.89,19.30,19.70,1826201,35853812.00
20170207,19.85,19.95,19.45,19.61,1590175,31267246.00
20170208,19.61,19.64,19.43,19.58,1838852,35927036.00
20170209,19.72,19.95,19.59,19.79,2177964,43002688.00
20170210,19.71,19.88,19.50,19.56,1626104,31887446.00
20170213,19.56,19.78,19.50,19.70,1676933,32946096.00
20170214,19.70,19.73,19.44,19.51,1386212,27094316.00
20170215,19.51,19.63,19.08,19.12,1997777,38479872.00
20170216,19.12,19.36,19.03,19.22,1516628,29110134.00
20170217,19.23,19.35,18.71,18.72,1815468,34444060.00
20170220,18.70,19.19,18.56,19.10,2066134,39193040.00
20170221,19.10,19.44,19.00,19.31,1761682,34033212.00
20170222,19.31,19.59,19.23,19.49,2312932,44947892.00
20170223,19.53,19.64,19.30,19.60,2339199,45547976.00
20170224,19.50,19.88,19.42,19.70,2512930,49577508.00
20170227,19.51,19.75,19.13,19.22,2291175,44315288.00
20170228,19.14,19.57,19.14,19.45,1679483,32568662.00
20170301,19.61,20.20,19.60,20.03,3275743,65368520.00
20170302,20.15,20.23,19.76,19.82,1969403,39303680.00
20170303,19.70,19.95,19.50,19.90,1351188,26686562.00
20170306,19.99,20.20,19.80,20.02,1818336,36412992.00
20170307,19.98,20.20,19.80,20.01,1501884,30007522.00
20170308,20.01,20.18,19.85,20.06,1238483,24712138.00
20170309,20.06,20.08,19.73,19.90,1732992,34427048.00
20170310,19.85,19.99,19.65,19.70,1945549,38613672.00
20170313,20.60,20.60,19.89,19.95,3360277,67425824.00
20170314,19.96,19.96,19.54,19.56,2843462,55908820.00
20170315,19.55,19.56,18.85,18.99,3789561,72237968.00
20170316,19.17,19.17,18.99,19.09,3428622,65409484.00
20170317,19.14,19.25,19.08,19.11,2248601,43116396.00
20170320,19.13,19.35,19.01,19.29,2404015,46110428.00
20170321,19.29,19.36,19.10,19.29,2411236,46381520.00
20170322,19.20,19.21,18.78,18.95,2389588,45262464.00
20170323,19.11,19.37,19.02,19.17,2326601,44730492.00
20170324,19.17,19.27,18.93,19.07,1779533,33913512.00
20170327,19.00,19.15,18.93,19.10,1663613,31670492.00
20170328,19.11,19.11,18.82,18.95,1418528,26892164.00
20170329,19.09,19.09,18.65,18.66,1495232,28134862.00
20170330,18.66,19.04,18.23,18.31,3241771,60397260.00
20170331,18.60,18.60,17.65,17.92,2865979,51673364.00
20170405,17.90,18.14,17.83,18.11,3131164,56297832.00
20170406,18.04,18.18,18.03,18.11,2807061,50811152.00
20170407,18.25,18.58,18.20,18.25,2012179,36932452.00
20170410,18.43,18.65,18.25,18.40,2585289,47686000.00
20170411,18.35,18.78,17.81,18.69,2172905,39676444.00
20170412,18.55,18.60,18.18,18.23,1817417,33402790.00
20170413,18.25,18.38,18.10,18.12,1634010,29821096.00
20170414,18.13,18.27,17.83,17.92,1699222,30534162.00
20170417,18.06,18.06,17.25,17.36,1761076,30768462.00
20170418,17.56,17.60,17.11,17.13,1668605,29039094.00
20170419,17.15,17.15,16.60,16.80,1739188,29226214.00
20170420,16.85,16.99,15.67,16.99,3768322,61993948.00
20170421,17.06,17.06,16.45,16.57,1743988,29023654.00
20170424,16.55,16.57,15.67,15.79,1936821,30869778.00
20170425,15.90,16.06,15.61,15.88,1614045,25680026.00
20170426,15.84,16.05,15.74,16.00,1013278,16206593.00
20170427,16.10,16.17,15.65,16.16,1560170,24841088.00
20170428,16.30,16.30,16.03,16.18,1364782,22017354.00
20170502,16.18,16.58,16.12,16.55,2115846,34631800.00
20170503,16.49,16.74,16.27,16.38,1202215,19778422.00
20170504,16.45,16.80,16.21,16.55,1602758,26513036.00
20170505,16.50,16.84,16.38,16.49,1440600,23951764.00
20170508,16.53,16.67,15.92,16.09,1144500,18664734.00
20170509,16.00,16.18,15.90,16.10,1200774,19256766.00
20170510,16.06,16.18,15.87,15.88,1138798,18228628.00
20170511,15.88,15.97,15.32,15.88,1308299,20527812.00
20170512,15.82,15.97,15.65,15.76,868652,13721724.00
20170515,15.62,15.86,15.62,15.82,726526,11452003.00
20170516,15.71,16.14,15.43,16.08,1397114,22054216.00
20170517,16.15,16.40,16.02,16.18,1296375,21034144.00
20170518,16.15,16.26,15.94,15.96,1145588,18402192.00
20170519,15.96,16.11,15.82,16.06,700099,11169856.00
20170522,16.05,16.06,15.45,15.55,1097575,17282136.00
20170523,15.64,15.64,15.07,15.25,1146959,17584868.00
20170524,15.20,15.37,15.10,15.34,1003262,15303448.00
20170525,15.39,16.02,15.38,16.00,2260767,35661940.00
20170526,15.87,16.46,15.87,15.90,1701997,27346766.00
20170531,16.00,17.29,15.91,16.76,3354291,55345064.00
20170601,16.48,16.76,16.04,16.13,2339255,38337664.00
20170602,16.02,16.49,15.82,16.36,1451863,23558654.00
20170605,16.35,16.74,16.30,16.60,1520877,25187336.00
20170606,16.68,16.68,16.48,16.62,864683,14327038.00
20170607,16.64,17.03,16.47,16.83,1438873,24110522.00
20170608,16.80,17.01,16.68,16.72,1203400,20269118.00
20170609,16.72,16.80,16.42,16.50,980026,16201280.00
20170612,16.46,16.55,16.20,16.20,1132330,18575210.00
20170613,16.20,16.69,16.19,16.45,1065043,17541166.00
20170614,16.40,16.62,16.33,16.38,1016435,16726552.00
20170615,16.35,16.80,16.22,16.80,2236074,37244080.00
20170616,16.80,16.97,16.50,16.96,2392912,40079020.00
20170619,16.87,17.75,16.75,17.72,4941872,86301664.00
20170620,17.72,18.05,17.58,17.89,3740602,66715252.00
20170621,17.89,18.08,17.71,17.75,1873264,33502868.00
20170622,17.73,17.88,17.41,17.49,1729817,30545338.00
20170623,17.48,17.80,17.15,17.78,2334528,40735312.00
20170626,17.95,18.28,17.71,18.18,2996102,54052520.00
20170627,18.10,18.25,17.80,17.81,1527534,27469956.00
20170628,17.78,17.99,17.66,17.90,731484,13005727.00
20170629,17.83,17.95,17.81,17.88,607571,10852936.00
20170630,17.88,17.88,17.42,17.50,1595001,28013138.00
20170703,17.60,17.85,17.43,17.74,1318106,23292572.00
20170704,17.75,17.95,17.70,17.80,858100,15276946.00
20170705,17.80,18.10,17.51,18.03,1908614,34110492.00
20170706,17.99,18.09,17.70,17.77,1754005,31281726.00
20170707,17.62,17.96,17.55,17.95,1455844,25866670.00
20170710,17.86,17.99,17.40,17.46,1969196,34802544.00
20170711,17.47,17.60,17.13,17.20,1455636,25164422.00
20170712,17.19,17.38,17.00,17.34,1202000,20652898.00
20170713,17.26,17.38,17.01,17.06,1072400,18368518.00
20170714,17.18,17.28,17.02,17.18,603597,10349468.00
20170717,17.09,17.15,15.48,16.21,2449456,40110144.00
20170718,16.11,16.20,15.60,15.81,2373333,37436592.00
20170719,15.76,15.85,15.55,15.75,3024266,47268328.00
数据来源:通达信
