002586 围海股份 日线 前复权
      日期	    开盘	    最高	    最低	    收盘	    成交量	    成交额
20110602,3.46,3.76,3.30,3.56,19335627,411871296.00
20110603,3.41,3.48,3.20,3.42,10829083,220082272.00
20110607,3.54,3.63,3.46,3.62,9463861,203431872.00
20110608,3.55,3.85,3.53,3.77,10386183,232138432.00
20110609,3.71,3.72,3.48,3.48,5824435,127182712.00
20110610,3.53,3.53,3.35,3.41,3711620,77207320.00
20110613,3.46,3.70,3.46,3.60,5141433,111409408.00
20110614,3.49,3.69,3.40,3.64,4828291,104226072.00
20110615,3.60,3.79,3.53,3.60,5181857,115386512.00
20110616,3.50,3.54,3.28,3.33,4337282,90252848.00
20110617,3.35,3.43,3.33,3.35,2797153,57419180.00
20110620,3.41,3.53,3.37,3.42,2436786,51017344.00
20110621,3.38,3.79,3.38,3.69,9430217,210751120.00
20110622,3.59,3.68,3.51,3.62,5706912,124031168.00
20110623,3.68,4.00,3.62,4.00,9671856,225062848.00
20110624,3.96,4.19,3.87,4.04,9186540,222060352.00
20110627,3.96,4.16,3.93,4.12,5592996,137169120.00
20110628,4.11,4.54,4.02,4.32,6439096,165863008.00
20110629,4.25,4.44,4.19,4.19,4920811,127282384.00
20110701,4.46,4.61,4.31,4.39,5475349,145808416.00
20110704,4.37,4.54,4.35,4.39,4361466,115512864.00
20110705,4.39,4.77,4.35,4.68,5381961,146376352.00
20110706,4.65,4.76,4.51,4.66,3898243,107960280.00
20110707,4.75,5.00,4.63,4.65,6536863,188313472.00
20110708,4.65,4.71,4.46,4.61,4769396,130324384.00
20110711,4.67,4.84,4.62,4.68,4534887,127871176.00
20110712,4.56,4.86,4.47,4.63,4986973,139856000.00
20110713,4.55,4.75,4.54,4.72,4127177,115219152.00
20110714,4.67,5.20,4.65,5.00,6232727,180214624.00
20110715,4.91,5.02,4.78,4.86,4719970,137340144.00
20110718,4.86,4.92,4.73,4.78,2608017,74849192.00
20110719,4.77,4.86,4.72,4.75,2684297,76903400.00
20110720,4.79,4.84,4.59,4.63,2445031,68679256.00
20110721,4.61,4.71,4.48,4.63,3503555,96094800.00
20110722,4.59,4.80,4.58,4.71,2410191,67810256.00
20110725,4.66,4.70,4.32,4.34,2480689,66580056.00
20110726,4.34,4.40,4.30,4.32,1404152,36616844.00
20110727,4.30,4.50,4.18,4.46,2269878,59607052.00
20110728,4.37,4.47,4.35,4.39,2016345,53155596.00
20110729,4.42,4.55,4.34,4.38,2515993,66999760.00
20110801,4.40,4.60,4.24,4.59,3365769,89977072.00
20110802,4.55,5.02,4.50,4.86,6228542,177721552.00
20110803,4.69,4.98,4.69,4.90,4069945,117916192.00
20110804,4.90,5.21,4.83,5.11,4645355,140195376.00
20110805,4.90,5.54,4.90,5.32,5379653,167230240.00
20110808,5.28,5.48,4.81,4.97,4833279,149593536.00
20110809,4.83,5.29,4.60,5.23,5177028,154855152.00
20110810,5.30,5.61,5.21,5.38,4197598,135162896.00
20110811,5.24,5.53,5.19,5.41,2904184,92598344.00
20110812,5.41,5.55,5.30,5.44,2441664,78983696.00
20110815,5.52,5.65,5.44,5.54,2360518,77776008.00
20110816,5.56,5.58,5.33,5.34,1811067,58391308.00
20110817,5.39,5.39,5.13,5.13,2141289,66336640.00
20110818,5.15,5.28,5.03,5.23,2664673,81696080.00
20110819,5.10,5.20,5.02,5.08,1520627,46069308.00
20110822,5.12,5.24,5.04,5.09,1142760,34914832.00
20110823,5.12,5.62,5.12,5.62,3556695,114793312.00
20110824,5.70,5.77,5.49,5.52,2934309,97477312.00
20110825,5.53,5.58,5.35,5.54,1849447,59914244.00
20110826,5.41,5.53,5.27,5.35,3771826,120520336.00
20110829,5.31,5.44,5.18,5.43,2663318,84157736.00
20110830,5.38,5.53,5.24,5.27,2580382,83012992.00
20110831,5.22,5.30,4.95,5.07,1810052,55068376.00
20110901,5.12,5.21,5.02,5.12,1540260,46883500.00
20110902,5.11,5.11,4.84,5.00,2637623,77409664.00
20110905,4.88,4.92,4.74,4.75,1183888,34129444.00
20110906,4.69,4.79,4.60,4.64,927651,25983188.00
20110907,4.68,4.81,4.68,4.79,1308988,37102980.00
20110908,4.79,4.85,4.70,4.70,947987,27005656.00
20110909,4.72,4.84,4.67,4.68,1180882,33544156.00
20110913,4.64,4.76,4.52,4.72,1490151,41629796.00
20110914,4.70,4.73,4.58,4.73,1135817,31511396.00
20110915,4.72,4.90,4.69,4.80,1494344,43016212.00
20110916,4.80,4.85,4.67,4.68,901460,25500610.00
20110919,4.60,4.66,4.35,4.38,1049649,28069758.00
20110920,4.37,4.41,4.28,4.33,891765,23249258.00
20110921,4.33,4.49,4.25,4.47,1514680,39992248.00
20110922,4.45,4.45,4.22,4.23,1186696,30871606.00
20110923,4.07,4.27,4.07,4.16,761092,19067086.00
20110926,4.07,4.20,4.07,4.19,1199086,29980632.00
20110927,4.25,4.27,4.14,4.18,654196,16427645.00
20110928,4.21,4.25,3.99,4.03,639890,15824231.00
20110929,4.03,4.04,3.81,3.81,1274751,29716030.00
20110930,3.77,3.85,3.68,3.81,593590,13494104.00
20111010,3.86,3.88,3.73,3.76,490826,11257830.00
20111011,3.95,3.97,3.63,3.68,713312,16391503.00
20111012,3.68,3.90,3.61,3.89,1964458,45157968.00
20111013,3.91,4.16,3.91,4.15,2472820,60790736.00
20111014,4.09,4.21,4.09,4.14,1338012,33282876.00
20111018,4.15,4.41,4.09,4.16,2522728,64588004.00
20111019,4.15,4.20,3.99,4.04,871532,21374210.00
20111020,4.07,4.07,3.86,3.97,795702,18837086.00
20111021,3.95,3.98,3.77,3.79,632647,14777845.00
20111024,3.86,3.90,3.67,3.86,764239,17610532.00
20111025,3.83,4.10,3.83,4.07,2004883,48364260.00
20111026,3.98,4.22,3.98,4.08,1884737,46866580.00
20111027,4.12,4.26,4.05,4.19,2064260,51796432.00
20111028,4.33,4.40,4.20,4.31,2347226,60514852.00
20111031,4.30,4.40,4.23,4.38,1771876,46171080.00
20111101,4.32,4.43,4.30,4.32,1458966,38144144.00
20111102,4.21,4.56,4.18,4.54,2021603,53056792.00
20111103,4.60,4.73,4.46,4.47,3092000,85143496.00
20111104,4.49,4.55,4.33,4.41,1388386,36905588.00
20111107,4.42,4.55,4.40,4.51,1529202,41204288.00
20111108,4.50,4.56,4.33,4.34,952453,25283674.00
20111109,4.40,4.55,4.25,4.50,1373229,36334392.00
20111110,4.44,4.73,4.43,4.70,3655657,101482848.00
20111111,4.81,4.86,4.58,4.67,2473576,69650472.00
20111114,4.68,4.78,4.61,4.76,1537684,43280304.00
20111115,4.71,4.80,4.65,4.77,950929,27033586.00
20111116,4.73,4.77,4.63,4.66,1360463,38087092.00
20111117,4.64,4.91,4.63,4.83,1764712,50516472.00
20111118,4.85,4.86,4.65,4.68,1794979,50807456.00
20111121,4.57,4.84,4.57,4.83,2764428,78442304.00
20111122,4.78,4.91,4.64,4.68,3016753,86017936.00
20111123,4.64,4.74,4.60,4.70,1527933,42634288.00
20111124,4.60,4.76,4.60,4.71,880323,24684276.00
20111125,4.73,4.91,4.73,4.80,2296548,66224708.00
20111128,4.78,4.84,4.74,4.78,847131,24272434.00
20111129,4.85,4.85,4.70,4.78,887096,25248962.00
20111130,4.74,4.85,4.28,4.42,2373314,63524480.00
20111201,4.57,4.61,4.48,4.51,1363297,37067292.00
20111202,4.44,4.46,4.33,4.35,638740,16733083.00
20111205,4.33,4.33,4.08,4.09,828723,20904250.00
20111206,4.07,4.17,4.05,4.13,561462,13870947.00
20111207,4.15,4.20,4.11,4.17,491497,12262590.00
20111208,4.13,4.28,4.06,4.20,693095,17438828.00
20111209,4.17,4.28,4.13,4.24,632021,16110731.00
20111212,4.28,4.33,4.24,4.27,459832,11817517.00
20111213,4.38,4.44,4.16,4.20,1932952,50285336.00
20111214,4.04,4.11,3.81,3.96,1525401,36575376.00
20111215,3.84,3.96,3.78,3.87,948441,22125922.00
20111216,3.83,3.97,3.78,3.97,1091645,25502970.00
20111219,3.96,3.97,3.83,3.95,726567,17042748.00
20111220,3.89,4.07,3.88,3.95,674598,16200753.00
20111221,4.02,4.04,3.88,3.88,1254201,30167792.00
20111222,3.88,3.88,3.61,3.79,1256836,28420824.00
20111223,3.77,3.87,3.74,3.82,943167,21717914.00
20111226,3.84,3.85,3.75,3.77,405743,9347294.00
20111227,3.74,3.79,3.62,3.63,594945,13201794.00
20111228,3.63,3.63,3.51,3.57,638736,13795433.00
20111229,3.51,3.60,3.46,3.53,412506,8912711.00
20111230,3.58,3.72,3.56,3.68,631457,13934341.00
20120104,3.77,3.82,3.59,3.59,504190,11259370.00
20120105,3.53,3.60,3.23,3.27,818416,16992106.00
20120106,3.23,3.31,3.08,3.27,632178,12276777.00
20120109,3.11,3.42,3.11,3.41,582388,11818203.00
20120110,3.44,3.63,3.40,3.59,699079,14983188.00
20120111,3.63,3.67,3.56,3.64,688416,15077897.00
20120112,3.63,3.70,3.57,3.59,752696,16538901.00
20120113,3.59,3.63,3.22,3.22,1291168,26362840.00
20120116,3.16,3.30,3.11,3.12,614974,12042356.00
20120117,3.21,3.40,3.14,3.39,955639,19083248.00
20120118,3.40,3.56,3.27,3.33,1114647,23301116.00
20120119,3.27,3.40,3.24,3.37,556820,11319583.00
20120120,3.38,3.49,3.37,3.47,592979,12444762.00
20120130,3.50,3.61,3.44,3.49,758849,16223365.00
20120131,3.46,3.55,3.44,3.55,571117,12079251.00
20120201,3.54,3.64,3.51,3.58,936684,20358318.00
20120202,3.60,3.60,3.51,3.58,896649,19269526.00
20120203,3.58,3.64,3.55,3.59,750189,16356669.00
20120206,3.60,3.77,3.58,3.71,1406319,31243654.00
20120207,3.65,3.69,3.54,3.59,811858,17770570.00
20120208,3.59,3.67,3.56,3.66,898315,19630328.00
20120209,3.64,3.73,3.63,3.67,854861,19082540.00
20120210,3.67,3.71,3.61,3.65,816279,18097160.00
20120213,3.61,3.72,3.58,3.68,876492,19522688.00
20120214,3.69,3.71,3.58,3.63,1124315,24675332.00
20120215,3.63,3.68,3.56,3.68,1096784,24149066.00
20120216,3.67,3.81,3.64,3.78,1691386,38209052.00
20120217,3.81,3.83,3.74,3.78,942751,21510342.00
20120220,3.85,4.09,3.81,3.96,3291417,78793248.00
20120221,3.95,4.10,3.91,4.05,1812517,43723884.00
20120222,4.05,4.16,4.02,4.09,1518104,37530316.00
20120223,4.09,4.33,4.09,4.33,2758536,70133192.00
20120224,4.33,4.39,4.25,4.37,2296034,59771232.00
20120227,4.39,4.43,4.30,4.37,2115605,55356604.00
20120228,4.39,4.49,4.31,4.38,2880399,75915808.00
20120229,4.36,4.36,4.16,4.25,1704005,43469264.00
20120301,4.21,4.30,4.21,4.24,683104,17508356.00
20120302,4.28,4.42,4.28,4.39,1330775,34709888.00
20120305,4.40,4.48,4.26,4.27,1712700,44409116.00
20120306,4.25,4.31,4.12,4.31,1900924,47954172.00
20120307,4.27,4.43,4.21,4.31,1748624,45691560.00
20120308,4.28,4.43,4.28,4.35,1356415,35526156.00
20120309,4.41,4.42,4.28,4.40,1442913,37763380.00
20120312,4.42,4.61,4.41,4.61,2643391,72022816.00
20120313,4.63,4.63,4.55,4.61,1324763,36345796.00
20120314,4.60,4.68,4.35,4.38,2190217,59391356.00
20120315,4.38,4.45,4.28,4.37,1291334,33834000.00
20120316,4.43,4.58,4.37,4.58,1045544,28096856.00
20120319,4.65,4.79,4.64,4.66,1645993,46330572.00
20120320,4.60,4.65,4.55,4.61,1165735,31945248.00
20120321,4.63,4.70,4.41,4.57,1122473,30697644.00
20120322,4.49,4.72,4.41,4.65,1923625,53269684.00
20120323,4.63,4.71,4.51,4.62,917933,25324418.00
20120326,4.57,4.74,4.57,4.66,1447178,40430044.00
20120327,4.66,4.81,4.64,4.73,1616799,45684240.00
20120328,4.73,4.74,4.33,4.36,1577530,42263056.00
20120329,4.33,4.47,4.14,4.45,1394684,36403564.00
20120330,4.41,4.41,3.99,3.99,3068699,75408896.00
20120405,4.01,4.09,3.93,4.06,1751125,42445256.00
20120406,4.05,4.09,4.00,4.07,1480516,35952372.00
20120409,4.02,4.09,3.99,4.00,873776,21194932.00
20120410,3.94,3.96,3.70,3.93,1756003,40558304.00
20120411,3.84,4.03,3.81,3.92,1765305,41933992.00
20120412,3.95,4.07,3.93,4.06,1419651,34280536.00
20120413,4.14,4.29,4.11,4.14,2075327,52083360.00
20120416,4.09,4.21,4.05,4.07,1355289,33499982.00
20120417,4.05,4.09,3.91,3.93,1137476,27298730.00
20120418,3.96,4.06,3.92,4.06,1052270,25408328.00
20120419,4.17,4.49,4.16,4.33,4522957,118121768.00
20120423,4.34,4.49,4.24,4.28,2771672,72582992.00
20120424,4.16,4.33,4.10,4.23,1589062,40012064.00
20120425,4.23,4.40,4.17,4.35,2030514,52879692.00
20120426,4.37,4.37,4.16,4.22,1940572,49051796.00
20120427,4.28,4.32,4.18,4.23,1246824,31797810.00
20120502,4.27,4.57,4.24,4.43,2706862,71363728.00
20120503,4.42,4.45,4.32,4.43,1758096,46170836.00
20120504,4.45,4.50,4.34,4.40,1538595,40586212.00
20120507,4.34,4.45,4.33,4.44,1348923,35425572.00
20120508,4.45,4.48,4.39,4.41,1324790,35064844.00
20120509,4.37,4.37,4.24,4.24,1344719,34605048.00
20120510,4.24,4.30,4.21,4.26,724935,18495386.00
20120511,4.25,4.31,4.23,4.25,592091,15141185.00
20120514,4.31,4.33,4.24,4.27,940041,24189964.00
20120515,4.21,4.24,4.12,4.24,1299551,32489348.00
20120517,4.16,4.20,4.09,4.19,961418,24005098.00
20120518,4.13,4.17,4.00,4.05,656019,16176951.00
20120521,4.06,4.12,3.97,4.06,495898,12032774.00
20120522,4.08,4.13,4.07,4.12,468260,11556591.00
20120523,4.11,4.15,4.08,4.14,565746,14009798.00
20120524,4.14,4.15,4.04,4.04,649290,16014169.00
20120525,4.07,4.12,3.97,3.98,432856,10494386.00
20120528,3.98,4.25,3.90,4.21,1419787,35045652.00
20120529,4.17,4.25,4.17,4.21,997708,25201482.00
20120530,4.18,4.20,4.10,4.15,1275689,31772344.00
20120531,4.09,4.13,4.05,4.10,953678,23407928.00
20120601,4.13,4.13,4.06,4.11,815412,20093636.00
20120604,4.03,4.04,3.91,3.93,968135,23259418.00
20120605,3.91,3.98,3.91,3.95,769260,18280446.00
20120606,4.02,4.04,3.93,3.95,672844,16162699.00
20120607,4.00,4.05,3.93,3.96,773643,18597504.00
20120608,3.98,4.01,3.97,4.01,501258,12051599.00
20120611,4.05,4.16,4.00,4.13,1187853,29179642.00
20120612,4.13,4.56,4.03,4.52,8610943,118907216.00
20120613,4.51,4.62,4.39,4.52,7352381,104053584.00
20120614,4.49,4.62,4.41,4.53,5946643,84945016.00
20120615,4.50,4.54,4.33,4.46,4099848,57017400.00
20120618,4.45,4.59,4.45,4.58,4237300,60343628.00
20120619,4.56,4.62,4.53,4.53,3318625,47514644.00
20120620,4.51,4.54,4.40,4.45,2669526,37283356.00
20120621,4.39,4.42,4.25,4.33,2625169,35606252.00
20120625,4.39,4.78,4.36,4.78,14955339,222274448.00
20120626,4.91,5.28,4.90,5.08,26584297,418314656.00
20120627,4.91,5.61,4.84,5.47,23270768,375181248.00
20120628,5.42,5.43,5.09,5.14,16551996,270559296.00
20120629,5.13,5.16,4.96,5.10,9791400,154629104.00
20120702,5.08,5.18,5.02,5.16,9928857,158318464.00
20120703,5.25,5.49,5.13,5.31,16658900,276247968.00
20120704,5.20,5.28,5.03,5.06,9052677,144182032.00
20120705,4.97,4.97,4.74,4.74,7281553,110072344.00
20120706,4.79,4.91,4.74,4.86,5909535,89391728.00
20120709,4.86,4.97,4.55,4.55,7385282,110197744.00
20120710,4.45,4.56,4.40,4.50,4314980,60555700.00
20120711,4.52,4.63,4.47,4.57,4103026,58734092.00
20120712,4.48,4.68,4.40,4.64,5381484,76860264.00
20120713,4.60,4.66,4.47,4.47,4135958,59106100.00
20120716,4.45,4.47,4.11,4.23,4741788,63540324.00
20120717,4.19,4.45,4.14,4.39,4028001,54806656.00
20120718,4.36,4.63,4.29,4.59,6677382,94494208.00
20120719,4.54,4.64,4.51,4.52,5455320,78294384.00
20120720,4.51,4.89,4.44,4.71,7814559,114457984.00
20120723,4.74,5.19,4.69,5.00,11400022,176216000.00
20120724,4.88,4.97,4.78,4.91,6013917,91775392.00
20120725,4.90,5.26,4.80,5.04,10549832,166716496.00
20120726,4.99,5.03,4.69,4.70,7076796,107347072.00
20120727,4.66,4.74,4.40,4.49,4960229,70670160.00
20120730,4.47,4.50,4.30,4.36,2852455,39441900.00
20120731,4.35,4.46,4.32,4.38,2527286,34912716.00
20120801,4.39,4.62,4.36,4.54,3472170,49327796.00
20120802,4.56,4.86,4.53,4.79,6946561,102228440.00
20120803,4.73,4.85,4.69,4.80,5757893,85846072.00
20120806,4.76,4.96,4.71,4.91,5311719,80621792.00
20120807,4.89,5.18,4.89,5.11,10283063,162937056.00
20120808,5.10,5.12,4.86,5.03,7141491,111520648.00
20120809,4.91,5.11,4.88,5.05,5451448,85422992.00
20120810,5.03,5.15,4.97,5.00,4634960,72970392.00
20120813,4.90,4.98,4.74,4.76,3940014,59964868.00
20120814,4.75,4.92,4.67,4.88,3532950,53168888.00
20120815,4.82,4.87,4.69,4.69,2693561,40211228.00
20120816,4.64,4.83,4.63,4.73,2242229,33319222.00
20120817,4.88,4.98,4.73,4.83,3246225,49360516.00
20120820,4.81,4.81,4.64,4.74,2356074,34715272.00
20120821,4.72,4.96,4.70,4.96,4667375,71259664.00
20120822,4.96,5.03,4.90,4.96,3536053,54796152.00
20120823,4.96,5.07,4.90,5.06,3992914,62343000.00
20120824,5.11,5.25,4.87,4.87,6396865,101436528.00
20120827,4.77,4.77,4.46,4.60,4835376,69495264.00
20120828,4.62,4.68,4.53,4.58,3389931,48893696.00
20120829,4.59,4.72,4.56,4.70,3177847,46439836.00
20120830,4.63,4.68,4.36,4.47,3568309,50556116.00
20120831,4.48,4.59,4.41,4.55,1798772,25650154.00
20120903,4.49,4.65,4.49,4.63,1579363,22825050.00
20120904,4.66,4.69,4.58,4.61,1979289,28661150.00
20120905,4.60,4.62,4.52,4.57,1753198,25122538.00
20120906,4.57,4.67,4.56,4.65,2003498,29103702.00
20120907,4.68,4.96,4.68,4.85,4981119,75187264.00
20120910,4.89,5.04,4.86,4.97,4620983,71569200.00
20120911,5.12,5.19,4.93,4.99,4874129,76686192.00
20120912,4.96,5.21,4.89,5.17,8402539,133232808.00
20120913,5.19,5.58,5.12,5.28,14678128,245379744.00
20120914,5.28,5.44,5.10,5.32,8307532,137037888.00
20120917,5.30,5.55,5.03,5.46,7245342,119019776.00
20120918,5.36,5.48,5.19,5.23,6212628,103856392.00
20120919,5.19,5.59,5.19,5.42,5878638,99175424.00
20120920,5.34,5.38,5.13,5.13,3960981,64717636.00
20120921,5.04,5.29,4.92,5.07,3379355,53996664.00
20120924,4.99,5.18,4.97,5.12,2370086,37720588.00
20120925,5.09,5.19,4.93,4.94,2120762,33332682.00
20120926,4.91,5.03,4.73,4.73,2436530,37020384.00
20120927,4.66,5.02,4.66,4.95,3078751,46639608.00
20120928,4.90,5.23,4.90,5.10,4251453,67579384.00
20121008,5.03,5.20,5.03,5.19,2395732,38514348.00
20121009,5.19,5.38,5.16,5.28,3185042,52436048.00
20121010,5.32,5.39,5.21,5.29,3175040,52455248.00
20121011,5.28,5.28,5.06,5.08,3514181,56514448.00
20121012,5.09,5.19,5.03,5.16,1982462,31717886.00
20121015,5.21,5.23,5.08,5.13,1607135,25782812.00
20121016,5.10,5.38,5.01,5.38,4807216,78873960.00
20121017,5.54,5.54,5.17,5.22,5763991,95519848.00
20121018,5.13,5.46,5.13,5.44,5754322,95305528.00
20121019,5.36,5.72,5.35,5.69,9791957,169028512.00
20121022,5.59,5.89,5.57,5.79,6673437,118863832.00
20121023,5.74,5.77,5.58,5.63,4790542,84391192.00
20121024,5.56,5.70,5.44,5.58,4332739,74659800.00
20121025,5.58,5.65,5.41,5.44,3910351,67292440.00
20121026,5.39,5.43,5.27,5.35,3348051,55647276.00
20121029,5.33,5.48,5.32,5.41,2407345,40589936.00
20121030,5.40,5.58,5.39,5.48,3494567,59589564.00
20121031,5.48,5.61,5.43,5.58,4373041,75574432.00
20121101,5.59,5.67,5.49,5.55,5853259,101416832.00
20121102,5.56,5.58,5.22,5.26,7982806,132715088.00
20121105,5.20,5.33,5.17,5.26,2893095,47573676.00
20121106,5.26,5.26,5.10,5.23,3148795,50797044.00
20121107,5.32,5.37,5.23,5.24,3054127,50388384.00
20121108,5.13,5.32,5.10,5.29,3227135,52827916.00
20121109,5.23,5.35,5.21,5.21,2501315,41212468.00
20121112,5.21,5.40,5.19,5.39,4350398,72400896.00
20121113,5.39,5.44,5.23,5.30,3548845,58653148.00
20121114,5.28,5.32,5.07,5.12,4130493,66368568.00
20121115,5.07,5.16,4.88,4.98,3096365,48434752.00
20121116,4.93,4.98,4.78,4.86,3517847,53243436.00
20121119,4.85,4.96,4.80,4.96,1628983,24902952.00
20121120,4.99,5.03,4.88,4.89,1665782,25855990.00
20121121,4.89,4.94,4.72,4.93,2500018,37850352.00
20121122,4.89,4.90,4.82,4.89,1666266,25313280.00
20121123,4.86,4.94,4.83,4.88,1987386,30417522.00
20121126,4.89,4.90,4.70,4.72,3059613,45593416.00
20121127,4.69,4.73,4.49,4.56,3001779,43364228.00
20121128,4.53,4.58,4.39,4.53,2970119,41902080.00
20121129,4.56,4.59,4.43,4.49,1824349,25777602.00
20121130,4.49,4.59,4.43,4.57,1909777,27227120.00
20121203,4.57,4.68,4.53,4.56,2528205,36591560.00
20121204,4.56,4.79,4.35,4.78,2656988,38099104.00
20121205,4.70,4.98,4.69,4.92,3828952,58568644.00
20121206,4.92,4.96,4.80,4.85,2148884,32665004.00
20121207,4.86,4.97,4.82,4.94,3098107,47593956.00
20121210,4.92,5.01,4.87,4.97,2941231,45542296.00
20121211,4.94,4.96,4.86,4.91,1813526,27801028.00
20121212,4.98,5.08,4.87,4.92,2349897,36428992.00
20121213,4.92,4.92,4.70,4.70,1704773,25681894.00
20121214,4.67,5.11,4.65,5.00,4786728,73743296.00
20121217,5.01,5.21,4.95,5.14,3921411,62044424.00
20121218,5.09,5.16,5.02,5.04,2360071,37416844.00
20121219,5.02,5.08,5.01,5.02,1673251,26338804.00
20121220,4.99,5.11,4.99,5.07,2013720,31845976.00
20121221,5.10,5.16,5.01,5.06,2238263,35469148.00
20121224,5.02,5.21,5.02,5.19,2921786,46731056.00
20121225,5.19,5.42,5.13,5.32,4171689,69019496.00
20121226,5.28,5.42,5.28,5.32,2216308,36864980.00
20121227,5.32,5.36,5.19,5.19,2441334,40033896.00
20121228,5.16,5.54,5.16,5.52,5239882,88316128.00
20121231,5.50,5.55,5.41,5.46,3091530,52625344.00
20130104,5.49,5.78,5.36,5.69,4675065,81308256.00
20130107,5.60,5.64,5.43,5.61,4754347,81992080.00
20130108,5.56,5.69,5.50,5.59,3287783,57078192.00
20130109,5.75,5.79,5.49,5.53,4037828,70834208.00
20130110,5.58,5.58,5.47,5.52,2631286,45098104.00
20130111,5.49,5.59,5.37,5.40,3057368,52397492.00
20130114,5.38,5.62,5.36,5.58,3067964,52644432.00
20130115,5.58,5.64,5.53,5.63,4003431,69612728.00
20130116,5.66,5.68,5.54,5.61,3371635,58773920.00
20130117,5.56,5.57,5.42,5.44,2230379,38117424.00
20130118,5.46,5.56,5.39,5.54,2675382,45690772.00
20130121,5.56,5.68,5.48,5.67,3863553,67006076.00
20130122,5.67,5.67,5.44,5.45,2888231,49736956.00
20130123,5.39,5.54,5.39,5.53,2276151,38804548.00
20130124,5.59,5.59,5.20,5.25,2542012,42691100.00
20130125,5.23,5.34,5.23,5.24,1361100,22414374.00
20130128,5.38,5.41,5.27,5.41,1857443,30902820.00
20130129,5.41,5.58,5.40,5.52,2542220,43638020.00
20130130,5.51,5.54,5.39,5.47,2272021,38631156.00
20130131,5.47,5.47,5.36,5.41,1292313,21702936.00
20130201,5.38,5.41,5.32,5.37,1321058,22103916.00
20130204,5.37,5.45,5.31,5.43,2702315,45258448.00
20130205,5.43,5.55,5.33,5.55,3546171,60277716.00
20130206,5.53,5.59,5.45,5.45,2885422,49564908.00
20130207,5.41,5.49,5.34,5.36,2073495,34768416.00
20130208,5.36,5.54,5.35,5.50,3283723,55910280.00
20130218,5.51,5.75,5.49,5.70,6653657,116884976.00
20130219,5.65,5.69,5.59,5.65,3167679,55411304.00
20130220,5.66,5.97,5.66,5.93,9694335,175715360.00
20130221,5.89,6.02,5.77,5.99,5580378,101745616.00
20130222,5.98,6.13,5.90,5.93,5512186,102600584.00
20130225,5.96,6.16,5.93,6.06,5604450,105166208.00
20130226,6.06,6.16,5.93,6.05,5087902,95560672.00
20130227,6.09,6.12,5.86,5.91,5445572,101728240.00
20130228,5.93,5.99,5.76,5.94,3841630,70235872.00
20130301,5.94,6.33,5.94,6.29,8355383,161006464.00
20130304,6.26,6.47,6.09,6.21,5701542,110333760.00
20130305,6.20,6.38,6.07,6.34,2766928,53392028.00
20130306,6.33,6.40,6.26,6.33,2700867,52942160.00
20130307,6.35,6.44,6.23,6.28,3235009,63468044.00
20130308,6.27,6.41,5.94,5.94,4519928,85091528.00
20130311,5.94,5.98,5.76,5.77,2873905,52056516.00
20130312,5.83,5.90,5.69,5.85,4163389,75428936.00
20130313,5.89,5.99,5.83,5.91,3023259,55408976.00
20130314,5.92,5.92,5.69,5.82,2473784,44305296.00
20130315,5.75,5.96,5.70,5.81,2390884,43301688.00
20130318,5.70,5.82,5.59,5.64,1820603,32107372.00
20130319,5.64,5.73,5.63,5.69,1306383,23075308.00
20130320,5.70,5.78,5.66,5.78,3144807,56141264.00
20130321,5.78,6.01,5.76,5.93,4362519,80197824.00
20130322,5.89,5.97,5.83,5.95,2204204,40312464.00
20130325,5.96,5.96,5.83,5.87,1780902,32447566.00
20130326,5.81,5.86,5.67,5.76,2232497,39803936.00
20130327,5.77,5.84,5.70,5.79,1424619,25526770.00
20130328,5.76,5.76,5.56,5.56,1525193,26622830.00
20130329,5.54,5.67,5.53,5.57,980781,17077930.00
20130401,5.66,5.67,5.55,5.66,1199328,20992132.00
20130402,5.66,5.77,5.59,5.65,1594422,28062596.00
20130403,5.64,5.77,5.60,5.77,1404564,24841226.00
20130408,5.64,5.83,5.61,5.79,1569534,27873744.00
20130409,5.83,5.99,5.83,5.98,3997706,73631544.00
20130410,5.88,5.96,5.78,5.85,2275407,41384676.00
20130411,5.83,5.94,5.83,5.85,1424263,26056992.00
20130412,5.88,5.90,5.71,5.76,1172854,21196498.00
20130415,5.73,5.74,5.66,5.73,987052,17501344.00
20130416,5.66,5.72,5.57,5.66,2672480,46837780.00
20130417,5.65,5.85,5.65,5.83,2458421,44236860.00
20130418,5.81,5.99,5.77,5.95,3716787,68088400.00
20130419,5.92,6.09,5.90,6.07,3811759,71308424.00
20130422,6.04,6.21,6.00,6.13,5417641,102612440.00
20130423,6.12,6.12,5.83,5.84,3284174,60472612.00
20130424,5.84,6.14,5.83,6.06,3745231,69849552.00
20130425,6.09,6.13,5.91,6.01,2487377,46452568.00
20130426,6.01,6.06,5.91,6.01,1856405,34399420.00
20130502,6.00,6.25,5.95,6.23,3765439,71819040.00
20130503,6.22,6.31,6.15,6.21,4537393,87732424.00
20130506,6.19,6.32,6.12,6.26,4354116,83982408.00
20130507,6.27,6.29,6.05,6.06,3216432,61376364.00
20130508,6.04,6.24,6.03,6.18,2802431,53527264.00
20130509,6.17,6.17,5.85,6.00,5647007,104082784.00
20130510,5.94,5.98,5.77,5.78,4167241,75466912.00
20130513,5.78,5.89,5.78,5.85,2680992,48578492.00
20130514,5.93,6.04,5.91,6.04,4668266,86631000.00
20130515,5.93,6.02,5.79,5.96,2077248,38244796.00
20130516,5.96,6.02,5.86,5.93,2492328,46062632.00
20130517,5.92,6.12,5.92,6.09,4344324,81578000.00
20130520,6.23,6.34,6.17,6.23,5858163,113623080.00
20130521,6.20,6.29,6.14,6.29,4770925,91768560.00
20130522,6.31,6.45,6.06,6.07,6402757,124100592.00
20130523,6.09,6.10,5.89,5.96,4122230,76619552.00
20130524,6.03,6.11,5.95,6.09,2785612,52331348.00
20130527,6.13,6.30,6.03,6.27,6489642,82718184.00
20130528,6.28,6.29,6.14,6.21,4325984,55224316.00
20130529,6.27,6.50,6.22,6.42,8746285,114879672.00
20130530,6.40,6.47,6.30,6.41,4981555,65422480.00
20130531,6.62,6.65,6.31,6.33,8905403,118679808.00
20130603,6.28,6.33,6.07,6.08,7110999,90162544.00
20130604,6.12,6.17,6.03,6.14,3643220,45634828.00
20130605,6.14,6.14,5.87,5.98,5482091,67414272.00
20130606,5.97,6.01,5.69,5.73,4878264,58546676.00
20130607,5.72,5.85,5.57,5.79,3388366,39906292.00
20130613,5.75,5.75,5.45,5.55,2147621,24604492.00
20130614,5.62,5.67,5.55,5.59,2644514,30575890.00
20130617,5.58,5.61,5.38,5.43,3934767,44354376.00
20130618,5.43,5.60,5.40,5.59,3131093,35634520.00
20130619,5.54,5.54,5.40,5.45,2412162,27183766.00
20130620,5.43,5.52,5.32,5.36,2470039,27552010.00
20130621,5.28,5.39,5.11,5.36,4386894,47341368.00
20130624,5.31,5.31,4.87,4.97,3157664,33352888.00
20130625,5.01,5.06,4.52,4.80,5420632,53659040.00
20130626,4.83,4.92,4.70,4.91,3961910,39531384.00
20130627,5.03,5.19,4.94,4.95,6181126,64900612.00
20130628,4.90,5.35,4.77,5.29,7507697,79550904.00
20130701,5.25,5.40,5.13,5.35,5171881,56616572.00
20130702,5.36,5.39,5.19,5.38,4805534,52593096.00
20130703,5.33,5.35,5.08,5.20,3414017,36734380.00
20130704,5.00,5.35,5.00,5.18,3891867,42028128.00
20130705,5.20,5.25,5.14,5.18,3278589,35139664.00
20130708,5.03,5.35,4.88,5.05,4460053,47340168.00
20130709,4.99,5.14,4.95,5.04,1665832,17386298.00
20130710,5.08,5.25,5.04,5.23,2833968,30344034.00
20130711,5.30,5.49,5.30,5.49,6781487,75870920.00
20130712,5.57,5.60,5.35,5.42,6658251,74665312.00
20130715,5.27,5.29,5.08,5.24,8131146,87439792.00
20130716,5.20,5.41,5.18,5.29,6417195,70331776.00
20130717,5.26,5.33,5.01,5.02,6965859,74053568.00
20130718,5.03,5.07,4.96,5.02,4925827,51005564.00
20130719,5.01,5.54,4.97,5.50,15135688,165839728.00
20130729,5.33,5.36,5.02,5.24,5239204,56556212.00
20130730,5.27,5.40,5.01,5.23,4581343,49262964.00
20130731,5.25,5.45,5.19,5.22,4046471,44556592.00
20130801,5.29,5.59,5.28,5.42,6434321,72264528.00
20130802,5.39,5.53,5.31,5.36,5456035,60966524.00
20130805,5.34,5.63,5.33,5.53,8411288,95173856.00
20130806,5.59,5.65,5.42,5.57,7670511,87726656.00
20130807,5.55,5.76,5.48,5.63,8667956,100218296.00
20130808,5.58,5.91,5.55,5.85,10095270,120022536.00
20130809,5.85,5.87,5.70,5.81,5775230,68933904.00
20130812,5.78,5.94,5.78,5.83,6272957,75557192.00
20130813,5.84,5.86,5.71,5.81,3880320,46192784.00
20130814,5.78,6.03,5.77,5.94,7327955,88883520.00
20130815,5.83,5.85,5.70,5.70,6227556,74189600.00
20130816,5.70,5.73,5.48,5.49,4254774,49196128.00
20130819,5.45,5.57,5.34,5.57,2817193,31950948.00
20130820,5.57,5.65,5.53,5.62,2633514,30455986.00
20130821,5.63,5.66,5.46,5.58,3403542,38997364.00
20130822,5.59,5.61,5.46,5.47,2247478,25647434.00
20130823,5.50,5.53,5.23,5.36,4492666,49685720.00
20130826,5.40,5.55,5.33,5.54,3649307,40958836.00
20130827,5.57,5.57,5.45,5.50,2358964,26696924.00
20130828,5.45,5.45,5.31,5.35,4068841,44963416.00
20130829,5.33,5.44,5.33,5.42,2082234,23117978.00
20130830,5.40,5.94,5.33,5.79,14629412,171904064.00
20130902,5.78,5.78,5.54,5.65,5766830,67071284.00
20130903,5.71,5.95,5.69,5.92,8925178,107153408.00
20130904,5.92,5.92,5.80,5.85,4731103,56982076.00
20130905,5.84,5.89,5.63,5.70,5522677,64770696.00
20130906,5.69,5.72,5.62,5.66,2942544,34332132.00
20130909,5.74,5.89,5.72,5.82,6240186,74797720.00
20130910,5.81,5.84,5.70,5.79,3450756,40906152.00
20130911,5.81,6.09,5.74,5.96,8694378,106463192.00
20130912,5.98,6.04,5.87,5.95,4865177,59444576.00
20130913,5.98,6.00,5.78,5.80,3151100,37949500.00
20130916,5.80,5.82,5.69,5.75,2311007,27326292.00
20130917,5.76,5.84,5.70,5.73,1973662,23406220.00
20130918,5.77,5.94,5.75,5.85,3803306,45813924.00
20130923,5.94,6.05,5.88,5.94,4777057,58638312.00
20130924,5.95,5.97,5.78,5.86,3974494,47896112.00
20130925,5.85,5.85,5.77,5.79,2623179,31356922.00
20130926,5.79,5.79,5.64,5.70,2470641,29029676.00
20130927,5.71,5.72,5.62,5.63,2164677,25216734.00
20130930,5.71,5.74,5.59,5.71,1528483,17921692.00
20131008,5.75,5.96,5.75,5.93,4959885,60256204.00
20131009,5.91,5.99,5.86,5.90,3195176,38892628.00
20131010,5.88,5.89,5.72,5.78,3414608,40757228.00
20131011,5.78,5.85,5.75,5.79,2634240,31421326.00
20131014,5.78,6.38,5.78,6.38,13210254,168373568.00
20131015,6.50,6.81,6.24,6.68,20377149,276124768.00
20131016,6.59,6.65,6.44,6.53,9602934,128902568.00
20131017,6.53,6.75,6.42,6.70,11021213,149487600.00
20131018,6.63,6.68,6.38,6.56,5289757,70694288.00
20131021,6.56,6.95,6.45,6.70,8415195,115497320.00
20131022,6.66,6.92,6.54,6.70,8283185,113697680.00
20131023,6.68,6.75,6.35,6.43,5761571,77118696.00
20131024,6.43,6.45,6.21,6.34,3239669,42098144.00
20131025,6.28,6.45,6.18,6.35,3411468,44225256.00
20131028,6.35,6.47,6.14,6.19,3100604,40006456.00
20131029,6.13,6.20,5.72,5.93,6023058,73081672.00
20131030,5.96,6.19,5.93,6.13,4408586,55381276.00
20131031,6.13,6.34,6.00,6.32,4784409,60829104.00
20131101,6.31,6.37,6.17,6.23,2921747,37540588.00
20131104,6.33,6.37,6.19,6.25,2336790,30136778.00
20131105,6.24,6.44,6.18,6.43,3007910,39222016.00
20131106,6.43,6.43,6.13,6.13,3701013,47654580.00
20131107,6.13,6.15,5.93,5.97,2880864,35520808.00
20131108,5.93,6.00,5.82,5.87,1438483,17436900.00
20131111,5.87,6.02,5.83,5.91,1742267,21273002.00
20131112,5.91,6.10,5.85,6.09,2150903,26473592.00
20131113,6.05,6.09,5.92,5.95,2177761,26845854.00
20131114,5.92,6.02,5.88,5.99,1956344,24032956.00
20131115,5.99,6.16,5.99,6.09,2437850,30564456.00
20131118,6.06,6.30,6.06,6.23,3522200,44981236.00
20131119,6.23,6.32,6.16,6.28,2641726,33866684.00
20131120,6.28,6.50,6.18,6.39,3931218,51348232.00
20131121,6.35,6.35,6.16,6.21,3738120,47841528.00
20131122,6.19,6.26,6.17,6.23,2235049,28580374.00
20131125,6.53,6.83,6.53,6.58,12597168,171988352.00
20131126,6.53,7.00,6.46,6.80,15630048,218312880.00
20131127,6.75,6.75,6.58,6.68,7577965,103263184.00
20131128,6.72,6.75,6.64,6.68,5180050,71123688.00
20131129,6.71,6.72,6.46,6.63,7782128,105166312.00
20131202,6.47,6.50,6.00,6.21,6303723,81120768.00
20131203,6.09,6.35,6.04,6.29,2909684,37312436.00
20131204,6.25,6.45,6.25,6.43,4316652,56688420.00
20131205,6.38,6.41,6.31,6.35,2419671,31564828.00
20131206,6.33,6.38,6.24,6.24,2471118,32119430.00
20131209,6.34,6.52,6.33,6.49,4267355,56350188.00
20131210,6.62,6.62,6.33,6.33,4104111,54298900.00
20131211,6.38,6.42,6.16,6.22,2756177,35378912.00
20131212,6.21,6.41,6.19,6.40,3315874,42858540.00
20131213,6.52,6.80,6.51,6.53,6680924,90802152.00
20131216,6.67,6.68,6.46,6.54,3756356,50482144.00
20131217,6.54,6.62,6.38,6.40,2997428,39934180.00
20131218,6.39,6.46,6.33,6.39,1613801,21162212.00
20131219,6.47,6.57,6.42,6.47,2637342,35217568.00
20131220,6.42,6.49,6.25,6.29,2458195,31920904.00
20131223,6.30,6.30,6.00,6.07,3031296,38193832.00
20131224,6.11,6.25,6.02,6.05,2574998,32376026.00
20131225,6.06,6.26,6.06,6.22,2254490,28562150.00
20131226,6.21,6.25,6.03,6.03,2059731,25852838.00
20131227,6.07,6.15,6.03,6.13,2248835,28194426.00
20131230,6.14,6.21,6.10,6.19,1779794,22518748.00
20131231,6.15,6.25,6.07,6.18,1455820,18477874.00
20140102,6.14,6.26,6.14,6.23,2147191,27472564.00
20140103,6.18,6.22,6.03,6.08,2209068,27699328.00
20140106,6.07,6.13,5.93,5.93,1639905,20314928.00
20140107,5.91,6.02,5.84,5.96,1397763,17125886.00
20140108,5.94,6.04,5.94,6.01,1334296,16438929.00
20140109,6.02,6.02,5.77,5.77,1726393,20969332.00
20140110,5.75,5.75,5.36,5.55,3183176,36251324.00
20140113,5.51,5.57,5.27,5.37,2889932,32275440.00
20140114,5.36,5.50,5.33,5.45,1446285,16185187.00
20140115,5.52,5.69,5.51,5.59,2133677,24652396.00
20140116,5.55,5.61,5.49,5.51,1913768,21851446.00
20140117,5.52,5.54,5.33,5.42,1761088,19699498.00
20140120,5.42,5.43,5.17,5.22,2878231,31454548.00
20140121,5.30,5.36,5.20,5.22,3597847,39028192.00
20140122,5.24,5.40,5.22,5.37,4113213,45277260.00
20140123,5.38,5.56,5.35,5.49,3328158,37483076.00
20140124,5.49,5.63,5.43,5.54,3332622,38215412.00
20140127,5.52,5.57,5.46,5.52,1964980,22323922.00
20140128,5.56,5.60,5.45,5.52,1411396,16058640.00
20140129,5.55,5.57,5.48,5.54,1659036,18920970.00
20140130,5.54,5.55,5.34,5.36,2769573,31000710.00
20140207,5.28,5.48,5.28,5.47,1511374,16890392.00
20140210,5.49,5.67,5.45,5.65,2808145,32417932.00
20140211,5.65,5.73,5.58,5.64,3851024,44892700.00
20140212,5.61,5.76,5.61,5.76,3132155,36886008.00
20140213,5.83,6.15,5.81,5.90,12076084,148413872.00
20140214,5.92,6.15,5.90,5.98,6437658,79774664.00
20140217,6.00,6.30,6.00,6.19,7749962,98124616.00
20140218,6.29,6.38,6.08,6.18,8830547,113281320.00
20140219,6.18,6.35,6.11,6.35,6537508,83589144.00
20140220,6.50,6.53,6.15,6.16,7089846,92176064.00
20140221,6.03,6.28,6.03,6.12,2953960,37266048.00
20140224,6.13,6.13,5.85,5.99,5374095,66250704.00
20140225,5.99,6.07,5.78,5.84,5505113,67353928.00
20140226,5.83,5.91,5.67,5.86,4083032,48898924.00
20140227,5.86,5.94,5.70,5.71,5544520,66324344.00
20140228,5.71,5.98,5.70,5.95,4593104,55677596.00
20140303,5.95,6.07,5.87,6.05,3133684,38516768.00
20140304,6.02,6.02,5.84,5.91,3659120,44408684.00
20140305,5.92,5.93,5.77,5.79,3426442,41196364.00
20140306,5.83,5.89,5.78,5.87,2509948,30202642.00
20140307,5.87,5.88,5.73,5.75,2629844,31470384.00
20140310,5.77,5.83,5.53,5.68,5067089,59074376.00
20140311,5.66,5.74,5.55,5.65,3010483,34992624.00
20140312,5.65,5.71,5.58,5.68,1718413,19991046.00
20140313,5.64,5.72,5.63,5.71,1842336,21601828.00
20140314,5.67,5.71,5.55,5.62,1861784,21599192.00
20140317,5.62,5.68,5.56,5.68,1940093,22554292.00
20140318,5.70,5.82,5.66,5.68,3070901,36313976.00
20140319,5.72,5.81,5.69,5.77,2819317,33446168.00
20140320,5.75,5.80,5.48,5.51,3800655,44159424.00
20140321,5.48,5.72,5.44,5.63,2693459,30848674.00
20140324,5.63,5.67,5.58,5.62,1916298,22217952.00
20140325,5.63,5.66,5.33,5.58,3099688,35315116.00
20140326,5.57,5.57,5.46,5.52,1913654,21702976.00
20140327,5.50,5.50,5.33,5.33,4176646,46281328.00
20140328,5.32,5.41,5.28,5.34,2878538,31730244.00
20140331,5.33,5.47,5.33,5.39,1484796,16546048.00
20140401,5.40,5.46,5.40,5.44,1268963,14200616.00
20140402,5.42,5.48,5.40,5.42,1170270,13116082.00
20140403,5.42,5.64,5.40,5.59,2832928,32326620.00
20140404,5.59,5.61,5.51,5.56,1754209,20153500.00
20140408,5.56,5.58,5.47,5.54,1871233,21315912.00
20140409,5.55,5.60,5.53,5.57,1883981,21618340.00
20140410,5.56,5.62,5.55,5.58,1891047,21778244.00
20140411,5.58,5.60,5.43,5.52,2409175,27220462.00
20140414,5.51,5.53,5.45,5.50,1197558,13541767.00
20140415,5.48,5.51,5.45,5.50,1373009,15516384.00
20140416,5.51,5.60,5.50,5.57,2134379,24481584.00
20140417,5.62,5.76,5.54,5.69,3851268,44856660.00
20140418,5.65,5.65,5.58,5.60,2349960,27173052.00
20140421,5.53,5.64,5.48,5.56,2253087,25876228.00
20140422,5.57,5.73,5.52,5.65,3554817,41328208.00
20140423,5.60,5.69,5.57,5.69,1706457,19749404.00
20140424,5.66,5.66,5.59,5.62,1239423,14337410.00
20140425,5.61,5.61,5.40,5.44,1680115,19069434.00
20140428,5.38,5.55,5.30,5.41,1900126,21227404.00
20140429,5.43,5.44,5.37,5.42,892797,9954419.00
20140430,5.43,5.44,5.38,5.41,845345,9419638.00
20140505,5.42,5.47,5.33,5.45,918218,10236988.00
20140506,5.46,5.50,5.43,5.47,1305380,14719944.00
20140507,5.43,5.45,5.35,5.42,1529162,17032238.00
20140508,5.40,5.49,5.38,5.43,1125305,12651894.00
20140509,5.45,5.45,5.33,5.41,977698,10845633.00
20140512,5.49,5.50,5.42,5.48,1807622,20390112.00
20140513,5.47,5.55,5.44,5.51,1194364,13537978.00
20140514,5.54,5.54,5.44,5.46,851574,9603804.00
20140515,5.43,5.45,5.34,5.34,988899,11016822.00
20140516,5.28,5.64,5.28,5.43,1600089,17945674.00
20140519,5.40,5.41,5.31,5.35,997824,11034275.00
20140520,5.39,5.43,5.36,5.40,785520,8755925.00
20140521,5.47,5.47,5.40,5.43,1556439,17446132.00
20140522,5.51,5.56,5.35,5.46,3330690,37643528.00
20140523,5.41,5.44,5.34,5.43,1328655,14795528.00
20140526,5.42,5.47,5.42,5.46,1450054,16284641.00
20140527,5.47,5.49,5.42,5.46,1382729,15567643.00
20140528,5.45,5.50,5.36,5.48,2122167,23827422.00
20140529,5.54,5.62,5.43,5.44,4363059,49644376.00
20140530,5.45,5.47,5.37,5.46,1856047,20749714.00
20140603,5.46,5.48,5.40,5.48,1396640,15652003.00
20140604,5.45,5.64,5.44,5.51,2176917,24833092.00
20140605,5.47,5.59,5.47,5.59,2241452,25681852.00
20140606,5.61,5.65,5.57,5.64,1982022,22639808.00
20140609,5.65,5.73,5.62,5.73,3630972,41936532.00
20140610,5.72,5.77,5.66,5.72,3089139,35983304.00
20140611,5.68,5.76,5.57,5.63,3057219,35062368.00
20140612,5.63,5.63,5.58,5.60,1743376,19900648.00
20140613,5.60,5.69,5.58,5.65,2326996,26718304.00
20140616,5.65,5.76,5.59,5.76,4847340,56158776.00
20140617,5.75,5.83,5.67,5.77,5436152,63812492.00
20140618,5.77,5.77,5.63,5.64,2562887,29656296.00
20140619,5.61,5.67,5.42,5.59,2655109,29919458.00
20140620,5.54,5.58,5.48,5.57,992602,11196957.00
20140623,5.55,5.62,5.54,5.56,1133517,12848559.00
20140624,5.54,5.59,5.53,5.58,1310572,14800801.00
20140625,5.58,5.61,5.50,5.56,1227393,13828611.00
20140626,5.55,5.60,5.53,5.57,2234735,25351390.00
20140627,5.57,5.70,5.57,5.70,2875398,33031450.00
20140630,5.67,5.89,5.66,5.75,2826123,32959372.00
20140701,5.74,5.88,5.68,5.88,3676061,43278948.00
20140702,5.83,5.84,5.76,5.81,2527956,29834670.00
20140703,5.85,5.90,5.79,5.86,3409431,40574252.00
20140704,5.86,5.93,5.84,5.86,3222195,38458672.00
20140707,5.84,5.87,5.76,5.86,1695909,20010960.00
20140708,5.82,5.99,5.76,5.91,3432321,41161036.00
20140709,5.91,5.97,5.81,5.86,2521428,30212232.00
20140710,5.85,6.09,5.81,5.88,2436061,29237270.00
20140711,5.84,5.94,5.83,5.94,2876994,34533480.00
20140714,5.94,6.00,5.91,5.99,3106536,37627860.00
20140715,6.00,6.00,5.92,5.96,1706720,20670216.00
20140716,5.96,6.15,5.96,6.07,5947894,73472720.00
20140717,6.07,6.09,5.96,6.02,2454603,29907284.00
20140718,6.01,6.19,5.92,5.92,2689829,32978190.00
20140721,5.93,5.93,5.81,5.85,2354292,28030550.00
20140722,5.85,5.92,5.82,5.89,1936560,23118220.00
20140723,5.95,5.95,5.71,5.82,2077696,24567744.00
20140724,5.81,5.83,5.73,5.79,1756746,20655216.00
20140725,5.80,5.87,5.80,5.86,1079083,12823698.00
20140728,5.86,5.95,5.86,5.92,2481221,29812556.00
20140729,5.91,6.00,5.91,5.99,2391365,28991284.00
20140730,5.99,6.00,5.93,5.95,2001900,24245596.00
20140731,5.94,6.08,5.94,6.04,3296487,40423792.00
20140801,6.03,6.08,5.93,6.02,2461290,30010830.00
20140804,6.00,6.06,5.98,6.05,2048938,25097456.00
20140805,6.02,6.07,5.96,6.02,2907139,35577844.00
20140806,6.00,6.10,5.96,6.07,3082354,37834784.00
20140807,6.08,6.10,5.99,6.06,2909247,35743468.00
20140808,6.01,6.07,6.00,6.07,2000067,24508066.00
20140811,6.07,6.31,6.06,6.13,4002463,49864516.00
20140812,6.12,6.44,6.10,6.34,13141922,168970400.00
20140813,6.29,6.48,6.25,6.33,12907607,166668720.00
20140814,6.29,6.89,6.20,6.44,14202678,185894480.00
20140815,6.46,6.46,6.35,6.44,5028161,65438012.00
20140818,6.41,6.52,6.39,6.46,4578801,59849260.00
20140819,6.46,6.48,6.30,6.35,4914589,63549148.00
20140820,6.39,6.49,6.36,6.38,5026173,65617492.00
20140821,6.38,6.44,6.29,6.36,4599937,59371968.00
20140822,6.40,6.62,6.37,6.56,8216229,108183680.00
20140825,6.60,6.75,6.47,6.48,10350076,139317024.00
20140826,6.48,6.49,6.27,6.27,5723182,73715560.00
20140827,6.29,6.35,6.26,6.33,3015374,38533584.00
20140828,6.36,6.36,6.20,6.24,2803283,35707956.00
20140829,6.25,6.32,6.22,6.28,1631421,20737480.00
20140901,6.28,6.39,6.27,6.38,2645535,34055928.00
20140902,6.38,6.54,6.38,6.52,5209404,68631448.00
20140903,6.54,6.59,6.44,6.53,6581002,87004744.00
20140904,6.51,6.54,6.46,6.53,4540801,59954956.00
20140905,6.51,6.54,6.40,6.47,4498581,58941976.00
20140909,6.46,6.49,6.40,6.43,4049546,52947340.00
20140910,6.44,6.63,6.41,6.57,6862619,91113328.00
20140911,6.56,6.61,6.47,6.50,5795686,76875848.00
20140912,6.50,6.75,6.47,6.68,7075266,94659840.00
20140915,6.75,6.75,6.60,6.66,7510989,101512032.00
20140916,6.66,6.68,6.42,6.42,7080204,94220184.00
20140917,6.44,6.48,6.31,6.43,5055022,65700788.00
20140918,6.43,6.44,6.34,6.43,3889399,50519612.00
20140919,6.42,6.48,6.37,6.43,4198929,54769892.00
20140922,6.43,6.43,6.24,6.27,4333705,55492740.00
20140923,6.27,6.37,6.27,6.36,5928379,76063880.00
20140924,6.37,6.42,6.33,6.40,7487495,96862016.00
20140925,6.41,6.44,6.30,6.34,8524637,110636880.00
20140926,6.29,6.39,6.25,6.37,6304939,80907944.00
20140929,6.36,6.38,6.31,6.34,7317330,94320640.00
20140930,6.34,6.54,6.34,6.53,12672956,166508736.00
20141008,6.56,6.63,6.48,6.60,12556210,167423184.00
20141009,6.59,6.63,6.47,6.53,7852401,104264216.00
20141010,6.50,6.58,6.45,6.55,6955359,92184968.00
20141013,6.49,6.64,6.48,6.63,8665242,115596040.00
20141014,6.63,6.75,6.53,6.57,9596370,129424960.00
20141015,6.62,6.74,6.57,6.73,11134907,150983856.00
20141016,6.68,6.72,6.50,6.53,7630153,102795168.00
20141017,6.53,6.56,6.20,6.30,7612093,98006016.00
20141020,6.31,6.36,6.25,6.35,3445192,44208692.00
20141021,6.36,6.47,6.31,6.34,4216535,54689208.00
20141022,6.35,6.37,6.17,6.18,3338563,42475576.00
20141023,6.17,6.22,6.05,6.13,3860539,47920072.00
20141024,6.13,6.19,6.05,6.10,2250737,27953810.00
20141027,6.08,6.18,6.08,6.09,2425713,30186760.00
20141028,6.11,6.26,6.10,6.25,3871306,48643292.00
20141029,6.26,6.34,6.21,6.29,4310496,55051196.00
20141030,6.28,6.34,6.23,6.25,4558412,58075300.00
20141031,6.28,6.28,6.13,6.19,3677126,46213912.00
20141103,6.19,6.35,6.19,6.28,4210232,53757892.00
20141104,6.33,6.66,6.32,6.61,16581488,221062576.00
20141105,6.61,6.61,6.45,6.49,5091197,67173248.00
20141106,6.53,6.54,6.45,6.52,3849845,50765936.00
20141107,6.54,6.64,6.30,6.36,8658076,114542416.00
20141110,6.36,6.58,6.32,6.56,7640930,99835712.00
20141111,6.55,6.56,6.23,6.38,7476811,96824456.00
20141112,6.38,6.49,6.33,6.49,4151820,54213108.00
20141113,6.48,6.53,6.29,6.39,5804823,75358688.00
20141114,6.34,6.42,6.26,6.34,3158810,40583844.00
20141117,6.34,6.63,6.34,6.60,9825307,130150536.00
20141118,6.60,6.69,6.49,6.68,7848565,105223000.00
20141119,6.62,6.78,6.58,6.64,9734701,131828712.00
20141120,6.66,6.87,6.57,6.85,13544512,186296912.00
20141121,6.81,6.92,6.76,6.86,9390725,129947912.00
20141124,6.91,6.92,6.70,6.80,10461455,144358096.00
20141125,6.79,6.89,6.72,6.81,7821769,107649328.00
20141126,6.86,7.15,6.85,6.94,14054764,199437392.00
20141127,6.91,7.03,6.76,6.85,9014075,125936520.00
20141128,6.90,7.01,6.77,6.90,8328620,116193312.00
20141201,7.01,7.10,6.70,6.73,10878893,151771504.00
20141202,6.73,6.83,6.66,6.74,7858671,107491096.00
20141203,6.73,6.79,6.55,6.68,9320789,125790824.00
20141204,6.67,6.75,6.65,6.72,5837441,79343904.00
20141205,6.71,6.71,6.18,6.36,9873178,129115840.00
20141208,6.34,6.36,6.20,6.26,9405620,119743760.00
20141209,6.25,6.25,6.07,6.07,6830971,85535744.00
20141210,6.07,6.29,6.02,6.29,4748527,59793096.00
20141211,6.29,6.36,6.23,6.32,4235144,54279280.00
20141212,6.35,6.40,6.29,6.37,4202561,54090456.00
20141215,6.39,6.53,6.34,6.49,6382919,83588232.00
20141216,6.47,6.50,6.35,6.38,3806750,49466228.00
20141217,6.34,6.34,6.11,6.15,5417154,68235520.00
20141218,6.15,6.25,6.14,6.16,3134888,39449188.00
20141219,6.23,6.27,6.10,6.21,3484993,43840152.00
20141222,6.27,6.30,5.92,6.03,5625126,69777504.00
20141223,6.00,6.08,5.80,5.81,4236748,51160964.00
20141224,5.89,6.03,5.88,6.01,3043154,36927344.00
20141225,6.00,6.12,5.94,6.05,2506317,30717044.00
20141226,6.03,6.06,5.98,6.02,3121267,38153608.00
20141229,6.01,6.15,5.89,6.00,4845504,59066376.00
20141230,6.03,6.03,5.84,5.86,3132244,37696620.00
20141231,5.84,5.97,5.82,5.95,2591262,30984774.00
20150105,5.95,6.05,5.89,6.03,4130423,50220168.00
20150106,6.02,6.07,5.93,6.07,3921694,47944148.00
20150107,6.06,6.19,6.01,6.06,4812356,59563840.00
20150108,6.08,6.08,6.01,6.03,2646664,32461418.00
20150109,6.03,6.10,5.93,5.94,2573857,31569932.00
20150112,5.90,5.94,5.77,5.77,2935423,34821788.00
20150113,5.77,5.84,5.75,5.84,1784306,21062876.00
20150114,5.84,5.93,5.80,5.85,2006264,23888980.00
20150115,5.80,5.93,5.80,5.86,1802004,21479952.00
20150116,5.86,5.94,5.85,5.93,2080365,24924668.00
20150119,5.85,6.07,5.78,5.84,4063536,48960456.00
20150120,5.87,6.03,5.87,6.02,3319109,40251624.00
20150121,6.03,6.30,6.03,6.23,9151677,115025800.00
20150122,6.24,6.44,6.21,6.35,8695274,111554488.00
20150123,6.36,6.41,6.30,6.34,6350807,81788256.00
20150126,6.34,6.59,6.20,6.51,9495348,124521488.00
20150127,6.51,6.55,6.35,6.48,6932326,90852696.00
20150128,6.45,6.51,6.41,6.45,6309014,82899672.00
20150129,6.40,6.50,6.33,6.46,5544234,72695712.00
20150130,6.46,6.48,6.30,6.35,5058422,65450440.00
20150202,6.25,6.33,6.20,6.23,4036551,51361928.00
20150203,6.24,6.31,6.16,6.24,6836853,86179384.00
20150204,6.27,6.30,6.18,6.19,3948554,49956348.00
20150205,6.23,6.29,6.14,6.15,5283086,66766692.00
20150206,6.15,6.15,5.85,5.93,5932642,72068008.00
20150209,5.89,5.98,5.86,5.91,2467064,29800844.00
20150210,5.93,5.99,5.89,5.99,1771512,21418048.00
20150211,5.99,6.04,5.95,6.03,2495257,30387316.00
20150212,6.03,6.09,6.01,6.02,2105019,25860322.00
20150213,6.05,6.15,6.02,6.13,5319024,65694312.00
20150216,6.12,6.24,6.12,6.19,4036931,50650816.00
20150217,6.20,6.30,6.15,6.26,4289960,54179672.00
20150225,6.26,6.27,6.18,6.21,3084099,39061620.00
20150226,6.23,6.38,6.23,6.29,4678047,59786420.00
20150227,6.25,6.28,6.21,6.27,5044886,63952816.00
20150302,6.29,6.36,6.26,6.35,6126181,78586568.00
20150303,6.31,6.79,6.29,6.64,20042722,267722832.00
20150304,6.64,6.79,6.58,6.71,11273804,153224624.00
20150305,6.75,7.15,6.75,6.93,18151270,256358112.00
20150306,7.00,7.21,6.91,7.00,11196384,160378512.00
20150309,7.00,7.71,6.86,7.71,15179238,228183184.00
20150310,7.91,8.08,7.65,7.88,16906445,268235312.00
20150311,7.84,7.84,7.60,7.66,10293438,160517216.00
20150312,7.66,7.78,7.40,7.44,10259981,157463936.00
20150313,7.44,7.63,7.28,7.48,11310235,170606432.00
20150316,7.61,7.61,7.39,7.57,11212891,170571888.00
20150317,7.56,7.68,7.43,7.67,12132465,186043104.00
20150318,7.63,8.14,7.55,8.00,13986920,222044544.00
20150319,7.88,8.23,7.80,7.90,12733645,205609872.00
20150320,7.94,8.19,7.75,7.95,11992784,192938784.00
20150323,7.97,7.97,7.71,7.80,16574653,260955392.00
20150324,7.76,7.79,7.46,7.67,15083820,233257136.00
20150325,7.66,7.72,7.58,7.64,9432521,146250448.00
20150326,7.59,7.81,7.48,7.80,14034187,218742464.00
20150327,7.83,8.20,7.81,8.04,18077396,292939776.00
20150330,8.02,8.43,7.99,8.20,19335538,321110880.00
20150331,8.20,8.20,7.84,7.90,15846511,256023824.00
20150401,7.91,8.23,7.91,8.12,12364701,202569920.00
20150402,8.16,8.25,7.97,8.12,10813080,177470592.00
20150403,8.12,8.94,7.99,8.94,27140264,480479456.00
20150407,9.09,9.84,9.03,9.55,31389119,606839488.00
20150408,9.61,9.70,9.03,9.47,24753252,465250560.00
20150409,9.35,9.35,8.51,9.01,17596549,318441568.00
20150410,8.90,9.45,8.73,9.36,14403964,267627104.00
20150413,9.36,9.73,9.33,9.58,18128315,350417568.00
20150414,9.56,9.56,9.04,9.40,9220844,173986240.00
20150415,9.19,9.85,9.19,9.33,12553919,241844864.00
20150416,9.48,10.27,9.48,10.27,14345366,295845408.00
20150417,11.20,11.27,10.14,10.33,21647680,464613568.00
20150420,10.34,11.28,10.34,10.80,22331809,490165216.00
20150421,10.95,11.89,10.25,11.73,25716848,568452416.00
20150422,11.41,12.78,11.41,12.60,22165673,541726144.00
20150423,12.31,12.50,11.84,12.01,15929822,389965344.00
20150424,11.88,11.97,11.34,11.46,14412934,335814272.00
20150427,11.46,11.95,11.07,11.39,16958536,390177120.00
20150428,11.39,11.69,10.82,11.60,19531402,445419360.00
20150429,11.65,12.77,11.60,12.77,19155865,471590496.00
20150430,12.90,13.79,12.28,12.40,26595504,680656384.00
20150902,11.16,11.16,11.16,11.16,226800,2542428.00
20150907,10.04,10.04,10.04,10.04,657100,6630139.00
20150908,9.03,9.03,9.03,9.03,635200,5767616.00
20150909,8.12,9.40,8.12,8.94,158624104,1335541888.00
20150910,8.25,8.44,8.04,8.04,87156370,718454208.00
20150911,7.70,8.12,7.52,7.75,53324176,417935392.00
20150914,7.83,7.92,6.97,6.97,46462447,345609600.00
20150915,6.55,6.60,6.27,6.27,41143790,262869952.00
20150916,6.08,6.87,6.08,6.73,48753960,317268064.00
20150917,6.59,7.12,6.35,6.55,56024310,377139264.00
20150918,6.50,6.90,6.42,6.83,43536042,292489344.00
20150921,6.78,7.30,6.52,7.15,59847294,417357472.00
20150922,7.14,7.30,6.96,7.07,56069634,403539104.00
20150923,6.87,6.93,6.69,6.73,33020028,226233056.00
20150924,6.77,6.87,6.67,6.77,21563090,147452720.00
20150925,6.79,6.80,6.24,6.36,23527760,154532752.00
20150928,6.36,6.41,6.18,6.38,14065963,89555176.00
20150929,6.30,6.30,6.11,6.15,14210568,88994376.00
20150930,6.21,6.25,6.09,6.15,10723627,66574632.00
20151008,6.36,6.46,6.25,6.40,20565390,131996416.00
20151009,6.42,6.67,6.35,6.53,21747926,142488160.00
20151012,6.58,6.91,6.58,6.86,31526905,215499328.00
20151013,6.83,6.97,6.75,6.90,25498557,176536960.00
20151014,6.85,7.15,6.82,6.94,29929275,210426672.00
20151015,6.93,7.13,6.85,7.09,28656028,202550320.00
20151016,7.13,7.80,7.09,7.80,64428230,486040128.00
20151019,8.05,8.39,7.81,8.24,88207809,717684736.00
20151020,8.05,8.15,7.90,8.15,45949440,371587552.00
20151021,8.16,8.39,7.33,7.33,50579843,397212512.00
20151022,7.29,7.65,7.08,7.60,35583156,266311456.00
20151023,7.64,7.75,7.36,7.67,41160975,312249504.00
20151026,7.75,8.19,7.75,8.01,50750696,407915712.00
20151027,7.80,7.94,7.46,7.84,34261108,267334080.00
20151028,7.77,8.05,7.60,7.67,28896823,228905056.00
20151029,7.72,7.80,7.57,7.70,19414404,150273296.00
20151030,7.75,7.77,7.48,7.61,16743774,128638120.00
20151102,7.42,7.60,7.25,7.29,15129192,113082248.00
20151103,7.30,7.52,7.21,7.28,13393412,98797936.00
20151104,7.38,7.69,7.31,7.67,22859364,172672112.00
20151105,7.69,7.80,7.54,7.63,30125701,232330352.00
20151106,7.65,7.78,7.60,7.74,26216575,203950016.00
20151109,7.69,8.22,7.63,8.04,41513587,330132800.00
20151110,7.96,8.01,7.77,7.91,28505421,227112656.00
20151111,8.00,8.23,7.97,8.07,36566593,297270432.00
20151112,8.00,8.53,7.99,8.42,49334198,411587552.00
20151113,8.27,8.85,8.21,8.48,49897614,430170080.00
20151116,8.27,8.54,8.20,8.51,26169364,219614784.00
20151117,8.65,8.84,8.27,8.30,32880317,281684224.00
20151118,8.31,8.36,7.96,7.99,22335819,183119424.00
20151119,8.04,8.33,7.97,8.29,19463878,159925216.00
20151120,8.30,8.73,8.19,8.56,43419171,371087968.00
20151123,8.65,9.40,8.60,8.92,60416706,545782976.00
20151124,8.77,8.90,8.51,8.80,29035245,254213984.00
20151125,8.81,9.65,8.81,9.45,50215891,466622592.00
20151126,9.51,9.69,9.03,9.17,46121263,435282336.00
20151127,9.05,9.14,8.26,8.28,37406652,328990272.00
20151130,8.30,8.75,7.93,8.66,42305982,355546144.00
20151201,8.63,8.82,8.40,8.57,22681563,196718352.00
20151202,8.54,8.58,8.08,8.44,17851270,150926256.00
20151203,8.42,8.69,8.42,8.64,15939128,137801200.00
20151204,8.62,8.68,8.38,8.54,22341524,191100912.00
20151207,8.64,8.67,8.45,8.58,14701202,126750736.00
20151208,8.58,8.89,8.55,8.59,29228318,255827264.00
20151209,8.70,8.98,8.61,8.87,34876340,309238720.00
20151210,8.80,8.83,8.36,8.45,28469185,245856672.00
20151211,8.38,8.51,8.28,8.46,14300155,121494568.00
20151214,8.46,8.62,8.34,8.62,13319856,113772296.00
20151215,8.78,8.84,8.58,8.59,15885285,138941136.00
20151216,8.56,8.70,8.50,8.53,16461280,141762336.00
20151217,8.56,8.79,8.56,8.77,23178708,202416944.00
20151218,8.72,8.77,8.48,8.56,18740010,162065760.00
20151221,8.57,8.65,8.52,8.61,13909723,120150888.00
20151222,8.59,8.79,8.58,8.79,22758568,198970112.00
20151223,8.81,9.13,8.65,8.94,40361249,361974016.00
20151224,8.88,8.93,8.64,8.77,18623482,164318512.00
20151225,8.80,9.60,8.80,9.16,36282456,336046400.00
20151228,9.21,9.21,8.88,8.91,27694158,252094992.00
20151229,8.91,8.99,8.65,8.92,17756662,157432944.00
20151230,8.94,9.00,8.80,8.93,12409715,110769808.00
20151231,8.93,8.98,8.77,8.83,11650396,103636488.00
20160104,8.80,9.00,8.25,8.33,26012080,228352576.00
20160105,8.07,8.98,7.99,8.79,40838758,356062976.00
20160106,8.78,8.95,8.55,8.95,24460729,215636848.00
20160107,8.78,8.84,8.05,8.06,7799200,65785864.00
20160108,8.35,8.87,8.16,8.87,61072049,535019520.00
20160111,8.87,9.07,8.51,8.51,59563512,529706752.00
20160112,8.55,8.72,8.00,8.59,35030283,297206816.00
20160113,8.55,8.75,7.73,7.73,26804972,223309872.00
20160114,7.60,7.95,7.38,7.88,18526684,142669152.00
20160115,7.75,8.01,7.59,7.70,12861617,100635256.00
20160118,7.55,8.17,7.45,8.01,16796033,133987840.00
20160119,8.48,8.82,8.48,8.82,15246158,134229568.00
20160120,9.65,9.65,9.15,9.35,61477050,579500864.00
20160121,9.17,9.23,8.81,8.81,32520269,294682784.00
20160122,8.79,9.25,8.73,9.24,32903811,298401056.00
20160125,9.40,10.17,9.30,10.04,51396660,500704800.00
20160126,9.79,10.31,9.13,9.30,50775681,504161536.00
20160127,9.18,9.60,8.49,9.58,35586928,324547968.00
20160128,9.35,9.53,8.64,8.80,25452841,233904592.00
20160129,8.70,9.38,8.70,9.05,23544830,214926720.00
20160201,9.09,9.51,8.95,9.33,24098041,225080384.00
20160202,9.35,9.91,9.35,9.72,24135015,235008768.00
20160203,9.51,9.60,9.15,9.42,20507147,193432752.00
20160204,9.47,9.91,9.47,9.69,24319857,236998944.00
20160205,9.61,9.81,9.40,9.41,16923571,163716096.00
20160215,9.02,9.20,8.89,9.07,14105195,128309064.00
20160216,9.14,9.50,9.14,9.45,17308343,163061232.00
20160217,9.47,10.40,9.47,10.40,49449977,509100352.00
20160218,10.45,10.75,10.25,10.26,49398228,519397600.00
20160219,10.23,10.75,10.05,10.71,33972747,356728896.00
20160222,10.95,11.14,10.53,10.77,32256178,347308864.00
20160223,10.75,10.77,10.19,10.33,25386916,265554304.00
20160224,10.33,10.74,10.25,10.60,24686628,260833248.00
20160225,10.58,10.71,9.54,9.54,30301323,305334688.00
20160226,9.68,9.83,8.99,9.18,23679842,222481680.00
20160229,9.13,9.13,8.30,8.65,21210540,183672352.00
20160301,8.70,9.02,8.36,8.91,16383219,143871392.00
20160302,8.87,9.56,8.80,9.48,22259402,206352128.00
20160303,9.55,9.68,9.20,9.29,21419921,202137456.00
20160304,9.59,10.22,9.20,9.30,29825362,290105056.00
20160307,9.08,9.52,9.01,9.44,16026386,150333584.00
20160308,9.35,9.35,8.85,9.24,15641215,143153856.00
20160309,8.96,9.15,8.85,8.87,11114602,100484224.00
20160310,8.87,9.04,8.72,8.78,7688807,68754224.00
20160311,8.65,8.80,8.53,8.67,7462030,64999708.00
20160314,8.84,9.28,8.80,9.07,14815201,136003344.00
20160315,9.05,9.28,9.03,9.13,9167471,84403600.00
20160316,9.22,9.25,8.95,8.98,7422431,67602632.00
20160317,9.00,9.25,8.92,9.21,12232185,112166520.00
20160318,9.30,9.58,9.15,9.50,19593319,185264256.00
20160321,9.55,9.95,9.55,9.83,23928595,233850832.00
20160322,9.65,10.02,9.64,9.71,19072305,188421952.00
20160323,9.75,9.87,9.66,9.83,12261641,120113320.00
20160324,9.74,9.93,9.59,9.63,17849975,175549776.00
20160325,9.52,9.73,9.46,9.64,11176536,107579176.00
20160328,9.63,9.87,9.50,9.65,14794991,144689152.00
20160329,9.55,9.67,9.26,9.37,11257045,107238064.00
20160330,9.51,9.65,9.41,9.62,9646242,92606352.00
20160331,9.70,10.30,9.70,9.97,29083065,293544352.00
20160401,9.85,10.32,9.85,10.17,22807384,232829280.00
20160405,10.13,10.33,9.95,10.33,22415978,228737552.00
20160406,10.15,10.79,10.15,10.37,25689514,270786560.00
20160407,10.37,10.62,10.05,10.13,17487870,180380256.00
20160408,10.08,10.08,9.79,9.95,15092999,150328992.00
20160411,10.00,10.33,10.00,10.27,14490504,148807712.00
20160412,10.20,10.66,10.12,10.54,21291482,224143200.00
20160413,10.57,10.92,10.45,10.77,26323660,283089632.00
20160414,10.94,10.94,10.53,10.68,15366981,164473808.00
20160415,10.68,11.30,10.53,11.20,25731734,281306720.00
20160418,11.16,11.35,10.91,11.23,23847453,266310480.00
20160419,11.25,11.44,11.01,11.11,19914029,223678256.00
20160420,11.22,11.29,10.16,10.17,28274736,300408352.00
20160421,10.19,10.27,9.85,9.86,16513617,166142016.00
20160422,9.66,10.14,9.66,10.14,11598950,115544168.00
20160425,10.10,10.18,9.86,10.09,8138371,82298616.00
20160426,10.04,10.20,9.96,10.17,6457509,65487740.00
20160427,10.23,10.83,10.15,10.58,18654106,197185056.00
20160428,10.54,10.61,10.15,10.35,12896131,134060016.00
20160429,10.25,10.80,10.25,10.48,9631588,102194712.00
20160503,10.35,11.30,10.35,11.05,21235117,234209248.00
20160504,10.98,11.50,10.92,11.24,22582463,254449088.00
20160505,11.18,11.31,11.07,11.24,12065562,135685712.00
20160506,11.27,11.60,10.85,11.00,23775664,266818640.00
20160509,10.82,11.09,10.17,10.92,23562113,254037136.00
20160510,10.70,10.86,10.21,10.27,19658857,208492400.00
20160511,10.33,10.41,9.63,9.67,31856149,316845408.00
20160512,9.50,9.84,9.16,9.73,15536989,148156704.00
20160513,9.73,9.85,9.50,9.55,10713561,103877288.00
20160516,9.60,9.82,9.51,9.82,10504415,102300808.00
20160517,9.79,9.88,9.63,9.72,9219887,90296048.00
20160518,9.56,9.79,9.25,9.46,8861699,85210416.00
20160519,9.54,9.80,9.24,9.26,14308727,136626208.00
20160520,9.25,9.43,9.07,9.38,9644330,90125896.00
20160523,9.49,10.01,9.44,9.84,15422365,150525616.00
20160524,9.75,9.86,9.60,9.68,10144935,99224800.00
20160525,9.81,9.91,9.62,9.63,9182102,90066200.00
20160526,9.59,9.91,9.45,9.91,11810259,114900344.00
20160527,10.20,10.31,9.90,9.97,30987540,315209536.00
20160530,9.77,9.81,9.51,9.54,17774741,171776368.00
20160531,9.60,9.95,9.58,9.93,22875838,224654720.00
20160601,9.92,10.02,9.75,9.80,18142676,179539760.00
20160602,9.83,9.89,9.61,9.73,16307832,159278688.00
20160603,10.05,10.22,9.96,10.12,41708884,424062368.00
20160606,9.98,10.07,9.86,9.89,20324639,203240432.00
20160607,9.90,9.93,9.71,9.93,13781818,135991632.00
20160608,10.00,10.00,9.79,9.87,10381127,102738360.00
20160613,9.67,9.67,9.10,9.10,16715626,158402816.00
20160614,9.01,9.28,9.01,9.13,9911475,90437872.00
20160615,9.02,9.39,8.95,9.38,10443303,96814544.00
20160616,9.29,9.36,9.16,9.36,8428748,78088184.00
20160617,9.34,9.57,9.30,9.42,10092314,95374928.00
20160620,9.46,9.48,9.21,9.33,6977154,64803372.00
20160621,9.38,9.41,9.18,9.20,8895264,82636480.00
20160622,9.21,9.38,9.20,9.25,5886617,54382004.00
20160623,9.25,9.26,9.09,9.10,8045190,73677600.00
20160624,9.10,9.18,8.51,8.89,10748877,95976040.00
20160627,8.86,9.08,8.80,9.02,8073405,72304272.00
20160628,9.02,9.16,8.88,9.15,8219628,74538296.00
20160629,9.16,9.19,9.04,9.08,8572626,77855952.00
20160630,9.11,9.14,9.00,9.02,6863729,62045636.00
20160701,9.09,9.73,9.09,9.61,31327250,297009632.00
20160704,10.00,10.00,9.73,9.76,37642085,370534752.00
20160705,9.77,9.96,9.55,9.82,24950576,242770160.00
20160706,9.79,9.80,9.61,9.70,15210524,147273104.00
20160707,9.78,9.95,9.64,9.90,20780493,203524896.00
20160708,10.06,10.06,9.76,9.82,16693874,164595680.00
20160711,9.80,9.80,9.60,9.61,14970676,144862544.00
20160712,9.58,9.70,9.40,9.62,12905981,123306488.00
20160713,9.68,9.74,9.58,9.63,10125096,97675448.00
20160714,9.63,9.66,9.52,9.62,8478323,81185896.00
20160715,9.63,9.68,9.51,9.59,7977521,76515424.00
20160718,9.53,9.66,9.51,9.54,7074858,67838792.00
20160719,9.54,9.60,9.48,9.57,5588034,53310500.00
20160720,9.65,9.67,9.53,9.56,6745858,64857712.00
20160721,9.58,9.80,9.55,9.68,11670766,113008816.00
20160722,9.70,9.73,9.49,9.51,8789419,84128016.00
20160725,9.48,9.62,9.46,9.57,5838950,55744600.00
20160726,9.57,9.61,9.48,9.61,7026719,67256192.00
20160727,9.63,9.65,8.91,9.07,14044927,130086712.00
20160728,9.08,9.12,8.86,9.00,9923692,89188816.00
20160729,9.00,9.19,9.00,9.09,5809837,52877884.00
20160801,9.06,9.13,8.88,8.92,4861214,43530876.00
20160802,8.96,9.06,8.96,9.06,3492907,31454302.00
20160803,9.01,9.10,9.01,9.09,3099541,28065198.00
20160804,9.19,9.19,9.05,9.09,2752340,25019966.00
20160805,9.06,9.12,9.02,9.02,4105388,37216920.00
20160808,8.96,9.10,8.96,9.06,3419806,30925998.00
20160809,9.06,9.25,9.02,9.17,7660273,69989944.00
20160810,9.40,9.79,9.40,9.51,23060585,221554128.00
20160811,9.39,9.48,9.23,9.25,8157581,75979168.00
20160812,9.20,9.35,9.19,9.32,5612730,52009740.00
20160815,9.27,9.67,9.26,9.62,16410456,157164896.00
20160816,9.70,10.15,9.70,9.88,29912332,299262432.00
20160817,9.80,10.05,9.66,9.87,14109739,138725792.00
20160818,9.88,9.94,9.76,9.90,9323369,91866472.00
20160819,9.90,10.20,9.90,9.97,13095222,131633232.00
20160822,9.93,10.04,9.72,9.74,7807002,76680040.00
20160823,9.70,9.82,9.70,9.74,4780748,46603120.00
20160824,9.75,9.92,9.67,9.68,8516291,83288608.00
20160825,9.64,9.74,9.46,9.49,10401705,99571152.00
20160826,9.52,10.03,9.52,9.77,17570653,171864432.00
20160829,9.75,10.49,9.70,10.23,33682521,342364960.00
20160830,10.22,10.58,9.91,10.03,24035946,245170400.00
20160831,10.00,10.14,9.93,10.02,10218177,102658856.00
20160901,10.08,10.29,9.94,9.95,10117623,101886224.00
20160902,9.86,10.02,9.79,9.94,8260525,81768392.00
20160905,9.94,10.15,9.88,10.01,6464066,64776868.00
20160906,10.00,10.50,9.82,10.38,23618364,241451968.00
20160907,10.60,11.20,10.58,10.81,43741326,475314272.00
20160908,10.76,10.85,10.53,10.67,16970887,180532272.00
20160909,10.61,10.86,10.40,10.41,15207174,160913152.00
20160912,10.17,10.27,9.93,9.93,18329348,185062048.00
20160913,10.07,10.17,9.92,10.01,12148301,121791928.00
20160914,10.00,10.24,9.88,10.02,8109396,81981136.00
20160919,10.04,10.23,9.98,10.20,8530789,86105136.00
20160920,10.20,10.29,10.12,10.16,6438280,65691424.00
20160921,10.16,10.25,10.12,10.18,4981601,50770404.00
20160922,10.35,10.38,10.14,10.17,6650041,68047776.00
20160923,10.19,10.32,10.05,10.07,7626372,77520128.00
20160926,10.06,10.16,9.81,9.88,7208046,72026536.00
20160927,9.83,9.96,9.81,9.94,6129801,60585580.00
20160928,9.90,10.05,9.86,9.96,4219546,42030280.00
20160929,9.98,10.12,9.98,10.10,3954501,39842036.00
20160930,10.13,10.15,10.04,10.08,2859752,28859998.00
20161010,10.10,10.46,10.10,10.39,10607490,109677440.00
20161011,10.46,10.54,10.36,10.53,12346241,129404064.00
20161012,10.50,10.84,10.38,10.76,16849185,180169808.00
20161013,10.86,11.34,10.65,10.68,25195733,277680160.00
20161014,10.90,11.06,10.63,10.97,15146543,164172400.00
20161017,10.79,10.88,10.40,10.47,19317027,206088208.00
20161018,10.47,10.64,10.47,10.59,9187512,97111152.00
20161019,10.56,10.69,10.48,10.60,9867168,104195120.00
20161020,10.56,10.63,10.30,10.42,10604031,110543104.00
20161021,10.40,10.48,10.18,10.27,10074857,103928824.00
20161024,10.32,10.53,10.32,10.38,9579709,99775360.00
20161025,10.44,10.54,10.34,10.49,6098095,63753776.00
20161026,10.50,10.58,10.38,10.42,6698694,70197032.00
20161027,10.45,10.48,10.15,10.20,8035266,82744432.00
20161028,10.20,10.64,10.20,10.52,12985231,135845872.00
20161031,10.52,10.56,10.07,10.38,12023752,123557344.00
20161101,10.32,10.37,10.19,10.30,6302506,64729720.00
20161102,10.28,10.39,10.14,10.15,7072636,72447224.00
20161103,10.15,10.24,10.07,10.13,8935628,90694792.00
20161104,10.13,10.21,10.11,10.21,6384133,64989656.00
20161107,10.29,10.30,10.13,10.21,6123662,62526736.00
20161108,10.21,10.31,10.15,10.23,5037127,51486332.00
20161109,10.26,10.26,9.98,10.09,7799115,78833840.00
20161110,10.18,10.23,10.10,10.19,5515492,56063508.00
20161111,10.17,10.22,10.16,10.21,5068559,51687544.00
20161114,10.23,10.69,10.20,10.60,15718276,165242512.00
20161115,10.58,10.75,10.50,10.60,8235251,87646328.00
20161116,10.60,10.68,10.45,10.48,7379330,77778848.00
20161117,10.55,10.89,10.50,10.83,18457785,198612048.00
20161118,10.72,11.06,10.55,10.61,13772873,149013008.00
20161121,10.58,10.68,10.41,10.45,8965019,94099392.00
20161122,10.58,10.58,10.36,10.50,5955437,62293104.00
20161123,10.54,10.75,10.39,10.70,11413463,121022176.00
20161124,10.65,10.66,10.45,10.48,5765954,60751324.00
20161125,10.41,10.58,10.13,10.42,5868328,60605184.00
20161128,10.32,10.44,10.10,10.19,15212895,155292256.00
20161129,10.19,10.21,10.00,10.07,7467964,75226872.00
20161130,10.10,10.19,9.98,10.07,4631280,46581800.00
20161201,10.07,10.21,10.07,10.13,4164613,42249728.00
20161202,10.13,10.16,9.89,9.92,6778358,67598936.00
20161205,9.86,9.97,9.81,9.93,4264101,42187472.00
20161206,9.92,10.09,9.92,10.03,3786641,37893112.00
20161207,10.05,10.15,10.01,10.12,3931400,39671976.00
20161208,10.20,10.27,9.98,10.01,6058210,61439932.00
20161209,10.23,10.23,10.03,10.10,3862380,39115908.00
20161212,10.18,10.18,9.62,9.68,6358219,62543976.00
20161213,9.66,9.80,9.50,9.64,6078921,58696180.00
20161214,9.72,9.72,9.40,9.46,5395701,51363008.00
20161215,9.47,9.64,9.41,9.57,5149737,49148932.00
20161216,9.56,9.81,9.56,9.79,5317867,51643420.00
20161219,9.80,9.91,9.73,9.84,4011303,39477700.00
20161220,9.86,9.99,9.77,9.99,3759970,37134776.00
20161221,10.00,10.27,9.99,10.16,7047253,71744288.00
20161222,10.08,10.15,10.03,10.07,3497700,35266252.00
20161223,10.01,10.10,9.78,9.80,5863481,58086664.00
20161226,9.75,9.95,9.00,9.84,4695788,45415600.00
20161227,9.85,10.22,9.85,10.14,10289817,104258000.00
20161228,10.14,10.22,10.03,10.10,4099457,41489092.00
20161229,10.10,10.15,10.03,10.13,4669433,47166736.00
20161230,10.13,10.17,10.05,10.09,2995477,30200436.00
20170103,10.10,10.16,9.90,9.95,7632358,76178456.00
20170104,9.95,10.07,9.95,9.99,5038600,50422300.00
20170105,9.97,10.09,9.91,9.93,4573641,45618188.00
20170106,9.90,9.98,9.82,9.84,3148408,31106098.00
20170109,9.80,9.80,9.58,9.60,6773633,65370832.00
20170110,9.62,9.87,9.61,9.68,4668027,45541932.00
20170111,9.68,9.76,9.56,9.56,2923931,28223662.00
20170112,9.69,9.69,9.36,9.39,5132994,48770184.00
20170113,9.40,9.44,9.19,9.19,4677955,43525164.00
20170116,9.15,9.25,8.89,9.10,6822526,62103948.00
20170117,9.16,9.16,9.00,9.15,3560543,32366782.00
20170118,9.18,9.20,8.95,8.98,4740090,42976348.00
20170119,9.04,9.05,8.80,8.84,3592329,31914534.00
20170120,8.72,8.99,8.72,8.93,6681892,59366204.00
20170123,8.99,9.15,8.94,9.13,3307316,30034616.00
20170124,9.18,9.18,8.97,8.98,2624297,23799192.00
20170125,9.05,9.15,9.00,9.05,2035041,18414374.00
20170126,9.10,9.12,9.07,9.11,1219708,11088796.00
20170203,9.11,9.15,8.94,9.12,1456304,13208941.00
20170206,9.12,9.30,9.07,9.21,3370077,31030206.00
20170207,9.22,9.29,9.10,9.21,2296049,21184320.00
20170208,9.20,9.23,9.13,9.23,2052696,18860016.00
20170209,9.23,9.36,9.22,9.30,3006641,27917200.00
20170210,9.31,9.38,9.28,9.29,2408979,22439412.00
20170213,9.23,9.44,9.23,9.43,3433288,32200186.00
20170214,9.42,9.47,9.32,9.36,1846341,17278736.00
20170215,9.42,9.42,9.13,9.16,4770042,44034328.00
20170216,9.19,9.24,9.05,9.13,4117085,37598740.00
20170217,9.14,9.29,9.13,9.15,3351002,30862740.00
20170220,9.15,9.29,9.12,9.22,3463253,31877374.00
20170221,9.30,9.65,9.26,9.56,10347216,98564936.00
20170222,9.53,9.68,9.43,9.52,4032985,38277876.00
20170223,9.48,9.60,9.44,9.49,3450669,32816754.00
20170224,9.45,9.54,9.40,9.42,3861974,36439324.00
20170227,9.47,9.85,9.32,9.54,7782887,74169600.00
20170228,9.52,9.52,9.30,9.42,6866958,64602872.00
20170301,9.41,9.53,9.32,9.39,5418207,50992568.00
20170302,9.36,9.41,9.31,9.31,3017687,28195450.00
20170303,9.30,9.44,9.22,9.40,6514472,60837492.00
20170306,9.40,9.47,9.32,9.46,3681699,34722308.00
20170307,9.46,9.49,9.41,9.48,4007844,37872408.00
20170308,9.48,9.50,9.42,9.46,4085656,38677668.00
20170309,9.45,9.45,9.32,9.36,3124166,29264302.00
20170310,9.39,9.41,9.27,9.33,3235673,30187362.00
20170313,9.33,9.45,9.30,9.40,5785749,54237860.00
20170314,9.41,9.56,9.33,9.51,7342628,69791880.00
20170315,9.53,9.55,9.45,9.49,2781100,26406644.00
20170316,9.51,9.65,9.49,9.53,7820681,74652928.00
20170317,9.53,9.61,9.47,9.51,5756765,54968968.00
20170320,9.51,9.70,9.51,9.67,6877503,66133972.00
20170321,9.64,9.83,9.59,9.78,6798350,66147652.00
20170322,9.75,9.90,9.70,9.74,6285975,61627356.00
20170323,9.70,9.82,9.58,9.71,6802508,65928172.00
20170324,9.65,9.75,9.55,9.63,5067832,48755988.00
20170327,9.60,9.67,9.55,9.58,3674011,35248388.00
20170328,9.60,9.64,9.57,9.60,2425249,23279794.00
20170329,9.60,9.85,9.60,9.76,12084129,117948504.00
20170330,9.76,9.83,9.44,9.53,8261602,79760864.00
20170331,9.53,9.95,9.52,9.84,12036072,118021400.00
20170405,9.79,10.15,9.79,10.05,13127638,131985920.00
20170406,10.00,10.07,9.92,10.00,6218789,62152464.00
20170407,9.98,10.05,9.84,9.90,6161050,61120508.00
20170410,9.94,10.11,9.91,10.05,9359886,93943456.00
20170411,10.20,10.42,10.00,10.33,16994806,174801136.00
20170412,10.25,10.48,10.24,10.30,8631277,89359408.00
20170413,10.26,10.44,10.26,10.32,8496956,88056880.00
20170414,10.32,10.40,10.23,10.26,7294979,75030960.00
20170417,10.15,10.25,9.86,9.87,10011212,100116552.00
数据来源:通达信
