002581 未名医药 日线 前复权
      日期	    开盘	    最高	    最低	    收盘	    成交量	    成交额
20110520,7.76,7.88,7.08,7.39,17855956,384049952.00
20110523,7.17,8.22,7.17,8.22,14514940,327013696.00
20110524,7.78,7.99,7.43,7.60,12853155,284899296.00
20110525,7.08,7.35,6.75,7.13,10697794,216641328.00
20110526,6.95,7.31,6.48,6.50,8788777,177033488.00
20110527,6.50,6.64,6.13,6.42,5854386,109856904.00
20110530,6.24,6.38,5.80,5.87,4525633,81781024.00
20110531,5.77,6.12,5.76,6.02,4143414,73076600.00
20110601,6.05,6.70,6.04,6.70,4618517,88515312.00
20110602,6.82,7.01,6.58,6.75,7464810,148642336.00
20110603,6.52,6.74,6.36,6.60,3452779,66671636.00
20110607,6.47,6.60,6.35,6.56,2445635,46571960.00
20110608,6.47,6.84,6.45,6.61,3118505,60779104.00
20110609,6.50,6.58,6.08,6.11,3813187,70210440.00
20110610,6.04,6.29,6.02,6.28,1925707,35169692.00
20110613,6.25,6.53,6.17,6.40,2466213,46297360.00
20110614,6.38,6.47,6.33,6.40,1685374,31726404.00
20110615,6.44,6.78,6.44,6.47,3061923,59321556.00
20110616,6.43,6.63,6.30,6.58,2049313,39110376.00
20110617,6.55,6.63,6.37,6.42,1734853,33020170.00
20110620,6.35,6.63,6.24,6.63,2573779,48941244.00
20110621,6.65,6.94,6.54,6.81,4254605,83696456.00
20110622,6.65,6.72,6.47,6.57,2509734,48430296.00
20110623,6.47,6.83,6.38,6.76,3093744,60477740.00
20110624,6.66,6.93,6.62,6.84,3745906,74328784.00
20110627,6.84,6.97,6.74,6.95,3125043,62451236.00
20110629,6.85,6.97,6.76,6.76,2194342,43923308.00
20110630,6.74,6.87,6.71,6.77,1659079,32886934.00
20110701,6.81,6.94,6.73,6.88,1928187,38558228.00
20110704,6.92,7.28,6.92,7.17,3549079,73847512.00
20110705,7.10,7.39,7.10,7.28,2680334,56620040.00
20110706,7.27,8.09,7.14,8.09,4479511,98502000.00
20110707,8.24,8.65,8.18,8.40,6131781,147295200.00
20110708,8.39,8.39,8.05,8.17,3347715,77232040.00
20110711,8.10,8.33,8.07,8.21,2381661,55254644.00
20110712,8.09,8.27,8.03,8.10,2351980,53893280.00
20110713,8.07,8.57,8.07,8.49,2273283,53253184.00
20110714,8.55,8.62,8.33,8.49,2043527,48488760.00
20110715,8.46,9.08,8.39,8.42,2551347,62527844.00
20110718,8.55,8.64,8.20,8.23,2242196,52563616.00
20110719,8.20,8.35,8.08,8.18,1479199,34230244.00
20110720,8.23,8.30,7.91,8.12,1443620,32986186.00
20110721,8.12,8.21,8.04,8.13,1146869,26223712.00
20110722,8.14,8.20,7.97,8.19,1364589,31218072.00
20110725,8.16,8.16,7.57,7.58,1751006,38907180.00
20110726,7.60,7.66,7.36,7.58,1260398,26909212.00
20110728,7.74,8.18,7.69,8.18,3375325,76518608.00
20110729,8.01,8.11,7.74,7.83,2370691,53223104.00
20110801,7.75,8.09,7.66,7.98,1325751,29627510.00
20110802,7.91,7.96,7.55,7.91,1556882,33908032.00
20110803,7.70,8.07,7.67,7.91,1200429,26806424.00
20110804,7.78,8.00,7.78,7.95,1191165,26508672.00
20110805,7.62,7.78,7.55,7.62,1368915,29814626.00
20110808,7.50,7.50,6.84,7.06,1274812,26173210.00
20110809,6.83,7.28,6.83,7.19,1147107,23220568.00
20110810,7.17,7.24,6.86,7.01,3429893,68797880.00
20110811,6.81,7.00,6.67,6.99,1732565,33971796.00
20110812,6.99,7.17,6.99,7.07,1605710,32360804.00
20110815,7.04,7.39,7.04,7.32,1757687,36326692.00
20110816,7.39,7.54,7.28,7.38,1997126,42094988.00
20110817,7.38,7.43,7.23,7.24,764367,15840556.00
20110818,7.21,7.28,7.02,7.02,822756,16675713.00
20110819,6.78,7.02,6.75,6.97,748528,14772369.00
20110822,6.98,7.24,6.98,7.05,1191402,24089118.00
20110823,7.13,7.37,7.05,7.35,1774222,36590328.00
20110824,7.44,7.55,7.32,7.49,2605113,55122792.00
20110825,7.45,7.56,7.35,7.50,1796579,38016808.00
20110826,7.45,7.85,7.44,7.81,2849464,62402792.00
20110829,7.74,8.00,7.70,7.81,2688069,59720276.00
20110830,7.83,7.97,7.68,7.71,1874122,41543512.00
20110831,7.70,7.95,7.69,7.83,1679915,37119980.00
20110901,7.93,8.08,7.76,7.78,2024718,45260044.00
20110902,7.80,7.80,7.37,7.39,2186833,46844424.00
20110905,7.28,7.42,7.07,7.32,1012604,20857256.00
20110906,7.21,7.45,7.21,7.34,863001,18038436.00
20110907,7.35,7.68,7.35,7.68,998719,21460890.00
20110908,7.72,7.85,7.58,7.59,762789,16636932.00
20110909,7.58,7.70,7.32,7.36,678658,14430848.00
20110913,7.20,7.26,7.08,7.18,536851,10987992.00
20110914,7.21,7.30,7.05,7.24,683945,14008877.00
20110915,7.24,7.32,7.15,7.15,916683,18871472.00
20110916,7.14,7.20,6.99,7.01,861858,17377844.00
20110919,6.94,7.07,6.89,6.98,467148,9326018.00
20110920,6.93,7.19,6.92,7.10,755091,15231469.00
20110921,7.17,7.35,7.04,7.32,1128119,23293322.00
20110922,7.23,7.28,6.99,7.00,564876,11459582.00
20110923,6.97,7.03,6.85,7.01,783174,15490235.00
20110926,7.01,7.12,6.97,7.03,516913,10396727.00
20110927,7.05,7.15,6.92,6.98,631533,12612833.00
20110928,7.00,7.19,7.00,7.10,1304489,26431000.00
20110929,7.03,7.08,6.70,6.93,734093,14437269.00
20110930,6.93,7.04,6.82,7.03,520223,10285479.00
20111010,7.00,7.12,6.98,7.05,908681,18280472.00
20111011,7.23,7.27,6.93,7.02,849905,17195066.00
20111012,7.01,7.20,6.83,7.19,1495419,30364446.00
20111013,7.19,7.37,7.09,7.12,1997638,41107656.00
20111014,7.02,7.02,6.83,6.93,1127124,22281178.00
20111017,6.96,6.97,6.53,6.69,2100143,40510872.00
20111018,6.58,6.63,6.34,6.44,1371644,25549304.00
20111019,6.39,6.52,6.30,6.42,647941,12036827.00
20111020,6.40,6.41,6.23,6.27,604294,11012146.00
20111021,6.25,6.33,6.20,6.20,275776,4982150.50
20111024,6.21,6.32,6.10,6.29,390104,7035033.00
20111025,6.32,6.49,6.27,6.41,942941,17317682.00
20111026,6.36,6.49,6.35,6.42,1407819,26074384.00
20111027,6.43,6.55,6.38,6.45,1016046,18880304.00
20111028,6.54,6.62,6.45,6.59,1216130,22793588.00
20111031,6.59,6.73,6.58,6.67,1139353,21765910.00
20111101,6.67,6.70,6.55,6.66,829334,15782905.00
20111102,6.55,6.76,6.47,6.74,716530,13619288.00
20111103,6.70,6.83,6.67,6.68,1420529,27451876.00
20111104,6.73,6.87,6.69,6.78,1332027,25914862.00
20111107,6.78,6.82,6.69,6.72,620120,11995708.00
20111108,6.72,6.77,6.61,6.62,700571,13470583.00
20111109,6.68,7.32,6.66,7.07,3750305,75266344.00
20111110,6.93,7.26,6.93,7.06,2115451,42751036.00
20111111,7.06,7.54,7.06,7.39,3159046,65804344.00
20111114,7.46,8.05,7.32,7.89,3059370,68000064.00
20111115,7.92,8.08,7.80,7.85,2464862,55082528.00
20111116,7.82,7.91,7.58,7.72,2311947,50447992.00
20111117,7.64,8.10,7.64,7.98,3483534,78060592.00
20111118,7.87,7.93,7.63,7.78,1562358,34240380.00
20111121,7.74,7.85,7.56,7.75,1737445,37995944.00
20111122,7.68,7.92,7.62,7.92,1277803,28093896.00
20111123,7.97,8.07,7.79,7.82,916180,20373742.00
20111124,7.62,7.77,7.54,7.64,687444,14885519.00
20111125,7.62,7.73,7.40,7.45,1156622,24680806.00
20111128,7.41,7.53,7.27,7.45,1212453,25509732.00
20111129,7.47,7.67,7.47,7.64,984892,21163486.00
20111130,7.69,7.69,7.14,7.32,1123257,23773406.00
20111201,7.58,7.66,7.46,7.46,1465987,31540040.00
20111202,7.54,7.54,7.25,7.35,767745,16065725.00
20111205,7.35,7.35,7.10,7.12,663046,13582484.00
20111206,7.05,7.18,7.03,7.15,255449,5173712.00
20111207,7.13,7.20,7.04,7.13,384426,7786211.50
20111208,7.12,7.32,6.88,7.20,647533,13152966.00
20111209,7.12,7.27,6.94,7.04,580580,11806965.00
20111212,6.93,7.01,6.82,6.85,540715,10630273.00
20111213,6.74,6.97,6.56,6.70,911631,17537826.00
20111214,6.69,6.74,6.47,6.56,239208,4520672.00
20111215,6.56,6.56,6.42,6.47,496055,9249002.00
20111216,6.53,6.62,6.28,6.59,390949,7280154.50
20111219,6.54,6.70,6.25,6.70,993089,18386330.00
20111220,6.55,6.78,6.47,6.59,606185,11577596.00
20111221,6.66,6.88,6.47,6.47,714046,13738360.00
20111222,6.50,6.50,5.97,6.22,3023088,54749980.00
20111223,6.16,6.30,6.01,6.24,1369574,24315344.00
20111226,6.17,6.20,5.91,5.91,727400,12732839.00
20111227,5.85,5.85,5.39,5.44,1221371,19717666.00
20111228,5.41,5.50,5.20,5.48,664696,10434417.00
20111229,5.49,5.55,5.39,5.53,467765,7494626.00
20111230,5.57,5.58,5.51,5.51,476812,7717032.50
20120104,5.56,5.65,5.50,5.50,646273,10539448.00
20120105,5.46,5.47,4.96,5.01,450677,6925588.50
20120106,5.08,5.18,4.93,5.13,598378,8920887.00
20120109,5.14,5.51,5.04,5.49,611022,9497158.00
20120110,5.40,5.72,5.40,5.61,1248752,20391582.00
20120111,5.63,5.79,5.63,5.68,1045309,17382772.00
20120112,5.66,5.84,5.40,5.82,2490662,40986316.00
20120113,5.73,5.74,5.49,5.60,1740337,28553422.00
20120116,5.48,5.66,5.41,5.57,1065154,17269180.00
20120117,5.63,5.92,5.42,5.87,2050318,33947956.00
20120118,5.82,5.85,5.28,5.38,1435886,23627886.00
20120119,5.35,5.43,5.15,5.40,638257,9976942.00
20120120,5.43,5.50,5.35,5.40,622573,9915992.00
20120130,5.41,5.68,5.37,5.64,1102726,17962502.00
20120131,5.59,5.63,5.47,5.55,480131,7776764.00
20120201,5.48,5.62,5.47,5.49,558329,9037400.00
20120202,5.51,5.63,5.51,5.60,536352,8734666.00
20120203,5.59,5.73,5.56,5.72,772726,12742725.00
20120206,5.72,5.85,5.70,5.79,680826,11455412.00
20120207,5.78,5.78,5.55,5.58,499313,8182695.00
20120208,5.57,5.71,5.50,5.69,799862,13029757.00
20120209,5.65,5.96,5.64,5.81,1533272,25879926.00
20120210,5.79,6.06,5.70,5.99,1383647,23895612.00
20120213,5.87,6.10,5.85,6.04,1725217,30106190.00
20120214,6.08,6.15,5.98,6.07,1318375,23107004.00
20120215,6.05,6.13,5.99,6.10,1207583,21232110.00
20120216,6.12,6.35,6.07,6.30,1738747,31364184.00
20120217,6.28,6.33,6.20,6.28,885772,16010046.00
20120220,6.35,6.49,6.30,6.41,1025392,18888718.00
20120221,6.46,6.46,6.28,6.46,859275,15801421.00
20120222,6.46,6.68,6.42,6.63,1808290,33959312.00
20120223,6.62,6.63,6.48,6.58,842739,15830195.00
20120224,6.58,6.60,6.35,6.53,2014830,37368980.00
20120227,6.45,6.62,6.32,6.49,3535996,65292360.00
20120228,6.43,6.44,6.32,6.38,2178873,40070808.00
20120229,6.36,6.38,6.28,6.35,829055,15099968.00
20120301,6.33,6.47,6.32,6.43,957322,17682016.00
20120302,6.43,6.55,6.43,6.48,1256841,23463586.00
20120305,6.48,6.57,6.38,6.41,1124772,20890980.00
20120306,6.37,6.43,5.85,6.17,1542786,27816958.00
20120307,6.13,6.19,6.01,6.08,621914,11021923.00
20120308,6.12,6.27,6.09,6.20,830881,14872637.00
20120309,6.20,6.28,6.19,6.28,596769,10742622.00
20120312,6.32,6.33,6.20,6.32,892426,16128757.00
20120313,6.32,6.54,6.31,6.53,1193975,22162944.00
20120314,6.54,6.60,6.12,6.20,1330086,24584172.00
20120315,6.19,6.27,5.85,6.10,612649,10784853.00
20120316,6.12,6.27,6.12,6.26,413050,7373841.50
20120319,6.27,6.74,6.23,6.71,1385565,25979566.00
20120320,6.68,6.71,6.51,6.55,893474,16978180.00
20120321,6.55,6.66,6.31,6.47,903452,16804394.00
20120322,6.47,6.55,6.40,6.49,421460,7846040.50
20120323,6.45,6.50,6.33,6.35,492251,9066148.00
20120326,6.36,6.39,6.21,6.27,345251,6251661.00
20120328,6.17,6.25,5.96,5.97,889300,15666650.00
20120329,5.97,5.98,5.55,5.70,711336,11899362.00
20120330,5.82,5.82,5.58,5.70,383145,6333372.00
20120405,5.72,5.92,5.71,5.88,539671,9146657.00
20120406,5.82,6.00,5.82,5.92,434903,7487768.50
20120409,5.93,5.96,5.85,5.87,207860,3553659.25
20120410,5.85,6.00,5.70,5.99,394590,6714406.00
20120411,5.92,6.04,5.91,5.99,288766,4999812.00
20120412,5.96,6.20,5.96,6.16,456259,8033750.50
20120413,6.18,6.31,6.12,6.25,488414,8774684.00
20120416,6.24,6.39,6.23,6.32,579743,10574197.00
20120417,6.31,6.42,6.24,6.35,406194,7394010.00
20120418,6.32,6.39,6.22,6.38,668907,11842366.00
20120419,6.38,6.52,6.34,6.45,595708,10770253.00
20120420,6.42,6.52,6.39,6.44,581479,10496354.00
20120423,6.45,6.45,6.22,6.23,720533,12783191.00
20120424,6.20,6.32,6.05,6.23,587621,10176212.00
20120425,6.23,6.28,6.16,6.28,462032,8058878.00
20120426,6.28,6.30,6.17,6.26,374763,6559763.50
20120427,6.26,6.31,6.21,6.24,311901,5466999.00
20120502,6.29,6.47,6.24,6.44,775630,13876805.00
20120503,6.44,6.64,6.39,6.57,1044590,19050426.00
20120504,6.54,6.61,6.52,6.57,734594,13457325.00
20120507,6.54,6.59,6.46,6.58,904829,16482983.00
20120508,6.55,6.61,6.46,6.52,683265,12458650.00
20120509,6.50,6.50,6.27,6.30,949330,16862356.00
20120510,6.28,6.37,6.28,6.32,384616,6814485.50
20120511,6.30,6.37,6.28,6.33,356053,6319464.50
20120514,6.30,6.43,6.30,6.33,549755,9802332.00
20120515,6.31,6.31,6.15,6.24,455855,7917792.00
20120516,6.24,6.24,6.09,6.09,370114,6396550.50
20120517,6.05,6.23,6.04,6.20,575341,9927009.00
20120518,6.14,6.18,6.01,6.01,401123,6858053.50
20120521,6.01,6.12,6.01,6.08,210671,3602470.75
20120522,6.15,6.18,6.09,6.16,288591,4977517.00
20120523,6.17,6.18,6.07,6.14,258119,4445657.00
20120524,6.15,6.16,6.07,6.07,294450,5050374.50
20120525,6.07,6.12,6.00,6.01,422665,7214919.50
20120528,6.01,6.12,5.93,6.10,319907,5430555.50
20120529,6.07,6.19,6.07,6.17,454120,7836908.00
20120530,6.07,6.22,6.07,6.16,563578,9761433.00
20120531,6.15,6.27,6.10,6.23,731007,12717814.00
20120601,6.23,6.37,6.18,6.21,920037,16245260.00
20120604,6.09,6.12,5.98,5.98,716366,12198453.00
20120605,6.12,6.12,5.96,5.97,337299,5696194.00
20120606,5.97,6.03,5.89,5.92,304490,5114397.00
20120607,5.98,6.08,5.92,5.93,300231,5044334.50
20120608,5.99,6.04,5.89,5.92,228330,3821892.00
20120611,5.92,6.05,5.86,6.04,268544,4522143.00
20120612,6.00,6.02,5.94,6.00,232444,3911709.75
20120613,6.01,6.12,6.01,6.12,483839,8268134.00
20120614,6.12,6.14,6.02,6.02,340765,5830190.50
20120615,6.03,6.15,6.00,6.09,499573,8520622.00
20120618,6.14,6.18,6.11,6.14,742424,12807285.00
20120619,6.12,6.22,6.11,6.14,634015,10970794.00
20120620,6.18,6.22,6.11,6.12,490312,8485384.00
20120621,6.11,6.14,5.99,6.07,493348,8430453.00
20120625,6.05,6.05,5.90,5.91,327986,5523887.00
20120626,5.92,5.98,5.88,5.89,311875,5199747.50
20120627,5.95,6.01,5.90,5.93,375189,6293671.00
20120628,5.93,6.01,5.89,5.89,359695,6026378.00
20120629,5.86,6.00,5.82,5.99,339689,5673407.00
20120702,6.03,6.11,5.95,6.09,849187,14347750.00
20120703,6.10,6.21,6.05,6.17,1088302,18801030.00
20120704,6.22,6.27,6.07,6.12,698189,12105744.00
20120705,6.12,6.16,6.02,6.07,487504,8294124.00
20120706,6.08,6.17,5.96,6.15,854739,14599138.00
20120709,6.14,6.43,6.12,6.35,2468209,43909172.00
20120710,6.33,6.55,6.33,6.38,2438194,43908752.00
20120711,6.34,6.51,6.24,6.50,1731147,31122468.00
20120712,6.54,7.20,6.50,6.90,4134583,79624264.00
20120713,6.82,7.00,6.78,6.96,2199631,42259252.00
20120716,7.28,7.66,7.13,7.26,4762426,97172688.00
20120717,7.34,7.65,7.05,7.39,3834040,78065496.00
20120718,7.24,7.37,7.01,7.30,3554959,70799408.00
20120719,7.21,7.27,7.03,7.14,4680985,92661104.00
20120720,7.10,7.19,6.97,6.98,2307742,45316064.00
20120723,6.87,6.97,6.77,6.84,1827040,34861736.00
20120724,6.81,7.00,6.78,6.88,1228648,23668786.00
20120725,6.87,6.97,6.74,6.82,1439004,27551166.00
20120726,6.77,6.92,6.72,6.80,1198297,22818480.00
20120727,6.82,6.94,6.77,6.90,1227149,23475780.00
20120730,6.87,7.12,6.87,6.90,1915826,37245092.00
20120731,6.82,6.83,6.35,6.37,3042358,55319252.00
20120801,6.34,6.50,6.32,6.38,1740727,31241642.00
20120802,6.37,6.47,6.33,6.43,1024325,18350728.00
20120803,6.43,6.67,6.37,6.62,1499543,27329048.00
20120806,6.58,6.95,6.55,6.91,1914534,36445012.00
20120807,6.91,7.00,6.82,6.90,1172242,22529408.00
20120808,6.90,7.23,6.83,7.13,2116892,41466652.00
20120809,7.10,7.23,7.05,7.16,1358720,26970778.00
20120810,7.12,7.18,7.05,7.08,937768,18534734.00
20120813,7.12,7.27,6.85,6.90,1192532,23477480.00
20120814,6.89,6.98,6.68,6.97,1155831,22040578.00
20120815,7.04,7.11,6.86,6.94,743271,14464513.00
20120816,6.86,6.91,6.67,6.69,1372800,25802238.00
20120817,6.69,6.74,6.37,6.52,2182120,39531932.00
20120820,6.49,6.63,6.39,6.59,937020,17071726.00
20120821,6.57,6.73,6.55,6.67,1017230,18942336.00
20120822,6.73,6.73,6.44,6.48,1357307,24932008.00
20120823,6.47,6.68,6.46,6.67,971231,17854006.00
20120824,6.62,6.84,6.60,6.68,1576872,29641396.00
20120827,6.68,6.69,6.43,6.45,1086517,20003466.00
20120828,6.43,6.57,6.38,6.54,783883,14205225.00
20120829,6.57,6.58,6.47,6.47,601368,10975638.00
20120830,6.44,6.64,6.30,6.36,1190145,21575586.00
20120831,6.34,6.63,6.32,6.55,685357,12385417.00
20120903,6.55,6.70,6.50,6.62,639769,11830481.00
20120904,6.62,6.69,6.48,6.50,606891,11190795.00
20120905,6.45,6.76,6.45,6.71,1010367,18838414.00
20120906,6.71,6.84,6.67,6.83,958270,18113288.00
20120907,6.89,7.01,6.82,6.93,2004979,38637020.00
20120910,6.91,6.95,6.78,6.88,1820909,34765304.00
20120911,6.83,6.92,6.81,6.87,812637,15544308.00
20120912,6.89,6.96,6.78,6.85,1124455,21470090.00
20120913,6.78,6.90,6.66,6.66,909146,17174118.00
20120914,6.68,6.79,6.57,6.68,1099175,20474712.00
20120917,6.62,6.66,6.49,6.49,719570,13173037.00
20120918,6.49,6.57,6.43,6.43,581210,10545716.00
20120919,6.45,6.52,6.43,6.51,403842,7314220.00
20120920,6.50,6.52,6.20,6.24,656256,11685536.00
20120921,6.21,6.30,6.16,6.16,371282,6477350.50
20120924,6.13,6.21,6.05,6.18,580672,9995190.00
20120925,6.15,6.20,6.07,6.08,474935,8163430.00
20120926,6.05,6.10,5.82,5.87,530798,8886291.00
20120927,5.88,6.06,5.82,6.00,521375,8758127.00
20120928,5.95,6.15,5.93,6.14,505573,8643516.00
20121008,6.15,6.28,6.10,6.24,546760,9542035.00
20121009,6.22,6.37,6.22,6.31,559096,9893290.00
20121010,6.32,6.38,6.26,6.37,687511,12170196.00
20121011,6.30,6.39,6.27,6.27,441224,7830705.00
20121012,6.31,6.37,6.25,6.33,433343,7681260.50
20121015,6.32,6.35,6.13,6.22,463361,8114973.00
20121016,6.23,6.31,6.18,6.22,385724,6770005.50
20121017,6.24,6.24,6.01,6.08,805126,13858114.00
20121018,6.08,6.40,6.08,6.38,1358429,24046884.00
20121019,6.38,6.39,6.27,6.32,607259,10773095.00
20121022,6.32,6.49,6.24,6.39,597974,10691087.00
20121023,6.47,6.50,6.22,6.24,502329,8897706.00
20121024,6.17,6.25,6.13,6.17,480403,8336534.00
20121025,6.20,6.31,6.15,6.17,441534,7716800.50
20121026,6.18,6.18,5.96,6.02,599141,10160854.00
20121029,6.01,6.05,5.98,6.02,199155,3366617.75
20121030,6.02,6.08,5.97,6.04,289810,4900213.00
20121031,6.04,6.04,5.93,6.00,226300,3806725.00
20121101,6.03,6.16,5.98,6.16,500940,8568525.00
20121102,6.12,6.16,6.08,6.14,578736,9936171.00
20121105,6.14,6.22,6.07,6.08,331594,5692225.00
20121106,6.09,6.09,5.97,5.99,328360,5552747.50
20121107,5.99,6.04,5.97,5.97,317600,5361410.00
20121108,5.91,5.97,5.87,5.88,263495,4391458.50
20121109,5.85,5.92,5.85,5.91,239979,3986390.00
20121112,5.89,5.93,5.58,5.61,1219651,19724644.00
20121113,5.57,5.65,5.53,5.53,477750,7536548.50
20121114,5.53,5.54,5.24,5.36,1553576,23512024.00
20121115,5.33,5.38,5.23,5.28,475627,7182968.00
20121116,5.28,5.34,5.22,5.33,338379,5059599.00
20121119,5.33,5.37,5.22,5.37,372360,5602522.50
20121120,5.37,5.37,5.28,5.29,256090,3869638.00
20121121,5.31,5.38,5.22,5.36,557394,8376526.00
20121122,5.35,5.35,5.21,5.25,450528,6764249.00
20121123,5.26,5.34,5.24,5.27,300675,4526543.00
20121126,5.28,5.37,5.26,5.28,187150,2825142.50
20121127,5.24,5.28,4.89,5.08,431740,6290838.50
20121128,5.08,5.08,4.95,5.00,249238,3552294.25
20121129,5.03,5.03,4.92,4.97,150410,2142553.50
20121130,4.90,5.01,4.88,4.93,271652,3829824.25
20121203,4.86,4.92,4.79,4.80,244180,3408913.25
20121204,4.76,4.79,4.51,4.76,506264,6781274.50
20121205,4.76,5.00,4.71,4.96,471081,6626869.50
20121206,4.97,5.04,4.90,4.97,290810,4145493.75
20121207,4.96,5.50,4.96,5.25,1137637,17103320.00
20121210,5.28,5.37,5.22,5.33,674323,10184646.00
20121211,5.32,5.32,5.21,5.24,414914,6200519.50
20121212,5.23,5.32,5.16,5.26,341046,5075896.50
20121213,5.26,5.26,5.13,5.18,255379,3778572.50
20121214,5.18,5.47,5.18,5.42,1292411,19649650.00
20121217,5.38,5.48,5.37,5.45,738025,11350730.00
20121218,5.44,5.52,5.37,5.46,1397907,21561676.00
20121219,5.46,5.50,5.43,5.45,343120,5308175.50
20121220,5.40,5.61,5.37,5.58,1110181,17351380.00
20121221,5.62,5.83,5.59,5.78,1586096,25633852.00
20121224,5.77,5.82,5.70,5.80,762715,12408995.00
20121225,5.83,6.02,5.77,5.99,2137958,35595064.00
20121226,5.92,6.01,5.92,6.01,1515807,25438648.00
20121227,5.95,6.14,5.75,5.75,1262969,21059918.00
20121228,5.74,5.96,5.68,5.90,792108,13073703.00
20121231,5.91,6.00,5.88,5.91,984729,16445218.00
20130104,5.95,6.00,5.86,5.95,821133,13727263.00
20130107,5.82,6.04,5.82,6.02,917501,15408846.00
20130108,6.02,6.31,6.02,6.18,1927757,33459148.00
20130109,6.13,6.18,6.01,6.08,1107811,18949636.00
20130110,6.07,6.15,5.99,6.02,736187,12550251.00
20130111,6.00,6.24,6.00,6.02,1037393,17730516.00
20130114,6.02,6.45,6.02,6.36,2566842,45320072.00
20130115,6.47,7.04,6.47,6.61,3186239,59953908.00
20130116,6.57,6.89,6.52,6.80,2919258,55064360.00
20130117,6.74,6.78,6.47,6.55,1969432,36250068.00
20130118,6.58,6.70,6.44,6.59,1348943,24769242.00
20130121,6.56,6.76,6.56,6.73,1095269,20470932.00
20130122,6.75,6.75,6.47,6.51,1041870,19150812.00
20130123,6.51,6.62,6.39,6.52,925183,16799166.00
20130124,6.51,6.70,6.43,6.58,1642663,30160242.00
20130125,6.52,6.61,6.46,6.58,973791,17806404.00
20130128,6.58,6.70,6.43,6.68,1668639,30805588.00
20130129,6.68,6.93,6.63,6.85,1755586,33432464.00
20130130,6.85,6.85,6.52,6.55,2272374,42117172.00
20130131,6.57,6.60,6.33,6.40,1676157,30136010.00
20130201,6.39,6.53,6.35,6.51,847949,15411556.00
20130204,6.53,6.57,6.31,6.33,928101,16561683.00
20130205,6.28,6.42,6.28,6.40,718434,12795880.00
20130206,6.38,6.50,6.32,6.46,828403,14878144.00
20130207,6.48,6.51,6.40,6.50,518181,9347310.00
20130208,6.51,6.60,6.46,6.57,1029883,18829086.00
20130218,6.57,6.65,6.55,6.59,1353723,24918878.00
20130219,6.58,6.64,6.34,6.40,975852,17643282.00
20130220,6.40,6.56,6.32,6.54,1171179,21181200.00
20130221,6.48,6.48,6.37,6.45,1041120,18751228.00
20130222,6.42,6.49,6.37,6.41,676480,12198484.00
20130225,6.41,6.49,6.39,6.46,714789,12906555.00
20130226,6.43,6.48,6.35,6.36,736454,13257946.00
20130227,6.35,6.45,6.27,6.29,740112,13143346.00
20130228,6.39,6.43,6.28,6.41,906233,16204947.00
20130301,6.41,6.63,6.41,6.63,1496403,27454856.00
20130304,6.59,6.76,6.43,6.54,1987422,36744556.00
20130305,6.54,6.76,6.48,6.76,1672269,31158286.00
20130306,6.76,6.91,6.70,6.83,2130974,40424560.00
20130307,6.85,6.92,6.60,6.66,1271036,23971318.00
20130308,6.67,6.72,6.51,6.65,1101005,20306134.00
20130311,6.65,6.68,6.55,6.63,541680,10016103.00
20130312,6.64,6.65,6.12,6.21,1723790,30526208.00
20130313,6.21,6.24,6.02,6.08,667995,11446373.00
20130314,6.08,6.15,6.03,6.08,499907,8529469.00
20130315,6.10,6.19,5.89,6.11,879848,15073908.00
20130318,6.08,6.27,6.05,6.22,987752,17115978.00
20130319,6.13,6.14,5.95,6.07,1009037,17173910.00
20130320,6.07,6.24,6.05,6.23,1123871,19506000.00
20130321,6.23,6.35,6.21,6.26,914339,16105668.00
20130322,6.26,6.31,6.20,6.26,734388,12886506.00
20130325,6.28,6.28,6.23,6.26,507558,8904287.00
20130326,6.25,6.25,6.05,6.17,525092,9059317.00
20130327,6.18,6.23,6.12,6.16,368641,6388982.00
20130328,6.12,6.13,5.96,5.96,711527,12028985.00
20130329,5.96,6.03,5.92,5.99,309629,5209304.50
20130401,5.90,6.08,5.89,6.06,282383,4796910.00
20130402,6.16,6.18,5.97,6.00,399024,6830957.00
20130403,6.10,6.10,5.97,6.01,272922,4599830.00
20130408,5.97,5.99,5.86,5.96,385036,6419169.00
20130409,5.99,6.01,5.89,5.96,523230,8773878.00
20130410,5.93,5.96,5.71,5.80,657380,10761246.00
20130411,5.83,5.84,5.73,5.73,356100,5792295.00
20130412,5.74,5.80,5.66,5.75,232089,3774504.25
20130415,5.76,5.80,5.66,5.67,246661,3970964.00
20130416,5.67,5.75,5.62,5.72,291859,4682656.00
20130417,5.71,5.83,5.68,5.82,343685,5582832.00
20130418,5.81,5.88,5.80,5.85,319440,5257586.50
20130419,5.78,5.93,5.62,5.92,2350831,38123632.00
20130422,5.81,5.84,5.76,5.80,971737,15906751.00
20130423,5.80,5.80,5.48,5.50,920140,14623163.00
20130424,5.42,5.58,5.42,5.56,682244,10672145.00
20130425,5.55,5.58,5.47,5.47,523900,8186392.00
20130426,5.49,5.53,5.40,5.40,420359,6509242.00
20130502,5.43,5.46,5.39,5.44,231650,3564730.25
20130503,5.47,5.58,5.46,5.55,538303,8449196.00
20130506,5.57,5.70,5.53,5.66,585216,9312321.00
20130507,5.66,5.67,5.59,5.64,334528,5322799.50
20130508,5.66,5.70,5.64,5.67,435415,6976834.50
20130509,5.65,5.78,5.63,5.74,680809,10988279.00
20130510,5.75,5.93,5.72,5.90,950342,15592066.00
20130513,5.91,5.91,5.83,5.90,476750,7887853.50
20130514,5.93,5.93,5.74,5.76,464243,7604490.00
20130515,5.87,6.08,5.85,6.04,1202059,20288270.00
20130516,6.09,6.10,6.00,6.04,734470,12481118.00
20130517,6.01,6.07,6.01,6.06,938942,15967707.00
20130520,6.13,6.34,6.13,6.29,1498058,26250766.00
20130521,6.26,6.28,6.10,6.27,2229664,38754308.00
20130522,6.25,6.34,6.05,6.13,1869730,24275396.00
20130523,6.03,6.12,5.95,6.04,2021156,25532290.00
20130524,6.04,6.30,5.99,6.26,1822922,23558186.00
20130527,6.25,6.26,6.13,6.15,1828584,23657186.00
20130528,6.16,6.23,6.11,6.20,1008224,13061557.00
20130529,6.20,6.31,6.15,6.26,2080444,27140818.00
20130530,6.21,6.21,6.10,6.11,2049148,26394468.00
20130531,6.11,6.16,6.06,6.08,1096061,14036548.00
20130603,6.05,6.14,6.05,6.06,714176,9109118.00
20130604,6.06,6.13,5.91,5.95,932873,11787289.00
20130605,5.95,5.99,5.90,5.95,490832,6122885.00
20130606,5.94,6.04,5.88,5.88,501560,6272049.00
20130607,5.87,5.94,5.70,5.74,636152,7766151.00
20130613,5.71,5.71,5.50,5.52,515849,6058251.00
20130614,5.56,5.63,5.54,5.60,455422,5358643.50
20130617,5.63,5.69,5.59,5.67,477694,5688804.00
20130618,5.67,5.69,5.55,5.58,587465,6916597.50
20130619,5.58,5.58,5.34,5.46,654359,7488624.00
20130620,5.44,5.44,5.25,5.26,521910,5887458.50
20130621,5.20,5.24,5.10,5.21,664568,7235152.00
20130624,5.19,5.19,4.84,4.84,691917,7266843.50
20130625,4.83,4.85,4.39,4.76,710862,7068890.00
20130626,4.76,4.82,4.68,4.76,619609,6266783.00
20130627,4.81,4.84,4.62,4.63,617450,6223173.50
20130628,4.58,4.75,4.50,4.64,429110,4221422.00
20130701,4.62,4.75,4.55,4.74,547090,5466147.00
20130702,4.95,4.95,4.75,4.89,909181,9427813.00
20130703,4.84,4.85,4.68,4.80,939645,9490327.00
20130704,4.78,4.99,4.73,4.90,1022000,10610163.00
20130705,4.93,4.94,4.85,4.86,706543,7332285.00
20130708,4.75,4.75,4.52,4.52,964500,9511713.00
20130709,4.50,4.60,4.44,4.48,630960,6054198.50
20130710,4.51,4.62,4.49,4.62,541075,5268599.50
20130711,4.60,4.85,4.60,4.81,998131,10153874.00
20130712,4.80,4.92,4.70,4.80,976403,9968917.00
20130715,4.70,4.87,4.70,4.86,721586,7401961.00
20130716,4.88,5.04,4.86,5.01,1511635,15936045.00
20130717,5.02,5.03,4.85,4.85,907549,9490614.00
20130718,4.85,4.89,4.79,4.83,611438,6258960.00
20130719,4.83,4.89,4.67,4.68,936019,9512628.00
20130722,4.64,4.78,4.55,4.76,717209,7150217.50
20130723,4.72,4.92,4.72,4.88,1015726,10488573.00
20130724,4.89,5.11,4.89,5.09,2101558,22437644.00
20130725,5.10,5.10,4.91,4.92,1320923,13961739.00
20130726,4.93,5.02,4.89,4.96,971168,10214567.00
20130729,4.96,5.08,4.87,4.94,1254465,13222778.00
20130730,4.90,4.98,4.80,4.95,750137,7805243.00
20130731,4.99,5.00,4.85,4.89,669936,7010484.50
20130801,4.89,5.08,4.87,5.06,1305105,13885003.00
20130802,5.06,5.10,5.02,5.10,1279455,13709251.00
20130805,5.13,5.53,5.07,5.42,3316701,37351216.00
20130806,5.39,5.45,5.31,5.39,1619553,18379732.00
20130807,5.36,5.39,5.22,5.27,1560924,17443256.00
20130808,5.27,5.33,5.15,5.28,1066156,11896598.00
20130809,5.28,5.39,5.26,5.35,1154071,12994561.00
20130812,5.33,5.42,5.31,5.40,1208956,13687765.00
20130813,5.42,5.49,5.35,5.48,1273329,14606430.00
20130814,5.47,5.68,5.47,5.52,2276905,26785090.00
20130815,5.52,5.56,5.34,5.34,1308443,15001877.00
20130816,5.28,5.46,5.16,5.16,1371565,15355442.00
20130819,5.16,5.30,5.15,5.28,775019,8551446.00
20130820,5.26,5.31,5.24,5.30,863426,9618167.00
20130821,5.31,5.42,5.24,5.42,1228708,13903690.00
20130822,5.44,5.44,5.31,5.36,1193267,13530069.00
20130823,5.36,5.38,5.16,5.23,1299911,14478219.00
20130826,5.28,5.36,5.25,5.34,895950,10070576.00
20130827,5.34,5.45,5.30,5.44,1165430,13217338.00
20130828,5.40,5.43,5.34,5.34,1073862,12216176.00
20130829,5.39,5.39,5.31,5.35,756605,8543567.00
20130830,5.35,5.35,5.25,5.25,1257625,14046766.00
20130902,5.25,5.39,5.23,5.35,767942,8608955.00
20130903,5.36,5.41,5.31,5.40,946413,10721893.00
20130904,5.40,5.42,5.31,5.34,909230,10277553.00
20130905,5.37,5.37,5.30,5.33,704772,7924549.50
20130906,5.30,5.34,5.25,5.32,613085,6866097.00
20130909,5.29,5.40,5.20,5.38,1694441,19025524.00
20130910,5.40,5.41,5.35,5.38,851921,9660301.00
20130911,5.38,5.39,5.29,5.33,1265943,14255333.00
20130912,5.35,5.39,5.31,5.35,941588,10640260.00
20130913,5.36,5.57,5.36,5.49,2743357,31739242.00
20130916,5.50,6.07,5.50,6.07,5501767,68217712.00
20130917,6.29,6.51,6.10,6.29,10667309,140908768.00
20130918,6.31,6.64,6.23,6.42,7050414,94400512.00
20130923,6.46,6.54,6.27,6.49,5619595,75172560.00
20130924,6.45,7.04,6.40,7.00,7220455,103367400.00
20130925,6.88,7.08,6.79,6.89,4969361,72134008.00
20130926,6.87,7.05,6.71,6.71,3282565,47055980.00
20130927,6.65,6.89,6.62,6.76,2379159,33547622.00
20130930,6.78,6.90,6.59,6.88,3130309,44032348.00
20131008,6.88,7.00,6.71,6.99,2957807,42269172.00
20131009,6.89,7.31,6.88,7.30,4576081,67741544.00
20131010,7.26,7.38,7.10,7.13,2910507,43738328.00
20131011,7.14,7.24,6.98,7.17,3833344,56625036.00
20131014,7.19,7.19,7.03,7.12,2490566,36814508.00
20131015,7.10,7.50,7.04,7.39,3680607,55939836.00
20131016,7.36,7.38,6.88,6.99,3263818,47910176.00
20131017,6.98,7.34,6.98,7.08,3162606,47427600.00
20131018,7.09,7.25,6.83,6.91,1812639,26181466.00
20131021,6.90,6.96,6.70,6.94,3258029,46563200.00
20131022,6.93,6.97,6.84,6.88,2970535,42754564.00
20131023,6.88,7.14,6.75,6.76,2715924,39374688.00
20131024,6.74,6.81,6.44,6.45,2743643,37647300.00
20131025,6.45,6.59,6.30,6.55,1370977,18551130.00
20131028,6.57,7.13,6.50,6.72,1519778,21235680.00
20131029,6.72,6.76,6.26,6.72,1783729,24351006.00
20131030,6.61,6.75,6.61,6.72,1078638,15108952.00
20131031,6.73,6.78,6.62,6.69,787872,10962001.00
20131101,6.67,6.70,6.44,6.64,1025721,14042908.00
20131104,6.64,6.73,6.58,6.64,888624,12390374.00
20131105,6.61,6.70,6.52,6.64,1105816,15289509.00
20131106,6.62,6.68,6.52,6.61,1084565,14928747.00
20131107,6.64,6.92,6.58,6.64,1217052,16955002.00
20131108,6.46,6.68,6.45,6.54,465130,6394226.50
20131111,6.70,6.70,6.44,6.51,542261,7382514.00
20131112,6.59,6.60,6.48,6.51,612553,8339381.00
20131113,6.50,6.59,6.37,6.53,1191188,16178300.00
20131114,6.51,6.57,6.38,6.53,811868,11041749.00
20131115,6.53,6.79,6.53,6.72,2222780,31192360.00
20131118,6.86,6.86,6.65,6.80,2031916,28742618.00
20131119,6.81,7.10,6.77,7.09,3352560,48357640.00
20131120,7.05,7.08,6.88,6.97,1854838,26944868.00
20131121,6.95,6.98,6.74,6.84,1896254,27008046.00
20131122,6.77,6.93,6.77,6.87,1142703,16375582.00
20131125,6.89,7.15,6.77,7.10,3457879,50760080.00
20131126,7.11,7.18,7.02,7.14,1510897,22294044.00
20131127,7.14,7.14,6.98,7.13,1348313,19880940.00
20131128,7.17,7.26,7.08,7.20,1862282,27852444.00
20131129,7.17,7.63,7.17,7.55,4419386,68449880.00
20131202,7.25,7.49,6.89,6.90,3671847,54611464.00
20131203,6.86,7.00,6.62,7.00,2569770,36617892.00
20131204,6.98,7.36,6.95,7.20,2245062,33766100.00
20131205,7.24,7.35,7.11,7.32,1566626,23622160.00
20131206,7.32,7.38,7.24,7.27,1970527,30057244.00
20131209,7.27,7.58,7.27,7.56,2495085,38684620.00
20131210,7.56,7.63,7.37,7.49,1680683,26111274.00
20131211,7.36,7.61,7.32,7.60,1602688,24779868.00
20131212,7.61,7.65,7.51,7.59,1249241,19684606.00
20131213,7.52,7.65,7.37,7.42,1293683,20167704.00
20131216,7.42,7.48,6.94,7.00,2027988,30145586.00
20131217,7.00,7.07,6.73,6.80,1506219,21586178.00
20131218,6.76,6.97,6.76,6.84,773147,11074374.00
20131219,6.85,6.95,6.80,6.83,561079,8022393.50
20131220,6.83,6.89,6.48,6.56,1109950,15368938.00
20131223,6.56,6.65,6.37,6.54,932800,12681200.00
20131224,6.67,6.85,6.50,6.78,1389509,19604876.00
20131225,6.79,6.92,6.75,6.88,782863,11210443.00
20131226,6.92,6.99,6.72,6.75,749826,10724818.00
20131227,6.84,6.98,6.75,6.91,1096020,15781285.00
20131230,6.88,7.06,6.87,7.03,1065923,15574285.00
20131231,6.97,7.05,6.84,7.00,1055947,15258922.00
20140102,6.99,7.00,6.89,6.99,1168196,16951606.00
20140103,6.96,7.02,6.68,6.70,1381419,19665816.00
20140106,6.65,6.65,6.44,6.44,917039,12474265.00
20140107,6.44,6.58,6.41,6.51,511776,6974190.50
20140108,6.47,6.67,6.45,6.55,619374,8522591.00
20140109,6.55,6.63,6.38,6.42,487810,6678709.00
20140110,6.37,6.45,6.33,6.33,482797,6445209.00
20140113,6.29,6.40,6.25,6.35,645500,8540702.00
20140114,6.35,6.58,6.35,6.58,600292,8163017.00
20140115,6.60,6.64,6.51,6.61,492383,6756969.00
20140116,6.63,6.68,6.56,6.58,430468,5942276.00
20140117,6.58,6.64,6.54,6.59,329459,4540982.50
20140120,6.50,6.59,6.44,6.50,527921,7174798.50
20140121,6.44,6.60,6.44,6.58,670330,9188476.00
20140122,6.54,6.74,6.50,6.67,749660,10431702.00
20140123,6.68,6.73,6.59,6.72,1445037,20076718.00
20140124,6.65,6.83,6.65,6.79,1177665,16704880.00
20140127,6.74,6.79,6.56,6.67,936586,13018092.00
20140128,6.66,6.67,6.53,6.61,552299,7628178.50
20140129,6.61,6.66,6.25,6.44,2773547,37348592.00
20140130,6.41,6.44,6.26,6.30,1096942,14480915.00
20140207,6.31,6.49,6.22,6.49,1198952,15918406.00
20140210,6.59,7.09,6.59,6.97,4028881,58082012.00
20140211,6.96,7.08,6.87,7.07,3351535,49005852.00
20140212,7.13,7.27,7.03,7.09,3339620,49463044.00
20140213,7.08,7.45,7.02,7.26,4769094,72360648.00
20140214,7.26,7.34,7.14,7.31,2584766,39049860.00
20140217,7.35,7.38,7.22,7.33,2597065,39358556.00
20140218,7.35,7.63,7.29,7.51,4161808,65058012.00
20140219,7.54,7.58,7.38,7.39,2342642,36315616.00
20140220,7.40,7.49,7.17,7.17,2853304,43149804.00
20140221,7.11,7.33,7.10,7.31,1861132,27925968.00
20140224,7.30,7.47,7.16,7.45,2213442,33696780.00
20140225,7.42,7.59,6.96,6.96,4205420,64530692.00
20140226,7.15,7.68,7.15,7.68,10276441,162951904.00
20140227,7.70,8.30,7.67,8.04,13952719,228803680.00
20140228,7.80,7.90,7.48,7.68,6263936,100087712.00
20140303,7.55,7.93,7.55,7.83,5015212,81218912.00
20140304,7.70,7.77,7.51,7.62,3742892,59086648.00
20140305,7.62,7.74,7.50,7.52,2722461,42996724.00
20140306,7.45,7.51,7.24,7.37,2867856,43862264.00
20140307,7.34,7.48,7.27,7.32,2183259,33537908.00
20140310,7.21,7.24,6.89,6.93,2103707,30853830.00
20140311,6.92,7.03,6.86,7.00,1317647,19127958.00
20140312,7.00,7.05,6.87,7.00,1262747,18353344.00
20140313,7.00,7.17,6.95,7.11,1954502,28824138.00
20140314,7.08,7.17,7.00,7.11,990235,14646948.00
20140317,7.12,7.26,7.09,7.24,1394967,20875406.00
20140318,7.26,7.79,7.26,7.50,4007672,62808340.00
20140319,7.52,7.71,7.39,7.61,2737141,43145868.00
20140320,7.60,7.83,7.53,7.53,3212923,51426804.00
20140321,7.49,7.63,7.20,7.59,2599132,39989876.00
20140324,7.55,7.80,7.51,7.70,2437230,38959576.00
20140325,7.68,7.69,7.43,7.45,2318974,36240564.00
20140326,7.45,7.52,7.30,7.33,1906153,29354798.00
20140327,7.30,7.31,7.14,7.14,1765681,26467232.00
20140328,7.13,7.25,7.12,7.23,1232704,18438672.00
20140331,7.25,7.28,7.06,7.09,892714,13298297.00
20140401,7.10,7.41,7.10,7.40,1148343,17439742.00
20140402,7.36,7.40,7.22,7.27,1082036,16475883.00
20140403,7.28,7.37,7.19,7.25,969744,14681577.00
20140404,7.18,7.28,7.00,7.23,804531,12013134.00
20140408,7.18,7.89,7.11,7.85,4939394,78280936.00
20140409,7.85,7.88,7.67,7.83,3247245,52464544.00
20140410,7.83,7.89,7.76,7.77,2859236,46458504.00
20140411,7.71,8.02,7.71,7.76,2850609,46469168.00
20140414,7.76,8.00,7.61,8.00,2869394,46864428.00
20140415,7.94,8.09,7.81,7.82,3219472,53252932.00
20140416,7.82,7.92,7.72,7.80,1895625,30696456.00
20140417,7.83,8.30,7.83,8.15,4548344,76796264.00
20140418,8.18,8.34,8.03,8.28,2915684,49441412.00
20140821,9.11,9.11,9.11,9.11,43603,798806.94
20140822,10.03,10.03,10.03,10.03,17868,360040.19
20140825,11.04,11.04,11.04,11.04,46240,1025140.81
20140826,12.15,12.15,12.15,12.15,95225,2322537.75
20140827,13.37,13.37,13.37,13.37,162496,4359767.50
20140828,14.71,14.71,14.71,14.71,240994,7111733.00
20140829,16.18,16.18,16.18,16.18,4383981,142304016.00
20140901,17.45,17.81,17.21,17.81,24843699,880074240.00
20140905,19.45,19.59,19.08,19.59,12234972,479227456.00
20140909,19.56,20.19,18.71,19.65,16794603,655372160.00
20140910,19.59,20.66,19.59,20.41,13896222,558923776.00
20140911,20.15,20.35,19.30,19.85,12010502,477353824.00
20140912,19.70,20.55,19.70,19.85,8491120,340765408.00
20140915,19.70,21.43,19.20,20.82,13321814,544071680.00
20140916,20.53,20.70,18.73,18.73,13658224,532690560.00
20140917,18.88,19.48,18.71,19.08,6766124,258854816.00
20140918,18.49,18.74,17.91,18.17,10656336,390976256.00
20140919,17.80,18.60,17.73,18.22,7471444,273176800.00
20140922,18.25,18.64,18.07,18.46,6971786,256526784.00
20140923,18.23,18.81,18.08,18.53,6793625,251756272.00
20140924,18.57,19.81,18.55,19.01,10070810,387279808.00
20140925,19.15,20.40,19.10,19.39,9857124,383723584.00
20140926,19.50,21.34,19.10,21.34,9545189,388745472.00
20140929,21.85,22.11,19.20,19.20,17112246,692987584.00
20140930,19.50,19.75,18.96,19.43,7421126,288701408.00
20141008,19.16,19.74,18.98,19.48,6173234,240345936.00
20141009,19.48,19.60,18.85,19.08,6232143,238829360.00
20141010,18.90,19.12,18.63,19.00,3621142,137105536.00
20141013,18.99,19.34,18.95,19.12,3987309,153466336.00
20141014,19.15,19.65,18.90,19.65,5485165,212269232.00
20141015,19.73,19.88,18.84,18.85,6342741,244622288.00
20141016,18.79,19.06,18.46,18.57,4332865,163178000.00
20141017,18.50,19.04,18.40,18.90,3690581,138602288.00
20141020,18.91,19.77,18.70,19.45,5088879,197851872.00
20141021,19.31,19.40,18.54,18.73,3928529,149324160.00
20141022,18.69,18.88,18.46,18.47,2101700,78611592.00
20141023,18.44,18.70,18.21,18.52,1827277,67468720.00
20141024,18.64,18.90,18.50,18.58,1638246,61444508.00
20141027,18.60,19.04,18.40,18.79,1680351,63391136.00
20141028,18.86,19.14,18.75,19.07,2919770,111132512.00
20141029,19.13,19.69,19.10,19.35,5153683,200659680.00
20141030,19.30,19.59,19.00,19.13,3247361,125388568.00
20141031,19.08,19.20,18.63,18.90,2359607,89205440.00
20141103,18.83,19.58,18.80,19.28,4032283,156205728.00
20141104,19.08,19.48,18.75,18.78,2780484,105740232.00
20141105,18.73,19.24,18.55,18.85,2086779,79093288.00
20141106,18.86,19.34,18.84,19.30,2620362,100759520.00
20141107,19.40,19.70,19.09,19.30,4126830,160662000.00
20141110,19.23,19.36,18.72,19.04,2291157,87467216.00
20141111,19.04,19.24,18.30,18.54,2651887,99450576.00
20141112,18.89,18.89,18.48,18.85,1871398,69977760.00
20141113,18.76,18.85,17.85,17.95,3384048,123346184.00
20141114,17.95,18.10,17.71,18.05,1643583,58985172.00
20141117,18.07,19.05,17.86,18.98,2693766,100229032.00
20141118,18.95,19.04,18.48,18.53,1793553,67226152.00
20141119,18.53,20.30,18.53,19.43,5758271,226237744.00
20141120,19.24,21.38,19.23,21.38,9334258,388980352.00
20141121,20.96,21.24,20.19,20.75,8391817,347887616.00
20141124,20.73,20.94,20.40,20.65,3884707,160768160.00
20141125,20.65,21.14,20.20,20.71,4252101,176450432.00
20141126,20.59,20.75,20.02,20.26,3274491,133377536.00
20141127,20.28,20.58,20.07,20.28,2184102,88976624.00
20141128,20.27,22.20,20.18,21.35,6148350,262035664.00
20141201,21.19,23.43,21.07,21.87,5424025,240375120.00
20141202,21.94,22.55,21.70,22.02,3521721,155534976.00
20141203,22.25,22.35,20.36,21.33,6433195,273628736.00
20141204,21.20,21.56,20.83,21.01,3076611,130580200.00
20141205,20.53,21.05,19.95,20.54,3803920,156963104.00
20141208,19.95,20.46,19.70,20.35,3007640,121527032.00
20141209,20.30,20.30,19.20,19.40,3256084,129441816.00
20141210,19.13,20.45,19.11,19.95,2080152,82478128.00
20141211,19.90,21.33,19.71,21.08,2694198,111695160.00
20141212,20.96,21.45,20.73,21.35,1939944,82024168.00
20141215,20.70,21.49,20.58,21.11,1924624,81409728.00
20141216,21.11,21.90,20.69,21.82,2892038,123742136.00
20141217,21.82,21.82,21.29,21.48,1854856,79696096.00
20141218,21.33,21.73,20.60,20.90,2336958,98833152.00
20141219,21.28,21.68,19.95,20.39,2168141,89500832.00
20141222,19.95,19.97,18.34,18.34,2750080,102632680.00
20141223,17.20,18.09,17.17,17.25,3101213,108992336.00
20141224,17.52,18.44,17.52,18.39,1997030,72096504.00
20141225,18.30,18.53,17.99,18.22,1184635,43231772.00
20141226,17.96,18.44,17.79,17.88,1287763,46499844.00
20141229,17.85,17.85,16.18,16.45,3692890,124566112.00
20141230,16.45,16.84,16.29,16.80,1529072,50738928.00
20141231,16.90,17.24,16.65,17.05,1382915,47058212.00
20150105,18.44,18.44,17.31,17.70,2348723,83966384.00
20150106,17.60,17.60,16.84,17.41,1950691,67395384.00
20150107,17.34,17.67,17.15,17.45,927938,32448440.00
20150108,17.45,17.85,17.24,17.78,1438848,50874960.00
20150109,17.93,18.25,17.47,17.50,1489902,53727632.00
20150112,17.60,17.94,17.24,17.70,1192669,42417904.00
20150113,17.74,18.38,17.56,18.30,1456126,52728616.00
20150114,18.35,18.87,18.08,18.73,1645215,61419960.00
20150115,18.76,18.89,18.46,18.70,926368,34552160.00
20150116,18.76,19.28,18.57,19.28,1604533,61446124.00
20150119,18.90,20.00,18.72,19.50,2429319,95503000.00
20150120,19.90,20.37,19.35,20.25,1823724,72581192.00
20150121,20.25,20.25,19.73,19.88,1842892,73602344.00
20150122,19.95,20.05,19.71,19.85,1890479,75198464.00
20150123,19.93,19.93,18.78,18.94,3125746,120242880.00
20150126,19.01,19.32,18.93,19.18,1757562,67382144.00
20150127,19.19,19.30,18.80,19.10,1467489,56140680.00
20150128,19.28,19.85,19.27,19.63,2399791,93990128.00
20150129,19.60,20.03,19.35,19.63,1493134,59397084.00
20150130,19.61,19.85,19.28,19.39,1184037,46259764.00
20150202,19.75,19.78,19.35,19.55,1343236,52669144.00
20150203,19.56,20.99,19.42,20.64,3126488,128614320.00
20150204,20.53,20.85,20.30,20.30,1466083,60278372.00
20150205,20.44,20.59,19.70,19.75,1670255,67203992.00
20150206,19.95,19.95,19.10,19.25,1605931,62237164.00
20150209,19.23,19.43,19.05,19.24,784238,30257844.00
20150210,19.30,19.45,18.92,19.15,1173664,45117684.00
20150211,19.30,19.39,18.90,19.23,1212414,46540752.00
20150212,19.13,19.89,19.00,19.52,1278547,50210704.00
20150213,19.70,19.84,19.38,19.59,1506107,59297532.00
20150216,19.64,20.11,19.55,20.00,1634196,65308080.00
20150217,20.11,20.75,19.95,20.75,2313660,94845296.00
20150225,20.75,22.39,20.55,22.17,3825892,166074704.00
20150226,21.96,22.28,21.27,21.50,2109609,91516640.00
20150227,21.55,22.50,21.33,22.05,2176583,96272272.00
20150302,21.84,22.40,21.68,22.07,2228926,98630264.00
20150303,21.90,22.34,21.35,21.42,2917116,127353184.00
20150304,21.45,23.57,20.96,23.57,5349259,245488048.00
20150305,23.89,24.78,23.47,23.55,4996321,239765968.00
20150306,23.30,24.86,23.20,24.44,3414349,166377952.00
20150309,24.08,24.84,23.37,23.95,3244367,155836432.00
20150310,24.20,24.75,23.95,24.40,2452296,120079920.00
20150311,24.35,24.70,23.20,23.45,2882534,137800080.00
20150312,23.54,23.84,22.45,23.12,2079340,96257176.00
20150313,23.45,23.75,22.86,23.14,2406066,112488752.00
20150316,22.90,23.75,22.75,23.60,2699127,126914800.00
20150317,23.95,24.13,23.15,23.42,2382518,112885112.00
20150318,23.49,23.78,23.25,23.50,1971137,92817520.00
20150319,23.56,25.85,23.51,25.85,3726925,183057280.00
20150320,25.65,28.25,25.29,27.08,4987455,270264928.00
20150323,27.62,28.95,27.09,28.45,3122118,175134160.00
20150324,28.45,28.60,26.65,28.00,3261546,180336976.00
20150325,27.93,27.93,26.79,27.55,2001960,110012928.00
20150326,27.63,30.31,26.96,29.65,4547776,268689088.00
20150327,29.01,30.20,29.01,29.66,2074819,123251336.00
20150330,30.00,30.25,28.35,28.85,2293614,133729576.00
20150331,28.95,29.40,28.55,28.84,2176885,126545576.00
20150401,28.95,30.45,28.95,30.13,2156853,129591448.00
20150402,29.95,31.59,29.45,30.13,2654582,161432528.00
20150403,29.71,30.36,29.55,30.10,1871972,112405136.00
20150407,30.10,30.70,30.10,30.30,1745969,106121672.00
20150408,30.46,30.70,29.20,29.70,1885170,113109768.00
20150409,29.45,29.70,28.09,29.11,1703374,98148736.00
20150410,29.55,32.02,28.96,32.02,3034026,187962272.00
20150413,32.40,34.59,31.77,33.94,3246870,215697072.00
20150414,33.90,36.29,32.49,35.29,2312458,160593040.00
20150415,34.91,38.78,34.60,37.05,3520127,258863904.00
20150416,37.02,38.68,36.45,37.25,2170877,163776800.00
20150417,37.05,38.25,35.96,36.38,1791347,131639896.00
20150420,36.95,38.20,35.25,36.70,2024162,149221168.00
20150421,36.70,37.89,36.10,37.75,1745836,129562192.00
20150422,37.77,40.78,37.75,39.93,2079738,165167280.00
20150423,39.87,43.93,39.46,43.93,2280896,193364976.00
20150424,41.23,43.85,41.23,42.84,2763084,235240864.00
20150427,43.45,44.20,41.96,42.51,1850201,159385696.00
20150428,42.51,42.51,39.00,39.20,2533292,204668880.00
20150429,39.19,40.73,35.95,40.20,2022906,156821632.00
20150430,39.54,40.75,39.45,39.95,1270934,102043184.00
20150504,40.45,40.45,39.45,39.94,1008165,80722960.00
20150505,42.95,42.95,40.06,40.45,1800646,149307888.00
20150506,40.95,42.25,40.45,40.77,1560959,129009112.00
20150507,40.85,41.25,38.96,39.26,1178656,93844536.00
20150508,39.95,40.25,39.27,40.00,1244913,99340728.00
20150511,40.35,41.57,39.55,41.13,2122987,172030416.00
20150512,41.45,41.70,39.85,40.16,2442563,198222752.00
20150513,40.21,42.95,39.38,41.76,2823678,232907264.00
20150514,41.51,45.45,41.45,45.35,2874327,255066256.00
20150515,45.37,45.47,42.45,43.17,2860893,248181040.00
20150518,42.20,42.95,41.52,41.67,2540236,213538384.00
20150519,41.88,42.09,39.46,40.64,3721344,300833152.00
20150520,40.94,42.93,40.94,41.59,2021152,169610768.00
20150521,41.64,43.17,41.44,43.15,2430345,205332544.00
20150522,44.20,44.45,41.25,41.99,2805972,238726288.00
20150525,41.50,42.95,40.45,41.65,2694313,224904336.00
20150526,42.09,44.34,41.48,44.13,4257707,367884448.00
20150527,43.95,48.55,43.39,48.55,4825134,448720000.00
20150528,49.04,53.41,49.03,49.45,5115461,520593760.00
20150529,50.46,52.06,45.70,50.71,3576771,355917728.00
20150601,51.95,55.70,50.96,55.67,3125188,337425664.00
20150602,57.75,59.89,57.45,59.02,2968744,348332736.00
20150603,57.60,58.45,55.73,55.83,3157414,357390688.00
20150604,56.70,58.94,50.51,58.54,3294267,375547840.00
20150605,58.54,61.95,58.54,61.95,2759779,333370528.00
20150608,60.45,61.45,57.95,60.10,2500904,299966272.00
20150609,58.70,61.40,57.00,58.04,1902496,224652016.00
20150610,58.40,59.77,56.80,58.24,1701146,199843712.00
20150611,58.45,64.07,58.04,64.07,2241960,271816064.00
20150612,65.45,70.45,65.39,69.89,2346541,321643264.00
20150615,69.89,71.85,67.45,68.45,2056944,287115168.00
20150616,66.90,69.25,65.34,66.35,1677891,224607760.00
20150617,66.64,66.64,63.20,65.96,1637456,212874992.00
20150701,59.36,59.36,59.36,59.36,193800,23025378.00
20150702,53.42,53.42,53.42,53.42,23400,2502162.00
20150703,48.07,48.07,48.07,48.07,184100,17717784.00
20150706,43.26,46.95,43.26,43.26,4820809,421996224.00
20150707,38.93,38.93,38.93,38.93,31200,2432352.00
20150713,40.95,42.83,39.73,42.83,16264711,688796800.00
20150714,44.95,47.05,42.76,44.45,16913398,763211968.00
20150715,42.45,42.45,40.00,40.00,4093456,167453792.00
20150716,36.00,39.53,36.00,36.00,20198728,739648256.00
20150717,36.30,39.35,34.87,37.97,17134653,638003136.00
20150720,37.95,40.05,37.36,39.00,12952666,502035936.00
20150721,38.94,42.91,37.96,42.68,16240324,674052608.00
20150722,42.85,43.53,39.95,41.67,15164585,636903360.00
20150723,40.77,44.94,40.77,43.70,12200998,527812384.00
20150724,43.76,44.41,41.95,42.35,12323311,535599328.00
20150727,40.73,41.95,38.11,38.11,10055202,403833120.00
20150728,34.30,36.91,34.29,34.29,14216625,492936032.00
20150729,35.05,35.55,30.96,33.90,15505991,508368576.00
20150730,33.93,35.08,31.70,32.40,10442992,355905632.00
20150731,32.15,32.23,30.12,31.35,8367764,262639168.00
20150803,31.66,33.63,30.95,32.29,9023347,291780992.00
20150804,32.25,35.52,32.16,35.35,10758037,367996736.00
20150805,35.30,38.89,34.75,38.89,13725173,508237312.00
20150806,39.78,39.78,35.75,35.79,18249895,691113664.00
20150807,36.05,37.37,36.05,36.92,9999201,368146496.00
20150810,37.05,39.40,37.05,38.60,10652359,406561792.00
20150811,38.45,38.93,37.45,37.81,9411484,357745920.00
20150812,37.44,38.45,36.26,36.51,7442114,279487712.00
20150813,35.96,37.13,35.50,36.93,6555159,239184048.00
20150814,37.24,38.44,36.83,37.64,8203883,308229824.00
20150817,37.05,39.25,36.15,39.25,11228757,423171232.00
20150818,39.42,42.95,38.45,38.79,22510040,909755200.00
20150819,36.96,38.75,34.93,38.25,13912571,517929824.00
20150820,37.55,40.10,37.15,38.30,11272542,437537344.00
20150821,37.30,37.78,34.85,34.95,8947758,326772576.00
20150824,31.46,32.35,31.45,31.45,3041200,96044720.00
20150825,28.30,28.30,28.30,28.30,1500600,42542008.00
20150826,25.47,27.15,25.47,25.47,18868912,490481376.00
20150827,25.45,26.44,22.92,23.93,15245201,371131936.00
20150828,24.55,26.09,23.46,26.05,13762196,338922912.00
20150831,25.45,25.45,23.44,23.44,9985625,244381520.00
20150901,22.25,22.26,21.09,21.09,9452698,202055040.00
20150902,19.25,21.27,18.98,18.98,15004610,293817600.00
20150907,19.47,20.88,19.10,20.01,13083579,263836304.00
20150908,19.78,22.02,19.78,22.02,17407977,375602688.00
20150909,23.23,24.23,22.95,24.23,22534649,539624640.00
20150910,23.95,25.30,23.65,23.90,17470494,429322944.00
20150911,23.51,24.49,23.51,24.24,10405002,251489584.00
20150914,24.44,24.83,21.81,21.81,15343697,355397664.00
20150915,20.48,21.62,19.70,19.95,10216171,211159184.00
20150916,20.48,21.95,20.17,21.95,11164034,236877008.00
20150917,22.40,24.06,22.11,22.16,13933100,323651040.00
20150918,22.74,23.50,22.26,23.23,9138626,210392848.00
20150921,22.25,25.56,22.15,25.56,15027151,365511744.00
20150922,26.15,26.58,24.66,25.56,15916159,411326496.00
20150923,24.95,26.84,24.95,26.14,13763027,359051520.00
20150924,26.21,26.58,25.86,26.41,9747091,255999456.00
20150925,26.51,27.21,23.77,24.45,13668069,350564832.00
20150928,24.50,26.43,23.95,26.05,11413608,289879072.00
20150929,25.25,27.11,25.05,26.86,12912809,340005152.00
20150930,27.14,27.26,25.93,26.27,8590220,227407984.00
20151008,27.25,27.79,26.77,27.18,11348043,310595008.00
20151009,27.18,27.63,26.51,27.53,10076130,273546208.00
20151012,27.92,29.90,27.60,29.39,10786649,312118816.00
20151013,28.86,30.70,28.81,29.95,10192756,303026208.00
20151014,29.85,30.38,28.59,28.75,9546274,278910048.00
20151015,28.48,29.88,28.48,29.86,7856977,230965552.00
20151016,29.86,30.35,28.96,29.55,9470730,281096416.00
20151019,29.45,29.67,28.48,28.89,9819679,285087712.00
20151020,28.92,31.78,28.91,31.78,13792746,412212608.00
20151021,31.78,32.23,28.60,28.60,18038511,553029888.00
20151022,28.63,30.30,28.63,29.82,11470077,339121056.00
20151023,30.28,32.81,30.28,32.81,20264523,655937792.00
20151026,32.84,32.93,31.01,31.85,18846665,601241344.00
20151027,31.45,31.87,29.55,31.52,11068382,341788192.00
20151028,31.02,31.45,29.63,29.89,8858740,271411072.00
20151029,30.25,30.44,29.18,29.78,6442341,193180368.00
20151030,29.95,30.85,29.66,29.94,6958167,210617424.00
20151102,28.95,29.68,28.02,28.24,8904526,257746816.00
20151103,28.45,28.73,27.05,27.37,7523264,209483216.00
20151104,27.54,28.93,27.53,28.91,8903867,252389952.00
20151105,29.15,29.25,28.25,29.25,10379394,299039072.00
20151106,29.19,30.95,28.55,30.75,11189753,339720384.00
20151109,30.35,31.69,29.91,31.25,11407508,352414592.00
20151110,30.95,33.45,30.75,32.96,15781038,505882368.00
20151111,32.83,33.42,31.77,32.96,11918657,389777120.00
20151112,32.76,33.19,32.08,32.32,9044881,293881120.00
20151113,32.06,34.84,31.47,33.26,14910354,500971840.00
20151116,32.15,34.12,31.89,33.80,8753762,291141216.00
20151117,34.20,34.40,32.76,32.83,9303464,313239616.00
20151118,32.75,33.59,32.30,32.35,6479881,213827056.00
20151119,32.45,32.95,31.75,32.45,7001627,226045040.00
20151120,32.35,34.12,32.25,33.32,9093926,304187456.00
20151123,32.85,34.95,32.75,34.18,10884784,372322016.00
20151124,33.97,34.49,32.94,34.18,7416116,249196880.00
20151125,34.00,35.45,33.83,35.05,10117764,354702944.00
20151126,35.33,38.56,35.08,38.56,13163951,491403680.00
20151127,38.65,40.52,34.95,36.25,22271362,864120512.00
20151130,36.53,39.88,36.50,39.88,19804413,762644544.00
20151201,40.83,42.44,39.36,39.53,24452665,1003060544.00
20151202,38.95,39.53,35.65,37.04,14518574,543555072.00
20151203,37.22,38.70,37.15,38.56,9350395,354848864.00
20151204,38.25,38.67,36.96,37.56,9509962,359659360.00
20151207,37.45,37.45,36.06,37.04,7499928,276560672.00
20151208,36.95,38.21,36.56,36.64,7708359,287650048.00
20151209,36.45,36.50,35.00,35.14,8691255,309704896.00
20151210,34.95,36.05,34.67,34.95,5908903,209669408.00
20151211,35.09,36.03,34.96,35.61,5901673,210321552.00
20151214,35.11,35.83,34.84,35.75,5060053,178701776.00
20151215,35.76,37.54,35.65,36.92,7136172,263690832.00
20151216,36.85,37.56,36.61,36.99,5590990,206888608.00
20151217,37.01,38.00,37.01,37.50,7606870,286634272.00
20151218,37.53,37.89,35.97,36.48,7381546,271335200.00
20151221,36.48,37.28,36.05,36.59,5767617,211077376.00
20151222,36.35,37.45,36.25,37.39,6408136,236547296.00
20151223,37.45,37.73,36.15,36.24,6500653,238852944.00
20151224,36.22,36.42,34.08,35.34,6477585,228747664.00
20151225,35.02,35.81,34.96,35.35,3738253,132286680.00
20151228,35.47,35.83,34.55,34.56,5166525,181921552.00
20151229,34.56,34.90,33.86,34.34,4118437,140974896.00
20151230,34.35,35.74,34.35,35.15,4463325,157405328.00
20151231,34.97,35.64,34.57,34.72,3073077,107778280.00
20160104,34.75,34.75,31.24,31.24,5874393,190069376.00
20160105,29.17,30.93,28.18,29.37,7340423,217411440.00
20160106,29.42,30.24,28.95,30.06,4778194,142463792.00
20160107,29.00,29.42,27.05,27.05,1525200,43096208.00
20160108,27.39,27.82,24.35,26.28,6778681,179830976.00
20160111,25.45,25.45,23.65,23.65,7232463,177108048.00
20160112,23.53,24.04,22.56,23.63,6269543,147110720.00
20160113,23.84,24.03,21.99,22.12,4457800,104200000.00
20160114,21.02,23.87,20.83,23.49,6176455,138284304.00
20160115,23.25,23.47,21.95,22.15,4958084,112849456.00
20160118,21.55,23.35,21.25,22.76,5791102,130976528.00
20160119,22.85,24.20,22.75,23.92,5956355,140527584.00
20160120,23.56,24.70,23.56,23.88,5857540,141650832.00
20160121,23.45,24.55,23.17,23.26,4919418,117502544.00
20160122,23.38,24.23,22.77,23.58,3522998,82647800.00
20160125,24.03,24.13,23.20,23.53,3279530,78020320.00
20160126,23.02,23.45,21.53,21.65,4143409,94442736.00
20160127,21.75,23.82,21.35,23.82,16629707,388471680.00
20160128,23.83,24.25,22.15,22.35,13937362,328061888.00
20160129,21.55,23.52,21.55,23.18,8810146,200546560.00
20160201,22.95,23.17,21.76,22.30,6249369,140196144.00
20160202,22.75,23.45,22.55,23.15,5779842,133748952.00
20160203,22.75,23.25,22.30,23.12,4444643,101341976.00
20160204,24.61,25.44,24.47,25.44,3416064,86358920.00
20160205,27.72,27.99,26.06,26.26,13563749,367191552.00
20160215,25.50,25.78,24.43,25.45,7126028,180112160.00
20160216,25.40,27.44,25.40,27.20,7979512,212605696.00
20160217,27.15,27.15,26.28,26.98,7412511,198818624.00
20160218,27.00,28.05,26.68,26.74,7777645,213282592.00
20160219,26.85,27.10,26.10,26.66,4344487,115544976.00
20160222,26.95,27.42,26.78,26.94,4733711,127966216.00
20160223,27.00,27.69,26.75,27.25,5778863,157272336.00
20160224,26.91,27.25,25.95,27.03,5101842,136637952.00
20160225,26.78,27.03,24.32,24.32,7021905,178276320.00
20160226,24.33,24.80,23.45,23.75,4891071,117370304.00
20160229,23.86,23.94,22.00,22.91,5740241,132039736.00
20160301,22.85,23.80,22.75,23.59,4112308,96283600.00
20160302,23.75,24.78,23.73,24.78,4653158,113715120.00
20160303,24.45,25.45,24.40,24.95,4212537,105236168.00
20160304,24.75,24.95,23.47,24.28,3971578,96641336.00
20160307,24.18,25.11,24.18,24.54,2980383,73872952.00
20160308,24.46,25.74,23.60,25.54,5873458,146386224.00
20160309,24.95,25.74,24.78,25.33,4139269,105064952.00
20160310,25.36,25.75,24.25,24.33,2967334,73652904.00
20160311,23.95,24.53,23.95,24.45,1802077,43868036.00
20160314,24.73,25.73,24.73,25.22,3342247,84920584.00
20160315,25.15,25.74,24.98,25.39,3501430,89315304.00
20160316,25.60,25.89,25.12,25.13,2928413,74748544.00
20160317,25.11,25.93,24.95,25.78,4545452,116572792.00
20160318,25.77,26.89,25.77,26.55,5311986,140591488.00
20160321,26.77,27.10,26.55,26.96,5429314,145872304.00
20160322,26.94,27.22,26.62,26.76,4007468,108038280.00
20160323,26.67,27.05,26.57,26.93,3253746,87390688.00
20160324,26.74,26.93,26.11,26.12,4327537,114740728.00
20160325,26.01,26.35,25.65,26.11,2651690,69022456.00
20160328,26.12,27.19,26.12,26.46,4464564,119706144.00
20160329,26.46,26.59,25.70,25.93,2860705,74849984.00
20160330,26.06,26.99,26.06,26.85,3474488,92288144.00
20160331,27.03,27.89,26.65,27.60,6936697,189841408.00
20160401,27.30,28.55,26.95,27.96,6900971,191302192.00
20160405,28.02,29.84,28.02,28.92,8625457,251448704.00
20160406,28.52,29.14,28.38,28.70,5027071,144424992.00
20160407,28.70,28.75,27.55,27.59,4804271,135152832.00
20160408,27.55,27.58,26.77,27.15,3502919,94827296.00
20160411,27.45,28.22,27.35,28.00,3389406,94486736.00
20160412,28.05,28.30,27.20,27.50,3610790,99885304.00
20160413,27.78,28.19,27.55,27.76,3918283,109848992.00
20160414,27.85,28.13,27.74,28.10,3014341,84325624.00
20160415,28.20,28.20,27.78,27.97,2668446,74690160.00
20160418,28.20,28.20,27.50,27.70,2454871,68279616.00
20160419,27.75,28.13,27.50,27.72,2322037,64481640.00
20160420,27.83,27.95,25.19,25.71,5208118,137253904.00
20160421,25.72,26.23,25.38,25.60,2419187,62589428.00
20160422,25.51,26.10,25.25,26.09,1646601,42533844.00
20160425,26.09,27.32,25.75,26.93,3796883,101704520.00
20160426,27.06,27.27,26.53,26.90,2438253,65862840.00
20160427,26.95,27.15,26.48,26.50,1602453,42996992.00
20160428,26.83,27.20,26.16,26.83,2148426,57587928.00
20160429,26.78,27.15,26.55,26.90,2162217,58417800.00
20160503,27.13,27.56,26.38,27.50,3118270,85053096.00
20160504,27.34,28.07,27.25,27.71,4311878,120208768.00
20160505,27.73,27.83,27.35,27.73,2600372,71810248.00
20160506,27.58,27.83,26.45,26.55,3776337,102170928.00
20160509,26.39,26.39,24.87,24.98,3980252,101453352.00
20160510,24.95,25.25,24.79,24.92,1817090,45465680.00
20160511,24.96,25.33,24.68,24.81,1887776,47331840.00
20160512,24.64,24.64,23.96,24.36,2138701,51933052.00
20160513,24.36,24.78,24.03,24.33,1343266,32881270.00
20160516,24.31,24.85,24.03,24.76,1962374,48394900.00
20160517,24.68,25.03,24.23,24.76,2089349,51503324.00
20160518,24.55,24.57,23.75,23.86,1845284,44480108.00
20160519,23.75,24.36,23.75,24.04,1892230,45866420.00
20160520,23.95,24.25,23.80,24.15,997125,24075970.00
20160523,24.48,24.64,24.45,24.52,1370944,33722856.00
20160524,24.51,24.54,24.14,24.22,1176802,28582260.00
20160525,24.50,24.51,23.98,24.35,1505709,36651392.00
20160526,24.30,24.34,23.76,24.27,1495501,36040716.00
20160527,24.16,24.33,23.99,24.14,1288240,31260240.00
20160530,24.05,24.33,24.00,24.19,1210316,29375682.00
20160531,24.25,25.33,24.25,25.25,2487853,62290076.00
20160601,25.28,25.38,25.07,25.08,2416905,61005820.00
20160602,25.08,25.34,24.95,25.14,1783244,44975016.00
20160603,25.20,25.76,25.03,25.54,2451923,62247984.00
20160606,25.46,25.54,25.02,25.11,1954668,49471672.00
20160607,25.35,26.63,25.35,26.33,5527789,144265664.00
20160608,26.32,26.32,25.60,25.83,3122473,80918496.00
20160613,25.83,25.94,25.03,25.13,3196859,81857528.00
20160614,25.16,25.59,24.98,25.35,2177210,55199612.00
20160615,25.40,26.17,25.30,26.08,2930068,76014240.00
20160616,25.95,26.14,25.44,25.58,2465164,63480080.00
20160617,25.65,27.44,25.58,26.98,5119083,135895712.00
20160620,26.88,27.82,26.25,27.81,5480703,148643072.00
20160621,28.00,28.00,26.62,27.10,3687100,100630096.00
20160622,26.94,27.90,26.72,27.74,4368001,119869952.00
20160623,27.56,27.71,27.00,27.50,2633078,72080016.00
20160624,27.29,27.53,25.95,26.50,3440270,92221736.00
20160627,26.26,27.14,26.21,27.04,2436446,65716136.00
20160628,26.95,27.58,26.70,27.50,3066632,84014968.00
20160629,27.56,27.83,27.21,27.36,2375299,65051756.00
20160630,27.37,27.54,27.20,27.25,2233693,61056416.00
20160701,27.30,28.00,27.16,27.49,3380340,93476912.00
20160704,27.50,28.25,27.30,28.03,3972152,110978024.00
20160705,28.05,28.22,27.82,27.96,3135201,87831608.00
20160706,27.83,28.90,27.75,28.75,4339453,123892672.00
20160707,28.70,29.46,28.56,29.27,4718452,136891856.00
20160708,29.20,29.22,28.80,28.88,2337284,67697584.00
20160711,28.98,29.20,28.50,28.51,2090659,60226508.00
20160712,28.45,29.50,28.38,29.18,3587455,104409520.00
20160713,29.18,30.35,29.18,29.95,5813491,173354448.00
20160714,29.95,29.95,29.20,29.43,3026740,89267824.00
20160715,29.33,30.15,29.09,30.07,3440770,102380136.00
20160718,30.00,31.31,29.72,30.34,4557099,140244176.00
20160719,30.36,30.78,29.90,30.29,2570216,77452136.00
20160720,30.30,30.47,29.65,29.66,2988947,89318240.00
20160721,29.65,30.20,29.61,29.66,2205762,65813504.00
20160722,29.60,29.60,28.81,29.25,3520886,102563000.00
20160725,29.11,29.56,28.91,29.10,2006948,58619044.00
20160726,29.18,29.56,29.15,29.56,1742778,51251796.00
20160727,29.85,29.94,28.00,28.20,4390891,127643312.00
20160728,28.22,28.42,27.50,27.91,2349900,65873364.00
20160729,28.00,28.20,27.45,27.53,1648831,45816260.00
20160801,27.59,27.92,27.00,27.55,1591680,43438448.00
20160802,27.50,28.18,27.39,27.89,1499186,41757696.00
20160803,28.12,28.12,27.70,27.88,1165345,32520634.00
20160804,27.81,27.93,27.35,27.57,2216995,61092368.00
20160805,27.51,27.68,26.79,26.88,3968056,107890400.00
20160808,26.87,27.04,25.97,27.04,3668681,96888480.00
20160809,26.86,27.35,26.86,27.25,2566792,69747120.00
20160810,27.20,27.75,27.20,27.48,2352145,64790316.00
20160811,27.44,27.44,26.64,26.79,1900799,51220260.00
20160812,26.99,27.07,26.48,26.92,1603596,42962732.00
20160815,26.80,28.06,26.74,28.00,3968099,109272576.00
20160816,28.01,28.08,27.66,27.71,2921265,81085648.00
20160817,27.80,28.15,27.67,27.79,2051596,57117820.00
20160818,27.72,28.16,27.72,27.83,1816089,50651100.00
20160819,27.85,28.58,27.48,28.36,2991482,83498472.00
20160822,28.46,28.64,27.60,27.65,2628045,73701584.00
20160823,27.65,27.94,27.50,27.65,2093176,57985744.00
20160824,27.62,27.87,27.01,27.09,4000358,109230720.00
20160825,26.98,26.98,26.40,26.77,2676801,71468168.00
20160826,27.00,27.10,26.56,26.64,2898300,77977704.00
20160829,26.64,27.27,26.64,26.72,2978083,80113416.00
20160830,26.78,27.03,26.78,26.94,1604303,43154996.00
20160831,26.94,27.06,26.58,26.81,1484461,39773368.00
20160901,26.85,26.98,26.10,26.10,3937505,104118992.00
20160902,25.75,25.87,24.98,25.15,5758456,145587504.00
20160905,25.15,25.32,24.78,24.88,4443888,111386744.00
20160906,24.98,25.64,24.81,25.59,4169609,105323336.00
20160907,25.60,25.97,25.50,25.97,4508274,116250784.00
20160908,25.90,25.97,25.56,25.75,1869911,48081520.00
20160909,25.75,26.10,25.58,26.04,3004175,77837632.00
20160912,25.80,26.30,25.38,26.22,4300185,111735720.00
20160913,26.23,26.27,25.72,26.10,2446847,63469380.00
20160914,25.87,26.30,25.86,26.28,2632931,68785608.00
20160919,26.23,26.27,25.90,26.20,2775056,72466584.00
20160920,26.16,26.16,25.10,25.21,4291187,109453256.00
20160921,25.25,25.70,25.25,25.53,3130007,79888016.00
20160922,25.50,25.78,25.20,25.50,2694601,68539168.00
20160923,25.49,25.55,25.16,25.48,2568701,65064384.00
20160926,25.39,26.34,25.26,25.75,4998898,129353576.00
20160927,25.70,25.97,25.50,25.77,2407486,61806484.00
20160928,25.83,25.84,25.46,25.78,1780682,45604828.00
20160929,25.78,25.78,25.26,25.41,2454252,62513796.00
20160930,25.36,25.37,24.88,25.33,4507206,113421488.00
20161010,25.33,25.68,25.30,25.58,3853283,98130656.00
20161011,25.59,26.98,25.56,26.58,7857144,207447840.00
20161012,26.56,26.56,26.17,26.33,3241908,85215416.00
20161013,26.30,26.78,26.26,26.30,2303275,60938244.00
20161014,26.25,26.38,25.77,26.01,2511159,65402812.00
20161017,26.01,26.35,25.35,25.49,3775984,97720104.00
20161018,25.59,25.95,25.41,25.91,2369133,60804784.00
20161019,25.86,25.88,25.43,25.71,3680975,94346400.00
20161020,25.66,25.78,25.48,25.60,2761537,70656640.00
20161021,25.65,25.80,25.41,25.52,2632251,67365728.00
20161024,25.56,25.92,25.51,25.82,3240875,83467816.00
20161025,25.86,25.96,25.63,25.80,2816107,72677640.00
20161026,25.89,25.89,25.55,25.66,2503762,64375068.00
20161027,25.67,25.74,25.48,25.62,1695981,43350512.00
20161028,25.55,25.64,25.13,25.30,3212921,81400888.00
20161031,25.18,25.38,25.17,25.25,1675528,42323968.00
20161101,25.30,25.63,25.25,25.57,2541407,64812820.00
20161102,25.58,25.65,25.37,25.47,2081818,53179336.00
20161103,25.42,25.68,25.26,25.51,2404617,61228540.00
20161104,25.59,25.80,25.53,25.69,2930839,75246616.00
20161107,25.64,26.62,25.64,26.26,7193164,189506592.00
20161108,26.15,26.52,26.00,26.40,2973046,78377320.00
20161109,26.30,27.25,26.30,26.85,7118318,191776992.00
20161110,27.18,27.59,26.99,27.34,4745291,129340504.00
20161111,27.14,27.34,26.90,27.30,3128468,84702960.00
20161114,27.26,27.34,26.81,26.95,2764335,74733496.00
20161115,26.84,27.20,26.76,26.93,1723475,46507348.00
20161116,26.90,27.01,26.80,26.85,1602096,43062360.00
20161117,26.84,26.84,26.30,26.55,2302594,60965616.00
20161118,26.49,26.66,26.33,26.50,1906920,50483800.00
20161121,26.52,26.82,26.29,26.72,1947024,51790708.00
20161122,26.70,26.97,26.66,26.90,1998204,53630824.00
20161123,26.90,26.95,26.48,26.53,2682140,71544432.00
20161124,26.41,26.54,25.34,25.56,5638265,145895232.00
20161125,25.61,25.73,25.01,25.71,2598992,66111296.00
20161128,25.72,25.97,25.46,25.53,2716735,69584168.00
20161129,25.65,25.77,25.28,25.39,2639114,67244936.00
20161130,25.39,25.80,25.28,25.45,2978456,76107576.00
20161201,25.45,26.10,25.36,26.03,3754907,96559208.00
20161202,25.99,25.99,25.52,25.58,2261718,58022368.00
20161205,25.41,25.68,25.32,25.60,1986792,50728744.00
20161206,25.59,25.70,25.49,25.60,1231187,31525702.00
20161207,25.66,25.66,25.26,25.59,1293589,32892378.00
20161208,25.66,25.66,25.47,25.52,1190407,30408180.00
20161209,25.58,25.76,25.35,25.48,1254271,32072584.00
20161212,25.50,25.68,24.94,25.30,3507224,88961280.00
20161213,25.07,25.26,23.98,24.12,5807775,142163008.00
20161214,24.07,24.07,23.38,23.47,2935666,69353680.00
20161215,23.40,24.00,23.30,23.75,1873032,44375540.00
20161216,23.59,23.86,23.40,23.67,2133121,50347112.00
20161219,23.62,23.77,23.38,23.52,1630152,38301844.00
20161220,23.56,23.59,23.32,23.48,1489402,34913700.00
20161221,23.50,23.94,23.50,23.80,1768804,42079376.00
20161222,23.80,23.89,23.42,23.50,1210269,28493730.00
20161223,23.47,23.58,22.20,22.33,5465022,124144592.00
20161226,22.33,23.04,21.76,22.80,2381800,53670760.00
20161227,22.84,24.30,22.84,24.03,4906872,116224488.00
20161228,23.98,24.30,23.40,24.18,3441605,82088456.00
20161229,24.08,24.23,23.80,24.20,2032861,49000520.00
20161230,24.16,24.30,23.81,24.27,2141813,51787596.00
20170103,24.09,24.46,23.97,24.28,2047104,49542056.00
20170104,24.42,24.42,24.02,24.25,1264600,30597644.00
20170105,24.27,25.08,24.17,24.74,1890276,46872520.00
20170106,24.49,24.73,24.01,24.09,1369903,33148190.00
20170109,24.23,24.45,23.90,24.31,1910530,46150196.00
20170110,24.30,24.37,24.20,24.31,883221,21447248.00
20170111,24.16,24.27,23.43,23.89,1826911,43561524.00
20170112,23.84,23.84,23.20,23.59,1763418,41377568.00
20170113,23.54,23.55,23.10,23.15,1150512,26836290.00
20170116,23.01,23.01,20.84,21.85,3781588,83455736.00
20170117,21.90,22.08,21.29,22.05,2759280,59874272.00
20170118,22.05,22.25,21.65,22.08,1070380,23638496.00
20170119,21.99,21.99,21.40,21.59,2013800,43480792.00
20170120,21.79,22.50,21.60,22.48,2296758,50984696.00
20170123,22.25,22.82,22.00,22.05,1897145,42283284.00
20170124,22.18,22.27,21.75,21.95,998876,21983722.00
20170125,21.95,22.28,21.79,22.15,1636284,36132312.00
20170126,22.22,22.37,22.11,22.24,737724,16414441.00
20170203,22.00,22.20,21.46,21.82,1624187,35384128.00
20170206,21.81,21.95,21.66,21.87,1989524,43388060.00
20170207,21.79,21.98,21.71,21.95,1895454,41439572.00
20170208,21.95,22.13,21.74,22.08,1728641,37930132.00
20170209,22.00,22.46,22.00,22.31,2199677,49002644.00
20170210,22.44,22.44,21.95,22.08,2301528,50855128.00
20170213,22.10,22.14,21.80,22.09,2616019,57430596.00
20170214,22.09,22.41,22.09,22.17,2370834,52816928.00
20170215,22.05,22.33,22.05,22.22,2111979,46856524.00
20170216,22.22,22.34,21.91,21.94,2095663,46094796.00
20170217,21.94,22.09,21.80,21.95,1922146,42235672.00
20170220,21.96,22.09,21.43,21.60,3242230,70014968.00
20170221,21.60,21.98,21.51,21.92,2375826,51752648.00
20170222,21.92,24.11,21.92,24.11,11198626,264868032.00
20170223,23.80,24.00,23.03,23.60,8641400,203480896.00
20170224,23.60,23.83,23.04,23.28,5196363,121001904.00
20170227,23.48,24.31,23.37,23.54,6104420,145646000.00
20170228,23.67,23.94,23.50,23.91,3404425,80790032.00
20170301,23.79,24.10,23.62,23.65,3185011,76058560.00
20170302,23.71,23.79,23.43,23.64,1827795,43133576.00
20170303,23.49,23.90,23.41,23.68,2197333,52061032.00
20170306,23.68,24.10,23.55,23.99,2993576,71701472.00
20170307,24.01,24.30,23.85,24.15,2483592,59759260.00
20170308,24.16,24.25,23.56,23.94,2450558,58534788.00
20170309,23.94,23.94,23.33,23.48,2506570,58869564.00
20170310,23.41,23.61,23.33,23.45,1287388,30195568.00
20170313,23.60,23.60,23.16,23.46,1860247,43372088.00
20170314,23.50,23.59,23.34,23.38,1582301,37097432.00
20170315,23.38,23.90,23.14,23.88,2891924,67907936.00
20170316,23.88,24.69,23.75,24.47,5342662,129399376.00
20170317,24.47,24.58,23.90,24.00,2474205,60014608.00
20170320,24.02,24.77,24.02,24.58,3410923,83419928.00
20170321,24.55,25.38,24.32,25.16,5615239,140365088.00
20170322,24.99,25.24,24.70,25.00,2531698,63090408.00
20170323,24.80,25.47,24.23,24.62,2946988,73238024.00
20170324,24.56,25.31,24.56,25.00,2989508,74791080.00
20170327,25.05,25.44,24.61,24.99,1955393,48567992.00
20170328,24.87,24.94,24.50,24.52,2125381,52467412.00
20170329,24.44,24.85,23.83,24.20,2161219,52443564.00
20170330,24.39,24.39,23.26,23.31,2910617,68941120.00
20170331,23.30,23.74,23.30,23.68,1456536,34411560.00
20170405,23.75,24.70,23.73,24.52,2639856,64012140.00
20170406,24.74,24.78,24.11,24.15,1982693,48424964.00
20170407,24.06,25.17,24.06,24.91,3574723,88323840.00
20170410,25.05,25.79,24.63,25.60,6141356,155697968.00
20170411,25.70,26.37,24.91,25.40,7415999,189848096.00
20170412,25.30,25.55,24.92,25.25,2394970,60346248.00
20170413,25.25,25.64,24.72,25.41,4175978,105643744.00
20170414,25.38,25.54,25.00,25.30,2509472,63375008.00
20170417,25.16,25.50,24.88,25.16,3171916,79942120.00
20170418,25.17,25.35,24.93,25.06,1804552,45411364.00
20170419,24.97,25.13,23.88,24.74,3160943,77427272.00
20170420,24.85,25.09,24.41,24.57,2109354,52296148.00
20170421,24.56,25.50,24.50,25.10,3498371,88106048.00
20170424,25.16,25.30,24.66,25.20,3018465,75350568.00
20170425,25.28,25.35,24.30,24.31,2364175,59098672.00
20170426,24.23,24.65,23.77,24.12,2723853,65752496.00
20170427,23.70,23.97,21.71,22.53,8368950,187387568.00
20170428,22.80,23.77,22.69,23.70,5215370,121418312.00
20170502,23.55,23.80,23.22,23.52,1851012,43586520.00
20170503,23.65,23.80,23.30,23.45,1626669,38195964.00
20170504,23.36,23.63,23.07,23.16,1126909,26274604.00
20170505,23.10,23.36,21.00,21.80,3721039,82753184.00
20170508,21.82,22.27,21.53,22.00,1765563,38943852.00
20170509,21.98,22.30,21.82,22.22,853900,18879870.00
20170510,22.21,22.50,21.54,21.63,1537781,33822056.00
20170511,21.25,22.17,21.25,22.15,2192483,47673308.00
20170512,22.05,22.40,21.53,22.02,1583326,34758776.00
20170515,22.02,22.35,21.89,22.17,1264298,27993180.00
20170516,22.10,22.94,22.01,22.88,1883654,42287332.00
20170517,23.01,23.48,22.88,22.94,1875218,43415060.00
20170518,22.98,23.30,22.84,23.15,1471289,33922488.00
20170519,23.13,23.18,22.52,22.57,2228603,50518376.00
20170522,22.66,22.71,22.26,22.50,952161,21414426.00
20170523,22.38,22.54,21.58,21.85,1280472,28210494.00
20170524,21.80,22.10,21.51,22.09,1055293,23073652.00
20170525,21.98,22.19,21.41,21.94,2244477,48749640.00
20170526,21.92,22.28,21.91,22.04,997608,22045160.00
20170531,22.30,22.40,21.89,22.01,991012,21965864.00
20170601,21.81,22.11,21.50,21.52,891000,19395824.00
20170602,21.50,21.92,21.10,21.72,2217727,47429740.00
20170605,21.54,22.13,21.54,21.68,1314186,28670428.00
20170606,21.68,21.89,21.58,21.79,779605,16950838.00
20170607,21.73,22.30,21.71,22.22,2139111,47277468.00
20170608,22.03,22.26,21.92,22.10,1827324,40342828.00
20170609,22.16,22.16,21.74,21.78,2201898,48179272.00
20170612,21.65,21.75,21.30,21.30,2988145,64090480.00
20170613,21.28,21.29,19.22,20.65,9134105,183757792.00
20170614,20.33,20.61,20.15,20.43,3961014,80524208.00
20170615,20.15,20.74,20.15,20.63,3927549,80892528.00
20170616,20.65,21.29,20.65,21.01,4078096,85743824.00
20170619,21.16,21.18,20.20,20.47,7858849,160698256.00
20170620,20.49,20.87,20.39,20.62,2608846,53811756.00
20170621,20.75,20.79,20.59,20.79,2326834,48106288.00
20170622,20.70,20.84,20.46,20.49,2156580,44560656.00
20170623,20.49,20.54,20.21,20.45,1406394,28640554.00
20170626,20.36,20.75,20.35,20.68,2190298,45180720.00
20170627,20.80,21.13,20.40,20.50,4059999,83875832.00
20170628,20.64,20.64,20.22,20.45,1856467,37754420.00
20170629,20.47,20.55,20.35,20.47,1362335,27885830.00
20170630,20.48,20.53,20.11,20.45,1775743,36129672.00
20170703,20.44,20.45,20.09,20.43,2954824,59788184.00
20170704,20.36,20.43,20.18,20.43,2306432,46735760.00
20170705,20.32,20.46,20.23,20.45,2564758,52188732.00
20170706,20.37,20.60,20.24,20.44,4185239,85361824.00
20170707,20.33,20.54,20.29,20.50,2518277,51385644.00
20170710,20.48,20.53,20.28,20.43,2078700,42394272.00
20170711,20.44,20.46,20.31,20.43,1409679,28723238.00
20170712,20.40,20.41,20.21,20.33,1623149,32982204.00
20170713,20.33,20.37,20.18,20.27,970518,19681256.00
20170714,20.27,20.47,20.21,20.46,1429270,29149586.00
20170717,20.36,20.44,19.50,20.10,3350298,66595408.00
20170718,19.88,20.21,19.75,20.07,2248425,44855720.00
20170719,20.00,20.00,19.40,19.78,4037343,79436800.00
数据来源:通达信
