002607 亚夏汽车 日线 前复权
      日期	    开盘	    最高	    最低	    收盘	    成交量	    成交额
20110810,3.98,4.51,3.92,4.28,16127098,496659168.00
20110811,4.14,4.47,4.05,4.36,11630059,372475712.00
20110812,4.27,4.33,4.16,4.19,7310825,233527632.00
20110815,4.23,4.36,4.15,4.23,5564279,178210320.00
20110816,4.31,4.55,4.30,4.45,7985092,266849696.00
20110817,4.50,4.64,4.46,4.50,5904970,200732144.00
20110818,4.51,4.60,4.41,4.56,4846324,164138544.00
20110819,4.42,4.50,4.24,4.29,3644276,119495000.00
20110822,4.26,4.39,4.26,4.30,2634447,85380552.00
20110823,4.29,4.50,4.19,4.47,4019143,130522560.00
20110824,4.43,4.58,4.42,4.44,4632911,156841600.00
20110825,4.49,4.50,4.25,4.43,3637479,119191120.00
20110826,4.41,4.65,4.40,4.55,4968322,169714336.00
20110829,4.60,4.73,4.53,4.53,3956289,137582912.00
20110830,4.46,4.50,4.37,4.37,3257051,108595120.00
20110831,4.33,4.37,4.19,4.26,2326356,74680336.00
20110901,4.27,4.29,4.09,4.15,2220614,70068520.00
20110902,4.12,4.17,4.07,4.13,1389612,43000020.00
20110905,4.06,4.18,4.00,4.09,1348377,41705324.00
20110906,4.03,4.13,3.94,4.01,1468999,44651964.00
20110907,4.02,4.14,3.98,4.11,1360806,41798752.00
20110908,4.13,4.37,4.13,4.21,3405404,108746056.00
20110909,4.24,4.36,4.13,4.16,1659894,52876176.00
20110913,4.09,4.09,3.97,3.98,978427,29566368.00
20110914,4.01,4.04,3.90,4.04,955379,28587182.00
20110915,4.03,4.16,3.99,4.10,1144246,35312820.00
20110916,4.13,4.15,3.96,3.97,908145,27683488.00
20110919,3.91,3.94,3.77,3.83,1149796,33119372.00
20110920,3.87,4.01,3.81,3.99,1107765,32698344.00
20110921,3.98,4.14,3.93,4.06,899950,27546110.00
20110922,4.05,4.08,3.83,3.85,641430,19183300.00
20110923,3.80,3.94,3.72,3.93,615584,17822186.00
20110927,3.94,3.98,3.83,3.92,477379,14079916.00
20110928,3.92,3.94,3.87,3.87,444798,13113853.00
20110929,3.85,4.04,3.75,3.98,1002512,29790546.00
20110930,3.98,3.98,3.90,3.94,222700,6607588.00
20111010,4.01,4.03,3.86,3.91,321660,9475903.00
20111011,3.98,4.06,3.92,3.93,831170,24997250.00
20111012,3.93,4.06,3.81,4.06,700941,21049404.00
20111013,4.04,4.09,4.00,4.02,651367,19823742.00
20111014,3.99,4.21,3.99,4.19,1200187,37267592.00
20111017,4.17,4.34,4.14,4.26,1424676,45744784.00
20111018,4.20,4.27,4.14,4.15,729548,23035434.00
20111019,4.17,4.25,4.06,4.17,545315,17084300.00
20111020,4.15,4.17,3.91,3.97,568198,17111738.00
20111021,3.92,4.06,3.90,3.95,392340,11675737.00
20111024,3.95,4.05,3.82,4.04,866371,25562334.00
20111025,4.11,4.14,3.95,4.13,738609,22711466.00
20111026,4.05,4.24,4.03,4.21,750728,23682656.00
20111027,4.21,4.27,4.16,4.17,422513,13354408.00
20111028,4.26,4.28,4.16,4.23,970193,30686068.00
20111031,4.20,4.30,4.19,4.27,666591,21233190.00
20111101,4.23,4.43,4.21,4.36,821746,26813486.00
20111102,4.27,4.42,4.27,4.38,578411,18958400.00
20111103,4.39,4.50,4.34,4.39,880550,29208704.00
20111104,4.39,4.42,4.28,4.33,410255,13398713.00
20111107,4.32,4.50,4.27,4.45,561722,18630272.00
20111108,4.46,4.46,4.31,4.36,292887,9608285.00
20111109,4.29,4.41,4.29,4.39,462827,15164835.00
20111110,4.37,4.66,4.35,4.47,2271911,76985936.00
20111111,4.45,4.58,4.45,4.48,579737,19632812.00
20111114,4.55,4.59,4.48,4.53,529159,18005028.00
20111115,4.51,4.58,4.48,4.52,341799,11583588.00
20111116,4.54,4.63,4.39,4.44,412083,13931220.00
20111117,4.45,4.51,4.34,4.45,289606,9641958.00
20111118,4.39,4.44,4.34,4.40,361666,11909665.00
20111121,4.39,4.41,4.32,4.39,114693,3777204.75
20111122,4.38,4.38,4.26,4.31,284002,9198279.00
20111123,4.27,4.36,4.26,4.31,179210,5799937.00
20111124,4.21,4.33,4.20,4.32,192084,6207903.00
20111125,4.32,4.36,4.27,4.29,175461,5698312.00
20111128,4.29,4.33,4.26,4.28,67228,2172477.50
20111129,4.33,4.33,4.23,4.25,367347,11772830.00
20111130,4.23,4.27,3.98,4.03,480165,14807586.00
20111201,4.11,4.18,3.98,4.01,731067,22453348.00
20111202,3.98,4.08,3.96,4.06,327156,9870113.00
20111205,4.00,4.02,3.86,3.87,172546,5103080.00
20111206,3.87,3.93,3.80,3.88,321900,9378503.00
20111207,3.88,3.92,3.84,3.88,149251,4357181.00
20111208,3.85,3.89,3.72,3.87,383440,10987229.00
20111209,3.86,3.86,3.76,3.84,211253,6075536.00
20111212,3.83,3.85,3.80,3.82,239701,6927293.00
20111213,3.82,3.82,3.74,3.76,257970,7335743.00
20111214,3.74,3.80,3.74,3.77,195525,5570952.50
20111215,3.77,3.80,3.73,3.79,174583,4975145.00
20111216,3.79,3.96,3.74,3.94,215856,6283535.50
20111219,3.93,3.98,3.84,3.96,185416,5446794.00
20111220,3.92,4.01,3.90,3.90,119380,3572667.50
20111221,3.93,3.94,3.83,3.85,158651,4656659.00
20111222,3.88,3.88,3.74,3.83,299003,8564081.00
20111223,3.83,3.87,3.80,3.83,153799,4460926.50
20111226,3.82,3.82,3.72,3.76,142102,4047034.75
20111227,3.76,3.77,3.65,3.69,172230,4821772.50
20111228,3.62,3.68,3.50,3.56,116585,3149639.50
20111229,3.53,3.66,3.52,3.65,183245,4990351.50
20111230,3.65,3.75,3.64,3.75,201388,5656351.50
20120104,3.77,3.80,3.53,3.53,173770,4773012.00
20120105,3.44,3.47,3.17,3.17,243423,6159533.00
20120106,3.16,3.17,2.98,3.15,379620,8829818.00
20120110,3.23,3.47,3.23,3.47,561597,14373612.00
20120111,3.46,3.64,3.43,3.50,816979,21832236.00
20120112,3.47,3.54,3.39,3.40,578644,15160706.00
20120113,3.43,3.43,3.24,3.27,324929,8200527.00
20120116,3.27,3.33,3.19,3.27,167066,4162440.00
20120117,3.34,3.42,3.23,3.39,390767,9903108.00
20120118,3.40,3.45,3.15,3.15,299095,7463430.50
20120119,3.10,3.24,2.98,3.24,275972,6502252.00
20120120,3.12,3.34,3.12,3.30,150508,3735063.25
20120130,3.30,3.31,3.23,3.28,85000,2108119.00
20120131,3.24,3.27,3.23,3.27,70800,1750550.00
20120201,3.29,3.34,3.23,3.27,125437,3123938.25
20120202,3.27,3.30,3.25,3.29,100061,2492485.75
20120203,3.30,3.41,3.28,3.38,135676,3418016.75
20120206,3.34,3.43,3.34,3.40,103920,2669364.75
20120207,3.37,3.39,3.26,3.27,162114,4047141.00
20120208,3.25,3.36,3.23,3.33,81778,2057209.50
20120209,3.36,3.40,3.26,3.39,184946,4689270.50
20120210,3.38,3.46,3.37,3.40,198262,5134257.50
20120213,3.40,3.72,3.30,3.64,456154,12359888.00
20120214,3.59,3.70,3.59,3.63,449806,12405452.00
20120215,3.63,3.68,3.57,3.62,317675,8733605.00
20120216,3.62,3.66,3.58,3.61,118698,3254152.50
20120217,3.61,3.66,3.52,3.65,57150,1567895.25
20120220,3.66,3.73,3.61,3.68,325504,9037077.00
20120221,3.68,3.76,3.65,3.75,194437,5458096.50
20120222,3.75,3.92,3.73,3.91,318862,9264932.00
20120223,3.87,3.95,3.79,3.94,344426,10063863.00
20120224,3.93,3.93,3.86,3.90,316142,9252034.00
20120227,3.95,3.97,3.88,3.90,189042,5575940.50
20120228,3.86,3.86,3.75,3.76,362546,10348902.00
20120229,3.69,3.78,3.62,3.63,398309,10991965.00
20120301,3.64,3.70,3.64,3.66,117817,3262628.25
20120302,3.70,3.73,3.66,3.72,251345,7001921.00
20120305,3.72,3.84,3.72,3.78,344820,9858359.00
20120306,3.74,3.78,3.69,3.69,171036,4804792.00
20120307,3.63,3.94,3.63,3.83,750653,21711124.00
20120308,3.93,3.93,3.80,3.84,363714,10558302.00
20120309,3.84,3.88,3.77,3.86,296075,8513397.00
20120312,3.86,3.89,3.80,3.85,244419,7056950.00
20120313,3.84,3.84,3.79,3.82,250101,7192833.00
20120314,3.83,4.03,3.74,3.79,1181458,34627624.00
20120315,3.78,3.84,3.72,3.81,639528,18277130.00
20120316,3.80,3.98,3.80,3.98,748914,21957104.00
20120319,4.02,4.02,3.94,4.00,271132,8128837.00
20120320,3.97,3.98,3.80,3.80,333825,9673910.00
20120321,3.88,3.88,3.65,3.70,414565,11665681.00
20120322,3.68,3.70,3.65,3.65,223627,6209543.00
20120323,3.65,3.68,3.61,3.67,504248,13852832.00
20120326,3.64,3.72,3.62,3.71,208707,5828612.50
20120327,3.71,3.80,3.69,3.69,148203,4168985.00
20120328,3.67,3.67,3.47,3.51,258288,6966939.00
20120329,3.49,3.51,3.39,3.43,106642,2786665.50
20120330,3.37,3.50,3.37,3.42,56661,1473222.88
20120405,3.38,3.54,3.38,3.49,230791,6078638.50
20120406,3.50,3.56,3.47,3.55,151622,4049560.25
20120409,3.61,3.62,3.53,3.55,127146,3447729.25
20120410,3.59,3.59,3.45,3.54,435195,11660374.00
20120411,3.54,3.58,3.50,3.58,199219,5339732.50
20120412,3.57,3.68,3.57,3.65,239336,6520524.00
20120413,3.61,3.74,3.61,3.73,274809,7668770.50
20120416,3.66,3.68,3.43,3.56,1327554,35874900.00
20120417,3.57,3.57,3.37,3.37,1049829,27178324.00
20120418,3.41,3.46,3.37,3.44,555131,14341208.00
20120419,3.45,3.45,3.39,3.43,325350,8435026.00
20120420,3.43,3.47,3.43,3.44,314661,8212389.00
20120423,3.46,3.51,3.38,3.38,495350,12937553.00
20120424,3.36,3.41,3.27,3.31,480957,12152273.00
20120425,3.30,3.36,3.30,3.35,187670,4741988.50
20120426,3.34,3.38,3.34,3.37,126549,3214943.75
20120427,3.40,3.40,3.29,3.30,237281,5963635.00
20120502,3.38,3.38,3.28,3.33,654470,16417075.00
20120503,3.33,3.33,3.28,3.32,359999,9029044.00
20120504,3.34,3.40,3.32,3.38,692997,17697964.00
20120508,3.47,3.50,3.39,3.43,1057771,27544060.00
20120509,3.40,3.43,3.38,3.40,455412,11753879.00
20120510,3.42,3.47,3.39,3.46,661424,17179988.00
20120511,3.46,3.47,3.41,3.41,334132,8706211.00
20120514,3.43,3.45,3.32,3.33,499475,12783672.00
20120515,3.32,3.33,3.21,3.24,710348,17491158.00
20120516,3.23,3.25,3.19,3.19,435223,10629873.00
20120517,3.22,3.24,3.15,3.19,1508612,36464132.00
20120518,3.17,3.17,3.10,3.10,745419,17704910.00
20120521,3.11,3.12,3.05,3.09,370573,8674616.00
20120522,3.13,3.31,3.13,3.19,1351904,33009362.00
20120523,3.16,3.25,3.15,3.23,1101387,26759638.00
20120524,3.22,3.22,3.12,3.14,816668,19629148.00
20120525,3.09,3.18,3.09,3.18,767116,18365116.00
20120528,3.21,3.23,3.13,3.22,602902,14611685.00
20120529,3.20,3.31,3.06,3.24,2115847,25749622.00
20120530,3.23,3.27,3.16,3.25,1961138,23596950.00
20120531,3.24,3.30,3.19,3.27,1440805,17514372.00
20120601,3.30,3.30,3.22,3.26,1121495,13697077.00
20120604,3.19,3.21,3.13,3.14,744492,8860024.00
20120605,3.13,3.17,3.04,3.08,655177,7628094.00
20120606,3.08,3.12,3.06,3.09,414705,4802203.00
20120607,3.15,3.15,3.04,3.06,539216,6264482.50
20120608,3.07,3.12,3.01,3.09,909437,10482914.00
20120611,3.12,3.14,3.04,3.13,747734,8699402.00
20120612,3.07,3.15,3.06,3.13,735143,8574471.00
20120613,3.13,3.27,3.12,3.26,1855333,22132182.00
20120614,3.23,3.29,3.18,3.20,1229566,14984653.00
20120615,3.23,3.23,3.12,3.18,898478,10664919.00
20120618,3.22,3.22,3.16,3.18,675701,8069891.00
20120619,3.18,3.19,3.14,3.16,513570,6092881.00
20120620,3.16,3.18,3.13,3.15,661770,7829319.00
20120621,3.13,3.16,3.07,3.09,529525,6163239.50
20120625,3.10,3.10,2.98,3.01,399650,4583602.50
20120626,3.01,3.05,2.90,2.99,598813,6665923.00
20120627,2.98,3.02,2.95,2.97,536321,6019009.00
20120628,2.97,3.05,2.93,2.93,753091,8453109.00
20120629,2.93,2.97,2.90,2.92,1194972,13132249.00
20120702,2.95,2.95,2.83,2.83,1491015,16253073.00
20120703,2.83,2.88,2.77,2.87,1651724,17501922.00
20120704,2.85,2.86,2.78,2.79,1063517,11230906.00
20120705,2.79,2.79,2.62,2.63,1760323,17621944.00
20120706,2.64,2.65,2.42,2.50,3647471,34580732.00
20120709,2.49,2.49,2.37,2.40,1927876,17685228.00
20120710,2.41,2.46,2.37,2.43,1138090,10367211.00
20120711,2.42,2.44,2.40,2.41,785438,7182676.50
20120712,2.43,2.46,2.35,2.43,1303459,11874585.00
20120713,2.43,2.47,2.39,2.40,933741,8588464.00
20120716,2.40,2.40,2.15,2.16,1705209,14614488.00
20120717,2.17,2.23,2.15,2.22,1009589,8394413.00
20120718,2.23,2.28,2.20,2.26,1165909,9878663.00
20120719,2.24,2.32,2.24,2.28,1141606,9885605.00
20120720,2.28,2.29,2.24,2.24,718711,6155232.00
20120723,2.23,2.23,2.18,2.20,711777,5933836.50
20120724,2.20,2.25,2.19,2.24,566434,4766207.50
20120725,2.23,2.27,2.22,2.23,735601,6255293.50
20120726,2.22,2.28,2.22,2.25,810113,6925187.00
20120727,2.24,2.28,2.19,2.21,756079,6420976.50
20120730,2.23,2.24,2.16,2.16,520600,4320993.00
20120731,2.16,2.20,2.12,2.17,721579,5897968.50
20120801,2.18,2.24,2.17,2.20,563400,4713555.00
20120802,2.18,2.20,2.14,2.15,531551,4361041.50
20120803,2.17,2.20,2.14,2.19,592229,4878025.00
20120806,2.17,2.25,2.17,2.24,935936,7877424.00
20120807,2.24,2.30,2.23,2.30,1495050,12911909.00
20120808,2.27,2.30,2.23,2.24,1331647,11411583.00
20120809,2.23,2.33,2.21,2.31,1540021,13271952.00
20120810,2.30,2.46,2.30,2.34,3406760,30658998.00
20120813,2.33,2.40,2.33,2.34,2107686,18885232.00
20120814,2.32,2.43,2.29,2.43,2122922,19044738.00
20120815,2.41,2.46,2.39,2.39,1438999,13129800.00
20120816,2.37,2.41,2.34,2.34,1012750,9094313.00
20120817,2.32,2.38,2.32,2.38,833237,7447432.50
20120820,2.37,2.42,2.32,2.40,863463,7777906.50
20120821,2.38,2.43,2.35,2.41,1515527,13786404.00
20120822,2.41,2.42,2.38,2.40,1114817,10094530.00
20120823,2.42,2.42,2.37,2.40,758842,6865889.00
20120824,2.39,2.40,2.31,2.33,989510,8833901.00
20120827,2.30,2.32,2.25,2.28,1239606,10777619.00
20120828,2.31,2.41,2.29,2.32,1522600,13599934.00
20120829,2.35,2.42,2.32,2.34,1070721,9592138.00
20120830,2.34,2.34,2.18,2.21,1221205,10414250.00
20120831,2.21,2.23,1.99,2.14,1326200,10784368.00
20120903,2.13,2.21,2.09,2.16,2098676,17046448.00
20120904,2.16,2.17,2.12,2.14,1311004,10686096.00
20120905,2.14,2.17,2.10,2.14,1253201,10169297.00
20120906,2.13,2.17,2.13,2.16,1067343,8697899.00
20120907,2.18,2.28,2.17,2.27,2136276,18159906.00
20120910,2.27,2.39,2.26,2.36,3238802,28501352.00
20120911,2.36,2.43,2.33,2.41,3422737,30925016.00
20120912,2.41,2.42,2.36,2.39,1823744,16511302.00
20120913,2.39,2.41,2.34,2.34,1413955,12665982.00
20120914,2.33,2.37,2.30,2.33,1233276,10913144.00
20120917,2.31,2.57,2.31,2.42,4665289,43386840.00
20120918,2.42,2.45,2.37,2.39,1979468,18018982.00
20120919,2.38,2.43,2.27,2.43,2405503,21390448.00
20120920,2.48,2.65,2.44,2.49,8504076,81929424.00
20120921,2.41,2.44,2.32,2.41,3396757,30700750.00
20120924,2.39,2.39,2.23,2.28,3072318,26561428.00
20120925,2.25,2.27,2.20,2.22,2292038,19387606.00
20120926,2.18,2.25,2.11,2.11,1154795,9563219.00
20120927,2.10,2.18,1.97,2.17,2105459,16997068.00
20120928,2.15,2.20,2.13,2.18,2243415,18406304.00
20121008,2.18,2.19,2.15,2.18,1192219,9791982.00
20121009,2.18,2.26,2.18,2.26,1609346,13536005.00
20121010,2.26,2.44,2.26,2.34,4843361,43102220.00
20121011,2.30,2.33,2.26,2.27,2216812,19193768.00
20121012,2.26,2.34,2.24,2.28,1706717,14796241.00
20121015,2.24,2.24,2.11,2.14,1979915,16130064.00
20121016,2.13,2.17,2.12,2.17,1633899,13325306.00
20121017,2.18,2.20,2.10,2.15,1997859,16315970.00
20121018,2.15,2.18,2.13,2.17,1682501,13811383.00
20121019,2.17,2.19,2.16,2.17,1441808,11887604.00
20121022,2.16,2.18,2.14,2.17,1074928,8796935.00
20121023,2.17,2.32,2.14,2.24,5541754,46836164.00
20121024,2.20,2.38,2.15,2.34,7420869,64401024.00
20121025,2.32,2.37,2.25,2.26,4466626,38929284.00
20121026,2.24,2.24,2.15,2.15,2035432,16837168.00
20121029,2.11,2.19,2.10,2.12,1673063,13608269.00
20121030,2.12,2.16,2.11,2.13,1074674,8696647.00
20121031,2.13,2.14,2.09,2.12,1049436,8434449.00
20121101,2.12,2.17,2.12,2.15,1775400,14474925.00
20121102,2.14,2.17,2.14,2.17,1804122,14763093.00
20121105,2.17,2.17,2.12,2.13,1671827,13614326.00
20121106,2.13,2.15,2.06,2.09,1634978,13012387.00
20121107,2.09,2.12,2.08,2.10,1050056,8367409.00
20121108,2.07,2.09,1.99,2.01,1694074,13158609.00
20121109,1.99,2.00,1.97,1.97,823416,6222986.50
20121112,1.97,2.00,1.95,1.98,854019,6419729.50
20121113,1.98,1.98,1.87,1.89,1365538,10014201.00
20121114,1.88,1.94,1.88,1.92,878597,6405880.50
20121115,1.91,1.93,1.88,1.88,1048856,7623480.00
20121116,1.87,1.90,1.85,1.88,756303,5417933.50
20121119,1.91,1.91,1.88,1.90,800966,5789070.50
20121120,1.89,1.92,1.89,1.90,725700,5275581.00
20121121,1.91,1.92,1.86,1.91,821372,5956845.50
20121122,1.91,1.91,1.89,1.89,473788,3430410.25
20121123,1.89,1.92,1.89,1.92,588763,4278429.50
20121126,1.92,1.92,1.88,1.89,462840,3347047.50
20121127,1.89,1.89,1.74,1.78,1445100,9997921.00
20121128,1.75,1.80,1.70,1.78,1216171,8109330.50
20121129,1.75,1.79,1.74,1.78,844485,5708816.00
20121130,1.77,1.80,1.75,1.79,521173,3555408.50
20121203,1.78,1.79,1.72,1.72,415077,2796523.25
20121204,1.72,1.75,1.68,1.75,599757,3952248.25
20121205,1.75,1.83,1.73,1.81,1160375,7975550.00
20121206,1.80,1.81,1.77,1.78,817207,5603631.50
20121207,1.78,1.90,1.76,1.89,2663012,18807306.00
20121210,1.88,1.92,1.86,1.90,1816500,13122382.00
20121211,1.89,1.93,1.86,1.89,1285152,9337649.00
20121212,1.86,1.89,1.86,1.89,855500,6124314.50
20121213,1.90,1.90,1.84,1.84,657455,4668705.00
20121214,1.83,1.95,1.83,1.94,2505233,18333026.00
20121217,1.94,1.95,1.92,1.94,1302618,9629895.00
20121218,1.93,1.98,1.92,1.93,1575967,11655345.00
20121219,1.93,2.01,1.93,1.97,1614278,12119927.00
20121220,1.95,1.95,1.87,1.90,5318950,38397188.00
20121221,1.89,1.93,1.87,1.91,4084260,29590796.00
20121224,1.91,2.11,1.89,2.11,11207047,87781960.00
20121225,2.14,2.33,2.14,2.33,16286909,137900784.00
20121226,2.41,2.41,2.28,2.39,15912779,141637296.00
20121227,2.37,2.37,2.26,2.26,8399030,73420128.00
20121228,2.25,2.33,2.22,2.28,8481815,73399880.00
20121231,2.27,2.31,2.23,2.29,6639283,56908832.00
20130104,2.29,2.46,2.24,2.39,12027319,106879240.00
20130107,2.35,2.37,2.29,2.36,5074190,44839188.00
20130108,2.35,2.42,2.29,2.42,6804798,60656600.00
20130109,2.39,2.55,2.36,2.45,9387069,86970336.00
20130110,2.43,2.45,2.37,2.39,6050862,55028804.00
20130111,2.40,2.41,2.30,2.32,4697787,41547124.00
20130114,2.30,2.41,2.30,2.39,5613157,50193760.00
20130115,2.40,2.44,2.35,2.41,5648766,51227364.00
20130116,2.42,2.42,2.32,2.36,4432569,39677628.00
20130117,2.37,2.44,2.34,2.43,5921514,53955348.00
20130118,2.46,2.56,2.44,2.45,6974524,65294044.00
20130121,2.45,2.58,2.37,2.58,9382435,88737440.00
20130122,2.54,2.59,2.46,2.50,6180614,59067120.00
20130123,2.48,2.51,2.38,2.44,3863679,35632092.00
20130124,2.46,2.47,2.27,2.31,4424644,39621152.00
20130125,2.31,2.36,2.27,2.33,2429170,21381590.00
20130128,2.32,2.42,2.30,2.41,2877364,25823698.00
20130129,2.41,2.43,2.37,2.43,2651820,24044542.00
20130130,2.42,2.43,2.35,2.38,4711139,42446012.00
20130131,2.38,2.39,2.33,2.34,2385060,21164212.00
20130201,2.33,2.54,2.33,2.47,5905671,54559812.00
20130204,2.45,2.53,2.41,2.50,5786413,54220436.00
20130205,2.49,2.50,2.41,2.49,3011161,28055544.00
20130206,2.47,2.72,2.47,2.69,9019372,90224824.00
20130207,2.65,2.77,2.63,2.67,4693664,47577568.00
20130208,2.65,2.81,2.64,2.75,4617321,47942140.00
20130218,2.76,2.86,2.71,2.78,3436512,36066632.00
20130219,2.76,2.78,2.62,2.65,3713833,37362400.00
20130220,2.62,2.75,2.60,2.72,3429575,34736052.00
20130221,2.70,2.84,2.64,2.81,5760634,59670968.00
20130222,2.78,2.81,2.70,2.72,2189301,22648140.00
20130225,2.70,2.72,2.64,2.66,1787426,17971656.00
20130226,2.65,2.70,2.59,2.61,1704330,16958496.00
20130227,2.61,2.67,2.58,2.62,1088776,10752120.00
20130228,2.63,2.69,2.61,2.69,1798855,18025816.00
20130301,2.69,2.70,2.65,2.67,1949855,19583476.00
20130304,2.64,2.64,2.41,2.44,2945228,27927872.00
20130305,2.41,2.50,2.41,2.49,1292473,12026273.00
20130306,2.49,2.54,2.46,2.52,1152093,10923017.00
20130307,2.52,2.56,2.42,2.46,2358440,22303808.00
20130308,2.44,2.51,2.44,2.48,1149308,10746554.00
20130311,2.48,2.49,2.42,2.44,967263,8960826.00
20130312,2.44,2.46,2.27,2.33,1511763,13505754.00
20130313,2.30,2.46,2.28,2.46,3739850,33919624.00
20130314,2.46,2.50,2.41,2.50,3903642,36311728.00
20130315,2.49,2.49,2.30,2.38,3478305,31662708.00
20130318,2.38,2.38,2.14,2.16,4578196,38519868.00
20130319,2.17,2.18,2.08,2.12,5642991,45443420.00
20130320,2.12,2.27,2.11,2.25,6528202,54870188.00
20130321,2.23,2.26,2.20,2.24,3646654,30966320.00
20130322,2.23,2.26,2.21,2.24,2338969,19824450.00
20130325,2.27,2.27,2.21,2.26,1537305,13061344.00
20130326,2.24,2.26,2.17,2.24,2167827,18197814.00
20130327,2.24,2.28,2.21,2.24,1928410,16431065.00
20130328,2.22,2.22,2.11,2.15,1188991,9807173.00
20130329,2.14,2.17,2.12,2.14,921810,7505436.00
20130401,2.15,2.19,2.13,2.17,924606,7608526.50
20130402,2.18,2.20,2.15,2.15,806041,6642751.00
20130403,2.15,2.17,2.04,2.08,2188782,17354126.00
20130408,2.05,2.08,2.01,2.07,912018,7078856.50
20130409,2.08,2.12,2.08,2.11,1579990,12610931.00
20130410,2.11,2.14,2.10,2.12,1097309,8824132.00
20130411,2.14,2.27,2.13,2.20,3317225,27703940.00
20130412,2.17,2.22,2.12,2.13,1555064,12772498.00
20130415,2.13,2.15,2.03,2.07,1402950,11058941.00
20130416,2.05,2.11,2.03,2.11,1057297,8332482.00
20130417,2.10,2.12,2.08,2.12,904879,7246212.00
20130418,2.10,2.14,2.08,2.13,964784,7754171.50
20130419,2.13,2.21,2.11,2.19,1603254,13270218.00
20130422,2.18,2.21,2.16,2.20,1421085,11771794.00
20130423,2.21,2.23,2.11,2.12,1653823,13481234.00
20130424,2.12,2.28,2.12,2.27,3700598,31267766.00
20130425,2.28,2.37,2.25,2.29,4853183,42699836.00
20130426,2.28,2.45,2.27,2.41,7024139,63352692.00
20130502,2.41,2.50,2.37,2.38,4801844,44065484.00
20130503,2.38,2.46,2.38,2.43,4664434,42594728.00
20130506,2.44,2.45,2.40,2.43,3576007,32823028.00
20130507,2.44,2.59,2.42,2.55,6115467,58365740.00
20130508,2.55,2.60,2.50,2.53,4800280,46190284.00
20130509,2.52,2.52,2.44,2.50,4159294,38938376.00
20130510,2.48,2.52,2.44,2.52,3317947,31105490.00
20130513,2.53,2.59,2.46,2.49,3505473,33313686.00
20130514,2.47,2.47,2.37,2.41,2963716,27044038.00
20130515,2.41,2.45,2.38,2.44,2217003,20238732.00
20130516,2.44,2.49,2.41,2.46,2674083,24832618.00
20130517,2.47,2.53,2.46,2.51,2920321,27583328.00
20130520,2.54,2.58,2.52,2.55,4120633,39617472.00
20130521,2.55,2.58,2.52,2.56,3390950,32566166.00
20130522,2.57,2.69,2.53,2.61,5658756,56194140.00
20130523,2.61,2.73,2.59,2.69,5614647,56348796.00
20130524,2.70,2.77,2.64,2.72,6402908,65609420.00
20130527,2.76,2.79,2.67,2.73,4898925,50264636.00
20130528,2.72,2.73,2.62,2.66,4652024,46578592.00
20130529,2.67,2.78,2.63,2.73,4584082,46793524.00
20130530,2.71,2.72,2.63,2.64,4768426,47738032.00
20130531,2.63,2.68,2.62,2.62,3036835,30339644.00
20130603,2.61,2.65,2.58,2.63,2279834,22481364.00
20130604,2.63,2.63,2.49,2.53,2464428,23727734.00
20130605,2.52,2.56,2.50,2.52,1570378,14983093.00
20130606,2.50,2.54,2.48,2.49,1394194,13224211.00
20130607,2.52,2.54,2.46,2.51,1724630,16289785.00
20130613,2.46,2.46,2.38,2.41,1451207,13225543.00
20130614,2.41,2.47,2.40,2.46,1158946,10674266.00
20130617,2.47,2.59,2.42,2.53,2079888,19650930.00
20130618,2.53,2.53,2.47,2.49,1300165,12282668.00
20130619,2.48,2.54,2.42,2.47,1124022,7874371.00
20130620,2.44,2.45,2.35,2.37,1052781,7246357.50
20130621,2.32,2.34,2.26,2.32,1550653,10210259.00
20130624,2.32,2.32,2.12,2.14,1268914,8045350.50
20130625,2.13,2.18,1.93,2.13,2165176,12880802.00
20130626,2.14,2.21,2.10,2.20,2059607,12783545.00
20130627,2.19,2.25,2.13,2.16,1521824,9598411.00
20130628,2.14,2.24,2.13,2.19,1106690,6954839.50
20130701,2.17,2.22,2.14,2.22,974262,6132101.50
20130702,2.22,2.29,2.19,2.27,2120031,13548092.00
20130703,2.23,2.26,2.17,2.23,1354133,8607334.00
20130704,2.18,2.30,2.18,2.24,1106175,7114390.50
20130705,2.40,2.44,2.27,2.32,3097592,20726790.00
20130708,2.28,2.41,2.22,2.37,3910926,26231062.00
20130709,2.34,2.39,2.28,2.33,1740700,11643008.00
20130710,2.34,2.43,2.27,2.40,7295687,49749296.00
20130711,2.52,2.52,2.36,2.40,6339748,43717972.00
20130712,2.40,2.45,2.32,2.33,3866394,26437476.00
20130715,2.31,2.37,2.29,2.32,3433447,22911268.00
20130716,2.32,2.35,2.25,2.30,3195326,20987508.00
20130717,2.29,2.33,2.26,2.26,2362422,15507115.00
20130718,2.23,2.26,2.15,2.18,3055617,19218160.00
20130719,2.16,2.21,2.14,2.14,1687170,10526669.00
20130722,2.14,2.17,2.10,2.17,1756838,10764600.00
20130723,2.17,2.22,2.16,2.21,2160773,13654643.00
20130724,2.19,2.27,2.19,2.26,3530617,22698150.00
20130725,2.26,2.28,2.22,2.22,1771583,11367359.00
20130726,2.22,2.23,2.15,2.19,1057396,6644199.00
20130729,2.17,2.22,2.09,2.14,901919,5585198.50
20130730,2.14,2.16,2.09,2.14,932792,5695149.00
20130731,2.14,2.17,2.12,2.14,1189516,7339534.50
20130801,2.16,2.21,2.14,2.21,1813854,11356092.00
20130802,2.22,2.22,2.18,2.19,1264801,7971541.50
20130805,2.19,2.26,2.18,2.26,2169667,13899965.00
20130806,2.26,2.31,2.24,2.29,3089382,20233534.00
20130807,2.30,2.31,2.24,2.25,2725480,17714568.00
20130808,2.26,2.27,2.23,2.24,1675879,10794541.00
20130809,2.26,2.31,2.22,2.29,1764695,11452805.00
20130812,2.29,2.31,2.27,2.30,2616263,17212678.00
20130813,2.31,2.34,2.31,2.34,2742785,18229780.00
20130814,2.34,2.37,2.28,2.31,3128713,20934252.00
20130815,2.30,2.32,2.27,2.27,1539383,10123143.00
20130816,2.28,2.32,2.20,2.22,2115273,13745753.00
20130819,2.18,2.25,2.18,2.24,1016384,6468504.00
20130820,2.22,2.28,2.22,2.26,1133192,7330404.50
20130821,2.24,2.29,2.24,2.29,1168405,7615207.50
20130822,2.29,2.31,2.27,2.29,1449542,9487808.00
20130823,2.29,2.34,2.18,2.26,2301575,15016335.00
20130826,2.26,2.31,2.24,2.31,1731755,11320291.00
20130827,2.31,2.32,2.29,2.31,1516904,9995235.00
20130828,2.31,2.31,2.25,2.27,2524567,16436259.00
20130829,2.27,2.28,2.23,2.24,1956809,12584401.00
20130830,2.23,2.27,2.21,2.26,2775908,17872804.00
20130902,2.24,2.35,2.21,2.35,5869951,38683552.00
20130903,2.34,2.36,2.31,2.34,4080103,27270688.00
20130904,2.34,2.34,2.31,2.32,2126486,14144412.00
20130905,2.32,2.34,2.30,2.32,2692573,17862820.00
20130906,2.32,2.37,2.31,2.37,3520631,23652034.00
20130909,2.38,2.39,2.33,2.39,4328005,29291674.00
20130910,2.38,2.40,2.35,2.39,3822146,25999638.00
20130911,2.39,2.44,2.35,2.42,6193807,42483644.00
20130912,2.41,2.43,2.39,2.41,2896718,19971964.00
20130913,2.41,2.44,2.38,2.38,2926381,20111926.00
20130916,2.39,2.44,2.38,2.43,2593256,17909964.00
20130917,2.48,2.58,2.44,2.45,9287975,66611440.00
20130918,2.45,2.48,2.35,2.38,3464872,23689102.00
20130923,2.38,2.47,2.38,2.45,3160229,21942622.00
20130924,2.45,2.45,2.37,2.40,3066778,21057278.00
20130925,2.38,2.42,2.38,2.39,2036114,13925759.00
20130926,2.39,2.42,2.37,2.37,2390440,16380830.00
20130927,2.37,2.39,2.33,2.34,2014574,13552668.00
20130930,2.35,2.37,2.32,2.33,2000276,13369525.00
20131008,2.33,2.37,2.30,2.37,2069348,13897531.00
20131009,2.37,2.51,2.36,2.47,5803362,40588464.00
20131010,2.45,2.48,2.41,2.44,4093169,28656808.00
20131011,2.44,2.55,2.40,2.51,4812410,34128700.00
20131014,2.50,2.61,2.50,2.56,6366863,46569492.00
20131015,2.55,2.57,2.49,2.51,4708292,33923748.00
20131016,2.48,2.52,2.43,2.48,3250335,22939578.00
20131017,2.49,2.57,2.47,2.54,4189027,30357256.00
20131018,2.58,2.58,2.51,2.53,2359757,17111398.00
20131021,2.55,2.72,2.46,2.72,10502824,78336944.00
20131022,2.64,2.71,2.61,2.64,9178645,69552056.00
20131023,2.61,2.64,2.41,2.42,7524497,53750920.00
20131024,2.42,2.48,2.38,2.43,3088508,21465512.00
20131025,2.41,2.44,2.35,2.38,2249896,15435900.00
20131028,2.39,2.40,2.34,2.38,1439900,9759965.00
20131029,2.38,2.42,2.16,2.23,3452389,22323056.00
20131030,2.23,2.31,2.21,2.29,1883441,12230460.00
20131031,2.30,2.39,2.26,2.29,3359177,22427396.00
20131101,2.27,2.39,2.27,2.33,1906964,12750037.00
20131104,2.34,2.37,2.31,2.34,1027885,6890719.50
20131105,2.34,2.37,2.32,2.36,1537384,10346166.00
20131106,2.34,2.38,2.33,2.35,2280361,15376621.00
20131107,2.34,2.34,2.24,2.29,2387857,15610175.00
20131108,2.27,2.29,2.20,2.29,1498924,9705969.00
20131111,2.29,2.44,2.25,2.39,4891692,33520748.00
20131112,2.37,2.46,2.34,2.45,6673586,46336344.00
20131113,2.42,2.47,2.37,2.37,3633103,24928560.00
20131114,2.36,2.46,2.34,2.45,6774442,47001600.00
20131115,2.45,2.52,2.43,2.49,7080929,50429412.00
20131118,2.51,2.51,2.47,2.49,4859068,34491160.00
20131119,2.48,2.50,2.45,2.48,3351482,23709442.00
20131120,2.48,2.52,2.47,2.50,2904338,20687308.00
20131121,2.49,2.49,2.43,2.45,2392875,16807542.00
20131122,2.45,2.46,2.40,2.42,1837672,12771996.00
20131125,2.42,2.48,2.41,2.46,1808001,12713375.00
20131126,2.45,2.47,2.41,2.42,2511480,17465424.00
20131127,2.42,2.47,2.42,2.47,2369421,16630038.00
20131128,2.48,2.50,2.48,2.48,2998709,21323282.00
20131129,2.48,2.52,2.48,2.50,2761219,19738410.00
20131202,2.44,2.44,2.28,2.33,3408103,23183132.00
20131203,2.32,2.39,2.32,2.37,1963045,13284353.00
20131204,2.37,2.42,2.35,2.39,2857014,19594792.00
20131205,2.39,2.50,2.37,2.48,5222929,36561844.00
20131206,2.45,2.50,2.41,2.44,3665132,25696430.00
20131209,2.44,2.48,2.44,2.48,2794790,19707350.00
20131210,2.48,2.50,2.47,2.48,3033770,21498088.00
20131211,2.47,2.47,2.39,2.43,2252768,15657910.00
20131212,2.41,2.47,2.41,2.45,1462557,10232575.00
20131213,2.45,2.55,2.43,2.53,7431438,53471812.00
20131216,2.54,2.58,2.50,2.53,4725202,34186824.00
20131217,2.54,2.56,2.48,2.51,3237656,23262638.00
20131218,2.53,2.56,2.48,2.56,3002874,21630354.00
20131219,2.55,2.62,2.51,2.53,6602903,48670476.00
20131220,2.52,2.52,2.40,2.44,3079901,21753090.00
20131223,2.43,2.44,2.35,2.39,1975050,13489027.00
20131224,2.38,2.45,2.38,2.42,1759123,12190159.00
20131225,2.42,2.48,2.38,2.47,1870413,13119923.00
20131226,2.47,2.48,2.38,2.39,1515928,10544005.00
20131227,2.39,2.51,2.38,2.50,2685020,18891616.00
20131230,2.51,2.55,2.49,2.51,3148118,22717828.00
20131231,2.51,2.53,2.49,2.51,2052576,14757221.00
20140102,2.51,2.59,2.50,2.56,3226762,23479970.00
20140103,2.56,2.56,2.50,2.51,2658742,19144612.00
20140106,2.51,2.51,2.43,2.43,2389233,16845704.00
20140107,2.42,2.47,2.40,2.47,1431053,10002391.00
20140108,2.47,2.55,2.45,2.54,3506374,25259122.00
20140109,2.52,2.54,2.47,2.49,2754431,19785554.00
20140110,2.51,2.61,2.47,2.57,7148159,52201988.00
20140113,2.55,2.63,2.54,2.63,7609896,56352652.00
20140114,2.63,2.65,2.58,2.64,6000032,44930084.00
20140115,2.63,2.63,2.57,2.60,4228608,31324018.00
20140116,2.60,2.69,2.58,2.68,6159250,46557440.00
20140117,2.66,2.67,2.58,2.61,4308535,32213760.00
20140120,2.59,2.67,2.58,2.60,2661126,19868944.00
20140121,2.59,2.65,2.59,2.64,3052621,22921990.00
20140122,2.64,2.83,2.64,2.76,10003811,79025840.00
20140123,2.75,2.79,2.73,2.73,5510842,43374672.00
20140124,2.76,2.94,2.74,2.87,8916466,73154888.00
20140127,2.83,2.97,2.81,2.89,7059942,58596840.00
20140128,2.88,2.92,2.79,2.83,4190410,34031460.00
20140129,2.87,2.97,2.85,2.92,5104984,42508324.00
20140130,2.88,2.94,2.80,2.84,4167333,33823716.00
20140207,2.81,2.86,2.74,2.85,3251105,25991222.00
20140210,2.84,3.03,2.84,2.99,7564445,63663032.00
20140211,3.00,3.01,2.88,2.94,5683333,47814260.00
20140212,2.94,3.05,2.87,3.00,6286494,53273128.00
20140213,3.03,3.15,2.98,3.05,10080328,88348504.00
20140214,3.07,3.14,2.96,3.10,5831157,51127532.00
20140217,3.11,3.13,3.04,3.08,6568946,57629476.00
20140218,3.12,3.12,2.99,3.03,6097567,52898964.00
20140219,3.00,3.03,2.89,2.94,7192088,60496564.00
20140220,2.96,2.98,2.81,2.84,6059148,50125288.00
20140221,2.82,2.87,2.77,2.87,4472735,36050344.00
20140224,2.86,2.93,2.80,2.91,4989159,40575680.00
20140225,2.89,2.91,2.73,2.85,5554782,44953376.00
20140226,2.85,2.86,2.73,2.80,4874354,39003388.00
20140227,2.80,2.85,2.77,2.80,4354344,35090204.00
20140228,2.78,2.78,2.67,2.74,4456049,34543876.00
20140303,2.74,2.84,2.72,2.81,2856621,22550666.00
20140304,2.80,2.80,2.73,2.76,2750641,21664024.00
20140305,2.77,2.81,2.77,2.79,1945959,15503162.00
20140306,2.79,2.82,2.73,2.82,2097382,16670263.00
20140307,2.82,2.85,2.77,2.80,2767957,22192070.00
20140310,2.79,2.79,2.64,2.65,2323617,17942604.00
20140311,2.63,2.68,2.62,2.64,1423505,10745961.00
20140312,2.62,2.67,2.57,2.59,1460200,10888593.00
20140313,2.61,2.64,2.60,2.63,1285184,9606134.00
20140314,2.64,2.64,2.58,2.63,1184728,8834688.00
20140317,2.63,2.68,2.61,2.68,1478153,11261839.00
20140318,2.68,2.74,2.68,2.71,1711196,13209883.00
20140319,2.70,2.74,2.69,2.72,1775830,13753198.00
20140320,2.73,2.80,2.66,2.67,2261686,17719114.00
20140321,2.63,2.73,2.61,2.73,1670207,12795288.00
20140324,2.71,2.78,2.71,2.74,2047112,16115987.00
20140325,2.74,2.85,2.73,2.83,5170726,41480560.00
20140326,2.81,2.84,2.79,2.82,1780328,14278149.00
20140327,2.83,2.84,2.74,2.74,1586180,12571749.00
20140328,2.73,2.75,2.64,2.65,1831912,14052769.00
20140331,2.66,2.68,2.63,2.63,993133,7523723.00
20140401,2.62,2.71,2.60,2.65,3156253,23799940.00
20140402,2.64,2.68,2.63,2.65,1106757,8382125.50
20140403,2.65,2.68,2.63,2.67,1199233,9094727.00
20140404,2.68,2.71,2.66,2.70,1173281,9024603.00
20140408,2.68,2.75,2.67,2.75,1752550,13653790.00
20140409,2.76,2.77,2.74,2.76,1451825,11416997.00
20140410,2.76,2.79,2.73,2.73,2565208,20209242.00
20140411,2.73,2.73,2.68,2.70,1743568,13451212.00
20140414,2.71,2.80,2.70,2.80,2818928,22279904.00
20140415,2.78,2.82,2.74,2.75,1573412,12448459.00
20140416,2.75,2.80,2.74,2.78,1176565,9305790.00
20140417,2.78,2.82,2.77,2.78,1187989,9460928.00
20140418,2.77,2.79,2.75,2.78,967098,7635852.00
20140421,2.77,2.78,2.71,2.72,1219706,9562014.00
20140422,2.71,2.73,2.63,2.70,1614196,12313709.00
20140423,2.68,2.71,2.68,2.69,499420,3838526.75
20140424,2.68,2.70,2.64,2.65,782573,5946984.50
20140425,2.67,2.78,2.65,2.72,2376832,18420876.00
20140428,2.74,2.78,2.59,2.60,3691830,28647940.00
20140429,2.54,2.55,2.45,2.54,1943451,13893130.00
20140430,2.54,2.57,2.52,2.56,857032,6245218.50
20140505,2.55,2.60,2.52,2.59,951324,6984256.00
20140506,2.59,2.66,2.58,2.64,1589167,11924987.00
20140507,2.63,2.65,2.58,2.58,842735,6298208.00
20140508,2.62,2.67,2.58,2.61,933368,7021622.50
20140509,2.65,2.65,2.58,2.59,712190,5285915.00
20140512,2.64,2.65,2.60,2.64,916728,6895356.50
20140513,2.65,2.66,2.62,2.64,623199,4693629.50
20140514,2.64,2.66,2.62,2.64,459445,3470516.50
20140515,2.63,2.65,2.48,2.53,2352057,17095456.00
20140516,2.51,2.54,2.49,2.52,634049,4558270.00
20140519,2.52,2.53,2.49,2.52,392912,2820190.75
20140520,2.54,2.56,2.52,2.52,402697,2916227.50
20140521,2.52,2.54,2.49,2.54,480139,3458988.25
20140522,2.54,2.56,2.51,2.52,580076,4222030.50
20140523,2.51,2.55,2.51,2.54,558775,4040619.50
20140526,2.55,2.60,2.55,2.57,966779,7092538.00
20140527,2.56,2.59,2.56,2.58,873098,6427207.00
20140528,2.59,2.59,2.56,2.59,702005,5169588.00
20140529,2.58,2.59,2.55,2.55,593200,4357882.00
20140530,2.54,2.58,2.54,2.56,645826,4726971.50
20140603,2.58,2.59,2.56,2.57,700087,5154736.50
20140604,2.58,2.58,2.54,2.54,617532,4503924.50
20140605,2.54,2.60,2.54,2.59,1025843,7560028.50
20140606,2.60,2.61,2.56,2.58,840788,6216866.50
20140609,2.59,2.60,2.57,2.58,644090,4754723.50
20140610,2.60,2.63,2.57,2.62,1288538,9566429.00
20140611,2.61,2.63,2.60,2.62,1241810,9272003.00
20140612,2.62,2.64,2.60,2.62,1051706,7886204.50
20140613,2.63,2.69,2.61,2.68,2188781,16628309.00
20140616,2.68,2.73,2.66,2.67,1755943,13492786.00
20140617,2.69,2.69,2.62,2.67,1271144,9650678.00
20140618,2.68,2.69,2.61,2.62,1201472,9060118.00
20140619,2.62,2.64,2.54,2.55,1090784,8085477.00
20140620,2.57,2.60,2.55,2.58,842795,5128503.00
20140623,2.58,2.63,2.57,2.62,1732028,10609219.00
20140624,2.60,2.63,2.60,2.62,1075718,6642894.50
20140625,2.63,2.63,2.57,2.58,1052101,6453624.50
20140626,2.59,2.63,2.58,2.62,1807407,11202104.00
20140627,2.62,2.72,2.61,2.68,3187593,20143914.00
20140630,2.68,2.72,2.64,2.70,2574336,16352553.00
20140701,2.70,2.79,2.70,2.73,3453695,22352924.00
20140702,2.74,2.75,2.69,2.71,2113541,13559612.00
20140703,2.72,2.74,2.71,2.73,2368424,15257842.00
20140704,2.72,2.74,2.70,2.73,1712058,10992534.00
20140707,2.73,2.75,2.71,2.75,1797617,11608486.00
20140708,2.74,2.77,2.72,2.76,1673054,10852375.00
20140709,2.77,2.77,2.71,2.72,1984932,12840915.00
20140710,2.72,2.74,2.70,2.71,1467524,9436516.00
20140711,2.71,2.75,2.70,2.73,1839601,11886715.00
20140714,2.74,2.85,2.73,2.84,5676081,37754880.00
20140715,2.81,2.84,2.76,2.80,3911353,25809464.00
20140716,2.79,2.80,2.75,2.77,1914651,12545434.00
20140717,2.77,2.80,2.73,2.75,2013295,13105960.00
20140718,2.72,2.81,2.71,2.77,2469857,16155513.00
20140721,2.77,2.78,2.73,2.75,1067737,6952382.50
20140722,2.75,2.78,2.73,2.78,1747077,11424895.00
20140723,2.78,2.79,2.72,2.74,1832486,11953594.00
20140724,2.74,2.75,2.67,2.71,1990240,12759177.00
20140725,2.70,2.76,2.70,2.75,1967425,12651081.00
20140728,2.75,2.79,2.74,2.78,3063628,20061814.00
20140729,2.78,2.80,2.76,2.79,3076935,20233446.00
20140730,2.79,2.87,2.77,2.82,4545633,30227016.00
20140731,2.81,2.84,2.80,2.84,3078508,20552174.00
20140801,2.84,2.85,2.76,2.79,3451680,22989258.00
20140804,2.81,2.83,2.78,2.82,3756836,24977234.00
20140805,2.81,2.87,2.78,2.86,5748617,38360140.00
20140806,2.86,2.99,2.85,2.93,13041813,90485384.00
20140807,3.04,3.22,3.04,3.22,10080293,75756448.00
20140808,3.42,3.55,3.25,3.38,40407245,324012256.00
20140811,3.56,3.69,3.30,3.43,34192497,276374464.00
20140812,3.36,3.40,3.30,3.32,19255582,151873440.00
20140813,3.28,3.28,3.15,3.22,19039640,144342992.00
20140814,3.21,3.30,3.18,3.22,16940028,130014160.00
20140815,3.19,3.31,3.17,3.30,14658932,112257136.00
20140818,3.31,3.34,3.24,3.31,14459449,112224952.00
20140819,3.30,3.65,3.29,3.65,39856280,334127136.00
20140820,3.67,4.01,3.52,4.01,32665201,291170720.00
20140821,4.21,4.37,3.90,4.05,36905171,358385824.00
20140822,4.12,4.36,3.84,3.85,32353629,308750496.00
20140825,3.74,3.83,3.67,3.70,23927222,211296000.00
20140826,3.78,4.07,3.73,4.07,30832613,285417824.00
20140827,4.15,4.48,4.00,4.38,47241313,477628576.00
20140828,4.20,4.22,3.94,3.94,26223876,248643584.00
20140829,3.81,3.93,3.71,3.85,21064094,189440784.00
20140901,3.82,4.02,3.78,3.98,20274545,187921456.00
20140902,3.93,4.13,3.93,3.99,21374098,202060272.00
20140903,3.93,4.01,3.86,4.01,17796025,164725552.00
20140904,3.97,3.99,3.91,3.94,12469085,116114312.00
20140905,3.95,4.09,3.90,3.95,14608882,137217872.00
20140909,3.94,3.94,3.84,3.89,13560090,124080368.00
20140910,3.88,4.20,3.82,4.06,24802034,235360160.00
20140911,4.03,4.23,3.98,4.19,24343659,235877536.00
20140912,4.10,4.17,4.07,4.13,14825835,143878528.00
20140915,4.08,4.20,4.08,4.13,10272864,100332896.00
20140916,4.13,4.15,3.87,3.87,12174863,114689920.00
20140917,3.87,3.91,3.80,3.88,5252792,47876676.00
20140918,3.88,3.95,3.85,3.87,4125764,37727672.00
20140919,3.87,3.91,3.87,3.91,3733084,34239496.00
20140922,3.92,3.92,3.82,3.90,4799707,43679440.00
20140923,3.88,4.07,3.85,4.06,9540902,89860416.00
20140924,4.06,4.13,4.00,4.08,6371209,61093272.00
20140925,4.16,4.20,4.01,4.05,7131962,68939472.00
20140926,3.99,4.07,3.94,3.97,5811842,54654872.00
20140929,3.98,4.04,3.94,4.03,5543534,52225740.00
20140930,4.05,4.33,4.01,4.23,15368327,151273008.00
20141008,4.25,4.66,4.23,4.66,23346104,250209200.00
20141009,4.69,4.71,4.46,4.52,23035099,246276672.00
20141010,4.48,4.50,4.40,4.50,9757985,102414544.00
20141013,4.46,4.46,4.29,4.42,7579822,77946664.00
20141014,4.36,4.45,4.32,4.40,6154732,63675784.00
20141015,4.44,4.54,4.34,4.41,6627856,69125544.00
20141016,4.34,4.34,4.16,4.17,8313633,83489720.00
20141017,4.10,4.16,3.86,3.99,6179825,58492708.00
20141020,4.03,4.06,3.94,4.02,3823692,36204940.00
20141021,4.03,4.09,3.99,4.07,4877708,46470904.00
20141022,4.06,4.07,3.93,3.93,3100782,29232434.00
20141023,3.88,4.01,3.86,3.91,3541050,32736332.00
20141024,3.91,3.97,3.87,3.89,2224681,20535758.00
20141027,3.86,3.95,3.85,3.93,1664023,15336336.00
20141028,3.95,4.04,3.93,4.03,3390768,31970424.00
20141029,3.97,4.15,3.90,4.10,10328871,97713184.00
20141030,4.04,4.09,4.00,4.08,6979911,66629652.00
20141031,4.06,4.09,3.91,3.97,5389410,50521616.00
20141103,3.96,4.06,3.93,4.01,3534855,33451710.00
20141104,4.02,4.03,3.95,3.98,3229267,30345034.00
20141105,3.97,3.97,3.79,3.81,11051376,100229504.00
20141106,3.79,3.85,3.68,3.83,9983629,88394208.00
20141107,3.80,3.83,3.60,3.71,10746950,94465960.00
20141110,3.71,3.73,3.68,3.73,4035483,35315512.00
20141111,3.73,3.73,3.47,3.51,6640099,56380968.00
20141112,3.51,3.59,3.48,3.57,3352675,28116924.00
20141113,3.60,3.63,3.53,3.60,4591901,38908380.00
20141114,3.60,3.61,3.55,3.61,3071058,25983966.00
20141117,3.61,3.68,3.58,3.65,3230358,27749086.00
20141118,3.64,3.67,3.61,3.65,2610259,22406506.00
20141119,3.66,3.70,3.63,3.68,3069702,26542960.00
20141120,3.67,3.75,3.63,3.67,5087557,44251868.00
20141121,3.65,3.69,3.65,3.68,2587753,22433654.00
20141124,3.70,3.76,3.60,3.74,6784490,58966864.00
20141125,3.71,3.75,3.70,3.74,4054051,35569116.00
20141126,3.75,3.76,3.67,3.72,3851405,33767272.00
20141127,3.73,3.80,3.71,3.77,5970973,52937496.00
20141128,3.75,3.84,3.74,3.81,7062236,63183420.00
20141201,3.81,3.86,3.75,3.79,6702006,60026580.00
20141202,3.76,3.82,3.75,3.79,5542477,49539016.00
20141203,3.79,3.81,3.70,3.81,6778099,59866416.00
20141204,3.81,3.97,3.80,3.94,10596785,96858352.00
20141205,3.94,3.94,3.65,3.76,7530623,67398280.00
20141208,3.73,3.73,3.65,3.68,5747897,49964960.00
20141209,3.66,3.66,3.43,3.43,6633351,55758040.00
20141210,3.40,3.58,3.40,3.56,2875139,23865918.00
20141211,3.60,3.68,3.55,3.64,6134705,52365136.00
20141212,3.65,3.67,3.60,3.66,2550829,21825078.00
20141215,3.64,3.80,3.60,3.76,4931459,43003580.00
20141216,3.74,3.79,3.70,3.74,3450991,30476604.00
20141217,3.76,3.82,3.68,3.74,4847046,42948624.00
20141218,3.72,3.72,3.58,3.60,4534421,38913556.00
20141219,3.60,3.60,3.46,3.49,3097019,25640696.00
20141222,3.47,3.49,3.17,3.22,5299563,40860660.00
20141223,3.21,3.32,3.14,3.25,2057558,15820943.00
20141224,3.25,3.36,3.25,3.34,1737393,13576477.00
20141225,3.35,3.36,3.31,3.34,1754579,13781697.00
20141226,3.31,3.37,3.31,3.36,2040665,16087991.00
20141229,3.35,3.35,3.25,3.34,2269219,17567168.00
20141230,3.42,3.67,3.42,3.67,9300244,79170424.00
20141231,3.71,3.71,3.46,3.50,9704733,80862280.00
20150105,3.47,3.50,3.18,3.40,4892330,38790636.00
20150106,3.35,3.51,3.29,3.46,4548843,36931328.00
20150107,3.64,3.73,3.50,3.52,8350913,70608728.00
20150108,3.54,3.63,3.50,3.50,4333689,36314364.00
20150109,3.47,3.47,3.39,3.41,3188315,25816946.00
20150112,3.38,3.44,3.32,3.41,2784619,22203908.00
20150113,3.41,3.45,3.36,3.45,1796456,14510383.00
20150114,3.43,3.44,3.37,3.39,2264103,18162774.00
20150115,3.39,3.46,3.38,3.40,1673703,13480098.00
20150116,3.40,3.44,3.39,3.42,1897838,15272950.00
20150119,3.36,3.43,3.31,3.32,2461853,19597190.00
20150120,3.35,3.43,3.34,3.42,2020744,16152131.00
20150121,3.43,3.60,3.43,3.56,5103053,42407888.00
20150122,3.56,3.60,3.51,3.60,4501895,37804980.00
20150123,3.59,3.68,3.54,3.57,5518310,47076564.00
20150126,3.57,3.65,3.54,3.65,3108999,26547464.00
20150127,3.64,3.69,3.59,3.66,4125183,35493220.00
20150128,3.66,3.71,3.62,3.63,4434938,38376976.00
20150129,3.64,3.71,3.62,3.67,3822153,33111444.00
20150130,3.64,3.64,3.55,3.55,4903295,41429908.00
20150202,3.48,3.55,3.39,3.50,3311779,27145660.00
20150203,3.51,3.54,3.48,3.53,2093343,17390484.00
20150204,3.53,3.69,3.47,3.60,5195026,44126628.00
20150205,3.59,3.63,3.52,3.55,3267351,27622284.00
20150206,3.56,3.58,3.44,3.45,2004241,16557776.00
20150209,3.51,3.54,3.45,3.48,2081095,17118308.00
20150210,3.50,3.52,3.47,3.51,1427993,11769827.00
20150211,3.53,3.80,3.51,3.71,7634280,66306624.00
20150212,3.71,3.97,3.68,3.83,18842955,170447808.00
20150213,3.83,3.86,3.75,3.81,7849693,70356320.00
20150216,3.78,3.90,3.78,3.87,6582683,59980060.00
20150217,3.87,3.90,3.84,3.86,4635748,42280756.00
20150225,3.83,4.04,3.75,3.94,6865788,63236372.00
20150226,3.90,4.10,3.90,3.96,8052873,76056360.00
20150227,3.97,4.10,3.93,4.08,9496941,89763800.00
20150302,4.04,4.09,3.90,4.08,8823900,83035928.00
20150303,4.07,4.34,4.02,4.22,15630448,155345424.00
20150304,4.20,4.49,4.19,4.43,12144372,125927656.00
20150305,4.37,4.87,4.35,4.67,19358162,213438656.00
20150306,4.63,4.73,4.40,4.46,10833418,115468480.00
20150309,4.43,4.46,4.24,4.41,7870348,80751424.00
20150310,4.41,4.72,4.40,4.67,11937465,128883456.00
20150311,4.61,4.96,4.59,4.87,13229859,149062640.00
20150624,5.36,5.36,5.36,5.36,509777,4944837.00
20150625,5.90,5.90,5.90,5.90,610237,6511229.00
20150626,6.49,6.49,6.09,6.49,29817420,345883328.00
20150629,7.14,7.14,5.84,6.11,52938694,632174400.00
20150630,5.50,6.28,5.50,5.87,34108727,355815552.00
20150701,5.83,6.46,5.58,6.46,37623100,428844160.00
20150702,6.25,6.82,5.81,6.08,46954639,535847872.00
20150703,5.53,6.02,5.47,5.47,21973266,221117632.00
20150706,5.93,5.93,4.92,4.92,19827668,189010880.00
20150707,4.42,4.42,4.42,4.42,1193400,9559134.00
20150714,4.87,4.87,4.87,4.87,2518146,22184866.00
20150715,5.17,5.17,4.38,4.38,22351062,189684608.00
20150716,4.14,4.53,3.94,4.16,26331158,199076496.00
20150717,4.17,4.51,4.09,4.51,21263353,167462832.00
20150720,4.46,4.79,4.34,4.56,21924583,181830416.00
20150721,4.49,4.68,4.37,4.58,17325279,143558288.00
20150722,4.63,4.84,4.54,4.77,20536191,174658160.00
20150723,4.81,5.04,4.76,4.97,20564579,182472416.00
20150724,4.97,5.17,4.78,4.89,23047415,207283408.00
20150727,4.74,4.91,4.40,4.40,18392106,155813888.00
20150728,4.03,4.36,3.96,4.08,17423841,129699472.00
20150729,4.19,4.49,4.01,4.46,13996077,106637768.00
20150730,4.38,4.56,4.24,4.27,14117187,113501432.00
20150731,4.19,4.36,4.06,4.16,9499515,72070816.00
20150803,4.06,4.14,3.75,3.87,9278927,66131132.00
20150804,3.86,4.25,3.83,4.22,11658540,85537968.00
20150805,4.20,4.65,4.14,4.65,27337833,219292832.00
20150806,4.53,5.06,4.42,4.81,33624502,295528992.00
20150807,4.74,5.29,4.74,5.29,29566289,274600544.00
20150810,5.46,5.83,5.39,5.83,23542404,238557488.00
20150811,5.96,6.41,5.62,6.41,33243264,363895776.00
20150812,6.14,7.06,6.06,7.05,42631928,522948800.00
20150813,6.95,6.95,6.34,6.61,66514992,794377920.00
20150814,6.53,7.19,6.27,6.34,54842819,660841920.00
20150817,6.14,6.69,5.98,6.52,45217716,522464800.00
20150818,6.34,6.42,5.87,5.87,28727246,316913664.00
20150819,5.48,6.02,5.34,5.78,30151334,305685376.00
20150820,5.65,5.97,5.44,5.47,27092730,280375488.00
20150821,5.31,5.39,4.92,4.92,22917236,211033632.00
20150824,4.59,4.68,4.42,4.42,11050279,89776848.00
20150825,3.98,4.85,3.98,4.69,42593035,329652512.00
20150826,4.75,5.17,4.54,5.04,54039126,479296768.00
20150827,4.88,5.08,4.53,5.07,38639374,337808672.00
20150828,4.92,5.50,4.82,5.31,40736607,377547552.00
20150831,5.14,5.14,4.77,4.77,28196824,251404288.00
20150901,4.48,4.58,4.29,4.29,16739460,131939344.00
20150902,3.96,4.39,3.86,3.86,19528382,142054864.00
20150907,3.92,4.12,3.82,3.87,16834575,121438712.00
20150908,3.81,4.26,3.72,4.26,25441658,189227344.00
20150909,4.33,4.58,4.31,4.55,30843781,248655936.00
20150910,4.39,4.46,4.19,4.25,21271381,167857824.00
20150911,4.22,4.38,4.21,4.37,15587687,121635584.00
20150914,4.38,4.44,3.93,3.93,18802728,139957936.00
20150915,3.75,4.33,3.70,4.33,40660893,312395328.00
20150916,4.51,4.76,4.38,4.76,54278707,451600192.00
20150917,4.51,5.06,4.49,4.59,46933816,401175904.00
20150918,4.59,4.97,4.42,4.75,35709671,304012416.00
20150921,4.62,5.07,4.53,4.93,37127375,322138784.00
20150922,4.88,4.95,4.67,4.71,28958851,252275536.00
20150923,4.56,5.18,4.56,5.18,46044419,411598048.00
20150924,5.29,5.71,5.14,5.71,50938881,495966592.00
20150925,5.61,6.22,5.48,5.86,51769686,539732160.00
20150928,5.67,5.78,5.41,5.58,31560442,318869664.00
20150929,5.36,5.75,5.31,5.31,32319236,322243616.00
20150930,5.42,5.47,5.06,5.06,27211738,257565808.00
20151008,5.23,5.40,5.14,5.21,26912863,257264368.00
20151009,5.19,5.73,5.19,5.73,22600889,229235008.00
20151012,5.87,6.16,5.71,5.93,45676062,488723424.00
20151013,5.86,6.19,5.81,6.07,32991459,360400896.00
20151014,5.95,6.04,5.67,5.71,29269508,308278848.00
20151015,5.66,6.28,5.65,6.28,33284858,367318272.00
20151016,6.63,6.63,6.09,6.17,46482695,533273376.00
20151019,6.23,6.79,5.87,6.79,43653414,494236032.00
20151020,6.62,6.76,6.42,6.60,32047462,381079744.00
20151021,6.49,7.08,6.08,6.25,45128288,541303744.00
20151022,6.22,6.86,6.22,6.73,39749871,470411072.00
20151023,6.70,7.01,6.42,6.73,41285767,502312320.00
20151026,6.74,7.28,6.42,6.92,40252642,500684640.00
20151027,6.72,6.82,6.49,6.70,25098669,302295616.00
20151028,6.73,6.93,6.19,6.32,24978746,296963552.00
20151029,6.39,6.47,6.17,6.33,19070060,217844224.00
20151030,6.32,6.44,5.97,6.14,19274574,216798624.00
20151102,6.08,6.36,5.92,6.03,13831608,154454768.00
20151103,6.09,6.18,5.87,6.03,12800827,139616800.00
20151104,6.08,6.53,6.06,6.43,25017081,286572960.00
20151105,6.43,6.56,6.26,6.40,23508214,272226656.00
20151106,6.29,6.53,6.29,6.41,21348825,248090288.00
20151109,6.41,6.52,6.14,6.42,23812844,273150272.00
20151110,6.36,7.07,6.28,7.07,32768481,400542432.00
20151111,7.28,7.78,7.26,7.78,41178099,556853504.00
20151112,8.13,8.28,7.59,7.91,42562125,606958208.00
20151113,7.72,8.11,7.39,7.62,32985101,461196000.00
20151116,7.46,8.30,7.39,8.06,28941381,416306464.00
20151117,8.08,8.58,7.93,7.98,29990621,443989792.00
20151118,7.89,8.07,7.55,7.60,21069884,295295232.00
20151119,7.54,8.28,7.47,8.24,20132594,283556960.00
20151120,8.24,8.54,8.00,8.09,24620916,367800288.00
20151123,7.98,8.45,7.86,8.01,19505183,287085024.00
20151124,7.97,8.09,7.62,7.83,16045745,225331360.00
20151125,7.77,8.03,7.73,7.86,16274954,230668576.00
20151126,7.86,8.65,7.76,8.65,25466796,384412672.00
20151127,8.52,9.07,7.81,7.94,42680179,664323008.00
20151130,7.95,8.12,7.21,7.77,30175907,419193504.00
20151201,7.69,7.81,7.41,7.53,17919735,245979648.00
20151202,7.43,7.85,7.24,7.64,17785520,244423056.00
20151203,7.65,8.08,7.50,7.99,20585560,289673984.00
20151204,7.94,8.42,7.88,8.03,20476106,300470880.00
20151207,8.04,8.32,7.92,8.30,17034371,249709888.00
20151208,8.22,8.42,7.81,7.90,18103085,266506624.00
20151209,7.75,8.69,7.54,8.69,31052809,456406432.00
20151210,8.51,9.22,8.51,8.63,38992943,619597696.00
20151211,8.54,9.19,8.48,8.81,28942708,462792288.00
20151214,8.63,8.84,8.24,8.58,19848473,303470592.00
20151215,8.56,9.42,8.56,9.24,26648853,431120416.00
20151216,9.14,9.52,8.92,9.08,24281812,403866080.00
20151217,8.86,9.75,8.86,9.54,27602076,465473056.00
20151218,9.42,9.86,9.32,9.56,25403896,437616288.00
20151221,9.46,9.55,9.18,9.26,17916265,301687072.00
20151222,9.23,9.49,9.14,9.26,14357250,240902160.00
20151223,9.28,9.84,9.15,9.40,25838752,443655392.00
20151224,9.25,9.36,8.76,8.94,19306876,313675392.00
20151225,8.93,9.29,8.92,9.01,10859881,177705024.00
20151228,9.03,9.09,8.57,8.60,16056949,254681792.00
20151229,8.68,9.16,8.54,8.97,14159730,226584624.00
20151230,8.91,9.17,8.87,9.01,11533711,188294480.00
20151231,9.10,9.14,8.69,8.69,9647959,154248688.00
20160104,8.69,8.79,7.82,7.82,13821417,199977552.00
20160105,7.06,7.69,7.04,7.21,17277851,227534464.00
20160106,7.28,7.57,7.13,7.52,11913176,158194400.00
20160107,7.19,7.34,6.77,6.77,3229900,40668368.00
20160108,6.97,7.01,6.09,6.68,16351266,195420048.00
20160111,6.43,6.58,6.01,6.01,14658037,166245936.00
20160112,5.98,6.31,5.81,6.19,10931453,121164008.00
20160113,6.21,6.36,5.76,5.88,9940221,110036064.00
20160114,5.64,6.26,5.56,6.22,11720171,126696296.00
20160115,6.11,6.27,5.73,5.87,9956134,108481368.00
20160118,5.77,6.14,5.59,6.00,10672442,115232592.00
20160119,5.94,6.47,5.93,6.43,16904075,192097728.00
20160120,6.33,6.43,6.19,6.26,12915066,147384320.00
20160121,6.11,6.28,5.75,5.75,11908822,129600304.00
20160122,5.81,5.96,5.57,5.87,8716098,91542144.00
20160125,5.89,6.22,5.89,6.04,9853240,107952848.00
20160126,5.96,5.97,5.43,5.43,9820870,101153896.00
20160127,5.44,5.53,4.89,5.30,10220932,96081776.00
20160128,5.18,5.29,4.82,4.87,7193510,66302700.00
20160129,4.84,5.23,4.82,5.12,8350967,76112544.00
20160201,5.10,5.63,5.08,5.46,16759543,165971808.00
20160202,5.53,5.74,5.42,5.65,13688690,138106032.00
20160203,5.53,5.64,5.39,5.60,8748261,87059528.00
20160204,5.63,5.78,5.63,5.67,8470215,87176280.00
20160205,5.78,5.78,5.51,5.52,6940865,70320976.00
20160215,5.25,5.48,5.15,5.42,6123918,59324440.00
20160216,5.46,5.77,5.44,5.73,9672235,99228040.00
20160217,5.72,5.96,5.64,5.93,15337037,162457776.00
20160218,5.98,6.06,5.81,5.82,10158465,108601992.00
20160219,5.76,6.02,5.76,5.95,10183807,109017584.00
20160222,6.07,6.55,6.06,6.55,21412574,248231664.00
20160223,6.53,6.79,6.28,6.74,25906201,303838656.00
20160224,6.64,6.75,6.46,6.52,16392955,195126528.00
20160225,6.62,6.89,5.92,6.03,19611606,228343664.00
20160226,6.17,6.45,6.03,6.27,18235586,205916032.00
20160229,6.14,6.21,5.64,5.64,14579271,151906576.00
20160301,5.75,5.81,5.23,5.65,13999845,140827776.00
20160302,5.65,6.19,5.57,6.16,17340367,186069024.00
20160303,6.19,6.33,6.01,6.11,19622747,218432704.00
20160304,6.04,6.31,5.85,5.98,13936238,153320496.00
20160307,6.03,6.29,6.03,6.22,10913885,121918784.00
20160308,6.19,6.26,5.82,6.25,10971568,120582864.00
20160309,6.11,6.23,5.97,5.99,8013161,88150488.00
20160310,5.99,6.12,5.81,5.87,6546748,70656464.00
20160311,5.91,6.33,5.78,6.31,11423670,124797896.00
20160314,6.32,6.70,6.31,6.46,15704528,184238064.00
20160315,6.41,6.69,6.39,6.50,12810803,151010592.00
20160316,6.56,6.85,6.54,6.57,16759501,202165728.00
20160317,6.58,6.89,6.48,6.89,17539981,213118416.00
20160318,6.97,7.58,6.97,7.58,28183966,376876192.00
20160321,7.74,7.78,7.50,7.60,23247305,319965824.00
20160322,7.41,7.56,7.33,7.43,13706184,184213296.00
20160323,7.39,7.77,7.38,7.65,13978688,192304416.00
20160324,7.68,8.05,7.42,7.62,20126489,282279744.00
20160325,7.59,7.59,7.28,7.56,10929080,146817408.00
20160328,7.71,7.90,7.42,7.46,12963263,180248000.00
20160329,7.37,7.51,7.08,7.17,10212380,134517568.00
20160330,7.32,7.56,7.19,7.54,8729506,115845488.00
20160331,7.61,7.87,7.61,7.64,12018562,167775456.00
20160401,7.64,7.64,7.20,7.56,9669452,130331504.00
20160405,7.63,7.74,7.48,7.69,11702344,161244480.00
20160406,7.64,7.87,7.56,7.81,12898354,179266528.00
20160407,7.89,8.08,7.56,7.57,16244336,230494208.00
20160408,7.56,7.56,7.22,7.42,10293099,136582144.00
20160411,7.47,7.57,7.36,7.49,8903557,120464336.00
20160412,7.52,7.53,7.14,7.30,11457407,150807280.00
20160413,7.29,7.41,7.29,7.29,11387897,151337584.00
20160414,7.31,7.34,7.20,7.31,8662815,113874672.00
20160415,7.34,7.45,7.25,7.45,10755310,143503168.00
20160418,7.46,7.83,7.33,7.76,19437287,268437664.00
20160419,7.75,7.76,7.51,7.61,10766718,147786832.00
20160420,7.64,7.68,6.84,6.94,15066124,195372688.00
20160421,6.91,7.02,6.70,6.75,7919718,98042608.00
20160422,6.64,6.86,6.58,6.77,6358079,77306984.00
20160425,6.74,6.79,6.49,6.62,5860614,70193560.00
20160426,6.64,6.76,6.63,6.74,4917586,59522220.00
20160427,6.75,6.88,6.70,6.74,6323525,77586968.00
20160428,6.77,6.82,6.49,6.78,6679630,80364232.00
20160429,6.89,6.89,6.75,6.77,5394320,66351052.00
20160503,6.77,7.01,6.74,7.00,7961052,99197832.00
20160504,6.97,7.01,6.84,6.91,8444413,105586000.00
20160505,6.91,6.98,6.86,6.92,6684701,83649008.00
20160506,6.92,6.97,6.44,6.44,11442413,137725520.00
20160509,6.42,6.42,5.99,6.02,8356091,92455560.00
20160510,6.02,6.16,5.98,6.04,5230355,57310156.00
20160511,6.09,6.15,5.97,5.99,4402731,48148700.00
20160512,5.94,5.94,5.75,5.87,5319210,55986292.00
20160513,5.81,5.93,5.70,5.75,5595600,58841740.00
20160516,5.68,6.00,5.68,6.00,6002897,63490124.00
20160517,6.01,6.03,5.84,5.88,8416436,89780160.00
20160518,5.81,5.81,5.52,5.59,6850079,69987968.00
20160519,5.59,5.80,5.59,5.64,6108162,63031396.00
20160520,5.58,5.71,5.54,5.70,5642508,57621020.00
20160523,5.74,5.92,5.72,5.81,6294259,66124264.00
20160524,5.78,5.94,5.74,5.89,9045950,95605928.00
20160525,5.93,5.94,5.77,5.82,6108523,64630320.00
20160526,5.84,5.84,5.61,5.81,5860567,60705788.00
20160527,5.82,5.86,5.75,5.82,4431958,46531620.00
20160530,5.75,5.89,5.71,5.79,4877498,51285660.00
20160531,5.80,6.08,5.80,6.07,10177240,109923576.00
20160601,6.23,6.28,6.09,6.09,13434031,149444512.00
20160602,6.02,6.14,6.02,6.13,8212912,90414056.00
20160603,6.13,6.15,6.03,6.09,6352011,69901920.00
20160606,6.10,6.17,6.04,6.08,5150241,56732288.00
20160607,6.08,6.49,5.99,6.38,13154672,149087168.00
20160608,6.33,6.33,6.15,6.20,8775469,98717152.00
20160613,6.08,6.08,5.63,5.67,7703188,82727720.00
20160614,5.68,6.00,5.67,5.85,7747477,81860656.00
20160615,5.73,6.22,5.69,6.13,10410080,113252576.00
20160616,6.13,6.39,6.08,6.34,13445712,152057152.00
20160617,6.36,6.47,6.20,6.28,10562020,121141248.00
20160620,6.28,6.34,6.21,6.26,6811332,77203584.00
20160621,6.29,6.33,5.99,6.05,9340824,103525328.00
20160622,5.99,6.18,5.99,6.16,5040897,55567588.00
20160623,6.18,6.21,6.09,6.11,5904290,65455872.00
20160624,6.14,6.23,5.81,6.13,8094887,88868048.00
20160627,6.06,6.24,6.03,6.22,7857814,87679320.00
20160628,6.27,6.46,6.22,6.44,12771762,147185840.00
20160629,6.47,6.48,6.26,6.34,12718550,145494912.00
20160630,6.31,6.46,6.25,6.36,13085996,150077568.00
20160701,6.42,6.68,6.32,6.42,14868569,174625312.00
20160704,6.37,6.59,6.33,6.54,11589400,136404576.00
20160705,6.64,6.81,6.49,6.72,15336979,184707552.00
20160706,6.65,6.69,6.56,6.66,9855669,117914648.00
20160707,6.66,6.66,6.44,6.54,9487923,112273688.00
20160708,6.55,6.67,6.47,6.58,7889576,94142128.00
20160711,6.59,6.62,6.46,6.48,6669050,78959016.00
20160712,6.47,6.63,6.42,6.62,7237294,85486856.00
20160713,6.61,6.71,6.52,6.54,7630467,91113560.00
20160714,6.57,6.61,6.50,6.56,4990494,59107032.00
20160715,6.57,6.57,6.45,6.47,5752113,67607320.00
20160718,6.44,6.51,6.39,6.46,3890665,45438028.00
20160719,6.47,6.52,6.42,6.52,4019246,47032664.00
20160720,6.50,6.68,6.49,6.63,8392065,100328024.00
20160721,6.61,6.69,6.56,6.57,5544409,66174124.00
20160722,6.56,7.23,6.55,7.23,21649843,267971472.00
20160725,6.97,7.47,6.95,7.09,24517448,316034496.00
20160726,7.11,7.24,6.94,7.04,12453786,158249040.00
20160727,7.09,7.12,6.37,6.46,15534116,188579040.00
20160728,6.47,6.56,6.31,6.39,8926522,103421304.00
20160729,6.41,6.47,6.33,6.39,6143661,71075904.00
20160801,6.44,6.61,6.29,6.48,9831135,115341448.00
20160802,6.44,6.53,6.29,6.43,7609648,87746992.00
20160803,6.42,6.48,6.35,6.43,5365460,62151648.00
20160804,6.39,6.43,6.32,6.42,5027715,58011148.00
20160805,6.41,6.47,6.31,6.31,5028554,58033056.00
20160808,6.21,6.27,6.11,6.25,5845342,65302424.00
20160809,6.24,6.33,6.20,6.31,4653437,52743220.00
20160810,6.31,6.35,6.24,6.24,4247156,48221572.00
20160811,6.23,6.24,6.08,6.16,5429838,60410352.00
20160812,6.12,6.19,6.11,6.18,4120887,45882328.00
20160815,6.17,6.38,6.14,6.33,6028842,68470520.00
20160816,6.33,6.39,6.27,6.36,5890032,67383400.00
20160817,6.35,6.37,6.27,6.32,4559587,52067500.00
20160818,6.29,6.43,6.29,6.34,6139455,70686296.00
20160819,6.33,6.57,6.31,6.53,9798470,114749088.00
20160822,6.58,6.62,6.42,6.44,7897921,92990208.00
20160823,6.43,6.47,6.28,6.35,7272621,83494760.00
20160824,6.39,6.56,6.34,6.47,7851446,91546368.00
20160825,6.36,6.38,6.20,6.29,6320071,71725976.00
20160826,6.30,6.39,6.24,6.32,4074995,46636292.00
20160829,6.31,6.33,6.25,6.31,2907764,33069378.00
20160830,6.29,6.36,6.24,6.33,3744176,42651152.00
20160831,6.30,6.32,6.24,6.27,3434312,38937916.00
20160901,6.27,6.33,6.25,6.27,3751325,42703612.00
20160902,6.25,6.30,6.19,6.23,3301873,37319760.00
20160905,6.29,6.51,6.26,6.37,7081048,81815480.00
20160906,6.37,6.44,6.26,6.44,6654869,76520104.00
20160907,6.42,6.49,6.37,6.38,5952267,69161376.00
20160908,6.37,6.52,6.37,6.51,8022567,93569184.00
20160909,6.53,6.58,6.42,6.43,7196483,84379672.00
20160912,6.21,6.28,6.10,6.13,7106609,79621728.00
20160913,6.17,6.19,6.08,6.14,3496989,38829288.00
20160914,6.17,6.21,6.12,6.14,2870130,31954032.00
20160919,6.13,6.21,6.13,6.17,3170748,35347464.00
20160920,6.18,6.18,6.11,6.13,3123379,34685248.00
20160921,6.13,6.16,6.09,6.13,2456535,27247452.00
20160922,6.17,6.21,6.14,6.16,3766882,42082936.00
20160923,6.16,6.19,6.12,6.16,3148721,35013540.00
20160926,6.17,6.22,6.02,6.04,4568326,50822192.00
20160927,6.02,6.11,5.98,6.07,3454532,37708028.00
20160928,6.06,6.11,6.01,6.03,2380498,25971204.00
20160929,6.03,6.07,6.02,6.03,2457467,26862314.00
20160930,6.02,6.11,6.02,6.11,2548143,27982610.00
20161010,6.18,6.22,6.13,6.22,3848500,43065132.00
20161011,6.22,6.32,6.19,6.23,4467965,50496724.00
20161012,6.23,6.29,6.17,6.23,3080494,34603448.00
20161013,6.25,6.41,6.21,6.36,4963882,56343812.00
20161014,6.32,6.36,6.19,6.25,3878268,43850944.00
20161017,6.25,6.27,6.13,6.14,3482875,39070140.00
20161018,6.09,6.28,6.08,6.26,5608209,63288156.00
20161019,6.27,6.30,6.19,6.24,4695939,53019604.00
20161020,6.26,6.30,6.22,6.25,3642798,41197040.00
20161021,6.25,6.28,6.14,6.21,3977640,44647912.00
20161024,6.18,6.29,6.17,6.27,4089602,46218668.00
20161025,6.26,6.36,6.25,6.32,4852124,55430116.00
20161026,6.32,6.39,6.28,6.34,5568921,63789064.00
20161027,6.33,6.40,6.32,6.34,7320819,84229568.00
20161028,6.39,6.39,6.22,6.22,5530848,62913280.00
20161031,6.22,6.46,6.17,6.42,9108393,104665576.00
20161101,6.42,6.51,6.37,6.45,6440232,74732384.00
20161102,6.46,6.48,6.37,6.39,4907283,56763480.00
20161103,6.36,6.46,6.36,6.39,4916327,56963376.00
20161104,6.36,6.51,6.36,6.49,5967958,69302160.00
20161107,6.49,6.62,6.46,6.49,7640069,90243312.00
20161108,6.50,6.59,6.44,6.52,5271911,62229692.00
20161109,6.50,6.53,6.26,6.41,5764427,66688832.00
20161110,6.44,6.56,6.43,6.48,5877494,69037688.00
20161111,6.47,6.52,6.39,6.41,5659809,65841120.00
20161114,6.43,6.61,6.41,6.54,8416555,99284568.00
20161115,6.53,6.56,6.47,6.55,5858095,68910680.00
20161116,6.58,6.82,6.53,6.68,12193173,147557696.00
20161117,6.64,6.69,6.53,6.66,5744077,68748200.00
20161118,6.64,6.81,6.61,6.68,8047964,97767688.00
20161121,6.74,7.00,6.71,6.82,11333991,140126976.00
20161122,6.82,6.95,6.77,6.93,9719290,120686632.00
20161123,6.91,6.94,6.79,6.83,9215740,114408376.00
20161124,6.88,7.16,6.83,6.92,9551473,120419080.00
20161125,6.92,7.07,6.76,7.02,9531376,119465624.00
20161128,7.00,7.07,6.75,6.78,8245902,102468120.00
20161129,6.77,7.01,6.70,6.94,11705716,145040400.00
20161130,6.92,6.92,6.71,6.74,6579600,80898704.00
20161201,6.75,6.82,6.59,6.68,6981343,84535224.00
20161202,6.68,6.73,6.39,6.44,8271235,97542256.00
20161205,6.40,6.48,6.28,6.33,5668718,65351640.00
20161206,6.37,6.43,6.31,6.34,4262454,48994764.00
20161207,6.36,6.49,6.28,6.46,5243086,60843020.00
20161208,6.47,6.47,6.31,6.31,4658014,53725420.00
20161209,6.32,6.38,6.22,6.27,4420807,50340260.00
20161212,6.24,6.29,5.68,5.70,11560549,124127216.00
20161213,5.74,5.87,5.65,5.81,4931686,51411156.00
20161214,5.80,5.81,5.68,5.71,3486109,36276764.00
20161215,5.72,5.87,5.68,5.79,4009651,41996076.00
20161216,5.83,5.97,5.79,5.94,4491184,47995172.00
20161219,5.93,5.93,5.83,5.88,3082347,32723994.00
20161220,5.91,5.91,5.79,5.84,2587012,27257410.00
20161221,5.85,5.94,5.85,5.89,3321644,35374752.00
20161222,5.89,6.13,5.82,6.01,6521302,70692080.00
20161223,5.94,6.02,5.81,5.84,3940013,41908304.00
20161226,5.84,5.89,5.75,5.87,3193766,33614600.00
20161227,5.83,5.91,5.82,5.87,2534396,26934072.00
20161228,5.88,5.95,5.86,5.89,3309940,35307576.00
20161229,5.88,5.93,5.84,5.88,3005992,32022408.00
20161230,5.88,5.94,5.86,5.89,2422230,25827500.00
20170103,5.90,6.05,5.90,6.02,5623518,61101656.00
20170104,6.03,6.12,5.98,6.11,4141412,45463272.00
20170105,6.11,6.13,6.03,6.05,3215100,35295292.00
20170106,6.06,6.11,6.02,6.08,3188173,35017096.00
20170109,6.07,6.11,6.00,6.08,3376210,36908644.00
20170110,6.06,6.13,6.03,6.08,3081493,33879816.00
20170111,6.05,6.11,6.01,6.02,2266231,24774224.00
20170112,6.02,6.07,5.92,5.94,2137674,23179662.00
20170113,5.90,5.97,5.81,5.84,2503784,26725066.00
20170116,5.76,5.84,5.25,5.44,5149147,51771216.00
20170117,5.44,5.58,5.31,5.54,2838227,27959406.00
20170118,5.54,5.56,5.47,5.49,1754785,17504666.00
20170119,5.49,5.49,5.37,5.45,2078447,20394218.00
20170120,5.47,5.63,5.41,5.54,2775972,27878904.00
20170123,5.54,5.81,5.54,5.75,4173913,43106080.00
20170124,5.74,5.89,5.69,5.75,3237190,33883332.00
20170125,5.72,5.80,5.72,5.74,1538151,16036774.00
20170126,5.78,5.83,5.73,5.81,1243850,13050643.00
20170203,5.80,5.86,5.78,5.81,1313417,13806116.00
20170206,5.80,5.87,5.78,5.84,3192576,33673564.00
20170207,5.87,5.87,5.71,5.79,1908533,19953982.00
20170208,5.79,5.84,5.76,5.84,1846431,19401226.00
20170209,5.83,5.92,5.81,5.91,2534166,27003700.00
20170210,5.91,5.96,5.84,5.87,2828702,30120640.00
20170213,5.87,5.93,5.83,5.90,2794321,29730002.00
20170214,5.89,5.92,5.84,5.86,2200008,23403344.00
20170215,5.83,5.88,5.75,5.77,2703123,28505796.00
20170216,5.77,5.82,5.74,5.81,2300874,24093990.00
20170217,5.81,5.84,5.67,5.72,2596687,27034730.00
20170220,5.75,5.83,5.42,5.82,4134825,43099000.00
20170221,5.83,5.91,5.82,5.89,4024018,42656084.00
20170222,5.89,5.94,5.83,5.89,2792315,29680652.00
20170223,5.89,5.90,5.80,5.85,2588327,27332988.00
20170224,5.85,5.87,5.82,5.84,3251929,34328712.00
20170227,5.84,5.96,5.81,5.91,5852841,62501816.00
20170228,5.90,5.94,5.86,5.91,3306667,35278388.00
20170301,5.93,6.06,5.89,5.98,5714555,62074772.00
20170302,5.98,6.28,5.93,6.16,6424311,70581344.00
20170303,6.09,6.20,6.00,6.04,7429966,81427696.00
20170306,6.00,6.05,5.96,6.00,6925454,74988832.00
20170307,6.01,6.02,5.88,5.88,7819992,83908448.00
20170308,5.87,5.92,5.86,5.89,3343728,35620740.00
20170309,5.89,5.91,5.75,5.76,4312236,45236740.00
20170310,5.76,5.82,5.74,5.79,2901719,30351532.00
20170313,5.80,5.84,5.70,5.82,3547208,37018632.00
20170314,5.83,6.02,5.74,5.82,6756916,71456256.00
20170315,5.79,5.82,5.71,5.76,4134840,43085388.00
20170316,5.75,5.86,5.75,5.82,4308599,45415688.00
20170317,5.82,5.88,5.78,5.84,5573735,58943716.00
20170320,5.84,5.88,5.76,5.83,3218415,33903592.00
20170321,5.83,5.98,5.81,5.97,7439520,79316776.00
20170322,5.99,6.17,5.94,6.15,16608831,182638592.00
20170323,6.14,6.77,6.14,6.77,35110780,416730688.00
20170324,6.69,6.92,6.59,6.81,43199937,523335264.00
20170327,6.69,6.84,6.60,6.69,33126184,401854656.00
20170328,6.74,6.85,6.48,6.62,31131265,376194048.00
20170329,6.61,6.67,6.31,6.33,27854112,325239264.00
20170330,6.33,6.42,5.91,5.96,26373412,292037504.00
20170331,5.94,5.97,5.72,5.76,14109942,148549136.00
20170405,5.77,5.86,5.76,5.82,10189835,107108864.00
20170406,5.82,5.84,5.66,5.75,10247639,106338264.00
20170407,5.72,5.73,5.64,5.69,8269874,85025112.00
20170410,5.71,5.83,5.69,5.78,11484293,119858512.00
20170411,5.74,5.83,5.69,5.83,8373122,86973848.00
20170412,5.84,5.88,5.73,5.74,7631663,80345072.00
20170413,5.72,5.73,5.64,5.65,7409056,75984136.00
20170414,5.62,5.62,5.47,5.51,7764405,77728016.00
20170417,5.53,5.54,5.38,5.44,4491412,44378656.00
20170418,5.42,5.48,5.37,5.40,3323640,32655852.00
20170419,5.38,5.38,5.01,5.17,6729192,63261244.00
20170420,5.20,5.26,5.08,5.15,3555517,33196244.00
20170421,5.17,5.21,5.09,5.10,2590447,24045152.00
20170424,5.08,5.09,4.90,4.93,3177947,28578432.00
20170425,5.04,5.33,5.04,5.12,6236197,58434712.00
20170426,5.12,5.22,5.11,5.18,3735853,34845208.00
20170427,5.13,5.20,5.01,5.16,4277300,39480728.00
20170428,5.14,5.27,5.11,5.24,3465108,32660082.00
20170502,5.19,5.24,5.17,5.21,2381258,22431064.00
20170503,5.12,5.22,5.12,5.17,2461149,23078760.00
20170504,5.19,5.22,5.12,5.13,2710478,25360598.00
20170505,5.11,5.13,4.73,4.80,10858195,96583968.00
20170508,4.72,4.78,4.47,4.48,7692654,64759504.00
20170509,4.48,4.57,4.41,4.56,6714579,54590828.00
20170510,4.56,4.60,4.38,4.39,6164924,50313988.00
20170511,4.37,4.41,4.17,4.32,8963904,69523736.00
20170512,4.32,4.32,4.21,4.31,5075266,39398488.00
20170515,4.31,4.35,4.27,4.32,5322820,41547348.00
20170516,4.31,4.53,4.29,4.51,8108172,64776812.00
20170517,4.49,4.59,4.46,4.58,12676187,103663960.00
20170518,4.53,4.57,4.51,4.54,7454883,61229932.00
20170519,4.53,4.57,4.47,4.52,3394436,27759028.00
20170522,4.50,4.52,4.29,4.32,4839190,38686688.00
20170523,4.30,4.33,4.09,4.12,7494373,57078392.00
20170524,4.12,4.21,4.08,4.18,4652919,34974376.00
20170525,4.18,4.30,4.06,4.27,6308893,47805212.00
20170526,4.26,4.34,4.25,4.31,4244797,33002658.00
20170531,4.35,4.40,4.17,4.19,7009952,54612780.00
20170601,4.17,4.21,4.03,4.03,4927018,36829240.00
20170602,4.04,4.17,3.98,4.16,4491849,33237004.00
20170605,4.26,4.39,4.23,4.34,8074243,63213196.00
20170606,4.31,4.38,4.26,4.36,4464779,35124512.00
20170607,4.34,4.58,4.33,4.54,8759861,70948320.00
20170608,4.53,4.55,4.46,4.52,7847642,63982544.00
20170609,4.52,4.54,4.40,4.41,9685369,43046076.00
20170612,4.40,4.55,4.36,4.44,9472161,42297116.00
20170613,4.43,4.50,4.40,4.47,7165970,32035752.00
20170614,4.47,4.54,4.44,4.46,8326419,37327064.00
20170615,4.45,4.53,4.44,4.50,10267607,46165660.00
20170616,4.50,4.51,4.44,4.47,7356862,32868256.00
20170619,4.47,4.58,4.43,4.55,9442294,42558076.00
20170620,4.54,5.00,4.53,4.70,25103120,118954176.00
20170621,4.70,4.75,4.61,4.67,13342019,62340476.00
20170622,4.66,4.91,4.62,4.69,20676864,98128320.00
20170623,4.65,4.76,4.59,4.68,13242989,61787344.00
20170626,4.70,4.73,4.66,4.70,10016756,47073224.00
20170627,4.69,4.76,4.66,4.68,8474309,39771492.00
20170628,4.66,4.67,4.53,4.54,13236987,60496388.00
20170629,4.55,4.64,4.53,4.61,8861333,40568604.00
20170630,4.63,4.66,4.54,4.57,7776418,35799332.00
20170703,4.57,4.67,4.57,4.66,7959047,36876632.00
20170704,4.68,4.75,4.65,4.68,10785109,50627860.00
20170705,4.67,4.73,4.62,4.69,8681546,40530960.00
20170706,4.70,4.72,4.65,4.71,7827293,36679324.00
20170707,4.70,4.70,4.66,4.67,6665697,31174396.00
20170710,4.63,4.69,4.61,4.62,6190000,28755810.00
20170711,4.62,4.63,4.53,4.55,8566691,39168112.00
20170712,4.56,4.57,4.36,4.47,8353905,37272404.00
20170713,4.48,4.49,4.40,4.46,5092920,22703412.00
20170714,4.46,4.47,4.42,4.43,3961291,17613704.00
20170717,4.45,4.45,4.11,4.11,12030973,50785856.00
20170718,4.05,4.16,4.05,4.14,7292566,29907540.00
20170719,4.15,4.23,4.10,4.21,6667902,27769052.00
数据来源:通达信
