002653 海思科 日线 前复权
      日期	    开盘	    最高	    最低	    收盘	    成交量	    成交额
20120117,4.82,5.74,4.71,5.38,9507730,174597120.00
20120118,5.12,5.15,4.68,4.68,5385445,95157632.00
20120119,4.56,4.68,4.49,4.54,3034584,51047512.00
20120120,4.54,4.70,4.54,4.61,1696003,28811310.00
20120130,4.68,4.82,4.66,4.75,2426285,41961600.00
20120131,4.71,4.74,4.60,4.72,1277265,21845540.00
20120201,4.68,4.81,4.67,4.69,1380193,23870554.00
20120202,4.70,4.78,4.64,4.74,1243067,21366794.00
20120203,4.73,4.81,4.70,4.81,1735766,30196288.00
20120206,4.85,4.88,4.78,4.81,1812074,31739002.00
20120207,4.89,5.25,4.83,5.10,4894819,89130112.00
20120208,4.96,5.19,4.90,5.17,3095809,56068892.00
20120209,5.12,5.23,5.08,5.18,2906659,53485456.00
20120210,5.19,5.25,5.04,5.18,2506708,46119208.00
20120213,5.13,5.32,5.03,5.30,2561241,47415452.00
20120214,5.26,5.29,5.13,5.15,1709375,31553368.00
20120215,5.14,5.23,5.11,5.19,1654120,30587062.00
20120216,5.16,5.22,5.07,5.11,1669743,30651478.00
20120217,5.12,5.18,5.01,5.08,1272026,23163418.00
20120220,5.15,5.15,5.07,5.08,1176135,21494040.00
20120221,5.08,5.24,5.03,5.24,1865278,34383968.00
20120222,5.24,5.33,5.21,5.32,2542383,47606308.00
20120223,5.30,5.44,5.27,5.34,2186085,41523076.00
20120224,5.34,5.37,5.27,5.36,1853739,34987340.00
20120227,5.35,5.55,5.33,5.37,2518202,48243452.00
20120228,5.31,5.59,5.25,5.56,3504669,67270808.00
20120301,5.37,5.55,5.22,5.42,2120291,40452596.00
20120302,5.54,5.74,5.45,5.70,3191337,62805724.00
20120305,5.75,5.90,5.68,5.74,4193544,84185760.00
20120306,5.72,5.89,5.72,5.86,4286805,86334752.00
20120307,5.76,5.85,5.67,5.77,3114471,62295452.00
20120308,5.78,5.78,5.55,5.67,2830606,54170204.00
20120309,5.65,5.78,5.64,5.74,2294286,44310288.00
20120312,5.71,5.90,5.68,5.82,2805064,54740060.00
20120313,5.82,5.93,5.70,5.89,3011494,59183312.00
20120314,5.89,5.90,5.16,5.36,3821709,72540368.00
20120315,5.36,5.40,5.05,5.34,2258860,40845848.00
20120316,5.34,5.49,5.27,5.49,1697268,31333174.00
20120319,5.50,5.51,5.34,5.48,1322279,24541480.00
20120320,5.52,5.53,5.27,5.27,1226755,22592894.00
20120321,5.28,5.37,5.07,5.30,1463791,26243148.00
20120322,5.28,5.29,5.17,5.20,746674,13441772.00
20120323,5.12,5.40,5.12,5.23,1609414,29309558.00
20120326,5.22,5.30,5.12,5.25,788119,14131703.00
20120327,5.30,5.32,5.17,5.18,527398,9482817.00
20120328,5.18,5.18,4.79,4.82,1392396,23983856.00
20120329,4.75,5.03,4.75,4.97,2678491,46308540.00
20120330,5.04,5.08,4.94,5.04,997574,17377676.00
20120405,5.04,5.19,4.97,5.18,1185156,20913014.00
20120406,5.18,5.18,5.04,5.13,802482,14210291.00
20120409,5.10,5.17,5.06,5.15,757345,13422868.00
20120410,5.10,5.34,5.06,5.32,1401826,25224266.00
20120411,5.23,5.33,5.19,5.27,700608,12635666.00
20120412,5.30,5.34,5.23,5.32,1055502,19191450.00
20120413,5.34,5.34,5.20,5.28,1238900,22430660.00
20120416,5.19,5.34,5.17,5.30,841568,15244033.00
20120417,5.30,5.40,5.24,5.25,1482757,27053446.00
20120418,5.28,5.38,5.25,5.38,1413140,25829962.00
20120419,5.34,5.43,5.30,5.32,1033932,18983242.00
20120420,5.34,5.40,5.31,5.39,1184747,21763320.00
20120423,5.41,5.41,5.01,5.24,1700623,30567062.00
20120424,5.15,5.20,4.87,5.11,1042901,18282346.00
20120425,5.05,5.19,5.05,5.12,825640,14622668.00
20120426,5.15,5.17,5.01,5.07,687071,12059000.00
20120427,5.07,5.12,5.01,5.09,625924,10988004.00
20120502,5.17,5.32,5.11,5.28,1289780,23200010.00
20120503,5.23,5.51,5.23,5.49,2057453,38075776.00
20120504,5.53,5.63,5.45,5.60,2561699,48391396.00
20120507,5.58,5.59,5.46,5.57,1570645,29457732.00
20120508,5.52,5.55,5.45,5.48,1061918,19857760.00
20120509,5.45,5.54,5.36,5.43,1703941,31635102.00
20120510,5.41,5.62,5.41,5.48,1501295,28216568.00
20120511,5.48,5.61,5.41,5.57,2011733,37908776.00
20120514,5.60,5.70,5.46,5.51,1886797,35777960.00
20120515,5.39,5.49,5.36,5.44,1008209,18663058.00
20120516,5.38,5.45,5.31,5.31,461133,8496924.00
20120517,5.32,5.43,5.32,5.40,782920,14433071.00
20120518,5.34,5.40,5.24,5.25,883922,16146030.00
20120521,5.26,5.35,5.20,5.29,620101,11240291.00
20120522,5.35,5.47,5.34,5.42,1086523,20102232.00
20120523,5.41,5.69,5.41,5.67,2678496,50716604.00
20120524,5.64,6.07,5.61,5.71,4926534,97415344.00
20120525,5.76,5.89,5.65,5.76,2721549,52967696.00
20120528,5.81,6.11,5.72,6.01,3676257,73414320.00
20120529,6.07,6.07,5.87,5.90,2908038,57839528.00
20120530,5.88,6.15,5.88,5.95,3221408,65027044.00
20120531,5.86,6.18,5.83,6.08,2786039,56467856.00
20120601,6.11,6.11,5.97,6.05,1504982,30346320.00
20120604,5.91,6.11,5.90,5.90,2287000,45858264.00
20120605,5.90,6.03,5.73,5.85,1647184,32558468.00
20120606,5.97,6.41,5.91,6.23,4261029,88254216.00
20120607,6.23,6.47,6.11,6.25,2942943,61474280.00
20120608,6.25,6.46,6.18,6.41,3630828,76420448.00
20120611,6.35,6.93,6.23,6.93,4430877,96219280.00
20120612,6.80,7.51,6.78,7.32,4346082,101657728.00
20120613,7.28,8.20,7.13,8.20,5027550,123709048.00
20120614,8.20,8.39,7.86,8.03,7151745,183555216.00
20120615,8.06,8.37,7.75,7.92,5652602,145036528.00
20120618,7.97,8.32,7.83,8.17,4281373,110512912.00
20120619,8.17,8.19,7.77,8.14,4656657,118393168.00
20120620,8.05,8.28,7.90,7.94,2830371,72639928.00
20120621,7.82,8.19,7.77,8.10,2981301,75671160.00
20120625,7.98,8.19,7.89,7.97,3053005,77989344.00
20120626,7.75,7.78,7.23,7.60,3621522,87668224.00
20120627,7.49,8.13,7.45,8.04,3386122,85212432.00
20120628,8.03,8.96,7.92,8.60,3768033,99898744.00
20120629,8.53,9.55,8.50,9.27,6052911,172659872.00
20120702,9.08,9.55,9.00,9.38,2766243,79964424.00
20120703,9.31,9.59,9.12,9.49,2720254,79313744.00
20120704,9.45,9.50,9.17,9.21,1921483,55724716.00
20120705,9.17,9.25,8.83,9.14,1516588,42964724.00
20120706,9.14,9.58,8.86,9.38,1890217,54416216.00
20120709,9.23,9.48,8.97,9.04,1474270,42237820.00
20120710,8.75,8.95,8.57,8.70,1192408,32951206.00
20120711,8.75,9.28,8.62,9.20,2891024,81640896.00
20120712,9.15,10.18,9.10,10.14,3754096,111789752.00
20120713,9.87,10.10,9.55,9.85,2534412,77121680.00
20120716,9.85,10.57,8.72,8.75,5715945,163150640.00
20120717,8.40,9.04,8.34,8.93,1985760,53926192.00
20120718,9.01,9.07,8.46,8.82,1555154,42938060.00
20120719,8.74,9.05,8.58,8.97,1276732,35661644.00
20120720,8.86,9.47,8.86,9.12,1422435,40892416.00
20120723,9.12,9.33,8.80,9.18,1042924,29623310.00
20120724,9.08,9.08,8.45,8.69,3063511,83726584.00
20120725,8.78,8.84,8.58,8.65,1134965,31137488.00
20120726,8.64,8.74,7.82,7.98,2028962,53022956.00
20120727,7.97,8.49,7.96,8.33,2228840,58554288.00
20120730,8.21,8.39,7.75,8.00,1050669,27034290.00
20120731,7.87,8.36,7.87,8.14,1017549,26362734.00
20120801,8.02,8.62,8.02,8.58,1738173,46456100.00
20120802,8.56,9.10,8.50,8.91,2076358,57826676.00
20120803,8.90,9.25,8.70,9.22,1903419,53720992.00
20120806,9.04,9.50,9.01,9.38,1609063,46543864.00
20120807,9.36,9.38,9.08,9.17,1651020,47416252.00
20120808,9.17,9.17,8.82,8.93,1569434,44017504.00
20120809,8.97,9.93,8.90,9.88,2863602,84403360.00
20120810,9.78,10.58,9.63,10.37,2843412,88520688.00
20120813,10.30,10.78,9.93,9.97,1745668,55188604.00
20120814,9.90,10.12,9.53,9.99,1719027,52347312.00
20120815,9.86,10.41,9.75,9.90,1311009,40978824.00
20120816,9.78,10.04,9.49,9.55,785645,23690446.00
20120817,9.49,9.63,9.23,9.55,1059645,30941728.00
20120820,9.47,9.93,9.31,9.78,1729962,52237852.00
20120821,9.75,10.32,9.74,10.10,1430316,44518100.00
20120822,10.10,10.28,9.87,9.88,1342392,41558196.00
20120823,9.97,9.97,9.52,9.81,1197521,36003216.00
20120824,9.77,9.78,9.40,9.40,687209,20464978.00
20120827,9.31,9.99,9.16,9.71,1800795,54128576.00
20120828,9.58,9.91,9.51,9.74,1332305,40193708.00
20120829,9.70,10.23,9.58,10.01,1591849,49000524.00
20120830,9.96,10.03,8.88,9.37,1994593,58500552.00
20120831,9.26,9.55,9.16,9.37,827427,24156380.00
20120903,9.37,9.81,9.18,9.67,1350174,39794252.00
20120904,9.64,9.89,9.46,9.53,1200970,35987268.00
20120905,9.50,9.63,9.33,9.44,639835,18868994.00
20120906,9.56,9.88,9.49,9.88,919649,27690764.00
20120907,9.93,10.58,9.93,10.02,2201054,69065496.00
20120910,9.99,10.03,9.77,10.02,1360946,41595892.00
20120911,9.90,11.01,9.86,10.94,3455969,112660592.00
20120912,11.01,11.07,10.64,11.03,2197825,72882104.00
20120913,10.88,10.99,10.60,10.60,1175899,38722036.00
20120914,10.64,10.97,10.32,10.86,1407369,46126644.00
20120917,10.90,11.26,10.38,10.41,1849671,61863600.00
20120918,10.31,10.45,10.04,10.08,1094156,34559548.00
20120919,10.16,10.29,9.93,10.22,899378,28078600.00
20120920,10.22,10.22,9.49,9.56,1358386,41062916.00
20120921,9.57,9.81,9.50,9.59,683372,20460264.00
20120924,9.51,9.81,9.14,9.67,1127671,33356956.00
20120925,9.60,9.77,9.44,9.61,918778,27508308.00
20120926,9.53,9.73,9.18,9.49,844030,24632220.00
20120927,9.45,9.75,9.29,9.65,951354,28376324.00
20120928,9.59,9.99,9.50,9.96,956113,29135610.00
20121008,9.93,10.40,9.93,10.13,1110191,34895076.00
20121009,10.13,10.45,10.13,10.34,938513,29776712.00
20121010,10.37,10.57,10.12,10.57,1320951,42370844.00
20121011,10.54,10.62,10.15,10.16,1024957,32736280.00
20121012,10.23,10.43,9.93,10.15,894000,28053668.00
20121015,10.08,10.38,10.08,10.33,541130,17043416.00
20121016,10.25,10.77,10.14,10.65,1398294,45230696.00
20121017,10.65,10.67,10.26,10.30,1265213,40366864.00
20121018,10.37,10.60,10.27,10.39,1258164,40442400.00
20121019,10.34,10.47,10.15,10.19,683576,21668640.00
20121022,10.18,10.41,10.15,10.34,486721,15407824.00
20121023,10.38,10.39,9.70,9.70,1331946,40869272.00
20121024,9.66,9.66,9.12,9.37,2553341,74154272.00
20121025,9.30,9.58,9.27,9.56,852197,25012480.00
20121026,9.56,9.67,9.30,9.67,771326,22881460.00
20121029,9.67,9.78,9.51,9.53,539196,16094254.00
20121030,9.53,9.67,9.41,9.53,484491,14355927.00
20121031,9.56,9.57,9.33,9.44,387990,11381909.00
20121101,9.43,9.62,9.40,9.52,638410,18904770.00
20121102,9.52,9.60,9.15,9.52,2015438,58514736.00
20121105,9.45,9.52,9.16,9.33,943642,27283924.00
20121106,9.28,9.33,9.13,9.31,542437,15584217.00
20121107,9.27,9.41,9.15,9.33,459924,13330969.00
20121108,9.18,9.25,9.12,9.15,804587,22991968.00
20121109,9.15,9.22,8.61,8.64,1091504,30436434.00
20121112,8.64,8.87,8.43,8.47,814787,22113988.00
20121113,8.44,8.49,8.01,8.14,1644304,42677968.00
20121114,8.10,8.55,8.07,8.54,1381039,36788136.00
20121115,8.56,9.04,8.56,8.86,2340163,64773572.00
20121116,8.85,8.99,8.71,8.82,834203,23086170.00
20121119,8.82,8.92,8.32,8.49,885247,23841974.00
20121120,8.49,8.63,8.15,8.21,533838,14068713.00
20121121,8.19,8.34,8.04,8.34,483102,12542182.00
20121122,8.36,8.36,8.04,8.18,310233,8039498.50
20121123,8.14,8.28,8.14,8.25,279180,7279605.00
20121126,8.41,8.41,8.05,8.12,344583,8933944.00
20121127,8.12,8.12,7.45,7.45,1167295,28784160.00
20121128,7.45,7.45,6.97,7.07,1326261,30859640.00
20121129,6.98,7.25,6.78,7.16,2220948,50772204.00
20121130,7.08,7.15,6.86,7.04,679299,15493721.00
20121203,7.04,7.16,6.78,6.79,610837,13875382.00
20121204,6.78,6.93,6.48,6.93,1388072,30633658.00
20121205,6.85,7.32,6.78,7.16,1865694,43180576.00
20121206,7.19,7.26,6.78,7.05,1647990,37444360.00
20121207,6.91,7.34,6.88,7.33,2028017,46963412.00
20121210,7.33,7.51,7.16,7.44,1424179,33836040.00
20121211,7.44,7.45,7.23,7.23,1202047,28304496.00
20121212,7.16,7.38,7.16,7.20,1396603,32846414.00
20121213,7.12,7.24,6.95,6.96,1416140,32227526.00
20121214,6.93,7.40,6.93,7.32,1751217,40970624.00
20121217,7.31,7.70,7.28,7.65,2859085,68931224.00
20121218,7.62,7.87,7.50,7.65,1852273,45374176.00
20121219,7.61,7.67,7.53,7.60,1019775,24879966.00
20121220,7.60,8.01,7.57,8.01,1797790,45190060.00
20121221,8.01,8.49,7.88,8.38,2199674,57590528.00
20121224,8.31,8.71,8.22,8.53,2335290,62881292.00
20121225,8.49,8.67,8.40,8.47,2025749,54552160.00
20121226,8.48,8.89,8.40,8.86,1599668,43867252.00
20121227,8.93,8.99,8.54,8.57,1443906,39473760.00
20121228,8.55,8.95,8.45,8.83,1621848,44810336.00
20121231,8.86,8.93,8.68,8.75,923575,25393730.00
20130104,9.02,9.26,8.74,9.15,2566488,72239384.00
20130107,9.15,9.75,9.04,9.67,3067027,89470464.00
20130108,9.66,9.86,9.43,9.63,2711167,80909744.00
20130109,9.49,10.27,9.49,9.87,3123497,95437104.00
20130110,10.03,10.14,9.71,9.84,993475,30417692.00
20130111,9.93,10.01,9.51,9.71,1350083,40633500.00
20130114,9.67,10.18,9.58,10.12,1672296,51400476.00
20130115,10.02,10.39,9.80,10.20,2269604,70397136.00
20130116,10.01,10.14,9.84,10.04,1696143,52125272.00
20130117,10.01,10.17,9.53,9.92,1986895,59984016.00
20130118,9.82,10.03,9.67,9.74,1155374,35190152.00
20130121,9.68,9.90,9.67,9.83,735455,22307614.00
20130122,9.85,10.64,9.76,10.49,2794488,89024072.00
20130123,10.65,11.26,10.57,10.67,5029834,165737232.00
20130124,10.67,10.69,10.06,10.12,2549910,81333792.00
20130125,10.27,10.78,9.67,10.41,2956180,95063112.00
20130128,10.31,11.60,10.31,11.60,4269928,144963936.00
20130129,11.45,12.07,11.29,11.62,3282318,115168080.00
20130130,11.53,11.97,11.34,11.70,2364045,83263408.00
20130131,11.63,11.84,11.42,11.58,1641712,57932840.00
20130201,11.48,12.15,11.46,11.84,2077998,74804240.00
20130204,11.96,11.99,11.19,11.64,1964746,68823736.00
20130205,11.64,11.64,11.27,11.38,2340941,81390880.00
20130206,11.41,11.73,11.30,11.72,2401303,84186520.00
20130207,11.60,11.71,11.34,11.45,1952374,68041416.00
20130208,11.45,12.08,11.38,11.77,2740821,97674240.00
20130218,11.87,12.55,11.87,12.27,2893930,106651832.00
20130219,12.26,12.67,12.08,12.21,2273704,84346416.00
20130220,12.34,12.91,12.15,12.87,2665540,101152912.00
20130221,12.67,13.10,12.23,12.41,4032719,152939008.00
20130222,12.38,12.64,12.01,12.24,1962164,73203328.00
20130225,12.24,12.75,12.10,12.67,1969153,73551784.00
20130226,12.53,12.78,12.08,12.12,2708382,101809504.00
20130227,12.08,12.34,11.49,11.75,3257015,116597880.00
20130228,11.60,11.93,11.60,11.75,2067344,73937096.00
20130301,11.67,12.55,11.67,12.54,3682323,135704768.00
20130304,12.43,12.67,12.14,12.44,2491923,93037600.00
20130305,12.64,12.93,12.27,12.67,4252021,160536848.00
20130306,12.85,14.08,12.78,14.08,6836582,277398752.00
20130307,14.01,14.19,13.46,14.12,5792393,240311056.00
20130308,14.11,14.11,12.60,12.98,5736209,227483424.00
20130311,12.43,13.19,11.85,12.88,7262233,134726320.00
20130312,12.84,13.05,11.51,12.08,11478388,205900880.00
20130313,11.95,12.37,11.65,11.86,5011454,89340664.00
20130314,11.74,12.32,11.73,11.95,5154722,92372776.00
20130315,12.08,13.20,12.03,12.69,11159919,209438128.00
20130318,12.73,13.06,12.56,12.84,7418202,140222688.00
20130319,12.75,12.88,11.80,12.54,7567970,137304256.00
20130320,12.37,12.54,12.03,12.43,6200426,112853184.00
20130321,12.44,12.75,12.08,12.25,9437594,171701616.00
20130322,12.17,12.24,11.88,12.17,5260051,94106480.00
20130325,12.17,12.17,11.80,11.88,5579940,98543352.00
20130326,11.80,12.72,11.74,12.67,10394666,189720592.00
20130327,12.63,13.93,12.32,13.64,17019459,333728992.00
20130328,13.42,14.36,13.19,13.65,15892002,322532448.00
20130329,13.62,14.33,13.29,13.88,13403683,272138048.00
20130401,13.80,13.97,13.29,13.62,9815388,195342784.00
20130402,13.50,13.65,12.76,12.99,8680675,168163520.00
20130403,12.88,13.61,12.86,13.54,8057674,157834000.00
20130408,13.43,14.14,13.08,13.93,9085451,183846352.00
20130409,13.85,13.85,13.34,13.71,7696899,152702848.00
20130410,13.64,13.64,12.99,13.17,6164967,119746392.00
20130411,13.19,13.48,13.14,13.14,4225609,82604776.00
20130412,13.14,13.28,12.61,12.62,4579144,86164416.00
20130415,12.62,13.06,12.54,12.84,3128212,59325148.00
20130416,12.69,13.51,12.18,13.41,7403501,141460592.00
20130417,13.43,13.92,13.30,13.68,6583137,132293848.00
20130418,13.58,13.85,13.27,13.42,6586001,129744304.00
20130419,13.32,13.88,13.29,13.82,6913389,138872752.00
20130422,13.84,14.14,13.52,14.12,7595372,154048800.00
20130423,14.17,14.28,13.51,13.81,6618962,134219920.00
20130424,14.04,15.21,13.73,14.84,15565704,324724448.00
20130425,14.69,15.97,14.61,15.06,16716188,371281280.00
20130426,14.88,15.42,14.63,14.71,7507966,162838816.00
20130502,14.51,15.43,14.14,15.34,6492090,140972640.00
20130503,15.34,15.99,15.34,15.44,6295840,142778032.00
20130506,15.44,16.34,15.44,16.16,8511669,197325520.00
20130507,16.10,16.45,15.77,16.07,6533326,152146592.00
20130508,16.07,16.45,15.94,16.20,5572635,131047800.00
20130509,16.14,16.40,15.65,15.85,6742306,155567808.00
20130510,15.80,16.02,15.51,15.78,3764843,85731840.00
20130513,15.73,16.23,15.63,16.07,3706422,85906768.00
20130514,16.20,16.69,15.83,16.69,6579926,155262208.00
20130515,16.80,18.48,16.51,18.36,12181131,310252800.00
20130516,18.32,19.65,17.97,19.06,9561957,258876208.00
20130517,19.10,20.04,18.54,19.14,7358689,203639024.00
20130520,18.97,19.80,17.95,19.27,10836314,288261568.00
20130521,19.14,19.28,18.62,19.17,7054345,191642336.00
20130522,18.91,21.08,18.63,20.99,9488040,267498464.00
20130523,20.89,22.72,20.57,22.14,12038046,374986016.00
20130524,21.88,22.40,21.52,22.13,5992640,187410560.00
20130527,22.37,24.08,21.65,23.95,7834542,255190560.00
20130528,23.85,24.40,22.91,22.91,7218419,240569152.00
20130529,22.78,23.49,21.81,22.47,8036931,257716480.00
20130530,22.37,23.10,22.09,22.45,4510299,144730912.00
20130531,22.54,22.97,21.65,21.85,6439594,202124432.00
20130603,21.54,21.95,20.32,20.74,9335962,277624928.00
20130604,20.77,21.14,19.95,20.72,5455117,159429888.00
20130605,20.73,21.05,20.54,20.79,4453232,132193040.00
20130606,20.69,20.75,19.06,20.06,7462710,211363504.00
20130607,19.91,20.66,19.28,20.64,6473574,187889376.00
20130613,20.32,21.69,19.40,21.63,7861085,235589392.00
20130614,21.34,22.23,21.21,21.95,5708376,177882512.00
20130617,21.80,22.38,21.47,21.80,5852157,181823488.00
20130618,21.82,22.03,21.13,21.51,3453907,105080064.00
20130619,21.40,21.40,20.32,20.38,5230684,155286720.00
20130620,20.31,20.31,18.23,18.48,8753024,239685776.00
20130621,17.88,19.18,17.69,18.63,5081623,135876448.00
20130624,18.19,18.99,17.10,18.25,5020895,130430280.00
20130625,17.95,19.73,17.21,19.54,7264744,194738704.00
20130626,19.54,21.03,19.23,20.45,9750060,283504416.00
20130627,20.46,20.93,19.57,20.25,5671930,164268608.00
20130628,20.08,20.62,19.70,19.95,2396567,68732824.00
20130701,19.85,20.67,19.61,20.63,4216359,121768696.00
20130702,20.69,21.43,20.48,21.31,5620673,168664816.00
20130703,21.03,21.25,20.40,20.81,3923634,116673904.00
20130704,20.47,20.77,20.04,20.57,3124163,91035680.00
20130705,20.57,20.88,20.00,20.03,2279994,66180244.00
20130708,19.59,19.88,18.47,18.99,4192939,115029384.00
20130709,18.94,19.77,18.77,19.58,2731313,75814880.00
20130710,19.37,19.91,19.36,19.77,1783456,50187128.00
20130711,20.02,21.03,19.77,20.65,3857311,112622016.00
20130712,20.66,20.96,20.57,20.74,3065518,90770472.00
20130715,20.73,21.58,20.69,21.49,5196856,156503040.00
20130716,21.49,21.58,21.12,21.27,2541272,77046424.00
20130717,21.21,21.52,20.08,20.14,3290273,97211504.00
20130718,19.95,20.51,19.77,20.23,1955212,56487620.00
20130719,20.17,20.88,19.87,20.88,3963418,115650160.00
20130722,20.91,22.60,20.74,22.40,6964194,215656208.00
20130723,22.08,23.51,22.03,23.20,7260747,233408352.00
20130724,23.56,24.65,22.91,23.71,5275726,177204640.00
20130725,23.80,23.83,22.03,22.10,4523453,145592576.00
20130726,22.06,23.13,21.73,23.12,2997500,96129224.00
20130729,22.99,22.99,21.80,22.17,2913623,91861208.00
20130730,21.97,22.61,21.28,22.18,2116375,66017340.00
20130731,22.14,22.62,21.66,21.84,1553893,49188536.00
20130801,21.48,23.43,21.45,23.01,4236574,136463248.00
20130802,22.99,23.18,22.51,22.69,1696999,54812440.00
20130805,22.69,23.63,22.54,23.40,2015746,66346768.00
20130806,23.46,24.75,23.46,24.36,4546199,156505584.00
20130807,24.16,24.84,23.88,24.03,2579577,88778472.00
20130808,24.31,24.77,23.41,24.03,3119258,106185408.00
20130809,24.06,24.42,23.21,24.32,2306581,77613976.00
20130812,24.53,24.54,23.35,23.41,2577217,86516008.00
20130813,23.45,23.61,22.40,23.19,2575094,83561408.00
20130814,23.10,24.08,22.55,23.87,3686647,121692368.00
20130815,23.65,23.65,22.91,23.03,2382254,78150104.00
20130816,22.85,23.18,22.13,22.24,2112804,67848160.00
20130819,21.88,22.67,21.88,22.48,1507184,47858684.00
20130820,22.47,22.69,22.03,22.14,1297589,41158620.00
20130821,22.17,22.43,21.65,21.91,2510426,77932392.00
20130822,21.91,23.17,21.65,23.00,4443591,142347904.00
20130823,22.84,23.11,22.31,22.56,1740181,56147724.00
20130826,22.55,22.97,22.40,22.54,1710645,54921416.00
20130827,22.65,23.26,22.54,22.85,2792652,91030168.00
20130828,22.54,22.85,22.01,22.01,2055236,65215708.00
20130829,22.00,22.43,21.74,21.88,1368874,42875780.00
20130830,21.95,22.08,21.06,21.94,2431550,74549536.00
20130902,21.63,22.16,21.43,21.88,1396978,43261056.00
20130903,21.85,22.17,21.60,21.98,1002624,31313528.00
20130904,22.10,22.10,21.43,21.66,1332907,40957892.00
20130905,21.63,21.74,21.43,21.63,1081861,33228590.00
20130906,21.63,21.88,20.95,21.05,3357766,101163656.00
20130909,21.03,21.03,20.53,20.63,2773690,81624944.00
20130910,20.54,21.24,20.10,21.08,2757083,81233584.00
20130911,20.93,21.09,20.33,20.77,1796097,53177232.00
20130912,20.30,21.07,20.30,20.73,2575449,56147876.00
20130913,20.74,22.82,20.70,22.06,5807290,133181432.00
20130916,22.04,22.44,21.78,21.97,3972692,92331080.00
20130917,21.90,22.26,21.64,21.82,2260175,52184784.00
20130918,21.82,22.03,21.68,21.95,2360699,54312072.00
20130923,21.99,22.54,21.36,22.29,3910001,90631568.00
20130924,22.29,22.42,21.40,21.72,4143111,94615320.00
20130925,21.49,21.51,20.88,21.24,4177935,93169552.00
20130926,21.09,21.89,21.04,21.65,3929183,89792392.00
20130927,21.67,22.00,21.49,21.70,3494424,80086216.00
20130930,21.64,21.91,21.45,21.87,2032316,46563640.00
20131008,21.87,22.47,21.67,22.15,2793415,65242124.00
20131009,22.31,22.99,22.05,22.80,5464898,130489104.00
20131010,22.80,22.87,22.50,22.80,2949099,70354168.00
20131011,22.89,22.99,21.96,22.54,3445010,81257952.00
20131014,22.49,22.49,21.86,22.02,3545539,82148720.00
20131015,22.45,23.23,22.08,22.26,5273602,125363632.00
20131016,22.07,22.07,21.14,21.74,5531132,125293720.00
20131017,21.72,21.90,20.14,20.41,8398472,183901552.00
20131018,20.05,20.53,19.14,19.83,5999404,124703648.00
20131021,19.83,20.72,19.45,20.54,4376768,94033248.00
20131022,20.50,20.54,20.12,20.29,2614872,56080600.00
20131023,20.19,20.50,19.51,19.67,2659131,55943400.00
20131024,19.61,19.89,19.37,19.41,1984071,41083824.00
20131025,19.39,20.25,19.32,19.63,2766675,57643420.00
20131028,19.63,20.09,19.54,19.95,2416638,50856396.00
20131029,20.01,20.37,18.72,19.74,3018336,63163844.00
20131030,19.65,20.14,19.47,19.97,1975166,41294376.00
20131031,19.97,20.00,19.44,19.62,1314060,27342972.00
20131101,19.62,20.24,19.17,20.01,2200139,45987680.00
20131104,19.96,19.96,19.20,19.23,2749725,56943900.00
20131105,19.23,19.36,18.60,18.80,3857437,77073016.00
20131106,18.87,19.04,18.06,18.23,4851403,94906320.00
20131107,18.14,18.23,17.19,18.00,4241399,80014264.00
20131108,17.83,17.83,17.36,17.45,2236628,41821152.00
20131111,17.24,18.30,17.14,18.27,2690631,51240712.00
20131112,18.28,19.04,18.09,18.98,4902916,97348408.00
20131113,18.96,18.96,18.24,18.42,3328358,65644644.00
20131114,18.42,19.14,18.20,18.84,2479395,49465416.00
20131115,18.79,19.16,18.74,18.81,2785808,55931232.00
20131118,18.85,19.06,18.43,18.60,4742053,94067336.00
20131119,18.59,18.95,18.44,18.95,4122897,81818136.00
20131120,18.97,19.05,18.73,18.99,1858954,37261444.00
20131121,18.90,19.69,18.49,19.59,4799476,97100168.00
20131122,19.37,19.94,19.18,19.18,3298277,68427296.00
20131125,19.17,19.51,18.91,19.04,2738153,55926244.00
20131126,19.05,19.37,18.74,18.83,1985055,39771064.00
20131127,18.74,19.07,18.63,18.85,3223722,64499808.00
20131128,18.85,19.12,18.74,19.04,2730944,54909664.00
20131129,19.09,19.60,18.92,19.47,4260802,87200728.00
20131202,19.13,19.57,18.74,19.53,5102461,103672136.00
20131203,19.49,19.98,19.26,19.97,5609553,117052672.00
20131204,19.97,20.40,19.74,19.78,4584172,97092720.00
20131205,19.65,19.87,19.12,19.77,3119862,64700968.00
20131206,19.75,19.75,19.45,19.54,1575621,32655534.00
20131209,19.56,19.67,19.23,19.32,2528222,51908316.00
20131210,19.38,19.38,18.64,18.69,4334257,86679552.00
20131211,18.64,18.64,18.02,18.26,3068205,59576164.00
20131212,18.26,18.59,18.13,18.44,3041320,59394156.00
20131213,18.62,18.62,17.84,18.34,5066710,97949480.00
20131216,18.33,18.33,17.82,17.87,3039804,58050772.00
20131217,17.84,18.20,17.65,18.05,2757338,52794556.00
20131218,18.04,18.36,18.02,18.33,2786025,54093488.00
20131219,18.24,18.47,18.20,18.21,1678751,32744644.00
20131220,18.21,18.34,17.65,17.69,1822193,34779280.00
20131223,17.70,19.13,17.42,19.05,5838603,116038680.00
20131224,19.06,19.30,18.65,19.02,4503072,91133352.00
20131225,19.03,19.52,18.56,19.24,4117544,84076944.00
20131226,19.14,19.55,19.06,19.17,2262980,46405996.00
20131227,19.04,19.22,18.76,18.96,2271120,45565556.00
20131230,18.90,19.05,18.52,18.58,2896443,57690692.00
20131231,18.59,18.84,18.51,18.61,1649439,32675502.00
20140102,18.61,20.32,18.54,20.14,8403957,174600816.00
20140103,19.99,21.43,19.69,21.22,9037153,199368880.00
20140106,21.44,21.49,20.45,20.64,4402406,96671704.00
20140107,20.44,21.34,20.44,21.07,5401134,119880536.00
20140108,21.08,21.62,21.08,21.43,5663472,127736120.00
20140109,21.43,22.04,20.64,20.70,6216936,141030544.00
20140110,20.54,20.81,19.74,19.82,4644337,98967120.00
20140113,19.86,20.53,19.86,20.19,2968702,63671920.00
20140114,20.19,21.18,20.08,21.09,2893165,62824540.00
20140115,21.04,21.55,20.79,21.47,3667490,82232888.00
20140116,21.47,21.54,20.74,21.04,2759420,61399056.00
20140117,21.24,21.78,20.95,20.96,3246193,73162088.00
20140120,20.93,21.16,19.85,20.23,3211406,69366984.00
20140121,20.39,20.71,20.04,20.67,2519446,54167572.00
20140122,20.65,21.09,20.40,20.79,4530862,98902384.00
20140123,20.79,21.13,20.69,20.79,3289067,72490312.00
20140124,20.75,22.41,20.52,22.29,8774301,198231424.00
20140127,21.99,22.29,21.66,21.82,5069001,116878328.00
20140128,22.03,22.28,21.74,22.00,4119132,95316048.00
20140129,22.01,22.28,21.90,21.96,3025774,70293640.00
20140130,21.96,21.97,21.19,21.28,3167959,71604488.00
20140207,21.28,21.44,20.65,20.88,4392054,96877888.00
20140210,20.88,21.97,20.77,21.93,6932413,157096496.00
20140211,21.84,22.14,21.24,21.27,6079370,138251680.00
20140212,21.34,21.54,20.82,21.22,6008503,134021728.00
20140213,21.23,21.53,21.10,21.21,6271380,140928336.00
20140214,21.14,21.35,20.64,20.94,5671343,125444584.00
20140217,20.97,21.46,20.95,21.18,5302597,118988816.00
20140218,21.14,21.82,20.80,21.79,8468143,189711376.00
20140219,21.80,22.04,21.44,21.57,8181884,186751408.00
20140220,21.64,21.76,20.81,21.31,4946025,110354120.00
20140221,21.19,21.31,20.79,20.91,2948864,65276428.00
20140224,20.74,20.74,19.85,20.60,4435221,95136816.00
20140225,20.40,20.79,19.07,19.36,5630148,119242072.00
20140226,19.23,19.23,18.19,18.75,4615913,91606848.00
20140227,18.78,19.32,18.74,18.82,3720962,74880648.00
20140228,18.84,19.12,18.44,19.05,2326692,46657336.00
20140303,19.06,19.30,18.81,19.05,3499364,70348832.00
20140304,18.87,19.81,18.81,19.73,4690559,96585208.00
20140305,19.54,20.54,19.54,20.02,4377242,93524368.00
20140306,20.02,20.27,19.54,19.71,2136285,44760532.00
20140307,19.71,20.01,19.14,19.29,2139424,44157856.00
20140310,19.29,19.29,18.45,18.62,1972851,39532220.00
20140311,18.64,19.07,18.64,18.80,1862302,37258756.00
20140312,18.85,19.06,18.39,18.50,1753450,34751600.00
20140313,18.59,19.70,18.59,19.52,4869407,98744024.00
20140314,19.67,20.49,19.44,20.16,9329931,198967040.00
20140317,20.16,20.31,19.70,20.02,4650106,98241632.00
20140318,20.06,20.25,19.77,19.89,4659336,98589504.00
20140319,19.84,19.94,19.21,19.53,3843434,79158808.00
20140320,19.54,20.13,19.52,19.52,2741549,57579208.00
20140321,19.39,19.92,19.09,19.79,1818553,37693732.00
20140324,19.74,19.79,19.00,19.07,3510187,71682128.00
20140325,19.04,19.39,18.75,18.85,2594058,52235344.00
20140326,18.86,19.21,18.86,19.06,1667543,33723384.00
20140327,19.06,19.06,18.79,18.80,1887819,37812584.00
20140328,18.79,18.89,17.05,17.43,3547498,68178288.00
20140331,17.44,17.99,17.42,17.61,1614314,30434900.00
20140401,17.49,17.93,17.46,17.66,1472282,27752748.00
20140402,17.74,18.20,17.74,18.09,2427019,46568588.00
20140403,18.14,18.22,18.05,18.08,1483059,28604562.00
20140404,18.02,18.19,17.64,18.19,1786073,34054108.00
20140408,18.09,18.29,17.87,18.25,1860577,35889972.00
20140409,18.24,18.39,18.17,18.28,1144522,22224730.00
20140410,18.28,18.36,18.19,18.20,1230516,23876346.00
20140411,18.34,18.72,18.07,18.10,2057492,40271940.00
20140414,18.21,18.37,17.82,18.23,1960196,37679976.00
20140415,18.13,19.17,18.10,18.63,4950648,98583888.00
20140416,18.39,18.57,18.25,18.40,1667120,32584586.00
20140417,18.40,18.79,18.33,18.39,1696906,33523994.00
20140418,18.29,18.39,18.15,18.30,1052376,20437236.00
20140421,18.30,18.47,17.94,18.02,1076458,20899740.00
20140422,18.02,18.21,17.39,17.53,3021572,57133652.00
20140423,17.57,17.78,17.41,17.50,1312611,24566034.00
20140424,17.44,17.56,17.03,17.05,2249359,41448056.00
20140425,17.04,17.20,16.72,16.84,1870176,33792032.00
20140428,16.59,17.01,16.58,16.82,1615618,29045882.00
20140429,16.82,17.03,16.82,16.92,1066425,19274054.00
20140430,16.93,17.38,16.93,17.11,1201961,22070110.00
20140505,17.11,17.16,16.79,17.09,1087508,19765844.00
20140506,17.09,17.43,16.98,17.14,1338079,24586238.00
20140507,17.14,17.14,16.62,16.69,1240439,22311176.00
20140508,16.74,17.08,16.71,16.94,1095094,19838268.00
20140509,16.95,17.42,16.82,16.83,2340859,42899992.00
20140512,16.99,17.22,16.79,17.09,1790909,32597318.00
20140513,17.11,17.41,17.06,17.22,1473032,27116688.00
20140514,17.13,17.26,17.09,17.11,668792,12248276.00
20140515,17.11,17.21,16.77,16.79,1300643,23486074.00
20140516,16.80,16.97,16.76,16.81,652960,11744318.00
20140519,16.99,16.99,16.46,16.61,772045,13505532.00
20140520,16.63,16.89,16.15,16.39,2182435,37974404.00
20140521,16.20,16.46,16.02,16.33,1688105,28973466.00
20140522,16.26,16.68,16.26,16.40,1401405,24475080.00
20140523,16.51,16.63,16.40,16.55,1010018,17647684.00
20140526,16.79,16.96,16.58,16.77,1463931,25859300.00
20140527,16.77,17.14,16.74,17.06,1811688,32478098.00
20140528,17.04,17.47,16.92,17.37,2485475,45215808.00
20140529,17.47,17.80,17.21,17.25,1674052,30792360.00
20140530,17.27,17.36,16.96,17.14,1311809,23670070.00
20140603,17.13,17.44,16.99,17.09,988754,17908846.00
20140604,16.95,17.36,16.91,17.16,976494,17602254.00
20140605,17.16,17.51,17.02,17.43,1623558,29625500.00
20140606,17.44,17.59,17.22,17.41,1602089,29333724.00
20140609,17.41,17.65,17.20,17.36,1487454,27400648.00
20140610,17.38,17.54,17.32,17.45,1449197,26594874.00
20140611,17.42,17.60,17.39,17.54,1191776,21962004.00
20140612,17.44,17.57,17.21,17.23,1218285,22174568.00
20140613,17.14,17.39,17.14,17.36,746901,13619968.00
20140616,17.36,17.39,17.07,17.20,2016954,36474144.00
20140617,17.19,18.21,17.13,17.95,4038417,75533456.00
20140618,17.96,18.25,17.70,17.87,2796962,52960492.00
20140619,17.77,17.97,17.19,17.44,1761828,32663000.00
20140620,17.48,17.63,16.87,17.03,1937643,34940256.00
20140623,16.99,17.44,16.99,17.30,1511149,27458600.00
20140624,17.26,17.46,17.26,17.28,1174839,21424038.00
20140625,17.31,17.37,17.11,17.35,867044,15720072.00
20140626,17.39,17.89,17.27,17.71,2050011,37977292.00
20140627,17.65,18.80,17.53,18.14,5236980,100335072.00
20140630,18.16,18.53,17.79,18.29,2803237,53676068.00
20140701,18.25,18.44,18.13,18.19,1951146,37435840.00
20140702,18.19,18.43,18.10,18.42,2271815,43603704.00
20140703,18.48,19.54,18.25,19.34,7901288,157795200.00
20140704,19.29,19.29,18.84,19.01,3755880,74723856.00
20140707,18.89,19.04,18.64,18.81,3351576,66060028.00
20140708,18.75,18.94,18.37,18.37,2467853,48188508.00
20140709,18.43,18.99,18.43,18.56,3259819,64099836.00
20140710,18.44,18.83,18.44,18.56,1323889,25930932.00
20140711,18.49,18.68,18.35,18.43,1428264,27738022.00
20140714,18.43,19.11,18.30,18.96,1802638,35705884.00
20140715,18.97,19.01,18.55,18.73,1760269,34555092.00
20140716,18.59,18.79,18.20,18.27,3200527,61897400.00
20140717,18.19,18.47,18.14,18.18,830972,15913139.00
20140718,18.29,18.75,18.28,18.54,1585318,30915444.00
20140721,18.59,18.63,18.37,18.47,772814,14972134.00
20140722,18.39,18.74,18.36,18.69,1431796,28033674.00
20140723,18.70,18.74,18.37,18.39,1078628,20967088.00
20140724,18.39,18.61,17.49,17.67,2963704,55556980.00
20140725,17.77,17.95,17.61,17.93,1124182,20987974.00
20140728,18.06,18.72,17.94,18.66,3075649,59637580.00
20140729,18.59,18.80,18.44,18.64,2169157,42472852.00
20140730,18.50,18.79,18.39,18.40,1746469,33921664.00
20140731,18.42,18.79,18.42,18.68,1704228,33334390.00
20140801,18.68,19.14,18.61,18.71,2723991,53888668.00
20140804,18.77,18.80,18.47,18.70,3038738,59344020.00
20140805,18.70,18.84,18.55,18.67,2877736,56317980.00
20140806,18.60,19.04,18.55,18.92,2803941,55113924.00
20140807,19.05,19.12,18.64,18.73,2266415,44779688.00
20140808,18.73,18.79,18.55,18.69,1588980,31153128.00
20140811,18.77,18.97,18.70,18.88,1954745,38540348.00
20140812,18.81,18.92,18.44,18.57,3003083,58505280.00
20140813,18.59,18.59,18.15,18.30,2674425,51444252.00
20140814,18.33,18.50,18.27,18.30,2058755,39661688.00
20140815,18.39,18.62,18.29,18.52,1989178,38600184.00
20140818,18.52,18.76,18.51,18.72,2226732,43587184.00
20140819,18.72,19.07,18.66,19.02,3925344,77837040.00
20140820,19.04,19.16,18.86,19.06,3989151,79625536.00
20140821,19.07,19.07,18.60,18.85,2296265,45238380.00
20140822,18.84,19.07,18.71,19.03,2868949,56932580.00
20140825,19.14,19.29,18.93,19.05,3764206,75350368.00
20140826,19.01,19.54,18.67,19.26,4813588,96683728.00
20140827,19.26,19.45,18.95,19.30,3138359,63197516.00
20140828,19.30,20.41,19.14,20.31,9805806,205221712.00
20140829,20.04,20.27,19.64,19.89,9260352,192325024.00
20140901,19.89,20.38,19.67,20.19,6468136,135664608.00
20140902,20.15,20.37,19.97,20.34,4115358,86830504.00
20140903,20.11,20.59,19.91,20.14,7603674,160233280.00
20140904,20.09,20.64,19.77,19.88,7813162,163136368.00
20140905,19.88,19.98,19.49,19.79,5387626,110958264.00
20140909,19.79,20.19,19.68,20.07,3785081,78952744.00
20140910,20.08,20.09,19.69,19.74,2901821,60144016.00
20140911,19.69,20.01,19.54,19.66,3903373,80673576.00
20140912,19.67,19.92,19.60,19.85,3074871,63618356.00
20140915,19.98,20.02,19.72,19.81,3391157,70377008.00
20140916,19.79,19.89,19.06,19.08,3481058,71140376.00
20140917,18.97,19.76,18.89,19.60,5810180,118165480.00
20140918,19.48,20.60,19.39,20.33,9795284,207701776.00
20140919,20.50,20.63,20.19,20.26,4834426,103065432.00
20140922,20.32,21.15,19.89,20.95,11527489,250547088.00
20140923,20.74,21.25,20.65,21.09,4804598,104953736.00
20140924,21.09,21.79,20.89,20.89,5929968,131887848.00
20140925,20.88,21.02,20.28,20.52,4220608,90916224.00
20140926,20.49,21.64,20.44,21.48,6118847,135372880.00
20140929,21.52,21.61,21.10,21.23,3021162,67379408.00
20140930,21.24,21.43,20.94,21.05,2759184,60750004.00
20141008,20.99,21.61,20.75,21.60,4889110,107906864.00
20141009,21.60,21.63,21.00,21.34,3936004,87336848.00
20141010,21.17,21.57,20.87,21.50,4834703,107741304.00
20141013,21.58,21.59,21.01,21.39,5431133,120456704.00
20141014,21.19,21.37,20.89,20.92,4277297,93927424.00
20141015,20.84,21.18,20.44,20.72,6063540,131542696.00
20141016,20.72,20.98,20.33,20.33,5351033,115527416.00
20141017,20.33,20.47,19.84,20.26,3318893,69981000.00
20141020,20.29,21.11,20.21,21.00,4212652,91501168.00
20141021,20.90,21.18,20.70,20.76,1957887,42733640.00
20141022,20.78,20.82,20.09,20.13,2934510,62586472.00
20141023,20.14,20.34,19.79,19.96,2676510,56254916.00
20141024,20.08,20.17,19.89,19.94,1675759,35096256.00
20141027,19.87,20.15,19.80,20.07,1850144,38768784.00
20141028,20.05,20.78,20.04,20.64,2389766,51171112.00
20141029,20.63,20.89,20.49,20.80,2059620,44536056.00
20141030,20.80,21.30,20.60,21.28,7372612,162462432.00
20141031,21.29,21.38,20.83,21.12,2892470,63406964.00
20141103,20.99,21.19,20.35,20.49,4496775,96590088.00
20141104,20.50,20.50,19.96,20.18,3204408,67519656.00
20141105,20.15,20.44,20.13,20.31,2366653,50273564.00
20141106,20.48,20.48,19.39,19.73,4662808,96658496.00
20141107,19.57,19.87,19.09,19.52,4393683,89405296.00
20141110,19.32,19.47,18.99,19.03,5175289,103631096.00
20141111,19.07,19.17,18.20,18.59,5231777,101970928.00
20141112,18.58,18.68,18.07,18.65,4476641,86120096.00
20141113,18.58,18.74,18.09,18.53,4102043,79121072.00
20141114,18.53,18.82,18.37,18.71,3123470,60853908.00
20141117,18.79,19.35,18.51,19.31,3376049,67561952.00
20141118,19.19,19.44,19.09,19.18,1703486,34335592.00
20141119,19.18,19.28,18.70,19.02,2488502,49310360.00
20141120,18.74,18.89,18.57,18.79,2034883,39894244.00
20141121,18.79,19.15,18.79,19.00,2187443,43662736.00
20141124,19.06,19.26,18.79,19.00,2693116,53619272.00
20141125,18.97,19.09,18.88,19.03,2628841,52311024.00
20141126,19.08,19.09,18.77,18.89,3059819,60707292.00
20141127,18.98,19.01,18.29,18.60,7132841,138614032.00
20141128,18.54,18.54,18.18,18.28,5507092,105652184.00
20141201,18.16,18.39,17.91,18.17,4885610,92771184.00
20141202,18.21,18.35,17.99,18.32,6524265,124560176.00
20141203,18.31,18.61,18.05,18.61,6333467,121740664.00
20141204,18.59,19.03,18.46,18.99,7691228,151700048.00
20141205,19.04,19.07,17.94,18.19,9282559,179160624.00
20141208,18.19,18.29,17.67,17.84,7073225,133127448.00
20141209,17.84,17.84,16.54,16.69,7206013,131896768.00
20141210,16.71,18.12,16.71,18.00,6964179,129459720.00
20141211,18.04,18.46,17.67,17.87,5574171,105262408.00
20141212,17.99,18.27,17.74,18.16,3768091,71343376.00
20141215,18.17,18.45,18.00,18.44,4331539,83132440.00
20141216,18.46,18.54,17.91,18.15,5797297,110648016.00
20141217,18.09,18.09,17.70,17.74,2997331,56138588.00
20141218,17.74,17.89,17.10,17.43,5838671,106893520.00
20141219,17.44,17.47,17.06,17.18,4050323,73252352.00
20141222,17.04,17.04,16.10,16.33,4039889,69964552.00
20141223,16.31,16.87,15.97,16.20,3614597,62146828.00
20141224,16.10,16.65,16.10,16.56,2793803,48304716.00
20141225,16.59,16.77,16.13,16.38,3860881,67142968.00
20141226,16.39,16.57,16.30,16.47,3215184,55772804.00
20141229,16.47,16.63,16.18,16.50,3764180,65354460.00
20141230,16.69,16.83,16.26,16.47,5252322,91901208.00
20141231,16.39,16.39,15.99,16.23,5020929,85653864.00
20150105,16.32,17.49,16.08,17.36,8851192,157929456.00
20150106,17.05,18.28,16.95,18.21,8882744,166472560.00
20150107,18.19,18.61,17.89,18.07,6842638,131654608.00
20150108,17.98,18.25,17.75,17.98,2988123,56569256.00
20150109,17.89,18.81,17.82,18.26,7742398,150593728.00
20150112,18.39,18.58,18.09,18.35,4358167,83956672.00
20150113,18.18,19.46,18.04,19.31,12595887,251397712.00
20150114,19.02,19.28,18.53,18.73,9551336,189057712.00
20150115,18.73,18.99,18.10,18.44,6121505,118679864.00
20150116,18.33,18.93,17.92,18.85,8009604,153850736.00
20150119,18.59,19.70,17.94,18.99,11606115,231018816.00
20150120,19.05,20.70,19.04,20.09,10113450,211349248.00
20150121,19.97,20.69,19.55,20.07,8814982,186568800.00
20150122,20.19,21.04,20.18,20.88,10506427,226033664.00
20150123,20.62,22.72,20.62,21.33,10192806,229360176.00
20150126,21.64,22.89,21.59,22.59,12195695,283904000.00
20150127,22.31,23.54,21.79,22.50,7850034,184448672.00
20150128,22.42,23.20,22.08,22.30,7699502,182317104.00
20150129,22.39,22.69,21.59,21.93,4658386,106307840.00
20150130,21.93,22.20,21.39,21.70,3813197,86408184.00
20150202,21.79,22.49,21.17,21.69,5152233,116658792.00
20150203,22.04,22.22,21.44,21.58,4680014,105724320.00
20150204,21.66,22.17,21.19,22.06,6178869,139944832.00
20150205,22.09,22.09,21.20,21.29,5617599,125950632.00
20150206,21.15,21.39,20.19,20.37,4829629,104524984.00
20150209,20.43,20.64,19.89,20.19,3564962,75094576.00
20150210,20.44,20.64,19.94,20.42,3686163,78549640.00
20150211,20.59,21.57,20.24,21.48,6095415,134533424.00
20150212,21.48,21.91,21.17,21.25,5788168,129656664.00
20150213,21.24,21.78,21.19,21.45,4512123,101227120.00
20150216,21.45,21.80,21.31,21.67,4661319,104953120.00
20150217,21.61,22.34,21.61,22.00,6325883,144870576.00
20150225,22.00,22.27,21.64,21.81,3331811,76070984.00
20150226,21.81,22.03,21.68,21.99,2630435,60050256.00
20150227,22.09,22.69,22.01,22.29,3441323,80297768.00
20150302,22.29,22.39,21.51,22.11,6750261,153315280.00
20150303,22.09,22.38,21.74,21.92,5867514,134267200.00
20150304,21.93,24.20,21.93,24.20,7352411,179652496.00
20150305,25.14,26.48,24.68,25.54,18811568,496863264.00
20150306,25.28,25.93,24.24,24.48,8404536,217198656.00
20150309,24.89,25.22,24.17,24.89,6894237,177463264.00
20150310,24.69,25.61,24.39,25.54,7135957,185474352.00
20150311,25.09,25.34,24.64,24.68,6347482,163808912.00
20150312,24.67,25.19,24.34,24.69,5483834,140823680.00
20150313,24.69,24.69,23.09,24.27,10898771,269689152.00
20150316,24.17,24.75,23.77,24.41,9276325,234959648.00
20150317,25.34,26.43,24.48,24.73,16744994,437314528.00
20150318,24.69,25.19,23.79,24.97,10491517,266345792.00
20150319,24.97,24.98,24.42,24.68,8353069,212615232.00
20150320,24.54,25.29,24.32,24.93,12766154,328851232.00
20150323,24.74,25.24,24.74,25.17,11730334,303788096.00
20150324,25.17,25.17,24.39,24.99,9172842,236212288.00
20150325,24.97,26.21,24.43,25.69,16132870,420165280.00
20150326,25.64,25.76,24.60,24.99,8448421,221081376.00
20150327,24.91,25.49,24.69,25.11,6974725,181149456.00
20150330,25.09,25.69,24.99,25.62,12412120,326137312.00
20150331,25.69,26.39,25.35,25.36,11594327,310520672.00
20150401,25.39,26.46,25.39,26.29,12407502,334895392.00
20150402,26.60,26.97,25.90,26.39,10287109,280636128.00
20150403,26.29,27.97,25.89,27.27,13543536,376005440.00
20150407,27.31,28.28,27.30,27.82,11914358,341116896.00
20150408,27.89,28.08,26.49,26.94,12787388,357505952.00
20150409,26.67,26.99,24.89,26.09,11008010,294727168.00
20150410,25.94,26.95,25.80,26.80,8164065,223663232.00
20150413,26.84,28.33,26.53,27.83,12808285,366822176.00
20150414,27.83,28.59,27.39,27.72,12778025,370247328.00
20150415,27.69,27.69,25.59,26.09,12721019,348213024.00
20150416,25.74,26.77,25.49,25.76,7535125,203565184.00
20150417,25.78,26.47,25.20,25.21,10364684,276339680.00
20150420,25.19,25.48,24.19,24.24,9624769,248101936.00
20150421,24.49,25.28,24.24,25.14,6109461,157472800.00
20150422,25.14,25.95,25.14,25.77,7711524,204829184.00
20150423,25.87,25.89,25.30,25.46,7185559,190201216.00
20150424,25.37,25.76,24.92,24.98,8218562,214594912.00
20150427,25.78,25.91,24.96,25.15,7312920,191524816.00
20150428,25.09,25.09,23.96,24.10,9619092,242776912.00
20150429,24.09,24.47,23.75,24.32,7223156,181672448.00
20150430,24.59,24.97,24.06,24.25,8091624,205098224.00
20150504,24.58,24.64,23.99,24.20,7174777,180541744.00
20150505,24.20,24.33,23.40,23.67,6854979,170251680.00
20150506,24.05,24.48,23.60,23.84,10167180,253747824.00
20150507,23.85,24.31,23.74,24.12,5883021,147052912.00
20150508,24.13,24.56,24.10,24.49,6959247,175734160.00
20150511,24.64,25.06,24.59,25.06,10489437,270058144.00
20150512,25.32,26.39,25.09,26.33,12965488,345344064.00
20150513,26.34,28.29,26.34,27.14,17815362,506327648.00
20150514,26.60,27.39,26.08,26.47,9083646,249935504.00
20150515,27.08,27.09,25.79,26.14,7193383,196511568.00
20150518,25.89,26.88,25.89,26.01,6755679,184006048.00
20150519,26.05,26.64,25.50,26.50,8639354,232781536.00
20150520,26.62,27.60,26.54,27.01,11971423,334076864.00
20150521,27.25,29.80,27.19,29.80,20406136,605997952.00
20150522,30.59,30.59,28.64,29.70,18327375,561014208.00
20150525,29.62,31.76,28.69,30.71,10917832,342930976.00
20150526,30.69,31.93,30.69,31.74,12133152,392861536.00
20150527,31.95,33.04,31.69,32.99,12455666,413878976.00
20150528,33.47,35.29,29.62,29.74,18088896,609977600.00
20150529,30.67,31.84,28.66,30.85,13303845,414200864.00
20150601,31.85,34.01,31.49,34.01,16741299,569060288.00
20150602,34.36,37.48,33.21,37.44,14983288,548530944.00
20150603,37.44,38.79,34.59,37.91,14900702,565793280.00
20150604,37.63,37.79,34.29,37.78,11694427,432487456.00
20150605,37.63,38.29,35.79,36.44,9591122,363126016.00
20150608,35.59,36.09,33.84,34.29,12534256,445292224.00
20150609,34.29,35.19,32.75,33.62,9975165,343390624.00
20150610,33.29,34.79,32.80,34.24,8331524,289659104.00
20150611,34.25,36.98,33.87,36.96,11537743,417608960.00
20150612,36.80,38.72,35.30,37.46,13638702,510265344.00
20150615,37.28,37.99,35.20,35.29,8140217,303076320.00
20150616,34.94,34.96,32.98,33.79,6599726,227796224.00
20150617,34.17,34.79,32.09,34.47,5357370,183418304.00
20150618,34.39,35.08,32.19,32.43,5556625,191771616.00
20150619,31.31,32.29,29.12,29.12,7120099,219955856.00
20150623,29.14,30.37,26.14,29.99,10307023,296384928.00
20150624,29.37,31.99,29.30,31.99,8178049,255713056.00
20150625,31.29,33.27,30.29,31.69,11204280,367721312.00
20150626,30.29,30.95,28.45,28.45,6219276,185891840.00
20150629,29.89,29.90,25.53,25.53,9431577,254685424.00
20150630,25.03,26.77,22.91,26.29,14053136,360882560.00
20150701,26.09,27.79,24.60,25.87,15306400,423702176.00
20150702,26.09,26.74,23.21,23.21,8856914,221258384.00
20150703,21.29,23.59,20.82,20.82,11863741,260631616.00
20150706,22.96,22.96,18.67,21.29,19986434,411338912.00
20150707,19.69,20.28,19.09,19.73,21299258,428490272.00
20150715,21.77,21.77,21.77,21.77,1519435,34156900.00
20150716,23.78,23.78,19.54,22.28,14612451,332878592.00
20150717,22.28,24.32,21.60,24.12,9679308,233412320.00
20150720,24.29,25.85,24.11,25.20,11872215,306342688.00
20150721,24.60,25.97,24.29,25.12,7710932,201030800.00
20150722,25.59,25.78,24.83,25.29,8121999,210068992.00
20150723,25.29,26.53,24.89,26.12,8668924,229462896.00
20150724,25.90,26.16,24.41,24.85,8997440,236464752.00
20150727,24.09,24.59,22.29,22.29,8245326,198761264.00
20150728,21.24,23.14,20.19,20.99,15240048,338664640.00
20150729,21.59,22.89,20.79,22.59,6321512,140540240.00
20150730,23.02,23.52,21.60,21.81,6832756,160241872.00
20150731,22.79,24.06,22.29,24.06,15906575,386604096.00
20150803,24.59,24.59,21.58,23.99,15689686,377735328.00
20150804,23.87,25.16,22.74,24.85,10910222,271309024.00
20150805,25.27,26.07,24.30,24.89,12101119,313844192.00
20150806,24.29,25.89,23.97,24.79,7187621,184567312.00
20150807,24.39,25.19,24.39,24.97,6606194,168930608.00
20150810,25.17,26.65,24.79,26.44,11420079,301898400.00
20150811,26.39,26.48,25.45,25.84,9922784,265133024.00
20150812,25.29,25.50,24.67,24.69,6226689,160772000.00
20150813,24.48,26.67,24.29,26.55,10667702,277817120.00
20150814,26.23,26.59,25.39,26.18,11023340,294338400.00
20150817,25.97,26.11,25.17,25.99,8221779,216976992.00
20150818,26.03,26.19,23.32,23.32,8225763,209133408.00
20150819,22.29,25.72,21.81,25.72,10497413,257779744.00
20150820,25.19,26.17,24.37,24.42,8990912,233140704.00
20150821,23.78,24.79,22.19,22.29,6489340,155059168.00
20150824,20.99,21.29,19.99,19.99,6125238,127956744.00
20150825,17.92,19.34,17.92,17.92,11968625,227774544.00
20150826,18.39,19.14,16.79,18.39,9947104,188535648.00
20150827,18.79,19.62,18.01,19.24,5177947,101117040.00
20150828,19.27,20.49,18.96,20.13,9183616,187695808.00
20150831,19.74,19.83,18.59,19.65,8061099,161696000.00
20150901,19.32,19.92,17.97,19.90,7235665,144635360.00
20150902,19.16,21.24,18.54,21.14,12823648,271144224.00
20150907,21.14,22.40,20.29,20.54,6565352,144254928.00
20150908,20.88,21.19,19.91,20.96,2916301,61743220.00
20150909,20.97,21.81,20.97,21.37,5047236,111799000.00
20150910,21.59,21.88,21.30,21.68,4878897,109279904.00
20150911,21.27,21.67,21.09,21.29,3356978,73971840.00
20150914,21.68,21.68,19.54,19.89,7296157,153882208.00
20150915,19.73,20.16,19.49,19.51,2763720,56579404.00
20150916,19.59,21.53,19.59,21.53,3146362,67406072.00
20150917,21.49,22.50,20.98,21.48,4506630,101776144.00
20150918,21.29,21.79,20.84,21.33,2170611,47504836.00
20150921,21.04,21.88,20.88,21.78,2870360,63835544.00
20150922,21.93,22.42,21.10,21.97,4210448,95333232.00
20150923,21.50,22.26,20.79,21.16,2926793,64755256.00
20150924,21.29,21.50,21.07,21.21,1152135,25332652.00
20150925,21.19,21.38,19.97,20.51,2328015,49736292.00
20150928,20.50,21.08,20.24,20.81,1458740,31081264.00
20150929,20.44,20.67,20.19,20.40,2054403,43298388.00
20150930,20.40,20.61,20.09,20.38,1300791,27407170.00
20151008,21.09,21.43,20.29,21.32,10368060,224027392.00
20151009,20.98,21.24,20.84,20.98,4744194,103064160.00
20151012,21.09,22.04,21.00,21.82,10572216,235919968.00
20151013,21.69,22.11,21.46,21.98,5754572,129637376.00
20151014,21.69,21.94,21.30,21.30,3886587,86728888.00
20151015,21.29,21.77,20.87,21.73,5503598,121235016.00
20151016,21.69,21.99,21.34,21.92,6964366,156261088.00
20151019,21.99,22.81,21.82,21.95,10440248,239534144.00
20151020,22.79,22.87,22.09,22.52,12679636,294517920.00
20151021,22.57,22.63,20.49,20.49,8941658,200632400.00
20151022,20.29,21.29,20.29,21.18,4703565,101235176.00
20151023,21.29,22.53,21.24,22.19,7537133,171638656.00
20151026,22.59,22.59,21.69,21.98,7277561,165048752.00
20151027,21.98,21.98,20.97,21.81,4079677,90521832.00
20151028,21.81,22.19,21.19,21.36,5403847,121799544.00
20151029,21.41,21.61,21.12,21.46,3556210,78513840.00
20151030,21.30,21.52,20.61,21.03,2590423,56568696.00
20151102,20.76,21.08,20.29,20.35,2460698,52652308.00
20151103,20.44,20.64,20.04,20.47,2637522,55350108.00
20151104,20.55,21.37,20.50,21.35,4259472,92536952.00
20151105,21.29,21.88,21.24,21.53,5751321,128031168.00
20151106,21.85,22.75,21.57,22.75,10086480,232955920.00
20151109,22.54,23.97,22.29,22.99,9063078,216774336.00
20151110,22.99,23.58,22.72,23.06,5315283,127037488.00
20151111,23.19,24.09,22.76,23.64,6588361,158529200.00
20151112,23.40,23.88,22.90,23.28,4941068,119227656.00
20151113,23.16,23.16,22.48,22.55,4507937,105591464.00
20151116,22.29,23.20,21.99,23.01,3781144,88634056.00
20151117,23.25,23.51,22.42,22.49,5168300,122791656.00
20151118,22.38,22.96,22.38,22.58,3155530,73856656.00
20151119,22.77,23.22,22.52,23.19,3886680,92278472.00
20151120,23.29,23.45,23.01,23.22,3940389,94343024.00
20151123,23.29,23.42,22.69,22.74,3275065,77701872.00
20151124,22.71,22.74,22.16,22.54,4117608,94877272.00
20151125,22.49,23.15,22.45,22.97,3791606,89109112.00
20151126,22.97,23.38,22.74,22.79,4123658,98112032.00
20151127,22.77,22.78,20.44,20.65,5314278,118567744.00
20151130,20.70,21.38,19.87,21.28,5185539,110822304.00
20151201,21.19,21.32,20.77,20.85,2925354,63509784.00
20151202,20.78,21.87,20.57,21.68,3852948,84749992.00
20151203,21.68,21.96,21.25,21.92,2690862,60305632.00
20151204,21.82,22.28,21.60,21.66,2710184,61388932.00
20151207,21.66,22.77,21.35,22.19,3196946,73113168.00
20151208,21.96,22.00,21.20,21.20,2494999,55565560.00
20151209,21.19,21.32,20.38,20.47,3633326,78293216.00
20151210,20.29,21.09,20.29,20.75,3501084,74834664.00
20151211,20.69,20.82,20.31,20.38,2943451,62481928.00
20151214,20.38,20.80,20.29,20.74,2833113,60028936.00
20151215,20.75,21.87,20.71,21.29,3143774,69622384.00
20151216,21.09,21.55,21.09,21.36,2129751,46924404.00
20151217,21.64,22.09,21.36,21.61,4595600,102571240.00
20151218,21.57,21.86,21.29,21.55,4014823,89546704.00
20151221,21.51,22.09,21.31,21.85,4541494,102592592.00
20151222,22.05,22.09,21.50,21.74,3349681,75063536.00
20151223,21.89,22.51,21.80,22.02,5934504,136396128.00
20151224,21.74,21.98,21.49,21.84,2431090,54463412.00
20151225,21.89,22.39,21.84,22.17,2565030,58561716.00
20151228,22.24,22.24,21.26,21.30,4341404,97431080.00
20151229,21.30,21.49,21.09,21.35,2018041,44390604.00
20151230,21.32,21.51,21.10,21.46,2103078,46393248.00
20151231,21.46,21.70,21.16,21.18,2109261,46590540.00
20160104,21.12,21.38,19.13,19.27,2301014,48126412.00
20160105,18.29,19.96,18.29,19.47,5508422,110983912.00
20160106,19.37,19.86,19.12,19.65,2450807,49525992.00
20160107,19.14,19.57,17.69,17.78,468659,9013310.00
20160108,18.77,18.77,16.29,17.34,4171056,76565592.00
20160111,17.34,17.97,16.79,17.14,4681727,85078328.00
20160112,17.14,17.95,16.81,17.25,3202102,57320436.00
20160113,17.27,17.47,16.86,16.91,2664093,47792920.00
20160114,16.59,17.49,16.34,17.29,3516101,62548080.00
20160115,17.29,17.29,16.75,16.89,2593512,45881964.00
20160118,16.69,17.22,16.38,16.96,2430353,42913412.00
20160119,16.96,17.61,16.55,17.50,3762442,67059180.00
20160120,17.30,17.54,16.90,17.14,2279152,40983632.00
20160121,16.78,17.47,16.69,16.84,2261696,40308608.00
20160122,16.90,17.27,16.55,16.90,2024676,35555348.00
20160125,16.91,17.38,16.87,17.32,2183669,38759272.00
20160126,17.10,17.27,15.65,15.65,2998687,51607920.00
20160127,16.22,16.22,14.02,14.87,4396778,68667800.00
20160128,14.87,14.95,13.79,13.81,3557083,53727688.00
20160129,13.77,14.32,13.42,14.15,2771793,40802800.00
20160201,14.08,14.27,13.45,13.69,1862879,26992084.00
20160202,13.84,14.24,13.71,14.01,3290474,48535136.00
20160203,14.03,14.83,13.90,14.72,4737996,71731136.00
20160204,14.69,15.04,14.53,14.97,3400350,52751380.00
20160205,14.95,14.95,14.56,14.57,2173057,33459636.00
20160215,14.14,15.04,13.90,14.77,2587629,39619140.00
20160216,15.04,15.51,14.70,15.44,3030223,48356236.00
20160217,15.39,15.52,15.10,15.46,2586940,41586260.00
20160218,15.65,15.79,15.19,15.38,3134157,50640564.00
20160219,15.33,15.45,15.15,15.23,2111663,33807876.00
20160222,15.49,15.64,15.30,15.51,2810237,45424760.00
20160223,15.73,16.07,15.36,15.60,4556201,74841272.00
20160224,15.39,15.69,14.97,15.39,2666994,42767132.00
20160225,15.50,15.58,13.94,14.02,3665619,56960944.00
20160226,14.29,14.48,14.09,14.29,2285634,34236820.00
20160229,14.41,14.41,12.89,13.03,3616554,50574028.00
20160301,13.25,13.36,12.61,13.24,2742622,37939672.00
20160302,13.19,14.64,12.99,14.64,5455954,81164008.00
20160303,14.93,15.27,14.69,14.77,4598876,71948440.00
20160304,14.69,14.76,13.95,14.10,3620289,54338008.00
20160307,14.13,14.68,14.13,14.40,2368933,35762052.00
20160308,14.49,15.44,13.94,15.27,6181300,95938280.00
20160309,14.79,15.15,14.40,14.59,3577575,55581844.00
20160310,14.50,14.81,13.97,14.03,2582774,38854200.00
20160311,14.01,14.24,13.77,14.04,1739890,25575614.00
20160314,14.50,14.77,14.24,14.63,2799345,42900800.00
20160315,14.51,14.69,14.38,14.43,2073797,31627328.00
20160316,14.45,14.63,14.11,14.31,2136692,32277012.00
20160317,14.33,14.82,14.33,14.79,3134195,48165832.00
20160318,14.84,15.41,14.70,15.36,5613157,89060208.00
20160321,15.49,15.74,15.21,15.60,5165918,83503136.00
20160322,15.42,16.03,15.30,15.59,5322538,87135224.00
20160323,15.62,15.79,15.37,15.59,3353592,54556820.00
20160324,15.40,15.69,15.29,15.33,2420031,39188924.00
20160325,15.29,15.68,15.29,15.60,2625154,42646488.00
20160328,15.61,15.85,15.40,15.64,3207936,52524696.00
20160329,15.54,15.62,14.98,15.07,2522033,40267760.00
20160330,15.26,15.57,15.17,15.49,3241690,52315108.00
20160331,15.59,16.37,15.46,16.15,6151232,102313624.00
20160401,15.99,16.22,15.54,15.95,3132456,51947032.00
20160405,15.94,16.45,15.69,16.24,3411240,57467772.00
20160406,16.22,16.49,15.89,16.20,3150315,53260200.00
20160407,16.29,16.32,15.85,16.01,2947544,49308420.00
20160408,15.93,17.68,15.79,16.41,6307005,108717784.00
20160411,16.49,17.31,16.48,16.95,6648092,116639936.00
20160412,16.87,17.11,16.31,16.59,3379995,58374168.00
20160413,16.64,17.07,16.64,16.76,4585313,80855008.00
20160414,16.70,16.97,16.70,16.87,2346936,41142620.00
20160415,17.02,17.02,16.34,16.61,4060772,70083440.00
20160418,16.39,16.85,16.24,16.41,3598856,61949628.00
20160419,16.52,16.64,16.29,16.45,2182899,37365892.00
20160420,16.58,17.03,14.77,15.57,4492334,75128072.00
20160421,15.63,16.05,14.99,15.17,4338595,69848832.00
20160422,15.17,15.46,14.99,15.46,1875079,29977156.00
20160425,15.31,15.61,15.22,15.38,2187787,35147780.00
20160426,15.24,15.74,15.20,15.43,1991953,31538304.00
20160427,15.43,15.56,15.22,15.35,1470169,23331330.00
20160428,15.37,15.43,14.84,15.01,2157553,33368954.00
20160429,14.84,15.09,14.80,14.99,1417722,21867006.00
20160503,15.48,16.54,15.34,16.54,9321745,155956768.00
20160504,16.34,16.67,16.19,16.54,7265250,123299376.00
20160505,16.44,16.64,16.18,16.54,4627180,78139816.00
20160506,16.66,16.92,15.86,15.87,5195563,86985664.00
20160509,15.54,15.67,14.94,15.15,3848801,60617584.00
20160510,14.97,15.36,14.97,15.11,2587438,40339244.00
20160511,15.15,15.41,14.90,15.22,2682832,42046444.00
20160512,14.95,15.12,14.54,14.94,2376829,36240460.00
20160513,14.84,15.13,14.54,14.70,1791522,27337896.00
20160516,14.70,15.08,14.56,15.04,1606604,24517690.00
20160517,15.33,15.54,14.99,15.05,2328041,36426928.00
20160518,14.94,14.94,14.22,14.35,2100523,31590150.00
20160519,14.35,14.69,14.35,14.41,1521543,22809872.00
20160520,14.17,14.55,14.14,14.55,1057868,15748275.00
20160523,14.55,14.92,14.54,14.73,1501937,22828822.00
20160524,14.87,14.87,14.41,14.52,1153366,17333324.00
20160525,14.56,14.71,14.34,14.39,1110715,16605737.00
20160526,14.39,14.44,14.04,14.28,1501082,21973378.00
20160527,14.27,15.75,14.26,15.65,4746443,73761216.00
20160530,15.26,15.34,14.87,15.02,4217088,65592656.00
20160531,15.03,15.66,14.87,15.64,5310918,83955240.00
20160601,15.63,15.75,15.37,15.70,4318916,69297112.00
20160602,15.71,15.74,15.35,15.59,3424159,54706920.00
20160603,15.56,15.67,15.36,15.56,3473947,55454636.00
20160606,15.54,15.77,15.49,15.51,3565381,57265940.00
20160607,15.49,15.76,15.41,15.72,3304047,53090204.00
20160608,15.73,15.85,15.46,15.57,4678564,75252856.00
20160613,15.41,15.41,14.55,14.55,4204785,64860160.00
20160614,14.49,14.77,14.46,14.58,1738725,26147268.00
20160615,14.58,15.04,14.36,14.93,2714075,41575140.00
20160616,14.85,15.22,14.68,14.80,2043594,31383816.00
20160617,15.21,15.21,14.80,14.88,2288397,35443220.00
20160620,14.74,14.93,14.60,14.86,1453961,22114668.00
20160621,14.88,15.06,14.65,14.67,1657992,25348680.00
20160622,14.81,15.17,14.61,14.97,1730486,26548806.00
20160623,14.96,15.22,14.70,14.92,1713572,26271372.00
20160624,14.93,15.06,14.45,14.69,2628913,40094800.00
20160627,14.84,15.42,14.76,15.24,3431189,53666088.00
20160628,15.12,15.67,15.04,15.62,4934134,78725128.00
20160629,15.56,15.83,15.40,15.43,2877002,45996676.00
20160630,15.45,15.64,15.42,15.56,2178807,34777556.00
20160701,15.72,15.84,15.34,15.34,2466682,39393840.00
20160704,15.44,15.83,15.24,15.76,3108950,49852936.00
20160705,15.79,15.81,15.55,15.65,3582818,57741780.00
20160706,15.62,15.89,15.53,15.74,5110724,82649984.00
20160707,15.78,16.11,15.66,15.92,4970573,81244208.00
20160708,15.89,15.94,15.69,15.72,2761237,44843348.00
20160711,15.67,15.87,15.63,15.65,2870424,46497516.00
20160712,15.68,15.87,15.55,15.84,2850757,46170244.00
20160713,15.87,16.02,15.79,15.94,3617844,59194708.00
20160714,15.96,16.15,15.89,15.97,3060893,50383312.00
20160715,16.02,16.05,15.81,15.84,2083475,34083204.00
20160718,15.75,17.42,15.59,17.01,8795543,148414944.00
20160719,16.88,17.81,16.51,17.29,12545077,221717648.00
20160720,17.09,17.54,16.84,16.85,6219530,108742400.00
20160721,16.75,16.96,16.56,16.66,4409429,75889184.00
20160722,16.63,17.05,16.62,16.64,3565680,61460472.00
20160725,16.69,16.80,16.36,16.42,4004103,68070896.00
20160726,16.64,17.03,16.58,16.86,4368144,75723664.00
20160727,16.86,17.00,15.59,15.89,5944020,100336608.00
20160728,15.97,16.10,15.70,15.99,3166072,51816692.00
20160729,15.99,16.18,15.87,16.06,2567271,42286688.00
20160801,15.77,16.39,15.39,16.26,3489116,57020212.00
20160802,16.05,16.42,16.05,16.42,2674744,44822116.00
20160803,16.48,16.69,16.26,16.60,3273048,55665052.00
20160804,16.44,16.67,16.44,16.56,2148882,36520744.00
20160805,16.14,16.92,16.14,16.87,3966754,67853016.00
20160808,16.87,17.00,16.59,16.98,3982513,68966168.00
20160809,16.98,17.13,16.86,16.98,3606485,62882276.00
20160810,17.20,17.54,16.62,16.65,4277262,74500664.00
20160811,16.54,16.82,16.25,16.26,2337052,39785052.00
20160812,16.24,16.54,16.06,16.31,2443252,40887664.00
20160815,16.49,16.89,16.26,16.80,2941633,50441044.00
20160816,16.75,17.22,16.74,17.03,3546941,61902368.00
20160817,17.12,18.39,16.77,18.04,10801611,196725280.00
20160818,18.03,18.26,17.77,17.87,7044396,130016768.00
20160819,17.78,18.70,17.77,18.69,7994247,150350624.00
20160822,18.64,19.01,17.67,17.95,6008046,114449984.00
20160823,18.18,18.46,17.86,18.07,3705842,69224224.00
20160824,17.99,18.16,17.77,17.88,2374806,43782168.00
20160825,17.64,18.23,17.54,18.18,3397403,62603628.00
20160826,18.19,18.50,17.77,17.82,3728029,69262456.00
20160829,17.76,18.02,17.63,17.83,1611053,29398512.00
20160830,17.70,17.98,17.54,17.57,2020812,36792776.00
20160831,17.59,17.77,17.44,17.74,1469661,26648474.00
20160901,17.83,18.04,17.67,17.73,2046582,37471312.00
20160902,17.70,17.82,17.44,17.64,1661740,30103096.00
20160905,17.64,17.79,17.49,17.71,1514094,27425292.00
20160906,17.71,17.79,16.99,17.62,3362507,60006760.00
20160907,17.50,17.73,17.29,17.34,2139229,38411304.00
20160908,17.63,17.63,17.34,17.49,1507643,27049280.00
20160909,17.49,17.59,17.00,17.05,2119208,37555652.00
20160912,16.94,16.94,16.27,16.27,3611452,61684440.00
20160913,16.39,16.52,16.29,16.42,1421727,23982768.00
20160914,16.37,16.61,16.30,16.47,981953,16649212.00
20160919,16.47,16.81,16.44,16.64,1659012,28288684.00
20160920,16.62,16.74,16.34,16.42,1293947,21868638.00
20160921,16.53,17.14,16.34,16.98,5328744,92072400.00
20160922,16.91,16.96,16.67,16.75,4117229,70923464.00
20160923,16.79,16.79,16.35,16.40,2107070,35885524.00
20160926,16.29,16.39,15.76,15.82,2559246,42439648.00
20160927,15.81,16.42,15.75,16.29,2035921,33460470.00
20160928,16.34,16.81,16.16,16.22,2135648,36049636.00
20160929,16.26,16.40,16.06,16.12,1216277,20257908.00
20160930,16.12,16.34,16.12,16.24,1029911,17212880.00
20161010,16.30,16.77,16.30,16.70,2029215,34623560.00
20161011,16.81,16.81,16.55,16.72,1752440,30028466.00
20161012,16.63,16.94,16.60,16.82,2045959,35337320.00
20161013,16.82,16.88,16.64,16.74,1005088,17270792.00
20161014,16.74,16.74,16.47,16.69,1127524,19254910.00
20161017,16.74,17.02,16.35,16.54,1431070,24625572.00
20161018,16.57,16.80,16.57,16.78,1415451,24343630.00
20161019,16.95,16.95,16.54,16.61,1462575,25088194.00
20161020,16.71,16.71,16.55,16.57,909591,15545448.00
20161021,16.58,16.68,16.37,16.44,1569228,26630236.00
20161024,16.54,16.73,16.39,16.68,1353551,23113966.00
20161025,16.68,17.91,16.58,17.64,9506393,168045920.00
20161026,17.57,17.82,17.25,17.46,6223392,111845072.00
20161027,17.50,17.53,17.10,17.25,2975547,52622328.00
20161028,17.22,17.28,16.99,17.03,2275438,39952216.00
20161031,16.96,17.35,16.86,17.29,2930967,51635516.00
20161101,17.29,17.34,17.13,17.22,2495738,44124008.00
20161102,17.27,17.38,17.03,17.07,2686727,47437380.00
20161103,16.95,17.22,16.89,17.10,1823417,32016136.00
20161104,17.04,17.20,16.94,17.02,2282421,40011272.00
20161107,17.02,17.02,16.78,16.79,2341092,40548204.00
20161108,16.88,17.08,16.86,17.00,1472631,25689948.00
20161109,17.00,17.15,16.83,17.07,2490937,43551760.00
20161110,17.20,17.33,17.12,17.30,3351308,59303244.00
20161111,17.32,17.34,17.12,17.25,2699285,47804216.00
20161114,17.21,17.34,17.15,17.30,2391753,42348744.00
20161115,17.30,17.44,17.18,17.40,2627726,46776884.00
20161116,17.54,17.54,17.23,17.33,2522870,44842584.00
20161117,17.24,17.49,17.24,17.41,2782172,49642800.00
20161118,17.33,17.49,17.22,17.26,1863894,33150032.00
20161121,17.33,17.63,17.23,17.46,2890046,51653180.00
20161122,17.54,17.59,17.42,17.48,2372797,42580528.00
20161123,17.48,17.59,17.27,17.35,3261396,58418636.00
20161124,17.26,17.38,17.06,17.21,2287189,40336292.00
20161125,17.20,17.24,16.76,17.11,1760010,30710904.00
20161128,17.11,17.22,17.04,17.08,1449249,25504980.00
20161129,17.14,17.19,16.92,16.95,1641092,28718936.00
20161130,16.89,16.99,16.62,16.79,2428869,41802568.00
20161201,16.70,16.92,16.70,16.85,1666086,28812076.00
20161202,16.74,16.96,16.74,16.81,1599050,27609446.00
20161205,16.81,16.82,16.69,16.73,929914,16005149.00
20161206,16.72,16.81,16.63,16.75,971442,16697679.00
20161207,16.66,16.88,16.66,16.84,1027127,17727080.00
20161208,16.90,17.98,16.74,17.44,5432763,97139872.00
20161209,17.24,17.24,17.00,17.03,2790349,48990796.00
20161212,17.03,17.07,15.95,16.12,2662061,44940080.00
20161213,16.04,16.17,15.89,16.10,1075847,17746164.00
20161214,15.98,16.20,15.93,16.00,832641,13718568.00
20161215,15.80,16.12,15.80,15.98,904548,14875556.00
20161216,15.97,16.12,15.97,16.09,659776,10909790.00
20161219,16.10,16.26,16.06,16.08,922990,15334926.00
20161220,16.05,16.19,16.04,16.13,621870,10299722.00
20161221,16.14,16.23,16.10,16.20,954486,15879195.00
20161222,16.16,16.25,15.82,15.85,1527680,25013268.00
20161223,15.87,15.87,15.26,15.42,2260654,36080732.00
20161226,15.54,15.70,15.42,15.70,2232185,35881016.00
20161227,15.70,15.76,15.37,15.44,2193201,34927532.00
20161228,15.43,15.49,15.10,15.21,1442679,22635882.00
20161229,15.25,15.39,15.11,15.12,946300,14841647.00
20161230,15.13,15.27,14.95,15.17,1956842,30329486.00
20170103,15.20,15.54,15.06,15.51,2168612,34346748.00
20170104,15.50,16.34,15.40,15.62,1935030,31251708.00
20170105,15.54,15.70,15.46,15.47,1375126,21998914.00
20170106,15.52,15.54,15.30,15.33,1438439,22833402.00
20170109,15.33,15.47,15.27,15.42,1067180,16922790.00
20170110,15.49,15.63,15.37,15.42,1286466,20568152.00
20170111,15.34,15.58,15.34,15.46,658094,10489800.00
20170112,15.36,15.54,15.35,15.38,615152,9778046.00
20170113,15.34,15.44,14.95,14.96,923494,14400685.00
20170116,15.14,15.14,14.20,14.52,1562226,23686234.00
20170117,14.63,14.81,14.27,14.73,1137011,17072266.00
20170118,14.74,14.89,14.65,14.86,693998,10588667.00
20170119,14.75,14.99,14.74,14.83,548711,8402158.00
20170120,14.80,15.20,14.78,15.06,997292,15458040.00
20170123,15.14,15.14,14.84,14.95,1295500,20021698.00
20170124,14.97,15.02,14.75,14.80,966855,14836816.00
20170125,14.76,15.02,14.76,14.92,808388,12431702.00
20170126,14.96,15.32,14.96,15.26,1525561,23933498.00
20170203,15.47,15.47,15.20,15.26,575653,9079933.00
20170206,15.25,15.46,15.25,15.32,690221,10894675.00
20170207,15.26,15.46,15.25,15.34,809626,12807902.00
20170208,15.43,15.51,15.29,15.38,768544,12166289.00
20170209,15.31,15.45,15.29,15.37,1127403,17852176.00
20170210,15.37,15.63,15.35,15.43,1122468,17888194.00
20170213,15.43,15.46,15.36,15.43,831659,13194221.00
20170214,15.42,15.59,15.35,15.50,1390997,22153202.00
20170215,15.49,15.49,15.14,15.14,1909608,30043370.00
20170216,15.17,15.25,14.95,15.00,1087467,16904864.00
20170217,15.02,15.67,15.02,15.37,2911322,46293748.00
20170220,15.21,15.42,15.09,15.35,1533907,24074354.00
20170221,15.36,15.42,15.24,15.40,1414706,22371088.00
20170222,15.42,15.51,15.32,15.44,1474715,23405766.00
20170223,15.45,15.75,15.21,15.74,4613564,73676048.00
20170224,16.44,17.03,16.04,16.16,11388557,192185200.00
20170227,15.98,16.14,15.72,15.74,4993069,81600288.00
20170228,15.82,15.89,15.61,15.77,2689377,43569772.00
20170301,15.66,15.87,15.66,15.78,2087128,33854320.00
20170302,15.68,15.86,15.64,15.66,1936829,31369260.00
20170303,15.66,15.74,15.58,15.71,1102117,17773838.00
20170306,15.74,15.87,15.67,15.82,1561025,25338346.00
20170307,15.83,15.84,15.70,15.77,1302100,21119962.00
20170308,15.74,15.79,15.39,15.44,3230479,51720972.00
20170309,15.37,15.45,15.14,15.20,1946465,30656676.00
20170310,15.28,15.41,15.21,15.25,815894,12848470.00
20170313,15.24,15.51,15.09,15.50,1866849,29454832.00
20170314,15.45,16.04,15.40,15.49,2387680,38382952.00
20170315,15.54,15.74,15.36,15.59,2299979,36814344.00
20170316,15.66,15.73,15.52,15.59,2384253,38263900.00
20170317,15.61,15.73,15.40,15.43,2388636,38340332.00
20170320,15.43,15.51,15.31,15.43,1193465,18904136.00
20170321,15.43,15.49,15.35,15.44,913573,14500697.00
20170322,15.37,15.43,15.27,15.34,1068918,16890518.00
20170323,15.36,15.47,15.28,15.44,1277529,20242484.00
20170324,15.46,15.46,15.32,15.43,1068212,16927170.00
20170327,15.49,15.54,15.39,15.40,1439064,22921522.00
20170328,15.37,15.83,15.36,15.64,4172081,67287576.00
20170329,15.63,15.63,15.27,15.27,3047931,48595800.00
20170330,15.27,15.32,14.54,14.90,2918911,45045256.00
20170331,14.90,14.94,14.78,14.86,1235676,18887264.00
20170405,14.73,15.15,14.64,15.12,1897498,29326810.00
20170406,15.12,15.26,15.01,15.11,1368164,21365218.00
20170407,15.11,15.19,15.04,15.09,1021284,15901930.00
20170410,15.10,15.17,14.74,14.85,1471264,22610066.00
20170411,14.91,15.42,14.87,15.07,1806564,28024842.00
20170412,15.07,15.46,14.99,15.04,1610052,25144222.00
20170413,15.00,15.13,14.99,15.12,1257013,19530094.00
20170414,15.15,15.15,14.85,14.92,940167,14505246.00
20170417,14.92,15.12,14.65,14.70,1036743,15861923.00
20170418,14.83,14.89,14.46,14.66,832850,12675809.00
20170419,14.54,14.88,14.26,14.65,2085110,31114842.00
20170420,14.72,14.81,14.46,14.57,2438101,36699216.00
20170421,14.50,14.64,14.24,14.40,1622062,24205352.00
20170424,14.31,14.38,14.07,14.10,1475787,21579166.00
20170425,14.27,14.27,13.99,14.23,906907,13249737.00
20170426,14.23,14.33,14.17,14.18,641769,9432878.00
20170427,14.18,14.51,14.04,14.40,1139213,16805252.00
20170428,14.45,14.90,14.37,14.60,1228955,18496624.00
20170502,14.62,14.72,14.34,14.42,1645043,24545492.00
20170503,14.42,14.82,14.23,14.69,3042077,45901460.00
20170504,14.80,14.80,14.52,14.52,1652752,24957032.00
20170505,14.53,14.54,14.15,14.16,1334347,19637174.00
20170508,14.13,14.24,14.04,14.16,830103,12110444.00
20170509,14.16,14.62,14.07,14.28,1110629,16370011.00
20170510,14.33,14.49,14.04,14.06,980025,14385029.00
20170511,13.84,14.01,13.40,13.72,1367578,19320576.00
20170512,13.73,13.98,13.66,13.79,609968,8717236.00
20170515,13.79,13.97,13.74,13.97,720625,10313419.00
20170516,13.98,14.40,13.85,14.17,1372863,19952954.00
20170517,14.22,14.42,14.02,14.11,1247029,18222454.00
20170518,14.08,14.20,13.95,14.02,611500,8845052.00
20170519,14.01,14.05,13.86,13.91,761155,10942377.00
20170522,13.91,13.98,13.65,13.69,770320,10965721.00
20170523,13.82,13.82,12.72,13.03,2303038,31913958.00
20170524,13.02,13.14,12.26,12.79,1657314,21780096.00
20170525,12.79,12.87,12.47,12.77,1368916,18010394.00
20170526,12.75,12.83,12.63,12.68,1170713,15442532.00
20170531,12.79,12.92,12.55,12.64,1181147,15513203.00
20170601,12.64,12.64,11.90,11.97,2423240,30754736.00
20170602,11.99,12.23,11.85,12.19,1919087,23920408.00
20170605,12.20,12.68,12.20,12.49,2032123,26299988.00
20170606,12.56,12.62,12.39,12.44,1168500,15105378.00
20170607,12.43,12.86,12.42,12.76,1727152,22671360.00
20170608,12.86,12.99,12.77,12.85,2334408,31170306.00
20170609,12.85,12.85,12.63,12.75,1730188,22047730.00
20170612,12.75,12.75,12.43,12.49,1449502,18244218.00
20170613,12.61,13.09,12.60,12.74,1570375,20128622.00
20170614,12.74,13.68,12.63,12.95,2512756,32643980.00
20170615,12.98,13.32,12.80,13.23,2837185,37052476.00
20170616,13.13,13.28,13.02,13.08,1451556,19065844.00
20170619,13.20,13.20,13.03,13.07,1061052,13874922.00
20170620,13.08,13.37,13.07,13.15,1076099,14147397.00
20170621,13.24,13.24,13.07,13.13,726948,9548548.00
20170622,13.18,13.18,12.91,12.93,984273,12847653.00
20170623,12.83,13.04,12.74,12.86,797489,10263654.00
20170626,12.99,13.06,12.88,12.98,682548,8862899.00
20170627,12.98,13.08,12.92,13.06,936176,12174635.00
20170628,13.06,13.06,12.87,12.89,766700,9915539.00
20170629,12.89,13.01,12.88,12.99,564772,7320101.00
20170630,12.85,13.05,12.85,13.01,385500,4998455.00
20170703,13.01,13.10,13.00,13.07,640451,8362922.00
20170704,13.02,13.12,12.91,12.96,674042,8770857.00
20170705,12.92,13.07,12.90,13.07,751213,9764077.00
20170706,13.10,13.12,12.96,13.07,1012810,13203389.00
20170707,13.06,13.10,13.00,13.09,657282,8576087.00
20170710,12.81,12.88,12.40,12.44,4629082,58184012.00
20170711,12.44,12.59,12.40,12.54,1254819,15687280.00
20170712,12.55,12.66,12.42,12.62,1842480,23166846.00
20170713,12.43,12.87,12.43,12.79,3415990,43667064.00
20170714,12.81,12.81,12.39,12.68,2469963,30886240.00
20170717,12.55,12.68,11.92,11.97,1903032,23107702.00
20170718,11.92,12.08,11.90,12.04,893992,10716063.00
20170719,12.01,12.22,11.95,12.21,1208751,14622230.00
数据来源:通达信
