002669 康达新材 日线 前复权
      日期	    开盘	    最高	    最低	    收盘	    成交量	    成交额
20120416,6.46,6.68,6.31,6.36,11462971,157332032.00
20120417,6.36,6.75,6.19,6.50,13267022,182097488.00
20120418,6.31,6.42,6.19,6.42,8462540,113534984.00
20120419,6.35,6.71,6.33,6.54,8641730,120316496.00
20120420,6.51,6.66,6.36,6.53,6104212,83946600.00
20120423,6.49,6.53,6.28,6.33,5028382,68056528.00
20120424,6.26,6.43,6.05,6.16,4156521,55105312.00
20120425,6.08,6.28,6.07,6.23,2629246,34616580.00
20120426,6.19,6.28,6.11,6.16,1983837,26145664.00
20120427,6.11,6.24,6.06,6.17,1832698,24065912.00
20120502,6.23,6.30,6.11,6.27,2651883,35176628.00
20120503,6.25,6.37,6.21,6.30,1974572,26350422.00
20120504,6.30,6.40,6.26,6.35,2554928,34293348.00
20120507,6.30,6.31,6.19,6.31,1906748,25333806.00
20120508,6.29,6.65,6.27,6.45,5001200,68527952.00
20120509,6.40,6.40,6.22,6.24,2723504,36351972.00
20120510,6.20,6.35,6.20,6.25,1219842,16263385.00
20120511,6.21,6.29,6.08,6.13,1826970,24024962.00
20120514,6.18,6.23,6.11,6.13,1391888,18245140.00
20120515,6.06,6.12,5.98,6.11,1940726,25042600.00
20120516,6.11,6.14,6.01,6.05,1238274,15980746.00
20120517,6.05,6.23,6.04,6.18,2138013,27947168.00
20120521,6.07,6.17,6.02,6.11,1540749,20022388.00
20120522,6.13,6.25,6.11,6.21,1411659,18549292.00
20120523,6.16,6.22,6.08,6.16,1098944,14382356.00
20120524,6.10,6.19,6.04,6.04,796870,10373452.00
20120525,6.03,6.07,5.79,5.91,1769232,22313290.00
20120528,5.88,5.92,5.71,5.84,988650,12242062.00
20120529,5.86,5.94,5.81,5.91,895322,11262625.00
20120530,5.87,5.94,5.87,5.91,801165,10084696.00
20120531,5.88,6.01,5.86,5.96,1326802,16804262.00
20120601,5.96,6.01,5.92,5.93,752715,9563372.00
20120604,5.81,5.86,5.67,5.67,1037018,12779757.00
20120605,5.67,5.74,5.66,5.68,516409,6283193.50
20120606,5.69,5.81,5.68,5.73,645869,7909492.00
20120607,5.79,5.80,5.70,5.74,557336,6842610.00
20120608,5.78,5.80,5.68,5.69,607412,7450373.50
20120611,5.69,5.84,5.68,5.82,941510,11649870.00
20120612,5.77,5.82,5.73,5.79,562140,6933007.50
20120613,5.81,5.89,5.78,5.88,773012,9634046.00
20120614,5.85,5.88,5.80,5.82,811270,10107226.00
20120615,5.83,5.84,5.75,5.79,454872,5630772.00
20120618,5.81,5.89,5.80,5.85,658540,8226377.50
20120619,5.84,5.87,5.80,5.81,520575,6481806.50
20120620,5.83,5.94,5.81,5.87,690359,8649920.00
20120621,5.84,5.85,5.75,5.81,808292,9990516.00
20120625,5.78,5.78,5.68,5.68,501050,6126764.50
20120626,5.68,5.89,5.68,5.84,1010015,12467973.00
20120627,5.89,6.03,5.89,5.91,2599439,32992052.00
20120628,5.86,6.00,5.83,5.91,1547312,19607432.00
20120629,5.86,6.08,5.86,6.01,2068484,26426594.00
20120702,6.01,6.08,5.95,6.04,1693998,21755166.00
20120703,6.04,6.08,5.95,6.00,2288610,29280654.00
20120704,5.98,6.07,5.92,5.93,1361882,17377274.00
20120705,5.91,6.00,5.88,5.98,1165107,14758757.00
20120706,5.98,6.01,5.81,5.99,1113881,14057947.00
20120709,5.91,5.94,5.70,5.72,1155179,14339941.00
20120710,5.44,5.44,5.11,5.12,2591285,28920540.00
20120711,5.02,5.23,5.02,5.19,889105,9775208.00
20120712,5.19,5.26,5.08,5.23,977601,10889125.00
20120713,5.18,5.29,5.13,5.17,891691,9989846.00
20120716,5.14,5.14,4.75,4.88,2320181,24504664.00
20120717,4.81,4.91,4.81,4.86,340555,3574287.75
20120718,4.86,5.04,4.86,5.00,875228,9371669.00
20120719,4.96,5.18,4.94,5.11,2099167,23045350.00
20120720,5.03,5.36,5.03,5.11,1580649,17537724.00
20120723,5.06,5.38,4.98,5.06,1748400,19226626.00
20120724,4.91,5.11,4.89,5.05,943150,10192470.00
20120725,5.03,5.12,4.96,5.02,676918,7351086.50
20120726,4.97,5.16,4.97,5.10,592790,6466792.00
20120727,5.06,5.15,5.02,5.12,564317,6192147.50
20120730,5.13,5.18,5.02,5.11,410962,4492867.00
20120731,5.06,5.15,5.01,5.03,704040,7702900.50
20120801,4.98,5.12,4.98,5.08,321920,3517600.75
20120802,5.06,5.08,4.97,4.97,355719,3838189.25
20120803,5.03,5.08,4.96,5.06,307541,3325813.50
20120806,5.06,5.20,5.01,5.15,1719443,18996464.00
20120807,5.15,5.19,5.08,5.16,1005508,11129305.00
20120808,5.11,5.19,5.04,5.14,1054178,11619551.00
20120809,5.15,5.20,5.04,5.18,1538131,17026282.00
20120810,5.18,5.18,5.11,5.13,721860,7987276.00
20120813,5.11,5.11,5.00,5.01,611760,6641159.00
20120814,4.98,5.12,4.91,5.05,671220,7217087.50
20120815,4.98,5.04,4.98,5.00,209583,2262056.25
20120816,4.98,5.02,4.93,5.01,275956,2970124.75
20120817,5.00,5.01,4.95,5.01,198512,2135363.75
20120820,4.96,5.07,4.96,5.06,349442,3791569.00
20120821,5.07,5.15,5.05,5.11,701343,7717130.00
20120822,5.12,5.19,5.06,5.10,805121,8879085.00
20120823,5.10,5.20,5.08,5.16,1032840,11436369.00
20120824,5.19,5.19,5.05,5.07,733301,8053661.00
20120827,5.01,5.08,4.93,5.03,679660,7307534.50
20120828,5.02,5.14,4.99,5.10,591995,6489150.00
20120829,5.12,5.18,5.07,5.16,952345,10533019.00
20120830,5.16,5.17,4.98,5.05,568463,6225077.50
20120831,5.03,5.10,5.01,5.07,328310,3583607.25
20120903,5.05,5.17,5.01,5.13,673513,7405206.00
20120904,5.15,5.21,5.12,5.16,1133230,12582770.00
20120905,5.16,5.28,5.14,5.21,2794043,31226264.00
20120906,5.24,5.25,5.16,5.22,1762646,19697148.00
20120907,5.25,5.40,5.22,5.32,3403431,38818736.00
20120910,5.31,5.43,5.27,5.41,2339328,26917530.00
20120911,5.41,5.41,5.29,5.32,1409196,16132794.00
20120912,5.35,5.39,5.25,5.31,1489519,16977406.00
20120913,5.33,5.39,5.22,5.22,1124040,12776161.00
20120914,5.28,5.35,5.16,5.24,1177541,13264101.00
20120917,5.22,5.25,5.05,5.05,826694,9131445.00
20120918,5.05,5.07,4.98,5.01,665159,7199779.50
20120919,5.03,5.21,5.00,5.11,1052348,11552131.00
20120920,5.11,5.11,4.82,4.83,908088,9686555.00
20120921,4.83,4.88,4.79,4.79,346500,3622910.00
20120924,4.76,4.78,4.67,4.75,609535,6237403.00
20120925,4.75,4.80,4.66,4.73,580922,5925740.50
20120926,4.72,4.82,4.51,4.53,859961,8675922.00
20120927,4.52,4.72,4.52,4.65,794466,7988265.50
20120928,4.65,4.77,4.60,4.72,808085,8237145.50
20121008,4.70,4.73,4.61,4.64,526529,5323195.00
20121009,4.60,4.86,4.60,4.81,1209751,12455574.00
20121010,4.81,5.27,4.78,5.22,4059042,44303588.00
20121011,5.16,5.35,5.11,5.25,3187347,35783560.00
20121012,5.34,5.81,5.33,5.41,7246611,85776624.00
20121015,5.51,5.54,5.27,5.41,4104897,47602040.00
20121016,5.40,5.50,5.29,5.31,3567802,41036932.00
20121017,5.31,5.33,5.18,5.30,1409487,15881096.00
20121018,5.32,5.41,5.27,5.31,1700698,19417104.00
20121019,5.31,5.33,5.19,5.30,1052100,11877947.00
20121022,5.26,5.30,5.22,5.30,571144,6476018.00
20121023,5.30,5.32,5.18,5.18,837108,9409163.00
20121024,5.17,5.27,5.17,5.26,779874,8755231.00
20121025,5.29,5.29,5.16,5.18,476325,5337017.00
20121026,5.23,5.23,5.04,5.06,465150,5131555.00
20121029,5.12,5.13,5.06,5.09,319504,3502197.75
20121030,5.09,5.19,5.01,5.11,643100,7112888.50
20121031,5.15,5.18,5.07,5.18,338149,3737989.00
20121101,5.19,5.27,5.14,5.20,2015825,22547148.00
20121102,5.20,5.22,5.13,5.17,766546,8532396.00
20121105,5.18,5.34,5.06,5.19,2523923,28299580.00
20121106,5.23,5.23,5.08,5.12,879307,9702807.00
20121107,5.15,5.18,5.05,5.12,1136401,12475510.00
20121108,5.10,5.10,5.01,5.02,467799,5088688.00
20121109,5.06,5.06,4.92,4.99,538190,5778106.50
20121112,4.97,5.12,4.96,5.11,812988,8841524.00
20121113,5.20,5.20,4.96,5.04,1612289,17555098.00
20121114,5.02,5.07,4.97,5.03,586209,6346413.50
20121115,5.03,5.03,4.90,4.99,500742,5364292.50
20121116,4.92,4.98,4.87,4.92,401400,4250097.00
20121119,4.91,4.97,4.88,4.97,218099,2317453.50
20121120,4.96,4.98,4.90,4.90,213722,2274001.75
20121121,4.92,5.19,4.88,5.01,2942292,31831818.00
20121122,5.00,5.00,4.90,4.92,901164,9643232.00
20121123,4.96,5.21,4.88,5.07,3707353,40508076.00
20121126,5.11,5.33,5.06,5.09,5655634,62613852.00
20121127,4.93,5.14,4.57,4.60,2393876,24790770.00
20121128,4.64,4.73,4.35,4.61,2394406,23512016.00
20121129,4.61,4.91,4.56,4.64,4133901,42318980.00
20121130,4.70,4.70,4.46,4.62,1546247,15428370.00
20121203,4.64,4.94,4.51,4.72,4284033,43992428.00
20121204,4.71,4.89,4.56,4.75,3339475,34151688.00
20121205,4.70,4.92,4.58,4.91,4162486,43067448.00
20121206,4.86,4.93,4.77,4.78,2018998,21100152.00
20121207,4.75,4.84,4.71,4.80,1932422,20012942.00
20121210,4.80,4.92,4.76,4.88,1987952,20884632.00
20121211,4.86,4.99,4.84,4.89,1920979,20393460.00
20121212,4.88,4.92,4.74,4.80,1474763,15341563.00
20121213,4.79,4.79,4.64,4.64,1535885,15619198.00
20121214,4.64,4.88,4.56,4.84,2039289,21114818.00
20121217,4.83,4.91,4.77,4.91,1419140,14887709.00
20121218,4.87,4.92,4.72,4.74,1376618,14390642.00
20121219,4.78,4.83,4.73,4.79,1091030,11284328.00
20121220,4.78,4.87,4.72,4.86,1373496,14339734.00
20121221,4.84,5.04,4.83,4.92,2899146,30937144.00
20121224,4.96,5.08,4.89,5.04,2559173,27675268.00
20121225,5.01,5.22,5.01,5.20,3121258,34438696.00
20121226,5.20,5.40,5.15,5.37,3162656,36008532.00
20121227,5.36,5.40,5.14,5.14,2732750,30791338.00
20121228,5.12,5.25,5.08,5.23,1656406,18412304.00
20121231,5.20,5.30,5.16,5.25,1366941,15341043.00
20130104,5.24,5.28,5.12,5.21,1332974,14962449.00
20130107,5.20,5.28,5.17,5.25,1057447,11894924.00
20130108,5.25,5.39,5.22,5.32,1964694,22447216.00
20130109,5.30,5.35,5.16,5.21,1446432,16320441.00
20130110,5.20,5.28,5.18,5.22,1074448,12079981.00
20130111,5.25,5.28,5.12,5.14,1502410,16791294.00
20130114,5.11,5.31,5.08,5.28,1570303,17726724.00
20130115,5.32,5.42,5.28,5.40,2483733,28623832.00
20130116,5.39,5.52,5.33,5.41,2475311,28702650.00
20130117,5.34,5.51,5.32,5.34,1605465,18593040.00
20130118,5.34,5.56,5.33,5.50,2058519,23835826.00
20130121,5.48,5.60,5.38,5.47,2085444,24358462.00
20130122,5.43,5.45,5.31,5.33,1262371,14587991.00
20130123,5.31,5.36,5.25,5.31,780605,8898451.00
20130124,5.30,5.44,5.11,5.15,1619002,18308662.00
20130125,5.06,5.21,5.02,5.20,1545187,17025860.00
20130128,5.18,5.34,5.15,5.28,846440,9515087.00
20130129,5.28,5.42,5.24,5.41,1633680,18825110.00
20130130,5.40,5.46,5.36,5.46,1329296,15457227.00
20130131,5.43,6.02,5.37,5.77,7831337,96108136.00
20130201,5.58,5.69,5.39,5.52,3632597,42737156.00
20130204,5.46,5.50,5.37,5.39,1917828,22337550.00
20130205,5.37,5.53,5.36,5.44,958569,11177220.00
20130206,5.44,5.46,5.42,5.42,801949,9348695.00
20130207,5.42,5.47,5.38,5.42,801710,9335696.00
20130208,5.42,5.51,5.42,5.48,808988,9498651.00
20130218,5.48,5.56,5.46,5.51,1401016,16532649.00
20130219,5.51,5.64,5.48,5.52,1383653,16435415.00
20130220,5.46,5.59,5.45,5.57,1318000,15611415.00
20130221,5.56,5.64,5.44,5.48,1330334,15817205.00
20130222,5.45,5.55,5.44,5.47,724175,8518986.00
20130225,5.47,5.57,5.47,5.55,593677,7021572.50
20130226,5.55,5.60,5.43,5.44,1095358,12963387.00
20130227,5.41,5.79,5.33,5.58,2086955,24773298.00
20130228,5.50,5.79,5.49,5.75,3418554,41683684.00
20130301,5.70,5.79,5.66,5.77,2007231,24545196.00
20130304,5.77,5.77,5.53,5.61,1593395,19258766.00
20130305,5.46,5.84,5.46,5.78,1901785,23222756.00
20130306,5.81,5.87,5.75,5.80,1626996,20187732.00
20130307,5.80,5.95,5.62,5.66,1383175,16960874.00
20130308,5.66,5.70,5.54,5.58,1151992,13841849.00
20130311,5.62,5.63,5.54,5.60,603692,7213674.50
20130312,5.57,5.62,5.32,5.39,968387,11332802.00
20130313,5.41,5.43,5.23,5.32,877462,9993842.00
20130314,5.33,5.39,5.31,5.32,444729,5104443.50
20130315,5.35,5.42,5.26,5.32,482415,5539082.50
20130318,5.32,5.36,5.22,5.23,397409,4500414.50
20130319,5.30,5.30,5.19,5.25,519685,5862807.50
20130320,5.26,5.50,5.26,5.42,709838,8196810.00
20130321,5.40,5.47,5.37,5.40,666882,7755578.00
20130322,5.44,5.48,5.37,5.46,581560,6768125.50
20130325,5.50,5.57,5.41,5.51,840572,9908173.00
20130326,5.48,5.50,5.37,5.44,570590,6643352.00
20130327,5.44,5.47,5.37,5.38,441556,5128484.50
20130328,5.40,5.40,5.17,5.17,681400,7684432.50
20130329,5.22,5.24,5.11,5.18,240054,2679820.00
20130401,5.18,5.26,5.10,5.26,311101,3482388.25
20130402,5.26,5.26,5.02,5.03,818837,9018350.00
20130403,5.06,5.07,4.95,4.95,375800,4055324.00
20130408,4.93,4.94,4.79,4.91,403241,4247126.50
20130409,4.91,5.11,4.88,4.98,368510,3963732.00
20130410,4.98,5.02,4.92,4.97,296921,3179717.00
20130411,4.99,5.00,4.95,4.98,210148,2254255.00
20130412,4.95,4.98,4.91,4.91,292820,3117476.00
20130415,4.90,4.91,4.74,4.74,331800,3454526.00
20130416,4.67,4.84,4.66,4.84,233432,2407169.75
20130417,4.85,4.87,4.79,4.85,143264,1498108.00
20130418,4.83,4.95,4.83,4.93,323601,3426241.75
20130419,4.93,5.03,4.92,5.01,465660,5014467.50
20130422,4.95,5.03,4.95,4.97,311149,3342308.75
20130423,4.99,4.99,4.82,4.83,346700,3664261.00
20130424,4.83,4.95,4.83,4.94,394349,4163821.50
20130425,4.96,5.07,4.91,4.91,505132,5435047.00
20130426,4.88,4.93,4.78,4.79,310279,3250365.50
20130502,4.79,4.83,4.71,4.83,259485,2685204.00
20130503,4.86,4.94,4.83,4.92,281999,2995298.00
20130506,4.98,5.02,4.93,4.99,502044,5401303.50
20130507,5.04,5.06,4.95,5.04,579391,6258382.00
20130508,5.05,5.05,5.00,5.05,551164,5975917.50
20130509,5.05,5.05,4.96,5.00,678800,7323012.50
20130510,5.00,5.14,5.00,5.10,1098586,11989055.00
20130513,5.11,5.27,5.11,5.20,1251986,14018517.00
20130514,5.22,5.22,5.06,5.12,680661,7522510.50
20130515,5.12,5.27,5.11,5.24,820761,9143811.00
20130516,5.24,5.31,5.22,5.26,865505,9805776.00
20130517,5.29,5.50,5.29,5.43,1848734,21478126.00
20130520,5.45,5.49,5.40,5.47,948141,11094440.00
20130521,5.47,5.67,5.47,5.67,1682363,20148086.00
20130522,5.67,5.75,5.50,5.51,1579535,18935044.00
20130523,5.51,5.56,5.41,5.47,1332051,15698290.00
20130524,5.53,5.60,5.46,5.57,1072089,12344127.00
20130527,5.58,5.61,5.52,5.58,819288,9516680.00
20130528,5.57,5.59,5.46,5.47,1311401,15068834.00
20130529,5.47,5.54,5.45,5.49,925133,10607896.00
20130530,5.47,5.51,5.41,5.51,1597642,18221828.00
20130531,5.51,5.67,5.51,5.56,1659345,19287084.00
20130603,5.56,5.60,5.48,5.50,1164483,13499600.00
20130604,5.52,5.52,5.31,5.34,960192,10785475.00
20130605,5.34,5.53,5.31,5.48,736512,8308860.00
20130606,5.45,5.66,5.44,5.51,2539743,29592536.00
20130607,5.50,5.52,5.33,5.49,1732221,19547706.00
20130613,5.41,5.41,5.09,5.27,1223569,13363600.00
20130614,5.27,5.41,5.22,5.32,710959,7873019.00
20130617,5.37,5.54,5.31,5.42,1109020,12503543.00
20130618,5.40,5.45,5.31,5.40,597500,6701919.00
20130619,5.40,5.40,5.21,5.35,790076,8752877.00
20130620,5.34,5.34,5.16,5.16,753292,8259592.50
20130621,5.11,5.13,5.02,5.09,594462,6315030.50
20130624,5.10,5.10,4.79,4.84,630844,6503327.50
20130625,4.84,4.88,4.49,4.79,988168,9705768.00
20130626,4.79,4.88,4.72,4.86,590659,5956655.50
20130627,4.86,4.97,4.74,4.76,603436,6149402.00
20130628,4.75,4.87,4.66,4.80,433423,4354254.50
20130701,4.79,4.92,4.77,4.91,429374,4358844.50
20130702,4.94,5.02,4.87,5.01,616820,6434262.00
20130703,5.01,5.12,4.88,5.07,738145,7748660.50
20130704,5.05,5.59,5.01,5.44,4160636,47122416.00
20130705,5.46,5.64,5.36,5.45,3905310,44921592.00
20130708,4.90,5.05,4.88,4.88,2766316,28577750.00
20130709,4.72,4.79,4.62,4.76,1227564,12187173.00
20130710,4.77,4.88,4.72,4.88,822393,8316116.50
20130711,4.87,5.04,4.85,4.98,1139892,11832268.00
20130712,4.97,5.05,4.93,4.98,1168844,12216209.00
20130715,4.97,5.06,4.88,5.02,790171,8289672.50
20130716,4.97,5.14,4.97,5.14,699961,7451615.00
20130717,5.14,5.19,5.03,5.04,657676,7042134.50
20130718,5.02,5.09,4.96,5.08,751277,7934763.00
20130719,5.11,5.11,4.94,4.96,761750,8023908.50
20130722,4.97,5.06,4.95,5.05,704775,7389399.50
20130723,5.03,5.21,5.03,5.16,872881,9405762.00
20130724,5.13,5.19,5.12,5.19,624159,6738517.50
20130725,5.18,5.34,5.12,5.31,1148340,12585296.00
20130726,5.26,5.63,5.20,5.39,5867031,67197992.00
20130729,5.38,5.41,5.19,5.23,1611828,17758788.00
20130730,5.21,5.28,4.95,5.11,1527220,16265870.00
20130731,5.08,5.20,5.08,5.17,1493823,16063509.00
20130801,5.16,5.28,5.11,5.25,1509680,16436185.00
20130802,5.26,5.30,5.21,5.22,2444130,26830782.00
20130805,5.23,5.40,5.19,5.35,2031928,22703270.00
20130806,5.36,5.50,5.34,5.43,2227831,25300554.00
20130807,5.43,5.51,5.36,5.38,1464803,16556225.00
20130808,5.38,5.45,5.35,5.42,1195337,13494011.00
20130809,5.41,5.50,5.32,5.44,1326184,15048576.00
20130812,5.44,5.45,5.39,5.45,1214641,13745198.00
20130813,5.44,5.54,5.44,5.54,1514779,17348826.00
20130814,5.54,5.55,5.41,5.43,1233130,14078690.00
20130815,5.41,5.63,5.37,5.37,1233629,14104306.00
20130816,5.32,5.45,5.25,5.27,1271986,14233640.00
20130819,5.24,5.36,5.21,5.36,812131,8994364.00
20130820,5.33,5.42,5.28,5.35,1118244,12519720.00
20130821,5.36,5.47,5.32,5.47,1168629,13233304.00
20130822,5.43,5.49,5.41,5.43,811555,9209276.00
20130823,5.44,5.47,5.33,5.39,1385361,15631619.00
20130826,5.39,5.61,5.36,5.57,2569917,29662154.00
20130827,5.57,5.62,5.50,5.59,2699461,31276922.00
20130828,5.52,5.82,5.46,5.63,3862365,45517276.00
20130829,5.63,5.79,5.59,5.69,2818316,33413138.00
20130830,5.69,5.81,5.58,5.75,3764489,44707288.00
20130902,5.76,5.84,5.52,5.64,1948759,22943136.00
20130903,5.68,5.73,5.59,5.71,1466630,17369822.00
20130904,5.72,5.76,5.59,5.62,1369211,16113144.00
20130905,5.62,5.65,5.55,5.62,1270875,14844426.00
20130906,5.62,5.99,5.58,5.91,4360651,52782708.00
20130909,5.92,5.93,5.80,5.85,2774464,33780972.00
20130910,5.85,5.97,5.82,5.89,2392654,29300584.00
20130911,5.88,5.92,5.68,5.75,2453256,29580966.00
20130912,5.75,5.91,5.71,5.89,1727700,21032616.00
20130913,5.90,5.96,5.79,5.88,1192478,14523649.00
20130916,5.88,6.03,5.79,5.97,2171112,26859692.00
20130917,5.92,6.00,5.84,5.85,1175088,14438942.00
20130918,5.85,5.95,5.78,5.95,1190346,14585720.00
20130923,5.93,6.05,5.87,6.01,1552101,19285438.00
20130924,6.00,6.16,5.89,5.89,2539020,31562244.00
20130925,5.89,6.15,5.84,6.03,2598497,32283494.00
20130926,6.00,6.08,5.83,5.84,1833349,22674400.00
20130927,5.83,5.96,5.79,5.90,1247020,15245551.00
20130930,5.94,5.96,5.86,5.95,1368673,16831960.00
20131008,5.99,6.04,5.93,6.00,1116171,13894696.00
20131009,5.97,6.06,5.94,6.06,1030739,12855691.00
20131010,6.05,6.14,5.86,5.86,1689766,20888902.00
20131011,5.87,6.01,5.87,5.94,1331585,16459338.00
20131014,5.91,6.04,5.91,6.03,1286814,16039640.00
20131015,6.03,6.04,5.94,5.99,948797,11815500.00
20131016,5.96,6.00,5.65,5.66,2491046,29925922.00
20131017,5.75,5.78,5.66,5.68,1406983,16736873.00
20131018,5.68,5.75,5.63,5.71,753805,8946428.00
20131021,5.72,5.89,5.71,5.88,1343376,16302374.00
20131022,5.90,5.90,5.78,5.80,1228171,14918244.00
20131023,5.79,5.83,5.61,5.64,1559031,18497256.00
20131024,5.64,5.68,5.60,5.61,805781,9463035.00
20131025,5.65,5.72,5.58,5.61,1064320,12559708.00
20131028,5.61,5.65,5.59,5.63,952020,11151477.00
20131029,5.64,5.69,5.37,5.48,1275426,14687533.00
20131030,5.49,5.68,5.46,5.66,1100564,12844877.00
20131031,5.65,5.81,5.61,5.69,2114823,25285898.00
20131101,5.66,5.75,5.59,5.63,1379327,16281052.00
20131104,5.64,5.86,5.64,5.82,2070736,24975614.00
20131105,5.79,5.93,5.70,5.92,2990702,36259296.00
20131106,5.90,5.99,5.82,5.83,2046177,25179476.00
20131107,5.85,5.95,5.79,5.82,1879450,22950268.00
20131108,5.82,6.04,5.78,5.93,3592941,44221936.00
20131111,5.89,6.46,5.84,6.37,5760925,74383376.00
20131112,6.34,6.98,6.27,6.69,9674191,132011280.00
20131113,6.59,6.86,6.52,6.72,6662705,92331200.00
20131114,6.67,7.41,6.62,7.41,8144257,120122952.00
20131115,7.86,8.18,7.62,8.18,8271277,135218656.00
20131118,8.26,8.49,7.82,8.19,12734213,214741440.00
20131119,8.02,8.06,7.77,7.93,8492153,138296528.00
20131120,7.86,8.00,7.79,7.97,6137864,99954840.00
20131121,7.76,7.86,7.47,7.65,6998281,110476064.00
20131122,7.68,7.90,7.60,7.76,4825759,77279104.00
20131125,7.96,7.96,7.76,7.91,5280944,85770680.00
20131126,7.80,8.35,7.70,7.94,7531403,124204304.00
20131127,7.79,7.93,7.71,7.77,4696115,75483344.00
20131128,7.79,8.29,7.75,8.16,7813221,129812816.00
20131129,8.14,8.59,8.11,8.24,8044214,137729104.00
20131202,7.41,7.62,7.39,7.39,4496686,68911600.00
20131203,6.81,7.25,6.63,7.05,6523689,92568464.00
20131204,6.99,7.33,6.95,7.01,4379975,64689072.00
20131205,6.95,7.13,6.94,7.04,2613275,37965764.00
20131206,7.01,7.15,6.96,7.01,2243355,32693576.00
20131209,6.97,7.25,6.97,7.25,3015446,44669936.00
20131210,7.35,7.51,7.21,7.32,3421513,51997576.00
20131211,7.23,7.35,7.12,7.26,2006076,29936500.00
20131212,7.26,7.45,7.26,7.40,2361478,35988840.00
20131213,7.38,7.46,7.25,7.45,2388166,36355072.00
20131216,7.39,7.41,7.07,7.07,1977626,29542996.00
20131217,7.02,7.12,6.96,6.96,1238636,18036276.00
20131218,6.94,7.05,6.90,6.96,950232,13695150.00
20131219,6.97,7.10,6.91,6.92,1051382,15265246.00
20131220,6.93,6.99,6.76,6.85,1259175,17883852.00
20131223,6.80,6.98,6.70,6.92,1112349,15831552.00
20131224,6.88,7.14,6.88,7.01,1472225,21397972.00
20131225,7.06,7.56,7.06,7.49,3508112,53477496.00
20131226,7.42,7.51,7.20,7.21,2578382,39005360.00
20131227,7.25,7.60,7.25,7.54,3061683,47224004.00
20131230,7.59,7.73,7.47,7.54,2364418,37013172.00
20131231,7.49,7.57,7.23,7.37,1518030,23143282.00
20140102,7.36,7.51,7.26,7.50,1634985,25102988.00
20140103,7.50,7.56,7.35,7.56,1975631,30437828.00
20140106,7.59,7.64,7.05,7.11,2323540,35478176.00
20140107,7.07,7.27,6.96,7.20,1496822,22064174.00
20140108,7.25,7.38,7.18,7.23,1396178,20974702.00
20140109,7.26,7.40,7.06,7.10,1616302,24345886.00
20140110,7.06,7.06,6.60,6.65,2048137,28937878.00
20140113,6.74,6.75,6.56,6.70,1310823,18058650.00
20140114,6.67,6.89,6.64,6.89,1212555,17118044.00
20140115,6.85,6.99,6.82,6.94,1202540,17157964.00
20140116,7.00,7.12,6.91,7.06,1379045,20041034.00
20140117,7.01,7.05,6.92,6.98,990532,14274170.00
20140120,7.01,7.11,6.86,6.96,1013528,14690816.00
20140121,6.96,7.07,6.95,7.03,904400,13105745.00
20140122,7.04,7.36,7.03,7.35,2342510,34988792.00
20140123,7.36,7.38,7.23,7.35,1910482,28791790.00
20140124,7.28,7.50,7.27,7.43,2063396,31596604.00
20140127,7.44,7.44,7.30,7.33,1262694,19185454.00
20140128,7.35,7.39,7.21,7.21,1285769,19268756.00
20140129,7.21,7.33,7.21,7.29,1026816,15410172.00
20140130,7.30,7.33,7.17,7.19,909692,13606452.00
20140207,7.14,7.28,7.01,7.28,922343,13656750.00
20140210,7.29,7.69,7.29,7.59,2999364,46588724.00
20140211,7.56,7.67,7.42,7.64,2889089,45125720.00
20140212,7.61,7.99,7.55,7.98,3639443,58986920.00
20140213,7.97,7.97,7.64,7.68,2460174,39522112.00
20140214,7.68,7.91,7.65,7.82,1807529,29104828.00
20140217,7.85,8.09,7.84,8.09,3115970,51114696.00
20140218,8.10,8.16,7.95,8.01,2970953,49170772.00
20140219,8.01,8.06,7.82,7.89,2209155,36022688.00
20140220,7.88,7.93,7.71,7.75,1654769,26590714.00
20140221,7.73,7.92,7.70,7.80,1377872,22217348.00
20140224,7.84,7.97,7.74,7.96,1396897,22615814.00
20140225,8.00,8.09,7.37,7.40,2538309,40648052.00
20140226,7.40,7.46,7.18,7.39,1390625,20990172.00
20140227,7.41,7.59,7.20,7.31,1168239,17928112.00
20140228,7.27,7.31,7.07,7.30,1003048,14900021.00
20140303,7.30,7.55,7.30,7.52,1186997,18159468.00
20140304,7.46,7.46,7.33,7.43,865159,13238663.00
20140305,7.43,7.56,7.43,7.47,896691,13862382.00
20140306,7.47,7.71,7.43,7.70,1703209,26734688.00
20140307,7.71,8.50,7.71,8.50,3727702,64102688.00
20140310,8.85,9.16,8.50,8.76,11090387,201330240.00
20140311,8.73,8.74,8.14,8.17,5755087,99099544.00
20140312,8.11,8.11,7.33,7.49,5747748,91215000.00
20140313,7.49,7.62,7.41,7.53,2558500,39758732.00
20140314,7.54,7.61,7.28,7.28,2374949,36430476.00
20140317,7.30,8.03,7.30,8.03,3259768,51935492.00
20140318,8.20,8.86,8.15,8.86,5714883,101606560.00
20140319,9.13,9.76,8.96,9.01,13077285,248428352.00
20140320,9.13,9.81,9.05,9.07,10113328,195305088.00
20140321,8.80,9.35,8.65,9.17,6328655,117595968.00
20140324,9.08,10.05,9.02,9.68,8081364,158973200.00
20140325,9.69,9.99,8.77,9.00,6027124,115405904.00
20140326,8.90,9.92,8.89,9.92,7036678,137239376.00
20140327,10.16,10.61,9.81,9.81,9757687,203292352.00
20140328,9.90,10.15,9.22,9.71,6238534,124001312.00
20140331,9.63,9.85,9.01,9.20,4374109,83719800.00
20140401,9.67,10.05,9.45,9.52,6366021,126988824.00
20140402,9.27,10.34,9.19,10.34,7078338,141343344.00
20140403,10.14,10.93,9.94,10.62,8390622,178692416.00
20140404,10.60,10.86,10.36,10.49,4817339,104216968.00
20140408,10.31,10.89,10.21,10.66,4975846,108146104.00
20140409,10.76,11.75,10.43,11.75,7685063,173251504.00
20140410,11.76,12.68,11.67,11.96,9401655,232026608.00
20140411,11.77,12.91,11.67,12.56,8101642,203464352.00
20140414,12.56,13.84,12.46,13.84,8495266,231207264.00
20140415,14.12,14.30,12.96,13.41,9413401,258102656.00
20140416,13.16,14.01,12.77,13.56,8212528,223328176.00
20140417,13.42,13.43,12.56,12.56,6160222,161775328.00
20140418,12.46,12.96,12.41,12.65,4421882,114794088.00
20140421,12.55,12.91,12.17,12.74,3957997,101587936.00
20140422,12.60,12.66,11.64,11.96,5148498,126675200.00
20140423,11.96,12.15,11.81,12.02,3040061,74209176.00
20140424,11.86,13.00,11.54,12.75,5874843,147161568.00
20140425,12.47,12.74,11.70,11.70,3685251,92457832.00
20140428,11.30,11.46,10.51,10.51,4698331,103248104.00
20140429,10.41,10.76,10.36,10.64,2671968,57961204.00
20140430,10.69,11.16,10.66,10.71,3311180,73240848.00
20140505,10.71,11.11,10.40,11.05,2994945,66222620.00
20140506,11.01,11.51,10.95,11.31,3362341,77119768.00
20140507,11.19,11.20,10.76,10.77,3450543,77039496.00
20140508,10.60,10.98,10.44,10.66,2654466,57988588.00
20140509,10.91,11.67,10.84,10.85,4708297,106829768.00
20140512,10.68,11.37,10.68,11.19,3622707,81861800.00
20140513,11.15,11.49,11.06,11.25,2649807,61067868.00
20140514,11.40,12.40,11.27,12.40,5849810,143247200.00
20140515,12.50,13.61,12.42,13.01,10456458,276264640.00
20140516,13.21,13.21,12.07,12.65,6377920,163732848.00
20140519,12.65,13.82,12.65,12.77,18018781,242363424.00
20140520,12.83,13.67,12.52,13.30,16809832,224126640.00
20140521,13.11,13.22,12.64,12.93,10500361,137709632.00
20140522,12.97,13.10,12.48,12.62,10730567,139202560.00
20140523,12.41,12.46,11.69,12.28,13585641,165599216.00
20140526,12.07,12.98,12.02,12.93,11718861,148421744.00
20140527,12.78,12.89,12.45,12.54,8619024,110697248.00
20140528,12.54,13.08,12.53,12.84,9115793,118528000.00
20140529,12.77,12.77,12.12,12.13,9319685,117210704.00
20140530,12.02,13.12,11.86,12.87,16289191,209940032.00
20140603,12.69,13.12,12.37,13.10,11504959,149593568.00
20140604,13.02,13.38,12.69,12.85,9385023,124077504.00
20140605,12.90,13.00,12.54,12.92,7136748,92446704.00
20140606,12.83,13.77,12.62,13.64,17843118,240946816.00
20140609,13.52,14.02,13.45,14.02,16317051,226993648.00
20140610,13.82,14.24,13.53,13.94,13391075,188255696.00
20140611,13.87,14.51,13.63,14.39,15651938,225191616.00
20140612,14.39,14.49,14.04,14.10,11454530,164848544.00
20140613,14.13,15.20,14.02,14.58,18063322,267938320.00
20140616,14.52,14.61,14.27,14.60,9855124,144055872.00
20140617,14.48,14.58,14.10,14.11,7409101,107132448.00
20140618,14.18,14.22,13.49,13.67,7196497,100368992.00
20140619,13.63,13.86,12.60,12.97,6410054,86784232.00
20140620,12.55,13.07,12.54,12.91,4090623,53273636.00
20140623,12.84,13.28,12.84,13.04,4266572,56807920.00
20140624,13.02,13.18,12.81,12.87,5267037,69155800.00
20140625,13.01,14.18,13.01,14.18,15551917,218647232.00
20140626,14.62,15.21,14.24,15.04,21857822,326332096.00
20140627,14.80,15.36,14.62,15.16,15722025,238246672.00
20140630,14.97,15.94,14.63,15.57,18467648,286865504.00
20140701,15.27,15.50,15.07,15.37,10780413,166349216.00
20140702,15.49,15.49,14.83,15.00,10469841,160590160.00
20140703,14.99,15.72,14.72,15.24,11892801,185101264.00
20140704,15.06,15.39,14.92,15.24,5915228,90633184.00
20140707,15.18,16.12,14.97,16.11,14557681,231197008.00
20140708,16.10,16.42,15.72,16.17,11333332,183404032.00
20140709,16.11,16.31,14.95,15.12,12915286,205964736.00
20140710,15.02,15.35,14.95,15.06,6821556,104478936.00
20140711,15.17,15.87,15.17,15.69,7401701,116973736.00
20140714,15.46,15.69,15.22,15.62,5694768,88975696.00
20140715,15.57,15.69,14.91,15.41,5612573,86705544.00
20140716,15.22,15.29,14.92,15.00,3297607,50217504.00
20140717,14.92,15.65,14.82,15.46,6229189,96469112.00
20140718,15.42,15.57,15.20,15.36,3124128,48490856.00
20140721,15.36,15.40,14.82,15.01,3323118,50595876.00
20140722,15.00,15.34,14.87,15.16,3329535,50952844.00
20140723,15.16,15.16,14.24,14.33,6037687,89855696.00
20140724,14.31,14.55,14.01,14.23,4174817,60353516.00
20140725,14.24,14.32,13.86,13.99,3720513,52896856.00
20140728,14.05,14.31,14.02,14.23,3262093,46934996.00
20140729,14.37,15.52,14.32,15.39,8681266,132447160.00
20140730,15.23,15.52,15.03,15.28,6518418,100795296.00
20140731,15.28,15.32,14.82,15.12,5399938,82085920.00
20140801,15.13,15.13,14.74,14.74,3813258,57504444.00
20140804,14.77,14.99,14.74,14.89,2639000,39771280.00
20140805,14.87,14.87,14.55,14.81,3692460,54997752.00
20140806,14.81,15.36,14.66,15.22,6023377,92232272.00
20140807,15.07,15.18,14.91,14.93,3125591,47546908.00
20140808,14.94,15.10,14.82,14.98,2630257,39854272.00
20140811,14.94,15.25,14.93,15.14,3092769,47413036.00
20140812,15.17,15.30,15.05,15.30,4416845,67962528.00
20140813,15.31,15.36,14.99,15.11,3430378,52425068.00
20140814,15.08,15.19,14.95,15.00,3109052,47308340.00
20140815,15.06,15.10,14.88,15.04,2912472,44185580.00
20140818,15.02,15.50,14.94,15.49,5954659,92093376.00
20140819,15.67,15.80,15.30,15.43,6912688,108232832.00
20140820,15.40,15.40,15.17,15.29,4450196,68674424.00
20140821,15.27,15.58,15.22,15.54,5615125,87696064.00
20140822,15.58,16.40,15.44,16.18,11113738,179108496.00
20140825,16.14,16.15,15.74,15.82,6274581,100844016.00
20140826,15.58,15.81,15.12,15.23,4790693,74678824.00
20140827,15.25,15.78,15.25,15.76,6195504,97891248.00
20140828,15.76,15.76,15.23,15.37,3081420,48192936.00
20140829,15.38,15.46,15.19,15.39,2419518,37504372.00
20140901,15.42,15.74,15.40,15.72,3536849,55894240.00
20140902,15.81,16.12,15.68,16.10,8182659,132100184.00
20140903,16.34,17.40,16.34,16.85,12924413,220777744.00
20140904,16.78,17.03,16.58,16.89,8051839,137144432.00
20140905,16.71,16.89,16.46,16.73,5428882,91472840.00
20140909,16.65,17.42,16.65,17.35,7547031,131277616.00
20140910,17.36,17.37,17.00,17.26,5490105,95198992.00
20140911,17.32,17.67,16.77,16.77,7912315,137417728.00
20140912,16.67,17.17,16.67,17.17,4540112,78210960.00
20140915,17.26,17.67,17.18,17.45,5265605,92840384.00
20140916,17.45,17.67,16.68,16.71,5767796,99903760.00
20140917,16.72,16.90,16.23,16.66,3848074,64283048.00
20140918,16.65,17.22,16.45,17.22,3253151,55169400.00
20140919,17.22,17.33,16.93,17.20,3950558,68609096.00
20140922,17.12,17.12,16.64,16.70,2432826,41281564.00
20140923,16.62,16.92,16.52,16.82,2261336,38394612.00
20140924,16.83,18.00,16.71,17.70,7722365,135004480.00
20140925,17.61,17.99,17.46,17.62,6163703,110165896.00
20140926,17.56,17.95,17.52,17.75,3924416,70417480.00
20140929,17.86,18.32,17.65,17.84,5377907,97712480.00
20140930,17.92,17.92,17.48,17.78,3734745,66612260.00
20141008,17.72,18.10,17.55,18.06,3201176,57760860.00
20141009,18.09,18.59,17.72,18.36,6457874,119268152.00
20141010,18.37,18.50,18.10,18.15,4125221,76057176.00
20141013,18.07,18.07,17.60,17.92,3397700,61053352.00
20141014,17.82,18.19,17.62,17.69,3191234,57638372.00
20141015,17.71,17.87,17.52,17.77,1996147,35690728.00
20141016,17.71,17.79,16.92,16.96,4339685,76182648.00
20141017,16.94,17.05,16.42,16.82,3315542,55959148.00
20141020,16.40,16.40,15.15,15.84,8491512,134597136.00
20141021,15.67,16.10,15.57,15.97,3967767,63739484.00
20141022,15.90,15.94,15.24,15.26,3328795,52695812.00
20141023,15.20,15.60,14.87,15.53,3663342,55913760.00
20141024,15.42,16.41,15.40,15.84,3851187,62123992.00
20141027,15.82,16.20,15.42,16.00,2332700,37326108.00
20141028,16.00,16.57,16.00,16.31,3039461,50038588.00
20141029,16.26,16.53,16.26,16.42,3396810,56306716.00
20141030,16.36,16.48,16.03,16.12,3171135,52042624.00
20141031,16.18,16.25,15.73,15.99,2726103,43894876.00
20141103,15.99,16.43,15.99,16.42,2917752,47892920.00
20141104,16.44,16.47,16.20,16.26,1859720,30662636.00
20141105,16.22,16.41,16.14,16.32,1965781,32391458.00
20141106,16.40,16.44,16.20,16.39,1803926,29787186.00
20141107,16.42,16.42,15.90,15.95,2129854,34951992.00
20141110,15.83,16.02,15.53,15.77,2266758,36016656.00
20141111,15.80,15.82,14.52,14.80,4058602,61863160.00
20141112,14.81,15.33,14.77,15.24,1915103,29446618.00
20141113,15.22,15.22,14.62,14.76,2570063,38423132.00
20141114,14.80,14.92,14.62,14.67,1266274,18900416.00
20141117,14.73,15.31,14.68,15.24,1976988,30077374.00
20141118,15.25,15.72,15.24,15.49,1706469,26686430.00
20141119,15.39,15.65,15.22,15.37,1287406,19990062.00
20141120,15.27,15.36,15.20,15.21,869725,13410946.00
20141121,15.21,15.37,15.12,15.27,1230899,19022300.00
20141124,15.37,15.59,15.23,15.42,1997938,31073942.00
20141125,15.43,15.62,15.33,15.56,1609635,25283668.00
20141126,15.56,15.80,15.44,15.71,1776172,28114262.00
20141127,15.72,16.07,15.71,15.96,2890713,46448240.00
20141128,15.97,15.97,15.59,15.71,2627258,41788372.00
20141201,15.71,15.71,14.93,15.02,2881990,44169756.00
20141202,15.04,15.57,15.04,15.34,2020079,31491568.00
20141203,15.34,15.50,14.90,15.42,2621474,40204280.00
20141204,15.43,15.69,15.35,15.52,2939843,46127996.00
20141205,15.53,15.54,14.92,15.18,3759242,57540484.00
20141208,15.19,15.27,14.90,14.95,3297307,50017980.00
20141209,14.93,14.93,13.95,13.96,5011116,72890952.00
20141210,13.90,14.45,13.87,14.30,2014572,29087962.00
20141211,14.21,14.42,14.10,14.40,2031063,29348562.00
20141212,14.40,14.60,14.40,14.60,1776630,26093424.00
20141215,14.57,14.97,14.45,14.87,1884877,28225694.00
20141216,14.92,14.98,14.73,14.83,1552440,23328606.00
20141217,14.83,14.83,14.20,14.32,2074665,30253590.00
20141218,14.32,14.32,13.99,14.01,2740652,39117288.00
20141219,14.01,14.17,13.84,13.96,1939915,27473736.00
20141222,13.96,14.08,12.56,13.04,2910925,38628148.00
20141223,13.12,13.30,12.84,12.97,1564972,20668944.00
20141224,13.12,13.29,12.97,13.27,1273023,16973100.00
20141225,13.28,13.75,13.27,13.44,1612049,22023336.00
20141226,13.34,13.48,13.19,13.27,1247709,16796106.00
20141229,13.27,13.27,12.55,12.81,2111687,27244714.00
20141230,12.82,12.92,12.56,12.67,1315371,16885660.00
20141231,12.67,12.79,12.55,12.77,1052606,13546058.00
20150105,12.76,12.82,12.42,12.65,1946248,24875248.00
20150106,12.67,13.37,12.66,13.27,3092345,41170988.00
20150107,13.33,13.64,13.32,13.36,2377222,32330326.00
20150108,13.30,13.31,12.95,13.15,1407038,18735356.00
20150109,13.20,13.25,13.02,13.05,1331540,17779352.00
20150112,13.05,13.24,12.84,13.24,1158752,15405582.00
20150113,13.31,13.47,13.23,13.41,1835268,24880090.00
20150114,13.50,13.51,13.16,13.24,1476203,19936388.00
20150115,13.30,13.43,13.14,13.38,1510536,20453868.00
20150116,13.36,13.65,13.34,13.61,1723842,23684782.00
20150119,13.42,13.90,13.32,13.47,2536470,35041976.00
20150120,13.45,14.08,13.42,14.02,2870337,40140600.00
20150121,14.01,14.18,13.90,14.18,2610665,37220580.00
20150122,14.17,14.31,14.02,14.28,2433281,34935944.00
20150123,14.29,14.33,13.88,13.94,2070756,29545670.00
20150126,13.91,14.25,13.84,14.19,1537285,21918514.00
20150127,14.19,14.30,13.95,14.14,1694713,24284326.00
20150128,14.14,14.19,13.95,14.03,1356006,19336886.00
20150129,14.03,14.26,13.89,14.25,1843282,26368146.00
20150130,14.90,15.27,14.64,14.64,5869776,88538288.00
20150202,14.38,14.38,13.83,14.13,2462228,35419032.00
20150203,14.14,14.40,14.08,14.26,1626605,23466334.00
20150204,14.37,14.55,14.28,14.45,1773567,25949800.00
20150205,14.50,14.57,14.28,14.30,1368852,19896858.00
20150206,14.22,14.27,13.82,13.84,1471981,20898270.00
20150209,13.82,13.91,13.44,13.46,1155001,15979197.00
20150210,13.42,13.72,13.33,13.72,936283,12814560.00
20150211,13.67,13.82,13.60,13.82,1008104,14002297.00
20150212,13.83,14.01,13.82,14.00,771515,10885312.00
20150213,14.32,14.81,14.27,14.32,2943977,43338500.00
20150216,14.24,14.60,14.24,14.53,2180443,31959856.00
20150217,14.62,14.71,14.42,14.60,1484931,21901380.00
20150225,14.65,14.71,14.53,14.66,1292313,19146106.00
20150226,14.60,14.92,14.60,14.76,1469413,21937114.00
20150227,14.72,14.91,14.65,14.77,1766030,26459712.00
20150302,14.83,15.07,14.78,15.07,2760561,41682648.00
20150303,15.08,15.42,14.93,15.15,4050377,62328728.00
20150304,15.06,15.31,14.92,15.31,3025006,46156536.00
20150305,15.29,15.97,15.18,15.67,5446981,86114976.00
20150306,15.62,15.82,15.36,15.36,2787642,43737276.00
20150309,15.34,15.34,14.82,15.21,2073152,31693894.00
20150310,15.21,15.76,15.21,15.61,2368981,37265320.00
20150311,15.68,15.90,15.42,15.51,2081486,32857376.00
20150312,15.49,15.91,15.44,15.72,2932470,46526532.00
20150313,16.40,17.21,15.92,16.46,6333586,106706176.00
20150316,16.34,17.90,16.11,17.63,7808812,134909152.00
20150317,17.37,17.71,17.23,17.47,5972242,105162496.00
20150318,17.45,17.57,17.12,17.42,4301886,75262360.00
20150319,17.50,17.58,17.25,17.56,4300147,75660536.00
20150320,17.76,18.20,17.43,18.01,6753303,122034304.00
20150323,18.17,18.37,17.82,18.32,6698165,122571392.00
20150324,18.42,18.42,17.30,17.62,10404836,186868256.00
20150325,17.52,17.52,17.06,17.29,6502315,113175960.00
20150326,17.28,17.44,17.02,17.12,4665412,81004688.00
20150327,17.19,18.27,17.19,18.02,7603696,135830768.00
20150330,17.92,17.92,17.55,17.70,5503718,98509792.00
20150331,17.70,19.38,17.70,18.90,14886938,280460448.00
20150401,18.73,19.27,18.62,19.00,8130198,155238720.00
20150402,19.00,19.22,18.73,19.22,6733869,129253168.00
20150403,19.07,19.70,18.84,19.37,6910425,135185488.00
20150407,19.54,19.78,19.19,19.38,7144731,139518976.00
20150408,19.41,19.41,18.50,18.73,6825885,130037536.00
20150409,18.53,20.22,18.20,20.10,11556741,223291648.00
20150410,19.82,20.60,19.63,20.05,10085228,205906832.00
20150413,19.98,20.67,19.73,20.38,7550128,154658672.00
20150414,20.22,20.22,19.52,19.70,6071614,121801368.00
20150415,19.50,19.64,17.82,18.02,7631112,144043424.00
20150416,17.82,18.45,17.42,18.27,4404177,80403680.00
20150417,18.27,18.62,18.00,18.27,4448849,82213936.00
20150420,18.27,18.27,17.53,17.57,5533793,99597640.00
20150421,17.61,18.42,17.61,18.31,4062285,74306912.00
20150422,18.52,19.60,18.50,19.23,6940872,133883976.00
20150423,19.19,19.40,18.87,19.09,5121603,98812352.00
20150424,18.81,19.70,18.48,19.68,5887607,114264864.00
20150427,20.02,20.20,19.49,19.74,7761287,154710368.00
20150428,19.54,19.67,18.47,18.57,6182339,118176312.00
20150429,18.51,19.09,18.31,18.66,3828173,72501152.00
20150430,18.69,18.93,18.38,18.38,5398784,101804904.00
20150504,18.42,18.93,17.93,18.77,5586396,104478056.00
20150505,18.74,19.37,18.59,18.89,6812489,129502016.00
20150506,19.28,19.55,18.89,19.05,7432429,143724672.00
20150507,19.06,20.56,19.05,20.29,12762519,255621616.00
20150508,20.48,22.33,19.84,22.10,20176260,426019360.00
20150804,19.88,19.88,19.88,19.88,2631000,52593688.00
20150805,18.51,21.79,18.51,20.93,21663379,442790624.00
20150806,19.89,21.45,19.70,20.11,19336888,403688960.00
20150807,19.99,22.13,19.97,22.13,17809984,373752416.00
20150810,23.07,24.35,22.81,24.35,9436419,225893824.00
20150811,26.80,26.80,24.94,25.48,34451637,901614144.00
20150812,25.09,28.04,24.95,28.04,24753738,670288384.00
20150813,28.07,30.76,26.59,29.19,27683080,785224960.00
20150814,28.55,29.72,27.49,28.29,23553598,675360896.00
20150817,27.39,27.84,26.49,26.96,16085083,435704480.00
20150818,26.96,28.22,24.25,24.25,19464559,510703328.00
20150819,23.01,25.38,21.91,24.91,15004575,353900320.00
20150820,24.19,26.55,22.99,23.69,11780967,286410688.00
20150821,22.89,23.69,21.44,21.47,9799447,222158272.00
20150824,20.10,20.57,19.31,19.31,9813801,193953088.00
20150825,17.69,18.40,17.37,17.37,13364881,239303840.00
20150826,17.79,19.08,16.39,18.14,13936676,254466560.00
20150827,18.89,19.79,18.00,19.79,11541914,218324464.00
20150828,20.09,21.19,19.36,20.77,12678668,256220224.00
20150831,20.47,20.47,18.68,18.68,7853531,155288544.00
20150901,18.09,18.09,16.80,16.80,8763361,151397744.00
20150902,15.54,17.39,15.11,15.17,7910075,125952312.00
20150907,15.57,16.39,14.80,15.19,8875141,140110336.00
20150908,14.98,16.34,14.82,16.28,5653509,88821368.00
20150909,16.49,17.77,16.45,17.28,9078316,156506400.00
20150910,16.79,17.66,16.49,16.77,5451384,93884448.00
20150911,16.66,17.34,16.64,17.08,5114080,87184656.00
20150914,17.12,17.34,15.36,15.36,5389948,86944280.00
20150915,14.74,15.09,13.81,13.82,6654288,95833240.00
20150916,14.11,15.21,13.89,15.17,5730227,83967208.00
20150917,15.08,15.72,14.64,14.74,6417383,98315672.00
20150918,14.87,15.16,14.50,14.99,3613968,54166632.00
20150921,14.86,16.24,14.57,15.96,5797473,91327224.00
20150922,15.88,16.75,15.87,16.54,6818206,112401552.00
20150923,16.07,16.49,15.89,16.09,3698924,60460692.00
20150924,16.14,17.65,16.14,17.57,7879722,135341344.00
20150925,17.18,17.66,15.80,16.53,7548945,127207256.00
20150928,16.39,17.19,16.14,17.14,4689741,79396920.00
20150929,16.79,16.89,16.11,16.21,4110480,68315824.00
20150930,16.59,16.83,16.24,16.50,3906726,65289204.00
20151008,17.39,18.05,17.01,17.90,8173598,144355296.00
20151009,17.84,18.58,17.59,18.39,7338857,134458496.00
20151012,18.56,20.24,18.54,19.75,9688754,190814960.00
20151013,19.34,20.09,19.22,19.90,6796110,135641248.00
20151014,19.93,21.09,19.60,20.14,7880294,161501856.00
20151015,19.89,22.17,19.78,22.17,13691020,296448608.00
20151016,22.19,23.39,21.89,22.19,11298547,256284096.00
20151019,22.19,22.41,21.10,21.39,8816425,192681040.00
20151020,21.88,22.07,21.39,21.94,6179325,134971216.00
20151021,22.10,23.69,21.09,21.79,15296075,345010816.00
20151022,21.71,23.98,21.69,23.98,14374970,330645824.00
20151023,24.49,26.27,23.69,25.08,12335364,309129792.00
20151026,25.08,25.57,24.06,24.74,9398948,234205200.00
20151027,24.38,24.84,22.46,24.27,7348227,176338080.00
20151028,24.33,25.69,23.94,24.89,9850361,247015632.00
20151029,25.09,25.43,23.69,24.90,4229462,105373144.00
20151030,24.65,24.99,24.15,24.55,4231364,104529768.00
20151102,23.76,25.35,23.44,24.39,5609678,138614784.00
20151103,24.74,24.74,21.94,22.89,7855457,183027968.00
20151104,22.89,24.26,22.64,24.12,5581390,131981296.00
20151105,24.51,24.56,23.34,23.85,4743283,113956760.00
20151106,23.95,25.99,23.84,25.86,9735819,247665904.00
20151109,25.79,26.81,24.94,26.48,9874020,257692320.00
20151110,26.04,26.47,25.70,26.20,3892239,102069976.00
20151111,26.20,26.35,24.89,25.74,6256951,161473792.00
20151112,25.78,27.98,25.78,26.61,10250936,276937952.00
20151113,26.39,27.16,25.90,26.66,8251341,219627728.00
20151116,26.09,28.79,25.89,28.74,7188994,200733296.00
20151117,29.25,30.25,27.99,28.54,8741145,255704352.00
20151118,28.75,28.87,26.89,27.29,5808646,161042960.00
20151119,27.37,28.28,27.09,28.28,3358999,93572624.00
20151120,28.34,30.01,28.25,28.90,6402092,188041680.00
20151123,28.77,30.89,26.89,29.46,7407580,220040048.00
20151124,29.09,30.88,28.91,30.50,4905685,148090080.00
20151125,31.09,33.44,30.89,32.89,8007048,258060032.00
20151126,32.46,32.84,31.49,31.54,4600731,147932336.00
20151127,31.62,32.94,29.90,30.06,6283239,199291776.00
20151130,30.10,30.77,27.55,30.56,5591191,165148032.00
20151201,30.54,30.54,28.57,29.09,4195975,124594024.00
20151202,29.39,29.84,26.89,28.69,3524211,101495000.00
20151203,28.49,29.99,28.49,29.97,3351302,98684384.00
20151204,29.97,31.19,29.70,30.08,6522914,199772400.00
20151207,30.34,30.69,29.19,30.11,3456850,103601976.00
20151208,29.79,29.79,28.41,28.64,3855948,112734448.00
20151209,28.07,28.77,27.07,28.05,4956439,138859632.00
20151210,27.93,28.79,27.50,28.00,3834734,107935984.00
20151211,28.05,28.24,27.52,28.17,3185515,89439840.00
20151214,27.89,27.89,26.52,27.89,4780368,129993640.00
20151215,27.89,29.02,27.79,28.83,4170151,119926384.00
20151216,28.87,29.09,27.91,28.01,4430059,125979032.00
20151217,28.10,29.64,28.10,29.58,6667653,194216656.00
20151218,29.41,30.14,29.04,29.34,5723172,169903136.00
20151221,29.37,30.69,29.09,30.19,4762067,144343840.00
20151222,30.25,30.55,29.17,29.98,4505051,134372080.00
20151223,29.97,29.97,28.39,28.47,4383750,128023432.00
20151224,28.06,28.38,27.10,28.09,3874575,107971880.00
20151225,27.91,29.25,27.77,29.21,2681594,76839688.00
20151228,29.54,29.79,27.89,28.55,3833068,111168856.00
20151229,28.29,28.88,27.99,28.70,2122844,60802664.00
20151230,28.91,29.94,28.60,29.01,5320516,156856304.00
20151231,29.08,29.77,28.75,29.24,4362717,127916032.00
20160104,29.25,30.38,26.89,27.08,4851456,142990352.00
20160105,26.42,29.78,25.70,28.78,7387117,209003488.00
20160106,28.81,30.87,28.02,30.59,7630633,226433168.00
20160107,29.79,29.87,27.52,27.57,1687287,48614744.00
20160108,28.53,28.99,24.90,26.59,7966731,217792608.00
20160111,25.19,25.19,23.92,23.92,5496693,134377136.00
20160112,23.14,23.67,21.75,22.51,4665851,105678728.00
20160113,22.88,23.27,20.50,20.50,3355142,75807624.00
20160114,19.74,21.88,19.26,21.74,4559983,95730896.00
20160115,21.79,22.88,21.29,21.87,5459448,122365880.00
20160118,20.89,22.79,20.74,22.45,2873664,64050136.00
20160119,22.38,23.11,22.24,23.01,3513271,80449016.00
20160120,23.11,23.78,22.70,22.97,3570083,83456864.00
20160121,22.47,23.18,21.11,21.43,2817134,63468136.00
20160122,21.74,22.19,21.21,22.00,2451402,53591124.00
20160125,22.25,23.37,22.25,22.69,3616323,83227840.00
20160126,22.55,22.63,20.41,20.52,2946305,63940300.00
20160127,20.86,21.38,19.24,21.09,3133163,64004056.00
20160128,20.79,20.88,19.24,19.59,3240928,65576160.00
20160129,19.59,20.97,19.47,20.72,2810329,57472240.00
20160201,20.82,21.14,19.91,20.69,2021587,42212916.00
20160202,21.00,22.59,20.00,22.22,3433709,75641880.00
20160203,21.77,22.79,21.37,22.41,2672441,59489828.00
20160204,22.87,22.87,22.24,22.47,2129527,48418596.00
20160205,22.65,22.66,21.89,21.93,1778619,39652640.00
20160215,20.89,21.98,20.24,21.60,2050364,43578300.00
20160216,21.98,22.85,21.77,22.57,2346075,53120172.00
20160217,22.57,23.55,22.57,23.19,3305857,76863328.00
20160218,23.37,24.14,22.89,23.85,4795280,114218448.00
20160219,23.51,24.25,23.39,23.97,3676238,87773232.00
20160222,24.45,24.47,23.88,24.02,3568681,86498808.00
20160223,23.92,24.14,23.30,23.63,2926900,69442328.00
20160224,23.48,24.09,23.27,23.87,3537671,84004096.00
20160225,24.13,24.13,21.55,22.19,4256264,98175640.00
20160226,23.12,24.39,22.19,24.31,4397190,102507864.00
20160229,23.80,24.66,22.05,23.89,7109652,169879616.00
20160301,23.64,24.47,23.46,24.44,4686116,113108848.00
20160302,23.92,26.16,23.79,25.69,6602416,164666528.00
20160303,25.39,25.87,24.90,25.16,4494064,114756032.00
20160304,24.92,25.66,24.25,24.39,3777164,94684744.00
20160307,24.39,25.26,24.09,24.55,2543571,63062248.00
20160308,24.58,24.69,23.04,23.99,3521743,83507120.00
20160309,23.39,23.72,22.89,23.36,1965769,46087644.00
20160310,23.39,23.60,22.21,22.54,3172183,72589928.00
20160311,22.07,22.52,20.99,21.43,3454539,74573936.00
20160314,21.69,22.92,21.69,22.81,4480456,101144264.00
20160315,22.69,22.88,22.19,22.36,1874552,42232340.00
20160316,22.48,22.69,21.65,21.72,2239504,49587960.00
20160317,21.78,22.77,21.78,22.65,3024902,68092920.00
20160318,22.71,23.89,22.58,23.54,4759571,110902656.00
20160321,23.69,23.94,23.37,23.85,5999565,142408752.00
20160322,23.78,24.14,23.25,23.67,4812724,114659624.00
20160323,23.55,23.94,23.31,23.85,4155544,98797272.00
20160324,23.79,24.39,23.39,23.88,5599858,135173872.00
20160325,23.74,24.30,23.54,24.19,4504390,108660024.00
20160328,24.64,25.24,24.18,24.32,5895570,146832944.00
20160329,23.89,24.08,22.29,22.68,5891551,136229072.00
20160330,22.77,23.39,22.72,23.29,4053491,93815608.00
20160331,23.30,23.45,22.74,22.87,4163956,96426680.00
20160401,22.54,22.88,22.17,22.52,2798393,63173256.00
20160405,22.72,23.45,22.59,23.40,4181787,97400936.00
20160406,23.81,23.83,23.28,23.57,3836715,90649216.00
20160407,23.79,24.05,23.39,23.59,4647036,110550496.00
20160408,23.36,23.47,22.49,23.05,2998779,69475584.00
20160411,23.28,23.82,23.17,23.60,3635455,85957744.00
20160412,23.57,23.74,22.90,23.14,2387185,55726180.00
20160413,23.29,23.96,23.29,23.53,4577613,108835880.00
20160414,23.83,23.88,23.44,23.82,2913303,69352000.00
20160415,23.89,24.19,23.71,24.10,3694989,88964768.00
20160418,23.96,23.96,23.30,23.51,2582086,61178468.00
20160419,23.64,23.82,23.40,23.56,1940445,45896928.00
20160420,23.61,23.77,21.54,21.98,4454771,100732352.00
20160421,22.02,22.11,21.04,21.15,2923882,63865132.00
20160422,20.86,21.46,20.82,21.38,2189748,46683124.00
20160425,21.24,21.55,20.45,21.49,2327922,49271524.00
20160426,21.34,21.49,20.74,21.48,2001094,42732876.00
20160427,21.49,21.83,21.24,21.65,2094394,45458104.00
20160428,21.70,21.74,20.96,21.25,1816739,38785312.00
20160429,21.04,21.59,20.83,20.90,2178922,46177812.00
20160503,20.73,21.61,20.69,21.53,2228456,47723408.00
20160504,21.44,22.34,21.44,22.12,3315814,73710544.00
20160505,22.12,22.31,21.90,22.11,1972753,43805100.00
20160506,22.29,22.34,21.33,21.35,2668387,58409480.00
20160509,21.35,21.35,20.05,20.19,3358749,68929752.00
20160510,20.29,20.33,19.92,20.14,1410246,28454948.00
20160511,20.27,20.38,19.79,19.86,1575882,31687936.00
20160512,19.64,20.17,19.39,20.15,1592580,31688950.00
20160513,20.15,20.18,19.41,19.56,1469027,29276846.00
20160516,19.39,19.69,19.09,19.69,2498917,48968072.00
20160517,19.73,19.78,19.17,19.54,2481222,48454080.00
20160518,19.29,19.39,18.78,18.95,1622658,31089268.00
20160519,18.94,19.29,18.91,18.91,1634195,31344578.00
20160520,18.76,18.98,18.39,18.96,1645898,31096580.00
20160523,19.01,19.22,18.93,19.12,1838700,35290104.00
20160524,18.94,19.04,18.65,18.84,1346525,25484632.00
20160525,18.94,19.21,18.75,18.94,1644326,31344944.00
20160526,18.77,19.07,18.46,19.02,1282022,24214740.00
20160527,18.99,19.53,18.81,19.34,1962009,38172728.00
20160530,19.31,19.81,18.69,19.47,3674972,71838320.00
20160531,19.41,20.63,19.34,20.41,3512807,71060488.00
20160601,20.30,21.55,20.30,21.23,4764261,100766128.00
20160602,21.03,21.32,20.79,21.01,3436951,72429656.00
20160603,20.99,21.39,20.87,21.08,1843520,39078224.00
20160606,20.90,21.22,20.51,20.66,2249870,46935156.00
20160607,20.87,20.87,20.27,20.78,2447652,50426704.00
20160608,20.60,20.94,20.38,20.54,2602474,53920344.00
20160613,19.92,20.44,19.22,19.34,2786596,55872316.00
20160614,19.39,19.48,18.80,19.09,2386724,45845084.00
20160615,18.89,21.01,18.80,21.01,6003791,122927568.00
20160616,21.31,21.75,20.77,21.56,5108622,109580352.00
20160617,21.49,21.76,21.14,21.32,3524512,76070880.00
20160620,21.27,21.74,21.03,21.49,2541824,54549180.00
20160621,22.18,23.64,22.18,22.90,13615971,318563744.00
20160622,22.22,23.58,21.91,23.05,8975945,205554112.00
20160623,22.89,25.06,22.89,24.13,9939575,240788336.00
20160624,24.01,24.07,22.70,23.37,6533574,154234000.00
20160627,23.08,25.08,23.08,24.56,6120895,149676928.00
20160628,24.35,25.84,24.21,24.87,5714782,143654816.00
20160629,24.65,24.96,24.24,24.45,3575266,87756376.00
20160630,24.12,24.44,23.75,24.20,2894395,69544496.00
20160701,24.35,24.39,23.27,23.48,5181260,122933032.00
20160704,23.53,24.54,23.25,24.54,6752586,161734064.00
20160705,24.56,25.60,24.52,24.70,7199802,180071136.00
20160706,24.70,24.77,24.10,24.40,3244926,79019744.00
20160707,24.35,24.35,23.37,23.96,4833399,114974952.00
20160708,23.94,23.97,23.45,23.75,3045650,72210712.00
20160711,23.75,25.04,23.65,24.47,5694871,140056992.00
20160712,24.35,24.68,23.58,24.36,4401413,106244944.00
20160713,24.52,24.98,24.00,24.16,3363436,81998736.00
20160714,24.09,24.16,23.79,24.05,2148800,51417212.00
20160715,24.05,25.80,24.02,25.20,7141769,179261376.00
20160718,24.99,25.34,24.37,25.06,4451854,110940496.00
20160719,25.00,26.90,24.81,26.84,8581259,223141648.00
20160720,26.65,26.72,26.02,26.11,6492762,171161904.00
20160721,26.05,26.42,25.71,26.32,4235018,110288784.00
20160722,26.50,26.87,25.47,25.51,5208130,136815216.00
20160725,25.50,25.75,25.11,25.24,3984516,101483384.00
20160726,25.25,25.69,25.25,25.50,2587140,65878180.00
20160727,25.50,26.23,23.58,24.50,6018848,150646832.00
20160728,24.47,24.65,23.60,24.05,3742499,90430920.00
20160729,24.08,24.14,22.93,23.10,4395945,102952568.00
20160801,23.10,23.30,21.87,22.21,3156204,70077864.00
20160802,22.21,22.75,22.21,22.36,2953440,66330512.00
20160803,22.58,22.58,22.15,22.41,2236621,49941640.00
20160804,22.44,22.61,22.26,22.53,1843473,41396484.00
20160805,22.53,22.72,22.28,22.30,1619100,36405064.00
20160808,22.28,22.89,21.80,22.89,2238538,50310744.00
20160809,22.66,23.94,22.66,23.74,3437003,80884136.00
20160810,23.70,23.79,23.40,23.46,1621373,38244056.00
20160811,23.33,23.89,23.33,23.34,1628803,38374108.00
20160812,23.34,23.50,22.90,23.30,1756395,40689548.00
20160815,23.00,24.19,21.00,23.09,10825444,242500944.00
20160816,22.70,22.96,22.33,22.87,5982341,135722240.00
20160817,22.73,22.80,22.23,22.53,4646208,104625120.00
20160818,22.54,22.66,22.41,22.53,3018037,67994744.00
20160819,22.34,22.53,22.30,22.35,2042577,45696484.00
20160822,22.41,22.74,22.35,22.50,2880005,64973072.00
20160823,22.50,22.58,22.10,22.18,1989277,44516868.00
20160824,22.35,22.55,22.20,22.47,1912209,42839456.00
20160825,22.30,22.79,22.09,22.70,3210194,72313376.00
20160826,22.70,23.28,22.52,23.14,4039784,92907168.00
20160829,23.11,23.31,22.57,22.71,2666094,60871288.00
20160830,22.57,23.00,22.40,22.47,1654201,37345224.00
20160831,22.47,22.50,22.15,22.39,1519001,33908832.00
20160901,22.39,22.53,22.21,22.22,1187500,26552974.00
20160902,22.40,22.44,21.95,22.20,1342829,29769350.00
20160905,22.20,22.37,22.11,22.21,825480,18394154.00
20160906,22.35,22.72,22.10,22.72,2255608,50520348.00
20160907,22.50,23.32,22.50,23.11,4116945,94906792.00
20160908,23.20,23.65,22.93,23.50,3289944,76978704.00
20160909,23.52,23.58,23.08,23.26,2114420,49320672.00
20160912,22.55,23.60,22.50,23.29,3273769,75965872.00
20160913,23.29,23.48,22.61,22.89,2227131,51351844.00
20160914,22.59,23.12,22.52,22.73,1702571,38939548.00
20160919,22.60,23.30,22.60,23.23,1563026,35730200.00
20160920,23.23,24.35,23.20,23.35,1840318,43253540.00
20160921,23.44,23.53,23.04,23.36,1483408,34526444.00
20160922,23.33,23.54,23.24,23.27,1394394,32595416.00
20160923,23.28,24.18,23.18,24.05,2961419,70367488.00
20160926,24.05,24.49,23.72,24.03,4921419,119147976.00
20160927,23.80,24.28,23.63,24.16,2337178,55802912.00
20160928,24.28,24.33,23.76,23.78,1449408,34774576.00
20160929,23.80,23.96,23.52,23.78,1465989,34795516.00
20160930,23.70,24.15,23.70,23.96,1233722,29615970.00
20161010,24.36,24.36,23.78,24.25,1837998,44191600.00
20161011,24.23,24.96,24.05,24.95,3084697,76172632.00
20161012,24.72,25.35,24.71,25.11,2499256,62585820.00
20161013,25.44,26.28,25.05,25.90,6110501,157674592.00
20161014,25.88,25.95,25.42,25.91,2206149,56667532.00
20161017,25.84,26.25,25.10,25.10,2894016,74476272.00
20161018,25.35,25.69,25.14,25.52,1722065,43813620.00
20161019,25.49,26.25,25.23,26.10,2965670,76553000.00
20161020,26.23,26.23,25.48,25.50,2003042,51490476.00
20161021,25.50,25.70,24.84,25.07,1523451,38341252.00
20161024,25.02,25.42,24.99,25.28,1802972,45461208.00
20161025,25.28,25.28,24.81,24.97,2802577,70000704.00
20161026,25.08,25.18,24.36,24.53,2283411,56228700.00
20161027,24.53,25.88,24.53,25.68,2725412,69062376.00
20161028,25.69,25.87,25.20,25.20,2453888,62724440.00
20161031,25.20,25.85,25.03,25.45,2158992,54957256.00
20161101,25.23,26.15,25.23,25.99,2428641,62979312.00
20161102,26.09,26.19,25.65,25.67,1634835,42318804.00
20161103,25.50,25.96,25.50,25.75,1269999,32629230.00
20161104,25.59,25.75,25.20,25.46,1246891,31738080.00
20161107,25.20,25.60,24.66,24.70,2326701,58474124.00
20161108,24.80,25.00,24.38,24.59,2239666,55039276.00
20161109,24.83,24.83,24.36,24.70,2473097,60795600.00
20161110,24.72,25.50,24.72,25.43,3622192,91186392.00
20161111,25.31,25.50,25.05,25.40,3286708,83048664.00
20161114,25.40,25.77,25.24,25.60,2012689,51405924.00
20161115,25.60,26.08,25.51,25.66,1820099,46945220.00
20161116,25.81,28.23,25.80,28.23,7589053,211383408.00
20161117,28.87,28.87,27.25,27.68,6705943,186555344.00
20161118,27.85,27.91,27.20,27.50,4980106,136751600.00
20161121,27.47,28.50,27.05,28.24,8911499,247624800.00
20161122,27.77,30.80,27.77,28.89,9919341,288631040.00
20161123,28.69,29.55,28.52,29.24,6051744,176221760.00
20161124,29.02,29.75,28.81,29.24,3815509,111516608.00
20161125,29.24,29.97,28.95,29.26,4516904,132659824.00
20161128,29.44,31.06,29.44,30.57,9363081,283594592.00
20161129,30.57,31.43,29.88,30.81,6033908,185528752.00
20161130,30.81,30.97,29.50,30.04,4955650,148836944.00
20161201,30.04,31.70,30.03,31.01,5616981,173246128.00
20161202,30.98,30.98,29.16,29.74,3797619,114597824.00
20161205,30.00,30.19,27.95,28.77,8396523,242679440.00
20161206,29.10,29.50,27.67,28.36,5208898,146957296.00
20161207,28.20,28.75,28.20,28.35,2847787,81138856.00
20161208,28.42,29.38,28.31,28.35,3781802,108679120.00
20161209,28.08,30.50,28.06,30.04,7354330,216518992.00
20161212,29.05,29.74,28.58,28.72,5180852,151282032.00
20161213,29.00,30.15,27.92,29.96,3015891,88108368.00
20161214,29.92,30.72,27.39,29.75,2936300,88305632.00
20161215,30.00,30.18,29.14,29.51,2448977,72702528.00
20161216,29.77,29.77,29.28,29.40,1764637,52014452.00
20161219,29.31,30.46,29.18,30.30,3837256,115302608.00
20161220,30.05,31.03,29.89,31.00,3363248,102683128.00
20161221,30.94,32.81,30.75,32.23,4033169,129389808.00
20161222,31.78,32.78,31.50,32.12,2757096,88256600.00
20161223,31.90,32.50,31.70,32.23,1676670,53748200.00
20161226,32.23,32.23,31.55,31.70,1630300,51856816.00
20161227,31.67,32.80,31.57,31.60,3278316,105708552.00
20161228,31.50,31.84,30.48,31.15,2479662,76699064.00
20161229,31.10,31.77,30.77,31.20,1466712,45719768.00
20161230,31.04,31.68,30.79,31.05,1747398,54733732.00
20170103,31.08,31.66,30.66,30.82,1014449,31410660.00
20170104,31.30,31.37,30.81,30.90,1103148,34247364.00
20170105,30.88,31.17,30.37,31.00,1455025,44622144.00
20170106,31.00,31.98,30.71,31.41,1889314,59497820.00
20170109,31.43,31.62,31.00,31.10,1214545,37926744.00
20170110,31.51,31.80,31.11,31.40,1748400,55055712.00
20170111,31.31,31.37,30.38,30.89,2346348,72222456.00
20170112,30.85,30.89,30.00,30.00,1055200,32098524.00
20170113,30.01,30.27,28.80,29.61,2060412,60503884.00
20170116,29.50,29.50,27.01,28.25,2129364,60748512.00
20170117,28.19,28.75,27.70,28.65,1460681,41066092.00
20170118,28.65,28.65,27.81,28.14,1984990,55886860.00
20170119,27.68,28.40,27.30,27.56,2153498,59703624.00
20170120,27.49,28.20,27.15,28.18,1408000,39227592.00
20170123,28.48,29.30,28.20,28.90,2410028,69564584.00
20170124,28.51,29.22,28.50,28.82,844791,24391114.00
20170125,28.51,29.19,28.30,29.10,1116500,32167190.00
20170126,29.20,29.60,28.57,29.45,2022628,59055884.00
20170203,29.63,29.63,28.91,29.01,849110,24790190.00
20170206,29.03,29.34,28.55,28.84,1384084,39882956.00
20170207,29.20,29.20,28.70,28.79,802550,23192360.00
20170208,28.89,28.89,28.32,28.65,765949,21853502.00
20170209,28.66,30.89,28.56,29.99,1576235,46402340.00
20170210,29.90,29.95,29.08,29.11,1264476,37227512.00
20170213,29.10,29.40,28.45,28.99,1994524,57431352.00
20170214,28.90,29.17,28.61,28.77,1113619,32026440.00
20170215,28.71,28.92,28.64,28.73,635727,18266568.00
20170216,28.85,29.35,28.70,28.78,708363,20475960.00
20170217,25.90,28.79,25.90,28.25,1240524,34983824.00
20170220,28.31,28.50,27.10,27.58,3229226,88835720.00
20170221,27.55,27.80,27.20,27.55,1628858,44761540.00
20170222,27.70,28.00,27.22,27.85,1344921,37113596.00
20170223,27.85,27.85,27.47,27.61,787659,21721962.00
20170224,27.61,27.97,27.50,27.61,974101,26969810.00
20170227,27.65,27.65,27.25,27.43,947600,26028068.00
20170228,27.43,27.65,26.61,27.00,2505663,67483872.00
20170301,27.10,27.52,26.46,27.52,1859270,50139988.00
20170302,27.50,27.70,27.08,27.24,945366,25812718.00
20170303,27.30,27.45,26.88,27.27,1207550,32883914.00
20170306,27.21,27.50,27.02,27.48,2153645,58627336.00
20170307,27.48,28.11,27.39,28.11,1915879,53521744.00
20170308,28.11,28.52,27.93,28.15,1497588,42418756.00
20170309,28.15,28.50,27.86,28.06,912847,25720054.00
20170310,28.17,28.24,27.79,27.87,857473,24005646.00
20170313,27.95,28.15,27.20,27.80,884212,24558634.00
20170314,27.80,27.81,27.38,27.70,1165330,32193504.00
20170315,27.75,28.86,27.71,28.40,2518775,71334512.00
20170316,28.41,28.97,28.11,28.71,1711994,49007596.00
20170317,28.71,28.85,28.34,28.60,1905636,54433660.00
20170320,28.62,29.20,28.40,29.11,1841020,53242160.00
20170321,29.10,29.55,29.03,29.28,1778212,52024288.00
20170322,29.05,30.10,28.68,29.77,2317329,68390048.00
20170323,29.45,30.20,29.45,29.92,1835154,54975544.00
20170324,29.74,30.10,29.61,29.87,1315151,39211940.00
20170327,29.90,30.43,29.90,30.28,1943013,58783216.00
20170328,30.35,31.14,30.20,30.67,2491195,76567672.00
20170329,30.66,30.94,29.99,30.33,1624614,49328308.00
20170330,30.33,30.36,28.99,28.99,2190345,64307832.00
20170331,29.70,29.70,29.08,29.49,1290468,37903312.00
20170405,29.79,30.19,29.30,29.98,1798195,53693748.00
20170406,30.10,31.74,29.67,31.21,3349057,103858800.00
20170407,31.01,31.60,30.81,31.48,2340920,73268048.00
20170410,31.50,32.50,31.49,31.81,3271511,104703440.00
20170411,31.81,31.98,30.06,31.80,2370727,74387960.00
20170412,31.79,31.79,31.02,31.05,1565015,48968712.00
20170413,30.74,31.55,30.74,30.94,875533,27269058.00
20170414,31.13,31.25,30.21,30.89,1217044,37375624.00
20170417,30.88,30.88,28.08,29.55,1764830,52490776.00
20170418,29.78,29.87,28.60,28.70,1582697,45957704.00
20170419,28.67,29.38,28.18,29.05,1178759,33883080.00
20170420,28.35,29.44,28.30,29.35,647750,18928314.00
数据来源:通达信
