002675 东诚药业 日线 前复权
      日期	    开盘	    最高	    最低	    收盘	    成交量	    成交额
20120525,5.19,6.13,5.13,5.74,22641445,624727488.00
20120528,5.47,5.58,5.20,5.41,11404171,307196192.00
20120529,5.31,5.50,5.30,5.44,8620501,232930528.00
20120530,5.40,5.76,5.36,5.61,9535808,266892448.00
20120531,5.57,5.71,5.53,5.62,6159219,172540000.00
20120601,5.61,5.64,5.40,5.44,5607954,153448832.00
20120604,5.34,5.35,5.21,5.27,3891622,102901944.00
20120605,5.26,5.45,5.26,5.33,3172878,84988480.00
20120606,5.34,5.36,5.17,5.17,3713550,97531912.00
20120607,5.22,5.27,4.99,5.03,3923988,101153968.00
20120608,5.09,5.09,4.89,4.92,2694526,67204376.00
20120611,4.91,5.09,4.91,5.06,2511804,63088952.00
20120612,5.01,5.12,4.91,5.07,2572906,64722388.00
20120613,5.07,5.17,5.03,5.15,2685696,68646304.00
20120614,5.13,5.47,5.10,5.34,5695780,151723136.00
20120615,5.31,5.43,5.25,5.40,4006132,107566224.00
20120618,5.38,5.49,5.36,5.39,3750027,101726344.00
20120619,5.39,5.70,5.34,5.51,5144149,142065248.00
20120620,5.76,5.88,5.58,5.69,7752676,221021392.00
20120621,5.63,5.75,5.52,5.68,4291960,120382112.00
20120625,5.63,5.63,5.41,5.44,3949985,108662208.00
20120626,5.40,5.53,5.26,5.47,3465493,93392320.00
20120627,5.42,6.04,5.40,5.85,10185788,298052448.00
20120628,5.80,6.02,5.76,5.78,5859116,171205888.00
20120629,5.71,6.09,5.68,5.92,5572881,164789536.00
20120702,5.92,6.21,5.86,6.19,5823659,175937936.00
20120703,6.12,6.23,6.06,6.16,4635394,141352768.00
20120704,6.11,6.13,5.69,5.70,7269329,213491264.00
20120706,5.63,5.76,5.43,5.76,5330409,148838528.00
20120709,5.64,5.71,5.45,5.53,3524376,98827344.00
20120710,5.45,5.46,5.16,5.16,3982398,105577152.00
20120711,5.10,5.26,5.09,5.25,2661987,69322832.00
20120712,5.19,5.39,5.15,5.33,3058067,81369568.00
20120713,5.28,5.44,5.15,5.19,3259291,86165840.00
20120716,5.19,5.19,4.89,4.94,2720063,68059136.00
20120717,4.85,4.85,4.48,4.61,4303267,99533328.00
20120718,4.55,4.71,4.52,4.70,2260557,52353704.00
20120719,4.65,4.82,4.64,4.70,2456763,58558064.00
20120720,4.67,4.88,4.67,4.81,2647982,63734948.00
20120723,4.74,4.80,4.68,4.73,1490201,35520672.00
20120724,4.69,4.88,4.66,4.84,1956974,47196388.00
20120725,4.82,5.16,4.80,4.97,3135767,78716224.00
20120726,4.90,5.03,4.81,4.81,2052004,50687764.00
20120727,4.84,4.89,4.69,4.74,1478133,35525544.00
20120730,4.73,4.81,4.61,4.65,857976,20227818.00
20120731,4.65,4.67,4.52,4.55,1017769,23429732.00
20120801,4.53,4.73,4.53,4.66,1006988,23538504.00
20120802,4.69,4.80,4.64,4.74,1442910,34280884.00
20120803,4.75,4.86,4.71,4.84,1285740,31015348.00
20120806,4.84,4.94,4.79,4.91,1495396,36636888.00
20120807,4.92,4.94,4.84,4.86,1515869,37094104.00
20120808,4.86,4.88,4.70,4.76,1663168,39870452.00
20120809,4.74,4.98,4.73,4.94,2131997,52315596.00
20120810,4.92,5.03,4.90,4.97,1855854,46212052.00
20120813,4.95,5.01,4.76,4.77,1395079,34054284.00
20120814,4.78,4.93,4.78,4.93,1430530,34999152.00
20120815,4.93,4.93,4.81,4.83,1070066,26096274.00
20120816,4.79,4.85,4.61,4.71,1413217,33451612.00
20120817,4.60,4.71,4.60,4.69,804370,18818354.00
20120820,4.63,4.75,4.61,4.73,650283,15360891.00
20120821,4.74,4.87,4.70,4.83,1072286,25881516.00
20120822,4.83,4.91,4.76,4.78,1439326,34948664.00
20120823,4.83,4.96,4.76,4.94,2020413,49747956.00
20120824,4.91,4.97,4.81,4.81,1609557,39474084.00
20120827,4.78,4.79,4.64,4.70,906426,21493940.00
20120828,4.70,4.89,4.69,4.83,1095023,26518400.00
20120829,4.85,4.94,4.81,4.87,1367449,33536548.00
20120830,4.84,4.93,4.60,4.71,1667118,39948328.00
20120831,4.69,4.74,4.66,4.73,632809,14995349.00
20120903,4.73,4.85,4.68,4.85,911321,21909176.00
20120904,4.85,4.90,4.74,4.75,1125608,27218310.00
20120905,4.77,4.90,4.69,4.90,1379571,33387948.00
20120906,4.90,4.96,4.85,4.94,1387548,34134520.00
20120907,4.97,5.12,4.93,5.04,3310472,83430728.00
20120910,5.00,5.09,4.95,5.07,2508307,63009516.00
20120911,5.04,5.06,5.00,5.02,1514647,38179712.00
20120912,5.03,5.06,4.93,4.98,1502846,37521584.00
20120913,5.01,5.02,4.91,4.91,909612,22685030.00
20120914,4.95,5.27,4.88,5.18,3852364,98865096.00
20120917,5.18,5.18,4.99,5.00,2083364,52942024.00
20120918,4.95,5.00,4.91,4.94,886147,22037128.00
20120919,4.94,5.11,4.93,5.07,1768047,44798836.00
20120920,5.08,5.08,4.71,4.71,2041711,49769980.00
20120921,4.71,4.74,4.55,4.58,1317824,30791654.00
20120924,4.51,4.60,4.48,4.57,891350,20369224.00
20120925,4.57,4.64,4.51,4.53,672405,15514725.00
20120926,4.53,4.59,4.29,4.30,1265031,28036292.00
20120927,4.26,4.47,4.26,4.40,909496,20089624.00
20120928,4.37,4.46,4.34,4.45,781603,17406770.00
20121008,4.44,4.49,4.43,4.46,643383,14439622.00
20121009,4.46,4.58,4.46,4.57,952018,21790616.00
20121010,4.57,4.65,4.54,4.61,975242,22598052.00
20121011,4.61,4.61,4.49,4.49,903786,20675474.00
20121012,4.52,4.54,4.39,4.43,692727,15581901.00
20121015,4.43,4.43,4.28,4.32,1008521,22064796.00
20121016,4.31,4.43,4.29,4.34,875324,19330770.00
20121017,4.36,4.40,4.32,4.38,568971,12524359.00
20121018,4.38,4.47,4.36,4.45,835473,18644872.00
20121019,4.45,4.45,4.39,4.39,747892,16653797.00
20121022,4.36,4.66,4.36,4.66,2237275,51514504.00
20121023,4.63,4.67,4.52,4.53,1397851,32262522.00
20121024,4.49,4.54,4.47,4.50,597988,13578797.00
20121025,4.52,4.56,4.44,4.45,600878,13584815.00
20121026,4.43,4.49,4.38,4.40,748867,16677499.00
20121029,4.41,4.46,4.34,4.39,534632,11881858.00
20121030,4.39,4.45,4.37,4.42,463003,10297153.00
20121031,4.41,4.52,4.41,4.50,730918,16490789.00
20121101,4.51,4.58,4.50,4.55,875633,20017518.00
20121102,4.51,4.57,4.47,4.52,747189,16939120.00
20121105,4.52,4.55,4.49,4.52,469337,10682450.00
20121106,4.49,4.53,4.39,4.44,616370,13765118.00
20121107,4.42,4.45,4.40,4.43,457037,10186858.00
20121108,4.41,4.41,4.28,4.28,738568,16119212.00
20121109,4.29,4.34,4.27,4.30,332929,7235088.50
20121112,4.33,4.33,4.21,4.25,460293,9908812.00
20121113,4.24,4.25,4.17,4.19,432162,9167471.00
20121114,4.16,4.31,4.16,4.26,525492,11294236.00
20121115,4.24,4.25,4.17,4.18,394441,8389064.00
20121116,4.18,4.23,4.05,4.11,451226,9378343.00
20121119,4.11,4.11,3.99,4.07,391216,8013910.00
20121120,4.10,4.10,4.05,4.07,284144,5861577.00
20121121,4.11,4.14,4.01,4.14,407508,8426333.00
20121122,4.14,4.18,4.08,4.16,474992,9961762.00
20121123,4.13,4.17,4.11,4.12,322932,6749307.00
20121126,4.09,4.12,4.01,4.02,257761,5314166.00
20121127,4.02,4.02,3.75,3.75,587000,11501687.00
20121128,3.74,3.75,3.53,3.58,649378,11891699.00
20121129,3.58,3.61,3.44,3.45,433400,7791659.50
20121130,3.48,3.52,3.45,3.49,338512,6024710.50
20121203,3.50,3.50,3.28,3.28,744702,12864577.00
20121204,3.25,3.32,3.21,3.31,793500,13275404.00
20121205,3.28,3.57,3.28,3.50,1083563,19094178.00
20121206,3.46,3.51,3.41,3.44,705019,12423333.00
20121207,3.44,3.55,3.43,3.54,700392,12576482.00
20121210,3.56,3.64,3.54,3.64,826258,15192139.00
20121211,3.63,3.63,3.57,3.58,704000,12891169.00
20121212,3.58,3.61,3.51,3.59,586840,10675536.00
20121213,3.59,3.61,3.49,3.49,500920,9053758.00
20121214,3.46,3.67,3.46,3.65,977785,18026440.00
20121217,3.66,3.73,3.66,3.72,965647,18189740.00
20121218,3.70,3.88,3.68,3.75,1485610,28674456.00
20121219,3.72,3.79,3.72,3.76,717631,13721812.00
20121220,3.77,3.94,3.71,3.89,1584378,31075950.00
20121221,3.89,4.28,3.86,4.14,3015584,62407464.00
20121224,4.12,4.31,4.07,4.28,2432530,51848368.00
20121225,4.26,4.56,4.23,4.50,3251218,73035992.00
20121226,4.50,4.83,4.50,4.83,3446084,80963224.00
20121227,4.88,5.11,4.61,4.61,4670246,113262200.00
20121228,4.61,4.96,4.50,4.85,4427825,105400280.00
20121231,4.87,4.87,4.63,4.70,2314139,55055296.00
20130104,4.76,4.84,4.65,4.78,2362601,56339284.00
20130107,4.84,4.94,4.71,4.81,3111975,75227976.00
20130108,4.81,4.96,4.74,4.81,3277214,79970256.00
20130109,4.76,4.76,4.56,4.63,2730086,64197232.00
20130110,4.60,4.71,4.59,4.64,1037133,24250236.00
20130111,4.68,4.78,4.64,4.65,2033824,48273764.00
20130114,4.67,4.87,4.67,4.84,2172121,52436748.00
20130115,4.84,4.95,4.82,4.91,2309472,56500816.00
20130116,4.89,4.89,4.67,4.76,1827555,43838408.00
20130117,4.76,4.85,4.69,4.77,1345323,32286254.00
20130118,4.77,4.82,4.67,4.77,1629027,38814508.00
20130121,4.79,4.92,4.76,4.92,2306185,56135848.00
20130122,4.92,4.92,4.66,4.71,1947925,46690460.00
20130123,4.71,4.73,4.47,4.60,1809540,41754220.00
20130124,4.59,4.75,4.42,4.61,2406469,55792608.00
20130125,4.54,4.58,4.48,4.50,1005265,22860974.00
20130128,4.50,4.66,4.49,4.65,1035740,23929462.00
20130129,4.65,4.74,4.65,4.68,1162419,27388304.00
20130130,4.68,4.70,4.56,4.59,964372,22395152.00
20130131,4.58,4.61,4.53,4.55,708106,16215011.00
20130201,4.51,4.63,4.51,4.59,770001,17805328.00
20130204,4.59,4.63,4.48,4.51,748967,17143028.00
20130205,4.51,4.58,4.47,4.58,703474,16078446.00
20130206,4.59,4.67,4.56,4.65,831794,19423040.00
20130207,4.65,4.78,4.64,4.76,1465413,34891896.00
20130208,4.78,4.95,4.73,4.91,1777529,43387768.00
20130218,4.94,5.10,4.90,4.98,2361999,59429048.00
20130219,4.96,4.98,4.78,4.78,1615015,39281180.00
20130220,4.81,4.94,4.78,4.93,1271783,31089042.00
20130221,4.92,5.06,4.82,4.92,2155286,53426116.00
20130222,4.90,4.96,4.82,4.85,1046177,25628382.00
20130225,4.86,4.93,4.80,4.89,898200,21948074.00
20130226,4.84,4.94,4.77,4.80,1561419,38127264.00
20130227,4.78,4.84,4.53,4.56,2189241,51190544.00
20130228,4.56,4.65,4.55,4.65,1244584,28730354.00
20130301,4.66,4.72,4.63,4.70,1279437,30093800.00
20130304,4.67,4.67,4.49,4.52,1257746,28973146.00
20130305,4.52,4.66,4.50,4.66,1032670,23854112.00
20130306,4.66,4.85,4.66,4.82,1636275,39416640.00
20130307,4.91,5.02,4.71,4.79,2307067,56586156.00
20130308,4.81,4.81,4.59,4.62,1731710,40689232.00
20130311,4.61,4.65,4.53,4.60,914268,21096876.00
20130312,4.60,4.65,4.36,4.40,1228579,27684390.00
20130313,4.40,4.41,4.21,4.28,863593,18737852.00
20130314,4.26,4.34,4.25,4.30,512049,11102835.00
20130315,4.30,4.40,4.25,4.33,594930,13050117.00
20130318,4.33,4.42,4.28,4.28,420398,9209291.00
20130319,4.27,4.33,4.15,4.25,466031,9986617.00
20130320,4.24,4.38,4.23,4.37,601146,13154994.00
20130321,4.36,4.45,4.33,4.44,911267,20239172.00
20130322,4.39,4.47,4.38,4.43,529442,11797841.00
20130325,4.43,4.48,4.38,4.43,499973,11172436.00
20130326,4.42,4.45,4.29,4.34,512713,11247035.00
20130327,4.35,4.40,4.25,4.28,613411,13334435.00
20130328,4.23,4.24,4.02,4.03,1037722,21582428.00
20130329,4.07,4.07,3.96,3.97,707513,14361049.00
20130401,3.94,4.08,3.94,4.05,503472,10323249.00
20130402,4.07,4.18,4.02,4.02,771667,15993329.00
20130403,4.02,4.09,4.01,4.08,489713,10079063.00
20130408,4.05,4.11,3.96,4.11,555045,11329529.00
20130409,4.13,4.13,4.06,4.10,519752,10784852.00
20130410,4.08,4.09,3.99,4.02,502388,10262919.00
20130411,3.99,4.06,3.99,4.00,299821,6086346.50
20130416,4.03,4.03,3.88,3.95,528292,10514306.00
20130417,3.90,4.00,3.90,4.00,412645,8283532.00
20130418,3.98,4.11,3.93,4.11,549833,11257008.00
20130419,4.09,4.23,4.07,4.19,852442,17977114.00
20130422,4.30,4.40,4.30,4.38,1595007,35048704.00
20130423,4.38,4.40,4.24,4.24,1115822,24263692.00
20130424,4.28,4.61,4.28,4.55,1727218,38963036.00
20130425,4.53,4.64,4.48,4.49,1471819,33822688.00
20130426,4.46,4.56,4.43,4.43,777961,17613278.00
20130502,4.41,4.54,4.40,4.53,698229,15805069.00
20130503,4.51,4.62,4.51,4.55,944337,21785104.00
20130506,4.59,4.60,4.54,4.57,928037,21350704.00
20130507,4.59,4.67,4.53,4.57,812902,18807744.00
20130508,4.57,4.59,4.49,4.58,922952,21145804.00
20130509,4.58,4.65,4.54,4.61,1318475,30513752.00
20130510,4.62,4.78,4.59,4.76,1822549,43130460.00
20130513,4.81,4.82,4.71,4.75,1068174,25531758.00
20130514,4.74,4.74,4.59,4.60,980228,22859090.00
20130515,4.61,4.69,4.61,4.66,580042,13597511.00
20130516,4.66,4.75,4.65,4.75,1224235,29031512.00
20130517,4.76,4.82,4.73,4.78,1307549,31375294.00
20130520,4.81,4.81,4.74,4.80,1419040,34005764.00
20130521,4.80,5.02,4.80,4.96,2246668,55761152.00
20130522,4.97,5.00,4.84,4.84,1408749,34683756.00
20130523,4.91,5.11,4.89,5.00,3198412,80372600.00
20130524,4.99,5.08,4.93,5.02,2152086,53994364.00
20130527,5.04,5.37,5.02,5.25,2879877,75413696.00
20130528,5.23,5.45,5.14,5.38,3219650,85607592.00
20130529,5.44,5.44,5.30,5.32,1992854,53372780.00
20130530,5.29,5.51,5.27,5.44,2144742,58117496.00
20130531,5.44,5.50,5.41,5.44,1711074,46611524.00
20130603,5.44,5.47,5.20,5.23,2200890,58444108.00
20130604,5.19,5.19,4.92,5.04,1534215,38760436.00
20130605,5.05,5.10,4.99,5.08,871157,22021882.00
20130606,5.04,5.11,5.00,5.03,556265,14080631.00
20130607,5.08,5.08,4.86,4.93,777545,19337226.00
20130613,4.86,4.86,4.56,4.68,895048,21031500.00
20130614,4.73,4.87,4.68,4.83,835162,20136920.00
20130617,4.85,5.34,4.82,5.28,3041548,79197848.00
20130618,5.24,5.31,5.17,5.25,1695216,44342372.00
20130619,5.19,5.28,5.11,5.25,945461,24571334.00
20130620,5.24,5.24,4.85,4.86,1300070,32749616.00
20130621,4.78,5.07,4.68,5.01,1257176,31119454.00
20130624,4.99,5.00,4.63,4.70,1212767,29208692.00
20130625,4.76,4.88,4.24,4.83,1707517,40441444.00
20130626,4.87,4.98,4.76,4.98,1409469,34566884.00
20130627,4.99,5.08,4.81,4.83,1467480,36333112.00
20130628,4.85,4.88,4.57,4.67,1389793,32936484.00
20130701,4.62,4.78,4.54,4.78,885315,12972580.00
20130702,4.74,5.12,4.74,4.98,2823140,43595292.00
20130703,4.90,5.05,4.83,5.00,1902473,29377314.00
20130704,4.99,5.08,4.88,4.94,1930839,29754428.00
20130705,4.94,4.95,4.75,4.75,2052780,30869092.00
20130708,4.64,4.66,4.42,4.42,1601993,22603868.00
20130709,4.42,4.53,4.42,4.46,829671,11543104.00
20130710,4.48,4.60,4.43,4.60,1091318,15365465.00
20130711,4.60,4.74,4.56,4.70,1431099,20825742.00
20130712,4.68,4.75,4.61,4.66,1453740,21194334.00
20130715,4.66,4.79,4.66,4.77,1105509,16305123.00
20130716,4.72,4.87,4.72,4.82,2133801,32004104.00
20130717,4.80,4.93,4.70,4.75,1997449,29943916.00
20130718,4.68,4.82,4.68,4.76,1228831,18159502.00
20130719,4.80,4.94,4.76,4.80,2382479,35890488.00
20130722,4.75,5.01,4.68,5.00,2233753,33988768.00
20130723,5.01,5.07,4.94,5.04,2763875,42885724.00
20130724,5.05,5.25,4.97,5.18,3673844,58391288.00
20130725,5.19,5.19,4.96,4.96,2461791,38549288.00
20130726,4.96,5.10,4.93,5.02,1692334,26325088.00
20130729,5.01,5.01,4.82,4.83,1446423,22017816.00
20130730,4.83,4.87,4.65,4.83,1560995,23184782.00
20130731,4.86,4.88,4.73,4.76,1022421,15327356.00
20130801,4.76,4.92,4.76,4.91,1721616,26028924.00
20130802,5.00,5.09,4.94,5.00,2037469,31704036.00
20130805,4.99,5.18,4.97,5.18,2550923,40382904.00
20130806,5.18,5.19,5.06,5.14,2592272,41226548.00
20130807,5.14,5.27,5.08,5.11,3239452,52043220.00
20130808,5.10,5.33,5.08,5.24,3502964,56871268.00
20130809,5.25,5.29,5.11,5.20,2519372,40615276.00
20130812,5.20,5.24,5.13,5.19,1855904,29765260.00
20130813,5.20,5.32,5.18,5.23,2279508,37031484.00
20130814,5.23,5.26,5.15,5.18,1937107,31190406.00
20130815,5.16,5.16,5.03,5.04,2072148,32644834.00
20130816,5.00,5.07,4.81,4.83,2226074,34126420.00
20130819,4.82,4.98,4.80,4.94,1217028,18479894.00
20130820,4.93,4.98,4.88,4.90,863234,13197750.00
20130821,4.89,4.98,4.82,4.98,896881,13697263.00
20130822,4.95,4.99,4.90,4.91,931190,14266969.00
20130823,4.91,4.96,4.79,4.86,1267377,19171896.00
20130826,4.91,5.26,4.86,5.21,3380682,53430280.00
20130827,5.18,5.19,5.10,5.18,2098474,33502414.00
20130828,5.14,5.16,5.02,5.07,1756887,27690854.00
20130829,5.05,5.17,5.03,5.08,1691705,26838132.00
20130830,5.10,5.12,4.83,4.87,2284172,35100984.00
20130902,4.88,4.93,4.85,4.91,893374,13559379.00
20130903,4.90,5.00,4.90,5.00,1102788,16985756.00
20130904,5.06,5.20,5.05,5.11,3802684,60579748.00
20130905,5.00,5.09,4.97,5.07,2023870,31607060.00
20130906,5.04,5.13,5.00,5.12,2054822,32327024.00
20130909,5.16,5.22,5.10,5.14,2742555,43842876.00
20130910,5.14,5.20,5.09,5.14,2215158,35241144.00
20130911,5.13,5.15,4.95,4.98,2153060,33506000.00
20130912,4.97,5.06,4.96,4.98,1205327,18692008.00
20130913,4.98,5.04,4.96,5.00,990076,15319407.00
20130916,5.00,5.06,5.00,5.00,966129,15069105.00
20130917,4.98,5.03,4.90,4.90,1486507,22846668.00
20130918,4.90,4.96,4.89,4.96,677179,10352353.00
20130923,4.96,5.05,4.95,5.01,1864518,28913578.00
20130924,5.01,5.12,4.99,5.10,3335231,52398256.00
20130925,5.11,5.44,5.07,5.30,6801099,111080200.00
20130926,5.25,5.42,5.23,5.31,5158902,85249360.00
20130927,5.32,5.41,5.24,5.27,3141691,51783580.00
20130930,5.28,5.36,5.20,5.34,2979606,48675364.00
20131008,5.35,5.35,5.22,5.30,2724470,44489080.00
20131009,5.30,5.36,5.26,5.34,3238055,53238036.00
20131010,5.36,5.60,5.31,5.49,6735964,114262432.00
20131011,5.48,5.65,5.45,5.50,3938706,67394912.00
20131014,5.52,5.61,5.43,5.55,3165071,53952552.00
20131015,5.58,5.83,5.57,5.79,6296482,110507200.00
20131016,5.76,5.76,5.40,5.50,5149405,88385720.00
20131017,5.51,5.62,5.35,5.36,3453892,58579976.00
20131018,5.38,5.43,5.34,5.43,1599034,26699388.00
20131021,5.43,5.68,5.43,5.64,3132708,54187384.00
20131022,5.66,5.66,5.49,5.49,2732434,46928556.00
20131023,5.50,5.54,5.24,5.30,3030787,50300664.00
20131024,5.30,5.33,5.19,5.25,1431791,23369582.00
20131025,5.24,5.29,5.19,5.20,1412828,22874264.00
20131028,5.21,5.27,5.07,5.17,1352689,21534070.00
20131029,5.10,5.16,4.72,4.86,2580992,39416948.00
20131030,4.83,4.92,4.77,4.91,1407899,21179074.00
20131031,4.91,4.91,4.80,4.82,889309,13348454.00
20131101,4.81,4.86,4.73,4.82,659407,9801321.00
20131104,4.82,4.90,4.80,4.86,660275,9963383.00
20131105,4.88,4.93,4.80,4.93,854273,12957854.00
20131106,4.92,4.97,4.88,4.89,1124146,17193730.00
20131107,4.89,4.93,4.72,4.74,1269553,18932718.00
20131108,4.73,4.75,4.56,4.64,1076326,15576961.00
20131111,4.66,4.74,4.51,4.72,768792,11080246.00
20131112,4.72,4.80,4.67,4.77,1004748,14843870.00
20131113,4.82,4.86,4.68,4.70,1044782,15567658.00
20131114,4.70,4.82,4.67,4.81,1224921,18214584.00
20131115,4.81,4.96,4.80,4.92,2056356,31381362.00
20131118,4.93,5.00,4.90,4.99,2311910,35650216.00
20131119,5.02,5.05,4.96,4.98,2143456,33207972.00
20131120,4.99,5.04,4.96,5.02,1738795,26923058.00
20131121,5.00,5.00,4.90,4.92,1532186,23478694.00
20131122,4.92,5.01,4.90,4.96,1230581,18950104.00
20131125,4.93,5.10,4.93,5.01,1957339,30534526.00
20131126,5.03,5.23,5.03,5.13,3062651,48929332.00
20131127,5.12,5.17,5.08,5.17,2319405,36961836.00
20131128,5.25,5.25,5.14,5.16,3214391,51668848.00
20131129,5.17,5.39,5.17,5.33,3514255,57614964.00
20131202,5.16,5.19,4.87,4.88,4061829,63414792.00
20131203,4.83,5.02,4.72,5.01,2384792,36233928.00
20131204,4.98,5.24,4.96,5.15,3123590,49808436.00
20131205,5.15,5.30,5.11,5.23,3016210,48633476.00
20131206,5.23,5.34,5.13,5.18,2567611,41495264.00
20131209,5.16,5.32,5.15,5.30,2336626,38113524.00
20131210,5.40,5.40,5.24,5.26,2489264,40940016.00
20131211,5.21,5.23,5.10,5.14,2308404,36804724.00
20131212,5.13,5.28,5.11,5.23,2054120,33087634.00
20131213,5.21,5.35,5.17,5.34,2774456,45299068.00
20131216,5.37,5.48,5.23,5.28,3835535,63713036.00
20131217,5.32,5.49,5.27,5.44,5453642,91470712.00
20131218,5.40,5.47,5.32,5.44,3711966,62087376.00
20131219,5.45,5.49,5.19,5.21,3934578,64948916.00
20131220,5.18,5.23,5.05,5.06,2342689,37272716.00
20131223,5.11,5.59,5.06,5.44,10579371,178820688.00
20131224,5.36,5.38,5.15,5.24,7126936,116576368.00
20131225,5.21,5.60,5.17,5.57,7579223,127313056.00
20131226,5.59,5.59,5.41,5.49,5020243,85227728.00
20131227,5.50,5.70,5.46,5.67,6452945,112261048.00
20131230,5.66,5.81,5.57,5.60,4176217,72932472.00
20131231,5.58,5.62,5.43,5.58,3158689,53935796.00
20140102,5.58,5.65,5.50,5.62,3192735,55253936.00
20140103,5.61,5.61,5.43,5.48,3569996,60666060.00
20140106,5.46,5.50,5.30,5.34,2864142,47732576.00
20140107,5.33,5.49,5.31,5.47,2118308,35585176.00
20140108,5.43,5.65,5.43,5.63,4111907,70960400.00
20140109,5.61,5.68,5.36,5.39,3268312,55753752.00
20140110,5.35,5.39,5.13,5.21,2130508,34819352.00
20140113,5.26,5.36,5.19,5.26,1393719,22697458.00
20140114,5.26,5.38,5.22,5.38,1490058,24560130.00
20140115,5.36,5.45,5.33,5.43,2016769,33611632.00
20140116,5.46,5.48,5.35,5.39,2333656,39061976.00
20140117,5.35,5.38,5.16,5.20,3178405,51334412.00
20140120,5.20,5.22,5.10,5.21,1670219,26710564.00
20140121,5.19,5.28,5.19,5.25,1453175,23566274.00
20140122,5.27,5.36,5.25,5.34,1993985,32793290.00
20140123,5.35,5.41,5.28,5.36,2087814,34534752.00
20140124,5.33,5.49,5.31,5.48,2696694,45257516.00
20140127,5.48,5.57,5.41,5.47,2916208,49542328.00
20140128,5.49,5.56,5.44,5.50,2461027,41841820.00
20140129,5.55,5.56,5.45,5.49,1888964,32045364.00
20140130,5.49,5.61,5.43,5.43,1929292,32880222.00
20140207,5.40,5.60,5.36,5.57,2496671,42557532.00
20140210,5.58,5.80,5.58,5.73,4783011,84269000.00
20140211,5.74,5.88,5.73,5.86,5013765,90080696.00
20140212,5.89,6.05,5.83,5.86,5263981,96388056.00
20140213,5.86,6.03,5.79,5.81,4867773,88991560.00
20140214,5.83,6.41,5.81,6.33,11071711,212726832.00
20140217,6.35,6.48,6.27,6.46,7250122,142402800.00
20140218,6.41,6.42,6.24,6.30,6313869,123164800.00
20140219,6.29,6.43,6.23,6.37,3676526,71717472.00
20140220,6.32,6.40,6.06,6.09,4431284,84173360.00
20140221,6.05,6.33,5.94,6.27,5173704,98708648.00
20140224,6.21,6.36,6.09,6.36,3795158,73013720.00
20140225,6.34,6.64,5.86,6.00,7470433,145365312.00
20140226,5.98,6.14,5.90,6.13,3171853,59112268.00
20140227,6.11,6.54,6.05,6.15,5147094,100215384.00
20140228,6.12,6.22,5.82,6.01,3704302,68469616.00
20140303,5.90,6.41,5.90,6.38,4890577,94175120.00
20140304,6.30,6.71,6.24,6.62,5343885,106680920.00
20140305,6.62,6.93,6.49,6.75,5917589,122913144.00
20140306,6.71,6.89,6.54,6.73,4957819,103203408.00
20140307,6.75,7.06,6.66,6.88,4317755,91339424.00
20140310,6.86,6.92,6.42,6.44,3952409,80897304.00
20140311,6.45,6.59,6.20,6.33,3017415,59454304.00
20140312,6.26,6.36,6.00,6.15,3126834,59281228.00
20140313,6.11,6.26,6.08,6.18,1520855,28891640.00
20140314,6.16,6.33,6.13,6.30,1810163,34842848.00
20140317,6.25,6.46,6.25,6.45,2450220,48220212.00
20140318,6.43,6.56,6.38,6.46,2769953,55340464.00
20140319,6.46,6.46,6.28,6.38,2173294,42470580.00
20140320,6.36,6.42,6.06,6.08,1649098,31850774.00
20140321,6.06,6.20,5.96,6.16,1927279,36032696.00
20140324,6.11,6.17,5.93,6.00,2343205,43401460.00
20140325,6.00,6.06,5.97,6.04,1490777,27670352.00
20140326,6.08,6.18,6.07,6.12,1293699,24426776.00
20140327,6.12,6.12,5.96,5.99,1253380,23287242.00
20140328,5.94,6.02,5.51,5.60,3166572,56117256.00
20140331,5.60,5.68,5.53,5.60,813770,14096357.00
20140401,5.57,5.77,5.57,5.71,1088050,19180270.00
20140402,5.76,5.82,5.71,5.71,1365010,24289182.00
20140403,5.73,5.77,5.63,5.63,736042,12944003.00
20140404,5.63,5.77,5.61,5.71,755325,13345349.00
20140408,5.76,5.90,5.70,5.88,1008185,18162092.00
20140409,5.88,5.96,5.86,5.91,718958,13094372.00
20140410,5.88,5.95,5.86,5.87,985454,17941006.00
20140411,5.85,5.89,5.76,5.83,1185666,21253942.00
20140414,5.86,5.93,5.80,5.93,893121,16238101.00
20140415,5.93,5.95,5.85,5.86,797863,14532009.00
20140416,5.83,5.88,5.73,5.79,768098,13733689.00
20140417,5.81,5.95,5.81,5.91,941702,17118554.00
20140418,5.91,5.92,5.85,5.86,706977,12842025.00
20140421,5.63,5.76,5.38,5.45,4227382,72882976.00
20140422,5.44,5.48,5.35,5.47,1653758,27729394.00
20140423,5.46,5.61,5.45,5.53,1313405,22524762.00
20140424,5.57,5.57,5.46,5.53,519938,8860391.00
20140425,5.50,5.53,5.39,5.43,672623,11355440.00
20140428,5.37,5.40,5.17,5.29,653202,10688768.00
20140429,5.26,5.43,5.24,5.43,539863,8905613.00
20140430,5.40,5.75,5.33,5.56,934212,15970171.00
20140505,5.56,5.56,5.47,5.56,668232,11391177.00
20140506,5.56,5.61,5.51,5.57,749736,12907781.00
20140507,5.57,5.63,5.48,5.52,585131,10050200.00
20140508,5.51,5.55,5.39,5.49,704358,11891160.00
20140509,5.45,5.48,5.31,5.44,626158,10447530.00
20140512,5.44,5.53,5.40,5.53,2087376,35170040.00
20140513,5.53,5.54,5.44,5.46,817461,13879946.00
20140514,5.43,5.48,5.40,5.44,693304,11655599.00
20140515,5.42,5.44,5.26,5.35,1137900,18796018.00
20140516,5.30,5.34,5.26,5.33,557844,9157082.00
20140519,5.31,5.38,5.24,5.36,502280,8257739.50
20140520,5.39,5.41,5.29,5.32,987591,16360025.00
20140521,5.30,5.33,5.23,5.32,698836,11449305.00
20140522,5.33,5.40,5.28,5.37,941958,15625434.00
20140523,5.37,5.50,5.34,5.47,1160533,19374500.00
20140526,5.47,5.54,5.47,5.50,1585485,27013382.00
20140527,5.49,5.54,5.47,5.47,835216,14223238.00
20140528,5.47,5.56,5.44,5.54,1830710,31141468.00
20140529,5.56,5.66,5.43,5.50,1830008,31403970.00
20140530,5.47,5.55,5.47,5.52,1095585,18703026.00
20140603,5.55,5.57,5.49,5.52,892285,15273292.00
20140604,5.52,5.52,5.40,5.46,721376,12186724.00
20140605,5.45,5.57,5.44,5.55,912521,15542496.00
20140606,5.55,5.57,5.46,5.53,610252,10422190.00
20140609,5.53,5.53,5.37,5.40,1455950,24481144.00
20140610,5.42,5.44,5.35,5.40,1004497,16764843.00
20140611,5.43,5.48,5.40,5.44,1325404,22291874.00
20140612,5.46,5.56,5.42,5.56,2229555,37866016.00
20140613,5.52,5.63,5.46,5.62,2776076,47689480.00
20140616,5.59,5.59,5.50,5.52,2224499,38110116.00
20140617,5.55,5.76,5.54,5.72,3759757,66007892.00
20140618,5.67,5.70,5.46,5.51,3437241,59177352.00
20140619,5.50,5.53,5.33,5.38,2019150,33960944.00
20140620,5.40,5.45,5.35,5.43,870402,14551356.00
20140623,5.45,5.52,5.41,5.50,1402753,23803138.00
20140624,5.50,5.66,5.50,5.64,2296521,39867160.00
20140625,5.68,5.73,5.61,5.66,2036469,35687064.00
20140626,5.66,5.80,5.66,5.73,2892312,51359448.00
20140627,5.70,5.91,5.66,5.81,3394516,61163932.00
20140630,5.78,6.05,5.76,6.02,3269035,59292300.00
20140701,6.02,6.11,5.96,6.01,2605173,48367652.00
20140702,6.00,6.09,5.91,6.02,2362193,43712040.00
20140703,6.00,6.13,5.96,6.07,2096053,39290908.00
20140704,6.03,6.10,6.00,6.05,1319196,24614668.00
20140707,6.00,6.07,5.83,5.89,2753547,50242616.00
20140708,5.89,5.96,5.85,5.90,1623203,29606682.00
20140709,5.89,6.05,5.89,5.91,2151612,39586940.00
20140710,5.91,6.19,5.86,6.11,2588737,48360840.00
20140711,6.14,6.40,6.13,6.34,3705728,72156784.00
20140714,6.29,6.38,6.20,6.34,2066217,40233624.00
20140715,6.37,6.62,6.25,6.40,3302105,65048004.00
20140716,6.41,6.41,6.21,6.21,2318057,44578784.00
20140717,6.24,6.33,6.11,6.31,1281822,24325552.00
20140718,6.30,6.49,6.26,6.48,1686553,33039060.00
20140721,6.44,6.57,6.39,6.50,1393159,27661810.00
20140722,6.49,6.54,6.38,6.51,1410928,27836754.00
20140723,6.47,6.49,6.38,6.41,1259469,24743618.00
20140724,6.37,6.40,6.07,6.11,2647877,50311120.00
20140725,6.11,6.26,6.07,6.20,1203668,22684134.00
20140728,6.21,6.31,6.16,6.23,1102718,21023380.00
20140729,6.21,6.36,6.17,6.32,1700537,32596332.00
20140730,6.34,6.40,6.24,6.37,1287754,24900436.00
20140731,6.37,6.44,6.32,6.38,960393,18757600.00
20140801,6.37,6.47,6.31,6.34,2534326,49451560.00
20140804,6.31,6.62,6.31,6.62,2890685,57363588.00
20140805,6.60,6.62,6.50,6.60,1377531,27569786.00
20140806,6.60,6.63,6.47,6.58,1106729,22172142.00
20140807,6.54,6.58,6.45,6.57,1378606,27553092.00
20140808,6.57,6.71,6.52,6.59,1148584,23127122.00
20140811,6.59,6.62,6.55,6.60,1166359,23492662.00
20140812,6.59,6.66,6.50,6.54,1285666,25735830.00
20140813,6.54,6.56,6.38,6.41,1963454,38730500.00
20140814,6.41,6.50,6.31,6.35,1696551,33262518.00
20140815,6.41,6.51,6.30,6.46,1324463,25992594.00
20140818,6.50,6.56,6.45,6.54,1534684,30520462.00
20140819,6.54,6.58,6.46,6.51,2404376,47887680.00
20140820,6.51,6.73,6.49,6.72,3087393,62538064.00
20140821,6.75,6.82,6.61,6.75,2590522,53401016.00
20140822,6.75,6.75,6.66,6.74,2106449,43197980.00
20140825,6.74,6.78,6.60,6.60,1763460,36009508.00
20140826,6.54,6.70,6.53,6.58,2066392,41770664.00
20140827,6.58,6.71,6.51,6.66,1298474,26204734.00
20140828,6.65,6.67,6.46,6.49,1543314,30844788.00
20140829,6.46,6.57,6.46,6.54,973390,19418828.00
20140901,6.54,6.70,6.51,6.67,1560769,31624902.00
20140902,6.69,6.84,6.66,6.82,2237584,46212876.00
20140903,6.82,6.84,6.70,6.81,1823973,37717124.00
20140904,6.79,6.84,6.71,6.80,1687777,34915132.00
20140905,6.81,6.99,6.81,6.85,1943586,40895336.00
20140909,6.87,6.87,6.73,6.76,2029274,41985784.00
20140910,6.77,6.83,6.67,6.78,1857718,38293768.00
20140911,6.74,7.23,6.73,7.21,6269031,134232400.00
20140912,7.12,7.25,7.10,7.23,2745118,60078648.00
20140915,7.21,7.53,7.10,7.24,2721463,60256084.00
20140916,7.24,7.46,7.11,7.11,3157704,70404752.00
20140917,7.17,7.31,7.04,7.25,1889532,41457276.00
20140918,7.25,7.53,7.21,7.35,2582218,58090956.00
20140919,7.34,7.43,7.27,7.39,1511037,33908464.00
20140922,7.39,7.40,7.14,7.17,1467452,32371846.00
20140923,7.16,7.30,7.14,7.30,850107,18757734.00
20140924,7.24,7.48,7.21,7.47,1543083,34754212.00
20140925,7.48,7.71,7.44,7.54,1736291,40111296.00
20140926,7.55,7.61,7.41,7.56,1002528,22992044.00
20140929,7.57,7.91,7.57,7.84,2233615,53138192.00
20140930,7.87,7.93,7.65,7.92,1405297,33632096.00
20141008,7.91,7.99,7.74,7.94,2024026,48410856.00
20141009,7.93,7.99,7.65,7.93,2431635,58060700.00
20150423,8.74,8.74,8.74,8.74,6885,183141.00
20150424,9.63,9.63,9.63,9.63,11111,325107.88
20150427,10.60,10.60,10.60,10.60,10612,341600.28
20150428,11.68,11.68,11.68,11.68,17660,625340.63
20150429,12.86,12.86,12.86,12.86,1042939,40622476.00
20150430,14.16,14.16,14.16,14.16,471702,20212430.00
20150504,15.59,15.59,14.55,15.47,17417396,796970880.00
20150505,14.87,15.37,13.91,14.21,7927998,347326336.00
20150506,14.54,14.69,13.67,13.77,6168330,261721728.00
20150507,13.67,13.87,12.54,12.84,5591654,222270368.00
20150508,13.10,14.14,12.87,14.14,6571539,276842368.00
20150511,14.54,15.54,14.14,14.77,7832963,352710304.00
20150512,14.54,16.21,14.47,16.21,6636109,309579584.00
20150513,15.87,17.54,15.57,17.12,6895732,347736512.00
20150514,17.09,18.54,17.07,17.90,5322862,287008704.00
20150519,19.69,19.69,19.51,19.69,1135701,67280456.00
20150520,21.42,21.67,20.42,21.67,3639959,234009760.00
20150521,22.41,23.14,20.86,22.04,8491695,561797120.00
20150522,21.92,21.92,20.98,21.15,5579821,357087808.00
20150525,21.08,21.08,19.82,20.55,4126469,253755856.00
20150526,20.59,22.61,20.59,22.61,5615943,376502496.00
20150527,23.26,23.86,21.79,22.26,6163090,421532320.00
20150528,21.52,22.98,20.59,20.89,4509575,295825280.00
20150529,20.85,21.40,19.92,20.57,3622685,226077696.00
20150601,20.62,22.42,20.62,21.86,5062794,332111136.00
20150602,21.86,22.12,20.92,21.82,2887487,187466608.00
20150603,21.42,22.00,20.67,21.82,5196588,333986144.00
20150604,21.98,22.58,20.22,21.86,3005200,194609760.00
20150605,21.81,22.12,20.93,21.22,3228102,207845680.00
20150608,20.62,22.12,19.12,21.59,7456840,465229184.00
20150609,21.26,21.92,20.16,20.66,3735612,234477760.00
20150610,20.26,21.09,19.91,20.59,4512272,277778592.00
20150611,20.41,20.78,19.96,20.45,3130393,191548256.00
20150612,20.47,21.62,20.47,20.92,4351504,276041248.00
20150615,20.79,20.81,20.09,20.42,2651436,162363920.00
20150616,20.26,20.70,19.59,20.52,2241367,135513376.00
20150617,20.69,20.89,19.73,20.39,1702807,103955032.00
20150618,20.19,20.41,19.26,19.74,2007464,120597656.00
20150619,18.70,19.26,17.94,18.11,2702755,151189392.00
20150623,18.12,18.42,16.29,17.59,2588559,133697904.00
20150624,17.82,18.07,16.82,17.36,2277270,119843584.00
20150625,17.32,17.32,16.14,16.39,2566664,129151728.00
20150626,15.59,16.59,14.74,14.77,4722104,222228608.00
20150629,14.82,15.26,13.29,13.75,6415096,264627616.00
20150630,13.39,15.13,12.79,15.13,4132295,176976032.00
20150701,15.14,16.42,14.71,14.96,5082800,239138304.00
20150702,14.98,15.98,13.76,14.09,4932588,222954176.00
20150703,13.26,14.87,12.74,13.57,4846879,200864416.00
20150706,14.94,14.94,12.21,12.38,5667540,223496144.00
20150707,11.59,11.59,11.14,11.14,2525500,85041464.00
20150715,12.26,12.26,12.26,12.26,195046,7216702.00
20150723,13.49,13.49,13.49,13.49,16301,663450.69
20150724,14.85,14.85,14.85,14.85,81501,3648799.75
20150727,14.96,16.34,14.94,15.92,11206983,543930048.00
20150728,14.32,16.37,14.32,15.31,8183076,371477088.00
20150729,15.66,16.85,15.26,16.85,7849106,376914112.00
20150730,16.89,17.98,15.59,15.64,6185818,319807712.00
20150731,15.34,16.45,15.25,15.67,5452641,258912960.00
20150803,15.76,15.87,14.10,14.13,3855511,173829184.00
20150804,14.42,15.42,14.12,15.29,3871211,172103392.00
20150805,15.26,16.12,14.99,15.79,4025168,190630320.00
20150806,15.57,17.38,15.29,17.38,4680178,234385888.00
20150807,17.59,18.54,17.42,18.21,4484914,244039648.00
20150810,18.31,19.03,17.92,18.81,3363762,188327136.00
20150811,18.86,18.86,18.02,18.28,3492489,193614144.00
20150812,17.96,18.59,17.59,17.60,2214932,119822768.00
20150813,17.42,18.14,17.31,18.03,2345575,126189760.00
20150814,18.09,18.46,17.49,17.76,2619925,141799712.00
20150817,17.42,17.66,16.57,17.06,3054166,156074720.00
20150818,17.25,17.25,15.35,15.36,3339400,164242688.00
20150819,15.26,15.99,14.69,15.89,3127171,144465840.00
20150820,15.66,15.82,14.95,15.06,1683438,78374240.00
20150821,14.92,14.92,13.76,13.78,2328704,101053608.00
20150824,13.26,13.28,12.40,12.40,2683317,102441432.00
20150825,11.42,12.59,11.32,11.72,3971399,141787248.00
20150826,11.91,12.76,11.26,12.35,4123908,151368000.00
20150827,12.86,13.59,11.60,13.59,4258656,161048800.00
20150828,13.66,14.29,13.26,13.92,3616725,150459504.00
20150831,13.78,13.78,13.06,13.09,1483481,59501668.00
20150901,13.12,13.12,11.91,12.29,1650079,61707088.00
20150902,11.80,12.89,11.67,12.19,1711890,63794716.00
20150907,12.19,12.75,12.09,12.26,1521032,57144744.00
20150908,12.02,13.42,12.02,13.32,2312304,88874344.00
20150909,13.34,14.11,13.25,13.92,3265697,134721904.00
20150910,13.42,13.92,13.42,13.51,1285628,52880448.00
20150911,13.59,13.74,13.04,13.32,1018354,41083312.00
20150914,13.39,13.58,11.98,12.15,1424251,54394436.00
20150915,11.92,12.16,11.42,11.92,1654557,59105708.00
20150916,12.02,13.07,11.72,12.97,1881489,69851344.00
20150917,12.92,13.40,12.29,12.48,2349100,91658264.00
20150918,12.60,12.77,12.42,12.69,1217563,46341316.00
20150921,12.69,13.67,12.49,13.60,1855208,74612256.00
20150922,13.62,13.98,13.39,13.65,1582778,65711672.00
20150923,13.34,13.76,13.02,13.42,1643812,66246448.00
20150924,13.34,13.58,12.95,13.09,1245325,49960388.00
20150925,12.99,13.26,12.61,12.72,734397,28645764.00
20150928,12.72,13.26,12.30,13.20,762993,29604814.00
20150929,12.92,13.59,12.79,13.32,1159237,46488344.00
20150930,13.33,13.52,13.09,13.10,677688,27010434.00
20151008,13.30,13.92,13.30,13.66,1946760,80058832.00
20151009,13.72,13.96,13.53,13.82,1661003,69209160.00
20151012,13.79,15.21,13.63,14.74,3618594,160166112.00
20151013,14.72,15.19,14.52,15.01,1615067,72346696.00
20151014,14.89,15.41,14.76,15.21,1449850,65802252.00
20151015,15.02,15.94,14.98,15.91,1393687,65718888.00
20151016,15.92,16.59,15.78,15.86,1497888,72681776.00
20151019,15.96,15.96,14.76,14.99,1983925,91469792.00
20151020,15.09,15.44,14.70,15.16,1178525,53918216.00
20151021,15.16,15.31,13.64,13.72,2798097,123129792.00
20151022,13.59,14.20,13.52,14.12,4704939,195207056.00
20151023,14.14,14.79,13.88,14.41,4188502,181499792.00
20151026,14.58,14.58,13.82,14.17,2847281,121989280.00
20151027,14.16,14.42,13.55,14.26,1919270,81247592.00
20151028,14.22,14.37,13.39,13.47,2089731,87381064.00
20151029,13.52,14.09,13.31,13.97,1643936,68010680.00
20151030,13.86,14.09,13.52,13.82,959775,40068736.00
20151102,13.26,14.12,12.76,13.01,2017700,82355104.00
20151103,13.26,13.47,12.99,13.13,2402604,96102016.00
20151104,13.26,13.80,13.26,13.65,3202601,130716072.00
20151105,13.61,13.76,13.37,13.49,3222257,131801680.00
20151106,13.69,14.11,13.50,14.09,4709142,195613232.00
20151109,14.09,14.59,13.92,14.50,4756708,206033632.00
20151110,14.50,15.26,14.29,15.09,5208426,231125520.00
20151111,15.11,15.32,14.81,15.23,4335771,197467728.00
20151112,15.19,16.35,15.19,16.28,6627633,319454592.00
20151113,16.32,16.60,15.59,15.88,5082698,246456800.00
20151116,15.45,17.38,15.35,17.26,5778272,288414816.00
20151117,17.14,17.37,16.53,16.56,4460310,227418208.00
20151118,16.50,16.91,15.95,16.12,2550007,125488664.00
20151119,16.02,16.59,15.79,16.49,2586934,125866944.00
20151120,16.46,16.98,16.20,16.86,2554748,127632360.00
20151123,16.69,17.29,16.09,16.13,3554123,178672208.00
20151124,16.22,16.28,15.23,15.86,4164341,196265760.00
20151125,15.86,17.26,15.71,16.91,6596926,319645056.00
20151126,16.78,18.12,16.62,17.19,6053787,320082912.00
20151127,17.27,17.52,15.91,16.33,4685954,237629136.00
20151130,16.35,16.91,15.42,16.19,3482872,169379856.00
20151201,16.27,16.27,15.59,15.92,5173139,247710416.00
20151202,15.79,16.22,15.28,15.89,4929299,235240608.00
20151203,15.87,16.79,15.86,16.67,4302533,212505472.00
20151204,16.59,16.99,16.42,16.62,2847864,142624496.00
20151207,16.66,16.92,16.02,16.32,4060219,201650992.00
20151208,16.23,16.25,15.52,15.52,5152801,243660448.00
20151209,15.33,15.66,15.21,15.42,2318640,107874400.00
20151210,15.59,15.59,14.72,14.75,3876076,175464320.00
20151211,14.69,14.92,14.39,14.39,1734269,76761768.00
20151214,14.26,14.74,14.20,14.70,1814022,78995728.00
20151215,14.84,15.42,14.79,15.11,2113146,96810872.00
20151216,15.32,15.32,15.02,15.12,1660022,75720416.00
20151217,15.15,15.59,15.15,15.58,4282640,199051232.00
20151218,15.42,16.09,15.42,15.72,3611269,171805376.00
20151221,15.69,16.96,15.63,16.95,9025163,449970592.00
20151222,16.89,17.45,16.83,16.90,4557998,235172352.00
20151223,16.92,17.25,16.59,16.66,3313991,168263408.00
20151224,16.62,17.12,16.13,16.89,3868653,194542496.00
20151225,16.92,17.35,16.55,17.33,4097138,209935824.00
20151228,17.44,18.25,16.92,17.44,6871821,366884896.00
20151229,17.26,18.17,16.93,17.73,5563538,295166240.00
20151230,17.92,18.58,17.74,18.39,3569289,196261136.00
20151231,18.39,18.92,18.26,18.59,3412166,191515024.00
20160104,18.65,18.65,16.73,16.73,3317437,173730480.00
20160105,15.05,16.79,15.05,15.96,6621340,318294848.00
20160106,16.55,16.92,16.26,16.81,5301917,265086128.00
20160107,16.14,16.58,15.12,15.12,869702,40905896.00
20160108,15.52,15.86,13.98,15.22,3318547,150552560.00
20160111,14.62,15.01,13.69,13.69,4393088,187965664.00
20160112,13.76,14.16,12.59,13.11,5963575,236734320.00
20160113,13.16,13.73,12.96,13.13,4167579,168153728.00
20160114,12.66,13.85,12.26,13.62,4298306,170936688.00
20160115,13.52,13.89,13.13,13.22,3548658,144949360.00
20160118,12.92,13.82,12.86,13.49,1672424,68195984.00
20160119,13.58,14.21,13.58,14.18,1887809,79545880.00
20160120,14.19,14.36,13.82,14.25,2411413,102203264.00
20160121,13.92,14.70,13.76,13.90,2465864,106049888.00
20160122,14.26,14.42,13.12,13.72,2546420,104777632.00
20160125,13.92,14.26,13.78,14.22,2209135,93234136.00
20160126,14.06,14.11,12.79,12.79,2478900,100757224.00
20160127,12.79,12.92,11.88,12.37,2140654,79296664.00
20160128,12.26,12.45,11.59,11.66,1622935,59027520.00
20160129,11.69,12.69,11.53,12.24,2021086,73970200.00
20160201,12.32,12.57,12.23,12.43,1281527,47896396.00
20160202,12.49,13.11,12.44,12.96,1037005,40461088.00
20160203,12.68,12.92,12.67,12.90,591557,22814422.00
20160204,12.97,13.29,12.97,13.14,1209774,48123384.00
20160205,13.14,13.52,13.09,13.27,1016400,40815344.00
20160527,13.23,14.60,12.63,13.29,7768136,312166240.00
20160530,12.96,12.96,12.42,12.49,4188403,159128128.00
20160531,12.43,12.86,12.39,12.69,3377269,129151272.00
20160601,12.86,13.43,12.77,13.09,4023957,159125424.00
20160602,13.41,13.43,13.10,13.29,3335713,132929048.00
20160603,13.24,13.79,13.19,13.58,3608702,146753296.00
20160606,13.69,13.76,13.19,13.28,2804503,112724160.00
20160607,13.39,14.59,13.39,14.44,5679332,239737824.00
20160608,14.45,15.56,14.45,15.19,5503803,248655056.00
20160613,14.96,15.62,14.48,14.53,4792573,217341728.00
20160614,14.36,14.78,14.33,14.46,2445301,107085696.00
20160615,14.30,15.05,14.16,14.82,2779477,123229952.00
20160616,14.79,14.82,14.27,14.43,3022022,131335472.00
20160617,14.31,14.79,14.31,14.46,2723759,119761328.00
20160620,14.43,14.47,14.09,14.32,2912804,124710168.00
20160621,14.39,15.28,14.39,14.75,4362723,195637504.00
20160622,14.76,15.79,14.76,15.76,5833480,272339776.00
20160623,15.56,16.02,14.99,15.62,3221184,151508928.00
20160624,15.59,15.88,14.97,15.47,2946488,137758416.00
20160627,15.47,15.76,15.26,15.76,1714296,80126224.00
20160628,15.75,16.02,15.46,15.46,2478571,117486824.00
20160629,15.62,16.21,15.62,15.96,2936725,141000352.00
20160630,15.93,16.16,15.31,15.47,3477944,163202560.00
20160701,15.52,15.78,15.13,15.29,2337246,108191288.00
20160704,15.18,15.65,14.75,15.48,2113335,97648256.00
20160705,15.69,15.69,14.89,15.23,3877844,176792048.00
20160706,16.76,16.76,16.76,16.76,1399982,70545096.00
20160707,18.23,18.39,17.58,17.86,27878301,1498351872.00
20160708,17.73,18.65,17.66,18.41,16901445,922462528.00
20160711,18.30,18.58,17.52,17.79,12647552,682957632.00
20160712,17.66,17.84,16.79,17.44,10276834,532882880.00
20160713,17.31,17.69,17.13,17.63,8424920,440992288.00
20160714,17.58,17.92,17.48,17.75,5892650,313451200.00
20160715,17.50,17.75,17.48,17.68,3543868,187583120.00
20160718,17.69,17.69,17.26,17.52,3813238,200374448.00
20160719,17.59,17.62,17.29,17.59,2820691,148146736.00
20160720,17.59,17.60,17.26,17.26,3745872,196255184.00
20160721,17.16,17.37,16.92,16.96,4360766,224419248.00
20160722,17.02,17.36,16.88,17.08,3621583,186638048.00
20160725,17.06,17.35,16.96,17.19,2890927,149108128.00
20160726,17.19,17.69,17.19,17.56,5040350,265736832.00
20160727,17.62,17.69,15.80,15.91,13527262,669636672.00
20160728,16.13,16.62,16.03,16.22,8854449,433968128.00
20160808,16.39,16.62,15.30,15.80,6427453,309851424.00
20160809,15.63,17.23,15.51,16.83,8706994,435421088.00
20160810,16.92,17.13,16.68,16.97,5474841,278371872.00
20160811,16.86,17.76,16.86,17.32,9063304,475775104.00
20160812,17.30,17.51,17.03,17.49,6584065,342322272.00
20160815,17.54,19.03,17.49,18.46,12789830,707033728.00
20160816,18.33,18.84,18.24,18.54,9567395,532707200.00
20160817,18.42,19.92,18.39,19.35,13354684,773141888.00
20160818,19.28,20.02,19.03,19.86,13511275,793322944.00
20160819,19.66,21.26,19.56,20.85,13691779,834325504.00
20160822,20.61,20.74,18.76,18.76,16494332,959335680.00
20160823,19.03,19.26,18.48,18.73,15017468,850248960.00
20160824,18.69,19.27,18.36,18.58,13933556,788921408.00
20160825,18.05,18.67,17.29,18.45,12427982,673304256.00
20160826,18.59,18.79,17.95,18.10,10625725,585193536.00
20160829,17.96,18.38,17.46,17.70,9403900,506094272.00
20160830,17.76,17.76,16.47,16.56,35282879,597904896.00
20160831,16.56,17.16,16.46,16.91,21636337,364645696.00
20160901,16.77,16.91,16.31,16.36,18189174,302587520.00
20160902,16.46,16.61,16.12,16.15,12893119,210711584.00
20160905,16.19,16.32,15.98,16.08,10414142,168568240.00
20160906,16.10,16.56,16.04,16.31,15528981,253183408.00
20160907,16.27,16.35,16.13,16.18,12621739,205002416.00
20160908,16.21,16.52,16.16,16.28,10216673,167186272.00
20160909,16.22,16.31,15.98,15.99,8923531,144309056.00
20160912,15.61,15.99,15.42,15.51,10923075,171277840.00
20160913,15.57,15.65,15.14,15.54,10158258,156993104.00
20160914,15.40,15.56,15.21,15.26,5859267,90115280.00
20160919,15.35,15.46,15.26,15.39,5837471,89896752.00
20160920,15.41,15.53,15.29,15.35,4170466,64345248.00
20160921,15.32,15.45,15.26,15.39,4722608,72724344.00
20160922,15.47,16.43,15.38,16.37,21614012,348612320.00
20160923,16.37,16.38,16.00,16.04,9889873,159837488.00
20160926,15.96,16.44,15.86,16.00,12017603,195181280.00
20160927,15.76,16.08,15.44,15.74,6659264,104861520.00
20160928,15.78,16.13,15.78,15.88,5942316,95081840.00
20160929,15.84,16.16,15.84,15.97,6080248,97757360.00
20160930,16.34,16.34,16.04,16.18,8660063,140296752.00
20161010,16.18,16.32,15.86,16.17,7867572,126899760.00
20161011,16.18,16.30,15.93,16.03,8272003,133126632.00
20161012,16.01,16.03,15.72,15.76,6692622,106242728.00
20161013,15.85,15.88,15.57,15.85,6854517,107939560.00
20161014,15.78,15.93,15.68,15.86,4418287,70195776.00
20161017,15.97,16.46,15.97,16.33,20273286,331662080.00
20161018,16.34,16.56,16.14,16.49,10909170,179289344.00
20161019,16.50,16.51,16.24,16.32,8409518,137576112.00
20161020,16.40,17.13,16.36,17.00,16810590,283648864.00
20161021,16.76,17.21,16.54,16.78,10739642,181618160.00
20161024,16.66,17.36,16.66,17.32,14132465,242266992.00
20161025,17.20,17.74,17.16,17.47,12897472,226106944.00
20161026,17.39,18.40,17.29,18.13,21670970,387611040.00
20161027,18.17,18.22,17.67,17.97,10754331,192919264.00
20161028,17.86,18.11,17.33,17.37,9716613,171225552.00
20161031,17.22,17.39,16.99,17.37,6236178,107301376.00
20161101,17.26,17.61,17.16,17.45,5468165,95691880.00
20161102,17.36,17.36,16.87,16.88,8555799,146200288.00
20161103,16.76,17.23,16.68,16.85,8750508,148957616.00
20161104,16.56,16.56,16.02,16.31,17568037,286948384.00
20161107,16.32,16.97,16.12,16.71,10987049,183885920.00
20161108,16.66,16.92,16.47,16.77,6554379,109738616.00
20161109,16.67,17.15,16.62,16.86,10090669,171445472.00
20161110,16.77,17.04,16.45,16.80,11673830,195033904.00
20161111,16.66,16.68,16.44,16.53,8807352,145770128.00
20161114,16.44,16.60,16.18,16.31,7132764,116905944.00
20161115,16.33,16.51,16.16,16.42,4329191,70836088.00
20161116,16.42,16.46,16.30,16.34,4208731,68968120.00
20161117,16.34,16.34,15.98,16.19,7719900,124801864.00
20161118,16.21,16.23,15.94,15.97,8569901,138052224.00
20161121,15.96,15.96,14.96,15.78,9607997,151285744.00
20161122,15.66,15.91,15.62,15.84,7994471,126369616.00
20161123,15.84,15.91,15.46,15.52,9267800,145352336.00
20161124,15.55,15.81,15.39,15.62,8528861,133977576.00
20161125,15.63,16.60,15.63,16.55,24072345,392042752.00
20161128,16.66,16.83,16.21,16.26,14749540,242527840.00
20161129,16.16,16.26,16.02,16.11,6975621,112740440.00
20161130,16.03,16.10,15.75,15.88,6615690,105328176.00
20161201,15.88,16.16,15.80,16.14,4422411,71204184.00
20161202,16.16,16.34,15.54,15.58,8071731,128453144.00
20161205,15.53,15.60,15.25,15.46,4603099,71109576.00
20161206,15.57,16.16,15.57,15.81,6337587,100847408.00
20161207,15.94,16.05,15.67,15.96,3645137,58127872.00
20161208,16.06,16.16,15.68,15.71,3542950,56107260.00
20161209,15.65,15.70,15.27,15.63,7767240,120465224.00
20161212,15.70,16.09,15.26,15.30,8093229,127100032.00
20161213,15.14,15.36,15.03,15.11,4052720,61673436.00
20161214,15.26,15.26,14.54,14.63,5317628,79118744.00
20161215,14.35,14.89,14.35,14.50,4953276,72198496.00
20161216,14.46,14.64,14.33,14.51,4090003,59430892.00
20161219,14.51,14.84,14.34,14.82,4137642,60464452.00
20161220,14.83,14.85,14.58,14.74,2537200,37411496.00
20161221,14.76,14.95,14.73,14.95,3536500,52570412.00
20161222,14.95,15.05,14.65,14.97,3611308,53746128.00
20161223,14.94,15.02,14.55,14.83,4299664,63659904.00
20161226,14.67,14.93,14.42,14.64,4613426,67715472.00
20161227,14.64,14.76,14.53,14.57,2002084,29385312.00
20161228,14.62,14.62,14.38,14.41,2783365,40368708.00
20161229,14.41,14.69,14.40,14.41,3197233,46558644.00
20161230,14.43,14.55,14.14,14.26,4079791,58473948.00
20170717,12.84,13.06,12.83,12.83,8189000,105216848.00
20170718,11.55,11.88,11.55,11.65,31553488,365113152.00
20170719,11.75,12.48,11.73,12.28,23324316,281093728.00
数据来源:通达信
