002676 顺威股份 日线 前复权
      日期	    开盘	    最高	    最低	    收盘	    成交量	    成交额
20120525,3.22,3.40,3.17,3.30,15526024,238552304.00
20120528,3.18,3.21,3.00,3.06,7152294,102577520.00
20120529,3.03,3.11,3.01,3.08,5241242,75256488.00
20120530,3.06,3.12,3.04,3.08,3565786,51297300.00
20120531,3.04,3.10,3.02,3.07,3439861,49164692.00
20120601,3.07,3.07,3.00,3.02,3660515,51897636.00
20120604,2.97,2.97,2.92,2.93,3769222,51901832.00
20120605,2.94,2.94,2.88,2.88,1972478,26825148.00
20120606,2.89,2.92,2.88,2.90,1168963,15848882.00
20120607,2.92,2.96,2.86,2.87,1743409,23720320.00
20120608,2.89,2.90,2.82,2.83,1517512,20229276.00
20120611,2.83,2.86,2.82,2.85,1296390,17253734.00
20120612,2.85,2.85,2.80,2.80,1313240,17340166.00
20120613,2.81,2.84,2.80,2.84,1436508,19037598.00
20120614,2.84,2.88,2.84,2.85,2022689,27098034.00
20120615,2.86,2.86,2.82,2.84,1285511,17092326.00
20120618,2.85,2.94,2.85,2.91,2812389,38172348.00
20120619,2.90,2.90,2.88,2.89,1241574,16805110.00
20120620,2.90,2.91,2.88,2.90,1125549,15241318.00
20120621,2.88,2.90,2.84,2.84,1083612,14484075.00
20120625,2.84,2.85,2.77,2.77,944301,12404524.00
20120626,2.77,2.77,2.67,2.74,1326175,16946140.00
20120627,2.74,2.84,2.72,2.77,1472162,19221372.00
20120628,2.76,2.77,2.70,2.70,1175869,15118334.00
20120629,2.70,2.76,2.70,2.74,1011943,12959127.00
20120702,2.76,2.79,2.74,2.76,858593,11127330.00
20120703,2.77,2.86,2.74,2.84,2678152,35267964.00
20120704,2.86,2.86,2.78,2.79,1665724,22018048.00
20120705,2.78,2.79,2.71,2.73,1289592,16537547.00
20120706,2.74,2.78,2.72,2.78,1242921,16029604.00
20120709,2.74,2.76,2.70,2.70,1129420,14452491.00
20120710,2.68,2.70,2.64,2.64,951878,11949364.00
20120711,2.65,2.66,2.64,2.66,549083,6832062.50
20120712,2.65,2.70,2.64,2.68,712189,8931064.00
20120713,2.67,2.69,2.64,2.64,1008591,12610326.00
20120716,2.64,2.64,2.40,2.40,2498971,29261206.00
20120717,2.39,2.42,2.39,2.39,647012,7339003.00
20120718,2.40,2.42,2.39,2.42,486091,5519045.00
20120719,2.42,2.46,2.40,2.44,915184,10549951.00
20120720,2.43,2.45,2.42,2.42,445544,5106418.50
20120723,2.43,2.43,2.39,2.40,400915,4546675.50
20120724,2.40,2.45,2.39,2.45,610962,6993563.50
20120725,2.44,2.54,2.43,2.48,1637693,19294322.00
20120726,2.45,2.49,2.44,2.44,623161,7234470.00
20120727,2.45,2.46,2.43,2.44,351650,4052724.00
20120730,2.46,2.46,2.40,2.40,398659,4568947.00
20120731,2.40,2.42,2.32,2.32,565415,6278943.50
20120801,2.32,2.38,2.32,2.36,368337,4100871.25
20120802,2.36,2.37,2.31,2.32,339242,3736776.75
20120803,2.32,2.38,2.32,2.37,494384,5496535.50
20120806,2.36,2.42,2.36,2.41,887953,10035213.00
20120807,2.39,2.43,2.39,2.42,766982,8740469.00
20120808,2.43,2.43,2.39,2.41,589114,6690741.50
20120809,2.41,2.47,2.40,2.46,1078896,12421007.00
20120810,2.46,2.47,2.44,2.45,849547,9833056.00
20120813,2.44,2.44,2.38,2.38,748678,8514398.00
20120814,2.38,2.41,2.35,2.40,622851,6999677.00
20120815,2.39,2.39,2.36,2.37,445694,4992177.50
20120816,2.37,2.39,2.36,2.37,422751,4752688.00
20120817,2.38,2.38,2.36,2.38,293958,3289893.75
20120820,2.36,2.40,2.36,2.40,349654,3931033.25
20120821,2.38,2.46,2.38,2.45,1295210,14885623.00
20120822,2.45,2.46,2.41,2.42,682463,7824584.00
20120823,2.41,2.49,2.41,2.48,1138149,13199372.00
20120824,2.46,2.47,2.42,2.42,639610,7377331.50
20120827,2.40,2.41,2.37,2.38,460061,5179407.00
20120828,2.33,2.38,2.31,2.33,1112040,12308706.00
20120829,2.33,2.37,2.33,2.34,491758,5448685.50
20120830,2.32,2.35,2.26,2.29,717948,7815021.00
20120831,2.27,2.30,2.26,2.28,471421,5072256.00
20120903,2.28,2.36,2.27,2.35,1015001,11167910.00
20120904,2.35,2.39,2.33,2.34,1147901,12797192.00
20120905,2.32,2.36,2.31,2.34,885640,9768015.00
20120906,2.35,2.37,2.34,2.37,855935,9524918.00
20120907,2.39,2.45,2.37,2.43,2040839,23344570.00
20120910,2.43,2.45,2.42,2.45,1152389,13242100.00
20120911,2.45,2.45,2.41,2.43,826409,9442452.00
20120912,2.43,2.46,2.41,2.44,658175,7539262.00
20120913,2.44,2.44,2.39,2.39,585344,6660660.00
20120914,2.40,2.44,2.37,2.41,1022618,11555775.00
20120917,2.41,2.41,2.33,2.33,653834,7299996.00
20120918,2.33,2.35,2.30,2.32,394800,4340647.00
20120919,2.32,2.37,2.32,2.34,381554,4213203.50
20120920,2.34,2.34,2.26,2.26,556568,6033656.00
20120921,2.28,2.28,2.23,2.24,368528,3931006.75
20120924,2.23,2.23,2.16,2.20,548599,5708001.00
20120925,2.20,2.21,2.18,2.18,288099,2999859.75
20120926,2.18,2.20,2.12,2.14,498984,5085948.00
20120927,2.13,2.28,2.12,2.19,921630,9550941.00
20120928,2.19,2.25,2.17,2.21,606687,6353673.00
20121008,2.23,2.23,2.19,2.21,234149,2452220.00
20121009,2.22,2.32,2.20,2.28,1134880,12193014.00
20121010,2.28,2.30,2.25,2.28,786334,8456706.00
20121011,2.28,2.32,2.25,2.25,653167,7048895.50
20121012,2.25,2.29,2.23,2.24,337215,3604800.00
20121015,2.26,2.26,2.16,2.18,537180,5591796.00
20121016,2.18,2.21,2.17,2.18,338340,3512122.25
20121017,2.19,2.30,2.17,2.26,1378474,14719990.00
20121018,2.25,2.33,2.22,2.27,1387366,14922113.00
20121019,2.27,2.28,2.24,2.24,680727,7270161.50
20121022,2.24,2.29,2.22,2.26,618393,6585781.00
20121023,2.25,2.27,2.23,2.23,380799,4058518.25
20121024,2.23,2.28,2.22,2.25,427500,4543369.50
20121025,2.26,2.27,2.22,2.22,315274,3349736.00
20121026,2.22,2.22,2.16,2.17,573273,5921405.00
20121029,2.17,2.17,2.14,2.15,237312,2425369.25
20121030,2.15,2.21,2.14,2.15,409025,4212986.00
20121031,2.16,2.18,2.15,2.18,194004,1993916.50
20121101,2.18,2.21,2.18,2.20,426334,4438525.00
20121102,2.21,2.21,2.18,2.20,337160,3511362.75
20121105,2.20,2.21,2.19,2.20,191089,1994252.63
20121106,2.20,2.21,2.18,2.20,250148,2596824.00
20121107,2.21,2.25,2.20,2.24,898235,9509959.00
20121108,2.24,2.24,2.18,2.18,551806,5648914.00
20121109,2.18,2.26,2.18,2.20,417793,4299553.00
20121112,2.20,2.22,2.18,2.19,306500,3126289.50
20121113,2.19,2.20,2.13,2.13,468199,4702989.00
20121114,2.13,2.15,2.12,2.15,182640,1816803.50
20121115,2.14,2.15,2.11,2.11,218242,2170696.75
20121116,2.09,2.11,2.06,2.06,368531,3574360.75
20121119,2.06,2.08,2.04,2.07,172647,1655335.38
20121120,2.07,2.09,2.07,2.07,175500,1698661.13
20121121,2.07,2.10,2.06,2.10,203726,1972765.13
20121122,2.10,2.10,2.07,2.09,193624,1883770.88
20121123,2.10,2.10,2.08,2.08,162850,1584039.00
20121126,2.08,2.10,2.06,2.06,173803,1678467.88
20121127,2.04,2.07,1.92,1.93,538448,4948323.50
20121128,1.93,1.95,1.88,1.89,310546,2761943.75
20121129,1.89,1.90,1.83,1.84,243800,2136553.00
20121130,1.84,1.85,1.83,1.84,197704,1703299.00
20121203,1.82,1.86,1.79,1.80,227600,1954016.13
20121204,1.79,1.82,1.77,1.81,209319,1760757.13
20121205,1.81,1.89,1.79,1.88,510995,4463379.00
20121206,1.88,1.89,1.85,1.86,211980,1846138.88
20121207,1.86,1.91,1.84,1.90,565720,4980268.00
20121210,1.90,1.94,1.89,1.93,573089,5136309.50
20121211,1.94,1.94,1.90,1.92,492745,4414094.50
20121212,1.93,1.93,1.87,1.90,312640,2769545.00
20121213,1.88,1.90,1.86,1.87,284072,2494747.75
20121214,1.87,1.99,1.87,1.96,1361516,12373628.00
20121217,1.96,1.97,1.95,1.97,649466,5947787.00
20121218,1.97,1.98,1.94,1.95,536701,4914514.50
20121219,1.95,1.97,1.95,1.97,439231,4021833.50
20121220,1.96,2.03,1.95,1.98,1072274,9955703.00
20121221,2.00,2.07,1.99,2.05,2028465,19197450.00
20121224,2.05,2.06,2.03,2.06,1104747,10542131.00
20121225,2.06,2.14,2.04,2.13,2309477,22701514.00
20121226,2.14,2.34,2.14,2.33,4643771,48602280.00
20121227,2.33,2.38,2.25,2.25,3477799,37090484.00
20121228,2.22,2.29,2.20,2.28,2137148,22427308.00
20121231,2.28,2.32,2.26,2.26,1330552,14097649.00
20130104,2.26,2.28,2.21,2.22,1289864,13391006.00
20130107,2.21,2.25,2.20,2.25,1124218,11621253.00
20130108,2.24,2.29,2.23,2.27,1299800,13680785.00
20130109,2.27,2.28,2.21,2.21,1562447,16257051.00
20130110,2.22,2.25,2.21,2.24,1250732,12929013.00
20130111,2.24,2.25,2.17,2.18,1095739,11269953.00
20130114,2.18,2.27,2.17,2.25,1473295,15303404.00
20130115,2.26,2.35,2.24,2.34,3158081,33880192.00
20130116,2.33,2.38,2.31,2.37,2977310,32305100.00
20130117,2.37,2.38,2.33,2.35,1759975,19193212.00
20130118,2.37,2.48,2.33,2.46,6361434,71016944.00
20130121,2.43,2.44,2.38,2.40,2802861,31208586.00
20130122,2.38,2.40,2.30,2.30,2161639,23542644.00
20130123,2.31,2.34,2.28,2.30,892485,9546832.00
20130124,2.32,2.35,2.19,2.22,1725429,18230616.00
20130125,2.24,2.26,2.21,2.23,666164,6890572.50
20130128,2.21,2.26,2.21,2.26,937998,9807091.00
20130129,2.27,2.30,2.24,2.28,764789,8081855.00
20130130,2.28,2.29,2.24,2.26,840860,8830423.00
20130131,2.26,2.28,2.21,2.25,772082,8025186.50
20130201,2.24,2.26,2.21,2.26,696030,7244825.00
20130204,2.26,2.27,2.21,2.23,729243,7560293.00
20130205,2.23,2.26,2.21,2.26,627535,6530659.50
20130206,2.24,2.28,2.24,2.27,727700,7656706.00
20130207,2.25,2.28,2.25,2.28,604813,6384577.50
20130208,2.26,2.32,2.26,2.31,958471,10226137.00
20130218,2.31,2.33,2.30,2.33,894754,9606264.00
20130219,2.32,2.36,2.28,2.30,1076021,11558788.00
20130220,2.30,2.34,2.29,2.34,1110456,11960218.00
20130221,2.34,2.34,2.27,2.28,1199333,12813325.00
20130222,2.28,2.30,2.25,2.26,604432,6384998.50
20130225,2.26,2.30,2.26,2.30,868575,9215603.00
20130226,2.28,2.34,2.27,2.28,940200,10070641.00
20130227,2.28,2.32,2.28,2.29,749950,7993248.50
20130228,2.29,2.37,2.29,2.35,1609345,17402348.00
20130301,2.35,2.36,2.32,2.35,1253549,13642330.00
20130304,2.35,2.35,2.27,2.28,1034405,11110698.00
20130305,2.28,2.32,2.28,2.32,685011,7341374.00
20130306,2.32,2.36,2.32,2.36,1320358,14381828.00
20130307,2.38,2.59,2.34,2.56,5813299,65968412.00
20130308,2.48,2.52,2.40,2.42,5247010,60003176.00
20130311,2.40,2.43,2.37,2.41,1236548,13761557.00
20130312,2.41,2.43,2.28,2.32,1916507,20817114.00
20130313,2.31,2.34,2.24,2.27,1019699,10784266.00
20130314,2.27,2.33,2.27,2.27,556450,5933188.00
20130315,2.28,2.30,2.25,2.26,870392,9176386.00
20130318,2.26,2.27,2.17,2.18,881626,9084804.00
20130319,2.19,2.23,2.15,2.22,496261,5076392.50
20130320,2.22,2.26,2.22,2.26,658304,6846540.50
20130321,2.26,2.28,2.25,2.27,785340,8269713.50
20130322,2.26,2.27,2.24,2.27,442269,4634681.00
20130325,2.26,2.29,2.24,2.25,507005,5334731.50
20130326,2.25,2.26,2.21,2.23,459139,4749673.50
20130327,2.24,2.25,2.22,2.23,432301,4482569.00
20130328,2.22,2.22,2.15,2.15,744418,7522278.00
20130329,2.16,2.17,2.15,2.15,242799,2439699.00
20130401,2.15,2.17,2.14,2.16,341400,3419634.00
20130402,2.16,2.17,2.13,2.14,362301,3625757.50
20130403,2.14,2.15,2.08,2.10,401947,3941102.50
20130408,2.09,2.12,2.06,2.12,369933,3599693.75
20130409,2.12,2.14,2.12,2.13,287221,2845562.00
20130410,2.12,2.14,2.10,2.11,422752,4173212.00
20130411,2.11,2.14,2.10,2.10,169101,1664170.88
20130412,2.10,2.11,2.10,2.10,81000,792798.75
20130415,2.11,2.11,2.06,2.07,204800,1974654.00
20130416,2.05,2.07,2.03,2.07,263047,2510241.00
20130417,2.07,2.08,2.06,2.08,128090,1235869.63
20130418,2.07,2.09,2.06,2.08,209958,2039456.00
20130419,2.08,2.12,2.08,2.11,411211,4030588.00
20130422,2.11,2.12,2.09,2.12,301136,2951798.25
20130423,2.10,2.12,2.07,2.07,275948,2680962.25
20130424,2.07,2.12,2.07,2.12,368681,3607738.00
20130425,2.12,2.13,2.10,2.12,474601,4676859.50
20130426,2.12,2.15,2.08,2.10,377041,3712616.00
20130502,2.11,2.11,2.09,2.11,253209,2479323.75
20130503,2.12,2.14,2.10,2.13,506009,5015927.50
20130506,2.14,2.17,2.12,2.17,747660,7488812.00
20130507,2.17,2.18,2.15,2.18,437360,4408917.00
20130508,2.18,2.18,2.16,2.18,358048,3612568.50
20130509,2.16,2.18,2.14,2.16,380713,3813427.25
20130510,2.15,2.27,2.15,2.25,2127448,21993334.00
20130513,2.23,2.25,2.20,2.22,1382795,14269591.00
20130514,2.22,2.23,2.18,2.20,600311,6132545.00
20130515,2.20,2.23,2.18,2.23,549046,5650498.50
20130516,2.24,2.27,2.23,2.25,1208995,12639040.00
20130517,2.25,2.29,2.22,2.28,1329791,14041436.00
20130520,2.30,2.32,2.28,2.32,1490565,15779573.00
20130521,2.33,2.33,2.29,2.32,1143663,12123898.00
20130522,2.31,2.34,2.30,2.30,1242591,13220383.00
20130523,2.31,2.33,2.27,2.27,1149980,12171729.00
20130524,2.27,2.29,2.27,2.29,624761,6547203.00
20130527,2.30,2.34,2.30,2.33,1081888,11541979.00
20130528,2.31,2.33,2.29,2.31,786889,8324685.00
20130529,2.31,2.37,2.30,2.35,1371226,14714423.00
20130530,2.35,2.35,2.32,2.34,726298,7779367.50
20130531,2.33,2.37,2.33,2.33,1093329,11776623.00
20130603,2.33,2.36,2.31,2.34,1194229,12763744.00
20130604,2.34,2.36,2.28,2.29,1070622,11385991.00
20130605,2.28,2.35,2.25,2.34,1078645,11423190.00
20130606,2.33,2.36,2.32,2.33,1146579,12311149.00
20130607,2.33,2.39,2.29,2.35,2265769,24367772.00
20130613,2.32,2.32,2.21,2.23,1194886,12271087.00
20130614,2.24,2.27,2.23,2.25,709460,7317367.50
20130617,2.28,2.34,2.24,2.34,1046362,11060159.00
20130618,2.34,2.43,2.32,2.41,5452514,59917180.00
20130619,2.38,2.41,2.32,2.34,2145210,23260682.00
20130620,2.32,2.39,2.26,2.26,1220674,13106318.00
20130621,2.21,2.21,2.04,2.17,1684764,16489054.00
20130624,2.14,2.14,1.99,2.00,925300,8794055.00
20130625,2.00,2.02,1.84,1.99,987479,8861245.00
20130626,2.00,2.03,1.97,2.01,571138,5265257.00
20130627,2.01,2.07,1.99,1.99,733599,6874582.00
20130628,1.99,2.02,1.94,1.96,454060,4124572.50
20130701,1.96,2.01,1.94,2.00,451959,4094130.25
20130702,2.00,2.04,2.00,2.03,460800,4277522.00
20130703,2.02,2.03,1.97,2.02,412015,3791893.50
20130704,2.00,2.07,1.98,2.07,800020,7524413.50
20130705,2.06,2.07,2.03,2.04,453600,4277542.00
20130708,2.04,2.04,1.96,1.97,413864,3773006.25
20130709,1.96,2.01,1.96,1.98,434750,3979408.75
20130710,2.00,2.06,1.98,2.06,562988,5253073.00
20130711,2.06,2.10,2.04,2.09,871772,8341932.50
20130712,2.09,2.10,2.04,2.06,507106,4827767.50
20130715,2.05,2.09,2.04,2.08,564460,5371880.50
20130716,2.09,2.09,2.06,2.09,629345,6013193.00
20130717,2.09,2.13,2.07,2.08,630238,6090477.00
20130718,2.07,2.13,2.06,2.09,653509,6307184.50
20130719,2.11,2.18,2.10,2.15,2076048,20551940.00
20130722,2.15,2.26,2.12,2.26,1964963,20089948.00
20130723,2.26,2.35,2.21,2.24,5047137,52984908.00
20130724,2.25,2.25,2.20,2.23,1987155,20319380.00
20130725,2.23,2.24,2.19,2.20,1054614,10725496.00
20130726,2.19,2.21,2.16,2.17,677864,6791938.50
20130729,2.17,2.19,2.14,2.18,497451,4962419.00
20130730,2.18,2.21,2.16,2.21,700826,7061251.50
20130731,2.22,2.25,2.20,2.21,569852,5822196.50
20130801,2.20,2.24,2.20,2.23,868993,8877245.00
20130802,2.23,2.27,2.23,2.24,1002001,10335032.00
20130805,2.24,2.26,2.23,2.26,930301,9625431.00
20130806,2.26,2.29,2.24,2.28,1413776,14764995.00
20130807,2.28,2.29,2.22,2.23,885837,9147400.00
20130808,2.24,2.25,2.22,2.24,497742,5115609.50
20130809,2.26,2.32,2.25,2.27,1243732,13069970.00
20130812,2.27,2.30,2.25,2.28,1423369,14859000.00
20130813,2.29,2.29,2.26,2.28,971372,10152214.00
20130814,2.27,2.32,2.27,2.28,1018661,10729929.00
20130815,2.29,2.31,2.25,2.27,982777,10266807.00
20130816,2.26,2.29,2.19,2.21,1113478,11493350.00
20130819,2.21,2.25,2.20,2.24,426716,4356883.00
20130820,2.22,2.27,2.22,2.25,541424,5584402.00
20130821,2.24,2.27,2.23,2.27,594502,6143167.00
20130822,2.27,2.28,2.26,2.27,417965,4360057.00
20130823,2.27,2.30,2.23,2.27,637944,6644321.00
20130826,2.27,2.29,2.25,2.29,1021620,10703432.00
20130827,2.29,2.32,2.28,2.30,787976,8298721.00
20130828,2.31,2.31,2.27,2.27,639009,6685080.50
20130829,2.25,2.28,2.24,2.25,610570,6311670.50
20130830,2.25,2.27,2.23,2.23,484712,5000351.50
20130902,2.23,2.26,2.23,2.26,288407,2971455.25
20130903,2.26,2.29,2.25,2.29,571527,5977538.00
20130904,2.29,2.30,2.26,2.27,430963,4493118.50
20130905,2.27,2.31,2.26,2.30,1480386,15576298.00
20130906,2.31,2.38,2.29,2.35,3222805,34658444.00
20130909,2.35,2.38,2.31,2.36,1590737,17128098.00
20130910,2.35,2.40,2.32,2.35,1290033,13948743.00
20130911,2.34,2.57,2.30,2.40,4183613,46299980.00
20130912,2.37,2.43,2.37,2.38,1302810,14286863.00
20130913,2.37,2.38,2.32,2.36,1154273,12425868.00
20130916,2.34,2.41,2.34,2.40,1003947,10993256.00
20130917,2.39,2.39,2.36,2.36,751118,8164348.50
20130918,2.35,2.36,2.33,2.35,566968,6086762.00
20130923,2.37,2.40,2.35,2.39,720801,7870874.50
20130924,2.39,2.48,2.38,2.47,1978840,22029604.00
20130925,2.46,2.46,2.39,2.41,1341324,14900661.00
20130926,2.39,2.41,2.34,2.34,919917,9976611.00
20130927,2.35,2.37,2.33,2.35,388415,4189411.00
20130930,2.35,2.48,2.34,2.45,1273445,14146915.00
20131008,2.42,2.48,2.42,2.47,1766738,19922170.00
20131009,2.48,2.48,2.44,2.47,1251187,14087351.00
20131010,2.45,2.49,2.43,2.45,909744,10204675.00
20131011,2.45,2.51,2.45,2.49,1714714,19550262.00
20131014,2.49,2.53,2.43,2.45,2235524,25162696.00
20131015,2.45,2.45,2.42,2.44,994150,11110409.00
20131016,2.45,2.45,2.34,2.35,1343598,14650754.00
20131017,2.37,2.39,2.34,2.37,641931,6985099.50
20131018,2.37,2.38,2.35,2.37,687520,7477501.00
20131021,2.36,2.42,2.36,2.42,870443,9603568.00
20131022,2.43,2.43,2.40,2.42,798900,8845751.00
20131023,2.43,2.44,2.36,2.37,861274,9472090.00
20131024,2.33,2.39,2.33,2.36,417200,4524430.50
20131025,2.37,2.39,2.33,2.34,529505,5713875.50
20131028,2.34,2.36,2.25,2.26,1008319,10591710.00
20131029,2.27,2.28,2.13,2.15,1241258,12557852.00
20131030,2.17,2.22,2.15,2.21,559878,5617355.50
20131031,2.22,2.24,2.20,2.23,464806,4747890.50
20131101,2.22,2.25,2.21,2.23,359561,3681024.25
20131104,2.22,2.24,2.21,2.24,294298,3015812.50
20131105,2.23,2.26,2.22,2.24,477925,4919692.00
20131106,2.24,2.28,2.23,2.25,491455,5098986.00
20131107,2.24,2.27,2.23,2.23,281652,2899193.00
20131108,2.23,2.23,2.19,2.20,358784,3635350.25
20131111,2.20,2.25,2.18,2.25,396550,4039608.75
20131112,2.26,2.34,2.22,2.31,1366895,14419272.00
20131113,2.30,2.31,2.27,2.28,645238,6779204.00
20131114,2.28,2.42,2.27,2.41,2499300,27215000.00
20131115,2.41,2.53,2.40,2.50,4714470,53762464.00
20131118,2.53,2.56,2.48,2.52,3735139,43017124.00
20131119,2.51,2.53,2.47,2.50,2161863,24804368.00
20131120,2.51,2.57,2.49,2.53,2412027,27955810.00
20131121,2.49,2.51,2.43,2.45,1907035,21535842.00
20131122,2.45,2.49,2.44,2.44,1365059,15414094.00
20131125,2.48,2.69,2.44,2.62,4863308,57740776.00
20131126,2.60,2.69,2.60,2.61,3837536,46325120.00
20131127,2.58,2.80,2.58,2.77,4965837,61595924.00
20131128,2.75,2.81,2.72,2.77,3980989,50294472.00
20131129,2.77,2.90,2.76,2.81,4080492,52849680.00
20131202,2.55,2.71,2.53,2.54,4644093,55300628.00
20131203,2.51,2.68,2.51,2.65,2482003,29750262.00
20131204,2.64,2.78,2.63,2.74,2753739,34514212.00
20131205,2.71,2.80,2.71,2.77,2771389,34843692.00
20131206,2.76,2.76,2.59,2.63,2975975,36428964.00
20131209,2.64,2.84,2.64,2.83,4086587,51518076.00
20131210,2.83,2.91,2.80,2.82,5183645,67428792.00
20131211,2.79,2.80,2.68,2.74,2877387,36014744.00
20131212,2.73,2.80,2.73,2.76,1834230,23248776.00
20131213,2.74,2.84,2.69,2.80,2185870,27761804.00
20131216,2.80,2.89,2.73,2.75,2195195,28030554.00
20131217,2.74,2.77,2.62,2.66,2565693,31357952.00
20131218,2.67,2.69,2.61,2.61,1185692,14339994.00
20131219,2.61,2.65,2.59,2.60,1089330,13078928.00
20131220,2.61,2.61,2.57,2.59,936268,11107763.00
20131223,2.57,2.61,2.52,2.58,828657,9758481.00
20131224,2.59,2.67,2.57,2.63,936070,11270174.00
20131225,2.64,2.74,2.63,2.73,2211432,27296726.00
20131226,2.75,2.75,2.62,2.62,1561888,19173904.00
20131227,2.63,2.74,2.60,2.72,1603226,19745888.00
20131230,2.75,2.80,2.71,2.74,1670351,21006060.00
20131231,2.74,2.74,2.67,2.69,1129869,13964743.00
20140102,2.69,2.76,2.69,2.75,1682812,21017582.00
20140103,2.76,2.76,2.70,2.72,1362107,17001366.00
20140106,2.72,2.72,2.57,2.58,1807562,21613432.00
20140107,2.59,2.61,2.56,2.60,894095,10614942.00
20140108,2.59,2.64,2.59,2.62,1069028,12791284.00
20140109,2.61,2.67,2.60,2.60,1319308,15896028.00
20140110,2.60,2.61,2.54,2.57,772051,9103192.00
20140113,2.59,2.59,2.50,2.52,781036,9106576.00
20140114,2.52,2.61,2.52,2.61,904514,10680630.00
20140115,2.59,2.68,2.59,2.67,1325493,16054998.00
20140116,2.67,2.72,2.67,2.68,2054958,25333758.00
20140117,2.69,2.71,2.64,2.69,1017833,12522485.00
20140120,2.69,2.75,2.67,2.69,1312087,16277501.00
20140121,2.69,2.75,2.69,2.73,1092385,13588101.00
20140122,2.74,2.79,2.72,2.78,1761146,22248402.00
20140123,2.78,2.81,2.75,2.79,1452363,18495634.00
20140124,2.79,2.83,2.75,2.81,1473391,18889044.00
20140127,2.79,2.86,2.75,2.77,1780851,22891880.00
20140128,2.77,2.80,2.75,2.77,1116901,14148594.00
20140129,2.77,2.90,2.77,2.84,2740091,35566384.00
20140130,2.83,2.87,2.81,2.83,936527,12123592.00
20140207,2.81,2.87,2.80,2.85,925922,12044534.00
20140210,2.85,2.99,2.85,2.97,2473844,33205806.00
20140211,2.96,2.99,2.90,2.97,2037528,27386464.00
20140212,2.97,3.15,2.93,3.07,3545803,49434360.00
20140213,3.13,3.20,2.95,2.98,4762966,67276912.00
20140214,2.98,3.08,2.93,3.07,3591659,49278168.00
20140217,3.07,3.13,3.04,3.10,2780933,39145784.00
20140218,3.13,3.15,3.07,3.09,2153289,30508308.00
20140219,3.09,3.10,3.00,3.03,2657272,36869756.00
20140220,3.12,3.33,3.12,3.33,11661198,175263552.00
20140221,3.29,3.38,3.24,3.33,12514058,189219328.00
20140224,3.29,3.35,3.16,3.24,4238374,62686844.00
20140225,3.24,3.34,2.91,2.97,8775816,127836600.00
20140226,2.84,3.13,2.82,3.10,5779696,79582648.00
20140227,3.05,3.06,2.91,2.91,3165369,43110108.00
20140228,2.89,2.95,2.83,2.91,2190751,28895718.00
20140303,2.89,2.99,2.88,2.97,4977533,66885768.00
20140304,2.95,2.95,2.88,2.93,2441484,32492494.00
20140305,2.92,2.97,2.89,2.94,1952734,26217792.00
20140306,2.91,2.96,2.91,2.95,1633677,21942502.00
20140307,2.95,2.97,2.90,2.93,1326060,17807814.00
20140310,2.93,2.93,2.73,2.73,1615012,20779392.00
20140311,2.74,2.77,2.67,2.71,730871,9093900.00
20140312,2.68,2.72,2.64,2.66,857906,10522161.00
20140313,2.66,2.73,2.65,2.72,681091,8394731.00
20140314,2.71,2.75,2.69,2.72,651251,8101501.50
20140317,2.71,2.79,2.71,2.79,615471,7775574.00
20140318,2.79,2.89,2.77,2.82,1052886,13619224.00
20140319,2.81,2.88,2.80,2.87,913468,11818328.00
20140320,2.87,2.93,2.81,2.81,1466567,19237416.00
20140321,2.81,2.89,2.80,2.87,928054,12068146.00
20140324,2.87,2.90,2.86,2.88,750706,9877058.00
20140325,2.88,2.89,2.83,2.85,877109,11441419.00
20140326,2.85,2.87,2.83,2.86,508739,6617682.00
20140327,2.87,2.87,2.71,2.79,1253759,15899021.00
20140328,2.77,3.06,2.76,2.86,5777517,76843104.00
20140331,2.76,2.81,2.57,2.57,2446638,29385734.00
20140401,2.57,2.61,2.53,2.59,1148612,13578763.00
20140402,2.59,2.61,2.58,2.60,450485,5351908.50
20140403,2.59,2.64,2.59,2.61,780550,9338402.00
20140404,2.60,2.64,2.60,2.63,773226,9281927.00
20140408,2.63,2.70,2.62,2.69,1037567,12670152.00
20140409,2.70,2.72,2.68,2.71,692448,8572722.00
20140410,2.70,2.76,2.70,2.74,1246903,15585732.00
20140411,2.74,2.74,2.70,2.72,442129,5491307.50
20140414,2.71,2.74,2.70,2.74,379380,4729503.00
20140415,2.73,2.73,2.67,2.71,524700,6498122.50
20140416,2.71,2.75,2.69,2.75,470001,5854127.50
20140417,2.74,2.76,2.72,2.76,650780,8174138.00
20140418,2.76,2.76,2.71,2.75,259506,3263567.25
20140421,2.69,2.72,2.62,2.64,725825,8914272.00
20140422,2.63,2.65,2.60,2.65,651799,7850958.00
20140423,2.67,2.69,2.63,2.65,539006,6554436.50
20140424,2.67,2.68,2.64,2.65,614300,7467134.50
20140425,2.63,2.63,2.57,2.57,1020495,12119691.00
20140428,2.54,2.59,2.42,2.46,962084,10841656.00
20140429,2.46,2.49,2.43,2.48,519465,5851945.00
20140430,2.48,2.52,2.47,2.52,506040,5783560.00
20140505,2.51,2.56,2.49,2.55,395887,4575272.50
20140506,2.55,2.59,2.54,2.57,478082,5620917.50
20140507,2.57,2.60,2.54,2.59,723711,8487159.00
20140508,2.59,2.64,2.56,2.64,1298288,15489183.00
20140509,2.63,2.68,2.60,2.68,938629,11342410.00
20140512,2.69,2.86,2.69,2.75,5916774,75163040.00
20140513,2.75,2.85,2.72,2.81,7234757,92974624.00
20140514,2.79,2.79,2.70,2.73,2438453,30522880.00
20140515,2.72,2.76,2.66,2.74,2014482,24834834.00
20140516,2.76,2.76,2.60,2.69,1099554,13567526.00
20140519,2.67,2.70,2.58,2.61,1245019,14945774.00
20140520,2.64,2.65,2.58,2.61,935800,11215006.00
20140521,2.62,2.66,2.57,2.64,1088332,13074413.00
20140522,2.65,2.66,2.62,2.64,1122951,13568674.00
20140523,2.63,2.65,2.61,2.65,682826,8232411.50
20140526,2.65,2.66,2.63,2.66,806917,9778990.00
20140527,2.66,2.72,2.65,2.70,1346759,16542241.00
20140528,2.70,2.71,2.65,2.70,996937,12240897.00
20140529,2.70,2.72,2.64,2.64,714535,8778418.00
20140530,2.66,2.69,2.65,2.68,551746,6736456.00
20140603,2.68,2.72,2.65,2.67,965556,11894813.00
20140604,2.66,2.67,2.58,2.60,949257,11365995.00
20140605,2.60,2.69,2.60,2.69,967302,11802592.00
20140606,2.70,2.70,2.67,2.69,507476,6231366.50
20140609,2.69,2.71,2.67,2.69,1030652,12700054.00
20140610,2.70,2.72,2.68,2.72,823291,10186982.00
20140611,2.72,2.75,2.71,2.75,939796,11748133.00
20140612,2.73,2.76,2.72,2.73,971520,12198618.00
20140613,2.73,2.77,2.72,2.76,813842,10248615.00
20140616,2.76,2.80,2.76,2.79,1378141,17578920.00
20140617,2.82,2.90,2.76,2.89,4353920,56844180.00
20140618,2.90,2.98,2.83,2.86,5893977,77826880.00
20140619,2.86,2.89,2.74,2.74,3250196,42304768.00
20140620,2.75,2.87,2.75,2.84,1931761,24951902.00
20140623,2.84,2.91,2.81,2.87,4025800,53048240.00
20140624,2.83,2.87,2.81,2.85,1622586,21013202.00
20140625,2.85,2.86,2.79,2.81,953590,12255405.00
20140626,2.80,2.88,2.80,2.87,1678263,21943626.00
20140627,2.86,2.90,2.86,2.89,1861190,24532990.00
20140630,2.89,2.90,2.87,2.89,1539723,20300618.00
20140701,2.88,2.89,2.84,2.87,1283475,16780662.00
20140702,2.88,2.88,2.85,2.87,1157685,15145371.00
20140703,2.87,2.92,2.85,2.90,2362571,31261844.00
20140704,2.90,2.91,2.85,2.87,1862082,24413696.00
20140707,2.86,2.89,2.85,2.87,899171,11799314.00
20140708,2.88,2.89,2.84,2.87,1199062,15618960.00
20140709,2.89,2.89,2.82,2.83,1292868,16833352.00
20140710,2.83,2.89,2.83,2.86,944880,12297844.00
20140711,2.86,2.93,2.85,2.92,2045806,27013216.00
20140714,2.92,2.99,2.90,2.97,2370668,31720312.00
20140715,2.97,2.97,2.91,2.93,1694295,22593864.00
20140716,2.93,2.96,2.90,2.90,1307006,17402616.00
20140717,2.90,2.91,2.86,2.88,706172,9256115.00
20140718,2.88,2.90,2.86,2.87,744902,9756866.00
20140721,2.88,2.88,2.84,2.87,796318,10357048.00
20140722,2.89,2.90,2.87,2.90,853898,11205417.00
20140723,2.90,2.90,2.82,2.83,865432,11231613.00
20140724,2.81,2.85,2.79,2.79,872366,11145666.00
20140725,2.81,2.87,2.80,2.86,677636,8727577.00
20140728,2.85,2.89,2.85,2.89,908142,11897709.00
20140729,2.91,2.92,2.89,2.91,1517150,20028482.00
20140730,2.91,2.95,2.89,2.93,2339215,31164670.00
20140731,2.94,2.95,2.91,2.93,1189643,15819585.00
20140801,2.93,2.95,2.89,2.91,1372777,18220556.00
20140804,2.92,2.95,2.90,2.95,1425827,18998248.00
20140805,2.96,2.97,2.93,2.97,1554134,20873444.00
20140806,2.97,3.00,2.93,2.99,1499630,20258350.00
20140807,2.99,3.05,2.97,2.97,2440932,33322994.00
20140808,2.95,2.99,2.92,2.99,2238635,30077674.00
20140811,2.99,3.00,2.96,2.99,2402238,32502232.00
20140812,3.00,3.00,2.97,2.98,1002999,13583793.00
20140813,2.98,3.00,2.95,3.00,1780339,24125342.00
20140814,3.00,3.05,2.98,3.04,2646085,36344568.00
20140815,3.04,3.08,3.01,3.04,1408656,19421268.00
20140818,3.05,3.11,3.04,3.10,1951456,27206180.00
20140819,3.10,3.13,3.07,3.10,1989497,27996260.00
20140820,3.11,3.13,3.04,3.05,2293653,32158188.00
20140821,3.04,3.09,3.04,3.08,1529962,21274052.00
20140822,3.08,3.13,3.06,3.10,1944548,27356960.00
20140825,3.11,3.12,3.08,3.09,1190662,16777324.00
20140826,3.07,3.08,2.97,3.00,1214974,16686270.00
20140827,3.00,3.02,2.97,3.00,653595,8916494.00
20140828,3.01,3.01,2.97,2.98,802466,10900119.00
20140829,2.97,3.04,2.97,3.03,777503,10664993.00
20140901,3.04,3.10,3.04,3.09,910685,12734818.00
20140902,3.11,3.14,3.07,3.13,1718911,24344724.00
20140903,3.13,3.16,3.11,3.13,1323546,18841700.00
20140904,3.13,3.19,3.13,3.15,1548040,22237690.00
20140905,3.15,3.17,3.13,3.17,1165164,16680649.00
20140909,3.16,3.29,3.15,3.26,2681829,39564536.00
20140910,3.24,3.26,3.20,3.26,1698938,24901156.00
20140911,3.25,3.33,3.22,3.30,2664908,39822104.00
20140912,3.28,3.35,3.27,3.32,1420185,21388150.00
20140915,3.33,3.43,3.31,3.42,2225995,34345820.00
20140916,3.42,3.44,3.26,3.26,2939386,44508660.00
20140917,3.25,3.38,3.24,3.33,1492634,22407908.00
20140918,3.33,3.37,3.29,3.36,1002515,15205275.00
20140919,3.35,3.39,3.33,3.39,1054164,16124562.00
20140922,3.39,3.39,3.30,3.33,981151,14850237.00
20140923,3.35,3.55,3.33,3.55,3356817,52890932.00
20140924,3.52,3.54,3.47,3.52,2843852,45136536.00
20140925,3.52,3.56,3.46,3.48,1849715,29468890.00
20140926,3.49,3.61,3.46,3.57,2292806,36940764.00
20140929,3.58,3.70,3.56,3.56,2112703,34603284.00
20140930,3.57,3.69,3.57,3.63,1751212,28772014.00
20141008,3.63,3.70,3.58,3.69,1724467,28516264.00
20141009,3.69,3.69,3.58,3.64,2293508,37827412.00
20141010,3.61,3.67,3.57,3.64,1837931,30193490.00
20141013,3.63,3.64,3.53,3.60,1347565,21848266.00
20141014,3.59,3.69,3.57,3.69,2429671,40139576.00
20141015,3.68,3.79,3.65,3.78,2613778,44189212.00
20141016,3.73,3.80,3.70,3.70,1748844,29682982.00
20141017,3.69,3.73,3.53,3.61,1866145,30547206.00
20141020,3.61,3.74,3.61,3.73,1852066,31023454.00
20141021,3.72,3.77,3.64,3.65,1411385,23750742.00
20141022,3.62,3.69,3.53,3.54,1547381,25366660.00
20141023,3.54,3.55,3.41,3.41,1693085,26683434.00
20141024,3.41,3.50,3.41,3.42,1328088,20771886.00
20141027,3.42,3.49,3.41,3.48,975681,15328222.00
20141028,3.48,3.63,3.48,3.61,1426184,23147174.00
20141029,3.63,3.68,3.60,3.63,1628176,26905296.00
20141030,3.67,3.74,3.64,3.70,2019558,33732208.00
20141031,3.69,3.77,3.69,3.74,2365112,40108952.00
20141103,3.76,3.92,3.76,3.89,2807115,49173748.00
20141104,3.89,3.94,3.83,3.87,1961060,34449824.00
20141105,3.86,3.88,3.79,3.83,1367029,23756016.00
20141106,3.81,3.97,3.81,3.91,2041230,36146948.00
20141107,3.94,4.17,3.91,3.96,3233076,58927116.00
20141110,3.97,4.06,3.95,3.98,1843676,33364338.00
20141111,3.97,3.98,3.70,3.75,2737072,47162820.00
20141112,3.73,4.04,3.73,4.04,3232344,57537148.00
20141113,4.00,4.04,3.87,3.88,2162725,38636580.00
20141114,3.84,3.89,3.75,3.79,1656675,28564594.00
20141117,3.80,3.91,3.75,3.85,1080028,18895948.00
20141118,3.85,3.93,3.85,3.92,1144714,20268428.00
20141119,3.89,3.95,3.88,3.94,1415362,25146214.00
20141120,3.94,3.97,3.90,3.97,1204676,21501554.00
20141121,3.97,4.05,3.95,3.99,1661812,30256308.00
20141124,4.01,4.08,3.96,3.97,1988791,36197920.00
20141125,3.99,4.01,3.93,4.00,1508207,27100538.00
20141126,4.00,4.03,3.94,3.99,1381829,24991530.00
20141127,3.99,4.00,3.94,3.97,1586054,28521844.00
20141128,3.98,4.04,3.95,4.03,1935540,35145936.00
20141201,4.03,4.13,3.99,4.12,2658174,48956712.00
20141202,4.13,4.54,4.11,4.54,3641281,71827368.00
20141203,4.68,4.72,4.29,4.41,5008050,100454928.00
20141204,4.37,4.45,4.33,4.36,2793675,55408576.00
20141205,4.31,4.35,3.92,4.01,3651089,67782544.00
20141208,4.01,4.01,3.89,3.90,2576795,45910156.00
20141209,3.89,3.89,3.65,3.66,3013219,51480444.00
20141210,3.68,3.82,3.68,3.81,1463677,24979402.00
20141211,3.83,3.92,3.79,3.91,1537531,27031070.00
20141212,3.91,3.95,3.88,3.94,1089482,19335932.00
20141215,3.95,4.00,3.90,3.97,1387118,24883454.00
20141216,3.98,3.99,3.89,3.91,1340243,23870788.00
20141217,3.86,3.91,3.71,3.75,1807971,31091496.00
20141218,3.75,3.80,3.70,3.75,1023531,17435766.00
20141219,3.76,3.76,3.61,3.70,1497155,24856950.00
20141222,3.66,3.66,3.32,3.35,1977073,30781818.00
20141223,3.36,3.52,3.36,3.41,1323665,20842188.00
20141224,3.47,3.63,3.47,3.60,1350896,21818950.00
20141225,3.63,3.79,3.60,3.74,1675195,28242418.00
20141226,3.73,3.80,3.69,3.74,1005720,17127544.00
20141229,3.71,3.74,3.54,3.55,1131901,18541726.00
20141230,3.52,3.60,3.48,3.55,935604,15038545.00
20141231,3.55,3.63,3.55,3.59,823300,13395239.00
20150105,3.55,3.59,3.43,3.49,1225648,19325036.00
20150106,3.49,3.57,3.36,3.56,958251,15267807.00
20150107,3.55,3.57,3.47,3.50,728202,11615952.00
20150108,3.49,3.56,3.48,3.48,846709,13506582.00
20150109,3.48,3.52,3.40,3.40,1555000,24571102.00
20150112,3.40,3.40,3.24,3.27,1342121,20105732.00
20150113,3.27,3.38,3.27,3.37,766222,11630107.00
20150114,3.38,3.40,3.35,3.37,570039,8702537.00
20150115,3.37,3.45,3.35,3.38,822700,12739917.00
20150116,3.37,3.44,3.37,3.41,990425,15284646.00
20150119,3.35,3.49,3.31,3.38,1570409,24437950.00
20150120,3.39,3.56,3.39,3.56,1599034,25354432.00
20150121,3.56,3.92,3.55,3.92,5537281,94965120.00
20150122,3.92,4.05,3.83,4.03,4508795,80843120.00
20150123,4.03,4.08,3.90,4.03,2770883,50006096.00
20150126,4.01,4.14,3.97,4.10,2356451,43432876.00
20150127,4.12,4.18,4.00,4.09,2658698,49437244.00
20150128,4.09,4.16,3.99,4.12,2156613,39883184.00
20150129,4.07,4.15,4.03,4.14,2118227,39420568.00
20150130,4.14,4.30,4.06,4.19,3383134,64288424.00
20150202,4.13,4.37,4.10,4.29,3705284,71103344.00
20150203,4.30,4.55,4.25,4.43,3684896,73496016.00
20150204,4.38,4.51,4.30,4.48,2982489,59707268.00
20150205,4.47,4.57,4.36,4.36,4127041,83189488.00
20150206,4.33,4.79,4.25,4.79,7686177,160971600.00
20150209,4.71,4.91,4.64,4.89,5462624,118240536.00
20150210,4.86,4.96,4.53,4.77,5548582,119817688.00
20150211,4.76,5.08,4.71,5.04,3955980,88745288.00
20150212,5.04,5.08,4.90,5.02,2007559,45507116.00
20150213,5.01,5.20,4.93,5.05,2052979,46509088.00
20150216,4.99,5.06,4.98,5.03,1410440,32100042.00
20150217,4.98,5.12,4.86,5.09,2157561,48748876.00
20150225,5.07,5.08,4.94,5.05,1327016,30161658.00
20150226,5.03,5.53,4.98,5.53,2876591,68790128.00
20150227,5.46,5.57,5.40,5.53,1824809,45406260.00
20150302,5.53,5.63,5.37,5.57,1600014,39813464.00
20150303,5.55,5.67,5.46,5.62,3346487,84825712.00
20150304,5.57,5.57,5.12,5.21,4323150,104186840.00
20150305,5.19,5.20,4.86,4.94,5032717,113247448.00
20150306,4.96,5.02,4.92,4.92,2772287,62507580.00
20150309,4.96,4.96,4.64,4.79,5570977,120601400.00
20150310,4.74,4.87,4.66,4.80,9148372,196263328.00
20150311,4.75,4.79,4.70,4.71,4101905,88163112.00
20150312,4.75,4.75,4.53,4.55,6379600,133187168.00
20150313,4.57,4.67,4.54,4.64,5409111,112637360.00
20150316,4.69,4.83,4.64,4.80,10472106,223355712.00
20150317,4.81,4.93,4.76,4.92,11211553,245748640.00
20150318,4.92,4.99,4.90,4.94,7691649,172018192.00
20150319,4.93,4.94,4.75,4.84,6132917,134499376.00
20150320,4.83,4.90,4.79,4.90,5056812,111151464.00
20150323,4.90,5.19,4.90,5.18,8854898,202725744.00
20150324,5.18,5.18,4.75,5.05,7066896,161331600.00
20150325,5.04,5.16,4.92,5.13,6104547,139798352.00
20150326,5.09,5.13,4.94,4.99,4588478,104800328.00
20150327,4.99,5.04,4.94,5.01,2597608,58794156.00
20150330,5.04,5.06,4.88,4.89,4817648,107939536.00
20150331,4.84,4.84,4.68,4.78,4848810,104360256.00
20150401,4.73,4.90,4.72,4.90,3706660,80933640.00
20150402,4.95,5.35,4.90,5.27,9810845,229272848.00
20150403,5.30,5.40,5.19,5.30,7534224,180648208.00
20150407,5.30,5.38,5.23,5.36,6093994,146328080.00
20150408,5.40,5.90,5.39,5.90,13312768,348224128.00
20150409,6.05,6.49,5.94,6.49,14805408,413502848.00
20150410,6.24,6.39,5.97,6.29,9599143,271303872.00
20150413,6.37,6.52,6.26,6.44,7042273,203658432.00
20150414,6.38,6.38,5.99,6.16,5316268,148592256.00
20150415,6.14,6.14,5.75,5.87,4624307,123136456.00
20150416,5.75,6.01,5.73,5.93,3229576,85940192.00
20150417,6.04,6.05,5.75,5.98,4310342,114409664.00
20150729,5.38,5.38,5.38,5.38,317200,7692100.00
20150730,4.84,5.38,4.84,4.84,19480294,432049312.00
20150731,4.68,4.88,4.47,4.63,10520059,224195280.00
20150803,4.69,4.87,4.19,4.75,7995027,165011136.00
20150804,4.70,4.83,4.51,4.79,7550108,161887152.00
20150805,4.72,4.90,4.61,4.65,3856146,82761752.00
20150806,4.57,4.87,4.50,4.87,4939559,105883928.00
20150807,4.77,5.09,4.77,4.88,8856029,196820784.00
20150810,4.80,5.29,4.77,5.17,8882233,199163600.00
20150811,5.06,5.15,4.99,5.02,5298167,121057768.00
20150812,4.66,5.02,4.66,4.80,3823207,84361792.00
20150813,4.61,4.99,4.61,4.97,3698200,81269816.00
20150814,4.94,5.32,4.94,5.18,8116535,186474224.00
20150817,5.21,5.30,4.90,5.17,4169420,96835712.00
20150818,5.32,5.69,5.23,5.35,11065686,274894848.00
20150819,5.21,5.88,5.14,5.88,11100808,282956960.00
20150820,5.99,6.33,5.86,5.97,10602000,290819776.00
20150821,5.66,5.88,5.37,5.37,6539116,161426480.00
20150824,4.83,5.10,4.83,4.83,3912900,85296016.00
20150825,4.35,4.49,4.35,4.35,4549462,89595248.00
20150826,4.47,4.67,4.00,4.60,9425025,189743008.00
20150827,4.60,4.98,4.50,4.90,5780080,121969080.00
20150828,5.00,5.23,4.96,5.05,5299814,122533104.00
20150831,4.99,5.00,4.69,4.76,3887869,84098832.00
20150901,4.66,4.99,4.38,4.82,4564296,98424240.00
20150902,4.82,5.10,4.55,4.79,6700719,146637712.00
20150907,4.88,4.99,4.72,4.82,4476226,97506624.00
20150908,4.79,5.10,4.55,4.98,3003941,66314060.00
20150909,4.97,5.18,4.90,5.01,3004850,68687192.00
20150910,4.91,5.50,4.85,5.39,5460803,129060848.00
20150911,5.37,5.37,5.14,5.29,3196982,75810776.00
20150914,5.30,5.30,4.76,4.76,3430811,76180304.00
20150915,4.76,4.92,4.52,4.92,4069475,85751872.00
20150916,4.88,5.42,4.81,5.42,4414132,102008968.00
20150917,5.34,5.67,5.20,5.27,4657804,114375296.00
20150918,5.13,5.40,5.13,5.28,4218298,100921832.00
20150921,5.13,5.52,4.99,5.48,3330249,79662800.00
20150922,5.53,5.57,5.32,5.35,1889773,46085572.00
20150923,5.25,5.32,5.17,5.21,1211790,28669494.00
20150924,5.21,5.73,5.21,5.73,7858284,197911520.00
20150925,5.61,5.77,5.45,5.61,4543386,114136432.00
20150928,5.61,5.72,5.42,5.69,1911850,48447324.00
20150929,5.50,5.89,5.46,5.62,1938148,49864816.00
20150930,5.70,5.77,5.49,5.57,1074362,27097160.00
20151008,5.76,6.13,5.60,5.79,2041273,53696008.00
20151009,5.73,6.01,5.70,5.93,1835088,49112280.00
20151012,5.95,6.48,5.83,6.30,3397003,94866632.00
20151013,6.24,6.36,6.14,6.23,2257201,63416256.00
20151014,6.21,6.35,6.12,6.20,1963706,55015400.00
20151015,6.20,6.82,6.19,6.82,5290989,159439680.00
20151016,6.85,7.21,6.70,6.83,4658396,144236320.00
20151019,6.90,7.52,6.77,7.37,5240605,168102992.00
20151020,7.23,8.10,7.23,7.80,4981161,173395360.00
20151105,8.58,8.58,7.80,8.02,8690408,321236576.00
20151106,7.88,7.99,7.54,7.84,4549813,159460576.00
20151109,7.72,8.62,7.61,8.62,4305261,160439440.00
20151110,8.88,9.31,8.42,8.64,5465179,217403088.00
20151111,8.48,8.88,8.48,8.76,2100471,82422000.00
20151112,8.81,8.97,8.27,8.41,2141830,82237168.00
20151113,8.21,8.38,7.92,8.14,1728805,63576700.00
20151116,8.17,8.34,7.81,8.26,1303452,48275552.00
20151117,8.23,9.08,8.23,8.43,2175230,84751200.00
20151118,8.43,8.61,8.26,8.42,1746686,66606080.00
20151119,8.28,8.66,8.28,8.65,1886015,72563472.00
20151120,8.66,8.77,8.41,8.58,1915534,73766200.00
20151123,8.59,8.59,8.39,8.42,1659055,63205668.00
20151124,8.36,8.72,8.36,8.69,1726043,66531364.00
20151125,8.61,9.56,8.61,9.56,2767853,116064200.00
20151126,9.77,10.32,9.35,9.48,4020600,176812784.00
20151127,9.46,9.80,8.53,8.70,3690155,153146160.00
20151130,8.70,9.57,8.70,9.57,5312138,223878208.00
20151201,9.78,9.95,9.46,9.81,2182787,95573992.00
20151202,9.77,9.77,9.03,9.37,1359926,57995356.00
20151203,9.50,10.31,9.37,10.31,3265444,148208400.00
20151204,10.46,10.46,10.04,10.33,2451913,112869480.00
20151207,10.33,10.50,9.95,10.01,2173663,98868864.00
20151208,9.92,10.32,9.77,9.93,1331248,60179256.00
20151209,9.92,10.16,9.73,10.01,1495024,67155496.00
20151210,10.01,10.12,9.40,9.44,1355320,59253876.00
20151211,9.39,9.63,9.23,9.50,1032627,43988420.00
20151214,9.15,9.96,9.15,9.79,851153,37185328.00
20151215,9.93,9.99,9.65,9.83,1627662,71692016.00
20151216,9.83,10.81,9.61,10.51,2563424,116754224.00
20151217,10.44,10.99,10.33,10.65,2699484,129585040.00
20151218,10.66,10.88,10.40,10.66,1614124,77182024.00
20151221,10.66,10.85,10.38,10.39,1473600,69920424.00
20151222,10.39,10.83,10.12,10.33,1728384,80819808.00
20151223,10.28,10.57,10.17,10.42,1086181,50482700.00
20151224,10.51,10.63,10.17,10.29,1300977,60910220.00
20151225,10.34,10.50,10.26,10.32,681800,31720224.00
20151228,10.32,10.57,9.57,9.72,1578901,71590952.00
20151229,9.63,9.81,8.88,9.12,2638978,108720960.00
20151230,9.25,9.40,8.77,9.32,1954998,79563336.00
20151231,9.19,9.45,9.10,9.11,1321552,54990468.00
20160104,8.88,9.19,8.21,8.45,966237,38778600.00
20160105,7.77,9.29,7.66,9.19,4701027,186305344.00
20160106,9.32,9.50,8.88,9.31,1845942,76213912.00
20160107,9.21,9.21,8.43,8.44,232300,9151095.00
20160108,8.44,9.06,8.00,8.66,1516591,58969880.00
20160111,8.33,8.54,7.80,7.83,1478781,54210408.00
20160112,7.73,8.21,7.21,7.80,2469185,83677000.00
20160113,7.73,8.02,7.54,7.54,1106078,38924184.00
20160114,7.54,8.30,7.21,8.21,1774926,62695360.00
20160115,7.99,8.20,7.79,7.83,664600,23932720.00
20160118,7.60,8.50,7.51,8.05,754750,27332440.00
20160119,8.21,8.79,7.99,8.73,2050437,78101960.00
20160120,8.81,8.81,8.35,8.35,1263373,48665808.00
20160121,8.37,8.54,7.55,7.55,4035400,142449152.00
20160122,7.46,7.96,7.23,7.95,4435791,154582736.00
20160125,8.12,8.30,7.78,7.96,2097083,75823640.00
20160126,7.90,8.36,7.68,7.99,4458189,159368384.00
20160127,8.00,8.66,7.57,8.17,3004328,110863720.00
20160128,7.87,8.55,7.66,8.21,2506459,94227872.00
20160129,8.06,8.35,7.39,8.19,8285641,282782752.00
20160201,8.10,8.21,7.66,7.66,2831792,100576000.00
20160202,7.77,8.10,7.56,7.99,1760977,62018628.00
20160203,7.97,8.19,7.77,8.01,1308143,46773816.00
20160204,8.01,8.71,8.01,8.70,2574155,97852064.00
20160205,8.61,8.61,7.86,8.12,2843130,105832976.00
20160215,7.49,7.76,7.47,7.65,1465001,50197764.00
20160216,7.65,7.83,7.65,7.81,3022389,105825368.00
20160217,7.81,7.81,7.59,7.77,1723118,59787796.00
20160218,7.79,8.45,7.79,8.15,5424452,200207776.00
20160219,8.02,8.21,7.83,8.00,3888660,140344080.00
20160222,8.01,8.52,7.63,8.28,4979033,178697344.00
20160223,8.21,8.41,8.10,8.36,3299360,122865920.00
20160224,8.39,8.52,8.35,8.49,6209512,236156848.00
20160225,8.49,8.58,7.91,8.07,4020492,148754016.00
20160226,8.55,8.63,8.11,8.59,3194559,121420256.00
20160229,8.43,8.52,7.73,7.86,2957313,107784000.00
20160301,7.77,8.17,7.55,8.13,4861851,176081952.00
20160302,7.85,8.52,7.85,8.46,3744845,140209776.00
20160303,8.35,8.74,8.33,8.33,2491706,96274880.00
20160304,8.36,8.52,7.95,8.10,3194963,118033952.00
20160307,8.11,8.60,7.95,8.27,3795018,140638000.00
20160308,8.21,9.10,8.05,9.01,4806757,186295632.00
20160309,8.79,9.76,8.61,9.32,5648407,236813168.00
20160310,9.43,9.66,9.18,9.40,5045666,215110544.00
20160311,8.99,9.41,8.49,8.49,12603485,198560912.00
20160314,8.42,9.01,8.23,8.58,10893400,168862672.00
20160315,8.54,9.12,8.44,8.80,9307014,148924128.00
20160316,8.89,9.01,8.30,8.47,7697008,120131992.00
20160317,8.47,9.21,8.30,9.13,10266542,159573312.00
20160318,9.04,9.63,8.91,9.21,12930893,214709184.00
20160321,9.19,9.88,9.08,9.88,13061244,225023856.00
20160322,9.66,10.69,9.34,10.33,18991609,339249024.00
20160323,10.08,11.21,10.00,11.05,18240688,346774688.00
20160324,10.83,11.85,10.49,10.49,22814068,463545184.00
20160325,10.38,10.59,9.99,10.18,12612336,232747024.00
20160328,10.34,10.46,9.91,10.05,6421481,118045064.00
20160329,9.99,10.26,9.77,10.23,5947296,107917336.00
20160330,10.23,10.66,10.13,10.54,8492959,160576304.00
20160331,10.65,11.08,10.56,10.85,10794833,211035168.00
20160401,10.65,11.04,10.60,10.85,4535330,88205920.00
20160405,10.71,11.04,10.71,10.88,5099623,100085600.00
20160406,10.91,10.99,10.58,10.66,4695263,90590936.00
20160407,10.73,10.94,10.41,10.58,4976570,95491624.00
20160408,10.58,10.75,10.19,10.35,3166239,59256740.00
20160411,10.35,10.66,10.35,10.50,4609811,87642616.00
20160412,10.60,10.64,10.37,10.38,2865574,53894012.00
20160413,10.58,10.83,10.37,10.46,5131693,98288344.00
20160414,10.45,10.61,10.40,10.51,2881375,54394716.00
20160415,10.66,10.80,10.48,10.59,3980740,76140624.00
20160418,10.54,10.69,10.04,10.04,4301600,80027944.00
20160419,10.02,10.21,9.85,10.07,5780739,104339688.00
20160420,10.07,10.20,9.06,9.19,5505970,93672360.00
20160421,9.11,9.49,9.10,9.16,4225552,70955152.00
20160422,9.31,9.33,9.11,9.24,2449895,40707292.00
20160425,9.10,9.27,9.03,9.13,3635517,59710892.00
20160426,8.97,9.72,8.97,9.54,5121667,87105784.00
20160427,9.44,9.62,9.13,9.19,8108104,135721200.00
20160428,9.26,10.11,9.24,10.11,13328429,234836672.00
20160429,10.16,10.83,10.06,10.39,9568546,181145072.00
20160503,10.66,10.83,10.27,10.71,8711216,165458656.00
20160504,10.60,10.90,10.47,10.64,6916364,133719248.00
20160505,10.65,11.24,10.55,10.93,7421038,145906048.00
20160506,11.00,11.19,10.49,10.61,6255389,120742912.00
20160509,10.63,10.69,10.24,10.41,5255793,98678768.00
20160510,10.53,10.69,10.29,10.64,4508005,85221312.00
20160511,10.64,10.72,10.43,10.43,4129162,78573192.00
20160512,10.27,10.46,9.91,10.32,3906064,71468032.00
20160513,10.19,10.71,10.19,10.70,4574362,86691104.00
20160516,10.70,11.27,10.45,11.14,8775335,172944144.00
20160517,11.14,11.26,10.80,10.87,5154066,102745656.00
20160518,10.70,10.79,10.16,10.52,3883005,73368440.00
20160519,10.53,10.94,10.27,10.75,3827316,73812376.00
20160520,10.49,10.94,10.33,10.94,5828844,111914200.00
20160523,10.83,11.15,10.67,10.95,4438201,87412608.00
20160524,10.86,10.94,10.63,10.63,2575678,49863388.00
20160525,10.71,10.75,10.44,10.44,2373100,45182016.00
20160526,10.27,10.65,10.27,10.42,1950960,36554192.00
20160527,10.53,10.71,10.36,10.57,2232788,42473348.00
20160530,10.44,11.63,10.44,11.63,15619873,314693056.00
20160531,11.66,12.20,11.46,12.02,11593275,246758000.00
20160601,12.14,12.15,11.72,12.13,8134205,175001840.00
20160602,12.03,12.56,12.02,12.18,7627215,168591696.00
20160603,12.19,12.48,12.13,12.15,5540223,122192960.00
20160606,12.18,12.37,12.10,12.33,3941306,86948840.00
20160607,12.22,12.60,12.13,12.55,4333723,96519696.00
20160608,12.53,13.33,12.36,12.75,6645166,154352912.00
20160613,12.21,13.02,12.10,12.26,4743222,107423184.00
20160614,12.30,12.46,12.13,12.43,3036274,67410888.00
20160615,12.46,13.32,12.38,13.05,5275734,123050880.00
20160616,12.99,13.70,12.95,13.44,5120857,123949856.00
20160617,13.38,14.06,13.38,13.71,4827317,119853120.00
20160620,13.71,13.86,13.16,13.33,3884701,93649496.00
20160621,13.36,13.66,13.11,13.33,3368887,81209624.00
20160622,13.33,13.65,13.08,13.56,3904506,94258976.00
20160623,13.56,13.97,13.46,13.83,5581518,138972096.00
20160624,13.85,13.95,13.22,13.71,3906991,96530792.00
20160627,13.71,13.99,13.58,13.81,4305188,107444024.00
20160628,13.71,14.10,13.34,13.43,5650947,139540208.00
20160629,13.44,13.94,12.94,13.91,6764749,164994992.00
20160630,13.93,14.16,13.65,13.65,6728766,168467376.00
20160701,13.65,13.88,13.49,13.60,1979552,48924864.00
20160704,13.60,13.80,13.43,13.51,2183275,53395668.00
20160705,13.45,13.75,13.45,13.61,1699984,41612784.00
20160706,13.63,13.63,13.25,13.26,2047850,49277324.00
20160707,13.45,13.60,13.28,13.52,2556100,61840852.00
20160708,13.52,14.44,13.27,13.89,3571036,88148784.00
20160711,13.79,14.25,13.77,13.80,4287291,108039784.00
20160712,13.80,13.96,13.49,13.80,1865004,46101160.00
20160713,13.85,14.28,13.69,13.91,6515377,163817056.00
20160714,13.87,13.92,13.63,13.76,1778054,44049980.00
20160715,13.92,14.21,13.79,13.99,4110093,103561456.00
20160718,13.99,14.08,13.71,13.78,2271456,56633120.00
20160719,13.78,13.95,13.69,13.71,1853250,46033480.00
20160720,13.70,13.83,13.49,13.55,1298752,31875762.00
20160721,13.56,13.88,13.33,13.79,7367566,181231120.00
20160722,13.76,14.10,13.66,13.75,5447399,136462880.00
20160725,13.75,13.94,13.50,13.68,1876122,46385124.00
20160726,13.68,13.81,13.60,13.65,1342468,33008466.00
20160727,13.77,13.77,12.88,12.88,2468752,59009512.00
20160728,12.77,12.99,11.85,11.93,5741230,127723480.00
20160729,11.94,13.13,11.94,13.13,6671990,153631328.00
20160801,13.09,13.43,12.91,12.91,4870600,115859496.00
20160802,13.07,13.29,12.66,12.91,3228868,75538624.00
20160803,12.90,13.18,12.63,12.90,2817516,64855260.00
20160804,12.80,12.93,12.55,12.60,2910253,66351888.00
20160805,12.50,12.74,12.23,12.23,1571265,35450212.00
20160808,12.41,13.14,12.40,12.94,3733559,86711976.00
20160809,13.04,13.19,12.83,13.00,2976676,69761752.00
20160810,13.53,13.53,12.88,13.01,1702450,40108308.00
20160811,13.22,13.22,12.94,12.94,1510973,35397308.00
20160812,12.97,13.21,12.80,13.04,1910806,44824264.00
20160815,13.04,13.31,12.91,13.15,2822972,66635588.00
20160816,13.14,13.31,13.03,13.04,2226863,52631320.00
20160817,13.01,13.27,12.96,13.16,4772713,112997056.00
20160818,13.10,13.33,13.04,13.24,4650596,110596472.00
20160819,13.36,13.36,13.14,13.21,3514413,83982992.00
20160822,13.38,13.38,13.08,13.14,2702110,64256120.00
20160823,13.10,13.20,12.79,12.91,1258800,29423268.00
20160824,12.95,12.99,12.65,12.83,1528656,35205048.00
20160825,12.77,12.89,12.65,12.76,1199630,27599010.00
20160826,12.80,12.91,12.69,12.74,1831125,42284768.00
20160829,12.80,13.08,12.49,13.08,6536226,149848640.00
20160830,12.99,13.15,12.91,13.00,1545897,36321720.00
20160831,13.00,13.46,12.27,13.41,3911628,92010584.00
20160901,13.41,13.54,12.96,12.96,2972490,70787664.00
20160902,13.09,13.10,12.88,13.04,2104929,49263732.00
20160905,13.30,13.30,12.80,12.91,850928,19883954.00
20160906,12.94,13.34,12.80,13.12,3574252,84820456.00
20160907,13.10,13.29,12.61,13.20,5320657,125840232.00
20160908,13.18,13.31,13.08,13.27,1226950,29225228.00
20160927,13.21,13.21,12.49,12.81,2670061,61672340.00
20160928,12.78,12.81,12.52,12.75,4959171,113739448.00
20160929,12.56,12.74,12.56,12.66,1987650,45428112.00
20160930,12.81,12.91,12.30,12.89,9733537,218731904.00
20161010,12.93,14.18,12.78,14.18,11504573,287542272.00
20161011,14.44,15.25,14.05,14.99,13559664,359645056.00
20161012,14.71,15.43,14.35,15.08,7244542,194873600.00
20161013,15.07,16.59,14.74,16.59,10408551,299215776.00
20161014,16.99,17.10,16.45,16.59,8865098,267866976.00
20161017,16.49,16.82,16.11,16.30,5244081,154689824.00
20161018,16.30,16.93,15.90,16.61,4221121,125789568.00
20161019,16.65,18.28,16.45,18.28,5750556,181834592.00
20161020,18.66,20.10,18.09,18.09,8730192,296185760.00
20161021,18.41,18.63,17.52,17.66,6964090,223083200.00
20161024,17.63,18.38,17.35,17.85,6703259,214916304.00
20161025,18.05,18.19,17.44,17.44,3635866,116644432.00
20161026,17.44,17.65,16.71,16.96,3600686,110547680.00
20161027,17.11,18.65,17.11,18.65,5927606,192891424.00
20161028,19.10,19.16,17.77,17.94,5465853,180509680.00
20161031,17.77,18.43,17.53,17.89,3536307,115114896.00
20161101,17.86,18.35,17.85,17.99,2409368,77897184.00
20161102,17.81,18.02,17.33,17.43,2556688,80946840.00
20161103,17.26,19.17,17.04,19.05,4967525,162388608.00
20161104,18.77,18.87,18.22,18.24,4304400,143644256.00
20161107,17.94,18.60,17.88,17.94,3097525,100758368.00
20161108,18.10,18.10,17.41,17.47,5316196,169295520.00
20161109,17.55,17.94,16.97,17.63,3414950,107859336.00
20161110,17.65,18.29,17.52,17.55,2616453,83943976.00
20161111,17.46,17.64,17.14,17.52,1785852,55833624.00
20161114,17.36,17.53,17.16,17.20,1872808,58405248.00
20161115,17.21,17.38,16.39,16.77,3361663,101818888.00
20161116,16.94,16.99,16.62,16.75,1775829,53538140.00
20161117,16.73,16.94,16.66,16.90,1483274,44977992.00
20161118,16.90,17.27,16.77,17.13,4134502,127710000.00
20161121,17.46,17.46,17.04,17.14,2617623,81513048.00
20161122,17.14,17.40,16.63,16.72,3345874,100666368.00
20161123,16.66,16.90,16.58,16.64,2038786,61227020.00
20161124,16.79,16.79,16.49,16.49,1392807,41636128.00
20161125,16.49,16.71,16.38,16.60,942398,28058690.00
20161128,16.60,16.74,16.44,16.73,2594005,77518880.00
20161129,16.74,16.85,16.63,16.65,1541259,46396088.00
20161130,16.85,16.85,16.16,16.27,1030295,30457386.00
20161201,16.15,16.94,16.15,16.64,1672309,50017416.00
20161202,16.71,16.99,16.45,16.73,3473808,104846008.00
20161205,16.16,16.72,15.84,16.24,2072021,60229456.00
20161206,16.15,16.37,15.94,16.24,1440640,42049364.00
20161207,16.24,16.80,16.11,16.58,2444906,72586440.00
20161208,16.65,16.85,16.27,16.48,1029300,30449796.00
20161209,16.55,16.55,16.21,16.41,986145,28993132.00
20161212,16.49,16.49,14.77,15.32,2767974,76380176.00
20161213,15.18,16.08,14.55,15.70,4565722,127151528.00
20161214,15.83,15.84,15.57,15.77,1505855,42654560.00
20161215,15.76,16.21,15.76,15.86,2500012,71886720.00
20161216,15.75,15.96,15.48,15.79,1434803,40646428.00
20161219,15.77,16.08,15.55,15.55,935833,26436772.00
20161220,15.55,15.99,15.38,15.94,3033020,85597976.00
20161221,15.71,15.99,15.52,15.77,1329351,37605940.00
20161222,15.61,15.89,15.49,15.76,2642634,74890072.00
20161223,15.76,15.94,15.38,15.87,3478863,98188056.00
20161226,15.99,15.99,15.55,15.76,4034310,114105952.00
20161227,15.75,15.85,15.26,15.56,2586842,72213304.00
20161228,15.56,16.09,15.38,15.74,3811694,107854480.00
20161229,15.58,15.71,15.28,15.43,1234288,34248008.00
20161230,15.46,15.55,13.89,14.93,7073600,182485440.00
20170103,14.44,15.10,14.02,14.85,5397144,143676208.00
20170104,14.87,14.87,14.30,14.82,3204508,84090424.00
20170105,14.74,14.93,14.57,14.71,1394400,36938312.00
20170106,14.56,14.83,14.43,14.62,3307949,86887152.00
20170109,14.54,14.71,14.45,14.48,929454,24313170.00
20170110,14.42,14.57,13.77,14.13,4327953,108634328.00
20170111,14.10,15.44,14.05,15.14,7757803,206249328.00
20170112,15.13,15.30,14.72,14.98,2725365,73381264.00
20170113,15.05,16.19,14.83,15.83,8388294,235163744.00
20170116,15.84,16.38,15.45,15.94,3319878,95385696.00
20170117,16.10,16.10,15.26,15.69,3995488,112108880.00
20170118,15.52,16.16,15.52,15.91,3037285,87302400.00
20170119,15.91,16.08,15.71,16.00,1331194,38260976.00
20170120,16.07,16.31,15.89,15.99,2904991,83876376.00
20170123,15.99,16.31,15.89,16.06,2295030,66593696.00
20170124,16.11,16.11,15.66,15.97,1466824,41981116.00
20170125,15.88,16.38,15.75,16.26,1383162,40195380.00
20170126,16.10,16.30,15.96,16.16,686494,19985954.00
20170203,16.19,16.24,16.02,16.19,406132,11793906.00
20170206,16.19,16.19,15.83,15.89,1020629,29321748.00
20170207,15.76,15.89,15.63,15.84,610143,17317924.00
20170208,15.72,15.95,15.66,15.86,803306,22853524.00
20170209,16.05,16.35,15.88,16.04,764566,22089576.00
20170210,16.05,16.24,15.99,16.21,1321557,38389168.00
20170213,16.26,16.83,16.25,16.73,2556751,76579872.00
20170214,16.73,16.94,16.35,16.38,1906866,57087692.00
20170215,16.40,16.66,16.05,16.05,3712353,109498712.00
20170302,16.55,17.10,15.69,15.69,6354879,187514256.00
20170303,15.46,15.54,15.00,15.10,3968611,108373832.00
20170306,14.89,15.59,14.89,15.29,3180528,87517984.00
20170307,15.30,15.54,15.24,15.44,1045089,29036978.00
20170308,15.27,15.70,15.06,15.65,1394421,39145400.00
20170309,15.65,15.79,15.58,15.61,1910850,53903628.00
20170310,15.61,15.76,15.56,15.61,1044758,29416712.00
20170313,15.55,15.80,15.39,15.79,1732466,48868468.00
20170314,15.79,15.96,15.65,15.70,1173210,33277828.00
20170315,15.71,15.73,15.25,15.36,2354787,65555228.00
20170316,15.43,15.89,15.32,15.43,2897919,80670192.00
20170317,15.48,15.63,14.69,15.43,6210293,170824432.00
20170320,15.43,15.54,15.13,15.43,2261524,62252124.00
20170321,15.37,15.43,15.27,15.37,956342,26433894.00
20170322,15.30,15.61,15.25,15.34,1087130,30103122.00
20170323,15.39,15.62,15.27,15.49,1446252,40299376.00
20170324,15.44,15.61,15.22,15.24,1880398,51982436.00
20170327,15.33,15.40,15.13,15.13,897217,24581612.00
20170328,15.13,15.15,14.74,14.94,3292181,88331608.00
20170329,14.90,15.13,14.66,15.05,1371408,36658140.00
20170330,14.89,15.24,14.89,15.01,1689747,45928428.00
20170331,15.00,15.17,14.91,14.93,488654,13175967.00
20170405,15.12,15.51,15.01,15.40,4165786,113732768.00
20170406,15.21,15.51,14.99,15.14,2760257,75635608.00
20170407,15.20,15.20,14.93,15.11,1283550,34684516.00
20170410,15.11,15.50,15.02,15.41,4518644,124722240.00
20170411,15.21,15.43,14.95,15.35,2720018,74019008.00
20170412,15.27,15.30,15.04,15.22,2700645,73585920.00
20170413,15.21,15.21,15.00,15.01,1067300,29020416.00
20170414,15.01,15.16,14.44,15.10,2139020,56981400.00
20170417,15.20,15.20,14.99,15.10,3023700,82292608.00
20170418,15.18,15.40,15.11,15.35,2974101,81616184.00
20170419,15.38,15.49,15.14,15.39,4838180,133912128.00
20170420,15.39,15.66,15.25,15.64,2910176,80968408.00
20170421,15.70,15.99,15.55,15.64,2433820,69147160.00
20170424,15.58,15.90,15.28,15.44,3797103,105715456.00
20170425,15.44,15.81,15.35,15.75,4661905,131137248.00
20170426,15.80,15.84,15.46,15.66,3339093,94577032.00
20170427,15.77,15.77,15.40,15.58,865170,24225686.00
20170428,15.65,15.76,15.33,15.60,1947804,54571332.00
20170502,15.51,15.69,15.48,15.60,633602,17819262.00
20170503,15.61,15.74,15.40,15.40,888758,24808600.00
20170504,15.38,15.50,15.28,15.28,1205602,33487646.00
20170505,15.29,15.40,14.89,15.05,1201660,32783916.00
20170508,15.05,15.27,14.56,15.10,1418536,38394464.00
20170509,15.05,15.18,14.85,15.10,1468750,39709684.00
20170510,15.03,15.10,14.79,15.02,920600,24708884.00
20170511,15.02,15.09,14.51,14.97,2276346,60791536.00
20170512,14.79,14.99,14.79,14.99,583493,15672234.00
20170515,15.14,15.14,14.89,14.99,653250,17624984.00
20170516,14.99,15.09,14.94,15.06,763096,20665394.00
20170517,15.06,15.06,14.88,14.99,777295,20941132.00
20170518,14.90,15.32,14.90,15.18,1143962,31226384.00
20170519,15.16,15.24,15.08,15.14,537808,14652573.00
20170522,15.14,15.20,14.71,15.02,1134887,30586990.00
20170523,14.99,14.99,14.74,14.88,1398500,37385756.00
20170524,14.88,14.89,14.63,14.86,654258,17432912.00
20170525,14.91,14.93,14.78,14.84,700937,18725456.00
20170526,14.81,14.95,14.79,14.82,510125,13671538.00
20170531,14.91,15.27,14.88,15.00,1607811,43640224.00
20170601,15.20,15.20,14.71,14.98,687100,18460712.00
20170602,14.99,14.99,14.61,14.84,1037610,27543584.00
20170605,14.82,14.94,14.80,14.90,836085,22394810.00
20170606,14.90,14.93,14.72,14.93,556272,14915651.00
20170607,14.73,15.19,14.73,15.02,1922548,28944202.00
20170608,15.00,15.12,14.80,14.81,1487980,22202042.00
20170609,14.78,14.98,13.50,14.81,4977230,71685800.00
20170612,14.67,14.76,14.39,14.39,1835940,26774820.00
20170613,14.39,15.20,14.09,15.14,4871597,73161040.00
20170614,15.24,15.40,15.06,15.31,2265314,34549040.00
20170615,15.46,15.46,15.08,15.26,1789270,27264552.00
20170616,15.27,15.39,15.08,15.32,5366671,81900016.00
20170619,15.30,16.18,15.09,15.85,11294463,175657504.00
20170620,15.80,17.21,15.66,17.20,14318603,234705264.00
20170621,17.10,17.81,16.75,17.45,8669166,150320624.00
20170622,17.26,17.98,17.18,17.20,6584188,115158056.00
20170623,17.23,17.68,17.05,17.35,6008879,103995888.00
20170626,17.19,17.48,16.90,17.23,7818985,133845832.00
20170627,17.29,17.78,17.17,17.60,4990509,87302544.00
20170628,17.55,18.07,17.40,17.75,4691030,83570720.00
20170629,17.75,17.93,15.98,15.98,7150520,117225448.00
数据来源:通达信
