002779 中坚科技 日线 前复权
      日期	    开盘	    最高	    最低	    收盘	    成交量	    成交额
20151209,10.52,11.50,10.52,11.50,15300,266102.00
20151210,12.66,12.66,12.66,12.66,4600,88228.00
20151211,13.94,13.94,13.94,13.94,5200,109720.00
20151214,15.34,15.34,15.34,15.34,10600,246026.00
20151215,16.89,16.89,16.89,16.89,16300,416139.00
20151216,18.59,18.59,18.59,18.59,15266,428669.28
20151217,20.46,20.46,20.46,20.46,11600,358324.00
20151218,22.52,22.52,22.52,22.52,17100,581058.00
20151221,24.79,24.79,24.79,24.79,24900,930762.00
20151222,27.28,27.28,27.28,27.28,38800,1595456.00
20151223,30.02,30.02,30.02,30.02,83793,3789957.50
20151224,33.04,33.04,33.04,33.04,99200,4935200.00
20151225,36.36,36.36,36.36,36.36,101807,5571897.00
20151228,40.00,40.00,40.00,40.00,168411,10138342.00
20151229,44.02,44.02,44.02,44.02,113798,7535703.50
20151230,48.43,48.43,48.43,48.43,246706,17970066.00
20151231,53.28,53.28,45.20,52.00,16223534,1230102400.00
20160104,47.60,57.19,46.79,50.12,11497915,883074560.00
20160105,46.87,55.14,46.87,55.14,12011670,936244224.00
20160106,55.04,60.67,52.61,60.67,9323653,822297472.00
20160107,62.54,63.20,54.59,54.95,5383727,490961408.00
20160108,56.54,58.46,49.87,51.86,11704254,956736960.00
20160111,46.67,48.22,46.66,46.66,5190946,365408864.00
20160112,43.87,45.16,41.98,41.98,7303839,470184480.00
20160113,39.87,42.74,38.62,39.94,7687355,466695296.00
20160114,38.54,43.60,37.87,42.46,8266489,515069376.00
20160115,41.60,41.65,38.20,38.20,6325648,372232256.00
20160118,35.74,38.54,34.57,36.41,5731024,312957056.00
20160119,36.55,38.94,36.31,37.88,6207493,353588416.00
20160120,37.20,38.20,35.87,36.20,5078863,282813856.00
20160121,35.87,35.87,32.57,32.57,4896657,253847696.00
20160122,32.84,35.76,31.96,34.58,5403520,276163904.00
20160125,34.59,35.82,34.33,35.27,4257923,224231360.00
20160126,33.98,34.47,31.73,31.73,4028958,198220288.00
20160127,31.52,34.92,30.88,34.92,6767744,336851456.00
20160128,33.72,34.40,31.52,31.91,4756622,236659872.00
20160129,31.85,35.10,31.85,34.77,5581671,286092256.00
20160201,34.34,36.36,33.54,35.68,5914946,313301600.00
20160202,35.17,37.33,35.16,36.20,5556756,304034112.00
20160203,35.28,35.79,34.26,35.24,3664353,192973136.00
20160204,35.53,37.70,35.27,36.92,5096657,283263328.00
20160205,36.60,37.14,34.65,34.87,3802594,204192400.00
20160215,32.55,34.40,32.55,33.84,2668616,133729152.00
20160216,34.17,35.71,33.94,35.33,3060225,162006224.00
20160217,35.26,38.00,35.05,36.74,4219805,232866112.00
20160218,37.04,38.31,35.96,37.50,5448830,304136576.00
20160219,37.13,38.41,36.56,37.97,4151156,235116320.00
20160222,38.64,39.75,37.57,38.74,4786079,278846048.00
20160223,38.73,39.42,37.88,39.42,4369295,254412656.00
20160224,39.85,41.20,36.40,38.24,6166160,362510176.00
20160225,37.17,37.17,34.40,34.40,3849946,206812192.00
20160226,33.89,34.55,31.32,32.54,3759889,186550928.00
20160229,31.87,32.38,29.27,29.27,2622054,117616056.00
20160301,28.87,30.00,26.72,29.22,2967635,127799896.00
20160302,29.00,30.58,28.41,30.37,3193884,142549344.00
20160303,29.87,32.40,29.79,31.27,4392696,208710992.00
20160304,30.68,31.16,28.13,28.13,3896940,171152656.00
20160307,28.34,29.40,27.95,28.60,2360759,102347544.00
20160308,28.40,28.99,26.55,28.82,2602889,109045904.00
20160309,27.92,30.54,27.48,28.90,3099630,135364464.00
20160310,28.87,29.45,27.88,28.24,2185722,94079104.00
20160311,27.87,28.78,27.54,28.42,1617812,69005640.00
20160314,28.87,30.40,28.87,29.89,2592346,116364904.00
20160315,29.59,30.00,29.10,29.19,1735472,77171984.00
20160316,29.60,30.19,28.74,29.13,2140004,95294352.00
20160317,29.26,30.42,28.91,30.12,2767797,124425928.00
20160318,30.14,31.87,30.14,31.62,3655594,171747696.00
20160321,32.20,32.60,31.46,32.52,3448358,166012704.00
20160322,32.27,32.27,31.70,31.72,2457502,118160920.00
20160323,31.54,33.20,31.41,32.86,3234687,158053632.00
20160324,32.54,32.54,31.54,31.56,2820257,136468608.00
20160325,31.47,31.80,30.72,31.26,2108035,99178936.00
20160328,31.85,32.17,30.92,31.08,1893180,90091560.00
20160329,31.06,31.38,30.00,30.22,1715215,78680272.00
20160330,30.42,31.54,30.42,31.52,1619982,75781864.00
20160331,31.81,32.92,31.74,31.87,2918118,141761408.00
20160401,31.77,31.77,30.88,31.51,1659196,78374800.00
20160405,31.41,32.86,31.41,32.80,2412055,117392272.00
20160406,32.79,33.76,32.27,32.86,2595253,129052912.00
20160407,33.16,33.39,31.76,31.77,2198949,106994576.00
20160408,31.34,31.87,30.94,31.87,1550760,73311112.00
20160411,32.20,33.54,32.18,33.54,3752154,187377312.00
20160412,34.87,35.79,33.34,34.00,4561386,236991984.00
20160413,34.20,35.27,33.54,34.57,4005470,208711808.00
20160414,34.94,38.04,34.40,38.04,5945962,324518912.00
20160415,38.54,41.06,37.87,39.61,7226726,430747680.00
20160418,39.87,42.46,37.66,37.67,7615246,458108736.00
20160419,38.87,39.74,37.88,39.20,5689852,333137344.00
20160420,38.54,38.94,35.27,35.70,5861583,323584608.00
20160421,35.20,36.87,34.24,35.14,3818490,205356960.00
20160422,35.08,37.78,34.57,37.44,4661262,253676464.00
20160425,36.54,36.92,34.94,36.46,3226460,175102848.00
20160426,35.87,36.84,35.27,36.14,2586458,139783536.00
20160427,36.37,38.19,36.37,37.08,4588712,258777888.00
20160428,36.81,36.92,35.20,36.48,2986371,161800000.00
20160429,36.48,38.04,36.04,37.44,3643024,205043168.00
20160503,37.40,39.00,36.73,38.84,3698162,212233008.00
20160504,38.84,39.44,38.17,39.12,4153287,242561680.00
20160505,39.07,39.07,38.21,38.82,2715347,157895744.00
20160506,39.07,39.49,35.65,35.77,4078922,231166304.00
20160509,34.84,34.94,33.20,33.54,2733973,139846144.00
20160510,33.48,34.59,33.47,34.00,2035500,104515776.00
20160511,34.28,34.46,31.54,31.72,2607995,129237080.00
20160512,30.08,31.35,29.94,31.04,1859949,85830976.00
20160513,31.21,31.79,30.72,31.12,1394103,65671700.00
20160516,31.00,31.57,30.59,31.57,1424697,66925008.00
20160517,31.77,33.59,31.46,32.66,2544332,124269600.00
20160518,32.07,32.19,29.89,30.55,1959358,91516888.00
20160519,31.12,31.60,30.61,30.80,1383776,64907160.00
20160520,30.54,31.54,29.97,31.54,1636450,76301232.00
20160523,32.53,33.07,31.94,33.07,2261047,110933144.00
20160524,32.87,33.06,31.78,32.21,1731022,84127944.00
20160525,32.53,33.11,31.97,32.38,1748672,85672896.00
20160526,32.38,32.70,30.68,32.66,2023491,96942928.00
20160527,32.76,35.94,32.66,35.94,5055259,264380640.00
20160530,35.57,36.04,34.34,35.47,4161084,220862864.00
20160531,35.29,37.85,35.22,37.85,4862503,267480336.00
20160601,37.84,40.81,37.20,38.52,5743967,339674528.00
20160602,37.90,39.86,37.44,39.71,4713312,274097152.00
20160603,39.72,40.40,38.54,39.12,4589499,272104448.00
20160606,39.02,39.02,37.40,38.24,3347990,192615376.00
20160607,38.12,42.08,38.07,42.08,6918674,422579744.00
20160608,41.99,46.20,41.55,43.19,9138447,605131008.00
20160613,41.64,41.71,38.86,38.86,5522756,334039488.00
20160614,37.20,38.17,36.21,37.42,4012085,225167248.00
20160615,36.57,41.18,36.54,41.18,5456248,329657376.00
20160616,41.20,44.20,41.14,41.54,6531584,417653856.00
20160617,41.54,45.10,41.54,44.53,5265404,342255840.00
20160620,43.54,47.87,43.54,45.59,5758665,400557888.00
20160621,45.94,46.77,44.14,44.28,5036681,342975648.00
20160622,44.67,45.53,42.54,45.19,3737616,250823904.00
20160623,44.55,45.50,43.22,43.78,3203512,213140176.00
20160624,43.91,47.54,41.87,45.86,5729539,390625504.00
20160627,45.82,47.18,44.74,46.70,5254229,365108480.00
20160628,46.74,48.90,45.98,45.98,5322646,379708768.00
20160629,45.99,48.19,43.99,47.46,6031606,415239200.00
20160630,45.87,46.20,42.87,44.05,5026620,337222464.00
20160701,44.45,45.49,42.77,43.20,4958474,218370576.00
20160704,42.17,44.73,41.95,43.88,4876606,213536336.00
20160705,43.94,46.59,43.52,46.28,7681409,346157568.00
20160706,45.83,47.30,45.48,46.40,7359109,342199872.00
20160707,45.80,46.20,44.51,45.94,5204719,235698304.00
20160708,45.90,47.23,45.45,45.91,4999513,231962032.00
20160711,45.06,45.95,43.01,44.45,4443301,198547552.00
20160712,43.90,45.85,43.54,45.85,4566562,204913408.00
20160713,47.95,47.95,45.31,45.50,5033182,233933104.00
20160714,44.45,46.72,44.05,46.25,5762080,263066336.00
20160715,45.83,46.73,45.25,46.15,4385295,201712448.00
20160718,45.66,46.72,45.65,45.68,5280336,244283056.00
20160719,45.15,45.15,42.99,43.96,5204176,228196560.00
20160720,43.96,44.07,43.65,43.81,2155006,94544208.00
20160721,43.95,44.15,43.24,43.25,2193930,95635776.00
20160722,43.50,43.51,41.54,41.64,3161354,133536840.00
20160725,41.63,42.53,41.30,41.75,1609224,67463512.00
20160726,41.80,42.55,41.80,42.25,1191713,50444228.00
20160727,42.23,42.44,38.22,38.36,3260272,130673264.00
20160728,38.41,38.94,37.41,38.57,1866941,71288472.00
20160729,38.45,38.80,37.66,37.91,1022825,39034752.00
20160801,36.97,37.75,35.40,37.13,1760355,64332076.00
20160802,37.13,37.63,36.75,37.58,993151,37013688.00
20160803,37.40,38.67,37.00,38.27,1669185,63309280.00
20160804,38.34,38.55,37.68,38.15,1157400,44075828.00
20160805,38.35,38.44,37.70,37.78,1113000,42397000.00
20160808,37.73,38.95,36.97,38.94,2036600,77897416.00
20160809,38.95,39.25,38.57,38.95,1239958,48309976.00
20160810,38.77,40.03,38.09,40.03,3582986,142566880.00
20160811,40.04,41.15,39.90,39.95,5963381,241970192.00
20160812,37.96,39.22,37.71,39.18,3145483,121805672.00
20160815,38.85,40.05,38.00,39.65,3368842,132057936.00
20160816,39.47,40.44,39.27,39.75,2776351,111154264.00
20160817,39.64,40.45,39.16,39.84,2802444,111952128.00
20160818,39.75,39.89,38.69,38.75,2865263,112633200.00
20160819,38.94,39.23,38.66,38.85,1348443,52557484.00
20160822,38.80,39.05,37.75,37.84,1506661,57797176.00
20160823,37.64,38.45,37.64,38.09,925966,35424948.00
20160824,38.04,39.45,38.04,39.43,2772914,108182920.00
20160825,39.42,43.38,38.10,43.38,9386119,389808384.00
20160826,44.60,47.72,44.21,47.72,10772156,509251744.00
20160829,47.72,47.92,42.94,46.07,15620865,704783616.00
20160830,43.78,44.56,42.50,42.87,9297249,403191840.00
20160831,42.45,44.03,41.53,44.03,8726424,374207008.00
20160901,43.31,43.59,41.95,41.95,5867851,251333056.00
20160902,41.46,43.13,41.21,41.99,4061735,172140928.00
20160905,42.46,42.69,41.47,41.85,2849594,119525672.00
20160906,41.83,43.31,41.25,43.16,4605684,195735760.00
20160907,42.92,44.79,42.47,43.07,6097563,265714976.00
20160908,42.85,42.85,41.96,42.28,3026937,128242520.00
20160909,42.23,42.85,40.65,40.86,3505551,146424864.00
20160912,39.20,39.80,38.63,38.65,3017569,118460912.00
20160913,39.08,39.30,38.33,39.09,1961705,76280448.00
20160914,38.70,38.95,37.98,38.19,1713424,66002864.00
20160919,38.15,39.18,38.05,38.96,1399696,54433240.00
20160920,39.07,39.12,38.45,38.73,1368822,52942692.00
20160921,38.73,39.05,38.48,38.81,1186644,46154244.00
20160922,38.94,42.45,38.94,40.39,3933570,160602096.00
20160923,40.20,40.73,39.48,39.51,2122329,84769760.00
20160926,39.40,39.40,37.95,37.98,2002925,77035024.00
20160927,37.62,38.83,37.37,38.74,1339571,51360208.00
20160928,38.74,39.61,38.33,39.16,1841538,71983360.00
20160929,39.26,39.33,38.60,38.70,1338676,52196752.00
20160930,38.51,38.88,38.30,38.75,985391,38084808.00
20161010,39.08,40.45,38.90,40.23,1877061,74484120.00
20161212,38.94,38.94,36.20,36.20,3622693,134755776.00
20161213,34.34,35.95,32.66,35.15,3856013,131982104.00
20161214,34.47,38.67,34.09,36.35,4528753,167120912.00
20161215,35.47,36.81,34.95,35.71,3088685,111358720.00
20161216,35.50,36.44,35.39,35.75,1474631,52781844.00
20161219,35.51,36.33,35.14,35.84,1527296,54743992.00
20161220,35.84,35.95,34.97,35.33,1092840,38750804.00
20161221,35.32,35.85,34.73,34.87,1897705,66899536.00
20161222,34.87,35.28,34.25,34.46,1358352,47172480.00
20161223,34.46,34.55,32.71,32.79,2268617,75575872.00
20161226,32.79,34.25,32.20,34.05,2135142,71373920.00
20161227,33.84,34.55,33.84,34.18,1597718,54604732.00
20161228,34.23,34.93,33.55,33.80,1453487,50226044.00
20161229,33.84,34.90,33.57,33.85,1281712,43891272.00
20161230,33.83,34.38,33.47,33.71,953197,32179920.00
20170103,33.95,34.95,33.73,34.70,1675701,57943252.00
20170104,34.72,35.15,34.50,34.93,1114593,38937436.00
20170105,34.93,35.27,34.70,35.07,1154713,40524168.00
20170106,35.07,35.73,34.51,34.55,1053195,36880712.00
20170109,34.66,35.50,34.25,35.42,943999,33189022.00
20170110,35.32,35.81,35.15,35.63,1112875,39581108.00
20170111,35.79,35.79,34.72,35.15,738577,25972422.00
20170112,35.11,35.61,34.66,35.50,764516,26890694.00
20170113,35.21,38.95,35.05,37.25,3958877,148404480.00
20170116,36.45,37.24,33.52,33.52,3086817,108659016.00
20170117,32.64,33.85,30.17,32.65,2860555,91784104.00
20170118,32.77,32.77,31.16,31.27,1415590,44718312.00
20170119,30.95,31.92,30.75,31.57,1116545,35232736.00
20170120,31.18,32.43,30.64,31.80,898565,28646562.00
20170123,31.95,32.44,31.73,31.84,853747,27333042.00
20170124,31.75,32.04,30.73,30.95,787550,24627376.00
20170125,31.25,32.24,31.06,31.28,1025179,32532838.00
20170126,31.15,31.65,30.98,31.34,733057,22958648.00
20170203,31.45,31.72,31.00,31.51,496387,15573624.00
20170206,31.52,31.93,31.45,31.92,1057250,33646476.00
20170207,31.95,31.95,31.61,31.85,763282,24261156.00
20170208,31.82,32.15,31.47,32.10,1204938,38410728.00
20170209,31.95,32.48,31.95,32.40,1275500,41288624.00
20170210,32.40,32.51,31.85,32.01,1075055,34496352.00
20170213,31.87,32.30,31.85,32.23,907297,29206854.00
20170214,32.34,32.94,32.22,32.68,1617886,52900504.00
20170215,32.65,33.25,32.37,32.72,1742121,57444284.00
20170216,32.45,33.03,32.35,32.52,965879,31574212.00
20170217,32.35,32.71,31.33,31.48,1293635,41317072.00
20170220,31.44,31.80,30.96,31.80,950885,29880684.00
20170221,31.81,32.12,31.58,32.09,791942,25279912.00
20170222,32.19,33.13,32.07,32.69,1692822,55431520.00
20170223,33.07,33.22,32.31,33.15,1834965,60221752.00
20170224,33.15,33.41,32.76,33.21,1251605,41627388.00
20170227,33.05,33.42,32.78,33.09,1409450,46617940.00
20170228,32.94,33.61,32.28,33.32,2309958,76737136.00
20170301,33.32,35.25,32.85,34.39,3492854,118275240.00
20170302,34.25,36.11,33.79,34.75,3117689,109103512.00
20170303,34.05,36.94,33.95,36.47,4539731,162672624.00
20170306,36.53,38.53,36.00,37.99,5563172,207361648.00
20170307,37.93,38.48,37.16,37.45,5039009,190040496.00
20170308,37.44,37.45,36.56,36.80,2282755,84377464.00
20170309,36.84,38.27,36.63,36.92,4397251,165876784.00
20170310,36.74,38.02,36.23,37.80,5848400,220291600.00
20170313,37.33,38.47,37.33,37.47,4688819,177952816.00
20170314,37.79,37.79,35.29,36.01,4542643,167203488.00
20170315,36.06,36.46,35.22,35.69,2833487,101414360.00
20170316,35.61,36.05,35.41,35.62,2253498,80641208.00
20170317,35.50,36.44,35.50,35.77,2141541,77302208.00
20170320,35.46,35.71,34.45,35.41,1465751,51474796.00
20170321,35.45,36.98,35.43,36.92,2936451,107351640.00
20170322,36.75,37.53,35.97,37.09,3176943,116860928.00
20170323,37.09,37.33,36.07,36.90,2577771,95273008.00
20170324,36.84,37.11,36.03,36.57,1875789,68489480.00
20170327,36.55,36.55,36.06,36.38,1140859,41378144.00
20170328,36.41,37.41,36.25,37.25,2332805,86143456.00
20170329,37.24,38.46,35.95,37.92,4323337,162659600.00
20170330,37.59,37.85,35.93,36.45,2331556,86187416.00
20170331,36.18,36.83,34.45,36.45,1968811,70465288.00
20170405,35.45,37.34,35.45,37.25,1882742,69765848.00
20170406,37.25,37.34,36.45,36.77,1548416,57102056.00
20170407,36.51,37.75,35.97,37.20,2671677,99205448.00
20170410,37.20,38.83,37.00,38.51,4537832,173316016.00
20170411,38.37,39.90,36.95,37.75,4958836,192245056.00
20170412,36.45,36.92,34.71,34.77,3400839,121290688.00
20170413,33.57,35.85,33.57,35.43,1978608,68132120.00
20170414,34.95,36.45,34.35,34.97,2258242,80519912.00
20170417,34.75,34.76,31.47,31.47,2692457,86314304.00
20170418,30.93,31.05,29.04,29.51,1757227,53178156.00
20170419,29.26,30.05,28.96,29.69,890939,26354412.00
20170420,29.69,30.24,29.01,29.30,699020,20711574.00
20170421,29.31,29.72,28.30,28.35,921207,26494950.00
20170424,28.36,28.65,25.56,26.40,1021250,27318596.00
20170425,26.64,27.63,26.15,27.10,1013090,27359720.00
20170426,27.10,28.55,26.75,27.93,1284482,35790360.00
20170427,27.93,28.39,27.10,28.25,1400150,39184616.00
20170428,27.96,29.92,27.93,29.15,1312609,38035036.00
20170502,29.14,30.39,28.75,28.83,686695,20091958.00
20170503,28.83,29.19,27.85,28.23,505200,14344108.00
20170504,28.06,28.56,27.70,28.12,553597,15652069.00
20170505,28.20,28.29,27.27,28.02,1339400,37274928.00
20170508,27.49,27.85,26.42,26.43,614300,16691596.00
20170509,26.90,27.12,25.97,26.91,586993,15732266.00
20170510,27.01,28.55,26.81,27.95,1787512,49523984.00
20170511,27.90,28.61,26.97,28.58,1428495,39931784.00
20170512,28.60,28.95,28.12,28.45,909812,26030154.00
20170515,28.15,28.65,28.15,28.43,594028,16905124.00
20170516,28.47,31.28,27.57,29.25,1600469,46707724.00
20170517,29.25,30.26,29.05,29.98,1619373,48465300.00
20170518,29.44,30.13,28.53,28.53,1594849,46386720.00
20170519,28.47,28.56,27.50,28.45,1913221,53884332.00
20170522,28.30,28.53,27.50,27.57,615920,17324480.00
20170523,27.63,27.95,25.95,26.09,746658,20098658.00
20170524,25.95,26.81,25.65,26.26,712900,18671404.00
20170525,26.65,26.65,25.87,26.34,633768,16676677.00
20170526,26.34,26.64,26.25,26.25,442933,11751291.00
20170531,26.65,26.92,26.46,26.58,430745,11513835.00
20170601,26.62,26.81,25.55,25.75,902098,23667792.00
20170602,25.65,25.65,23.17,23.40,2710418,64035456.00
20170605,23.45,24.10,23.30,23.63,962004,22774480.00
20170606,23.76,23.79,23.17,23.45,703717,16574398.00
20170607,23.40,24.38,23.40,24.38,1368209,32954062.00
20170608,24.30,24.93,24.20,24.33,1381103,34035868.00
20170609,24.32,24.67,24.18,24.45,958823,23534784.00
20170612,24.50,24.50,23.27,23.40,1024821,24358660.00
20170613,23.39,24.05,23.24,23.89,982600,23431876.00
20170614,23.93,24.70,23.80,24.62,1939526,47599612.00
20170615,24.73,25.19,24.31,25.01,2079927,51538876.00
20170616,25.03,25.03,24.47,24.52,1112058,27464480.00
20170619,24.60,25.51,24.52,25.32,1781215,44856048.00
20170620,25.54,26.00,24.87,24.87,2023909,51624248.00
20170621,25.36,25.36,24.44,24.88,1079887,26782004.00
20170622,24.93,25.34,23.95,24.09,1547034,38503588.00
20170623,24.06,24.35,23.35,23.94,942732,22596434.00
20170626,23.93,24.37,23.65,24.29,888860,21472066.00
20170627,24.30,24.72,24.15,24.61,638680,15693124.00
20170628,24.62,24.90,24.05,24.19,648523,15751057.00
20170629,24.19,24.50,24.15,24.50,545536,13303940.00
20170630,24.25,25.28,24.25,25.18,1233391,30707766.00
20170703,25.15,25.35,24.90,25.30,745573,18822550.00
20170704,25.25,25.40,25.06,25.17,608955,15353143.00
20170705,25.09,25.34,25.09,25.26,533662,13458488.00
20170706,25.26,25.30,24.61,24.84,748700,18700704.00
20170707,24.84,25.24,24.84,25.05,725754,18170316.00
20170710,25.10,25.35,24.60,24.71,991430,24717558.00
20170711,24.51,24.72,23.91,24.01,835569,20330224.00
20170712,23.71,24.24,23.48,24.24,623400,14878623.00
20170713,24.21,24.98,23.92,24.37,750416,18302872.00
20170714,24.08,24.58,24.08,24.55,667449,16259712.00
20170717,24.38,24.61,22.10,22.10,1362170,31037040.00
20170718,21.02,22.48,21.02,22.45,1266237,27357330.00
20170719,22.30,24.00,21.81,22.77,1130230,25802902.00
数据来源:通达信
