002707 众信旅游 日线 前复权
      日期	    开盘	    最高	    最低	    收盘	    成交量	    成交额
20140123,2.23,2.72,2.23,2.72,851338,28142588.00
20140124,3.00,3.00,3.00,3.00,523378,19354518.00
20140127,3.31,3.31,3.31,3.31,181411,7379799.50
20140128,3.65,3.65,3.65,3.65,323298,14467586.00
20140207,4.02,4.02,4.02,4.02,695835,34255956.00
20140210,4.43,4.43,4.43,4.43,217136,11757914.00
20140211,4.88,4.88,4.88,4.88,164479,9798014.00
20140217,5.38,5.38,5.38,5.38,60965,3995036.50
20140218,5.92,5.92,5.92,5.92,2661015,191805968.00
20140219,6.52,6.52,6.52,6.52,897784,71185296.00
20140225,7.19,7.19,7.07,7.19,9844955,858162432.00
20140226,7.08,7.66,7.00,7.52,8309227,744774976.00
20140227,7.57,7.58,6.76,6.94,6750629,582831808.00
20140228,6.68,7.12,6.63,6.91,4627975,388049920.00
20140303,6.79,7.12,6.59,6.90,4744219,393670880.00
20140304,6.78,7.22,6.49,6.59,5729154,471763520.00
20140305,6.55,6.94,6.48,6.78,3694420,302040192.00
20140306,6.72,6.81,6.37,6.72,3601415,289603584.00
20140307,6.67,7.03,6.57,6.57,3454841,284683360.00
20140310,6.18,6.42,5.99,6.04,3819450,287731136.00
20140311,6.12,6.18,5.88,6.06,2374876,175394432.00
20140312,6.04,6.15,5.78,5.90,2051320,148766688.00
20140313,5.87,6.12,5.87,6.08,1777757,130397032.00
20140314,6.00,6.29,5.97,6.20,1990736,149400560.00
20140317,6.17,6.23,6.06,6.17,1209707,90208424.00
20140318,6.17,6.46,6.08,6.25,2453133,187022816.00
20140319,6.19,6.19,6.00,6.08,1457346,107719792.00
20140320,6.07,6.42,6.03,6.15,2113941,160477648.00
20140321,6.04,6.43,5.96,6.36,1855387,140551664.00
20140324,6.27,6.39,5.79,5.83,2074396,153082800.00
20140325,5.77,5.84,5.53,5.61,1936994,133365048.00
20140326,5.60,5.76,5.56,5.72,1267417,87183808.00
20140327,5.67,5.70,5.44,5.47,1174216,79554320.00
20140328,5.50,5.74,5.42,5.54,1230362,83698872.00
20140331,5.52,6.10,5.52,5.88,1856697,132278888.00
20140401,5.81,6.20,5.81,6.16,1571539,115220568.00
20140402,6.10,6.28,5.99,6.14,1378723,102967544.00
20140403,5.92,6.08,5.75,5.93,1967175,141684672.00
20140404,5.91,5.91,5.68,5.82,976044,68809120.00
20140408,5.77,6.04,5.58,5.99,1350812,96023624.00
20140409,5.96,6.14,5.94,5.99,1081695,79236336.00
20140410,5.99,6.30,5.99,6.14,1442213,108363696.00
20140411,5.97,6.12,5.87,5.87,992910,72118336.00
20140414,5.83,5.90,5.75,5.82,596024,42323720.00
20140415,5.82,5.96,5.79,5.92,433632,31051744.00
20140416,5.88,5.91,5.68,5.73,628959,44078776.00
20140417,5.74,5.89,5.69,5.70,403169,28343302.00
20140418,5.70,5.76,5.67,5.73,316380,22059352.00
20140421,5.70,5.97,5.67,5.77,1014015,72314472.00
20140422,5.77,5.86,5.48,5.66,1025528,70551664.00
20140423,5.57,5.76,5.55,5.70,408763,28234932.00
20140424,5.65,5.69,5.54,5.57,420544,28668650.00
20140425,5.56,5.63,5.37,5.39,597043,39909296.00
20140428,5.34,5.37,5.13,5.16,591603,37915108.00
20140429,5.13,5.29,5.13,5.27,366890,23449916.00
20140430,5.28,5.35,5.22,5.29,251587,16243317.00
20140505,5.22,5.41,5.22,5.39,459393,29889546.00
20140506,5.38,5.58,5.35,5.48,561454,37557516.00
20140507,5.42,5.61,5.38,5.50,713067,48047116.00
20140508,5.47,5.54,5.29,5.29,516032,34049296.00
20140509,5.28,5.83,5.28,5.83,1005076,68611632.00
20140512,5.91,6.13,5.75,6.00,1858307,134454128.00
20140513,5.98,6.13,5.89,6.02,1237890,90366432.00
20140514,5.93,6.56,5.88,6.37,1630731,123989952.00
20140515,6.35,6.46,6.28,6.32,1201821,92820080.00
20140516,6.26,6.87,6.25,6.39,1789845,142172992.00
20140519,6.27,6.58,6.27,6.46,791197,61773476.00
20140520,6.53,6.83,6.38,6.40,893560,71778232.00
20140521,6.32,6.68,6.18,6.65,982650,76234880.00
20140522,6.60,6.71,6.32,6.38,867069,68857104.00
20140523,6.33,6.46,6.24,6.40,770910,59324392.00
20140526,6.59,6.99,6.49,6.80,1839777,150557008.00
20140527,6.75,6.79,6.53,6.60,1090770,88090776.00
20140528,6.69,6.73,6.55,6.63,1212854,97971088.00
20140529,6.58,6.58,6.27,6.42,1278832,99823024.00
20140530,6.41,6.55,6.35,6.49,540475,42555360.00
20140603,6.47,6.78,6.35,6.59,860616,69216672.00
20140604,6.59,6.99,6.48,6.89,989741,80402576.00
20140605,6.88,7.02,6.81,6.98,1149657,96969056.00
20140606,6.96,7.15,6.83,7.04,1132448,96249152.00
20140609,7.03,7.34,6.96,7.05,1199919,104295048.00
20140610,7.05,7.10,6.79,7.02,1149718,96987648.00
20140611,6.97,7.09,6.78,6.99,1223527,102597184.00
20140612,6.93,7.52,6.88,7.43,1900405,166245344.00
20140926,8.18,8.18,8.18,8.18,383666,37982936.00
20140929,8.52,8.94,8.10,8.63,3454778,357183808.00
20140930,8.93,9.10,8.43,8.69,1565858,166404704.00
20141008,8.52,8.78,8.43,8.62,990293,103117816.00
20141009,8.60,8.80,8.29,8.39,1121385,115202512.00
20141010,8.43,8.48,8.28,8.45,655017,66476300.00
20141013,8.43,8.47,8.14,8.35,761786,76240200.00
20141014,8.31,8.77,8.31,8.59,755032,78079808.00
20141015,8.56,9.45,8.52,9.45,1480542,161082848.00
20141016,9.52,10.35,9.52,9.77,2029387,242582960.00
20141017,9.98,10.23,9.77,9.96,1358863,164031728.00
20141020,9.77,10.08,9.66,9.90,964566,115188080.00
20141021,9.89,10.59,9.85,10.18,1214151,151778032.00
20141022,10.13,10.79,10.13,10.54,1010865,128491208.00
20141023,10.48,10.75,10.09,10.12,1161080,144487136.00
20141024,10.08,10.60,10.00,10.47,886248,110974112.00
20141027,10.39,10.64,10.18,10.58,620921,78377008.00
20141028,10.57,10.65,10.23,10.60,1161497,146155456.00
20141029,10.53,11.10,10.39,10.77,1140304,148040992.00
20141030,10.74,10.78,10.43,10.52,887436,112691944.00
20141031,10.48,10.96,10.48,10.60,755036,97688360.00
20141103,10.68,10.77,10.10,10.38,1101840,137194032.00
20141104,10.23,10.50,10.17,10.33,470182,58448656.00
20141105,10.33,10.63,10.25,10.33,665017,84242872.00
20141106,10.37,11.37,10.26,11.37,1546943,202528640.00
20141107,11.52,11.52,10.85,10.96,1251459,168963376.00
20141110,10.96,11.18,10.84,11.15,816999,108578240.00
20141111,11.12,11.43,10.81,11.34,1310630,174367088.00
20141112,11.18,11.97,11.17,11.73,1875388,263353344.00
20141113,11.35,11.68,11.03,11.37,1009272,137533440.00
20141114,11.27,11.35,10.56,10.85,990993,129417896.00
20141117,10.77,11.27,10.70,10.85,1203033,160393584.00
20141118,10.84,10.99,10.68,10.93,572776,74839224.00
20141119,10.87,11.25,10.87,11.10,431654,57527320.00
20141204,11.43,12.21,11.10,12.21,1775239,254508592.00
20141205,11.78,13.06,11.43,12.53,1265622,183912640.00
20141208,12.18,12.73,11.78,11.81,749791,109821424.00
20141209,11.62,11.77,10.62,10.62,1501367,199032144.00
20141210,10.52,11.32,9.56,10.35,1384683,173887712.00
20141211,10.27,10.92,10.10,10.63,724799,92764032.00
20141212,10.62,10.92,10.43,10.66,495245,63718252.00
20141215,10.53,11.46,10.53,11.18,828169,111056712.00
20141216,11.09,11.26,10.85,10.98,436089,57971640.00
20141217,11.01,11.26,10.77,11.02,495460,66345132.00
20141218,10.98,11.50,10.93,11.25,763508,104577912.00
20141219,11.25,11.27,10.60,11.10,511365,67642928.00
20141222,10.78,11.03,10.10,10.39,552828,69930576.00
20141223,10.35,10.98,10.11,10.27,632212,80743032.00
20141224,10.29,10.58,10.29,10.42,312820,39376928.00
20141225,10.38,11.02,10.38,10.90,543861,70900912.00
20141226,10.83,10.84,10.60,10.68,456298,58878108.00
20141229,10.60,10.60,9.72,10.06,982306,119572896.00
20141230,9.93,10.18,9.48,9.61,561940,66054128.00
20141231,9.60,9.96,8.67,9.95,1219316,136351392.00
20150105,9.60,9.76,9.28,9.51,689706,78955224.00
20150106,9.44,9.99,9.35,9.88,643970,76183424.00
20150107,9.87,10.23,9.63,9.98,387304,46687512.00
20150108,9.86,10.68,9.86,10.43,600037,75460768.00
20150109,10.42,10.63,10.27,10.38,300202,37858528.00
20150112,10.27,10.94,10.27,10.75,355271,46042288.00
20150113,10.72,10.93,10.60,10.79,227161,29598492.00
20150114,10.85,10.93,10.52,10.66,151120,19445936.00
20150115,10.54,10.82,10.54,10.57,137161,17596336.00
20150116,10.65,11.18,10.52,11.10,333267,43739056.00
20150119,10.82,11.66,10.68,10.96,532607,72223904.00
20150120,11.02,11.71,10.85,11.53,462834,64142160.00
20150121,11.68,12.69,11.43,12.69,920386,135627072.00
20150129,12.34,12.34,11.60,11.98,839913,120589200.00
20150130,11.92,11.97,10.85,11.35,860758,118085664.00
20150202,11.04,11.60,11.02,11.30,523844,72351792.00
20150203,11.18,11.59,11.02,11.38,625149,85284936.00
20150204,11.43,11.85,11.36,11.64,514411,72188552.00
20150205,11.60,11.65,11.10,11.27,766771,104855280.00
20150206,11.24,11.26,10.48,10.62,617982,80860568.00
20150209,10.36,11.02,10.36,10.56,212466,27578046.00
20150210,10.52,10.72,10.45,10.72,171185,21996256.00
20150211,10.71,11.17,10.64,11.11,285213,37843156.00
20150212,10.88,11.09,10.83,10.90,283664,37291736.00
20150213,10.93,11.86,10.85,11.62,700132,95735880.00
20150216,11.36,12.08,11.35,11.87,839092,117956856.00
20150217,11.88,11.93,11.43,11.64,502675,70385024.00
20150225,11.70,11.77,11.27,11.42,387242,53463756.00
20150226,11.42,11.68,11.39,11.63,341691,47868136.00
20150227,11.60,11.67,11.39,11.63,294768,41148232.00
20150302,11.60,11.76,11.51,11.64,335957,47264328.00
20150303,11.52,12.38,11.43,12.12,669886,97547080.00
20150304,12.35,12.35,11.94,12.28,742245,109052456.00
20150305,12.26,12.43,12.01,12.05,323681,47644704.00
20150306,12.04,12.18,11.62,12.04,426509,61159960.00
20150309,12.08,12.43,11.87,12.41,447563,65857360.00
20150310,12.41,12.93,12.41,12.83,561551,85709416.00
20150311,12.83,12.83,12.53,12.59,386226,58738308.00
20150312,12.69,12.87,12.18,12.23,392072,59294844.00
20150313,12.23,12.82,12.15,12.32,383210,57096864.00
20150316,12.35,12.72,12.16,12.67,777815,116555608.00
20150317,12.67,12.93,12.43,12.44,571296,86788136.00
20150318,12.46,13.69,12.27,13.69,1333653,208178592.00
20150319,13.52,13.69,13.00,13.14,827861,132284144.00
20150320,13.21,13.91,13.07,13.73,943428,153062576.00
20150323,14.18,15.10,14.06,15.10,732193,130004288.00
20150324,15.87,16.62,15.35,16.51,2736475,529814016.00
20150325,16.10,16.26,15.57,15.93,2098599,401121248.00
20150326,15.58,15.58,14.43,14.93,1254059,227543760.00
20150327,14.93,16.27,14.77,15.68,870237,163116608.00
20150330,15.99,16.31,15.60,15.76,835013,160170704.00
20150331,15.66,15.66,14.18,15.45,965881,178929264.00
20150401,15.68,16.99,15.62,16.85,2096607,412281568.00
20150519,18.54,18.54,18.54,18.54,10620,789703.19
20150520,20.40,20.40,20.40,20.40,9503,777345.38
20150521,22.45,22.45,22.45,22.45,336,30233.28
20150522,24.70,24.70,24.70,24.70,3864,382458.72
20150525,27.17,27.17,27.17,27.17,41436,4511551.50
20150526,29.89,29.89,29.89,29.89,32306,3869289.50
20150527,32.89,32.89,32.89,32.89,65273,8599718.00
20150528,36.18,36.18,36.18,36.18,387238,56122404.00
20150529,37.45,37.45,33.20,34.51,7380416,1039503488.00
20150601,34.10,35.83,32.25,35.08,6143510,833672768.00
20150602,34.30,37.20,33.78,34.73,4550941,645084608.00
20150603,35.70,36.20,32.75,33.35,3857489,529312000.00
20150604,33.70,33.88,30.01,30.95,4746044,590574016.00
20150605,32.17,32.17,29.40,31.45,5052486,629307968.00
20150608,31.67,32.56,29.35,29.86,3750037,457520128.00
20150609,29.86,30.42,29.20,30.00,2138004,256060512.00
20150610,30.08,32.57,29.45,32.10,4127374,517477280.00
20150611,31.95,35.25,31.46,35.23,4901672,664816384.00
20150612,35.23,35.70,33.86,34.03,2339287,324150688.00
20150615,33.58,33.92,30.85,31.88,2665235,344268640.00
20150616,30.95,32.99,30.45,31.88,1904873,241755936.00
20150617,31.91,33.34,29.94,32.20,2153285,271211808.00
20150618,31.95,31.95,29.35,29.35,1240566,152927808.00
20150619,28.70,29.15,27.54,28.33,1681230,191281184.00
20150623,29.44,29.44,26.15,28.35,1504106,166012976.00
20150624,28.21,29.20,27.45,28.38,1005674,114701560.00
20150625,28.65,28.94,26.17,26.40,1589990,175037648.00
20150626,25.08,25.20,23.75,23.75,2543064,244507472.00
20150629,23.45,23.75,21.37,21.37,4023662,352016704.00
20150630,20.45,23.52,19.23,23.51,4363042,372353856.00
20150701,22.60,24.76,21.71,22.26,2414500,232290384.00
20150702,22.20,22.44,20.03,20.03,2071682,171907696.00
20150703,18.20,21.20,18.08,18.70,2710024,206651280.00
20150713,20.58,20.58,20.58,20.58,234392,19337340.00
20150714,22.64,22.64,22.64,22.64,512195,46481696.00
20150715,22.95,22.95,20.37,20.37,2357131,198182624.00
20150716,19.35,20.56,18.33,19.45,4198903,325471136.00
20150717,19.45,21.23,18.71,21.06,3367862,276935584.00
20150720,21.07,23.00,21.07,22.59,3094700,275330560.00
20150721,21.95,24.50,21.47,24.27,3241058,303811744.00
20150722,23.95,24.83,22.95,23.84,1966933,188018912.00
20150723,23.79,24.43,23.08,24.11,2127681,201783904.00
20150724,24.08,24.95,23.17,24.40,3803609,363852928.00
20150727,23.20,26.85,23.20,24.70,8905620,917515968.00
20150728,22.23,25.58,22.23,23.95,5840702,550354624.00
20150729,24.25,25.36,21.57,25.36,3101472,293936480.00
20150730,24.93,27.45,23.58,23.70,4047721,416157216.00
20150731,22.95,23.52,21.33,21.82,4217809,374196288.00
20150803,21.03,21.07,19.64,19.64,2663234,211806144.00
20150804,18.70,20.91,18.70,20.70,3264184,257429744.00
20150805,20.43,21.06,19.65,19.73,2235181,181937424.00
20150806,19.20,19.85,18.74,19.08,1239991,96216776.00
20150807,19.19,20.49,19.19,20.30,2870216,229282624.00
20150810,20.58,22.15,20.34,21.89,2899013,248852208.00
20150811,21.95,23.57,21.70,23.20,4423193,404353760.00
20150812,22.80,22.88,20.90,21.06,3697495,324172544.00
20150813,20.58,21.40,20.25,21.30,1782490,149631040.00
20150814,21.30,21.52,20.73,20.98,1344814,113722176.00
20150817,20.97,21.17,19.95,20.20,1829645,149666944.00
20150818,20.25,20.60,18.17,18.40,2404550,186479648.00
20150819,17.67,19.20,17.67,19.12,1765043,131095480.00
20150820,18.95,18.95,18.40,18.43,930261,69595312.00
20150821,18.38,18.70,17.36,17.70,2068298,147535520.00
20150824,17.95,17.95,15.93,15.93,2703017,177876944.00
20150825,14.42,16.20,14.33,14.33,2658863,160383344.00
20150826,14.90,15.44,13.71,14.25,3938746,231703184.00
20150827,14.83,15.50,14.30,15.45,3264737,195585216.00
20150828,15.83,17.00,15.25,17.00,4293101,273964160.00
20150831,17.89,17.95,15.30,15.30,4659048,302625984.00
20150901,14.55,14.61,13.76,13.76,2630681,147663136.00
20150902,13.45,14.20,12.46,12.48,3333564,173625344.00
20150907,12.66,13.42,12.66,12.83,2278662,119383144.00
20150908,12.70,13.78,12.50,13.70,2114214,111932664.00
20150909,13.89,15.08,13.83,15.08,5014509,299207200.00
20150910,14.95,16.58,14.45,15.75,4615786,292731968.00
20150911,15.67,16.64,15.48,15.95,2631090,169588768.00
20150914,15.80,16.20,14.40,15.28,2737239,169596240.00
20150915,14.70,15.40,14.28,14.63,2140488,127277648.00
20150916,14.71,16.09,14.65,16.09,2615262,159976016.00
20150917,15.70,16.98,15.62,15.71,2700650,176626880.00
20150918,15.95,17.29,15.77,17.29,3684803,248815328.00
20150921,17.40,19.03,17.40,19.03,3097394,227481472.00
20150922,19.95,20.93,19.18,19.36,6672832,530234976.00
20150923,18.83,19.40,18.47,18.95,5271808,400980800.00
20150924,19.45,20.45,19.18,19.45,4931431,390635328.00
20150925,19.45,19.59,17.97,18.19,3555341,268216272.00
20150928,18.47,20.02,18.45,20.02,3458801,271249152.00
20150929,20.61,22.03,19.80,20.86,18931538,805381504.00
20150930,20.26,21.06,19.20,19.62,9493340,376513760.00
20151008,20.45,21.03,19.62,20.45,8943477,366834080.00
20151009,20.38,20.38,19.26,19.67,7086575,279561984.00
20151012,19.67,20.95,19.62,20.43,8633677,350414688.00
20151013,20.20,22.48,19.93,21.80,13175323,565906688.00
20151014,21.40,21.64,20.52,20.82,7909768,332931456.00
20151015,20.40,21.74,20.40,21.43,7235376,306569728.00
20151016,21.45,21.83,21.15,21.64,7290813,313711104.00
20151019,21.64,23.39,21.64,22.93,11325054,512560800.00
20151020,22.45,22.95,21.90,22.70,6267862,281811488.00
20151021,22.50,23.82,20.45,20.82,9344446,418003776.00
20151022,20.80,22.66,20.46,22.45,8503289,363792480.00
20151023,22.34,23.53,21.95,23.16,8056555,366627584.00
20151026,23.25,23.35,22.21,22.84,5540037,251713856.00
20151027,23.55,24.22,22.51,23.60,11083893,522988448.00
20151028,22.76,23.10,22.22,22.28,7298110,331143104.00
20151029,22.40,22.62,21.59,22.50,3863338,170970512.00
20151030,22.51,22.60,21.60,22.10,3653345,162279856.00
20151102,20.95,22.10,20.45,20.99,5510599,234613936.00
20151103,21.00,21.35,20.58,20.79,2856984,119254864.00
20151104,20.96,22.15,20.95,22.09,5705779,248317520.00
20151105,21.95,22.85,21.73,22.09,5772752,257817552.00
20151106,22.30,23.26,22.30,22.92,5703927,260663680.00
20151109,22.96,25.21,22.70,24.28,9556655,465031936.00
20151110,23.95,25.40,23.73,24.57,7348374,364540608.00
20151111,24.23,24.84,23.98,24.55,5729427,279774688.00
20151112,24.55,27.01,24.55,27.01,10051316,530392288.00
20151113,26.80,28.33,25.20,26.26,10272788,552750336.00
20160315,23.63,23.63,23.63,23.63,199100,9429376.00
20160316,21.26,21.26,21.26,21.26,1704000,72624480.00
20160317,19.53,21.45,19.53,21.10,22607532,923145856.00
20160318,20.45,21.48,20.31,21.30,14842539,624784832.00
20160321,21.43,22.75,21.30,22.43,11879806,525519712.00
20160322,21.95,22.65,21.66,21.90,8116633,359231360.00
20160323,21.15,22.45,21.11,22.34,9414720,408739360.00
20160324,21.95,24.58,21.71,24.38,18981666,902834688.00
20160325,23.90,24.45,23.13,23.34,11209035,531612512.00
20160328,23.55,24.05,22.95,23.40,8880770,417724928.00
20160329,23.20,23.54,21.85,21.97,7256580,326422912.00
20160330,22.04,23.04,22.04,22.80,7065475,319252032.00
20160331,22.70,23.69,22.66,23.14,8286862,386012800.00
20160401,23.13,24.25,23.13,23.67,9609977,457158656.00
20160405,23.70,24.45,23.31,24.19,10417505,499127808.00
20160406,23.89,24.39,23.73,24.05,9992017,482364192.00
20160407,24.24,24.30,23.21,23.30,7413704,350675072.00
20160408,23.23,23.23,21.95,22.35,7856640,352731296.00
20160411,22.49,22.91,22.42,22.55,6229816,282610624.00
20160412,22.58,22.74,21.97,22.28,4139379,184487216.00
20160413,22.35,23.02,22.35,22.62,5606740,255326640.00
20160414,22.82,23.03,22.49,22.80,4172369,189982560.00
20160415,22.85,22.93,22.25,22.58,4941297,222815584.00
20160418,22.60,23.19,22.45,22.95,6600888,302801088.00
20160419,23.19,23.24,22.71,22.95,4698599,216130944.00
20160420,23.13,23.18,20.69,21.03,7962588,347191328.00
20160421,20.95,21.66,20.70,21.03,4405901,187362752.00
20160422,21.02,21.66,20.62,21.28,6918313,146956480.00
20160425,20.98,21.13,20.08,20.32,10036044,205779728.00
20160426,20.38,21.06,20.34,20.71,7385053,152903744.00
20160427,20.71,21.35,20.66,20.96,8630686,181952464.00
20160428,20.94,21.28,20.50,20.73,6465240,134783680.00
20160429,20.65,21.13,20.53,20.93,6980954,146392480.00
20160503,20.83,21.45,20.60,21.33,8593082,181765072.00
20160504,21.28,23.23,21.13,22.24,12927945,287370144.00
20160512,20.02,20.48,20.01,20.01,11769714,236482096.00
20160513,19.29,20.77,19.18,19.82,9102040,184231264.00
20160516,19.82,20.09,19.28,19.86,6418039,126163536.00
20160517,19.89,20.25,19.37,19.69,7257702,143694144.00
20160518,19.53,19.53,18.37,18.68,8509687,160524544.00
20160519,18.88,19.32,18.65,18.76,6946998,132085328.00
20160520,18.78,18.97,18.17,18.96,5264630,98339960.00
20160523,19.18,20.35,19.08,20.33,10892603,215607952.00
20160524,20.18,20.26,19.48,19.67,6887559,136918992.00
20160525,19.98,20.65,19.98,20.00,7088638,144037952.00
20160526,20.03,20.44,19.88,20.26,6026640,121467320.00
20160527,20.18,20.71,20.03,20.50,6870302,141014096.00
20160530,20.28,20.43,19.71,20.14,4173369,84212832.00
20160531,20.34,21.08,20.13,20.98,7833820,162854720.00
20160601,20.97,21.95,20.79,21.28,9700750,207059664.00
20160602,20.99,21.26,20.81,21.10,5958021,125157480.00
20160603,21.16,21.38,20.89,21.11,5538708,117181984.00
20160606,21.30,21.93,21.00,21.18,5814379,124607640.00
20160607,21.28,21.28,20.63,20.77,5080583,106092192.00
20160608,20.84,21.01,20.35,20.57,4563961,94117248.00
20160613,20.48,21.08,19.68,19.69,7412791,151087872.00
20160614,19.65,19.98,19.20,19.51,4060787,79585032.00
20160615,19.48,20.23,19.27,20.15,6947765,138889328.00
20160616,20.17,20.21,19.68,19.74,5429964,108163792.00
20160617,19.76,20.32,19.63,19.83,4665885,93336208.00
20160620,19.48,19.81,19.48,19.72,3390089,66485040.00
20160621,19.93,20.15,19.60,19.70,3560225,70847384.00
20160622,19.73,19.93,19.49,19.90,3311372,65317568.00
20160623,19.92,19.96,19.48,19.58,3511421,69207168.00
20160624,19.60,21.05,18.90,20.56,14360042,287525440.00
20160627,20.78,21.28,20.48,20.72,9909983,205825680.00
20160628,20.69,21.26,20.34,20.98,9667170,200530496.00
20160629,21.11,21.13,20.58,20.62,5386449,111897688.00
20160630,20.73,20.80,20.26,20.28,5362785,109573080.00
20160701,20.30,22.14,20.29,21.68,18612287,400117184.00
20160704,21.19,21.74,20.91,21.66,12068848,259579232.00
20160705,21.69,21.93,21.17,21.73,11031106,237720464.00
20160706,21.88,22.14,21.61,21.88,9750101,213472496.00
20160707,22.32,22.36,21.40,21.54,7268808,158610736.00
20160708,21.52,21.67,21.26,21.61,4598967,98712680.00
20160711,21.58,22.10,21.26,21.37,7434011,161987024.00
20160712,21.48,21.97,21.38,21.91,8798368,191890064.00
20160713,21.98,22.67,21.63,22.34,10150204,224913328.00
20160714,22.29,22.37,21.96,22.18,5623809,124581936.00
20160715,22.02,22.14,21.51,21.61,6878305,149652448.00
20160718,21.48,21.48,21.13,21.18,5163756,109778104.00
20160719,21.16,21.45,21.01,21.40,3691196,78570192.00
20160720,21.43,21.60,21.19,21.29,2904754,62081168.00
20160721,21.38,21.45,21.13,21.16,3667216,77937968.00
20160722,21.17,21.27,20.78,20.83,3841770,81015744.00
20160725,20.86,21.07,20.78,20.83,3657291,76418056.00
20160726,20.93,21.48,20.86,21.19,4123883,87631464.00
20160727,21.26,21.27,19.36,19.96,8620323,174062368.00
20160728,19.95,19.98,19.22,19.83,6141971,120815144.00
20160729,19.78,19.92,19.48,19.88,3689135,72961912.00
20160801,19.66,20.34,19.23,20.15,3685720,73156376.00
20160802,20.08,20.26,19.72,19.92,3280157,65441316.00
20160803,19.88,19.95,19.69,19.74,2032882,40307552.00
20160804,19.74,19.85,19.29,19.39,7326594,142722416.00
20160805,19.40,19.70,19.39,19.48,3597629,70436256.00
20160808,19.43,19.67,19.12,19.62,3206502,62381572.00
20160809,19.57,20.17,19.48,19.87,3366431,67143552.00
20160810,19.87,20.37,19.77,20.11,5181110,104215464.00
20160811,20.07,20.09,19.75,19.77,2806092,55729956.00
20160812,19.76,19.83,19.53,19.82,2567806,50523880.00
20160815,19.85,20.34,19.71,20.18,4234805,85245472.00
20160816,20.21,20.37,20.12,20.29,4460802,90441664.00
20160817,20.29,20.63,20.13,20.41,4239438,86400416.00
20160818,20.32,20.45,20.19,20.36,3712435,75525880.00
20160819,20.35,20.42,20.14,20.17,2486813,50428356.00
20160822,20.26,20.29,19.59,19.73,2980767,59567232.00
20160823,19.73,19.86,19.54,19.70,3566357,70341360.00
20160824,19.83,20.39,19.73,20.08,4561823,91723848.00
20160825,19.98,20.14,19.48,19.79,5176345,102639656.00
20160826,19.88,20.08,19.68,19.94,3211839,63974824.00
20160829,19.94,20.02,19.59,19.66,4486099,88608512.00
20160830,19.68,19.82,19.37,19.50,5408200,105626080.00
20160831,19.50,19.58,19.28,19.48,3973527,77288928.00
20160901,19.50,19.60,19.28,19.28,4216154,82026840.00
20160902,19.28,19.33,19.06,19.16,3914528,75235896.00
20160905,19.20,19.37,19.08,19.16,4557490,87620448.00
20160906,19.18,19.46,19.12,19.44,9613253,185549888.00
20160907,19.48,19.62,19.33,19.39,7519259,146460880.00
20160908,19.41,19.44,19.31,19.43,3850824,74724120.00
20160909,19.42,20.28,19.42,20.09,16191288,321058496.00
20160912,19.78,20.63,19.63,20.09,20248948,409808832.00
20160913,20.01,20.09,19.58,19.96,10070307,199868224.00
20160914,19.77,19.84,19.46,19.62,7095411,139678496.00
20160919,19.83,19.96,19.38,19.69,8573384,168169680.00
20160920,19.61,19.61,19.18,19.28,7291517,141135392.00
20160921,19.29,19.48,19.29,19.38,4066950,78938336.00
20160922,19.51,19.71,19.42,19.56,5378127,105382264.00
20160923,19.62,19.77,19.30,19.43,4891138,95756504.00
20160926,19.45,19.62,19.11,19.15,6463845,125504952.00
20160927,19.18,19.31,18.78,19.31,6596631,125404720.00
20160928,19.18,19.26,19.10,19.15,2683357,51518300.00
20160929,19.18,19.36,18.99,19.02,3924481,75318672.00
20160930,18.99,19.08,18.90,19.03,2994290,56885944.00
20161010,19.18,19.55,19.11,19.50,6251294,121069408.00
20161011,19.48,19.50,19.19,19.31,4531753,87420928.00
20161012,19.21,19.22,18.87,18.98,6268760,119141272.00
20161013,18.98,19.13,18.86,18.99,3965874,75317552.00
20161014,18.98,19.07,18.88,19.03,2825132,53720704.00
20161017,19.01,19.05,18.72,18.78,6860251,129608744.00
20161018,18.76,18.96,18.72,18.90,3277586,61866820.00
20161019,18.89,19.20,18.89,18.95,3601739,68516584.00
20161020,18.93,19.02,18.76,18.89,4001395,75520112.00
20161021,18.91,18.91,18.54,18.74,4703339,88059856.00
20161024,18.71,18.77,18.57,18.68,4896420,91441152.00
20161025,18.68,18.77,18.61,18.73,4174612,78100552.00
20161026,18.74,18.78,18.56,18.60,4248254,79254504.00
20161027,18.67,18.77,18.61,18.76,3499678,65548424.00
20161028,18.75,18.91,18.62,18.62,3455354,64827196.00
20161031,18.60,18.60,18.20,18.47,3758730,69112088.00
20161101,18.47,18.57,18.33,18.49,3759848,69454328.00
20161102,18.52,18.68,18.31,18.65,5180572,96184120.00
20161103,18.53,18.59,18.26,18.55,7253025,133761992.00
20161104,18.53,18.53,18.28,18.30,6267576,115245960.00
20161107,18.30,18.36,18.04,18.12,5312664,96658328.00
20161108,18.30,18.34,18.08,18.26,4385408,79908560.00
20161109,18.23,18.25,18.01,18.16,4819647,87583408.00
20161110,18.31,18.32,18.17,18.20,3582784,65359084.00
20161111,18.19,18.25,18.07,18.10,4730592,85796744.00
20161114,18.10,18.37,18.09,18.27,6231868,114078824.00
20161115,18.34,18.34,18.16,18.33,3784148,69155640.00
20161116,18.37,18.63,18.28,18.48,6342485,117370464.00
20161117,18.45,18.45,18.19,18.23,4474988,81802664.00
20161118,18.28,18.28,18.12,18.15,4028652,73219536.00
20161121,18.17,18.24,18.02,18.12,4411209,80190512.00
20161122,18.13,18.21,18.06,18.18,4143351,75173672.00
20161123,18.20,18.46,18.06,18.35,7907617,143850640.00
20161124,18.26,18.36,18.12,18.23,5528422,100802336.00
20161125,18.24,18.28,18.06,18.17,3943029,71576600.00
20161128,18.19,18.25,18.14,18.22,4359760,79393432.00
20161129,18.22,18.22,18.05,18.05,5001089,90687144.00
20161130,18.07,18.14,18.01,18.08,3699046,66889548.00
20161201,18.07,18.13,18.01,18.03,3402104,61523620.00
20161202,18.04,18.75,18.04,18.68,13732037,253234576.00
20161205,18.38,18.58,18.24,18.28,7242012,133371752.00
20161206,18.26,18.42,18.08,18.14,5161546,94201424.00
20161207,18.08,18.39,18.02,18.32,5855427,106748960.00
20161208,18.28,18.32,18.13,18.13,3424351,62325788.00
20161209,18.10,18.21,18.08,18.09,3312986,60073080.00
20161212,18.13,18.14,17.09,17.54,11105772,193201584.00
20161213,17.28,17.43,17.10,17.22,3015874,51953676.00
20161214,17.22,17.22,16.31,16.56,6752318,112376792.00
20161215,16.38,16.56,16.36,16.50,4522372,74524528.00
20161216,16.48,16.75,16.35,16.63,4246936,70533160.00
20161219,16.62,16.62,16.36,16.44,3454627,56952712.00
20161220,16.44,16.44,16.16,16.23,3241398,52685076.00
20161221,16.23,16.31,16.15,16.22,4512759,73167096.00
20161222,16.20,16.24,15.87,15.92,6734739,107750192.00
20161223,15.96,16.17,15.92,16.08,3588027,57615808.00
20161226,16.06,16.20,15.77,16.07,5860987,93387520.00
20161227,16.11,16.11,15.79,15.97,7354250,117050192.00
20161228,15.96,15.96,15.50,15.63,6080687,95375552.00
20161229,15.58,15.67,15.48,15.48,3664233,57174148.00
20161230,15.55,15.61,15.43,15.53,3310992,51497888.00
20170103,15.71,15.71,15.48,15.56,3675043,57188248.00
20170104,15.58,15.77,15.54,15.76,4014645,63048156.00
20170105,15.76,15.76,15.61,15.76,3496030,54802136.00
20170106,15.75,15.78,15.64,15.65,2842563,44676812.00
20170109,15.72,15.72,15.46,15.52,3000806,46601248.00
20170110,15.49,15.49,15.34,15.39,3581580,55128848.00
20170111,15.38,15.46,15.20,15.36,4373895,67115432.00
20170112,15.36,15.46,15.18,15.27,3408097,52220312.00
20170113,15.37,15.38,15.03,15.07,2746100,41737248.00
20170116,15.07,15.13,13.60,13.95,6859998,99037008.00
20170117,13.97,14.07,13.33,13.89,6567767,89962664.00
20170118,13.84,13.88,13.62,13.65,4174200,57240572.00
20170119,13.71,13.76,13.50,13.75,4098153,56049632.00
20170120,13.68,14.24,13.58,13.89,8596071,119774128.00
20170123,13.89,14.17,13.85,13.99,8414681,117567504.00
20170124,14.04,14.04,13.71,13.78,4912991,68150136.00
20170125,13.81,13.96,13.78,13.82,7207583,100045256.00
20170126,13.87,14.02,13.84,13.93,4501446,62803744.00
20170203,14.10,14.23,14.01,14.08,6328091,89259512.00
20170206,14.08,14.23,14.02,14.18,5507546,77888696.00
20170207,14.17,14.28,14.04,14.22,7175144,101879936.00
20170208,14.24,14.33,14.13,14.30,4834804,68838232.00
20170209,14.28,14.35,14.17,14.30,7099295,101323936.00
20170210,14.33,14.36,14.14,14.17,4727089,67255560.00
20170213,14.22,14.27,14.10,14.18,3858889,54838904.00
20170214,14.23,14.23,14.14,14.17,3544360,50330332.00
20170215,14.22,14.22,14.01,14.04,4760274,67237816.00
20170216,13.97,14.13,13.95,14.07,5309608,74696800.00
20170217,14.08,14.08,13.91,13.92,4254575,59542492.00
20170220,13.97,14.09,13.87,14.06,5656395,79199144.00
20170221,14.06,14.26,13.94,14.20,8795220,124233904.00
20170222,14.26,14.67,14.25,14.54,13809200,200663456.00
20170223,14.56,14.56,14.35,14.47,8003641,115597128.00
20170224,14.47,14.61,14.36,14.60,7320198,106367216.00
20170227,14.61,14.71,14.50,14.53,7482145,109330064.00
20170228,14.60,14.63,14.32,14.57,7977611,115641896.00
20170301,14.56,14.56,14.42,14.45,5230747,75840696.00
20170302,14.40,14.49,14.15,14.20,7297863,104266992.00
20170303,14.14,14.28,14.07,14.27,3881431,55109652.00
20170306,14.23,14.85,14.17,14.74,11432684,167028784.00
20170307,14.68,15.36,14.67,14.95,17394184,262213856.00
20170308,14.95,15.33,14.88,15.03,11318195,171417904.00
20170309,15.03,15.07,14.53,14.67,8766019,128990336.00
20170310,14.64,14.64,14.43,14.62,5997035,87251808.00
20170313,14.58,14.78,14.33,14.76,7135468,104109320.00
20170314,14.77,14.79,14.49,14.52,4907133,71803200.00
20170315,14.46,14.66,14.38,14.54,5159934,75178800.00
20170316,14.41,14.86,14.41,14.79,8266626,121217872.00
20170317,14.73,15.48,14.66,15.00,15851717,239961408.00
20170320,15.03,15.41,14.82,15.11,10845789,164291296.00
20170321,15.11,15.14,14.93,15.10,5367284,80851264.00
20170322,15.00,16.03,14.93,15.86,23442064,366337056.00
20170323,15.73,16.18,15.49,16.11,18930322,299404416.00
20170324,15.99,16.09,15.78,15.81,11098935,176696912.00
20170327,15.90,15.90,15.49,15.51,9548102,149023424.00
20170328,15.48,15.66,15.48,15.50,6821627,106377688.00
20170329,15.58,15.58,15.06,15.41,11612567,177176960.00
20170330,15.27,15.85,15.09,15.68,13877765,214681536.00
20170331,15.65,15.81,15.28,15.31,11779135,183425312.00
20170405,15.33,15.88,15.16,15.75,12353545,191641856.00
20170406,15.68,15.78,15.47,15.67,7774572,121668720.00
20170407,15.65,15.66,15.32,15.42,9152201,141269792.00
20170410,15.38,15.43,14.78,14.78,10430806,156776080.00
20170411,14.77,14.91,14.41,14.78,8024957,117622528.00
20170412,14.68,14.68,14.28,14.43,5690167,82612792.00
20170413,14.37,14.57,14.32,14.56,4380853,63454852.00
20170414,14.56,14.58,14.15,14.21,4188647,60039312.00
20170417,14.21,14.24,13.97,14.22,4619555,65134096.00
20170418,14.21,14.30,14.11,14.24,3243095,46170516.00
20170419,14.18,14.42,13.83,14.38,4607012,65078208.00
20170420,14.35,14.74,14.30,14.59,6725300,98004856.00
20170421,14.59,14.65,14.17,14.28,5327343,76698424.00
20170424,14.24,14.24,13.77,13.91,3922409,54863296.00
20170425,13.96,14.35,13.86,13.96,3807943,53661740.00
20170426,13.98,14.07,13.78,13.99,4206451,58690208.00
20170427,13.93,14.00,13.52,13.85,5146744,70736496.00
20170428,13.88,14.11,13.69,14.08,4495022,62567576.00
20170502,14.07,14.09,13.78,13.89,4568776,63558224.00
20170503,13.90,13.94,13.77,13.81,2267068,31425668.00
20170504,13.81,13.93,13.71,13.80,2300587,31876324.00
20170505,13.77,14.23,13.69,14.17,6109273,85875472.00
20170508,13.96,14.42,13.77,14.22,6816823,96238840.00
20170509,14.06,14.08,13.80,13.97,4164240,58129344.00
20170510,13.96,14.00,13.68,13.85,3894100,53976800.00
20170511,13.78,13.78,12.69,12.97,7291732,96096800.00
20170512,12.90,13.05,11.67,12.45,9642510,119512160.00
20170515,12.39,12.71,12.29,12.63,3483833,43675232.00
20170516,12.53,12.76,12.24,12.71,3204773,40200764.00
20170517,12.59,12.83,12.53,12.72,3210775,40880108.00
20170518,12.62,12.86,12.55,12.68,2581684,32967334.00
20170519,12.76,12.77,12.43,12.48,2424319,30513120.00
20170522,12.38,12.63,11.98,11.98,4303853,52662640.00
20170523,11.93,12.17,11.39,11.42,4248137,49949924.00
20170524,11.38,11.54,11.08,11.48,3847063,43684316.00
20170525,11.49,11.96,11.39,11.87,3771966,44088484.00
20170526,11.85,12.00,11.73,11.83,2891006,34390200.00
20170531,12.06,12.20,11.67,11.68,3031946,36011724.00
20170601,11.58,11.78,11.26,11.27,2640774,30422436.00
20170602,11.31,11.58,10.70,11.18,6821733,75265360.00
20170605,11.27,11.46,11.07,11.45,4244026,47895868.00
20170606,11.33,11.56,11.33,11.44,3009322,34510596.00
20170607,11.44,12.05,11.41,11.87,5550971,65394032.00
20170608,11.90,11.99,11.71,11.73,4930549,58349516.00
20170609,11.82,11.82,11.66,11.81,3104225,36443384.00
20170612,11.79,11.79,11.54,11.55,3521629,40939240.00
20170613,11.57,11.96,11.56,11.94,3910927,46245848.00
20170614,11.91,12.22,11.82,12.18,5214931,62613904.00
20170615,12.10,12.30,11.95,12.16,4342256,52648308.00
20170616,12.13,12.25,11.98,12.16,3476585,42146356.00
20170619,12.15,12.37,12.05,12.34,3858616,47281660.00
20170620,12.32,12.46,12.28,12.29,2787269,34552456.00
20170621,12.40,12.43,12.18,12.25,2324891,28452050.00
20170622,12.20,12.24,11.91,11.92,3832008,46328816.00
20170623,11.85,12.06,11.82,11.99,2466016,29394180.00
20170626,11.90,12.65,11.84,12.39,3747919,45291524.00
20170627,12.34,12.47,12.20,12.47,4548856,56039348.00
20170628,12.37,12.61,12.36,12.44,3304497,41246272.00
20170629,12.43,12.68,12.38,12.51,3138698,39466308.00
20170630,12.46,13.13,12.44,13.13,8121362,104111976.00
20170703,13.00,13.08,12.86,13.02,4084615,53044812.00
20170704,12.95,13.40,12.90,13.22,6909880,91276552.00
20170705,13.20,13.45,13.08,13.28,4528739,60188020.00
20170706,13.17,13.26,12.75,12.93,6353343,82279944.00
20170707,12.90,12.90,12.61,12.75,3101950,39480504.00
20170710,12.85,12.90,12.75,12.77,1899894,24351304.00
20170711,12.75,12.89,12.63,12.70,1768205,22558496.00
20170712,12.65,12.80,12.30,12.43,3153496,39417260.00
20170713,12.43,12.49,12.32,12.46,1878938,23288458.00
20170714,12.79,13.33,12.62,12.76,7564370,98141320.00
20170717,12.45,12.45,11.52,11.66,7395931,87757336.00
20170718,11.48,11.67,11.33,11.54,3767219,43289160.00
20170719,11.45,11.64,11.34,11.61,3114283,35786892.00
数据来源:通达信
