002761 多喜爱 日线 前复权
      日期	    开盘	    最高	    最低	    收盘	    成交量	    成交额
20150610,9.46,10.42,9.46,10.42,11800,123563.00
20150611,11.47,11.47,11.47,11.47,3400,39202.00
20150612,12.62,12.62,12.62,12.62,7400,93832.00
20150615,13.89,13.89,13.89,13.89,2600,36270.00
20150616,15.29,15.29,15.29,15.29,6900,105915.00
20150617,16.83,16.83,16.83,16.83,13900,234771.00
20150618,18.52,18.52,18.52,18.52,9600,178368.00
20150619,20.38,20.38,20.38,20.38,104808,2142275.50
20150623,22.42,22.42,22.42,22.42,41400,930672.00
20150624,24.67,24.67,24.67,24.67,7500,185475.00
20150625,27.14,27.14,27.14,27.14,29230,795056.00
20150626,29.86,29.86,29.86,29.86,2006291,60028228.00
20150629,30.94,30.94,26.87,26.87,15763762,446600128.00
20150630,24.19,29.56,24.18,29.56,15937742,424234016.00
20150701,29.14,32.52,28.99,31.12,11745500,369701248.00
20150702,28.24,33.94,28.24,31.12,11428335,353460704.00
20150703,28.92,33.60,28.00,30.94,9410336,282689952.00
20150706,34.04,34.04,28.94,32.79,9632725,312689248.00
20150707,29.94,36.08,29.51,36.08,9571569,301922464.00
20150708,32.47,32.47,32.47,32.47,932700,30340732.00
20150709,29.22,35.72,29.22,35.72,20449521,668178432.00
20150710,35.85,39.30,35.85,39.30,14020631,541533888.00
20150713,38.94,43.24,36.72,43.24,15364299,629298176.00
20150714,41.74,46.44,39.94,40.54,13706904,593524032.00
20150715,37.82,38.91,36.48,36.48,3530125,130987248.00
20150716,32.83,37.41,32.83,32.83,9246765,315547552.00
20150717,32.92,34.94,30.45,34.79,8901129,295527936.00
20150720,33.72,34.59,31.66,32.64,6684148,223048960.00
20150721,31.64,33.27,30.24,31.60,9818284,306832640.00
20150722,30.54,31.92,30.24,30.58,6437711,199913680.00
20150723,30.69,33.64,30.69,33.64,7769772,252190784.00
20150724,34.84,36.34,33.27,34.46,11911427,419501696.00
20150727,32.77,35.54,31.01,31.03,8172567,272596640.00
20150728,28.83,33.14,27.92,32.94,9044833,271925504.00
20150729,33.78,36.24,31.78,36.24,8213507,281197664.00
20150730,36.78,39.64,34.94,36.34,9087687,342481184.00
20150731,34.54,39.67,34.50,38.46,8286493,313457824.00
20150803,38.46,39.57,35.94,36.59,6883548,260555376.00
20150804,35.34,37.84,33.69,37.12,6550125,235518960.00
20150805,37.04,40.84,35.94,40.84,5689924,226687232.00
20150806,43.94,44.93,42.44,44.93,11435184,507682496.00
20150807,43.54,48.92,40.82,46.24,10883472,492287936.00
20150810,44.94,48.04,44.32,46.95,7858013,366003200.00
20150811,45.94,50.96,45.54,49.61,8494746,409926048.00
20150812,48.27,49.40,45.94,46.94,6595080,313019840.00
20150813,45.94,50.24,43.38,50.24,4464246,204332688.00
20150814,48.94,50.94,47.74,49.13,4773200,235631616.00
20150817,47.94,50.44,45.94,49.97,4609587,220308864.00
20150818,51.44,51.44,44.98,46.94,4422598,213234384.00
20150819,46.94,47.04,42.74,46.96,3124048,141689664.00
20150820,45.88,45.88,42.32,42.32,2150448,95095912.00
20150821,40.34,40.65,38.08,38.08,2475372,95881960.00
20150824,34.64,36.12,34.27,34.27,1013025,35018400.00
20150825,30.84,35.94,30.84,30.84,3300211,106703584.00
20150826,30.94,33.93,28.84,33.93,5828894,191561024.00
20150827,35.84,35.84,33.44,35.81,3906923,136828064.00
20150828,35.87,38.53,33.96,38.41,3814021,138511728.00
20150831,37.37,37.38,35.54,35.94,2060543,75624504.00
20150901,35.74,35.74,32.34,33.59,2315206,77702544.00
20150902,30.23,35.56,30.23,34.02,3188358,108351968.00
20150907,33.05,35.78,32.44,33.65,2707846,92737456.00
20150908,33.64,34.96,31.94,34.74,2120280,72987160.00
20150909,35.11,37.22,34.11,35.73,4222546,150256768.00
20150910,34.15,34.96,34.15,34.44,1630239,56454548.00
20150911,34.44,35.41,33.64,34.44,981808,33896060.00
20150914,34.45,34.79,30.99,30.99,1468399,47352152.00
20150915,31.29,31.29,29.49,30.24,1375288,41111860.00
20150916,31.04,33.24,30.05,32.79,2008689,63420204.00
20150917,32.79,32.82,30.74,30.84,1826244,58129044.00
20150918,31.94,31.94,30.22,30.87,1128709,34867140.00
20150921,30.87,31.52,29.55,31.37,1561818,48706564.00
20150922,31.34,33.44,30.54,33.08,3185386,103710816.00
20150923,32.82,32.95,31.14,32.04,1953432,62909976.00
20150924,32.05,32.59,31.94,32.26,1276166,41270584.00
20150925,32.33,33.44,31.44,32.50,1918414,62842044.00
20150928,33.24,33.33,31.74,32.91,1242335,40569864.00
20150929,32.05,32.60,31.94,32.53,1347877,43377396.00
20150930,32.66,32.92,32.51,32.80,957600,31362808.00
20151008,33.44,34.11,33.15,33.89,1112475,37600024.00
20151009,33.74,33.87,32.95,33.64,782932,26189264.00
20151012,33.14,36.92,33.14,36.34,2890147,101627440.00
20151013,35.42,36.04,34.90,35.84,2197475,78128784.00
20151014,35.94,36.69,35.29,35.90,1872908,67576920.00
20151015,36.56,39.24,35.94,37.79,3250445,122001752.00
20151016,37.67,38.62,36.65,37.79,3397792,127670904.00
20151019,38.17,41.58,36.94,41.58,5424898,215553040.00
20151020,43.67,43.67,39.16,40.27,5444502,225662448.00
20151021,39.74,39.87,36.24,37.14,5468636,207698416.00
20151022,37.64,37.69,35.43,37.62,3509099,129485872.00
20151023,38.17,38.54,36.78,37.94,4050019,153242464.00
20151026,38.44,38.55,36.94,38.01,3576455,135362288.00
20151027,38.94,38.94,35.44,37.39,4160064,154477376.00
20151028,36.24,36.80,34.84,35.12,4417640,158344288.00
20151029,35.15,35.64,34.60,35.19,2216749,77844952.00
20151030,35.24,35.47,34.54,35.39,2199068,77430856.00
20151102,34.94,37.04,34.71,35.79,5036209,181504736.00
20151103,35.74,35.84,33.94,35.04,3467880,121030312.00
20151104,35.24,37.04,34.76,36.92,8551820,309633184.00
20151105,36.94,37.74,35.94,36.18,6174690,226493520.00
20151106,36.19,37.62,35.84,37.46,6796280,252841232.00
20151109,37.52,39.80,37.24,39.44,10040246,387779136.00
20151110,38.64,39.34,37.47,38.33,6800104,261106560.00
20151111,38.09,40.41,37.59,40.14,9799006,385778784.00
20151112,39.74,43.22,39.61,42.15,10311800,427675680.00
20151113,40.94,41.74,37.93,37.94,8876077,349811328.00
20151116,36.44,37.81,35.65,37.61,4294598,158951536.00
20151117,37.81,38.46,36.60,36.74,4411592,166454432.00
20151118,36.44,37.31,35.64,35.69,2958936,107904936.00
20151119,35.84,36.79,35.79,36.75,3133634,114214680.00
20151120,36.90,36.92,36.02,36.40,3032351,110764720.00
20151123,36.40,37.24,35.95,37.03,3060971,113239688.00
20151124,37.16,39.44,36.88,38.69,4858217,184508496.00
20151125,38.10,38.89,37.95,38.34,4012892,153958544.00
20151126,38.35,39.84,37.70,37.85,4343028,168800928.00
20151127,37.78,37.78,34.14,34.44,4155853,149988800.00
20151130,34.19,35.02,31.96,34.70,3335660,113299320.00
20151201,34.44,35.39,34.10,34.76,2342604,81831856.00
20151202,34.79,34.84,31.94,34.19,1782182,60537360.00
20151203,34.44,35.67,33.86,35.63,2107514,74341760.00
20151204,35.33,39.20,35.02,39.20,7617127,288990304.00
20151207,40.15,43.13,39.94,43.13,10459675,440853760.00
20151208,43.93,44.94,41.27,42.69,12504438,539110656.00
20151209,42.14,46.97,42.12,46.97,12320258,558474688.00
20151210,46.04,49.81,44.94,47.24,10644986,500715712.00
20151211,46.95,49.44,45.02,47.39,9037408,431164704.00
20151214,45.69,51.82,45.32,49.74,8334958,406911520.00
20151215,48.94,50.94,44.76,47.81,8053810,392165888.00
20151216,47.78,52.60,47.09,52.60,12416562,630950848.00
20151217,52.94,54.93,51.54,52.93,12143525,645283072.00
20151218,52.94,54.94,47.64,49.18,17956766,906936192.00
20151221,47.39,47.39,45.79,46.40,9705013,450650848.00
20151222,46.24,47.24,46.00,46.75,5455040,253966112.00
20151223,46.75,46.79,44.94,45.63,6345826,288960480.00
20151224,45.44,45.63,44.12,45.29,4045387,181430384.00
20151225,45.64,46.20,44.80,45.62,4036237,183924512.00
20151228,46.03,46.09,44.61,44.82,3943599,179026064.00
20151229,44.84,45.43,42.95,45.14,4103782,181121968.00
20151230,44.83,45.41,44.40,44.85,3111838,140001168.00
20151231,44.66,44.74,42.44,42.46,3789632,164960512.00
20160104,42.74,42.88,38.21,38.21,2449123,98260856.00
20160105,35.14,38.24,35.02,37.83,4521289,165417600.00
20160106,37.97,39.77,37.08,38.93,3664755,141567200.00
20160107,38.94,38.94,35.03,35.03,817778,30388908.00
20160108,35.84,36.64,31.64,34.72,3621211,126751608.00
20160111,33.54,34.38,31.24,31.24,3026298,98868848.00
20160112,31.24,31.89,29.69,31.27,2635686,81541656.00
20160113,31.59,32.34,29.92,29.95,2721155,85669288.00
20160114,28.93,32.08,28.26,32.02,4325754,134655888.00
20160115,31.74,31.92,28.94,29.20,4388289,134571968.00
20160118,28.64,30.42,27.97,29.60,2974931,88206448.00
20160119,29.35,31.30,29.30,31.10,3840211,117308344.00
20160120,30.88,31.42,30.44,30.94,3398238,105502632.00
20160121,30.37,31.01,29.15,29.21,2629147,79664752.00
20160122,29.46,29.88,28.67,29.60,2359093,69483272.00
20160125,30.19,30.84,29.76,30.25,2267198,68860056.00
20160126,29.75,29.93,27.22,27.22,2992419,85495920.00
20160127,27.71,27.71,24.60,26.24,2670180,69513672.00
20160128,25.94,26.44,24.24,24.58,1994937,51081504.00
20160129,24.44,27.04,24.35,26.59,3415058,90172272.00
20160201,25.99,29.26,25.82,29.26,5795037,159995312.00
20160202,29.69,31.79,28.90,30.24,6213183,187046448.00
20160203,29.82,29.90,28.32,29.26,4463396,130114816.00
20160204,29.12,30.23,28.95,29.18,3906420,116111160.00
20160205,29.14,29.43,28.34,28.35,2449561,70722896.00
20160215,27.64,29.46,26.65,28.45,2327340,65206792.00
20160216,28.47,30.44,28.45,29.97,3617443,107252464.00
20160217,29.94,30.42,29.39,30.37,3957553,118836704.00
20160218,30.46,30.91,29.76,29.84,3456634,104297824.00
20160219,29.82,30.37,29.62,30.24,2580154,77381552.00
20160222,30.61,32.64,30.54,32.08,4748088,150174464.00
20160223,31.85,31.85,30.59,31.05,3320731,103677568.00
20160224,30.94,31.43,29.54,31.17,3823563,117585632.00
20160225,31.04,31.04,28.05,28.05,3434168,100487768.00
20160226,28.09,28.35,26.80,27.54,2585654,71462056.00
20160229,27.52,27.52,24.79,25.33,2178167,55853364.00
20160301,25.33,26.49,24.28,25.94,2344001,59478372.00
20160302,25.44,27.34,25.44,27.04,2427452,64491692.00
20160303,26.78,27.52,26.71,26.77,2372975,64353072.00
20160304,26.75,26.95,24.97,25.53,1991002,52158464.00
20160307,25.79,26.64,25.66,26.34,1718021,45055652.00
20160308,26.14,27.44,24.94,26.90,2495676,65517504.00
20160309,26.34,26.76,25.74,26.04,1877993,49321424.00
20160310,26.03,26.41,25.56,25.67,1356972,35331136.00
20160311,25.34,27.43,25.17,26.82,3644778,97092784.00
20160314,27.26,29.44,26.94,28.84,5212840,148432016.00
20160315,28.44,28.44,27.44,28.14,3648991,102484808.00
20160316,28.44,30.39,27.96,28.44,5423485,158078976.00
20160317,28.44,29.94,28.21,29.44,5200004,151595456.00
20160318,29.14,30.88,29.00,30.14,5943916,177765472.00
20160321,30.29,30.88,29.74,30.72,5368754,162712640.00
20160322,30.12,31.30,30.04,30.79,5399383,166923744.00
20160323,30.95,31.38,30.27,30.95,3080760,94870008.00
20160324,29.98,30.72,29.74,29.74,3703475,111849864.00
20160325,29.49,32.72,29.32,32.72,10693280,339076192.00
20160328,32.74,34.74,31.87,33.62,12690427,423234560.00
20160329,32.74,32.93,30.52,30.87,7076093,225387600.00
20160330,30.99,32.74,30.96,32.34,4786228,152356976.00
20160331,32.34,33.03,31.99,32.49,5378368,175589440.00
20160401,32.33,32.33,30.94,31.22,3306652,104144288.00
20160405,31.04,32.60,31.04,32.19,3080502,98882368.00
20160406,32.19,33.05,31.86,33.01,4599291,149590864.00
20160407,33.43,36.32,33.43,36.32,11330649,399797536.00
20160408,36.94,39.76,36.32,39.76,11751780,448007104.00
20160411,41.94,43.74,41.94,43.74,9803413,423853056.00
20160412,45.06,47.62,42.87,43.79,15150708,684896576.00
20160413,43.03,45.23,42.44,44.26,12248390,538496256.00
20160414,45.14,48.44,43.84,46.37,11214087,521621184.00
20160415,44.86,45.36,43.14,44.14,8483558,374569440.00
20160418,43.97,44.42,41.94,43.53,5111988,220298928.00
20160419,43.53,44.26,42.24,43.34,5075742,219815312.00
20160420,43.57,43.57,39.00,39.49,6662640,270558368.00
20160421,39.23,39.38,38.16,38.53,4709581,182244576.00
20160422,38.84,39.04,38.24,38.98,3225798,125315992.00
20160425,39.01,41.59,37.46,41.54,5952794,236177136.00
20160426,40.73,42.60,40.45,40.86,4443902,183746048.00
20160427,40.89,41.54,40.44,40.60,3103919,127142704.00
20160428,39.95,42.54,39.14,42.24,5146251,213466704.00
20160429,41.34,43.31,40.74,41.00,3218811,135394816.00
20160503,40.44,42.81,39.44,42.55,3531359,145921216.00
20160504,41.88,44.49,41.65,44.08,5865067,254781440.00
20160505,43.49,44.15,42.69,43.72,3647625,158276976.00
20160506,43.25,44.14,39.98,40.54,3898850,164710096.00
20160509,39.88,39.88,37.34,37.50,3079652,117992712.00
20160510,38.23,39.50,36.80,37.47,2665589,101358056.00
20160511,37.82,38.33,35.74,36.39,2624165,96636672.00
20160512,35.35,37.21,34.55,37.00,2676460,96469264.00
20160513,37.00,37.74,35.97,36.99,2243521,83317344.00
20160516,36.83,37.54,36.16,37.19,2730946,101462640.00
20160517,36.84,37.56,35.97,36.79,2546682,94007456.00
20160518,36.33,37.92,35.98,37.85,3538253,131030728.00
20160519,37.74,38.93,37.34,38.30,4317292,165124432.00
20160520,36.94,38.29,36.45,37.84,3025110,113541488.00
20160523,38.34,40.62,38.02,39.39,5013819,197192448.00
20160524,38.74,39.69,37.57,38.36,4028395,155803760.00
20160525,38.38,38.76,37.79,38.15,2293100,87667104.00
20160526,37.68,38.36,36.10,37.88,2311098,86615152.00
20160527,37.78,38.58,37.33,37.97,2930681,111327024.00
20160530,37.28,37.87,36.20,36.53,3257225,120217120.00
20160531,36.21,37.89,36.21,37.74,3988169,148793424.00
20160601,38.78,41.52,38.66,40.11,6319874,254460544.00
20160602,39.96,42.95,39.36,42.63,7180709,295726624.00
20160603,42.11,42.63,41.13,41.16,4694487,195302432.00
20160606,40.97,41.81,40.64,40.95,3044407,125583632.00
20160607,41.13,41.13,39.36,40.57,4257233,171206288.00
20160608,40.08,42.69,40.08,42.09,6514100,272156416.00
20160613,40.98,41.18,37.88,37.88,4385172,174435296.00
20160614,36.27,37.57,36.27,37.08,2951410,109341872.00
20160615,36.29,38.93,36.08,37.97,3168863,121287664.00
20160616,37.99,38.53,37.18,37.34,2880487,108088088.00
20160617,37.28,38.39,37.28,37.68,2776084,104828016.00
20160620,37.68,38.17,37.26,37.85,2492261,94196784.00
20160621,37.58,38.19,37.00,37.46,3364818,126390344.00
20160622,37.09,38.28,36.58,38.08,2605835,97854824.00
20160623,38.25,39.94,37.95,39.84,4645845,180342528.00
20160624,39.88,40.66,36.98,38.27,5363556,210600944.00
20160627,37.33,39.45,37.32,38.98,3148404,121852280.00
20160628,38.49,41.91,38.27,40.28,6956242,279490752.00
20160629,40.12,41.02,39.36,40.26,5730004,230775440.00
20160630,40.26,41.47,39.73,40.36,3632971,147532560.00
20160701,40.53,41.34,40.08,40.08,3561119,144672656.00
20160704,39.28,40.70,39.20,40.61,3033019,121425096.00
20160705,40.63,41.21,40.34,40.38,3361192,137008432.00
20160706,40.37,40.96,39.24,40.38,3511990,140699664.00
20160707,40.18,41.93,39.64,41.19,5093505,209540656.00
20160708,41.21,41.87,40.18,40.18,3019503,123472648.00
20160711,40.78,40.98,39.42,39.50,2520322,101014072.00
20160712,39.98,39.98,38.68,39.63,1852813,73113320.00
20160713,40.08,42.80,39.26,42.80,5126349,209328368.00
20160714,41.98,42.70,41.36,41.80,5269908,222458784.00
20160715,41.39,41.78,40.49,40.76,2634491,108071424.00
20160718,41.03,42.37,40.64,41.93,3056699,127222528.00
20160719,41.67,42.60,41.26,41.52,2199724,91773264.00
20160720,41.52,42.08,41.28,41.68,2261409,94551656.00
20160721,41.97,43.83,41.54,43.01,4885821,208968192.00
20160722,43.02,43.02,40.98,41.87,3549277,148337376.00
20160725,41.88,42.08,41.23,41.60,1415290,59013808.00
20160726,40.96,41.77,39.91,41.43,3083534,125840104.00
20160727,41.27,41.31,38.36,38.43,2638772,104519384.00
20160728,38.69,39.37,38.23,38.42,1671052,64950740.00
20160729,38.44,39.16,38.44,38.72,970417,37663148.00
20160801,38.50,38.92,36.88,38.68,1551182,58553224.00
20160802,38.58,39.89,38.48,39.50,1206773,47523908.00
20160803,39.50,42.98,39.50,41.89,3814779,157282624.00
20160804,41.68,42.96,41.38,41.94,2957507,125038688.00
20160805,41.72,42.88,41.18,41.18,1582285,66231300.00
20160808,41.19,41.53,39.48,41.47,1651140,67775920.00
20160809,41.28,42.38,40.86,41.53,1618920,67219272.00
20160810,40.91,41.83,40.57,41.14,1502839,61752832.00
20160811,41.14,41.50,39.98,40.04,1148401,46628804.00
20160812,39.98,41.18,39.98,40.92,1165126,47579264.00
20160815,40.94,41.99,40.94,41.69,1725827,71925584.00
20160816,41.69,41.97,41.38,41.63,1364932,56932356.00
20160817,41.64,45.80,41.63,45.77,5765896,253849168.00
20160818,45.01,45.97,44.40,45.73,4088864,183992736.00
20160819,45.43,45.63,44.21,45.01,2692765,120686000.00
20160822,44.95,47.31,44.03,44.06,2817611,128813712.00
20160823,43.98,44.88,43.08,44.06,2661519,116267272.00
20160824,44.38,44.53,43.54,43.68,1260617,55330780.00
20160825,42.92,44.38,42.49,43.75,1904141,82900520.00
20160826,44.08,45.93,43.99,44.33,1863436,83777184.00
20160829,44.67,44.77,43.65,43.86,1118478,49574736.00
20160830,44.36,44.36,43.38,44.24,955139,41954656.00
20160831,44.26,44.35,43.48,43.97,629198,27595238.00
20160901,44.38,44.51,43.48,43.94,920829,40521636.00
20160902,43.58,44.53,42.68,44.46,1025638,45065364.00
20160905,44.18,45.76,44.04,45.45,1496364,67700168.00
20160906,44.98,45.96,43.59,45.78,2567542,114994024.00
20160907,45.97,46.27,44.99,44.99,1724768,78627888.00
20160908,45.00,45.33,44.27,44.54,1117432,49981504.00
20160909,44.16,44.88,43.69,43.91,1744051,76921120.00
20160912,42.98,43.56,42.48,42.99,1204457,51936696.00
20160913,43.58,43.58,42.89,43.05,424444,18338754.00
20160914,43.02,43.02,41.98,42.34,743222,31661304.00
20160919,42.34,42.66,41.69,41.94,1631174,68662392.00
20160920,41.87,42.66,41.75,42.57,1349782,57312420.00
20160921,42.67,42.95,41.69,42.56,1537720,64948216.00
20160922,42.66,42.77,42.15,42.18,663402,28214270.00
20160923,42.15,42.38,41.16,41.28,950701,39574232.00
20160926,41.48,41.63,40.86,40.96,823888,33983412.00
20160927,40.78,41.23,40.49,41.00,574980,23504784.00
20160928,40.96,40.97,39.97,40.22,1013803,41003260.00
20160929,40.14,40.61,39.72,39.89,917383,36707032.00
20160930,40.08,40.11,39.59,40.09,413692,16554594.00
20161010,40.45,41.96,40.45,41.63,1062175,44068804.00
20161011,41.48,41.78,41.13,41.41,579392,23991668.00
20161012,41.36,41.36,40.66,41.10,712202,29177206.00
20161013,40.98,41.27,40.74,40.98,527300,21642938.00
20161014,40.48,41.01,39.88,40.48,1002400,40317144.00
20161017,40.38,41.46,40.18,40.66,890020,36416360.00
20161018,40.69,41.35,40.48,40.98,1086655,44533568.00
20161019,41.03,41.27,40.50,40.67,733435,29969364.00
20161020,40.77,40.85,40.38,40.52,725889,29485492.00
20161021,40.73,41.47,40.48,41.42,1456015,59832300.00
20161024,41.36,42.11,40.99,41.64,1246571,51987928.00
20161025,41.64,43.42,41.39,43.23,2734754,116492888.00
20161026,42.94,43.35,42.20,42.98,1676856,71695088.00
20161027,43.08,43.18,42.48,42.98,957216,41017632.00
20161028,42.78,43.36,42.58,42.59,1135774,48988304.00
20161031,42.59,43.22,41.98,42.55,829933,35079604.00
20161101,42.56,42.95,42.05,42.61,983774,41723652.00
20161102,42.61,43.77,42.50,42.99,1387302,59909024.00
20161103,42.59,44.28,42.38,43.86,2077793,90688880.00
20161104,43.78,44.96,43.58,44.43,1972968,87556568.00
20161107,44.14,45.98,44.14,45.48,2349368,106760304.00
20161108,45.41,45.57,44.79,45.29,1594707,72235064.00
20161109,45.40,45.74,43.63,44.78,1696573,76526752.00
20161110,44.98,45.48,44.75,45.25,1026873,46318524.00
20161111,45.26,45.37,44.13,44.73,1151108,51247484.00
20161114,44.48,45.00,43.68,44.88,1115216,49518492.00
20161115,44.83,44.83,43.46,43.87,844202,37111732.00
20161116,43.87,44.48,43.70,43.83,822088,36210036.00
20161117,43.84,44.26,43.06,44.07,873439,38177284.00
20161118,44.19,44.76,43.84,43.91,967970,42778804.00
20161121,43.78,45.31,43.78,45.12,1849700,82346224.00
20161122,44.98,45.48,44.70,45.43,1720906,77540040.00
20161123,45.43,45.43,43.47,44.13,1973936,87378112.00
20161124,44.22,44.22,42.73,43.76,1524738,66147988.00
20161125,43.46,43.66,42.18,43.29,736801,31642464.00
20161128,43.29,43.66,43.00,43.09,518514,22414212.00
20161129,43.32,43.33,42.28,42.28,757192,32520900.00
20161130,42.33,43.05,42.02,42.28,905987,38626388.00
20161201,42.18,42.99,42.03,42.25,1088027,46173632.00
20161202,42.24,42.45,40.51,40.94,888265,36809960.00
20161205,40.75,41.14,40.48,40.68,552611,22595530.00
20161206,40.89,42.08,40.58,41.76,1499979,62161952.00
20161207,41.88,42.26,41.42,41.83,612820,25710732.00
20161208,41.82,42.13,41.68,41.73,344765,14444060.00
20161209,41.68,41.87,40.66,41.03,784245,32250514.00
20161212,41.04,44.45,41.04,42.28,3970893,168603328.00
20161213,42.33,42.40,38.05,39.00,4492942,174174832.00
20161214,39.00,41.62,38.68,39.08,3394171,136080144.00
20161215,38.46,40.63,37.48,40.40,2169046,85465456.00
20161216,40.03,40.28,39.21,39.68,873587,34746464.00
20161219,39.48,40.18,38.83,39.39,1108814,43803724.00
20161220,39.28,40.17,38.91,39.83,990031,39275540.00
20161221,40.15,40.20,39.63,39.81,721932,28868936.00
20161222,39.58,40.64,39.56,40.29,1284030,51669632.00
20161223,40.29,41.88,39.98,41.48,1354672,55626548.00
20161226,40.98,41.57,40.70,41.46,597350,24568280.00
20161227,41.46,42.13,41.08,41.18,508859,21203058.00
20161228,41.78,42.08,40.66,41.03,801357,33161050.00
20161229,40.88,41.66,40.58,41.35,540248,22399174.00
20161230,41.29,41.78,40.68,40.84,315440,12986489.00
20170103,40.84,41.46,40.34,40.94,383672,15686136.00
20170104,40.96,42.16,40.90,42.16,741240,30920126.00
20170105,41.98,42.57,41.81,42.36,660739,27835950.00
20170106,41.76,43.58,41.76,43.15,1210465,52205432.00
20170109,42.98,43.70,42.83,43.34,460100,19964792.00
20170110,43.20,47.68,42.99,47.68,2323526,105624792.00
20170317,43.98,51.27,43.98,50.05,9679984,458080544.00
20170320,48.67,55.06,48.67,55.06,6034591,324749824.00
20170321,52.45,55.14,52.21,53.58,4755361,255377360.00
20170322,52.68,55.87,52.40,54.82,4810822,262730560.00
20170323,54.48,57.78,52.79,53.96,3689035,203749488.00
20170324,53.49,55.45,52.72,53.05,2770996,149643456.00
20170327,54.48,58.12,54.48,56.79,4785819,270855936.00
20170328,56.98,57.09,53.98,55.53,2305413,129391752.00
20170329,55.98,58.33,55.19,55.50,2515598,142080944.00
20170330,56.33,57.48,54.53,55.88,1442223,80466096.00
20170331,55.98,58.89,55.16,57.45,1622409,91838672.00
20170405,57.78,58.05,55.99,57.02,1016138,57897692.00
20170406,56.62,59.98,56.62,58.88,1124962,66006228.00
20170407,58.58,62.48,57.98,62.11,1451396,88545824.00
20170410,61.98,64.98,60.58,60.60,1536221,95352520.00
20170411,61.44,61.83,58.98,61.30,763323,46068028.00
20170412,61.98,62.64,58.48,59.08,884283,53054188.00
20170413,59.06,59.06,56.38,57.55,499822,28719614.00
20170414,57.88,60.08,57.10,58.80,465982,27467618.00
20170417,58.59,59.47,52.92,52.92,1122016,61288196.00
20170418,52.98,54.85,51.01,52.18,1239753,66204684.00
20170419,51.98,53.47,51.98,53.29,508610,26851498.00
20170420,53.12,54.23,52.52,52.75,284174,15136001.00
20170421,52.58,53.93,52.08,53.22,242074,12874693.00
20170424,52.59,56.75,52.09,55.06,556810,30417754.00
20170425,55.13,55.86,54.64,55.06,320423,17668672.00
20170426,54.42,55.74,54.42,55.11,325128,17923262.00
20170427,55.88,55.88,54.53,54.99,385539,21175244.00
20170428,54.99,55.08,54.52,54.98,285801,15647135.00
20170502,54.98,60.48,54.07,58.84,728282,42185300.00
20170503,58.92,59.20,56.66,57.35,883130,50720136.00
20170504,57.03,60.98,55.98,60.83,1064519,63685456.00
20170505,60.53,64.78,60.09,60.96,1351178,84031376.00
20170508,60.45,61.88,56.88,57.28,923372,54503752.00
20170509,57.28,57.63,51.55,55.23,1461589,78518104.00
20170510,56.58,56.58,51.98,53.16,613685,33031226.00
20170511,53.18,53.83,51.48,52.28,480800,25170080.00
20170512,52.03,54.66,52.03,52.80,458826,24472908.00
20170515,52.80,54.33,52.39,53.32,353500,19001988.00
20170516,53.00,54.38,53.00,54.17,714927,38502660.00
20170517,54.16,54.60,53.26,53.48,430199,23132458.00
20170518,53.48,54.16,48.13,48.13,1578581,78849672.00
20170519,47.95,48.13,44.98,46.87,1324962,62068788.00
20170522,47.06,47.61,42.33,42.98,1226969,54977592.00
20170523,42.92,42.92,38.68,38.68,3172419,124483800.00
20170524,36.42,36.42,34.81,34.81,3794822,132520248.00
20170525,33.82,34.97,32.49,33.06,4381021,147658304.00
20170526,33.28,33.28,31.86,32.48,3710859,120508256.00
20170531,32.67,33.22,29.58,30.35,5643950,177353040.00
20170601,30.28,30.38,27.31,27.31,6460900,185663680.00
20170616,30.04,30.04,30.04,30.04,712691,21423492.00
20170619,30.74,33.05,30.49,33.05,9424114,303112128.00
20170620,34.98,36.36,34.89,36.36,12435614,445100416.00
20170621,36.98,37.36,34.48,35.38,9422821,333909600.00
20170622,35.79,35.79,33.74,34.23,6649624,228863184.00
20170623,34.19,34.27,33.05,33.77,4603149,154425120.00
20170626,33.78,37.15,33.50,37.15,7917848,283489408.00
20170627,38.18,40.48,38.15,38.41,11162234,434963680.00
20170628,39.13,39.13,37.38,38.62,5644070,216785760.00
20170629,38.28,38.88,37.98,38.61,4845571,186425408.00
20170630,38.98,39.04,37.95,38.07,3207656,122453392.00
20170703,38.09,38.30,37.32,37.85,2444372,92012800.00
20170704,37.98,40.78,37.35,38.98,4523350,174221296.00
20170705,39.03,39.18,38.23,38.39,3017100,116279400.00
20170706,38.84,38.96,37.40,37.54,3489789,133058608.00
20170707,37.92,38.04,35.58,35.76,4073043,149024128.00
20170710,35.76,37.26,35.76,36.06,3271564,118976984.00
20170711,36.08,36.31,33.22,33.47,4212484,143172000.00
20170712,33.36,33.37,31.25,32.49,3585131,115660352.00
20170713,32.45,32.45,31.05,31.42,3508653,110695256.00
20170714,31.37,34.56,31.16,34.56,9759666,327527520.00
20170717,34.25,34.58,31.10,32.30,6646432,216481360.00
20170718,31.80,35.53,31.50,35.53,7928074,268636992.00
20170719,36.75,38.57,36.02,36.97,11672264,433952928.00
数据来源:通达信
