002772 众兴菌业 日线 前复权
      日期	    开盘	    最高	    最低	    收盘	    成交量	    成交额
20150626,7.45,8.97,7.45,8.97,22401,417298.84
20150629,9.89,9.89,9.89,9.89,17200,354148.00
20150630,10.89,10.89,10.89,10.89,26900,609285.00
20150701,12.00,12.00,12.00,12.00,10100,251692.00
20150702,13.21,13.21,13.21,13.21,63700,1746017.00
20150703,14.55,14.55,13.57,14.55,12046807,359911264.00
20150706,16.02,16.02,15.46,16.02,10802382,357390528.00
20150707,14.56,14.61,14.40,14.40,2384600,71348920.00
20150708,12.95,12.95,12.95,12.95,768900,20660344.00
20150709,11.64,14.26,11.64,14.26,15918619,429227040.00
20150710,15.45,15.70,15.14,15.70,3665461,117554432.00
20150713,17.29,17.29,16.67,17.29,6228938,221965072.00
20150714,18.23,19.03,17.77,19.03,11790760,458117568.00
20150715,18.86,18.86,17.12,17.12,10579212,385123328.00
20150716,15.39,17.89,15.39,15.85,13281993,441488064.00
20150717,16.03,17.40,15.50,17.12,10268606,351031072.00
20150720,16.58,17.12,15.52,15.98,9973500,338529728.00
20150721,15.50,17.30,15.22,16.85,9742969,329405984.00
20150722,16.81,17.23,16.13,16.52,7914616,274119904.00
20150723,16.33,18.19,16.19,18.19,7801884,277748480.00
20150724,19.33,20.02,18.45,19.10,17337773,699766912.00
20150727,18.13,20.40,17.17,17.17,13686403,539473280.00
20150728,15.84,18.12,15.44,16.76,10358147,352999616.00
20150729,17.10,18.46,16.33,18.46,9255462,332559328.00
20150730,18.95,20.32,18.59,19.91,15027754,622010432.00
20150731,18.91,21.92,18.81,21.92,17312804,749616128.00
20150803,21.92,24.13,20.94,24.13,16838476,795190848.00
20150804,24.76,25.41,21.70,21.70,18986271,882807680.00
20150805,20.32,23.83,20.32,23.30,14874232,687140800.00
20150806,22.38,22.90,20.95,21.54,11461228,514357632.00
20150807,21.54,22.03,20.67,21.33,9724662,431732608.00
20150810,21.25,22.20,20.96,22.03,9795342,440126944.00
20150811,21.91,23.35,21.73,22.90,11202011,526423904.00
20150812,22.37,22.90,20.81,21.08,8641279,389993184.00
20150813,20.91,21.49,20.03,21.12,6122336,263703616.00
20150814,21.16,21.79,20.81,21.30,5818104,255655136.00
20150817,21.19,21.44,20.42,20.54,4617556,197918752.00
20150818,20.54,21.44,18.48,18.49,6250333,260808864.00
20150819,17.93,19.04,16.85,18.81,5696008,214161152.00
20150820,18.37,18.67,17.40,17.40,3840464,142438432.00
20150821,17.13,17.40,16.03,16.06,3724405,128865232.00
20150824,15.44,15.44,14.44,14.44,3110401,94170232.00
20150825,13.02,15.60,13.02,13.55,6704828,196608384.00
20150826,13.99,14.92,13.74,14.92,9779457,296003680.00
20150827,15.30,15.69,14.23,15.54,8484854,263684112.00
20150828,15.20,16.47,14.73,16.00,9120089,292068544.00
20150831,15.69,15.69,14.39,14.39,5378931,166800368.00
20150901,13.89,13.89,12.94,12.94,4449516,122211816.00
20150902,12.17,13.60,11.83,12.28,4771562,127310160.00
20150907,12.74,13.25,12.22,12.30,3317447,87570472.00
20150908,12.30,13.55,12.21,13.55,6860402,188782240.00
20150909,14.10,14.75,13.93,14.28,8343312,246522944.00
20150910,13.99,14.13,13.50,13.57,4415045,126806416.00
20150911,13.33,13.97,13.33,13.89,3233354,92205712.00
20150914,13.84,13.86,12.48,12.48,3541151,95978456.00
20150915,11.94,12.52,11.34,11.50,3930441,97314000.00
20150916,11.80,12.67,11.71,12.67,4777522,121296520.00
20150917,12.74,12.96,12.17,12.28,5724471,149037984.00
20150918,12.36,12.52,12.05,12.33,2612128,66643932.00
20150921,12.33,12.93,12.09,12.88,3993082,104959664.00
20150922,12.91,13.15,12.68,12.96,4276746,115036648.00
20150923,12.74,13.74,12.67,13.54,5842907,161444288.00
20150924,13.54,13.87,13.27,13.46,4309397,121184048.00
20150925,13.25,13.48,12.43,12.52,3340810,89289800.00
20150928,12.58,13.06,12.58,12.99,2166486,57760224.00
20150929,12.91,12.91,12.48,12.63,2051901,54011128.00
20150930,12.60,12.86,12.52,12.70,1640919,43274868.00
20151008,13.30,13.62,13.18,13.48,3988770,111019656.00
20151009,13.45,13.74,13.31,13.64,3663597,103210568.00
20151012,13.90,14.77,13.90,14.50,5679644,168184864.00
20151013,15.93,15.97,15.34,15.97,4323833,142055616.00
20151014,17.20,17.58,16.91,17.58,5265755,190109168.00
20151015,18.62,19.35,17.65,18.40,15881827,602395840.00
20151016,18.01,18.33,17.92,18.22,10612310,397228704.00
20151019,17.92,19.59,17.62,18.63,12989536,495893536.00
20151020,18.21,18.36,17.69,18.16,7939428,296065696.00
20151021,18.27,18.98,16.42,16.44,9693233,359275776.00
20151022,16.45,17.12,16.14,17.08,7757688,267425584.00
20151023,17.01,17.47,16.92,17.36,6293994,223687824.00
20151026,17.57,17.88,17.01,17.52,6333114,228865968.00
20151027,17.28,17.69,16.42,17.55,5561794,195191376.00
20151028,17.28,17.60,16.67,16.75,4129902,146732304.00
20151029,16.87,17.58,16.72,17.32,5177557,185132768.00
20151030,17.29,17.88,16.77,17.70,6475007,233840128.00
20151102,17.23,19.49,16.86,19.49,12351350,488100928.00
20151110,21.45,21.45,21.45,21.45,277100,12278301.00
20151111,23.61,23.61,22.25,23.61,16100828,774674176.00
20151112,24.21,25.93,22.89,23.87,17618726,879136384.00
20151113,23.15,25.44,22.65,23.49,14085924,702709760.00
20151116,23.20,24.19,22.02,23.57,8655326,413507008.00
20151117,23.69,25.94,23.36,25.65,15986637,827105664.00
20151118,25.44,25.44,23.07,23.07,10767258,531150016.00
20151119,23.07,23.80,21.96,23.54,8832174,416708896.00
20151120,23.67,23.80,22.66,23.01,7821516,374610080.00
20151123,22.76,22.76,21.64,21.75,7124422,324631136.00
20151124,21.71,23.19,21.69,22.86,6430464,298839584.00
20151125,22.82,23.48,22.28,23.01,6723562,321065088.00
20151126,23.25,25.33,23.25,24.20,12750575,652020160.00
20151127,23.25,23.71,21.79,21.96,8622432,409017024.00
20151130,21.96,24.05,21.76,23.73,8081739,379539616.00
20151201,23.31,24.96,22.57,23.47,8738353,432679040.00
20151202,22.76,23.25,21.40,22.37,5414549,248544960.00
20151203,22.46,23.92,22.46,23.66,6705630,323216928.00
20151204,23.68,24.93,23.27,24.78,9838224,488318208.00
20151207,24.37,24.71,23.83,24.23,5671214,283251904.00
20151208,24.27,26.66,23.98,24.91,11433103,600947648.00
20151209,24.84,25.07,22.91,23.39,8004258,392757952.00
20151210,23.25,23.82,22.66,22.90,4568944,216681264.00
20151211,22.75,23.15,22.41,22.64,2881888,135262080.00
20151214,22.08,23.35,21.87,23.22,2808625,132054896.00
20151215,23.25,23.48,22.73,22.88,2995737,142657648.00
20151216,22.94,24.45,22.94,23.84,5530069,272483520.00
20151217,24.06,25.20,23.74,24.95,6595270,331031200.00
20151218,24.71,25.43,23.98,24.24,5328723,269926240.00
20151221,24.24,25.20,23.50,24.71,5113320,256685664.00
20151222,24.96,26.48,24.95,25.83,7831246,416093312.00
20151223,25.39,26.90,24.99,25.76,8475084,452989152.00
20151224,25.69,26.44,25.01,26.29,5418438,287453664.00
20151225,26.66,27.43,24.76,25.20,6826079,366772672.00
20151228,24.91,25.15,23.74,23.74,5563012,280713568.00
20151229,23.69,24.08,23.49,24.07,2652950,130570544.00
20151230,24.07,24.35,23.71,23.99,2440922,120802376.00
20151231,24.17,24.18,23.15,23.16,2731111,132911400.00
20160104,23.19,23.19,20.83,20.83,2938359,132301632.00
20160105,19.34,20.78,18.73,19.70,3696401,151624528.00
20160106,20.24,20.63,19.93,20.57,3287712,138324144.00
20160107,20.01,20.03,18.50,18.50,938800,37059236.00
20160108,18.62,19.71,16.92,18.79,3312677,129050968.00
20160111,18.27,19.25,17.20,17.40,3108385,117661416.00
20160112,17.57,18.16,17.15,17.76,2626908,96012432.00
20160113,17.88,18.23,16.95,17.16,2077563,76528176.00
20160114,16.53,18.08,16.23,17.96,2699318,96927224.00
20160115,17.91,18.13,16.62,16.87,2529391,91217152.00
20160118,16.30,17.54,16.25,17.24,2082653,73545136.00
20160119,17.18,17.93,17.02,17.91,2436416,88622368.00
20160120,17.79,18.30,17.64,17.95,2827914,105383640.00
20160121,17.41,18.32,16.91,16.91,2519740,92475064.00
20160122,17.31,17.63,16.64,17.35,2034126,72159864.00
20160125,17.56,17.94,17.41,17.59,1858687,68113504.00
20160126,17.44,17.44,15.82,15.82,2553427,87547960.00
20160127,15.79,15.94,14.48,15.51,2154399,68041344.00
20160128,15.06,15.66,13.99,13.99,1902581,58167208.00
20160129,13.89,14.86,13.89,14.69,1836604,55177568.00
20160201,14.52,14.82,14.24,14.50,1431032,43227396.00
20160202,14.50,15.29,14.48,15.18,2007402,62624612.00
20160203,14.96,15.27,14.86,15.17,1487698,46374116.00
20160204,15.23,16.20,15.20,15.98,2667483,87364568.00
20160205,16.10,16.10,15.69,15.70,1501938,49256604.00
20160215,14.96,15.54,14.72,15.40,1400201,44065836.00
20160216,15.53,16.11,15.52,16.07,1874892,61965292.00
20160217,16.40,17.19,16.40,17.10,3823853,134138936.00
20160218,16.96,17.20,16.82,16.98,2710575,95365272.00
20160219,16.81,18.70,16.81,17.99,4360251,162359216.00
20160222,19.35,19.74,18.52,18.88,6823895,268934432.00
20160223,18.66,19.35,18.66,18.90,4148703,162755296.00
20160224,18.86,18.89,17.73,18.37,3857851,146182480.00
20160225,18.25,18.27,16.52,16.54,3551235,126709544.00
20160226,17.21,17.38,16.77,17.08,3144624,111443240.00
20160229,16.67,16.85,15.40,15.59,2486746,81557600.00
20160301,15.84,16.42,15.45,16.17,2138029,70523552.00
20160302,15.94,17.27,15.94,17.19,2578809,89234024.00
20160303,17.19,17.98,16.96,17.59,3438359,124936192.00
20160304,17.30,17.47,16.10,16.28,2868377,99595336.00
20160307,16.91,17.30,16.43,16.81,1826146,64081812.00
20160308,16.80,16.91,15.45,16.91,2169949,73256224.00
20160309,16.43,16.77,16.05,16.27,1378550,46856296.00
20160310,16.37,16.54,15.96,16.01,1144985,38525732.00
20160311,15.85,16.41,15.69,16.23,1286833,43109104.00
20160314,16.60,17.33,16.51,17.06,2436911,85937128.00
20160315,17.06,17.15,16.62,16.69,1658255,57878188.00
20160316,16.84,17.01,16.46,16.51,1277804,44237716.00
20160317,16.70,17.24,16.53,17.19,2502556,88100680.00
20160318,17.24,18.17,17.24,17.96,3780890,139160912.00
20160321,17.99,18.34,17.97,18.24,3243162,121601208.00
20160322,17.91,19.31,17.89,18.80,4566051,175983936.00
20160323,20.69,20.69,20.69,20.69,1787525,76434568.00
20160324,22.78,22.78,22.78,22.78,2450832,115287136.00
20160325,25.07,25.07,24.65,25.07,12580584,650309632.00
20160328,25.69,25.93,23.76,24.06,12616494,636891904.00
20160329,24.22,24.36,22.62,23.19,8296128,402668416.00
20160330,23.37,24.76,23.27,24.43,10820152,537953280.00
20160331,24.42,25.45,24.08,24.21,10766043,549477632.00
20160401,23.98,25.23,23.36,25.02,8638407,435487040.00
20160405,25.19,27.53,24.65,27.53,9901179,537063168.00
20160406,27.39,29.80,27.15,28.62,10824763,631236992.00
20160407,28.61,31.29,28.22,30.30,9902852,599689856.00
20160408,29.53,29.83,28.22,28.66,7333734,438799584.00
20160411,30.32,30.61,27.69,27.91,10229268,615457984.00
20160412,27.64,29.17,26.08,28.08,11383700,644748608.00
20160413,27.78,29.36,27.38,28.26,8874547,518423136.00
20160414,28.26,28.42,27.12,27.53,7253799,415173664.00
20160415,27.00,29.94,26.75,27.89,22437759,638418496.00
20160418,27.13,27.41,25.76,26.25,13806426,368693152.00
20160419,26.70,26.76,25.40,25.75,10584325,276049280.00
20160420,26.20,26.49,23.17,23.67,16161363,400899520.00
20160421,23.67,23.89,22.60,22.60,11770852,274330624.00
20160422,22.58,23.70,22.53,23.35,9996656,232105968.00
20160425,22.70,22.88,21.90,22.82,8420910,190258448.00
20160426,23.10,25.11,22.90,25.11,13854047,339526080.00
20160427,25.90,26.26,24.90,25.41,21991977,563192320.00
20160428,25.03,27.29,25.03,26.20,19760045,520744928.00
20160429,25.62,26.70,25.12,25.54,12843648,332093056.00
20160503,25.08,26.15,24.65,26.12,13452484,345115552.00
20160504,25.88,25.98,25.35,25.51,11040300,284242848.00
20160505,25.31,27.76,25.11,27.28,20002271,532164128.00
20160506,26.90,27.27,25.51,25.57,16984051,448988992.00
20160509,24.91,25.00,23.40,24.19,9412004,228850064.00
20160510,24.25,24.64,23.73,24.10,5161909,125312248.00
20160511,24.48,25.10,23.97,24.42,8107698,200117040.00
20160512,23.56,24.28,22.70,23.84,6420689,152151296.00
20160513,23.55,24.84,23.55,24.09,7325481,179376624.00
20160516,24.21,24.76,24.00,24.75,6138865,151069536.00
20160517,24.79,24.90,23.80,24.27,7240413,176671408.00
20160518,23.86,24.05,22.80,22.94,6779293,158647040.00
20160519,23.04,23.59,22.70,22.95,5532828,128579896.00
20160520,22.45,23.15,22.40,23.13,5101747,116426392.00
20160523,23.35,23.70,23.15,23.48,5378839,126610616.00
20160524,23.51,24.92,23.28,24.49,11991927,291436640.00
20160525,24.53,24.98,23.77,24.11,8857556,216554944.00
20160526,23.92,24.14,23.18,24.00,5904786,140212400.00
20160527,23.90,24.55,23.80,24.09,6175764,150259488.00
20160530,24.08,24.08,23.20,23.42,4679604,110540504.00
20160531,23.42,24.68,23.42,24.68,8930080,217924928.00
20160601,24.80,26.90,24.80,26.19,15485620,398169344.00
20160602,25.62,26.60,25.61,26.29,11478844,301217792.00
20160603,26.40,26.68,25.92,26.11,9308071,245215888.00
20160606,26.11,26.27,25.26,25.60,7718288,199268992.00
20160607,25.48,27.30,25.48,27.28,14957054,397038112.00
20160608,27.01,27.01,26.15,26.29,11218020,298744672.00
20160613,25.50,25.91,23.90,24.05,8943697,225923088.00
20160614,23.58,24.28,23.21,23.75,6762429,160856064.00
20160615,23.21,25.00,23.20,24.53,6945296,170081312.00
20160616,24.40,24.89,24.30,24.45,6034001,149334560.00
20160617,24.47,25.07,24.01,24.34,5341211,131842544.00
20160620,24.33,24.50,23.60,24.11,6184611,148950112.00
20160621,24.23,26.53,24.23,25.63,19614676,507319840.00
20160622,25.10,25.55,24.30,25.55,13397777,334416320.00
20160623,25.30,25.30,24.49,24.75,9569034,238932208.00
20160624,24.78,25.22,23.10,24.35,9571214,236516352.00
20160627,23.70,24.95,23.70,24.80,7240350,178500928.00
20160628,24.70,25.58,24.60,25.40,8990424,228173440.00
20160629,25.64,25.70,25.03,25.51,8917907,227074784.00
20160630,25.10,25.28,24.71,24.93,7101005,178177568.00
20160701,25.04,26.08,25.04,25.70,11481177,295096992.00
20160704,25.10,25.79,24.91,25.75,12081242,308185664.00
20160705,25.68,26.52,25.42,25.65,12293202,320085280.00
20160706,25.42,25.49,25.04,25.38,8704946,220837248.00
20160707,25.49,25.49,24.51,24.83,11739732,292866400.00
20160708,24.71,24.98,24.56,24.85,5688317,141595312.00
20160711,24.90,25.00,24.58,24.63,6527652,162163552.00
20160712,24.51,24.70,23.88,24.35,9746471,237075056.00
20160713,24.42,24.57,24.12,24.53,6719077,164326272.00
20160714,24.46,24.80,24.39,24.72,6352912,157042864.00
20160715,24.72,24.86,24.22,24.42,5104148,125656256.00
20160718,24.43,24.68,24.11,24.65,4625104,113331960.00
20160719,24.68,24.70,24.12,24.42,6573536,160801712.00
20160720,24.43,24.79,24.22,24.63,5986663,147534512.00
20160721,24.63,24.68,24.35,24.45,4932072,121379392.00
20160722,24.45,24.56,24.05,24.08,5129324,124709792.00
20160725,24.07,24.20,23.82,23.86,4721779,113774176.00
20160726,23.86,24.17,23.82,24.11,3330543,80465664.00
20160727,24.13,24.20,22.17,22.66,8693406,202831888.00
20160728,22.55,22.95,22.26,22.83,4247486,96737600.00
20160729,22.83,22.87,22.43,22.84,3228567,73516216.00
20160801,22.64,22.64,21.90,22.09,3713470,82497536.00
20160802,22.15,22.27,22.01,22.17,1834869,40780268.00
20160803,22.16,22.25,22.05,22.15,2198952,48943476.00
20160804,22.05,22.89,22.05,22.81,4517737,102280672.00
20160805,22.70,23.04,22.48,22.56,3697860,84411496.00
20160808,22.69,22.69,22.30,22.60,2193607,49530600.00
20160809,22.60,22.86,22.60,22.79,2511780,57387048.00
20160810,22.76,22.90,22.62,22.66,2498264,57014388.00
20160811,22.52,22.80,22.25,22.26,3155579,71228832.00
20160812,22.27,22.41,22.19,22.34,2187496,49002912.00
20160815,22.26,22.84,22.25,22.67,5290887,120048256.00
20160816,22.69,22.99,22.62,22.80,5486206,125562976.00
20160817,22.75,23.15,22.66,23.00,5822386,134075688.00
20160818,23.10,23.12,22.68,22.74,4977071,113989392.00
20160819,22.90,23.40,22.85,23.18,7186175,167537312.00
20160822,23.22,23.33,22.73,22.91,4865969,111957128.00
20160823,22.95,22.95,22.63,22.80,2824127,64583584.00
20160824,22.82,22.88,22.68,22.72,2400395,54800476.00
20160825,22.60,22.65,22.22,22.38,3160725,70953176.00
20160826,22.41,22.66,22.38,22.42,2523979,57040512.00
20160829,22.41,22.68,22.35,22.51,2532485,57412740.00
20160830,22.50,22.65,22.46,22.51,2312433,52358704.00
20160831,22.59,22.66,22.30,22.51,2743528,61898892.00
20160901,22.53,22.63,22.34,22.41,3175813,71595336.00
20160902,22.30,22.41,22.15,22.22,2269298,50735628.00
20160905,22.23,22.37,22.15,22.16,2162205,48297788.00
20160906,22.16,22.46,22.01,22.40,3524915,78945816.00
20160907,22.40,22.44,22.21,22.25,2851631,64020880.00
20160908,22.34,22.34,22.10,22.19,2817862,62816572.00
20160909,22.21,22.23,22.06,22.08,2479434,55092376.00
20160912,21.90,21.90,20.95,20.98,4860559,104234672.00
20160913,21.09,21.67,21.00,21.65,2481829,52908172.00
20160914,21.38,21.60,21.16,21.40,1719345,36790084.00
20160919,21.20,21.75,21.19,21.54,1590504,34456972.00
20160920,21.48,21.70,21.26,21.65,2016303,43446280.00
20160921,21.57,21.78,21.47,21.59,1760098,38289064.00
20160922,21.69,21.88,21.55,21.79,2482621,54103632.00
20160923,21.76,22.00,21.72,21.94,2948520,64740556.00
20160926,21.90,21.90,21.41,21.42,2015552,43929836.00
20160927,21.48,21.58,21.20,21.47,1494768,32061442.00
20160928,21.40,21.47,21.25,21.33,1063164,22783844.00
20160929,21.40,21.48,21.20,21.25,1260823,27058456.00
20160930,21.25,21.42,21.21,21.36,861727,18471506.00
20161010,21.80,21.84,21.61,21.75,2518392,54997580.00
20161011,21.89,21.89,21.70,21.76,1740947,38065512.00
20161012,21.70,21.95,21.58,21.75,1738665,38036044.00
20161013,21.75,21.87,21.57,21.65,1742979,37908712.00
20161014,21.61,22.90,21.26,22.44,9833485,219866000.00
20161017,22.35,22.37,21.91,21.96,4629547,102995928.00
20161018,21.97,22.14,21.90,22.10,2721207,60244496.00
20161019,22.10,22.32,22.02,22.11,2743796,61046164.00
20161020,22.08,22.27,21.93,22.17,2610847,57940408.00
20161021,22.31,22.33,21.94,22.12,3009207,66885952.00
20161031,22.70,23.48,22.51,22.53,11024082,252678192.00
20161101,22.30,22.52,22.02,22.37,5720007,127779032.00
20161102,22.35,22.98,22.10,22.70,7211062,162688640.00
20161103,22.50,23.80,22.43,23.64,18031674,421852928.00
20161104,23.49,24.14,22.65,22.79,16521851,384295488.00
20161107,22.65,22.68,22.09,22.29,6847084,153379344.00
20161108,22.40,22.65,22.30,22.41,4160288,93810656.00
20161109,22.35,22.48,21.90,22.08,5859560,130433504.00
20161110,22.25,22.42,22.09,22.30,4070251,91087536.00
20161111,22.23,22.30,22.08,22.18,4112059,91495376.00
20161114,22.15,22.41,22.11,22.29,3978588,89065216.00
20161115,22.40,22.40,22.16,22.39,3692469,82701952.00
20161116,22.40,22.96,22.33,22.85,9677474,221037776.00
20161117,22.89,22.99,22.20,22.74,6307013,142812832.00
20161118,22.63,22.70,22.35,22.41,3303903,74702528.00
20161121,22.46,22.55,22.33,22.49,3115885,70227768.00
20161122,22.49,22.91,22.41,22.74,7777235,177310768.00
20161123,22.80,22.80,22.30,22.35,4975741,112815296.00
20161124,22.36,22.74,22.25,22.29,4027177,90877856.00
20161125,22.23,22.29,21.48,22.03,4982696,109453528.00
20161128,22.19,22.35,21.83,22.16,3710050,82488936.00
20161129,22.07,22.25,21.85,21.87,3236903,71550224.00
20161130,21.65,21.97,21.65,21.80,1829199,40088184.00
20161201,21.80,21.86,21.46,21.59,3768768,81853576.00
20161202,21.59,21.59,21.15,21.19,3046781,65198772.00
20161205,21.02,21.38,21.00,21.19,1698025,36201960.00
20161206,21.12,22.33,21.12,21.90,6045866,132857632.00
20161207,21.89,22.03,21.65,21.89,2273621,49772600.00
20161208,21.80,21.91,21.59,21.60,1589666,34659960.00
20161209,21.59,21.78,21.40,21.40,1501552,32505808.00
20161212,21.29,21.62,20.44,20.44,3727541,78616168.00
20161213,20.46,20.56,19.98,20.31,1908837,38870800.00
20161214,20.29,20.43,20.11,20.29,1603535,32710938.00
20161215,20.18,20.75,20.15,20.42,1539454,31647436.00
20161216,20.36,20.73,20.36,20.65,1696749,35103932.00
20161219,20.65,21.17,20.46,21.03,3423911,72003896.00
20161220,21.01,22.10,20.75,21.75,3903748,83973816.00
20161221,21.55,21.90,21.54,21.74,2859023,62410864.00
20161222,21.60,21.79,21.02,21.09,2826515,60666600.00
20161223,21.01,21.30,20.60,20.66,2182620,45835036.00
20161226,20.60,20.93,20.36,20.80,1269152,26324106.00
20161227,20.80,20.85,20.57,20.60,1148777,23854124.00
20161228,20.67,20.76,20.29,20.37,1618869,33304774.00
20161229,20.32,20.60,20.32,20.41,960788,19758074.00
20161230,20.45,20.50,20.30,20.47,1117491,22932790.00
20170103,20.48,20.76,20.48,20.69,1174227,24386786.00
20170104,20.69,20.88,20.55,20.82,1362750,28430152.00
20170105,20.88,21.30,20.69,20.71,1571834,32930060.00
20170106,20.68,20.71,20.36,20.41,1512296,31136344.00
20170109,20.55,20.84,20.41,20.83,2101625,43813956.00
20170110,20.82,21.40,20.60,21.30,3034552,64020068.00
20170111,21.10,21.15,20.84,20.87,1741276,36691408.00
20170112,20.87,20.97,20.53,20.56,1163180,24224458.00
20170113,20.56,20.66,20.07,20.21,1486030,30437224.00
20170116,20.12,20.27,18.18,18.88,3158847,61150140.00
20170117,18.85,19.05,18.21,18.90,1587178,29805986.00
20170118,18.90,18.99,18.71,18.85,887446,16837378.00
20170119,18.80,19.70,18.78,19.28,3012667,58080220.00
20170120,19.10,19.56,19.02,19.30,1583971,30716182.00
20170123,19.30,19.50,19.27,19.42,1229149,23943672.00
20170124,19.41,19.41,19.10,19.13,880631,16997002.00
20170125,19.21,19.30,18.94,19.19,708323,13630256.00
20170126,19.27,19.28,19.10,19.25,675333,13058640.00
20170203,19.25,19.40,19.05,19.30,728796,14088588.00
20170206,19.35,19.86,19.35,19.82,2283523,45215836.00
20170207,19.76,19.98,19.62,19.69,1445928,28761086.00
20170208,19.69,19.77,19.51,19.72,1102367,21777560.00
20170209,19.72,19.88,19.66,19.84,1259327,25031216.00
20170210,19.85,19.89,19.65,19.65,1262286,25020068.00
20170213,19.64,19.80,19.58,19.72,1086398,21520580.00
20170214,19.61,19.75,19.40,19.51,1548323,30453738.00
20170215,19.48,19.82,19.33,19.35,2230574,43816796.00
20170216,19.32,19.41,19.00,19.16,2426852,46856244.00
20170217,19.16,19.23,19.00,19.10,1536390,29534494.00
20170220,19.09,19.23,19.00,19.21,1519020,29153642.00
20170221,19.21,19.36,19.15,19.33,1355977,26293448.00
20170222,19.34,19.46,19.27,19.40,1373197,26752294.00
20170223,19.50,19.53,19.34,19.50,1724909,33694544.00
20170224,19.56,19.69,19.42,19.65,1882691,37018180.00
20170227,19.73,20.05,19.46,19.55,2440064,48461064.00
20170228,19.12,19.43,19.10,19.34,2195727,42558300.00
20170301,19.34,19.46,19.22,19.26,1506045,29251078.00
20170302,19.22,19.32,19.10,19.12,1501556,28972298.00
20170303,19.04,19.41,19.04,19.39,1795024,34683628.00
20170306,19.35,19.46,19.22,19.45,1643223,32014860.00
20170307,19.49,19.71,19.44,19.63,2231806,43904072.00
20170308,19.70,19.70,19.23,19.28,2520563,49094772.00
20170309,19.32,19.37,19.07,19.09,1719043,33072338.00
20170310,19.09,19.29,19.09,19.17,1306397,25209116.00
20170313,19.14,19.19,18.92,19.16,1463763,28058068.00
20170314,19.11,19.29,19.08,19.14,1342446,25847442.00
20170315,18.77,18.78,17.70,18.14,11365608,206935552.00
20170316,17.95,18.21,17.90,18.13,4658153,84591152.00
20170317,18.11,18.28,18.07,18.14,3962603,72346168.00
20170320,18.06,18.06,17.88,17.96,3494651,63079744.00
20170321,17.96,18.06,17.92,17.98,2394963,43321988.00
20170322,17.99,17.99,17.73,17.82,3234799,57909216.00
20170323,17.82,17.88,17.71,17.77,2353455,42070580.00
20170324,17.77,17.92,17.71,17.85,2310050,41368388.00
20170327,17.80,17.80,16.47,16.89,31752419,537248064.00
20170328,16.68,17.38,16.61,17.13,19422792,331835200.00
20170329,17.07,18.09,17.00,17.85,25153397,444584640.00
20170330,17.90,17.98,17.11,17.34,13892448,244677232.00
20170331,17.40,17.93,16.90,17.69,15637323,272500128.00
20170405,17.45,18.48,17.36,18.25,21127636,380275968.00
20170406,18.20,18.20,17.85,18.00,13818465,248415056.00
20170407,17.80,17.87,17.38,17.43,9958680,175170816.00
20170410,17.26,17.26,16.18,16.27,14428127,240450480.00
20170411,16.23,16.52,15.88,16.51,13827681,224660720.00
20170412,16.51,16.62,16.31,16.45,8089637,133151296.00
20170413,16.38,17.08,16.35,16.91,15361068,257014160.00
20170414,16.80,16.85,16.26,16.50,10146636,167556240.00
20170417,16.20,16.69,16.01,16.45,6461654,105763464.00
20170418,16.46,16.50,15.03,15.45,13353946,210977904.00
20170419,15.40,15.40,14.53,14.79,7351535,109525216.00
20170420,14.75,14.89,14.54,14.65,4162481,61252948.00
20170421,14.70,14.80,14.54,14.65,3466689,50832012.00
20170424,14.66,14.70,13.98,13.99,3538985,50050712.00
20170425,13.93,14.16,13.88,14.00,3476056,48742596.00
20170426,14.04,14.06,13.91,13.99,2748090,38387200.00
20170427,13.90,13.94,13.26,13.94,5485468,74617976.00
20170428,13.75,13.94,13.72,13.91,3152833,43547676.00
20170502,13.89,14.07,13.75,14.04,3148851,43870272.00
20170503,14.05,14.07,13.85,13.94,2888457,40257644.00
20170504,13.90,13.96,13.71,13.89,2762543,38208156.00
20170505,13.86,13.86,13.48,13.48,3383604,46158784.00
20170508,13.40,13.44,13.02,13.02,3917899,51793908.00
20170509,13.20,13.36,13.01,13.29,3039763,40254036.00
20170510,13.29,13.35,13.03,13.03,3155769,41729592.00
20170511,12.95,12.95,12.30,12.66,4941512,62291040.00
20170512,12.64,12.67,12.35,12.42,3462050,43158348.00
20170515,12.42,13.66,12.42,13.66,11096469,146993792.00
20170516,13.52,13.81,13.28,13.79,10178943,137888320.00
20170517,13.65,13.75,13.52,13.59,7091100,96430152.00
20170518,13.57,13.64,13.30,13.37,4478965,60303912.00
20170519,13.33,13.47,13.14,13.16,3695147,49113352.00
20170522,13.11,13.52,13.10,13.17,4160480,55247336.00
20170523,13.10,13.25,12.53,12.66,4348412,55590976.00
20170524,12.52,12.87,12.36,12.86,3575766,45375520.00
20170525,12.80,13.05,12.53,13.01,3488581,44864964.00
20170526,13.01,13.07,12.83,12.95,2965344,38442692.00
20170531,13.10,13.20,12.81,12.88,2721024,35462284.00
20170601,12.83,12.83,12.37,12.37,3271395,41096784.00
20170602,12.11,12.58,12.11,12.54,3120378,38472508.00
20170605,12.54,12.73,12.54,12.66,2060412,26019090.00
20170606,12.65,12.77,12.55,12.74,1919067,24316786.00
20170607,12.74,13.10,12.72,13.03,3680398,47612708.00
20170608,13.01,13.19,12.93,13.03,3652268,47708868.00
20170609,13.09,13.09,12.85,12.99,2682704,34703340.00
20170612,12.90,12.97,12.62,12.64,2367961,30271056.00
20170613,12.56,13.08,12.55,12.99,2909674,37455616.00
20170614,12.92,13.78,12.91,13.41,8706333,116975328.00
20170615,13.38,13.67,13.30,13.47,6027993,81094384.00
20170616,13.52,13.69,13.36,13.44,3710103,50110284.00
20170619,13.44,13.53,13.37,13.48,3002294,40365384.00
20170620,13.57,13.57,13.32,13.36,2748825,36904044.00
20170621,13.36,13.41,13.15,13.25,2963372,39263556.00
20170622,13.24,13.43,13.11,13.11,3507452,46630228.00
20170623,13.04,13.07,12.62,12.92,3667336,47299860.00
20170626,12.86,13.20,12.77,13.18,3735842,48467084.00
20170627,13.18,13.28,13.13,13.26,2362552,31196594.00
20170628,13.25,13.25,13.08,13.12,1646349,21637046.00
20170629,13.25,13.50,13.16,13.18,2076425,27603056.00
20170630,13.11,13.45,13.06,13.45,1915592,25219292.00
20170703,13.30,13.50,13.30,13.47,2783217,37388864.00
20170704,13.49,13.49,13.17,13.24,2833183,37671836.00
20170705,13.29,13.34,13.21,13.33,2228098,29603060.00
20170706,13.29,13.43,13.16,13.21,3499561,46448484.00
20170707,13.20,13.32,13.12,13.24,2511630,33151686.00
20170710,13.26,14.39,13.25,14.02,17278999,241415392.00
20170711,13.85,13.92,13.62,13.71,9086208,125029320.00
20170712,13.64,13.77,13.40,13.73,5822773,79070496.00
20170713,13.71,14.18,13.65,14.16,9362723,130648016.00
20170714,14.09,14.29,13.96,14.10,6218444,87667528.00
20170717,14.10,14.10,12.69,12.78,9222190,121596856.00
20170718,12.59,12.62,12.14,12.52,7660889,94833952.00
20170719,12.39,12.57,12.21,12.50,4325765,53789096.00
数据来源:通达信
