002740 爱迪尔 日线 前复权
      日期	    开盘	    最高	    最低	    收盘	    成交量	    成交额
20150122,6.48,7.79,6.48,7.79,52400,1240467.00
20150123,8.58,8.58,8.58,8.58,14100,368010.00
20150126,9.45,9.45,9.45,9.45,26260,753924.63
20150127,10.41,10.41,10.41,10.41,65800,2077964.00
20150128,11.46,11.46,11.46,11.46,244540,8495320.00
20150129,12.62,12.62,12.18,12.62,4330518,165092304.00
20150130,13.88,13.89,13.18,13.89,9691055,401579776.00
20150202,13.98,14.72,12.62,12.64,14133726,578879104.00
20150203,12.05,12.41,11.89,12.18,8948897,329676992.00
20150204,12.19,12.87,11.98,12.63,8525026,323291168.00
20150205,12.30,12.46,11.94,11.99,5995234,220067408.00
20150206,11.89,12.08,10.78,10.89,6697867,225650064.00
20150209,10.78,10.87,10.35,10.48,3741938,119949912.00
20150210,10.51,10.75,10.42,10.60,2920527,93563744.00
20150211,10.62,10.85,10.44,10.66,2905253,93474160.00
20150212,10.55,10.94,10.48,10.78,2758346,89727968.00
20150213,10.78,10.98,10.73,10.89,3012682,99452328.00
20150216,10.89,11.10,10.78,10.99,2711456,89984784.00
20150217,11.00,11.08,10.83,11.00,2064836,68717608.00
20150225,11.04,11.04,10.61,10.62,2012384,65565652.00
20150226,10.65,10.76,10.62,10.76,1664020,53894832.00
20150227,10.75,10.77,10.65,10.72,1713689,55646172.00
20150302,10.75,10.98,10.62,10.97,2473350,80929896.00
20150303,10.88,10.88,10.72,10.76,2062916,67359472.00
20150304,10.68,10.84,10.68,10.80,1758591,57414640.00
20150305,10.79,10.96,10.69,10.86,2225726,72910440.00
20150306,10.88,10.91,10.72,10.77,1758383,57450036.00
20150309,10.74,10.99,10.69,10.98,2294434,75422088.00
20150310,10.97,11.30,10.85,11.25,3398382,114127872.00
20150311,11.25,12.37,11.24,11.83,7694516,273867936.00
20150312,11.66,11.67,11.35,11.47,3968297,138266400.00
20150313,11.48,11.64,11.42,11.55,1682567,58777084.00
20150316,11.58,11.78,11.50,11.74,2696768,95128680.00
20150317,11.78,11.88,11.55,11.66,2810480,99686336.00
20150318,11.66,11.87,11.62,11.82,2996535,106782448.00
20150319,11.82,12.06,11.73,11.82,2764082,99503344.00
20150320,11.85,11.98,11.78,11.91,2615284,94144544.00
20150323,12.02,12.02,11.83,11.95,2815688,101604720.00
20150324,11.92,11.97,11.33,11.67,3489621,123219048.00
20150325,11.63,11.97,11.49,11.93,3501615,125018776.00
20150326,11.98,12.13,11.79,11.90,3184012,115344136.00
20150327,11.90,11.95,11.75,11.79,1727679,61785748.00
20150330,11.80,11.86,11.68,11.74,1819888,64720732.00
20150331,11.76,11.88,11.72,11.75,1982537,70910560.00
20150401,11.73,11.98,11.73,11.98,2441734,87920792.00
20150402,12.04,12.15,11.94,12.15,3066774,111958312.00
20150403,12.15,12.38,12.05,12.37,3450470,128382304.00
20150407,12.48,12.94,12.35,12.93,3527785,135138208.00
20150408,12.81,13.88,12.35,13.43,5389332,212015872.00
20150409,13.45,13.88,12.88,13.71,4585391,186431200.00
20150410,14.45,14.58,13.68,13.68,4781419,203258240.00
20150413,13.45,14.03,13.35,13.73,3147225,130292528.00
20150414,13.61,13.85,13.28,13.28,2561472,105454736.00
20150415,13.25,13.25,12.48,12.57,2501921,96672424.00
20150416,12.48,13.14,12.25,12.87,1874259,72532064.00
20150417,12.83,13.07,12.75,12.82,2016372,78546240.00
20150420,12.66,12.81,12.30,12.30,2245226,85414344.00
20150421,12.30,12.84,12.29,12.83,1768181,67758864.00
20150422,12.84,13.17,12.83,13.08,1774864,69987224.00
20150423,13.28,13.55,13.08,13.29,2553463,103218864.00
20150424,12.72,13.04,12.56,12.94,2946677,114644040.00
20150427,12.94,13.32,12.94,13.22,2888725,115201544.00
20150428,13.25,13.26,12.52,12.60,2394520,93419336.00
20150429,12.54,13.48,12.35,13.43,2799025,110482048.00
20150430,13.25,13.63,13.22,13.43,2450332,99262408.00
20150504,13.25,14.15,13.24,13.82,3966305,165480160.00
20150505,13.75,14.15,13.02,13.22,2356476,96773256.00
20150506,13.15,14.08,13.05,13.55,3242200,134288688.00
20150507,13.58,14.13,13.18,13.54,1912475,78330792.00
20150508,13.63,14.85,12.88,14.72,3271073,136952288.00
20150511,14.53,15.89,14.37,15.78,4598982,212620704.00
20150512,15.82,17.29,15.72,17.05,4326818,215028592.00
20150513,16.29,17.43,16.27,16.67,3025149,153804112.00
20150514,16.67,17.18,16.48,16.68,2446510,124302560.00
20150515,16.71,17.04,15.76,16.45,2206861,107712000.00
20150518,16.45,18.10,16.22,18.10,3084602,163270784.00
20150519,18.10,19.15,17.05,18.73,3355420,186678448.00
20150520,19.72,20.55,17.92,18.91,3637829,214171488.00
20150521,18.60,19.55,18.24,19.04,3032010,171730576.00
20150522,19.00,20.15,18.58,19.70,3008669,175194880.00
20150525,19.55,20.95,18.94,20.35,2342764,141376368.00
20150526,20.20,22.05,19.68,21.98,2376097,151417152.00
20150527,21.95,24.19,21.22,24.19,3044157,218711856.00
20150528,25.88,26.62,24.22,24.22,4116795,322832448.00
20150529,22.55,26.24,21.85,25.34,4303797,309434304.00
20150601,25.33,26.55,23.88,25.20,3338889,258526464.00
20150602,24.88,25.53,23.22,25.21,2810953,205435968.00
20150603,24.97,25.98,23.78,25.21,2430012,185003232.00
20150604,25.21,25.25,22.68,23.78,1533372,110950088.00
20150605,23.85,24.22,22.11,23.22,2599375,179610576.00
20150608,23.38,25.08,22.58,23.94,3630498,263058416.00
20150729,21.54,21.54,21.54,21.54,682100,44213720.00
20150730,19.38,19.38,19.38,19.38,414500,24181930.00
20150731,17.44,18.42,17.44,17.44,13138085,694073984.00
20150803,17.27,17.60,15.69,15.69,6052915,295558368.00
20150804,15.77,17.10,14.45,16.59,4520710,212531520.00
20150805,16.00,16.70,15.50,15.50,3075389,148064144.00
20150806,14.93,15.11,14.27,14.83,2481832,110764216.00
20150807,14.37,15.43,14.37,15.39,3066643,138242240.00
20150810,15.54,16.75,15.04,16.67,4206747,203870576.00
20150811,16.60,17.75,16.28,16.67,4602313,235228256.00
20150812,16.57,16.59,16.03,16.03,2034694,100067440.00
20150813,15.97,17.55,15.87,17.50,2589990,130435200.00
20150814,17.54,17.77,16.97,17.01,2579376,134030064.00
20150817,17.00,17.33,16.44,16.50,1724480,86887192.00
20150818,16.60,16.89,14.84,14.86,1967688,94571288.00
20150819,14.76,15.53,13.89,15.31,1396073,62650812.00
20150820,15.10,15.32,14.23,14.31,841003,37707272.00
20150821,14.10,14.35,13.28,13.44,1189297,49373716.00
20150824,12.77,12.80,12.09,12.09,888035,32736924.00
20150825,10.95,11.75,10.87,10.87,1224483,40708268.00
20150826,11.13,11.43,9.94,10.30,1669023,54309292.00
20150827,10.59,11.33,10.43,11.33,2402627,79510704.00
20150828,11.62,12.14,11.10,12.00,2351173,82348728.00
20150831,11.64,12.60,11.60,11.98,1974052,71345976.00
20150901,11.73,12.41,10.77,10.77,1941883,69339352.00
20150902,10.77,11.86,10.43,11.86,2614071,92274384.00
20150907,12.49,13.05,12.46,13.05,2943466,114721584.00
20150908,13.05,14.36,12.56,14.36,5839415,237507008.00
20150909,13.87,15.01,13.67,14.10,5715525,246054080.00
20150910,13.53,13.86,12.97,13.00,3540099,143297536.00
20150911,13.00,13.67,12.83,13.32,2892217,115141960.00
20150914,13.13,13.49,11.98,11.98,2620272,99430712.00
20150915,11.15,11.39,10.78,10.78,2022607,67335816.00
20150916,10.70,11.86,10.70,11.72,2589033,87910008.00
20150917,11.72,12.10,11.13,11.13,2715400,94853240.00
20150918,11.14,11.45,10.87,11.08,1442852,48312176.00
20150921,10.83,11.87,10.77,11.76,1863966,64876892.00
20150922,12.09,12.48,11.83,12.12,2336422,85796896.00
20150923,11.83,12.17,11.77,11.91,1430873,51536640.00
20150924,11.87,12.31,11.87,12.19,1715800,62383408.00
20150925,12.18,12.76,11.44,11.76,1466875,53645088.00
20150928,11.73,12.12,11.54,12.04,1163660,41615552.00
20150929,11.75,11.97,11.63,11.74,913486,32502774.00
20150930,11.73,11.97,11.64,11.81,901581,32205956.00
20151008,12.17,12.66,11.90,12.27,1585627,58774112.00
20151009,12.19,12.75,11.99,12.68,2079464,77916368.00
20151012,12.80,13.83,12.54,13.83,3344940,133545704.00
20151013,13.57,13.91,13.43,13.68,2424962,100007712.00
20151014,13.48,13.77,12.94,13.01,4057092,163701376.00
20151015,12.77,13.37,12.70,13.29,2427131,95603064.00
20151016,13.32,13.77,13.03,13.35,2955133,119291144.00
20151019,13.37,14.68,13.23,14.59,5423864,227651264.00
20151020,14.29,14.43,13.97,14.22,3215655,136956272.00
20151021,14.17,14.43,12.79,12.80,3289686,135453936.00
20151022,12.73,13.29,12.73,13.26,1957556,77017592.00
20151023,13.30,14.07,13.17,13.93,2342924,95677736.00
20151026,14.11,14.73,13.54,14.73,3008045,127194568.00
20151027,14.29,14.53,13.53,14.17,2835085,120229184.00
20151028,13.94,14.27,13.65,13.66,1706861,71970048.00
20151029,13.70,14.09,13.67,13.85,1280656,53657200.00
20151030,13.67,14.06,13.67,13.93,1178332,49422048.00
20151102,13.65,14.50,13.61,13.93,2516498,106810072.00
20151103,13.89,14.43,13.81,14.23,2950548,125325568.00
20151104,14.45,15.04,14.24,14.93,4027826,177933808.00
20151105,15.10,15.42,14.64,14.91,3383225,153001792.00
20151106,14.77,16.25,14.77,15.90,3478254,163347440.00
20151109,15.69,16.93,15.69,16.73,3852038,190259744.00
20151110,16.56,16.70,15.97,16.23,3154111,155289216.00
20151111,16.20,17.26,15.94,17.13,3329568,166173664.00
20151112,17.11,18.83,16.77,18.19,3362220,178259360.00
20151113,17.77,18.16,16.37,16.37,4315776,220142848.00
20151116,15.83,16.77,15.47,16.67,2474657,120141968.00
20151117,16.88,17.20,15.96,16.01,2475011,123728352.00
20151118,16.13,16.16,15.45,15.48,1753352,83213768.00
20151119,15.58,16.16,15.58,16.13,1475734,70699128.00
20151120,16.25,16.51,15.93,16.34,2064302,100639888.00
20151123,16.50,16.50,15.87,15.90,1794004,86919848.00
20151124,16.13,17.18,15.90,17.07,2815391,141686784.00
20151125,16.93,17.39,16.67,17.35,2672089,137794208.00
20151126,17.35,18.10,17.13,17.17,2493965,131945672.00
20151127,16.87,17.70,15.64,16.02,2862301,144092832.00
20151130,16.21,17.63,14.77,16.86,3487913,168641488.00
20151201,16.70,17.91,16.64,17.13,4387739,228717968.00
20151202,16.93,17.11,15.57,16.25,2711931,132447024.00
20151203,16.42,16.93,16.22,16.93,2212939,110979552.00
20151204,17.02,17.66,16.60,17.10,3563012,184767008.00
20151207,17.14,17.65,17.14,17.37,2706999,141771152.00
20151208,17.21,17.36,16.33,16.75,2366047,119998568.00
20151209,16.77,17.03,16.23,16.49,1859310,93191616.00
20151210,16.33,16.53,15.97,16.15,1313483,64216232.00
20151211,16.15,16.15,15.87,16.08,1093107,52675836.00
20151214,16.10,16.75,15.97,16.73,1263466,62447548.00
20151215,16.88,17.17,16.80,16.93,1380080,70627488.00
20151216,16.98,17.46,16.94,16.95,2081418,107807776.00
20151217,17.27,18.11,17.10,18.03,3352424,177554144.00
20151218,17.93,18.40,17.64,17.78,2353212,127024664.00
20151221,17.80,18.27,17.53,17.98,1792764,96377376.00
20151222,18.00,18.79,18.00,18.66,2118026,117016984.00
20151223,18.73,18.80,18.15,18.20,1933357,107111432.00
20151224,18.18,18.37,17.60,18.27,1509317,82138104.00
20151225,18.27,19.07,18.27,18.55,1856907,104403400.00
20151228,18.76,18.77,17.76,17.87,1917884,105187232.00
20151229,17.93,18.05,17.43,17.82,1404134,74640416.00
20151230,17.91,18.47,17.91,18.27,1527266,84030128.00
20151231,18.27,18.33,17.53,17.54,1200000,64706076.00
20160104,17.40,17.43,15.78,15.78,1774394,86859168.00
20160105,14.73,15.56,14.22,15.01,1929556,86780008.00
20160106,15.00,16.12,15.00,15.86,1860092,86755376.00
20160107,15.56,15.56,14.26,14.27,506100,22462318.00
20160108,14.75,15.27,13.98,14.93,2211215,98867696.00
20160111,14.52,15.12,13.43,13.43,1969291,84450584.00
20160112,13.47,14.29,12.93,13.92,1698518,70312576.00
20160113,14.09,14.20,13.53,13.66,1097991,46117480.00
20160114,13.12,14.10,13.10,14.07,1316958,54538524.00
20160115,14.10,14.15,13.17,13.26,1145124,46957636.00
20160118,12.87,13.67,12.87,13.28,1058004,42715132.00
20160119,13.30,13.86,12.94,13.77,1224150,49894988.00
20160120,13.62,14.00,13.28,13.47,1320353,54246976.00
20160121,13.27,13.75,12.97,13.07,1148800,46259372.00
20160122,13.20,13.33,12.97,13.25,834068,33166946.00
20160125,13.43,13.97,13.23,13.70,1127624,46377272.00
20160126,13.53,13.65,12.33,12.33,1315253,51149092.00
20160127,12.83,12.83,11.31,11.99,1065305,38214228.00
20160128,11.93,12.15,11.04,11.17,660799,23136554.00
20160129,10.99,11.77,10.97,11.47,755199,26035654.00
20160201,11.46,11.63,11.00,11.24,686822,23576686.00
20160202,11.15,11.99,11.15,11.75,962337,33911816.00
20160203,11.64,11.82,11.27,11.62,1330273,46259744.00
20160204,11.70,12.04,11.57,11.97,1689583,60194148.00
20160205,11.97,11.97,11.73,11.88,1118385,39939164.00
20160215,11.61,11.87,11.41,11.77,1174271,41318684.00
20160216,11.77,12.22,11.76,12.10,1684910,61483816.00
20160217,12.10,12.57,12.00,12.56,1754586,64672016.00
20160218,13.82,13.82,13.82,13.82,235101,9796659.00
20160219,15.21,15.21,15.21,15.21,527646,24187292.00
20160222,16.38,16.74,15.95,16.74,9882576,485095424.00
20160223,16.19,17.53,16.13,17.05,10368042,521800032.00
20160224,16.60,16.60,15.36,15.93,6926468,333883936.00
20160225,15.76,15.77,14.33,14.33,4799830,215543744.00
20160226,14.45,14.56,13.77,14.10,3172737,135799584.00
20160229,13.96,14.21,12.68,12.95,3142526,124078320.00
20160301,13.03,14.23,12.83,13.83,3242612,131694176.00
20160302,13.67,15.18,13.61,14.75,3894752,166864688.00
20160303,14.80,14.80,14.16,14.20,3786238,165793264.00
20160304,14.05,14.52,12.93,13.30,3687850,153292928.00
20160307,13.93,14.60,13.60,14.07,4114109,175057648.00
20160308,13.67,13.93,12.70,13.77,3583136,143893648.00
20160309,13.33,13.53,13.01,13.21,2199618,88132472.00
20160310,13.25,13.45,12.93,12.98,2173277,86450000.00
20160311,12.87,13.08,12.70,13.02,1569702,61008864.00
20160314,13.23,14.03,13.17,13.67,2844243,116934112.00
20160315,13.47,13.80,13.46,13.49,2009649,82330872.00
20160316,13.62,13.97,13.44,13.51,1860035,76733920.00
20160317,13.66,14.36,13.49,14.33,3497566,146881040.00
20160318,14.25,15.16,14.17,14.93,3507455,156020240.00
20160321,15.10,15.67,14.77,15.54,3987610,182247536.00
20160322,15.27,16.40,15.23,16.09,4961516,235295312.00
20160323,16.09,16.38,15.56,16.22,4263870,206118784.00
20160324,16.00,17.85,15.82,17.24,8261762,429245568.00
20160325,17.34,17.77,15.77,16.39,7664906,386184000.00
20160328,16.10,16.89,16.05,16.63,4319240,213370464.00
20160329,16.53,16.91,15.93,16.27,4272810,212439632.00
20160330,16.60,17.90,16.47,17.90,7821630,415053856.00
20160331,18.70,19.70,18.44,19.70,12263886,709395712.00
20160401,20.08,21.49,19.77,20.41,15006101,922754560.00
20160405,20.27,20.83,19.92,20.52,9586061,587259968.00
20160406,20.35,22.58,20.33,22.58,11167482,738612736.00
20160407,22.60,24.84,22.10,24.53,13614333,966438848.00
20160408,23.81,24.13,22.07,22.13,13959440,956190080.00
20160411,22.57,23.24,20.97,22.37,36883395,817285824.00
20160412,22.48,22.53,20.13,20.22,41265433,855877248.00
20160413,19.97,20.57,19.80,20.17,30481928,618440000.00
20160414,20.22,20.56,19.77,20.18,29393795,593390656.00
20160415,20.22,20.37,19.54,19.70,20440113,404996704.00
20160418,19.68,20.65,19.27,20.22,31048049,627059392.00
20160419,20.16,20.25,19.50,19.81,22614155,449948256.00
20160420,19.81,20.17,17.83,17.83,29203647,546612608.00
20160421,17.49,18.27,17.35,17.64,16415520,291880992.00
20160422,17.43,18.47,17.43,18.22,17870562,324355904.00
20160425,17.97,17.97,16.97,17.38,14043553,243698992.00
20160426,17.57,18.21,17.39,18.13,16659399,299365376.00
20160427,17.97,18.44,17.80,17.94,18757826,340439008.00
20160428,17.93,18.00,17.17,17.71,13369703,234569792.00
20160429,17.37,17.85,17.30,17.52,8312071,146347648.00
20160503,17.55,18.08,17.32,18.05,12972938,231278992.00
20160504,18.05,18.55,17.89,18.13,16409478,298895136.00
20160505,17.97,19.12,17.81,19.05,24158147,449152352.00
20160506,18.97,18.97,17.35,17.48,23316719,424276608.00
20160509,17.03,17.07,15.78,15.99,12811383,209686848.00
20160510,16.15,16.66,15.97,16.29,9418675,153499552.00
20160511,16.39,16.52,15.79,15.83,7152329,115083536.00
20160512,15.38,15.76,14.80,15.49,6896287,105980520.00
20160513,15.50,15.82,15.17,15.38,5209885,81053392.00
20160516,15.32,15.78,15.23,15.75,5764915,89839528.00
20160517,15.67,15.90,15.49,15.65,6344140,99549680.00
20160518,15.65,15.65,14.88,15.03,7289629,110779600.00
20160519,15.03,15.55,15.03,15.19,5976040,91938280.00
20160520,14.97,15.87,14.85,15.50,6257835,96252608.00
20160523,15.63,15.81,15.52,15.67,6157795,96574440.00
20160524,15.65,15.91,15.32,15.37,5263714,81929256.00
20160525,15.52,15.65,15.07,15.13,5429153,83420528.00
20160526,15.02,15.33,14.58,15.27,7181862,107831512.00
20160527,15.23,15.43,15.06,15.21,4078200,62334080.00
20160530,15.07,15.37,14.69,15.06,3517776,53127916.00
20160531,14.96,15.85,14.96,15.71,9095896,141482464.00
20160601,15.70,16.27,15.58,16.06,11900915,190274160.00
20160602,16.03,16.46,15.87,16.37,12094708,196565680.00
20160603,16.38,16.56,15.97,16.13,10093026,163521888.00
20160606,16.12,16.24,15.91,16.10,5953447,95744704.00
20160607,16.08,16.26,15.99,16.08,5541568,89447696.00
20160608,16.09,16.13,15.72,15.96,6093373,97222016.00
20160613,15.67,15.82,14.76,14.77,6896365,106514264.00
20160614,14.75,14.83,14.48,14.68,4978275,73082536.00
20160615,14.47,15.24,14.42,15.07,5857415,87971696.00
20160616,15.07,15.10,14.83,14.92,4585727,68657800.00
20160617,14.89,15.27,14.89,14.98,4503180,67986040.00
20160620,15.02,15.06,14.68,14.97,3596185,53459656.00
20160621,15.09,15.22,14.67,14.74,4719506,70697176.00
20160622,14.67,14.92,14.47,14.92,3866732,57229540.00
20160623,14.96,15.16,14.76,15.12,5398600,81152872.00
20160624,14.98,15.22,14.25,14.85,7028853,104236472.00
20160627,14.67,15.28,14.65,15.16,5196238,78450776.00
20160628,15.06,15.97,14.95,15.77,12271459,192294512.00
20160629,15.67,16.07,15.66,15.73,8789442,139092128.00
20160630,15.79,15.82,15.52,15.63,5362808,84048624.00
20160701,15.59,15.83,15.30,15.40,6019986,93719024.00
20160704,15.33,15.93,15.25,15.80,7565706,119327488.00
20160705,15.98,15.99,15.60,15.88,6765690,106993072.00
20160706,15.77,16.77,15.77,16.51,16129778,263420544.00
20160707,16.45,16.51,16.07,16.26,10918401,177873552.00
20160708,16.23,16.52,16.23,16.36,7789573,127529576.00
20160711,16.29,16.61,16.05,16.40,11290360,185236160.00
20160712,16.40,16.42,15.76,16.31,9774822,157504464.00
20160713,16.31,16.37,16.03,16.27,7574714,122969312.00
20160714,16.27,16.57,16.19,16.38,8142734,133328200.00
20160715,16.40,16.40,16.07,16.10,4784997,77462528.00
20160718,16.07,16.07,15.80,15.87,4014619,64001036.00
20160719,15.97,16.07,15.80,16.06,3243215,51782012.00
20160720,15.96,16.52,15.96,16.33,8236888,134420496.00
20160721,16.26,16.35,15.99,15.99,8377898,135391856.00
20160722,15.99,16.09,15.30,15.38,8704899,136678800.00
20160725,15.38,15.50,15.07,15.17,7284244,111580880.00
20160726,15.17,15.45,15.17,15.43,3572369,54967236.00
20160727,15.47,15.65,14.25,14.73,7605242,114651896.00
20160728,14.80,14.84,14.38,14.66,3808100,55792268.00
20160729,14.65,14.73,14.50,14.70,2281008,33420776.00
20160801,14.71,14.72,14.07,14.22,3926323,56374540.00
20160802,14.10,14.39,14.10,14.33,2341600,33542098.00
20160803,14.27,14.37,14.27,14.33,2004639,28784008.00
20160804,14.37,14.47,14.28,14.44,2262674,32613834.00
20160805,14.43,14.46,14.32,14.33,1922406,27707042.00
20160808,14.28,14.67,14.28,14.58,2540360,36921572.00
20160809,14.58,14.92,14.58,14.73,3122187,46253864.00
20160810,14.71,14.82,14.57,14.62,2329928,34224428.00
20160811,14.60,14.69,14.28,14.29,2663283,38543056.00
20160812,14.29,14.45,14.25,14.44,1658700,23839540.00
20160815,14.55,14.90,14.32,14.82,4852668,71443568.00
20160816,14.82,15.03,14.74,14.89,4229495,63161564.00
20160817,14.96,15.00,14.67,14.90,3432045,51133312.00
20160818,14.92,15.05,14.72,14.89,3843783,57175736.00
20160819,14.82,15.04,14.82,14.98,3199745,47965820.00
20160822,15.03,15.35,14.72,14.74,4828031,72785048.00
20160823,14.77,14.95,14.68,14.89,2896978,43086724.00
20160824,14.97,15.12,14.92,15.04,3967927,59828864.00
20160825,14.93,14.93,14.67,14.75,3282158,48579908.00
20160826,14.75,15.30,14.75,14.97,4181737,63012768.00
20160829,14.99,15.27,14.98,15.11,3442620,52263492.00
20160830,15.13,15.32,15.07,15.10,2879621,43776452.00
20160831,15.06,15.16,14.99,15.11,2538762,38378044.00
20160901,15.08,15.24,15.02,15.02,2426541,36758544.00
20160902,15.02,15.05,14.83,14.92,2474005,36967252.00
20160905,14.92,15.07,14.84,14.86,1922800,28783724.00
20160906,14.81,15.06,14.72,14.98,2671990,39887052.00
20160907,14.97,15.09,14.92,15.03,3305404,49691284.00
20160908,15.03,16.15,14.95,15.79,10860110,169525536.00
20160909,15.79,15.85,15.53,15.60,8450845,132437224.00
20160912,15.27,15.50,15.02,15.30,4928558,75556752.00
20160913,15.33,15.59,15.30,15.44,2951982,45532644.00
20160914,15.44,15.44,15.13,15.22,3200205,48954272.00
20160919,15.21,15.49,15.18,15.47,3447267,53160516.00
20160920,15.47,15.75,15.39,15.70,4616225,72161424.00
20160921,15.72,16.29,15.72,15.92,6633157,106514840.00
20160922,16.08,16.20,15.85,16.03,4942801,79125144.00
20160923,16.03,16.12,15.85,15.92,4545939,72624192.00
20160926,15.87,15.97,15.57,15.77,4216859,67026904.00
20160927,15.65,15.95,15.65,15.92,3926871,62317244.00
20160928,15.98,16.03,15.85,15.95,2905106,46371968.00
20160929,15.95,16.07,15.92,15.98,3384122,54268868.00
20160930,15.89,16.09,15.89,16.04,3889048,62398372.00
20161010,16.03,16.42,15.98,16.23,3457073,56177796.00
20161011,16.26,16.27,16.10,16.24,3441522,55890396.00
20161012,16.19,16.40,16.17,16.40,4712893,77083952.00
20161013,16.42,17.57,16.27,17.24,10178041,171351776.00
20161014,17.05,18.47,16.97,18.08,18182068,321457472.00
20161017,18.08,18.54,17.82,18.11,17194480,312783072.00
20161018,18.14,18.15,17.46,17.65,16702329,296964832.00
20161019,17.65,17.75,17.17,17.47,12150332,211776864.00
20161020,17.37,17.84,17.37,17.54,9806177,173371360.00
20161021,17.42,17.67,17.07,17.23,5686577,98629040.00
20161024,17.23,17.55,17.17,17.54,5579916,97335408.00
20161025,17.65,18.17,17.47,17.78,8034650,143569120.00
20161026,17.77,18.17,17.25,17.60,9329968,164900976.00
20161027,17.57,17.78,17.33,17.60,6726775,118784912.00
20161028,17.60,18.12,17.26,17.26,8150524,143257936.00
20161031,17.28,17.45,17.01,17.41,3300807,57187016.00
20161101,17.44,17.72,17.27,17.49,4811899,84371104.00
20161102,17.46,17.52,17.15,17.44,4179077,72405104.00
20161103,17.37,17.72,17.37,17.47,6444714,113019144.00
20161104,17.47,17.65,17.34,17.49,7317406,128330536.00
20161107,17.52,17.60,16.94,17.43,7226261,124594184.00
20161108,17.41,17.57,17.15,17.22,5646135,98092832.00
20161109,17.45,17.47,16.75,16.75,6510390,111101088.00
20161110,16.86,17.04,16.45,16.91,6292046,106108848.00
20161111,16.91,17.16,16.85,16.88,5052252,85881768.00
20161114,16.76,17.14,16.73,17.00,4467788,75930272.00
20161115,17.00,17.19,16.89,17.15,4342534,74446064.00
20161116,17.27,17.52,17.17,17.46,6204101,108031056.00
20161117,17.50,17.53,17.22,17.39,3299907,57379168.00
20161118,17.37,17.76,17.24,17.50,5301094,93484256.00
20161121,17.47,17.67,17.32,17.37,4129686,72238464.00
20161122,17.34,17.49,17.17,17.34,4715749,81711144.00
20161123,17.32,17.46,17.17,17.18,4239380,73574776.00
20161124,17.18,17.21,16.76,16.78,4330244,73615880.00
20161125,16.83,16.84,16.15,16.68,4563133,75113928.00
20161128,16.68,16.68,16.35,16.46,3311866,54632972.00
20161129,16.57,16.58,16.34,16.38,3386517,55701860.00
20161130,16.27,16.43,16.05,16.19,3173730,51646968.00
20161201,16.23,16.37,16.13,16.26,2131300,34664112.00
20161202,16.31,16.31,15.48,15.49,4033679,63979272.00
20161205,15.27,15.80,15.20,15.66,2520993,39553404.00
20161206,15.71,16.13,15.71,16.02,2527680,40353008.00
20161207,16.03,16.64,16.03,16.40,4703175,77198240.00
20161208,16.44,16.57,16.08,16.13,2624566,42661836.00
20161209,16.08,16.43,16.08,16.18,1725426,27967278.00
20161212,16.47,16.47,15.07,15.08,4086462,63852164.00
20161213,15.09,15.55,14.89,15.43,2405773,36731324.00
20161214,15.46,15.47,14.92,14.96,2053410,31244866.00
20161215,15.00,15.27,14.97,15.05,2062372,31180666.00
20161216,15.07,15.35,15.00,15.20,2129271,32406138.00
20161219,15.37,15.47,15.20,15.31,1828200,28111658.00
20161220,15.37,16.12,15.31,15.95,3765548,59867924.00
20161221,15.92,16.26,15.92,16.03,1997749,32169348.00
20161222,16.02,16.13,15.71,15.87,1755418,27935132.00
20161223,15.74,16.08,15.74,15.85,1916041,30623426.00
20161226,15.72,16.06,15.57,16.02,1652800,26281318.00
20161227,16.13,16.25,15.91,15.97,1547633,24869000.00
20161228,15.95,16.04,15.74,15.74,1312560,20848066.00
20161229,15.74,15.98,15.67,15.68,1466262,23268900.00
20161230,15.75,15.86,15.43,15.43,1307421,20433952.00
20170103,15.45,16.07,15.45,16.03,2570405,40707392.00
20170414,17.49,17.49,15.00,15.42,15090567,245311440.00
20170417,15.27,15.27,13.88,13.96,11293100,159838576.00
20170418,13.89,13.89,12.74,13.17,5907962,79144408.00
20170419,13.21,13.50,12.98,13.41,3428100,45661708.00
20170420,13.39,13.66,13.12,13.41,2301505,31038222.00
20170421,13.56,13.62,12.99,13.01,2590599,34255624.00
20170424,12.93,12.98,11.78,12.10,4398906,53932344.00
20170425,12.07,12.26,11.89,12.13,2372970,28681288.00
20170426,12.18,12.40,11.98,12.39,1793082,21964790.00
20170427,12.47,12.82,12.24,12.59,1890692,23662224.00
20170428,12.54,12.74,12.40,12.60,1307340,16475126.00
20170502,12.71,12.71,12.42,12.55,1198301,15077849.00
20170503,12.62,12.76,12.55,12.61,1226012,15576215.00
20170504,12.62,12.75,11.97,12.68,1590562,20083412.00
20170505,12.68,12.78,12.51,12.55,1367470,17374248.00
20170508,12.65,12.65,12.12,12.19,1567000,19528862.00
20170509,12.19,12.47,11.77,12.40,1922365,23299764.00
20170510,12.45,12.74,12.25,12.32,1679126,21071762.00
20170511,12.17,12.27,11.85,12.04,2259150,27177752.00
20170512,12.22,12.22,11.84,11.88,1187250,14187914.00
20170515,11.88,12.09,11.37,11.39,1681800,19784650.00
20170516,11.46,12.49,10.57,12.05,5637472,64129388.00
20170517,11.91,12.53,11.91,12.17,6121277,75346616.00
20170518,12.10,13.34,12.10,12.78,8359583,106468336.00
20170519,12.86,13.01,12.58,12.93,4554373,58705736.00
20170522,12.77,13.46,12.77,12.89,7800246,102433312.00
20170523,12.77,12.77,11.60,11.60,5938250,71639840.00
20170524,11.08,11.62,10.71,11.30,3507301,39194640.00
20170525,11.27,11.40,10.86,11.10,3300440,36739148.00
20170526,10.98,11.32,10.98,11.11,2153400,24013530.00
20170531,11.14,11.32,10.73,10.80,4217473,46146244.00
20170601,10.85,10.85,10.15,10.29,3026203,31814358.00
20170602,10.20,10.56,9.96,10.42,2553301,26297766.00
20170605,10.42,10.62,10.23,10.45,1605376,16717745.00
20170606,10.40,10.58,10.25,10.41,1733826,18007396.00
20170607,10.41,10.66,10.30,10.64,2844330,30011392.00
20170608,10.64,11.46,10.54,10.98,3980492,43655328.00
20170609,10.85,10.98,10.50,10.67,2972379,31709952.00
20170612,10.60,10.60,10.37,10.38,1853400,19405700.00
20170613,10.32,10.65,10.31,10.51,1597398,16785012.00
20170614,10.51,10.64,10.40,10.58,1790600,18889266.00
20170615,10.66,10.95,10.58,10.83,2657348,28694472.00
20170616,10.87,10.90,10.62,10.77,1861700,19979286.00
20170619,10.78,10.95,10.68,10.93,2048620,22259080.00
20170620,11.01,11.29,10.98,10.98,3456773,38513012.00
20170621,10.96,11.15,10.83,10.93,1690000,18462424.00
20170622,10.96,11.13,10.63,10.65,2256800,24639006.00
20170623,10.56,10.75,10.42,10.58,2430831,25624464.00
20170626,10.57,10.77,10.49,10.69,1550720,16562996.00
20170627,10.70,10.92,10.62,10.77,1852300,19926728.00
20170628,10.77,10.85,10.48,10.50,1475500,15609511.00
20170629,10.56,10.66,10.46,10.59,1126250,11908257.00
20170630,10.53,10.61,10.42,10.51,1450390,15234380.00
20170703,10.52,10.68,10.51,10.63,2462400,26007144.00
20170704,10.56,10.77,10.56,10.74,2413770,25753786.00
20170705,10.77,10.86,10.71,10.82,1821393,19620268.00
20170706,10.82,10.82,10.65,10.72,1878263,20151356.00
20170707,10.72,10.74,10.45,10.69,2907055,30724360.00
20170710,10.60,10.85,10.59,10.61,2402359,25704294.00
20170711,10.58,10.66,10.36,10.39,1883745,19787216.00
20170712,10.39,10.45,10.19,10.31,1987972,20459294.00
20170713,10.30,10.41,10.21,10.22,1584528,16275794.00
20170714,10.20,10.25,10.09,10.11,1727297,17544578.00
20170717,10.09,10.09,9.10,9.10,4888658,45974160.00
20170718,9.11,9.28,8.82,9.11,2701907,24460996.00
20170719,9.12,9.36,9.01,9.31,1927039,17694086.00
数据来源:通达信
