002836 新宏泽 日线 前复权
      日期	    开盘	    最高	    最低	    收盘	    成交量	    成交额
20161229,4.76,5.73,4.76,5.73,5191,60095.88
20161230,6.31,6.31,6.31,6.31,3100,39742.00
20170103,6.95,6.95,6.95,6.95,2800,39480.00
20170104,7.66,7.66,7.66,7.66,1000,15510.00
20170105,8.43,8.43,8.43,8.43,5300,90418.00
20170106,9.29,9.29,9.29,9.29,6500,122005.00
20170109,10.23,10.23,10.23,10.23,7073,146057.45
20170110,11.26,11.26,11.26,11.26,2200,49984.00
20170111,12.40,12.40,12.40,12.40,19500,487305.00
20170112,13.65,13.65,13.65,13.65,89459,2459228.00
20170113,15.02,15.02,15.02,15.02,311534,9420788.00
20170116,16.53,16.53,16.53,16.53,594913,19786806.00
20170117,18.20,18.20,18.20,18.20,203500,7446065.00
20170118,20.03,20.03,20.03,20.03,90100,3626525.00
20170119,18.91,22.03,18.41,19.39,14285408,556365952.00
20170120,18.65,20.29,18.53,19.78,11381874,448445344.00
20170123,19.55,20.69,19.41,20.50,7323210,296823264.00
20170124,20.40,20.55,19.56,20.49,5859765,237172144.00
20170125,20.38,21.75,20.18,21.40,7375048,309584064.00
20170126,21.40,22.25,20.90,21.95,6081801,262434688.00
20170203,21.90,22.85,21.30,21.89,5014430,220273904.00
20170206,21.96,22.85,21.69,22.85,5733951,255730720.00
20170207,22.85,23.90,22.30,23.06,5646625,261382960.00
20170208,23.10,23.58,22.66,23.48,4741565,219979632.00
20170209,23.34,23.81,22.76,23.44,4905989,228875232.00
20170210,23.49,23.59,22.53,22.54,3417155,158559072.00
20170213,22.84,23.84,22.48,23.64,4885094,227794736.00
20170214,23.90,24.81,23.38,24.65,5115059,247459584.00
20170215,24.70,26.25,24.43,24.82,5518202,278291936.00
20170216,24.75,25.29,24.20,25.05,4141479,205925728.00
20170217,25.09,26.68,24.25,24.93,3771700,191745648.00
20170220,25.18,25.80,24.29,25.11,3791656,190851744.00
20170221,25.40,25.40,24.76,25.06,3038820,152650608.00
20170222,25.04,25.20,24.50,24.56,2692642,134059888.00
20170223,24.74,26.80,24.54,26.20,5484982,281636576.00
20170224,26.19,26.72,25.66,26.01,3013660,157932208.00
20170227,25.71,25.90,25.20,25.43,2225921,113923768.00
20170228,25.29,25.59,24.47,24.81,2306051,116254584.00
20170301,24.81,25.54,24.65,24.87,1432827,72202752.00
20170302,24.81,25.08,24.31,24.89,1378000,68519200.00
20170303,24.81,25.21,24.65,25.20,1186203,59471328.00
20170306,25.30,26.27,25.30,25.84,2295403,119513400.00
20170307,25.80,26.54,25.65,26.13,1749647,91141176.00
20170308,26.19,26.90,25.67,25.96,2307404,122140336.00
20170309,25.90,25.95,24.98,25.34,1895884,97131232.00
20170310,27.88,27.88,27.16,27.88,12029131,670670912.00
20170313,28.84,30.68,28.41,30.68,13182211,784500672.00
20170314,29.74,30.90,29.48,30.90,9196510,557176064.00
20170315,31.20,33.90,31.20,31.65,10606455,695124608.00
20170316,32.70,34.83,32.15,34.83,7971023,533237408.00
20170317,35.90,38.32,35.40,36.67,9717509,718793216.00
20170320,36.69,40.35,36.40,40.35,7429380,577348416.00
20170321,41.07,43.20,38.55,40.91,10175039,834366912.00
20170322,40.90,44.58,39.90,43.48,8382540,699420544.00
20170323,42.40,43.77,39.12,39.15,9675125,787386048.00
20170324,39.82,40.75,38.25,39.48,7682836,609274048.00
20170327,38.90,40.85,37.90,40.29,6694993,533094592.00
20170328,39.89,40.25,36.93,38.75,7066630,546605568.00
20170329,38.64,39.15,37.48,39.10,5026462,388020480.00
20170330,37.90,38.20,35.18,35.18,5975900,432588640.00
20170331,35.40,37.19,34.91,36.26,5318787,385969344.00
20170405,34.40,34.65,32.63,34.11,4929628,330822624.00
20170406,33.66,37.53,33.66,37.53,7042088,511741088.00
20170407,36.40,37.35,35.24,36.05,5834956,424241920.00
20170410,32.46,34.38,32.44,33.16,5580212,368300256.00
20170411,32.85,35.89,32.54,34.44,4335117,300097568.00
20170412,34.39,34.40,31.06,32.30,3973670,255965424.00
20170413,32.05,33.04,30.87,31.05,3187240,203500880.00
20170414,31.00,34.16,30.00,32.35,12135644,402883232.00
20170417,29.20,30.48,29.12,29.12,3070900,89922072.00
20170418,26.60,27.90,26.21,26.21,9175414,245543168.00
20170419,25.90,27.46,25.66,27.10,8797400,236303168.00
20170420,26.72,26.95,24.41,26.11,8303766,213750464.00
20170421,26.15,26.81,25.25,25.60,5869090,152773312.00
20170424,24.50,25.00,23.14,24.48,6145700,147791312.00
20170425,24.88,26.50,24.41,25.22,7557632,191875984.00
20170426,25.50,27.74,25.30,27.74,4325474,117852064.00
20170427,28.95,30.51,28.10,30.51,18044044,529437024.00
20170428,31.69,33.56,30.55,33.56,16648954,541654016.00
20170502,33.56,36.81,32.10,36.00,18768578,651853376.00
20170503,35.87,39.60,34.80,39.60,14405327,546480256.00
20170504,38.81,42.00,37.09,39.98,22822352,895036480.00
20170505,38.36,39.38,36.00,36.01,17809601,667675136.00
20170508,37.05,39.02,36.13,37.09,17288479,648926464.00
20170509,36.00,40.80,35.30,40.80,17576760,674839360.00
20170510,42.33,44.50,40.81,41.74,25152972,1068438528.00
20170511,37.57,39.00,37.57,38.03,18217591,691043456.00
20170512,37.80,39.98,37.66,39.21,16011464,626755648.00
20170515,37.86,42.91,36.11,40.98,19992360,786652544.00
20170516,40.08,45.08,39.84,45.08,19659701,838478080.00
20170517,47.00,47.78,42.57,43.28,23761624,1068557760.00
20170518,41.01,45.00,41.01,43.30,16377598,714407168.00
20170519,41.88,42.80,39.01,39.80,14293667,581088448.00
20170522,40.35,41.00,37.11,37.88,10406698,406405696.00
20170523,37.57,38.16,34.23,34.51,10009556,363191616.00
20170524,34.68,35.50,33.45,34.95,9030800,312938432.00
20170525,35.40,35.88,32.00,33.66,9645899,326751584.00
20170526,33.29,37.03,32.29,37.03,13775223,480376448.00
20170531,38.50,40.73,37.99,39.17,18474698,729483264.00
20170601,39.10,39.10,35.25,35.45,12076761,444807584.00
20170602,34.00,39.00,34.00,39.00,13562087,505209472.00
20170605,39.59,41.99,39.00,39.35,18271249,733067776.00
20170606,37.52,41.80,37.46,40.94,16315827,656896000.00
20170607,40.52,44.30,40.52,42.98,18444235,783245440.00
20170608,42.44,42.50,40.46,41.31,15338989,636393216.00
20170609,40.30,42.60,40.02,40.43,10816897,447299680.00
20170612,39.39,39.90,37.55,37.82,9840219,377494272.00
20170613,38.00,40.90,38.00,40.44,10894944,431442272.00
20170614,39.99,40.26,38.80,38.92,8232714,324425056.00
20170615,38.59,40.35,38.59,38.62,7489549,294455840.00
20170616,38.80,39.78,37.76,38.65,7189613,278371360.00
20170619,37.70,38.53,37.50,37.88,5582824,211650784.00
20170620,38.00,39.97,37.81,38.99,9352516,365778048.00
20170621,38.30,38.89,37.67,38.42,5870240,224200560.00
20170622,38.60,40.96,38.60,39.07,11534299,459037856.00
20170623,37.30,39.98,36.00,39.07,8989252,341169664.00
20170626,38.88,39.30,38.00,38.43,5071366,194895296.00
20170627,38.28,38.83,37.60,38.01,4729663,180446320.00
20170628,37.88,38.00,37.05,37.20,4304962,160710864.00
20170629,37.51,37.63,36.80,36.85,3911000,144915648.00
20170630,36.90,37.76,36.68,37.00,3888763,144994544.00
20170703,37.00,37.00,36.01,36.21,4035488,146257232.00
20170704,36.49,36.73,36.04,36.40,3187625,115731496.00
20170705,36.41,36.90,36.22,36.68,3588795,131303984.00
20170706,36.68,36.68,35.51,35.73,5029700,180742496.00
20170707,35.60,36.86,35.21,36.08,5249349,190113504.00
20170710,35.60,35.60,33.48,33.80,5719400,197244144.00
20170711,33.79,34.30,32.11,32.28,4379650,144469056.00
20170712,32.10,34.05,30.20,33.15,7498936,241288320.00
20170713,32.53,32.90,31.64,31.65,3851823,123411656.00
20170714,31.63,34.00,30.85,33.08,7505007,248380576.00
20170717,32.18,32.80,29.77,29.77,6304600,194052176.00
20170718,29.21,30.60,29.21,30.23,3973699,119472328.00
20170719,29.85,30.50,29.55,30.30,3805700,114573880.00
数据来源:通达信
