002870 香山股份 日线 前复权
      日期	    开盘	    最高	    最低	    收盘	    成交量	    成交额
20170515,24.53,29.43,24.53,29.43,9040,261882.20
20170516,32.37,32.37,32.37,32.37,5182,167741.34
20170517,35.61,35.61,35.61,35.61,4916,175058.77
20170518,39.17,39.17,39.17,39.17,6552,256641.84
20170519,43.09,43.09,43.09,43.09,54679,2356118.00
20170522,47.40,47.40,39.08,40.12,11748041,497415552.00
20170523,38.68,41.78,38.51,40.82,9893295,401642336.00
20170524,39.20,43.18,39.00,42.22,9546102,395680608.00
20170525,41.62,42.22,39.00,39.67,7679397,308524768.00
20170526,40.18,42.69,39.34,40.89,7938820,324920800.00
20170531,43.07,44.98,42.11,44.98,15321554,677934336.00
20170601,42.00,44.00,40.60,40.70,10171794,430629056.00
20170602,39.39,42.99,37.90,42.19,9116706,373400224.00
20170605,43.19,43.88,40.39,40.46,8783151,373271584.00
20170606,39.18,41.80,39.00,40.67,6601189,266111248.00
20170607,40.75,42.68,40.13,42.09,9098109,378105152.00
20170608,41.80,41.84,39.02,39.66,9485478,382283296.00
20170609,39.11,39.50,38.34,39.03,4573086,177948736.00
20170612,38.05,38.08,35.18,35.20,6313858,230648672.00
20170613,35.10,36.18,35.10,35.79,3618779,129184080.00
20170614,35.48,35.94,34.43,34.76,3443502,120416232.00
20170615,35.00,35.88,34.71,35.43,3176909,112798088.00
20170616,35.38,35.57,35.02,35.24,1854675,65384528.00
20170619,35.22,35.55,35.01,35.36,1517659,53528908.00
20170620,35.60,35.79,35.22,35.30,2072114,73542272.00
20170621,35.47,36.00,34.86,35.97,3407396,121392272.00
20170622,35.87,35.87,34.66,34.66,3060863,107970760.00
20170623,34.41,34.41,33.20,33.86,2786896,94429744.00
20170626,33.75,34.17,33.33,33.97,1564143,52807136.00
20170627,33.97,34.40,33.60,33.89,1419499,48343168.00
20170628,33.70,33.70,32.91,32.99,2038975,67796592.00
20170629,33.14,33.32,32.96,33.14,1187057,39341276.00
20170630,33.00,33.93,32.90,33.55,2167822,72657888.00
20170703,33.46,33.85,33.41,33.83,1323943,44596604.00
20170704,33.82,33.91,33.45,33.52,1212607,40851220.00
20170705,33.52,34.33,33.47,34.17,2132927,72635784.00
20170706,34.03,34.88,34.00,34.77,3192363,109959784.00
20170707,34.64,35.74,34.55,35.50,3549397,125423872.00
20170710,34.91,35.19,33.62,33.84,2879165,98975272.00
20170711,33.84,33.99,33.11,33.12,1637298,54814972.00
20170712,33.13,33.29,32.27,33.28,1880230,61607560.00
20170713,33.14,33.28,32.53,32.68,1097903,36058016.00
20170714,32.80,32.95,32.41,32.58,914582,29893088.00
20170717,31.98,31.98,29.32,29.32,2625668,79100240.00
20170718,29.01,29.97,29.00,29.71,1220630,36022820.00
20170719,29.60,29.84,29.25,29.75,1075929,31879936.00
数据来源:通达信
