002878 元隆雅图 日线 前复权
      日期	    开盘	    最高	    最低	    收盘	    成交量	    成交额
20170606,17.38,20.85,17.38,20.85,8800,182268.00
20170607,22.94,22.94,22.94,22.94,3300,75702.00
20170608,25.23,25.23,25.23,25.23,5200,131196.00
20170609,27.75,27.75,27.75,27.75,3400,94350.00
20170612,30.53,30.53,30.53,30.53,16600,506798.00
20170613,33.58,33.58,33.58,33.58,24600,826068.00
20170614,36.94,36.94,36.94,36.94,89000,3287660.00
20170615,40.63,40.63,40.63,40.63,222200,9027986.00
20170616,44.69,44.69,42.32,43.00,12012822,525239968.00
20170619,41.00,41.60,38.75,38.75,8836146,351891584.00
20170620,38.85,39.85,38.13,38.89,6216310,242359280.00
20170621,38.78,40.38,38.46,39.30,5105953,201465424.00
20170622,39.54,39.56,37.70,37.93,5038960,193879216.00
20170623,37.50,37.99,35.81,36.63,3912937,144467040.00
20170626,36.31,36.98,35.84,36.75,2576222,93936880.00
20170627,36.66,37.20,36.22,36.88,2944333,108171520.00
20170628,36.51,36.70,35.55,35.57,2294849,82502736.00
20170629,35.56,35.98,35.37,35.58,1481555,52867288.00
20170630,35.48,38.40,35.42,36.81,3638407,134446016.00
20170703,36.37,36.97,36.21,36.76,1692365,61891828.00
20170704,36.73,38.00,36.55,37.22,2268524,84439736.00
20170705,37.10,38.42,36.81,38.23,3678472,139797232.00
20170706,38.01,39.30,37.80,38.38,3571236,137573968.00
20170707,38.36,40.20,38.16,39.19,4694742,184198864.00
20170710,38.10,38.18,36.53,36.76,3028478,112846456.00
20170711,36.49,36.80,35.80,35.83,1541346,55924336.00
20170712,35.85,37.00,35.52,36.85,1536009,55637292.00
20170713,36.77,37.37,36.00,36.26,1431349,52216856.00
20170714,36.23,36.23,35.10,35.10,1311541,46806320.00
20170717,35.00,35.00,31.59,31.59,2338215,75722840.00
20170718,31.46,32.15,31.21,31.88,1226916,38972924.00
20170719,31.75,31.95,31.24,31.66,978315,30979924.00
数据来源:通达信
