300061 康耐特 日线 前复权
      日期	    开盘	    最高	    最低	    收盘	    成交量	    成交额
20100319,6.53,7.06,6.53,7.02,9887523,277558400.00
20100322,6.82,7.10,6.78,6.97,5482845,157688624.00
20100323,6.87,6.92,6.69,6.83,3157167,88836648.00
20100324,6.83,7.21,6.73,7.08,4564955,132349560.00
20100325,7.03,7.71,7.00,7.44,4607648,139958192.00
20100326,7.26,7.33,7.03,7.21,2576838,76241016.00
20100329,7.23,7.45,7.09,7.35,2457329,73734456.00
20100330,7.35,7.57,7.29,7.43,2098663,64518436.00
20100331,7.40,7.75,7.40,7.57,2506801,78951040.00
20100401,7.75,7.87,7.58,7.59,3047379,97530208.00
20100402,7.46,7.72,7.46,7.57,1780103,55457944.00
20100406,7.57,7.73,7.57,7.70,1853224,58506204.00
20100407,7.89,7.97,7.74,7.82,2164676,70099936.00
20100408,7.87,7.87,7.58,7.59,2028040,64462064.00
20100409,7.57,7.71,7.51,7.71,1238319,39108180.00
20100412,7.80,7.84,7.65,7.75,1496767,47872408.00
20100413,7.71,7.71,7.03,7.19,1791926,54556024.00
20100414,7.19,7.41,7.19,7.35,1102608,33214670.00
20100415,7.36,7.45,6.95,7.14,1509520,44880932.00
20100416,7.03,7.24,6.96,7.15,494135,14609312.00
20100419,6.99,7.24,6.91,6.91,754296,22000604.00
20100420,6.91,6.98,6.60,6.81,729354,20255072.00
20100421,6.82,6.99,6.77,6.94,684984,19571128.00
20100422,6.92,7.15,6.87,7.05,920465,26758226.00
20100423,7.02,7.16,6.94,7.06,737586,21533236.00
20100426,7.09,7.09,6.96,6.96,399606,11595525.00
20100427,6.89,6.89,6.41,6.51,563635,15360435.00
20100428,6.43,6.56,6.28,6.36,399872,10570433.00
20100429,6.36,6.46,6.28,6.28,356139,9409731.00
20100430,6.30,6.40,5.94,6.03,564627,14231492.00
20100504,5.82,6.06,5.82,5.99,264831,6560382.50
20100505,5.83,6.33,5.82,6.28,525547,13340793.00
20100506,6.27,6.28,5.95,5.97,400588,10146650.00
20100507,5.88,6.04,5.80,5.92,282536,6929364.00
20100510,5.92,6.02,5.64,5.82,469430,11314774.00
20100511,5.90,5.96,5.60,5.60,497492,11919391.00
20100512,5.48,5.59,5.32,5.40,456545,10268617.00
20100513,5.42,5.47,5.16,5.41,477200,10529970.00
20100514,5.36,5.48,5.26,5.47,342484,7652667.00
20100517,5.41,5.41,4.97,4.97,292164,6336317.00
20100518,4.94,5.01,4.76,4.96,513712,10369045.00
20100519,4.86,5.11,4.83,5.01,449806,9308582.00
20100520,4.95,5.05,4.85,4.90,289145,5937841.00
20100521,4.76,5.12,4.72,5.11,471234,9614108.00
20100524,5.05,5.40,5.05,5.38,706762,15523256.00
20100525,5.36,5.45,5.29,5.38,492692,10934821.00
20100526,5.37,5.59,5.29,5.54,674404,15428280.00
20100527,5.52,5.72,5.36,5.69,979535,22653976.00
20100528,5.69,5.73,5.63,5.66,605371,14241471.00
20100531,5.65,5.72,5.33,5.35,360798,8353734.00
20100601,5.31,5.35,4.94,5.08,429938,9138056.00
20100602,5.06,5.16,4.96,5.15,214152,4512059.00
20100604,5.31,5.31,5.14,5.27,593696,12943478.00
20100607,5.16,5.50,5.07,5.45,624423,13905577.00
20100608,5.55,5.57,5.44,5.52,540318,12304885.00
20100609,5.51,5.75,5.51,5.61,637489,14906223.00
20100610,5.67,5.75,5.56,5.72,523934,12346487.00
20100611,5.76,5.96,5.69,5.89,781105,18908654.00
20100617,5.87,5.92,5.50,5.50,704709,16713099.00
20100618,5.53,5.58,5.26,5.37,429599,9618027.00
20100621,5.03,5.60,4.97,5.58,2813373,61204044.00
20100622,5.55,5.60,5.43,5.44,1188623,27163486.00
20100623,5.44,5.48,5.28,5.44,964723,21476070.00
20100624,5.42,5.50,5.36,5.42,587191,13182222.00
20100625,5.42,5.63,5.21,5.29,1019457,22777302.00
20100628,5.22,5.36,5.14,5.17,521662,11354794.00
20100629,5.23,5.23,4.74,4.75,932024,18815382.00
20100630,4.63,4.76,4.58,4.72,436010,8417845.00
20100701,4.75,4.75,4.58,4.59,356212,6871958.50
20100702,4.61,4.65,4.34,4.55,474569,8858656.00
20100705,4.48,4.60,4.38,4.51,290227,5401406.00
20100706,4.51,4.66,4.48,4.63,503354,9612096.00
20100707,4.60,4.68,4.60,4.65,420927,8104786.00
20100708,4.67,4.69,4.56,4.65,450515,8652208.00
20100709,4.65,4.79,4.58,4.78,608242,11912463.00
20100712,4.89,4.89,4.75,4.79,503141,10025251.00
20100713,4.73,4.75,4.62,4.73,361299,7032341.50
20100714,4.76,4.82,4.70,4.72,451749,8928763.00
20100715,4.75,4.75,4.25,4.53,461269,8832960.00
20100716,4.51,4.56,4.44,4.55,291100,5441902.00
20100719,4.53,4.66,4.47,4.65,324525,6176271.50
20100720,4.61,4.76,4.60,4.74,493166,9663152.00
20100721,4.74,4.87,4.72,4.78,644223,12836992.00
20100722,4.78,4.84,4.73,4.81,382856,7635904.00
20100723,4.80,4.88,4.75,4.87,765676,15349358.00
20100726,4.88,4.90,4.78,4.88,540634,10872319.00
20100727,4.84,4.94,4.82,4.84,426350,8611625.00
20100728,4.87,5.01,4.84,4.96,672619,13739381.00
20100729,4.94,5.06,4.92,5.04,859332,17874842.00
20100730,5.06,5.06,4.94,4.99,499831,10375739.00
20100802,4.99,5.16,4.95,5.11,661133,13938523.00
20100803,5.13,5.13,5.00,5.01,521702,10936035.00
20100804,4.97,5.06,4.86,5.00,473941,9722103.00
20100805,4.98,5.11,4.98,5.01,654793,13692982.00
20100806,5.00,5.15,5.00,5.14,551605,11619135.00
20100809,5.18,5.30,5.14,5.30,834152,18088766.00
20100810,5.28,5.29,5.01,5.01,1062497,22767538.00
20100811,5.01,5.09,5.01,5.08,516075,10795422.00
20100812,5.04,5.10,4.94,5.01,440593,9219824.00
20100813,5.00,5.15,5.00,5.13,457577,9636406.00
20100816,5.13,5.33,4.99,5.25,815780,17738284.00
20100817,5.25,5.45,5.25,5.40,983020,21955082.00
20100818,5.41,5.43,5.26,5.36,540153,11968692.00
20100819,5.39,5.43,5.30,5.39,522886,11615256.00
20100820,5.37,5.37,5.22,5.23,515184,11283185.00
20100823,5.18,5.29,5.18,5.24,328841,7129808.00
20100824,5.31,5.36,5.26,5.35,510003,11244816.00
20100825,5.27,5.37,5.12,5.15,395940,8595729.00
20100826,5.12,5.21,5.08,5.18,352102,7496004.00
20100827,5.13,5.21,5.07,5.21,523489,11193057.00
20100830,5.21,5.37,5.19,5.37,781721,17163902.00
20100831,5.34,5.37,5.26,5.34,497322,10956707.00
20100901,5.34,5.37,5.16,5.20,487167,10647255.00
20100902,5.23,5.36,5.20,5.35,706599,15512756.00
20100903,5.38,5.67,5.36,5.52,1187516,27151728.00
20100906,5.54,5.59,5.29,5.36,786142,17621494.00
20100907,5.36,5.42,5.34,5.42,411977,9185070.00
20100908,5.38,5.52,5.38,5.48,467666,10594957.00
20100909,5.48,5.58,5.41,5.42,715497,16284567.00
20100910,5.47,5.50,5.34,5.47,524648,11814239.00
20100913,5.50,5.67,5.48,5.60,939451,21804068.00
20100914,5.65,5.65,5.53,5.63,499681,11591029.00
20100915,5.63,5.63,5.46,5.46,584724,13404485.00
20100916,5.47,5.51,5.26,5.35,518198,11476518.00
20100917,5.35,5.55,5.31,5.38,409036,9210094.00
20100921,5.27,5.37,5.11,5.14,473415,10192932.00
20100927,5.14,5.22,5.10,5.20,312413,6695444.50
20100928,5.20,5.21,5.11,5.12,398080,8493426.00
20100929,5.12,5.17,5.01,5.10,299963,6341640.00
20100930,5.08,5.17,5.05,5.14,126583,2683234.75
20101008,5.16,5.29,5.16,5.26,262411,5708208.50
20101011,5.28,5.28,5.18,5.21,503220,10872019.00
20101012,5.19,5.28,5.19,5.27,450570,9811489.00
20101013,5.27,5.37,5.21,5.37,530651,11643751.00
20101014,5.37,5.41,5.16,5.36,752362,16549757.00
20101015,5.35,5.35,5.21,5.31,261374,5706374.50
20101018,5.26,5.51,5.07,5.30,409163,8793811.00
20101019,5.26,5.70,5.26,5.63,1237873,28742136.00
20101020,5.55,5.77,5.42,5.68,935182,21921538.00
20101021,5.69,5.84,5.48,5.58,386416,8912954.00
20101022,5.59,5.74,5.56,5.62,351800,8229589.50
20101025,5.61,5.67,5.56,5.64,824942,19244996.00
20101026,5.60,5.67,5.48,5.53,755465,17361054.00
20101027,5.53,5.58,5.50,5.54,418410,9604068.00
20101028,5.56,5.56,5.48,5.55,313169,7165976.50
20101029,5.50,5.67,5.34,5.59,689778,16015614.00
20101101,5.60,5.77,5.58,5.72,752307,17730380.00
20101102,5.72,5.72,5.50,5.55,643822,14961390.00
20101103,5.46,5.57,5.46,5.49,294184,6719837.50
20101104,5.53,5.55,5.49,5.55,259892,5938659.50
20101105,5.56,5.60,5.51,5.55,305520,7013007.50
20101108,5.56,5.67,5.55,5.67,440997,10300423.00
20101109,5.68,5.73,5.61,5.72,584931,13744091.00
20101110,5.73,5.86,5.68,5.80,660910,15897619.00
20101111,5.77,5.89,5.72,5.75,625519,15052208.00
20101112,5.72,5.75,5.17,5.33,674700,15548274.00
20101115,5.38,5.62,5.34,5.61,544816,12383335.00
20101116,5.61,5.79,5.40,5.49,561655,13007377.00
20101117,5.50,5.59,5.44,5.47,315474,7211112.00
20101118,5.47,5.57,5.47,5.56,247616,5671436.00
20101119,5.57,5.80,5.57,5.75,859571,20325458.00
20101122,5.76,6.24,5.71,5.96,1450021,36019736.00
20101123,5.97,6.04,5.80,6.03,738336,18040090.00
20101124,6.02,6.08,5.93,6.06,832770,20748212.00
20101125,6.04,6.11,5.88,5.92,736542,18145876.00
20101126,5.86,5.98,5.86,5.91,328560,8062698.50
20101129,5.93,6.04,5.87,6.00,538882,13259497.00
20101130,6.00,6.00,5.55,5.75,654440,15563158.00
20101201,5.73,5.80,5.69,5.75,224504,5352164.50
20101202,5.81,5.89,5.76,5.84,273900,6609382.00
20101203,5.83,5.87,5.59,5.75,354748,8398331.00
20101206,5.63,5.80,5.55,5.59,450936,10490453.00
20101207,5.62,5.70,5.50,5.66,201948,4705170.00
20101208,5.66,5.68,5.62,5.63,138862,3247426.00
20101209,5.56,5.62,5.55,5.58,256353,5917824.00
20101210,5.58,5.67,5.58,5.66,257250,6012156.50
20101213,5.69,5.84,5.66,5.82,801107,19192676.00
20101214,5.80,5.87,5.75,5.82,437038,10508444.00
20101215,5.82,5.87,5.76,5.83,448690,10812827.00
20101216,5.81,5.89,5.81,5.83,446770,10840896.00
20101217,5.83,5.93,5.82,5.92,512792,12467373.00
20101220,5.93,5.96,5.59,5.80,545435,13128547.00
20101221,5.76,5.88,5.76,5.86,304576,7361731.50
20101222,5.91,5.91,5.77,5.80,298332,7215445.50
20101223,5.80,5.84,5.72,5.72,234416,5589985.00
20101224,5.67,5.73,5.63,5.67,364049,8560923.00
20101227,5.68,5.74,5.46,5.50,256600,5945937.50
20101228,5.51,5.51,5.36,5.39,237197,5309451.50
20101229,5.39,5.82,5.39,5.58,196111,4456695.00
20101230,5.58,5.63,5.48,5.57,127102,2927904.50
20101231,5.61,5.69,5.55,5.64,189302,4424147.00
20110104,5.67,5.72,5.66,5.68,268413,6329331.00
20110105,5.70,6.04,5.65,5.83,1682133,40185944.00
20110106,5.75,5.80,5.69,5.72,509897,12128595.00
20110107,5.67,5.73,5.56,5.63,231700,5443318.00
20110110,5.65,5.65,5.43,5.47,262100,6027267.00
20110111,5.47,5.50,5.40,5.49,199418,4500570.50
20110112,5.47,5.55,5.43,5.55,139800,3181210.00
20110113,5.53,5.58,5.48,5.48,110600,2529429.00
20110114,5.42,5.50,5.37,5.43,157588,3527704.50
20110117,5.40,5.43,5.07,5.11,207777,4501436.50
20110118,5.11,5.15,5.07,5.11,104492,2213940.00
20110119,5.08,5.21,5.08,5.21,103444,2210259.25
20110120,5.20,5.22,5.01,5.01,142801,3026586.25
20110121,4.89,5.05,4.89,5.00,244699,5038196.50
20110124,4.94,5.00,4.77,4.79,223300,4493991.00
20110125,4.77,4.84,4.77,4.79,108095,2145578.50
20110126,4.79,4.94,4.79,4.92,114231,2313810.25
20110127,4.85,5.01,4.83,4.97,166951,3414527.25
20110128,4.90,5.06,4.90,4.99,129421,2665476.00
20110131,4.93,5.06,4.93,5.05,98587,2051722.00
20110201,4.98,5.08,4.98,5.05,80151,1678861.63
20110209,5.19,5.19,4.99,4.99,188282,3968328.25
20110210,4.95,5.11,4.90,5.09,191480,4005704.25
20110211,5.09,5.16,5.08,5.13,325222,6890190.50
20110214,5.13,5.22,5.09,5.22,321626,6886005.50
20110215,5.18,5.31,5.17,5.17,295410,6381743.00
20110216,5.21,5.21,5.13,5.21,371113,7973035.00
20110217,5.21,5.26,5.17,5.20,280600,6060653.50
20110218,5.19,5.23,5.13,5.18,241181,5163128.00
20110221,5.10,5.26,5.10,5.23,269352,5815316.00
20110222,5.21,5.24,5.07,5.12,379559,8085650.00
20110223,5.07,5.16,5.05,5.13,276912,5864104.50
20110224,5.11,5.18,5.11,5.16,261765,5591294.50
20110225,5.21,5.21,5.14,5.16,181661,3888881.25
20110228,5.16,5.23,5.12,5.22,247109,5302482.00
20110301,5.19,5.27,5.19,5.27,317580,6896015.00
20110302,5.25,5.26,5.15,5.23,293684,6346344.50
20110303,5.21,5.25,5.15,5.15,274502,5911544.50
20110304,5.12,5.19,5.12,5.16,238106,5086942.00
20110307,5.17,5.17,5.13,5.16,497101,10603951.00
20110308,5.14,5.16,5.11,5.14,376564,8017340.50
20110309,5.13,5.19,5.12,5.17,490172,10501223.00
20110310,5.06,5.12,5.01,5.05,863022,18131860.00
20110311,5.06,5.11,5.04,5.05,427869,8997960.00
20110314,5.04,5.09,5.01,5.08,468229,9824390.00
20110315,5.06,5.08,4.90,4.99,421233,8707174.00
20110316,4.99,5.03,4.96,5.02,487562,10124171.00
20110317,4.99,5.15,4.90,5.07,714300,15034521.00
20110318,4.97,5.19,4.97,5.04,278328,5835122.50
20110321,5.01,5.08,4.99,5.03,145800,3036905.50
20110322,5.00,5.06,4.98,5.01,178463,3709159.00
20110323,4.99,5.08,4.98,5.08,277218,5796675.50
20110324,5.08,5.09,5.04,5.06,189392,3971920.00
20110325,5.04,5.08,5.02,5.05,183988,3857571.00
20110328,5.06,5.09,5.00,5.01,264310,5526541.00
20110329,4.98,5.01,4.87,4.89,344711,7040303.00
20110330,4.88,4.93,4.80,4.85,203611,4098202.75
20110331,4.84,4.89,4.82,4.87,191822,3874079.50
20110401,4.90,4.90,4.85,4.90,107909,2183690.00
20110406,4.90,4.90,4.84,4.89,119961,2421637.25
20110407,4.89,4.89,4.84,4.87,159900,3224864.50
20110408,4.86,4.91,4.85,4.90,181791,3684371.25
20110411,4.90,5.06,4.86,4.94,323499,6593374.50
20110412,4.95,4.97,4.89,4.97,290238,5928441.00
20110413,4.97,4.97,4.90,4.94,304375,6218014.50
20110414,4.94,4.96,4.91,4.92,149110,3049458.25
20110415,4.92,4.94,4.87,4.88,120200,2441110.00
20110418,4.88,4.88,4.81,4.84,311407,6238579.50
20110419,4.82,4.82,4.77,4.79,166923,3315722.75
20110420,4.78,4.83,4.78,4.83,138297,2758614.75
20110421,4.84,4.86,4.80,4.84,183860,3678294.50
20110422,4.82,4.82,4.72,4.76,210800,4186180.00
20110425,4.77,4.77,4.61,4.67,197907,3860243.75
20110426,4.59,4.66,4.56,4.59,125741,2402340.25
20110428,4.59,4.59,4.40,4.40,213749,3961582.25
20110429,4.45,4.45,4.38,4.45,102701,1886739.25
20110503,4.43,4.47,4.43,4.47,93251,1725447.88
20110504,4.47,4.48,4.31,4.39,81400,1493104.00
20110505,4.33,4.41,4.33,4.39,119890,2187113.25
20110506,4.40,4.44,4.35,4.40,71018,1298701.50
20110509,4.41,4.46,4.41,4.45,75913,1400596.63
20110510,4.41,4.44,4.40,4.44,79607,1460077.25
20110511,4.45,4.45,4.40,4.43,80790,1486242.00
20110512,4.41,4.52,4.41,4.43,165431,3054562.00
20110513,4.45,4.49,4.42,4.49,151039,2793061.50
20110516,4.50,4.52,4.45,4.47,93700,1747016.00
20110517,4.45,4.48,4.42,4.43,67801,1249454.38
20110518,4.41,4.44,4.38,4.41,132505,2426195.75
20110519,4.42,4.45,4.40,4.45,139145,2563529.75
20110520,4.40,4.44,4.37,4.40,100751,1837503.50
20110523,4.45,4.45,4.12,4.12,140100,2472333.00
20110524,4.27,4.30,4.09,4.27,159968,2808194.00
20110525,4.24,4.27,4.19,4.19,126089,2212847.50
20110526,4.19,4.22,4.15,4.16,51891,899862.00
20110527,4.16,4.21,4.13,4.18,116902,2027369.13
20110530,4.19,4.29,4.15,4.24,134618,2373670.75
20110531,4.28,4.29,4.22,4.29,103965,1837401.38
20110601,4.25,4.31,4.25,4.30,72102,1282814.63
20110602,4.26,4.26,4.17,4.23,119049,2078612.00
20110603,4.23,4.31,4.23,4.26,67399,1195184.25
20110607,4.28,4.28,4.24,4.27,46000,816888.00
20110608,4.24,4.24,4.14,4.21,167162,2900268.75
20110609,4.18,4.21,4.14,4.14,141650,2457035.00
20110610,4.15,4.17,4.07,4.13,99800,1706927.00
20110613,4.07,4.14,4.07,4.14,115300,1977794.00
20110614,4.14,4.18,4.14,4.17,105580,1827237.88
20110615,4.13,4.17,4.11,4.14,66200,1142420.00
20110616,4.16,4.16,4.08,4.08,45905,784265.88
20110617,4.08,4.09,3.98,3.98,78201,1315143.88
20110620,4.00,4.00,3.89,3.91,70499,1153216.75
20110621,3.92,4.00,3.91,3.94,176920,2912267.50
20110622,3.97,3.97,3.92,3.93,52740,863350.38
20110623,3.90,4.03,3.87,4.02,324463,5387890.50
20110624,3.98,4.12,3.98,4.12,198776,3356854.50
20110627,4.33,4.33,4.14,4.15,190750,3310470.75
20110628,4.14,4.15,4.06,4.14,194709,3323342.75
20110629,4.14,4.16,4.09,4.09,105400,1805194.00
20110630,4.04,4.16,4.04,4.14,118600,2036474.00
20110701,4.17,4.24,4.14,4.20,640056,11091549.00
20110704,4.18,4.27,4.17,4.25,513100,8996532.00
20110705,4.24,4.26,4.21,4.23,167585,2945573.75
20110706,4.21,4.26,4.21,4.26,193956,3416271.00
20110707,4.25,4.32,4.23,4.26,372713,6630220.00
20110708,4.24,4.27,4.19,4.20,241410,4232590.50
20110711,4.20,4.25,4.16,4.22,229612,4010491.00
20110712,4.19,4.21,4.15,4.17,245523,4261926.00
20110713,4.19,4.26,4.17,4.26,235358,4132476.00
20110714,4.23,4.38,4.23,4.38,482329,8672106.00
20110715,4.34,4.45,4.34,4.42,566463,10344279.00
20110718,4.44,4.45,4.34,4.37,376656,6849310.50
20110719,4.34,4.34,4.27,4.27,273315,4878092.50
20110720,4.31,4.33,4.26,4.29,204352,3642449.00
20110721,4.29,4.33,4.26,4.27,155221,2763355.25
20110722,4.30,4.33,4.28,4.32,123771,2213087.00
20110725,4.31,4.31,4.10,4.11,236078,4098843.50
20110726,4.09,4.13,4.04,4.07,125649,2129785.75
20110727,4.04,4.15,4.02,4.15,141780,2424894.50
20110728,4.11,4.15,4.06,4.12,144800,2466694.00
20110729,4.13,4.14,4.07,4.09,123906,2113539.00
20110801,4.09,4.16,4.08,4.14,100956,1733858.75
20110802,4.10,4.35,4.02,4.34,689429,12176902.00
20110803,4.30,4.42,4.22,4.34,781466,14152211.00
20110804,4.31,4.38,4.23,4.28,329980,5889710.00
20110805,4.18,4.19,4.10,4.13,290570,5013654.50
20110808,4.09,4.09,3.78,3.94,507688,8283331.00
20110809,3.79,3.93,3.75,3.89,302322,4841398.00
20110810,3.92,4.00,3.92,3.96,558393,9212283.00
20110811,3.87,4.07,3.85,4.04,419446,6992697.00
20110812,4.04,4.23,4.03,4.20,517671,8859613.00
20110815,4.12,4.26,4.10,4.26,723186,12601535.00
20110816,4.22,4.33,4.14,4.26,721545,12649094.00
20110817,4.32,4.32,4.18,4.26,580372,10254032.00
20110818,4.20,4.27,4.14,4.25,664446,11640565.00
20110819,4.16,4.32,4.09,4.32,924226,16139707.00
20110822,4.27,4.41,4.25,4.38,975037,17486076.00
20110823,4.34,4.39,4.31,4.39,883824,16011425.00
20110824,4.39,4.47,4.31,4.33,833492,15271975.00
20110825,4.28,4.34,4.22,4.32,568102,10116731.00
20110826,4.31,4.37,4.28,4.36,399097,7182645.50
20110829,4.36,4.39,4.31,4.31,357426,6460724.50
20110830,4.31,4.33,4.24,4.24,369905,6580944.50
20110831,4.21,4.26,4.18,4.25,292875,5139164.50
20110901,4.26,4.29,4.19,4.21,265328,4678785.00
20110902,4.20,4.23,4.04,4.12,218100,3746156.50
20110905,4.05,4.11,3.95,4.04,245792,4104791.50
20110906,3.98,4.02,3.95,4.00,105799,1756938.13
20110907,4.07,4.13,4.02,4.13,174614,2953318.25
20110908,4.12,4.18,4.05,4.06,174044,2973235.00
20110909,4.09,4.09,4.02,4.07,154041,2600012.50
20110913,3.99,4.33,3.98,4.13,430737,7471640.50
20110914,4.18,4.20,3.85,4.13,310466,5267142.00
20110915,4.09,4.14,4.09,4.11,126374,2165549.00
20110916,4.18,4.18,4.09,4.09,108793,1865098.13
20110919,4.09,4.10,3.96,4.00,74150,1241214.00
20110920,4.00,4.05,3.99,4.03,82105,1370756.88
20110921,4.05,4.16,4.01,4.14,150100,2558712.00
20110922,4.10,4.13,4.03,4.03,146329,2474745.50
20110923,3.99,4.03,3.96,3.99,115294,1913632.75
20110926,3.97,4.05,3.92,3.93,103130,1710815.88
20110927,4.02,4.03,3.94,3.96,49653,818828.88
20110928,3.96,3.99,3.87,3.87,87750,1432290.00
20110929,3.89,3.89,3.71,3.75,232501,3667206.50
20110930,3.78,3.81,3.69,3.79,146992,2284302.50
20111010,3.77,3.83,3.77,3.79,136519,2156418.00
20111011,3.87,3.89,3.75,3.82,247451,3934177.50
20111012,3.75,3.95,3.75,3.92,296982,4769102.00
20111013,3.90,3.97,3.87,3.92,197452,3234223.25
20111014,3.89,3.94,3.87,3.90,116290,1889052.75
20111017,3.86,4.00,3.86,3.97,291533,4776450.00
20111018,3.88,3.95,3.83,3.92,161400,2613703.50
20111019,3.90,3.90,3.80,3.83,137850,2206827.00
20111020,3.80,3.80,3.69,3.69,344352,5320013.00
20111021,3.71,3.71,3.60,3.64,134086,2032663.13
20111024,3.67,3.67,3.54,3.66,134217,2020667.00
20111025,3.67,3.74,3.63,3.73,201265,3096719.00
20111026,3.72,3.86,3.72,3.85,622650,9837694.00
20111027,3.85,3.91,3.82,3.82,382569,6180196.50
20111028,3.90,3.95,3.82,3.94,425883,6881583.50
20111031,3.87,4.04,3.87,4.01,654724,10875555.00
20111101,3.96,4.04,3.95,3.99,159997,2658036.50
20111102,3.94,4.08,3.90,4.07,340721,5682372.00
20111103,4.09,4.11,4.01,4.01,637330,10768193.00
20111104,3.98,4.06,3.98,4.04,318567,5344339.50
20111107,4.07,4.09,3.99,4.03,228971,3842985.50
20111108,4.03,4.05,3.97,3.98,173259,2885691.25
20111109,4.02,4.03,3.94,4.02,342578,5681766.50
20111110,4.00,4.12,3.97,4.08,698865,11829226.00
20111111,4.08,4.25,4.03,4.10,994098,17183296.00
20111114,4.13,4.20,4.11,4.17,570249,9859286.00
20111115,4.17,4.19,4.12,4.17,341877,5901292.50
20111116,4.18,4.18,4.01,4.03,351899,5983791.00
20111117,4.06,4.10,4.00,4.05,261345,4399525.00
20111118,4.01,4.03,3.84,3.87,367042,6002559.00
20111121,3.91,3.91,3.80,3.86,168729,2700507.00
20111122,3.80,3.88,3.80,3.88,130713,2092814.38
20120105,3.48,3.48,3.48,3.48,213800,3106514.00
20120106,3.13,3.16,3.13,3.13,969365,12681337.00
20120109,3.13,3.19,3.02,3.18,486817,6387044.00
20120110,3.17,3.31,3.15,3.27,575186,7809259.00
20120111,3.28,3.33,3.25,3.28,516478,7072178.00
20120112,3.23,3.30,3.22,3.25,363284,4921494.50
20120113,3.25,3.26,3.06,3.14,259375,3403173.25
20120116,3.07,3.11,2.95,2.95,138082,1752871.13
20120117,2.96,3.12,2.96,3.10,130933,1669157.50
20120118,3.10,3.13,2.96,3.02,136710,1734159.75
20120119,2.96,3.11,2.96,3.10,191996,2468539.00
20120120,3.06,3.15,3.06,3.13,145111,1880874.38
20120130,3.14,3.15,3.06,3.09,147400,1916981.00
20120131,3.06,3.11,3.01,3.08,86826,1111706.63
20120201,3.08,3.11,3.05,3.05,54199,696517.13
20120202,3.05,3.11,3.04,3.11,109455,1412774.25
20120203,3.12,3.17,3.09,3.14,161822,2121224.25
20120206,3.14,3.20,3.14,3.17,212596,2815860.50
20120207,3.15,3.15,3.07,3.12,176405,2297374.50
20120208,3.12,3.20,3.11,3.20,340170,4513819.50
20120209,3.20,3.40,3.15,3.26,672840,9181777.00
20120210,3.26,3.29,3.21,3.24,331660,4483537.00
20120213,3.24,3.31,3.23,3.27,381760,5229794.50
20120214,3.28,3.31,3.25,3.27,234038,3198135.75
20120215,3.29,3.33,3.26,3.32,344777,4751750.00
20120216,3.32,3.35,3.29,3.33,260550,3616232.50
20120217,3.36,3.36,3.25,3.28,243308,3344181.25
20120220,3.32,3.33,3.26,3.27,423916,5827969.00
20120221,3.30,3.30,3.23,3.30,520851,7125280.50
20120222,3.30,3.40,3.30,3.38,464472,6513569.00
20120223,3.38,3.45,3.37,3.42,966141,13812190.00
20120224,3.43,3.46,3.38,3.45,513966,7366256.00
20120227,3.46,3.54,3.43,3.43,650549,9374681.00
20120228,3.42,3.44,3.33,3.37,378445,5313261.50
20120229,3.36,3.40,3.33,3.35,315154,4424007.00
20120301,3.34,3.38,3.32,3.34,295680,4138105.75
20120302,3.37,3.42,3.35,3.42,304310,4306229.50
20120305,3.44,3.44,3.39,3.39,257665,3670262.50
20120306,3.39,3.39,3.32,3.33,220135,3071287.00
20120307,3.31,3.38,3.29,3.34,263111,3670043.00
20120308,3.36,3.39,3.35,3.38,220515,3106934.50
20120309,3.38,3.44,3.38,3.44,276647,3943710.00
20120312,3.43,3.46,3.40,3.44,341052,4879469.50
20120313,3.44,3.49,3.42,3.48,344870,4964200.50
20120314,3.49,3.52,3.32,3.33,699099,10081874.00
20120315,3.33,3.36,3.22,3.26,284495,3893576.75
20120316,3.31,3.33,3.26,3.33,279450,3850769.50
20120319,3.30,3.42,3.30,3.40,310098,4344563.50
20120320,3.39,3.40,3.30,3.31,253748,3535091.00
20120321,3.31,3.35,3.26,3.31,235250,3238177.00
20120322,3.27,3.34,3.27,3.33,159800,2214932.00
20120323,3.30,3.30,3.23,3.25,211297,2875390.50
20120326,3.25,3.26,3.22,3.25,125550,1696887.00
20120327,3.24,3.29,3.22,3.23,153343,2081535.25
20120328,3.20,3.20,2.99,3.01,340956,4414051.00
20120329,3.00,3.07,2.99,3.03,306780,3890760.00
20120330,3.01,3.05,2.92,2.93,318213,3961477.00
20120405,2.94,3.01,2.92,3.00,135909,1693411.75
20120406,3.00,3.04,2.98,3.02,164859,2074324.88
20120409,3.01,3.03,2.95,2.95,104548,1309584.00
20120410,3.00,3.03,2.92,3.02,119677,1480758.50
20120411,2.99,3.06,2.95,3.05,137634,1739721.13
20120412,3.15,3.21,3.02,3.12,315009,4102536.75
20120413,3.15,3.15,3.09,3.11,361461,4687948.00
20120416,2.93,3.11,2.93,3.07,231603,2949384.75
20120417,3.03,3.06,3.01,3.02,145851,1852497.63
20120418,3.00,3.08,3.00,3.08,244801,3130742.50
20120419,3.08,3.10,3.04,3.08,181667,2335365.25
20120420,3.08,3.11,3.06,3.10,455499,5876600.00
20120423,3.10,3.10,2.92,2.99,499353,6267204.50
20120424,2.93,2.98,2.84,2.88,335811,4107020.25
20120425,2.95,3.02,2.92,2.99,393460,4904539.00
20120426,2.99,3.02,2.96,2.96,267720,3348139.00
20120427,2.95,3.01,2.95,3.00,142877,1785104.25
20120502,3.05,3.05,2.99,3.02,145944,1843587.00
20120503,3.02,3.05,2.99,3.04,163692,2070945.00
20120504,3.07,3.10,3.04,3.09,288100,3710879.50
20120507,3.05,3.10,3.05,3.10,289441,3728778.00
20120508,3.08,3.13,3.07,3.12,319955,4156198.25
20120509,3.12,3.12,3.05,3.05,190960,2462723.00
20120510,3.05,3.13,3.05,3.11,274819,3568266.25
20120511,3.09,3.13,3.07,3.10,215676,2789842.50
20120514,3.11,3.13,3.06,3.08,207979,2687217.25
20120515,3.06,3.06,3.00,3.06,147165,1868097.00
20120516,3.04,3.09,3.04,3.05,143600,1846848.38
20120517,3.06,3.10,3.04,3.10,391156,5038106.50
20120518,3.06,3.13,3.06,3.09,279107,3610615.75
20120521,3.12,3.13,3.06,3.09,160702,2073932.38
20120522,3.09,3.11,3.07,3.09,166506,2150139.25
20120523,3.09,3.10,3.03,3.07,199251,2551988.00
20120524,3.05,3.08,3.02,3.03,238198,3046006.00
20120525,3.06,3.08,2.94,2.95,224400,2815782.25
20120528,2.93,2.98,2.91,2.98,137901,1698174.25
20120529,3.00,3.04,2.98,3.04,150828,1905478.13
20120530,3.05,3.09,3.03,3.06,240067,3079285.25
20120531,3.01,3.12,2.99,3.10,449540,3636366.75
20120601,3.07,3.14,3.07,3.11,457054,3724531.50
20120604,3.07,3.08,2.97,2.98,372180,2946594.50
20120605,2.94,3.00,2.91,2.97,349009,2693613.25
20120606,2.96,3.00,2.90,2.94,261760,2018895.63
20120607,2.97,2.99,2.92,2.94,206830,1596624.88
20120608,2.98,2.98,2.92,2.97,204725,1582663.88
20120611,2.96,3.05,2.95,3.01,231305,1811926.38
20120612,2.99,3.03,2.99,3.02,154477,1216622.38
20120613,3.03,3.07,3.03,3.07,239216,1910769.88
20120614,3.08,3.12,3.06,3.08,401644,3246830.50
20120615,3.03,3.12,3.02,3.08,373239,2999515.00
20120618,3.07,3.15,3.07,3.14,449622,3671425.25
20120619,3.13,3.21,3.12,3.18,1147107,9511094.00
20120620,3.21,3.22,3.14,3.16,655618,5429999.00
20120621,3.16,3.20,3.12,3.15,628226,5169685.00
20120625,3.15,3.15,3.06,3.06,497572,4033150.50
20120626,3.08,3.10,3.00,3.05,264232,2107011.25
20120627,3.07,3.13,3.05,3.05,463173,3728870.00
20120628,3.03,3.15,3.03,3.07,426975,3461445.00
20120629,3.07,3.16,3.07,3.16,559022,4557469.00
20120702,3.16,3.20,3.13,3.16,576980,4760649.00
20120703,3.16,3.21,3.13,3.17,644838,5341629.00
20120704,3.19,3.20,3.14,3.16,370048,3056649.75
20120705,3.18,3.18,3.07,3.09,403141,3266035.00
20120706,3.09,3.12,2.98,3.10,457200,3646958.25
20120709,3.04,3.10,2.98,3.00,177326,1407319.88
20120710,2.97,2.98,2.89,2.92,425428,3259458.00
20120711,2.91,2.95,2.89,2.92,171500,1311235.75
20120712,2.90,2.96,2.90,2.96,192895,1483816.25
20120713,2.94,2.98,2.89,2.93,274139,2102821.75
20120716,2.92,2.93,2.68,2.70,421199,3068417.00
20120717,2.69,2.74,2.68,2.71,171180,1208952.13
20120718,2.71,2.75,2.67,2.74,88671,628238.88
20120719,2.73,2.82,2.71,2.78,223628,1621024.13
20120720,2.76,2.79,2.74,2.76,170719,1237989.13
20120723,2.72,2.75,2.70,2.73,165966,1180561.50
20120724,2.68,2.80,2.67,2.77,142000,1024453.00
20120725,2.76,2.80,2.73,2.77,228702,1657978.38
20120726,2.77,2.81,2.74,2.77,154500,1124085.63
20120727,2.78,2.78,2.74,2.78,59800,432068.41
20120730,2.74,2.78,2.66,2.66,272600,1918934.75
20120731,2.64,2.68,2.54,2.57,457553,3091154.50
20120801,2.57,2.61,2.55,2.59,227410,1543471.25
20120802,2.56,2.60,2.55,2.58,179652,1207281.13
20120803,2.56,2.61,2.56,2.61,262007,1777528.25
20120806,2.61,2.69,2.61,2.68,296155,2056537.88
20120807,2.67,2.74,2.67,2.74,415105,2954733.75
20120808,2.74,2.78,2.70,2.74,177713,1279951.75
20120809,2.73,2.77,2.72,2.76,138562,997964.25
20120810,2.76,2.78,2.74,2.76,133555,965803.13
20120813,2.77,2.77,2.69,2.71,117200,839680.06
20120814,2.71,2.75,2.67,2.75,182348,1290071.88
20120815,2.73,2.79,2.70,2.77,210624,1523449.00
20120816,2.78,2.81,2.76,2.79,310100,2261734.50
20120817,2.77,2.78,2.72,2.75,196829,1416979.63
20120820,2.78,2.78,2.71,2.75,98260,701674.81
20120821,2.75,2.82,2.75,2.80,580382,4226578.00
20120822,2.80,2.81,2.76,2.77,177990,1299985.00
20120823,2.78,2.85,2.76,2.85,423638,3119476.00
20120824,2.85,2.88,2.76,2.77,328160,2422550.50
20120827,2.78,2.78,2.67,2.70,233999,1659241.88
20120828,2.70,2.75,2.69,2.73,209172,1492691.13
20120829,2.75,2.79,2.71,2.73,215960,1548241.38
20120830,2.71,2.77,2.63,2.71,311420,2213311.50
20120831,2.71,2.86,2.71,2.76,291760,2114907.50
20120903,2.77,2.84,2.74,2.84,376233,2749437.25
20120904,2.83,2.92,2.79,2.89,1213771,9175374.00
20120905,2.85,2.94,2.83,2.94,783690,5942587.00
20120906,2.94,3.07,2.91,3.05,2932408,23099290.00
20120907,3.05,3.12,2.98,3.10,3119362,24909684.00
20120910,3.05,3.10,3.03,3.06,1472298,11765410.00
20120911,3.06,3.06,2.97,3.05,1326871,10427612.00
20120912,3.04,3.05,2.96,3.01,1011338,7960890.00
20120913,3.00,3.02,2.96,2.97,534360,4196445.50
20120914,3.00,3.00,2.93,2.95,505433,3912900.25
20120917,2.96,2.96,2.83,2.84,472301,3568012.75
20120918,2.88,2.91,2.83,2.87,282567,2129760.75
20120919,2.88,2.95,2.88,2.95,606060,4623995.00
20120920,2.95,2.95,2.83,2.94,734119,5561935.50
20120921,2.91,3.06,2.89,2.91,819786,6430093.50
20120924,2.91,2.92,2.87,2.91,338038,2558643.75
20120925,2.92,2.92,2.83,2.85,272260,2039223.00
20120926,2.85,2.85,2.71,2.71,197659,1423650.00
20120927,2.71,2.79,2.70,2.74,273199,1968141.88
20120928,2.75,2.91,2.73,2.88,480468,3535489.50
20121008,2.88,2.88,2.81,2.85,188900,1401312.13
20121009,2.87,2.94,2.84,2.91,1023708,7796128.50
20121010,2.94,2.97,2.90,2.94,852381,6558892.50
20121011,2.94,2.94,2.89,2.89,263162,2003663.88
20121012,2.87,2.91,2.82,2.85,299050,2231986.50
20121015,2.85,2.85,2.79,2.82,161034,1181956.63
20121016,2.82,2.86,2.80,2.84,190280,1411496.75
20121017,2.81,2.88,2.80,2.88,244392,1817220.88
20121018,2.84,2.95,2.83,2.93,497574,3786694.75
20121019,2.91,3.06,2.90,2.93,622360,4868387.00
20121022,2.91,2.97,2.90,2.96,319430,2460117.50
20121023,2.96,3.00,2.87,2.90,556493,4269105.50
20121024,2.90,2.96,2.89,2.94,298249,2280737.25
20121025,2.92,2.98,2.89,2.92,550380,4218434.50
20121026,2.94,2.96,2.83,2.87,365879,2760217.75
20121029,2.85,2.92,2.85,2.92,417730,3152118.25
20121030,2.88,2.93,2.88,2.91,121598,923167.75
20121031,2.96,2.96,2.86,2.92,249700,1887717.88
20121101,2.94,2.97,2.89,2.96,868406,6660001.00
20121102,2.96,2.98,2.91,2.93,466374,3594269.00
20121105,2.93,2.96,2.91,2.92,205899,1577267.25
20121106,2.92,2.93,2.85,2.90,493224,3708164.50
20121107,2.91,2.91,2.87,2.89,213922,1612264.13
20121108,2.87,2.94,2.80,2.80,461916,3445270.25
20121109,2.79,2.84,2.78,2.81,291150,2140224.00
20121112,2.82,2.85,2.80,2.85,142533,1054958.50
20121113,2.83,2.96,2.82,2.86,428197,3211625.00
20121114,2.88,2.88,2.81,2.84,174320,1290852.38
20121115,2.83,2.85,2.78,2.78,146439,1075632.38
20121116,2.75,2.83,2.71,2.80,195198,1403310.38
20121119,2.76,2.82,2.76,2.78,72740,531613.38
20121120,2.79,2.91,2.78,2.86,243250,1814044.38
20121121,2.85,2.89,2.82,2.86,144512,1077141.75
20121122,2.86,2.87,2.82,2.85,66280,492959.75
20121123,2.84,2.91,2.84,2.88,544161,4108618.25
20121126,2.88,2.94,2.81,2.86,187010,1399644.38
20121127,2.86,2.86,2.71,2.76,294845,2116918.75
20121128,2.76,2.77,2.68,2.73,223400,1590001.13
20121129,2.70,2.75,2.56,2.62,492340,3413147.25
20121130,2.57,2.65,2.55,2.63,223941,1527511.63
20121203,2.61,2.64,2.48,2.58,168699,1124052.50
20121204,2.52,2.62,2.51,2.62,131596,886418.63
20121205,2.57,2.78,2.56,2.73,1013325,7171681.00
20121206,2.73,2.77,2.68,2.75,959380,6838538.50
20121207,2.72,2.84,2.69,2.83,1245081,9017628.00
20121210,2.82,2.89,2.77,2.85,1224840,9089562.00
20121211,2.81,2.85,2.78,2.79,520660,3822598.00
20121212,2.79,2.82,2.75,2.79,240929,1758244.25
20121213,2.79,2.81,2.76,2.77,207530,1514494.00
20121214,2.80,2.89,2.80,2.87,811086,6041349.00
20121217,2.86,2.92,2.85,2.90,727761,5490078.00
20121218,2.88,2.91,2.84,2.87,479480,3597001.00
20121219,2.84,2.89,2.84,2.87,189581,1421196.25
20121220,2.86,2.89,2.83,2.88,722389,5408562.00
20121221,2.87,2.94,2.84,2.92,1031455,7776843.00
20121224,2.91,2.98,2.90,2.94,758300,5829690.50
20121225,2.94,3.04,2.92,3.00,1036250,8067710.50
20121226,3.00,3.05,2.96,3.03,977830,7662672.00
20121227,3.01,3.08,2.97,3.00,531100,4174167.25
20121228,2.97,3.06,2.94,3.01,479381,3753002.75
20121231,3.02,3.05,2.98,3.02,403680,3178458.00
20130104,3.03,3.09,2.91,3.00,660433,5131478.00
20130107,2.99,3.08,2.96,3.03,488280,3846743.25
20130108,3.03,3.07,3.00,3.05,555460,4409030.00
20130109,3.05,3.12,3.02,3.07,555170,4450974.50
20130110,3.07,3.12,3.04,3.07,584560,4713177.50
20130111,3.06,3.10,2.99,3.02,417575,3323973.00
20130114,2.97,3.15,2.97,3.14,1288125,10365219.00
20130115,3.14,3.20,3.12,3.17,840200,6922770.00
20130116,3.18,3.23,3.12,3.17,547701,4525924.00
20130117,3.19,3.19,3.10,3.14,514900,4217568.00
20130118,3.15,3.25,3.12,3.23,1133595,9394959.00
20130121,3.23,3.26,3.16,3.19,450800,3744512.75
20130122,3.19,3.21,3.09,3.12,489169,4008924.50
20130123,3.10,3.13,3.03,3.10,343090,2756340.25
20130124,3.06,3.10,2.97,3.01,1041740,8250141.50
20130125,3.00,3.03,2.94,3.01,311828,2437101.50
20130128,2.95,3.12,2.95,3.06,1499816,11896540.00
20130129,3.03,3.07,2.98,3.01,1137220,8901685.00
20130130,3.00,3.00,2.96,3.00,823377,6417332.50
20130131,3.00,3.00,2.94,2.98,346837,2690905.50
20130201,2.95,2.99,2.93,2.94,1125920,8685100.00
20130204,2.96,2.96,2.85,2.85,871440,6601693.00
20130205,2.87,2.88,2.82,2.87,963050,7190130.50
20130206,2.89,2.91,2.87,2.88,648453,4897321.50
20130207,2.89,2.89,2.85,2.89,445274,3349216.25
20130208,2.91,2.92,2.89,2.92,610750,4652676.50
20130218,2.92,2.95,2.92,2.94,781820,6002004.50
20130219,2.94,2.95,2.89,2.91,952892,7299066.50
20130220,2.91,2.99,2.91,2.98,1333406,10336042.00
20130221,2.98,2.99,2.91,2.97,1352198,10446516.00
20130222,2.98,3.28,2.94,3.28,5002481,41850788.00
20130225,3.61,3.61,3.61,3.61,3561698,33515578.00
20130226,3.98,3.98,3.80,3.98,14587361,149810400.00
20130227,3.84,3.84,3.65,3.78,9438142,91971936.00
20130228,3.78,3.79,3.61,3.71,6499315,62519836.00
20130301,3.70,3.82,3.70,3.71,7120059,69313376.00
20130304,3.60,3.65,3.50,3.57,4559667,42439648.00
20130305,3.56,3.63,3.53,3.62,3533822,33023502.00
20130306,3.59,3.71,3.54,3.65,4101095,38919996.00
20130307,3.60,3.71,3.51,3.51,3759507,35364696.00
20130308,3.51,3.54,3.42,3.44,2217220,20076932.00
20130311,3.61,3.79,3.57,3.79,5225693,50972588.00
20130312,3.91,4.14,3.73,3.84,10817446,110630264.00
20130313,3.84,3.86,3.46,3.49,5906889,54960380.00
20130314,3.41,3.44,3.33,3.37,3831265,33863584.00
20130315,3.34,3.44,3.30,3.37,3223015,28313290.00
20130318,3.37,3.37,3.21,3.23,2811512,24072620.00
20130319,3.22,3.29,3.20,3.26,1694781,14345091.00
20130320,3.25,3.37,3.23,3.34,2519229,21681652.00
20130321,3.34,3.35,3.26,3.33,3347442,28913726.00
20130322,3.30,3.38,3.30,3.33,2217092,19318958.00
20130325,3.33,3.35,3.24,3.30,1708378,14674831.00
20130326,3.32,3.32,3.22,3.25,1239460,10502419.00
20130327,3.27,3.28,3.23,3.26,1309627,11120821.00
20130328,3.24,3.25,3.06,3.10,1834077,14961892.00
20130329,3.10,3.13,3.06,3.07,1064729,8593074.00
20130401,3.05,3.11,3.04,3.09,879473,7081233.00
20130402,3.09,3.13,3.05,3.05,908618,7330950.00
20130403,3.06,3.06,2.92,2.96,1318033,10254749.00
20130408,2.91,3.02,2.87,3.01,1139232,8756288.00
20130409,3.01,3.05,2.98,3.02,933134,7355762.50
20130410,3.03,3.05,2.98,2.99,916130,7215403.00
20130411,3.01,3.10,2.98,3.06,1640899,13069522.00
20130412,3.03,3.07,2.98,3.03,1023678,8052369.50
20130415,2.99,3.04,2.92,3.02,963939,7521554.00
20130416,3.10,3.22,3.08,3.15,3143503,25797082.00
20130417,3.10,3.17,3.09,3.14,1872688,15274826.00
20130418,3.10,3.12,3.01,3.08,1380947,11080630.00
20130419,3.06,3.13,3.06,3.12,1512674,12246537.00
20130422,3.08,3.19,3.07,3.17,1736136,14168958.00
20130423,3.19,3.19,2.99,3.00,1609856,12944063.00
20130424,2.96,3.05,2.96,3.04,912317,7189183.50
20130425,3.07,3.12,2.95,2.95,1284683,10269383.00
20130426,2.94,2.96,2.87,2.87,940652,7172208.50
20130502,2.87,2.94,2.85,2.92,503205,3819675.25
20130503,2.89,2.98,2.89,2.97,515043,3985963.50
20130506,3.02,3.10,2.98,3.05,1161584,9257489.00
20130507,3.06,3.10,3.02,3.07,1006341,8048124.50
20130508,3.09,3.16,3.03,3.13,1546119,12501496.00
20130509,3.12,3.19,3.09,3.14,1691240,13870899.00
20130510,3.14,3.37,3.13,3.24,2915896,24752982.00
20130513,3.37,3.57,3.28,3.57,5311725,47413848.00
20130514,3.63,3.84,3.59,3.80,8775919,84630064.00
20130515,3.68,3.76,3.57,3.76,5462215,52208156.00
20130516,3.69,3.69,3.47,3.54,5237040,49053572.00
20130517,3.53,3.53,3.41,3.51,4420750,40038308.00
20130520,3.48,3.60,3.45,3.56,4262984,39121888.00
20130521,3.53,3.68,3.50,3.67,4443302,41482956.00
20130522,3.65,3.68,3.44,3.45,3990567,36863864.00
20130523,3.44,3.52,3.39,3.44,1931809,17452952.00
20130524,3.42,3.54,3.42,3.52,2096923,19119522.00
20130527,3.56,3.64,3.55,3.59,2736349,25613912.00
20130528,3.57,3.57,3.38,3.47,2015888,18184928.00
20130529,3.44,3.48,3.42,3.48,1378384,12422667.00
20130530,3.50,3.83,3.50,3.83,6331549,61265172.00
20130531,3.96,4.11,3.80,3.80,9033551,92825360.00
20130603,3.69,3.76,3.56,3.58,5455565,51546996.00
20130604,3.57,3.57,3.35,3.41,3614509,32512498.00
20130605,3.41,3.48,3.38,3.46,1538506,13782584.00
20130606,3.46,3.46,3.30,3.31,1791681,15720880.00
20130607,3.32,3.37,3.20,3.27,1385290,11870468.00
20130613,3.20,3.34,3.17,3.34,2121194,18197402.00
20130614,3.33,3.47,3.30,3.46,2663734,23644308.00
20130617,3.45,3.50,3.34,3.36,2491320,22251396.00
20130618,3.35,3.36,3.22,3.29,2115025,18105052.00
20130619,3.29,3.35,3.21,3.34,1461227,12534884.00
20130620,3.31,3.35,3.17,3.19,1595915,13666094.00
20130621,3.10,3.14,3.02,3.08,1374667,11055391.00
20130624,3.10,3.10,2.80,2.85,1294634,10016434.00
20130625,2.83,2.91,2.62,2.89,1464687,10741663.00
20130626,2.89,3.03,2.83,3.02,2019942,15563684.00
20130627,3.03,3.16,3.00,3.00,2523375,20283334.00
20130628,2.98,3.06,2.90,2.93,1126204,8740254.00
20130701,2.95,3.03,2.90,3.01,832958,6484277.50
20130702,3.01,3.10,2.99,3.10,1491084,11943414.00
20130703,3.10,3.17,3.02,3.16,2038151,16606978.00
20130704,3.13,3.17,3.09,3.11,1504250,12311244.00
20130705,3.13,3.14,3.06,3.06,960179,7799592.00
20130708,3.02,3.02,2.87,2.90,909602,6967959.50
20130709,2.87,3.01,2.87,2.98,674955,5188385.00
20130710,2.96,3.05,2.94,3.05,792785,6251099.00
20130711,3.06,3.16,3.04,3.14,1261850,10287718.00
20130712,3.46,3.46,3.37,3.46,4312723,38822928.00
20130715,3.52,3.79,3.49,3.69,8239485,78208408.00
20130716,3.65,3.78,3.58,3.72,3793530,36120888.00
20130717,3.65,3.77,3.57,3.61,3539086,33873888.00
20130718,3.58,3.78,3.50,3.71,4097282,39226452.00
20130719,3.65,3.72,3.56,3.56,3430992,32612040.00
20130722,3.55,3.88,3.50,3.84,4587207,44750320.00
20130723,3.82,3.99,3.74,3.87,4497090,45125692.00
20130724,3.94,4.11,3.94,4.05,5445962,57117460.00
20130725,4.00,4.03,3.67,3.68,4425852,43955692.00
20130726,3.65,3.78,3.58,3.78,2340720,22547332.00
20130729,3.73,4.16,3.70,4.16,3252343,34506940.00
20130730,4.29,4.58,4.27,4.58,13900145,162185376.00
20130731,4.41,4.97,4.34,4.82,12841222,151942128.00
20130801,4.64,4.81,4.56,4.78,9650119,117807184.00
20130802,4.74,4.94,4.64,4.69,8778237,108647952.00
20130805,4.56,4.60,4.45,4.57,6277443,73794904.00
20130806,4.55,4.68,4.47,4.59,5304769,63048020.00
20130807,4.56,4.65,4.39,4.47,4605597,53519104.00
20130808,4.47,4.56,4.33,4.45,3854759,44531116.00
20130809,4.45,4.45,4.20,4.30,4719874,52768876.00
20130812,4.28,4.34,4.17,4.33,3204751,35539356.00
20130813,4.33,4.41,4.25,4.39,3055208,34606336.00
20130814,4.39,4.41,4.22,4.29,3269655,36536492.00
20130815,4.29,4.43,4.20,4.43,5013103,56734316.00
20130816,4.37,4.74,4.34,4.41,9015755,106994272.00
20130819,4.28,4.41,3.96,4.41,5614772,61135524.00
20130820,4.30,4.66,4.25,4.62,7763869,89715640.00
20130821,4.57,4.82,4.51,4.69,7622260,92517848.00
20130822,4.64,4.72,4.51,4.57,4993774,59475668.00
20130823,4.51,4.59,4.19,4.36,4738607,54384196.00
20130826,4.35,4.50,4.31,4.48,2859503,32718336.00
20130827,4.48,4.52,4.35,4.42,2336411,26765374.00
20130828,4.36,4.64,4.36,4.46,4341720,50916692.00
20130829,4.47,4.50,4.24,4.29,2943882,33146746.00
20130830,4.27,4.36,3.86,3.97,3795605,40790024.00
20130902,3.93,4.15,3.92,4.10,1945838,20674080.00
20130903,4.13,4.19,4.04,4.16,1816070,19399392.00
20130904,4.16,4.25,4.02,4.16,2334722,25187872.00
20130905,4.13,4.28,4.09,4.22,2469863,27051208.00
20130906,4.25,4.34,4.19,4.26,2929305,32639890.00
20130909,4.22,4.26,4.04,4.17,2775343,29804808.00
20130910,4.17,4.23,4.10,4.17,1880014,20336408.00
20130911,4.14,4.16,3.90,3.97,2257785,23497168.00
20130912,3.98,4.05,3.89,3.93,1715069,17675602.00
20130913,3.91,4.03,3.89,4.03,1607063,16641643.00
20130916,4.05,4.16,4.04,4.06,1874081,19962514.00
20130917,4.06,4.06,3.91,3.93,1203982,12460000.00
20130918,3.92,4.10,3.90,4.10,1700773,17763288.00
20130923,4.10,4.26,4.10,4.26,2948392,32182382.00
20130924,4.30,4.44,4.19,4.36,4317759,48630544.00
20130925,4.35,4.35,4.20,4.23,2036128,22535224.00
20130926,4.24,4.39,4.21,4.22,2282266,25518390.00
20130927,4.22,4.35,4.14,4.31,2494679,27457250.00
20130930,4.32,4.46,4.28,4.44,3297001,37470068.00
20131008,4.47,4.47,4.32,4.41,2792060,31719980.00
20131009,4.40,4.40,4.30,4.40,2599302,29427118.00
20131010,4.40,4.46,4.22,4.29,2816719,31639206.00
20131011,4.30,4.38,4.25,4.38,1929607,21609222.00
20131014,4.37,4.40,4.32,4.38,1861811,21145428.00
20131015,4.50,4.81,4.49,4.76,8994105,108228400.00
20131016,4.62,4.65,4.40,4.40,4430442,51808248.00
20131017,4.41,4.47,4.28,4.28,2674764,30408882.00
20131018,4.30,4.41,4.23,4.41,1758675,19807702.00
20131021,4.49,4.74,4.48,4.58,4007004,47925500.00
20131022,4.51,4.97,4.46,4.77,6865610,84599576.00
20131023,4.75,4.75,4.41,4.58,3528430,41768948.00
20131024,4.50,4.55,4.38,4.43,2065389,23924512.00
20131025,4.44,4.54,4.11,4.16,2838052,31479650.00
20131028,4.10,4.14,3.92,4.04,1820834,19026122.00
20131029,4.02,4.09,3.64,3.79,2427025,24221670.00
20131030,3.80,3.89,3.71,3.85,1279888,12707415.00
20131031,3.84,3.92,3.78,3.85,1234840,12327693.00
20131101,3.82,3.87,3.76,3.84,776422,7724315.50
20131104,3.87,3.99,3.86,3.93,995823,10192264.00
20131105,3.91,3.99,3.80,3.97,1529522,15484779.00
20131106,3.96,4.00,3.90,3.91,1279999,13123271.00
20131107,3.91,3.91,3.73,3.79,1145427,11449993.00
20131108,3.82,3.83,3.72,3.78,638161,6260818.00
20131111,3.76,3.87,3.70,3.84,725226,7196734.50
20131112,3.80,3.98,3.80,3.96,1707448,17405170.00
20131113,3.92,3.92,3.81,3.81,1141304,11485825.00
20131114,3.80,3.95,3.78,3.95,1600866,16273941.00
20131115,3.94,4.07,3.94,4.02,2040476,21315944.00
20131118,4.06,4.11,4.00,4.10,2048569,21703554.00
20131119,4.14,4.15,4.06,4.13,1783057,19000408.00
20131120,4.12,4.54,4.06,4.47,4087570,45152568.00
20131121,4.35,4.61,4.28,4.34,3485575,39359144.00
20131122,4.41,4.41,4.25,4.25,1751939,19610790.00
20131125,4.33,4.33,4.22,4.26,1569311,17404704.00
20131126,4.25,4.69,4.24,4.69,5015724,58923804.00
20131127,4.69,4.78,4.54,4.58,7006660,84135440.00
20131128,4.56,4.76,4.51,4.68,5268603,63419424.00
20131129,4.64,4.93,4.59,4.85,5662719,70192160.00
20131202,4.43,4.57,4.36,4.36,3220753,37013428.00
20131203,4.04,4.16,3.92,4.10,3787116,39726460.00
20131204,4.05,4.22,4.04,4.07,2721997,29313868.00
20131205,4.04,4.07,3.96,4.00,2031145,21138356.00
20131206,3.97,4.05,3.93,4.02,1063627,11102165.00
20131209,4.06,4.17,4.00,4.14,1501777,16071672.00
20131210,4.15,4.17,4.07,4.14,1198434,12819257.00
20131211,4.10,4.17,4.04,4.07,1228612,13114751.00
20131212,4.07,4.19,4.04,4.12,1599285,17229384.00
20131213,4.10,4.35,4.09,4.32,3548002,39274920.00
20131216,4.32,4.37,4.19,4.27,2482628,27571386.00
20131217,4.27,4.30,4.16,4.16,1338886,14629367.00
20131218,4.17,4.26,4.14,4.19,1034744,11300741.00
20131219,4.22,4.29,4.19,4.21,1399354,15424592.00
20131220,4.23,4.26,4.01,4.02,1605872,17243624.00
20131223,3.99,4.03,3.84,3.94,1456003,14920288.00
20131224,3.94,4.14,3.89,4.12,1341627,14168627.00
20131225,4.14,4.32,4.12,4.30,2242478,24831194.00
20131226,4.26,4.57,4.26,4.30,4511124,52127648.00
20131227,4.24,4.74,4.17,4.74,6977352,83767576.00
20131230,5.01,5.15,4.75,4.97,11275065,144877552.00
20131231,5.01,5.47,4.97,5.47,10416231,143994016.00
20140102,5.25,5.78,5.12,5.64,13532916,190091440.00
20140103,5.41,5.56,5.28,5.36,9901357,138909632.00
20140106,5.32,5.32,4.89,4.95,7457758,97584264.00
20140107,4.90,5.20,4.89,5.07,6017014,78839088.00
20140108,5.16,5.30,4.98,5.06,6063294,80772888.00
20140109,5.03,5.36,4.89,5.26,8028037,107195320.00
20140110,5.10,5.17,4.75,4.87,5028527,65275644.00
20140113,4.88,4.98,4.80,4.95,2652499,33687176.00
20140114,4.94,5.33,4.94,5.29,6144244,82243832.00
20140115,5.24,5.44,5.17,5.32,6319195,86629216.00
20140116,5.25,5.30,5.01,5.05,7043416,93648720.00
20140117,5.06,5.57,5.06,5.57,7794764,108992592.00
20140120,5.60,5.60,5.33,5.47,10176133,143677616.00
20140121,5.38,5.64,5.22,5.57,9931314,140033696.00
20140122,5.45,5.54,5.32,5.54,7665988,108203632.00
20140123,5.49,5.89,5.42,5.64,9073953,132477168.00
20140124,5.55,5.68,5.47,5.50,6456212,92881952.00
20140127,5.35,5.59,5.02,5.34,6147081,86159736.00
20140128,5.41,5.48,5.10,5.37,4186497,57483952.00
20140129,5.33,5.73,5.23,5.60,6650275,95937872.00
20140130,5.52,5.60,5.36,5.50,4123374,58565624.00
20140207,5.41,5.78,5.39,5.78,6160141,90285504.00
20140210,5.88,6.15,5.78,6.00,8061899,123924640.00
20140211,5.95,6.07,5.66,5.95,6106155,93186320.00
20140212,5.93,6.32,5.82,6.14,7668266,120903160.00
20140213,6.01,6.01,5.68,5.71,5637606,85757968.00
20140214,5.75,5.87,5.65,5.85,3536242,53031252.00
20140217,5.87,5.96,5.73,5.94,4800184,73094464.00
20140218,5.94,6.14,5.91,5.95,5770060,89985648.00
20140219,5.99,5.99,5.75,5.78,3898214,58787812.00
20140220,5.83,5.83,5.42,5.52,4052500,58541276.00
20140221,5.49,5.63,5.44,5.52,2272343,32623046.00
20140224,5.53,5.81,5.47,5.76,4054607,59327116.00
20140225,5.76,5.91,5.17,5.23,5484965,79298048.00
20140226,5.16,5.28,4.98,5.28,2691815,35977972.00
20140227,5.33,5.46,5.07,5.09,3369991,46166888.00
20140228,5.05,5.30,5.01,5.28,2552700,33971176.00
20140303,5.39,5.48,5.22,5.48,3016103,41752796.00
20140304,5.48,5.52,5.08,5.34,2297779,31756602.00
20140305,5.39,5.39,5.25,5.27,1644971,22660352.00
20140306,5.24,5.31,5.12,5.26,1599340,21623070.00
20140307,5.34,5.34,5.20,5.25,1878673,25663542.00
20140310,5.24,5.24,4.92,4.92,2219088,28929516.00
20140311,4.94,4.99,4.78,4.87,1782708,22617414.00
20140312,4.87,4.91,4.71,4.88,1567338,19622096.00
20140313,4.89,5.05,4.86,5.01,1819306,23336492.00
20140314,4.92,5.05,4.92,4.97,1273998,16426024.00
20140317,5.07,5.20,5.01,5.17,2165494,28759372.00
20140318,5.13,5.34,5.11,5.27,2448649,33293392.00
20140319,5.22,5.26,5.06,5.17,2210416,29493500.00
20140320,5.15,5.19,4.92,4.92,1719764,22609596.00
20140321,4.91,5.11,4.85,5.09,1486055,19166344.00
20140324,5.09,5.11,5.01,5.07,1208169,15838441.00
20140325,5.05,5.29,5.05,5.26,2725949,36651288.00
20140326,5.32,5.51,5.27,5.44,4545366,63628532.00
20140327,5.36,5.39,5.14,5.15,2648255,36197528.00
20140328,5.13,5.19,4.86,4.89,1846928,23809990.00
20140331,4.72,4.92,4.72,4.82,1128263,14125316.00
20140401,4.82,4.96,4.82,4.92,1042783,13254289.00
20140402,4.91,4.94,4.76,4.80,1318547,16463801.00
20140403,4.80,4.92,4.76,4.85,1082670,13635036.00
20140404,4.85,4.91,4.80,4.90,992451,12529348.00
20140408,4.89,4.94,4.80,4.94,1242853,15720173.00
20140409,4.92,5.10,4.92,5.07,2183047,28492740.00
20140410,5.13,5.31,5.12,5.21,3555411,48269668.00
20140411,5.19,5.74,5.08,5.57,8589062,124289880.00
20140414,5.57,5.78,5.51,5.62,6408066,93855184.00
20140415,5.49,5.59,5.45,5.52,3330596,47459584.00
20140416,5.48,5.55,5.27,5.38,3180808,44323704.00
20140417,5.38,5.54,5.35,5.48,3046988,43171300.00
20140418,5.42,5.46,5.30,5.39,2580548,35919296.00
20140421,5.27,5.37,5.19,5.20,1978760,27083742.00
20140422,5.18,5.25,4.90,5.02,1872931,24665380.00
20140423,5.02,5.12,4.98,5.09,1251489,16471847.00
20140424,5.09,5.44,5.03,5.41,3560248,48762652.00
20140425,5.32,5.40,5.01,5.01,3141374,42422452.00
20140428,5.02,5.02,4.74,4.74,1910890,23895036.00
20140429,4.67,4.87,4.67,4.87,1257966,15710378.00
20140430,4.91,4.98,4.84,4.96,1076298,13754099.00
20140505,4.98,5.04,4.86,5.04,1074015,13909736.00
20140506,5.03,5.21,4.99,5.17,1847478,24576480.00
20140507,5.13,5.16,4.91,4.92,1639420,21412972.00
20140508,4.91,5.12,4.91,5.01,1517589,19793918.00
20140509,4.96,5.03,4.88,4.96,1181080,15162455.00
20140512,5.01,5.09,4.94,5.08,1293349,16885486.00
20140513,5.08,5.16,5.04,5.09,1093315,14450636.00
20140514,5.07,5.16,5.03,5.16,1410983,18684338.00
20140515,5.11,5.16,4.94,4.95,1622260,21215012.00
20140516,4.98,4.99,4.80,4.99,1234367,15745451.00
20140519,4.96,5.01,4.74,4.92,940186,11933572.00
20140520,4.96,5.09,4.96,4.98,1243169,16190837.00
20140521,4.96,5.05,4.92,5.04,845732,10976076.00
20140522,5.05,5.17,5.03,5.07,2083892,27616310.00
20140523,5.03,5.15,5.03,5.15,2130716,28095430.00
20140526,5.17,5.34,5.15,5.33,3909960,53492212.00
20140527,5.32,5.35,5.21,5.31,2395113,32781616.00
20140528,5.29,5.41,5.23,5.39,3007377,41665168.00
20140529,5.39,5.41,5.21,5.22,2601911,35681340.00
20140530,5.21,5.35,5.17,5.33,2576197,35244480.00
20140603,5.29,5.40,5.27,5.28,2028371,28018174.00
20140604,5.27,5.28,5.14,5.28,1764308,23880298.00
20140605,5.24,5.43,5.24,5.41,3096548,42970864.00
20140606,5.51,5.67,5.41,5.52,5025524,72270776.00
20140609,5.53,5.54,5.37,5.41,2522439,35446584.00
20140610,5.41,5.52,5.30,5.52,2964846,41777696.00
20140611,5.50,5.78,5.44,5.68,9118920,83068680.00
20140612,5.68,5.68,5.53,5.55,5470602,49342212.00
20140613,5.54,6.11,5.50,6.11,8509131,81682544.00
20140616,6.20,6.49,6.18,6.38,20306792,206885024.00
20140617,6.30,6.33,6.20,6.21,9140125,92187776.00
20140618,6.17,6.17,5.89,5.90,9250649,89908328.00
20140619,5.93,6.05,5.50,5.62,7252091,67923456.00
20140620,5.60,5.74,5.58,5.73,4485169,41087164.00
20140623,5.79,6.20,5.78,5.95,7938955,76895952.00
20140624,5.95,6.00,5.88,5.97,4283756,41065264.00
20140625,5.95,5.98,5.78,5.81,3790779,35740892.00
20140626,5.82,6.13,5.82,6.00,6941256,67416040.00
20140627,5.98,6.61,5.95,6.61,16141228,165922448.00
20140630,6.63,6.64,6.38,6.48,13574938,142266960.00
20140701,6.40,7.14,6.38,6.73,18824726,207189824.00
20140702,6.63,6.79,6.51,6.67,11064273,118395152.00
20140703,6.60,6.65,6.52,6.56,6319994,66890332.00
20140704,6.54,6.82,6.51,6.59,7178754,77225000.00
20140707,6.55,6.70,6.47,6.65,5989631,63859364.00
20140708,6.65,6.87,6.52,6.82,8451804,91639944.00
20140709,6.83,6.87,6.48,6.51,6881444,74149960.00
20140710,6.48,6.60,6.40,6.52,4456804,46872996.00
20140711,6.48,6.61,6.43,6.55,3519854,37164692.00
20140714,6.57,6.67,6.53,6.65,4573980,48767920.00
20140715,6.72,7.10,6.65,6.73,8853766,97259416.00
20140716,6.65,6.95,6.57,6.67,6116309,66758760.00
20140717,6.70,6.73,6.42,6.55,4442667,46647200.00
20140718,6.55,6.70,6.40,6.42,4381986,46167660.00
20140721,6.43,6.43,6.10,6.25,4271528,43061032.00
20140722,6.22,6.34,6.22,6.34,2743086,27831164.00
20140723,6.30,6.33,5.98,6.05,3717118,36881440.00
20140724,6.06,6.09,5.86,5.95,2838170,27382360.00
20140725,5.97,6.07,5.92,6.03,1920500,18600706.00
20140728,6.04,6.34,6.04,6.27,4673909,46947468.00
20140729,6.32,6.38,6.23,6.33,3719501,38022264.00
20140730,6.33,6.40,6.27,6.36,2967964,30343840.00
20140731,6.35,6.43,6.29,6.39,2557797,26239820.00
20140801,6.39,6.43,6.23,6.27,3086541,31568656.00
20140804,6.24,6.33,6.24,6.32,2975323,30213122.00
20140805,6.34,6.54,6.25,6.53,6469978,66843752.00
20140806,6.48,6.53,6.42,6.46,3695885,38591148.00
20140807,6.43,6.59,6.42,6.42,4530721,47581636.00
20140808,6.43,6.54,6.42,6.50,2843390,29739676.00
20140811,6.48,6.63,6.48,6.60,3980472,42227380.00
20140812,6.62,6.80,6.58,6.65,4922099,52920980.00
20140813,6.62,6.67,6.47,6.59,3588745,37961944.00
20140814,6.58,6.76,6.57,6.60,4858611,52310144.00
20140815,6.60,6.72,6.54,6.68,3892343,41684532.00
20140818,6.73,7.01,6.70,6.92,8004174,88279224.00
20140819,6.88,7.00,6.81,6.93,6233259,69169344.00
20140820,6.90,7.04,6.85,7.02,6090530,68305072.00
20140821,7.10,7.11,6.88,7.01,4781460,53849208.00
20140822,7.01,7.57,7.01,7.30,12829814,151697328.00
20140825,7.23,7.82,7.10,7.55,11039064,131154456.00
20140826,7.46,7.82,7.33,7.57,8586707,104438720.00
20140827,7.46,7.57,7.40,7.43,4524616,54495576.00
20140828,7.43,7.50,7.07,7.14,4676622,54426152.00
20140829,7.09,7.65,7.09,7.62,6596068,78863824.00
20140901,7.68,7.75,7.55,7.73,6708039,82499624.00
20140902,7.75,7.97,7.65,7.73,7453497,93583480.00
20140903,7.68,7.80,7.58,7.75,5516857,68386664.00
20140904,7.69,7.95,7.63,7.83,6539676,82403936.00
20140905,7.81,8.45,7.78,8.25,10126998,132848416.00
20140909,8.20,8.48,8.14,8.37,5001461,67080624.00
20140910,8.29,8.32,8.11,8.20,5069431,66911480.00
20140911,8.24,8.31,8.03,8.09,4548582,59813704.00
20140912,8.12,8.42,8.10,8.32,4774682,63565856.00
20140915,8.40,8.40,8.21,8.33,3550686,47435124.00
20140916,8.27,8.33,7.83,7.88,4782837,62427076.00
20140917,7.89,8.00,7.75,7.93,2586359,32779930.00
20140918,7.88,7.98,7.80,7.91,2105114,26789102.00
20140919,7.91,8.08,7.88,8.05,2611442,33696884.00
20140922,7.99,7.99,7.68,7.75,3956316,49784708.00
20140923,7.76,7.90,7.76,7.88,2767896,34950624.00
20140924,7.88,8.25,7.85,8.20,4969874,64813824.00
20140925,8.17,8.25,8.10,8.17,3499639,46009584.00
20140926,8.16,8.23,8.08,8.18,2187394,28695390.00
20140929,8.18,8.38,8.17,8.30,5833478,77843640.00
20140930,8.27,8.29,8.18,8.26,3616565,47979020.00
20141008,8.22,8.31,8.18,8.29,3989843,52988824.00
20141009,8.32,8.36,7.96,8.15,5182030,67929152.00
20141010,8.09,8.12,7.95,8.00,3879376,50176452.00
20141013,7.83,8.00,7.81,7.98,2493373,31739584.00
20141014,8.00,8.07,7.85,7.90,3608792,46428848.00
20141015,8.00,8.22,8.00,8.15,6503296,85038576.00
20141016,8.13,8.47,8.08,8.33,8987791,120827832.00
20141017,8.32,8.38,7.82,8.19,6023428,79024776.00
20141020,8.18,8.25,8.02,8.25,2784793,36602916.00
20141021,8.26,8.88,8.26,8.63,9879191,137378688.00
20141022,8.55,8.75,8.48,8.63,4598575,63769340.00
20141023,8.60,8.60,7.85,7.92,5918246,77633896.00
20141024,7.89,8.13,7.70,7.83,4040732,51649712.00
20141027,7.84,8.08,7.77,8.08,2224742,28455482.00
20141028,8.08,8.38,8.08,8.35,3485701,46492856.00
20141029,8.37,8.49,8.32,8.42,3456426,46694080.00
20141030,8.45,8.82,8.38,8.52,4818006,66636700.00
20141031,8.50,8.62,8.26,8.33,3446979,46506044.00
20141103,8.32,8.73,8.32,8.72,5184833,71980064.00
20141104,8.72,8.75,8.48,8.62,2788306,38580776.00
20141105,8.55,8.62,8.43,8.52,1715537,23535138.00
20141106,8.51,8.79,8.38,8.75,4222298,58453744.00
20141107,8.75,8.75,8.43,8.50,3660752,50634476.00
20141111,8.60,8.92,8.26,8.48,7829655,108728024.00
20141112,8.48,8.64,8.27,8.63,3686229,50540856.00
20141113,8.70,8.75,8.20,8.26,4152412,56110676.00
20141114,8.17,8.32,8.07,8.18,2215305,29151118.00
20141117,8.18,8.40,8.13,8.33,1999421,26804188.00
20141118,8.33,8.47,8.30,8.35,1739878,23462290.00
20141119,8.35,8.64,8.30,8.56,2873838,39214364.00
20141120,8.55,8.63,8.41,8.58,2475720,33974440.00
20141121,8.52,9.10,8.52,8.93,8930666,127819384.00
20141124,8.93,9.11,8.78,9.07,7403750,106887648.00
20141125,9.05,9.29,8.92,9.16,5904460,86231536.00
20141126,9.18,9.20,8.91,8.95,4651617,67580112.00
20141127,8.96,9.07,8.87,8.96,3739062,53934532.00
20141128,8.96,9.12,8.82,9.08,4062448,58611708.00
20141201,9.07,9.07,8.38,8.48,6230414,86636816.00
20141202,8.47,8.91,8.45,8.88,4734613,66529336.00
20141203,8.87,9.18,8.59,9.07,5648563,80653032.00
20141204,9.07,9.43,9.01,9.33,6468002,96171472.00
20141205,9.32,9.32,8.62,8.88,4879951,70327696.00
20141208,8.85,8.90,8.51,8.70,5585147,78197592.00
20141209,8.62,8.73,8.42,8.55,4897203,67475752.00
20141210,8.45,9.00,8.43,8.87,3732419,52760492.00
20141211,8.82,8.83,8.55,8.80,3031235,42438592.00
20141212,8.80,8.87,8.68,8.80,2284085,32280950.00
20141215,8.78,9.19,8.72,9.05,3909342,56592520.00
20141216,9.05,9.17,8.83,8.85,2240972,32284168.00
20141217,8.81,8.90,8.50,8.65,2598816,36268128.00
20141218,8.70,8.75,8.54,8.57,1537338,21359696.00
20141219,8.53,8.53,7.95,8.07,4112089,53969008.00
20141222,8.11,8.11,7.26,7.28,3882332,46572028.00
20141223,7.28,7.50,7.28,7.36,2098537,24896890.00
20141224,7.38,7.58,7.38,7.54,1793624,21676432.00
20141225,7.54,7.58,7.42,7.50,1659267,20062464.00
20141226,7.47,7.51,7.27,7.39,1581292,18820056.00
20141229,7.38,7.39,6.90,6.95,3095633,34926804.00
20141230,6.94,7.06,6.70,7.02,2441036,27084240.00
20141231,7.13,7.22,7.06,7.17,2094772,24113924.00
20150105,7.17,7.36,6.88,7.28,3071923,35400996.00
20150106,7.20,7.57,7.12,7.49,4851798,57647952.00
20150107,7.45,7.48,7.20,7.30,3272763,38648264.00
20150108,7.31,7.42,7.28,7.30,2323650,27536356.00
20150227,8.04,8.04,8.04,8.04,1161959,15047369.00
20150302,8.38,8.85,8.26,8.85,17921268,248099024.00
20150303,9.02,9.65,8.95,9.11,18521129,274301088.00
20150304,8.96,9.13,8.88,9.03,8729274,126263632.00
20150305,8.95,9.42,8.92,9.15,7852553,116084040.00
20150306,9.15,9.33,8.73,8.76,6005250,86389560.00
20150309,8.70,8.97,8.57,8.88,4334774,61285912.00
20150310,8.89,9.15,8.88,9.04,5585753,81297904.00
20150311,9.04,9.11,8.81,8.88,4243361,60887380.00
20150312,8.88,9.12,8.63,8.85,4001795,57098868.00
20150313,8.83,9.13,8.81,9.06,5198168,75217848.00
20150316,9.08,9.38,9.07,9.32,7745843,115373560.00
20150317,9.34,9.38,9.15,9.26,7246973,107909376.00
20150318,9.20,10.19,9.17,10.19,9003615,140027776.00
20150319,10.51,10.82,9.96,10.25,10784527,178668448.00
20150320,10.17,10.42,10.07,10.18,7392555,121314544.00
20150323,10.10,10.53,10.07,10.30,9025326,149300592.00
20150324,10.23,10.40,9.70,10.06,9230412,149540608.00
20150325,10.03,10.45,9.83,10.44,9113251,149256576.00
20150326,10.34,10.41,9.83,9.95,6766274,109711280.00
20150327,9.88,10.13,9.70,10.13,4722899,75609000.00
20150330,10.17,10.26,9.95,10.17,4494549,73035096.00
20150331,10.10,10.85,10.05,10.38,9086088,153024624.00
20150401,10.32,10.68,10.23,10.58,8083175,136562752.00
20150402,10.62,11.02,10.51,10.78,8505091,147324976.00
20150403,10.73,10.93,10.62,10.91,8037909,139493312.00
20150407,10.91,11.32,10.78,11.22,8838317,156731680.00
20150408,11.20,11.29,10.55,10.82,8273202,145022160.00
20150409,10.85,10.85,9.88,10.48,6151159,102491168.00
20150410,10.36,11.07,10.32,10.95,6587875,114837744.00
20150413,11.00,11.47,10.76,11.27,8691308,155345648.00
20150414,11.20,11.81,11.04,11.25,6803686,124427008.00
20150415,11.15,11.15,10.37,10.40,5555192,96357496.00
20150416,10.20,10.75,10.13,10.51,3741679,63239020.00
20150417,10.62,10.68,10.30,10.38,4972960,83675336.00
20150420,10.32,10.57,10.20,10.22,4754462,79097864.00
20150421,10.26,10.79,10.23,10.78,4402743,74961256.00
20150422,10.85,11.26,10.85,11.09,5562865,98852592.00
20150423,11.13,11.37,11.01,11.31,5414863,97858256.00
20150424,11.63,12.45,11.55,12.06,12521311,242749520.00
20150427,12.07,12.13,11.60,11.75,6972503,132509328.00
20150428,11.75,11.81,10.90,11.02,5572946,100465424.00
20150429,10.91,11.42,10.91,11.38,4294659,77868312.00
20150430,11.45,11.65,11.20,11.21,4720617,86654880.00
20150504,11.18,11.42,10.88,11.42,4147049,74232728.00
20150505,11.36,11.48,11.01,11.08,3558916,64411700.00
20150506,11.09,11.67,11.09,11.22,5595273,102569528.00
20150507,10.98,11.30,10.59,10.73,3228029,57387136.00
20150508,11.01,11.51,10.89,11.48,4968927,89542720.00
20150511,11.60,12.31,11.47,12.20,7763629,149242368.00
20150512,12.17,12.60,11.83,12.30,7672028,150578880.00
20150513,12.00,13.01,11.83,13.01,10015169,201235424.00
20150514,12.82,13.31,12.72,12.96,7031145,146832304.00
20150515,12.97,14.20,12.75,13.58,6728989,146651584.00
20150518,13.70,14.93,13.58,14.76,6097777,140618192.00
20150519,14.76,15.95,14.55,15.15,6733215,163507392.00
20150520,15.15,16.43,14.96,15.86,5809212,148024496.00
20150521,15.85,17.45,15.67,17.45,6601132,177797856.00
20150522,18.32,19.20,17.13,19.20,11707519,346210336.00
20150525,18.57,19.01,17.63,18.21,7897575,231819968.00
20150526,18.21,19.62,18.19,19.48,6684953,202007952.00
20150527,19.78,21.41,18.68,21.26,7921766,256990416.00
20150528,20.88,22.01,19.13,19.13,7534630,248313120.00
20150529,18.72,19.93,18.17,19.22,7917052,242271648.00
20150601,19.50,21.15,19.25,21.15,5401192,175753472.00
20150602,21.32,23.27,21.32,23.27,6052445,219087840.00
20150603,23.96,24.14,21.11,22.76,14743330,338471296.00
20150604,22.56,22.56,20.48,20.51,14157939,298129920.00
20150605,21.16,22.21,20.95,21.52,11386236,245402640.00
20150608,21.54,21.66,19.51,19.98,10733676,218006592.00
20150609,19.86,20.40,19.15,19.71,7902340,156536272.00
20150610,19.52,20.92,19.39,20.55,8664785,176134528.00
20150611,20.56,20.85,20.34,20.69,7293534,150514192.00
20150612,20.71,21.65,20.61,21.08,10775122,228414192.00
20150615,20.95,20.95,19.92,20.08,7638661,155697376.00
20150616,19.66,19.66,18.16,18.52,7942541,149466064.00
20150617,18.68,19.28,17.57,19.13,6259328,116216776.00
20150618,19.09,19.09,17.96,17.98,5071283,94461680.00
20150619,17.56,17.62,16.18,16.18,6336958,105690568.00
20150623,16.14,16.27,14.57,15.94,7334109,114645032.00
20150624,16.18,16.73,15.76,16.56,7032931,114965408.00
20150625,16.66,17.95,16.56,17.14,11791928,204181648.00
20150626,16.48,16.68,15.42,15.42,6172110,98218544.00
20150629,15.92,15.94,13.87,13.87,7530691,107195200.00
20150630,13.04,14.51,12.48,14.51,9559051,128348832.00
20150701,14.31,14.96,13.07,13.36,8824804,125229416.00
20150702,13.24,13.56,12.02,12.02,7152454,89960912.00
20150703,11.46,12.25,10.81,10.81,6153794,69423992.00
20150706,11.90,11.90,9.73,9.73,8337949,88995904.00
20150707,8.99,9.05,8.75,8.75,2607680,23092378.00
20150708,7.87,9.17,7.87,8.71,18460352,150816000.00
20150709,8.17,9.59,8.05,9.59,9165999,85448328.00
20150710,10.40,10.55,9.97,10.55,2928070,30681082.00
20150713,11.61,11.61,10.98,11.61,8550974,99060424.00
20150714,11.96,12.78,11.67,12.46,18511324,230801312.00
20150715,11.86,12.06,11.21,11.21,9527364,109350664.00
20150716,11.21,12.09,10.11,11.50,10065277,114473504.00
20150717,11.57,12.46,11.52,12.36,6842598,82828616.00
20150720,12.41,12.94,12.06,12.77,9812165,124117152.00
20150721,12.57,13.23,12.28,13.01,8760665,112943824.00
20150722,12.90,13.59,12.84,13.55,10267124,136138304.00
20150723,13.53,13.91,13.19,13.86,9534888,129878032.00
20150724,13.88,14.10,12.86,13.08,9979210,137497120.00
20150727,12.63,13.26,11.77,11.77,8851157,111189256.00
20150728,10.62,11.88,10.59,10.86,7782289,85944512.00
20150729,11.26,11.95,10.84,11.95,7337825,83297944.00
20150730,11.93,12.41,11.47,11.49,6342958,76704312.00
20150731,11.26,11.79,11.07,11.35,4637459,53154640.00
20150803,10.96,11.29,10.21,10.24,5278182,56156924.00
20150804,10.33,11.27,10.16,11.27,6045507,65771348.00
20150805,11.25,11.61,10.98,11.11,5828259,66303080.00
20150806,10.76,11.45,10.56,11.31,4728975,53293488.00
20150807,11.41,12.45,11.41,12.45,5621252,68635984.00
20150810,13.11,13.69,12.94,13.49,14173495,188693680.00
20150811,13.18,14.16,13.15,13.51,15325357,207958608.00
20150812,13.19,14.37,13.06,13.94,14391687,200064784.00
20150813,13.68,15.34,13.68,15.34,18045540,264298512.00
20150814,15.80,16.15,14.76,14.79,20945756,324428544.00
20150817,14.46,14.76,14.06,14.55,12033800,173613056.00
20150818,14.56,15.26,13.09,13.09,14867361,214934944.00
20150819,12.39,14.36,11.94,13.79,11860524,153386816.00
20150820,13.46,15.17,13.36,14.62,17451886,254943152.00
20150821,13.96,14.56,13.15,13.15,11990046,163379472.00
20150824,12.06,12.28,11.83,11.83,4443824,53126568.00
20150825,10.64,11.14,10.64,10.64,5546572,59658752.00
20150826,10.84,11.26,9.58,9.68,8504413,89196128.00
20150827,9.94,10.28,8.82,9.89,7873928,77078520.00
20150828,10.16,10.88,9.90,10.82,8219695,85099912.00
20150831,10.66,10.75,10.03,10.05,6873075,71343024.00
20150901,9.86,10.08,9.04,9.04,4703764,44223176.00
20150902,8.37,9.55,8.21,8.53,4706718,41547700.00
20150907,8.86,9.34,8.71,8.84,4579475,41446208.00
20150908,8.79,9.72,8.72,9.67,5409185,50173664.00
20150909,9.67,10.35,9.67,10.33,6537088,66340464.00
20150910,10.12,10.36,9.87,9.96,4853692,49448008.00
20150911,9.99,10.33,9.91,10.22,4494040,45682720.00
20150914,10.26,10.35,9.19,9.19,4923173,47494116.00
20150915,8.83,9.16,8.27,8.27,4131440,35701252.00
20150916,8.66,9.10,8.34,9.10,4492720,39282884.00
20150917,9.14,9.80,8.96,9.14,6015383,56769116.00
20150918,9.27,9.65,9.06,9.57,5908102,55364372.00
20150921,9.26,10.26,9.17,10.18,6777592,66903184.00
20150922,10.16,10.25,9.82,10.10,6804843,68829960.00
20150923,9.76,10.36,9.67,10.10,5348305,53945952.00
20150924,10.18,10.53,10.09,10.27,6041877,62419788.00
20150925,10.23,10.28,9.46,9.52,5605160,55473140.00
20150928,9.47,10.13,9.27,10.02,3835575,37672428.00
20150929,9.81,10.26,9.80,10.05,5012643,50539668.00
20150930,10.11,10.23,9.79,9.98,3314746,33281216.00
20151008,10.44,10.64,10.19,10.49,5562838,58455116.00
20151009,10.49,10.86,10.36,10.78,6309820,67030652.00
20151012,10.77,11.41,10.77,11.29,4270227,47456636.00
20151218,12.42,12.42,12.42,12.42,3296664,41076432.00
20151221,13.67,13.67,13.67,13.67,1163180,15947198.00
20151222,15.04,15.04,15.04,15.04,166383,2509055.75
20151223,16.55,16.55,16.55,16.55,316643,5253107.50
20151224,18.21,18.21,18.21,18.21,1659910,30293358.00
20151225,20.04,20.04,20.04,20.04,1598648,32100852.00
20151228,22.05,22.05,22.05,22.05,2057551,45451300.00
20151229,24.26,24.26,23.64,24.26,36929799,896340416.00
20151230,25.46,26.69,24.45,26.64,56764535,1451622144.00
20151231,25.26,25.76,24.06,24.95,38071489,959156416.00
20160104,24.95,26.16,23.67,23.90,23441746,589660352.00
20160105,22.96,26.29,22.96,25.96,35474031,901828224.00
20160106,25.96,27.14,23.76,25.79,24700059,634502336.00
20160107,24.76,24.77,23.21,23.21,4079119,98487312.00
20160108,23.35,24.76,20.96,23.37,14719013,342455744.00
20160111,22.47,22.47,21.03,21.03,9912424,211955408.00
20160112,19.97,21.06,18.92,19.01,10000693,200739552.00
20160113,19.07,20.62,18.97,19.21,12303332,244681104.00
20160114,18.31,21.14,18.21,21.14,8359632,170332096.00
20160115,21.86,22.64,21.01,21.75,11081821,243966800.00
20160118,21.43,23.66,20.86,23.66,8299731,188969840.00
20160119,22.81,26.03,22.66,26.03,9151010,225870000.00
20160120,25.76,28.64,24.96,25.76,14431873,388181472.00
20160121,25.46,26.49,23.21,23.24,14213612,356655360.00
20160122,23.69,24.96,22.57,23.81,10619777,252858640.00
20160125,24.14,25.76,22.90,25.51,11405138,285009088.00
20160126,24.52,26.16,23.45,23.54,12390906,307666464.00
20160127,23.34,24.06,21.23,23.79,9615250,215776048.00
20160128,22.96,23.88,21.41,21.41,7844573,175390000.00
20160129,21.24,22.16,19.36,20.96,9783579,204703888.00
20160201,20.56,21.84,20.21,20.58,5029636,106536568.00
20160202,20.95,22.64,20.61,22.64,4942715,109960712.00
20160203,24.81,24.86,23.11,23.76,10144046,245023248.00
20160204,24.25,25.23,23.59,24.04,8779895,213059152.00
20160205,24.22,25.20,22.11,22.86,7786222,185651248.00
20160215,21.28,23.15,20.96,22.91,5728238,126158664.00
20160216,22.89,24.04,22.50,24.03,7851399,185311392.00
20160217,23.76,24.26,22.68,24.01,8018372,188970576.00
20160218,24.01,26.42,23.66,26.12,19228976,491817792.00
20160219,25.53,25.86,24.56,24.74,10346187,261305712.00
20160222,25.11,26.24,24.56,26.16,13728491,351267808.00
20160223,26.49,27.08,24.77,25.88,10906642,280972000.00
20160224,25.57,25.57,23.29,23.29,15019914,356990048.00
20160225,22.77,22.93,20.96,20.96,8902111,193557168.00
20160226,20.75,20.96,18.95,19.68,9419730,188417216.00
20160229,19.68,19.68,17.71,17.71,6590743,118512368.00
20160301,17.37,18.95,16.51,18.44,9219366,163148496.00
20160302,18.14,19.94,17.96,19.83,12321018,233533664.00
20160303,19.56,20.21,19.22,19.25,7757241,152560272.00
20160304,18.95,19.31,17.32,17.32,7588214,135456224.00
20160307,17.31,18.25,17.30,17.66,5226671,92745208.00
20160308,17.69,18.47,16.01,18.12,7642261,133117192.00
20160309,17.57,19.21,17.12,18.13,7721553,143496512.00
20160310,18.01,18.41,17.46,17.59,4616199,82853216.00
20160311,17.09,18.11,16.96,17.96,4713741,84309160.00
20160314,18.16,19.76,18.16,19.21,9548190,185628464.00
20160315,19.11,19.34,18.14,18.18,7693574,144529136.00
20160316,18.74,18.99,18.04,18.32,4415512,82140928.00
20160317,18.34,19.64,18.34,19.41,5377993,103124680.00
20160318,19.44,21.36,19.44,21.36,9983041,211963120.00
20160321,22.51,22.89,21.54,22.19,11717862,259139232.00
20160322,21.99,23.65,21.73,22.83,9407486,214698048.00
20160323,22.58,23.26,22.21,22.72,7425414,168617216.00
20160324,22.65,22.65,21.17,21.69,10313662,226090848.00
20160325,21.05,22.03,20.61,21.88,9357603,199802320.00
20160328,21.84,22.34,21.01,21.34,6516317,143020768.00
20160329,21.36,21.38,19.96,20.65,4601705,95247504.00
20160330,21.04,21.75,21.01,21.66,7319193,156911952.00
20160331,22.06,23.83,22.06,23.83,11811989,278061184.00
20160401,24.11,25.02,22.86,23.96,14059536,335875424.00
20160405,24.06,24.63,22.87,24.36,10269149,244423744.00
20160406,23.95,24.39,23.56,23.73,7091433,169717824.00
20160407,23.55,24.12,23.31,23.47,5258897,124652960.00
20160408,23.19,24.52,23.19,23.95,8787670,210608656.00
20160411,24.45,25.83,24.35,24.36,8517280,211573296.00
20160412,24.22,26.26,24.08,25.77,10551245,265528496.00
20160413,25.77,27.50,25.14,25.70,11992984,313264480.00
20160414,25.94,27.21,25.84,27.16,9229563,245730832.00
20160415,26.96,27.56,26.36,27.16,5931661,160015088.00
20160418,26.98,26.98,25.52,25.76,8226609,214784736.00
20160419,26.06,26.82,25.74,26.28,4854581,127382216.00
20160420,26.32,26.73,23.66,24.96,8697004,219588880.00
20160421,24.66,25.32,23.36,23.36,4894871,119752744.00
20160422,23.47,24.46,22.96,24.08,5594397,133652776.00
20160425,23.91,24.16,23.35,23.78,3065349,72472728.00
20160426,23.66,25.09,23.51,24.97,4782713,117035480.00
20160427,24.77,25.96,24.61,25.15,3437127,87130608.00
20160428,25.15,26.22,24.58,25.79,5190096,132366664.00
20160429,25.46,27.96,24.96,27.96,9477299,255325520.00
20160503,27.94,29.62,27.56,29.21,7391170,212489984.00
20160504,29.16,29.91,28.36,28.82,6291209,183536352.00
20160721,31.54,31.54,26.18,27.59,25949981,748617408.00
20160722,26.98,29.31,26.68,28.76,12448584,348041088.00
20160725,29.48,31.64,28.06,31.48,14063715,431690976.00
20160726,30.68,31.47,29.59,30.83,9333175,285639616.00
20160727,30.76,31.22,27.75,27.75,8823333,255207664.00
20160728,27.18,27.97,25.19,27.74,9555206,255419648.00
20160729,27.18,28.46,26.78,26.88,5865835,162091040.00
20160801,26.09,27.57,25.87,27.47,3418756,92114856.00
20160802,27.48,27.94,26.86,27.04,2589540,70428968.00
20160803,27.28,27.87,26.83,26.98,2370571,64782304.00
20160804,27.24,28.23,26.98,28.23,4794897,133577192.00
20160805,28.22,28.22,27.48,27.57,2553977,70779272.00
20160808,27.48,28.06,26.99,27.69,3606290,99301840.00
20160809,27.50,28.13,27.40,27.75,1993160,55199220.00
20160810,27.64,30.53,27.19,29.86,5404224,153609872.00
20160811,29.86,29.86,27.97,28.38,5505858,158216592.00
20160812,28.01,28.37,27.48,28.01,2009601,56014192.00
20160815,28.28,29.08,27.62,28.39,2584147,73434640.00
20160816,28.28,29.48,28.16,28.41,3116172,89310520.00
20160817,28.43,28.62,27.75,27.85,2495381,69890488.00
20160818,28.13,28.13,26.88,27.14,3818797,104264248.00
20160819,27.00,28.10,27.00,27.85,3518945,97307792.00
20160822,28.17,29.15,28.03,28.69,5321245,152172624.00
20160823,28.69,28.86,27.88,28.38,2472322,70154872.00
20160824,28.26,28.71,28.13,28.15,1828624,51974904.00
20160825,28.16,28.16,26.98,27.44,2690484,73362104.00
20160826,27.46,27.63,26.38,26.43,3921459,105944648.00
20160829,26.18,26.42,25.49,25.71,4317581,111918816.00
20160830,25.93,26.50,25.68,26.37,2232833,58447300.00
20160831,26.36,26.36,25.57,26.16,1923624,49955024.00
20160901,26.31,26.34,25.88,25.89,1332312,34850952.00
20160902,25.85,26.13,25.04,25.11,1840164,46827968.00
20160905,25.11,26.43,25.09,26.31,2848658,74316152.00
20160906,26.30,26.83,26.03,26.70,2376886,63217820.00
20160907,26.88,26.88,25.58,25.67,3205190,83727160.00
20160908,25.83,26.28,25.50,25.73,1412305,36524832.00
20160909,25.85,26.20,25.75,25.87,1367066,35553356.00
20160912,25.57,26.15,25.31,25.55,2013324,52015344.00
20160913,25.48,25.88,24.32,25.13,3339489,82922648.00
20160914,25.09,25.09,24.18,24.44,1458934,35844412.00
20160919,24.73,24.78,24.18,24.44,1242872,30578820.00
20160920,24.45,24.74,24.23,24.68,1218593,29867134.00
20160921,24.86,27.08,24.71,26.58,3855469,101008320.00
20160922,27.30,28.57,26.98,27.78,5339719,147920240.00
20160923,28.37,28.37,27.37,27.51,1697405,47063784.00
20160926,27.39,27.77,26.59,26.62,1913222,52108684.00
20160927,27.01,27.58,26.24,26.69,1242077,33408952.00
20160928,26.46,26.98,26.08,26.51,1716808,45467792.00
20160929,26.59,26.76,26.18,26.21,1537980,40660852.00
20160930,26.28,26.33,25.58,25.92,1147168,29904310.00
20161010,25.91,26.78,25.80,26.78,2212135,57975572.00
20161011,26.79,27.63,26.68,27.50,3565114,97668448.00
20161012,27.46,27.70,26.68,27.21,1635829,44414736.00
20161013,27.33,27.43,26.28,26.86,1627879,43624892.00
20161014,26.54,26.94,26.38,26.78,1220907,32478162.00
20161017,26.78,27.53,26.74,26.98,2187995,59320504.00
20161018,26.76,27.28,26.48,27.26,1365997,36817720.00
20161019,27.26,27.26,26.71,26.87,816214,21996682.00
20161020,26.87,27.64,26.71,27.63,2354305,64373956.00
20161021,27.63,27.63,26.01,26.49,1966225,52335900.00
20161024,26.37,29.14,26.37,29.14,8194659,234571520.00
20161025,29.18,29.64,28.41,29.10,5087040,147805456.00
20161026,28.86,29.73,28.54,29.23,3669910,106951744.00
20161027,29.06,30.83,29.06,29.69,5476115,163971792.00
20161028,29.69,31.18,29.69,30.28,4709302,143300624.00
20161031,30.09,30.18,28.50,29.71,3242682,95008384.00
20161101,29.44,29.95,28.78,29.48,3227148,94152536.00
20161102,29.28,29.76,28.48,28.82,2741378,79858328.00
20161103,28.82,29.34,28.29,28.86,2262060,65313468.00
20161104,28.97,28.98,28.38,28.67,1821853,52368636.00
20161107,28.67,28.96,27.87,27.98,2457445,69920184.00
20161108,28.08,28.85,27.82,28.73,1980627,56424000.00
20161109,28.81,29.62,28.30,29.08,2683768,78079248.00
20161110,29.33,30.73,29.33,30.28,3236759,97599704.00
20161111,30.36,30.82,29.14,29.31,3367902,101483648.00
20161114,28.97,30.13,28.86,29.72,1671171,49351248.00
20161115,29.94,30.03,28.84,29.20,2336344,68308360.00
20161116,29.01,29.20,28.43,28.46,2424901,69746824.00
20161117,28.46,29.18,28.29,28.98,1845831,53273544.00
20161118,29.13,29.13,28.48,28.71,1434413,41382748.00
20161121,28.68,29.08,28.56,28.97,1889938,54509844.00
20161122,28.97,29.04,28.38,28.79,1494655,42894928.00
20161123,28.76,28.95,27.48,27.91,3792625,105782728.00
20161124,27.86,28.53,26.54,28.13,3896559,106645912.00
20161125,28.09,28.10,27.18,27.77,1280288,35485888.00
20161128,27.88,27.88,27.18,27.23,1942491,53224632.00
20161129,27.23,28.38,27.08,27.50,2068796,57659932.00
20161130,27.51,28.11,27.16,27.88,1536407,42855176.00
20161201,27.88,28.27,27.18,27.42,1691861,46807972.00
20161202,27.45,27.83,27.24,27.26,1177077,32281868.00
20161205,27.18,27.66,26.98,27.40,678724,18633344.00
20161206,27.44,27.60,27.20,27.28,592308,16211508.00
20161207,27.48,27.48,27.03,27.05,918800,25016948.00
20161208,27.10,27.23,25.99,26.32,1623171,43040164.00
20161209,26.44,26.56,25.69,25.82,1412198,37094420.00
20161212,25.82,26.08,23.99,24.24,2565869,64198484.00
20161213,23.88,24.68,22.98,24.48,2008084,47829060.00
20161214,24.19,24.35,22.79,23.17,2082264,48822324.00
20161215,23.56,23.95,22.64,23.23,2754059,63254280.00
20161216,23.26,25.56,23.04,24.48,4730860,116115016.00
20161219,24.47,24.93,23.68,24.49,2086807,50827908.00
20161220,24.29,24.77,23.48,23.59,1805435,43102796.00
20161221,23.80,24.03,23.50,23.80,1560242,37030572.00
20161222,23.80,23.98,23.43,23.56,1164439,27516882.00
20161223,23.65,23.65,22.78,23.05,1334645,30826358.00
20161226,22.98,23.70,22.75,23.37,1273550,29761514.00
20161227,23.38,23.66,23.03,23.23,1584875,37166968.00
20161228,23.36,23.48,22.93,23.38,975455,22698692.00
20161229,23.19,23.44,22.88,23.00,1577968,36541812.00
20161230,22.99,23.18,22.13,23.01,1457063,33346106.00
20170103,22.88,23.41,22.69,22.79,1357412,31271812.00
20170104,23.08,23.08,22.64,22.88,1394959,31839232.00
20170105,22.89,23.43,22.89,22.94,1150532,26620716.00
20170106,22.98,23.67,22.84,23.23,2100239,48897612.00
20170109,23.38,23.56,22.67,23.25,1770289,40728172.00
20170110,23.25,23.25,22.58,22.65,1360783,31045812.00
20170111,22.65,22.65,21.01,21.20,2174400,47033236.00
20170112,21.31,21.52,20.80,20.83,1915546,40428392.00
20170113,20.93,21.08,19.88,19.95,1802935,37127124.00
20170116,19.83,19.83,18.16,19.18,3277478,62633372.00
20170117,19.28,19.84,18.34,19.81,3307338,63406036.00
20170118,19.93,20.84,19.69,20.12,3329685,67894904.00
20170119,20.32,20.40,19.49,19.97,1607127,32225860.00
20170120,20.05,20.93,19.98,20.70,2259136,46570096.00
20170123,20.70,20.98,20.48,20.81,1491532,31098494.00
20170124,20.76,21.76,20.61,21.47,2442645,52198988.00
20170125,21.18,21.58,20.98,21.56,1476331,31375762.00
20170126,21.19,21.52,21.11,21.52,610758,13026510.00
20170203,21.52,21.62,20.66,20.73,1148744,24129442.00
20170206,20.93,21.25,20.72,21.13,1010730,21261534.00
20170207,21.22,21.47,20.76,20.83,1161069,24471018.00
20170208,21.03,21.03,20.46,20.70,1319960,27245634.00
20170209,20.77,21.57,20.76,21.07,1675669,35614944.00
20170210,21.26,21.67,21.01,21.13,1885185,40132460.00
20170213,21.07,21.38,21.01,21.09,1334850,28361692.00
20170214,21.04,21.26,20.88,21.25,930198,19650508.00
20170215,21.28,21.33,20.96,21.00,1453975,30814646.00
20170216,21.00,21.00,20.55,20.70,881261,18238900.00
20170217,20.85,20.85,19.88,19.96,1133957,23008336.00
20170220,20.02,20.36,19.47,19.95,2256921,44716516.00
20170221,19.97,20.40,19.88,20.11,1580540,31823618.00
20170222,20.48,20.54,20.17,20.35,1990319,40596332.00
20170223,20.45,22.39,20.36,22.39,4472893,97449936.00
20170224,22.96,22.96,21.83,22.54,5074661,114410296.00
20170227,22.47,24.15,22.04,23.93,5059831,118317656.00
20170228,23.95,24.58,23.43,23.66,3257975,78229888.00
20170301,23.51,24.17,22.91,23.91,4364938,102499312.00
20170302,23.79,23.90,22.90,22.90,2420941,56677636.00
20170303,23.13,24.14,23.13,23.74,2865106,67852968.00
20170306,24.07,24.13,23.53,23.85,2745370,65407224.00
20170307,23.68,23.78,23.18,23.50,1862589,43629676.00
20170308,23.53,23.64,22.88,22.98,1648669,38191264.00
20170309,22.96,23.16,22.58,22.92,1381117,31627848.00
20170310,22.78,23.53,22.77,22.97,1468758,34208888.00
20170313,22.81,23.23,22.36,23.09,2068184,47314144.00
20170314,23.14,24.13,23.05,23.59,1925248,45589348.00
20170315,23.39,23.88,22.68,22.96,2248233,51670268.00
20170316,22.95,23.36,22.87,23.28,1164710,27002000.00
20170317,23.09,23.63,22.38,22.60,2740520,63246504.00
20170320,22.48,22.74,22.38,22.58,1009217,22761306.00
20170321,22.58,22.84,22.53,22.63,887352,20145020.00
20170322,22.81,22.81,22.08,22.14,1389368,30987408.00
20170323,22.11,22.53,21.98,22.23,1590584,35270088.00
20170324,22.28,22.47,21.99,22.01,1185932,26217804.00
20170327,22.01,22.12,21.76,21.84,1105118,24163874.00
20170328,21.86,22.20,21.66,22.05,847030,18648520.00
20170329,22.08,22.30,21.63,22.23,1643471,36360976.00
20170330,22.19,22.38,21.08,21.31,1923784,41574564.00
20170331,21.28,21.59,20.93,21.00,658222,13905033.00
20170405,20.86,21.21,20.79,21.18,1901197,40072580.00
20170406,21.17,21.17,20.63,20.69,1680597,34904068.00
20170407,20.70,21.16,20.48,21.12,2468492,51363384.00
20170410,21.19,21.70,20.95,21.44,2664242,56778068.00
20170411,21.36,21.36,20.64,20.92,1424013,29750688.00
20170412,20.88,21.15,20.52,20.73,1346411,28052414.00
20170413,20.70,21.32,20.21,20.76,877038,18329592.00
20170414,20.73,20.96,20.18,20.27,1367910,28004054.00
20170417,19.98,20.36,19.53,19.68,1435503,28459422.00
20170418,19.68,20.06,19.49,19.60,1184545,23292440.00
20170419,19.60,19.60,18.93,19.06,2312467,44121968.00
20170420,19.06,19.37,18.25,18.88,1781245,33665668.00
20170421,18.89,19.07,18.33,18.78,2455928,45724424.00
20170424,18.44,18.93,18.26,18.56,1516488,28204986.00
20170425,18.09,18.86,18.09,18.66,1010235,18950272.00
20170426,18.80,18.93,18.51,18.63,1040806,19393310.00
20170427,18.62,18.63,18.12,18.49,1179047,21651382.00
20170428,18.50,19.67,18.49,19.47,1737633,33458362.00
20170502,19.46,20.44,19.24,20.39,2350435,46560736.00
20170503,20.39,20.88,19.98,20.39,2017669,41420876.00
20170504,20.48,20.70,20.06,20.06,1244320,25439394.00
20170505,20.13,20.28,19.08,19.18,1937618,37841800.00
20170508,19.07,19.26,18.71,18.71,1392758,26336344.00
20170509,19.18,19.18,18.72,19.11,900794,17079220.00
20170510,19.37,19.67,19.04,19.08,1112614,21554162.00
20170511,19.06,19.15,18.28,18.97,911559,17138344.00
20170512,19.18,19.18,18.80,18.87,493970,9349321.00
20170515,18.88,19.80,18.88,19.38,1374129,26821956.00
20170516,19.16,19.71,18.81,19.53,1484908,28595966.00
20170517,19.68,20.43,19.34,20.31,2653795,52986564.00
20170518,20.31,20.31,19.77,19.78,1695173,33930780.00
20170519,19.78,19.96,19.43,19.70,607942,11931680.00
20170522,19.70,19.93,18.56,18.78,1651128,31498306.00
20170523,18.77,18.91,18.10,18.11,1402777,25826178.00
20170524,18.46,18.46,17.18,17.95,2297529,40532340.00
20170525,17.54,17.86,16.89,16.98,3699881,63867072.00
20170526,16.99,17.18,16.57,16.59,2107617,35394228.00
20170531,16.76,17.36,16.76,17.32,2321437,39696444.00
20170601,17.53,17.53,16.51,16.70,1733611,29189646.00
20170602,16.59,16.87,15.79,16.57,2409459,39149416.00
20170605,16.56,17.15,16.33,17.03,2095037,35575544.00
20170606,16.88,17.23,16.81,17.02,1041726,17808466.00
20170607,17.08,18.13,16.98,17.71,1670999,29479540.00
20170608,17.90,18.04,17.46,17.47,1207628,21328838.00
20170609,17.43,17.56,16.89,17.36,1148926,19779298.00
20170612,17.23,17.36,16.78,16.79,1482197,25254296.00
20170613,16.68,17.33,16.68,17.23,1088142,18743952.00
20170614,17.08,17.30,16.96,17.02,1333335,22751070.00
20170615,17.01,17.58,16.99,17.43,1302661,22641442.00
20170616,17.48,17.92,17.48,17.68,1997924,35470248.00
20170619,17.67,18.06,17.57,17.91,1546203,27623434.00
20170620,17.94,18.68,17.79,18.68,2777094,51108176.00
20170621,18.74,18.83,17.97,18.63,2855095,52542432.00
20170622,18.43,18.57,17.98,18.38,2292777,42069380.00
20170623,18.35,18.43,17.66,18.43,1676488,30303114.00
20170626,18.53,18.63,18.02,18.47,3722453,68389128.00
20170627,18.48,18.48,18.11,18.38,1219408,22306606.00
20170628,18.21,18.31,18.00,18.13,1081495,19647586.00
20170629,18.05,18.37,18.02,18.27,582539,10636261.00
20170630,18.18,18.56,17.98,18.40,875066,16006111.00
20170703,18.40,18.63,18.15,18.61,1362718,25082188.00
20170704,18.48,19.17,18.46,19.09,1686849,31762130.00
20170705,19.27,19.27,18.66,19.01,1164835,21976976.00
20170706,18.87,19.48,18.86,19.37,1724724,33272176.00
20170707,19.18,19.37,19.03,19.11,1142145,21903726.00
20170710,19.08,19.36,18.58,18.66,1564283,29584374.00
20170711,18.65,18.71,18.03,18.38,963155,17729056.00
20170712,18.60,18.60,17.90,18.42,1023047,18576400.00
20170713,18.45,18.45,18.09,18.30,673555,12319893.00
20170714,18.24,18.27,17.75,17.80,1586260,28488836.00
20170717,17.65,17.72,16.41,16.73,2667532,44867632.00
20170718,16.73,16.88,16.35,16.50,1694696,28127848.00
20170719,16.50,16.61,16.12,16.36,2176278,35546568.00
数据来源:通达信
