300015 爱尔眼科 日线 前复权
      日期	    开盘	    最高	    最低	    收盘	    成交量	    成交额
20091030,3.97,6.12,3.40,4.25,23975079,1261342464.00
20091102,3.77,4.43,3.77,3.94,10095677,490859744.00
20091103,4.01,4.36,3.86,4.14,7044934,357168672.00
20091104,4.10,4.34,4.08,4.23,4652062,239265824.00
20091105,4.21,4.49,4.12,4.31,5298379,279305952.00
20091106,4.26,4.35,4.02,4.08,4175109,212060320.00
20091109,4.06,4.12,3.89,3.92,3145749,153864960.00
20091110,3.94,3.96,3.76,3.77,3149786,149501568.00
20091111,3.72,3.81,3.62,3.78,2602840,120013616.00
20091112,3.77,3.94,3.75,3.92,2673148,127729704.00
20091113,3.92,4.24,3.89,4.10,4210148,211479408.00
20091116,4.10,4.10,3.97,4.05,2996244,147875200.00
20091117,4.03,4.14,3.99,4.01,1929430,95957208.00
20091118,4.02,4.16,3.99,4.13,3066157,154107296.00
20091119,4.13,4.59,4.10,4.36,5842210,310059584.00
20091120,4.33,4.46,4.25,4.32,2845770,150254992.00
20091123,4.31,4.46,4.29,4.43,2511877,133892200.00
20091124,4.49,4.54,3.99,4.19,4057508,210363712.00
20091125,4.15,4.45,4.11,4.41,3564195,186618208.00
20091126,4.41,4.51,4.27,4.51,4178462,223277456.00
20091127,4.61,4.99,4.61,4.72,5992965,345975392.00
20091130,4.71,4.71,4.45,4.66,3168133,175732496.00
20091201,4.63,4.66,4.49,4.59,2543968,140858288.00
20091202,4.62,4.87,4.62,4.74,3949069,226765440.00
20091203,4.74,4.97,4.70,4.97,3906645,229191920.00
20091204,4.77,4.84,4.41,4.47,4202754,233772592.00
20091207,4.44,4.63,4.42,4.57,1544855,84959696.00
20091208,4.54,4.73,4.48,4.63,1884322,104777368.00
20091209,4.59,4.82,4.54,4.66,2556389,145079120.00
20091210,4.63,4.71,4.48,4.50,2040947,112467864.00
20091211,4.54,4.54,4.21,4.29,2395957,127165824.00
20091214,4.31,4.31,4.08,4.27,1553118,79753776.00
20091215,4.31,4.39,4.24,4.30,1164547,61132136.00
20091216,4.26,4.27,4.13,4.15,1575530,80667056.00
20091217,4.16,4.19,3.91,3.92,1486636,73190760.00
20091218,3.91,4.06,3.76,3.98,1947586,93755840.00
20091221,3.94,4.04,3.92,4.00,916997,44866316.00
20091222,4.04,4.04,3.77,3.77,1034290,49192192.00
20091223,3.75,3.91,3.75,3.85,917703,43666136.00
20091224,3.80,3.96,3.76,3.96,1186890,56850724.00
20091225,3.93,3.93,3.79,3.81,1060278,50160656.00
20091228,3.82,3.91,3.81,3.86,755537,36036512.00
20091229,3.87,3.91,3.74,3.81,856216,40462028.00
20091230,3.80,3.98,3.80,3.90,1152064,55464188.00
20091231,3.93,3.99,3.87,3.97,878657,42649368.00
20100104,3.98,4.00,3.94,3.96,740314,36138616.00
20100105,3.98,4.21,3.92,4.17,1850184,92461800.00
20100106,4.16,4.16,4.05,4.05,971079,48709592.00
20100107,4.07,4.07,3.93,3.95,928957,45556820.00
20100108,3.91,3.93,3.77,3.82,1136816,53706944.00
20100111,3.80,3.91,3.75,3.84,921556,43671672.00
20100112,3.84,3.94,3.81,3.93,797391,38373692.00
20100113,3.88,4.09,3.80,4.02,1397010,68894280.00
20100114,4.08,4.31,4.02,4.22,1950890,100448784.00
20100115,4.22,4.28,4.13,4.18,919192,46966088.00
20100118,4.20,4.24,4.14,4.19,520082,26632260.00
20100119,4.17,4.19,4.04,4.08,874495,43734884.00
20100120,4.08,4.10,3.79,3.81,1123272,54157820.00
20100121,3.82,3.92,3.82,3.86,529544,25269104.00
20100122,3.83,3.83,3.53,3.59,1528341,69359280.00
20100125,3.57,3.58,3.43,3.47,796699,34897440.00
20100126,3.53,3.59,3.46,3.48,570700,25064536.00
20100127,3.49,3.57,3.48,3.49,512792,22637284.00
20100128,3.50,3.58,3.36,3.52,1092296,47062272.00
20100129,3.49,3.61,3.44,3.53,991806,44044772.00
20100201,3.24,3.51,3.14,3.22,4700235,193757232.00
20100202,3.24,3.28,3.20,3.23,1210340,49710620.00
20100203,3.23,3.27,3.06,3.18,1297607,51885316.00
20100204,3.20,3.28,3.20,3.25,995702,40997756.00
20100205,3.15,3.30,3.15,3.24,808132,33125902.00
20100208,3.23,3.44,3.23,3.40,1623240,69054376.00
20100209,3.38,3.45,3.36,3.41,472136,20151508.00
20100210,3.45,3.60,3.43,3.58,1126056,49655868.00
20100211,3.58,3.65,3.53,3.58,839876,37711044.00
20100212,3.59,3.69,3.58,3.68,688817,31254816.00
20100222,3.65,3.73,3.62,3.65,631008,28937866.00
20100223,3.62,3.69,3.59,3.66,620402,28001138.00
20100224,3.72,3.87,3.72,3.85,1328743,62496568.00
20100225,3.90,3.98,3.85,3.88,1488689,71781096.00
20100226,3.85,4.07,3.85,3.99,1677641,82493440.00
20100301,3.99,4.22,3.99,4.16,1948301,98289480.00
20100302,4.16,4.24,4.06,4.10,1387809,70540296.00
20100303,4.09,4.13,3.97,4.01,1356079,67318496.00
20100304,4.01,4.24,3.99,4.11,2009270,102212944.00
20100305,4.13,4.45,4.11,4.40,2330128,123293248.00
20100308,4.41,4.50,4.33,4.46,1713200,91973896.00
20100309,4.48,4.48,4.34,4.42,1167193,62463552.00
20100310,4.43,4.69,4.40,4.66,2358595,130626208.00
20100311,4.66,4.70,4.51,4.66,1852220,103387104.00
20100315,4.80,4.85,4.64,4.71,3250682,186282016.00
20100316,4.72,4.73,4.54,4.56,1621286,90455472.00
20100317,4.59,4.98,4.58,4.91,2801812,163030896.00
20100318,4.91,5.16,4.88,4.97,2642148,159006832.00
20100319,4.96,5.09,4.91,5.00,1211922,72692992.00
20100322,5.01,5.06,4.94,5.04,1235021,74178696.00
20100323,5.04,5.42,4.99,5.36,2393232,148244048.00
20100324,5.36,5.53,5.30,5.44,2116251,136362096.00
20100325,5.38,5.98,5.37,5.84,2881276,196268272.00
20100326,5.74,6.21,5.51,6.06,3379556,233933984.00
20100329,6.06,6.26,5.70,5.92,3781885,264412496.00
20100330,5.87,6.12,5.83,5.92,2102166,147708544.00
20100331,5.89,6.07,5.86,5.99,2088911,146825952.00
20100401,5.96,6.16,5.80,5.83,3141391,222805312.00
20100402,5.74,5.79,5.60,5.64,2931319,197096816.00
20100406,5.63,5.96,5.61,5.96,2474055,170589328.00
20100407,5.99,6.10,5.86,6.03,2012027,141968528.00
20100409,5.89,6.56,5.84,6.48,3200437,232366192.00
20100412,6.66,6.75,6.48,6.58,3275805,252669472.00
20100413,6.54,6.54,5.87,5.87,4364932,312332032.00
20100414,5.88,6.10,5.76,6.02,2148324,150051760.00
20100415,6.03,6.11,5.46,5.66,2656186,183243904.00
20100416,5.56,6.28,5.56,6.27,4014811,289053216.00
20100419,6.22,6.41,5.95,5.96,8120215,295019872.00
20100420,5.96,6.21,5.42,6.09,6623990,223632704.00
20100421,5.99,6.72,5.96,6.56,6473300,242055104.00
20100422,6.57,6.89,6.41,6.63,7940638,311212800.00
20100423,6.50,6.84,6.49,6.70,4990243,194032928.00
20100426,6.70,6.80,6.34,6.36,5040502,190831088.00
20100427,6.32,6.51,6.16,6.45,4412523,163939824.00
20100428,6.37,6.55,5.96,5.96,5087265,184885248.00
20100429,6.00,6.13,5.81,5.83,3390927,118955888.00
20100430,5.78,6.00,5.53,5.99,3710857,125561144.00
20100504,5.82,6.41,5.78,6.36,5200148,188856784.00
20100505,6.27,6.54,6.26,6.50,4766484,178713456.00
20100506,6.53,6.53,6.25,6.25,3792643,140792128.00
20100507,5.98,6.23,5.93,5.95,4070125,143921168.00
20100510,5.89,6.01,5.32,5.54,4486287,148076768.00
20100511,5.65,5.74,5.19,5.24,4020716,130214016.00
20100512,5.06,5.32,5.00,5.22,3860864,118725872.00
20100513,5.26,5.32,4.93,5.27,3846367,117819648.00
20100514,5.18,5.50,5.00,5.29,3694546,114583536.00
20100517,5.20,5.43,5.11,5.17,3181371,99750320.00
20100518,5.21,5.23,4.90,5.16,3765849,113481296.00
20100519,5.07,5.46,5.04,5.31,4082754,127807632.00
20100520,5.24,5.55,5.24,5.35,4003818,128059904.00
20100521,5.16,5.64,5.11,5.62,4828155,155698304.00
20100524,5.71,5.98,5.69,5.98,4936647,169864208.00
20100525,5.93,6.22,5.88,6.00,5243112,185555920.00
20100526,5.96,6.15,5.91,5.96,3084460,108713064.00
20100527,5.96,6.58,5.92,6.50,6551652,240396032.00
20100528,6.52,6.72,6.40,6.62,6149687,235246448.00
20100531,6.56,6.81,6.43,6.43,5374025,207235968.00
20100601,6.34,6.44,6.00,6.24,5307884,193113216.00
20100602,6.19,6.75,6.08,6.71,5340774,198543680.00
20100603,6.76,7.40,6.71,6.98,9303230,380353472.00
20100604,6.92,7.54,6.89,7.50,7361037,308196192.00
20100607,7.38,7.78,7.28,7.62,7874502,343503648.00
20100608,7.62,7.65,7.32,7.40,5279898,226838080.00
20100609,7.44,7.98,7.44,7.83,7984378,356463488.00
20100610,7.78,8.44,7.73,8.41,7657773,358392416.00
20100611,8.45,8.67,8.25,8.55,6612029,320519872.00
20100617,8.54,8.65,8.17,8.39,6062969,292431744.00
20100618,8.25,8.30,7.50,7.50,8286861,374330144.00
20100621,7.24,8.09,6.96,7.89,8227231,358191456.00
20100622,7.78,8.05,7.49,7.52,5886771,265027776.00
20100623,7.37,7.69,7.26,7.55,5875701,252712208.00
20100624,7.47,7.63,7.45,7.56,3099530,134745376.00
20100625,7.50,7.55,6.93,7.14,4777405,199365216.00
20100628,7.10,7.26,6.96,7.22,3288679,135878496.00
20100629,7.17,7.23,6.75,6.80,5282393,211727280.00
20100630,6.69,7.11,6.49,7.02,5465686,216281968.00
20100701,6.99,7.03,6.71,6.73,3962334,157234048.00
20100702,6.71,6.81,6.00,6.41,7172161,265214848.00
20100705,6.18,6.32,6.02,6.11,4015133,144623728.00
20100706,6.11,6.67,6.09,6.63,5905010,223243232.00
20100707,6.65,7.00,6.65,6.99,5681385,226883200.00
20100708,7.07,7.12,6.79,7.01,5567642,224183056.00
20100709,6.96,7.21,6.86,7.14,5958909,244708640.00
20100712,7.11,7.16,6.84,6.96,5089956,206634272.00
20100713,6.89,7.04,6.75,6.93,3763889,150330144.00
20100714,6.90,6.98,6.64,6.69,4405582,174618880.00
20100715,6.65,6.76,6.26,6.26,4354647,164764640.00
20100716,6.19,6.45,6.14,6.42,3361758,124299304.00
20100719,6.34,6.72,6.30,6.70,3590514,137766192.00
20100720,6.76,7.15,6.72,7.07,5303120,216298208.00
20100721,7.11,7.17,6.95,7.00,4873865,198902896.00
20100722,7.00,7.10,6.85,7.06,3666709,148676688.00
20100723,7.11,7.43,7.08,7.26,5485401,230635056.00
20100726,7.26,7.30,6.98,7.16,4113538,169895552.00
20100727,7.11,7.23,7.00,7.02,3404092,139688288.00
20100728,6.98,7.26,6.96,7.25,4558600,188900960.00
20100729,7.32,7.63,7.31,7.37,5970954,257845968.00
20100730,7.30,7.50,7.23,7.45,3834989,162907328.00
20100802,7.41,7.53,7.36,7.52,3643712,156884544.00
20100803,7.54,7.54,7.23,7.23,3990797,170076080.00
20100804,7.19,7.26,7.01,7.23,3518739,145171040.00
20100805,7.18,7.32,7.12,7.17,2846902,119174880.00
20100806,7.16,7.35,7.16,7.33,2950543,124081888.00
20100809,7.34,7.63,7.29,7.58,4711175,203903232.00
20100810,7.58,7.63,7.19,7.20,4336771,185645776.00
20100811,7.16,7.35,7.16,7.25,2343774,98301616.00
20100812,7.17,7.25,7.06,7.06,2645633,109163656.00
20100813,7.07,7.15,6.99,7.15,2668948,109363584.00
20100816,7.04,7.26,6.99,7.22,4289635,178401632.00
20100817,7.19,7.25,6.99,7.08,6376601,261113584.00
20100818,7.08,7.08,6.78,6.84,6548966,262006400.00
20100819,6.82,6.91,6.79,6.82,3746360,149100576.00
20100820,6.82,6.95,6.69,6.70,4155081,164580928.00
20100823,6.69,6.82,6.54,6.82,4489354,173579952.00
20100824,6.76,6.84,6.65,6.78,3170345,124265304.00
20100825,6.72,6.73,6.43,6.48,3217097,123401096.00
20100826,6.47,6.56,6.38,6.41,2603734,97807232.00
20100827,6.45,6.52,6.34,6.51,2343137,88282440.00
20100830,6.55,6.80,6.48,6.75,4122914,160061024.00
20100831,6.71,6.72,6.56,6.59,3138080,120757408.00
20100901,6.56,6.68,6.34,6.37,3494177,132190672.00
20100902,6.40,6.46,6.30,6.38,3596127,133492192.00
20100903,6.38,6.65,6.29,6.50,4714155,178515376.00
20100906,6.50,6.52,6.25,6.28,4428008,163550768.00
20100907,6.27,6.33,6.15,6.30,2945140,107428816.00
20100908,6.30,6.31,6.21,6.28,2147339,78497792.00
20100909,6.30,6.52,6.30,6.38,4143833,154567072.00
20100910,6.38,6.61,6.33,6.60,5095512,193382992.00
20100913,6.59,6.76,6.52,6.53,4239068,163604640.00
20100914,6.52,6.59,6.30,6.34,3627899,135529136.00
20100915,6.35,6.39,6.09,6.11,3581814,129792688.00
20100916,6.09,6.13,5.78,5.85,3483666,121171296.00
20100917,6.15,6.49,6.14,6.18,5283708,194679536.00
20100920,6.06,6.06,5.78,5.88,3174755,109704512.00
20100921,5.88,5.91,5.60,5.70,2834877,94999704.00
20100927,5.70,5.78,5.54,5.73,2447008,81950072.00
20100928,5.74,5.87,5.62,5.82,2386246,80590392.00
20100929,5.78,5.96,5.67,5.72,1967554,67601128.00
20100930,5.70,5.90,5.66,5.86,1846519,63427688.00
20101008,5.90,6.00,5.84,5.97,2042138,71074904.00
20101011,5.97,5.97,5.70,5.83,2850403,97363944.00
20101012,5.78,6.02,5.76,5.87,2375508,82671816.00
20101013,5.86,6.41,5.78,6.36,5573983,199381744.00
20101014,6.36,6.64,6.24,6.35,5311745,199448032.00
20101015,6.24,6.29,6.05,6.21,3488643,125860528.00
20101018,6.15,6.44,5.84,6.37,3492557,126172696.00
20101019,6.36,7.06,6.33,6.96,9574229,381793376.00
20101020,6.80,7.17,6.71,6.76,7164391,286630784.00
20101021,6.69,6.69,6.43,6.63,3490483,133646952.00
20101022,6.52,6.91,6.44,6.72,3166847,124535800.00
20101025,6.72,6.92,6.65,6.69,4310483,169889104.00
20101026,6.67,6.70,6.47,6.70,3399059,129747448.00
20101027,6.70,6.87,6.58,6.58,2666107,104173872.00
20101028,6.50,7.19,6.46,7.05,6260449,249200288.00
20101029,7.03,7.22,6.85,7.19,6878329,282650528.00
20101101,7.26,7.95,7.26,7.64,7469192,328033312.00
20101102,7.62,7.70,7.30,7.41,4766890,205959680.00
20101103,7.17,7.26,6.89,6.95,3025290,124331256.00
20101104,6.95,7.14,6.91,7.14,2888361,118135112.00
20101105,7.23,7.23,6.94,7.07,2175297,89062840.00
20101108,7.06,7.36,7.00,7.23,3251787,135847664.00
20101109,7.21,7.36,7.17,7.19,1795578,75158912.00
20101110,7.15,7.43,7.15,7.31,3277523,138478240.00
20101111,7.30,7.34,7.16,7.16,2898045,121293536.00
20101112,7.11,7.15,6.64,6.65,3973422,158692064.00
20101115,6.71,7.03,6.71,7.03,2993196,120036656.00
20101116,7.06,7.49,7.02,7.14,6002982,252688832.00
20101117,7.10,7.41,6.80,6.82,3807845,156852512.00
20101118,6.89,7.00,6.67,6.92,1875191,74400736.00
20101119,6.93,7.22,6.80,7.21,2923785,119877784.00
20101122,7.15,7.50,7.11,7.35,4116137,175370960.00
20101123,7.27,7.46,7.16,7.44,3333908,140976096.00
20101124,7.36,7.51,7.33,7.45,2550877,109506544.00
20101125,7.50,7.52,7.17,7.27,2659662,112713944.00
20101126,7.26,7.82,7.22,7.66,6887800,301118432.00
20101129,7.63,7.78,7.53,7.74,4024139,178570000.00
20101201,7.56,7.56,7.36,7.42,3432631,147712624.00
20101202,7.50,7.68,7.41,7.42,1949992,84531184.00
20101203,7.39,7.41,7.16,7.20,2351415,98434320.00
20101206,7.33,7.56,7.24,7.39,2275398,97083776.00
20101207,7.26,7.48,7.21,7.41,1572859,67267056.00
20101208,7.38,7.54,7.34,7.37,1205238,51688812.00
20101209,7.36,7.61,7.36,7.52,2370794,102704152.00
20101210,7.53,7.76,7.52,7.65,2199556,97152832.00
20101213,7.73,8.00,7.72,7.91,3613924,164123728.00
20101214,7.91,8.09,7.83,7.99,2554640,117051032.00
20101215,8.01,8.06,7.80,7.87,2433586,110216152.00
20101216,7.83,7.91,7.76,7.80,1388068,62464584.00
20101217,7.76,7.97,7.76,7.87,1082772,49043696.00
20101220,7.85,8.19,7.41,8.10,3060682,137452048.00
20101221,8.00,8.21,7.97,8.00,1576401,73281656.00
20101222,8.00,8.34,7.95,8.33,2805307,132275552.00
20101223,8.29,8.37,8.13,8.13,1826522,85914872.00
20101224,8.13,8.13,7.74,7.87,1712369,77492976.00
20101227,7.84,7.90,7.36,7.45,2473764,108942384.00
20101228,7.36,7.54,7.14,7.50,1714554,72669512.00
20101229,7.50,7.61,7.45,7.51,903551,39228048.00
20101230,7.51,7.54,7.37,7.43,1230506,52950032.00
20101231,7.38,7.68,7.36,7.68,1215426,52877080.00
20110104,7.67,7.74,7.58,7.63,1012354,44544596.00
20110105,7.65,7.80,7.58,7.73,1069374,47469832.00
20110106,7.64,7.76,7.35,7.43,2057617,88582200.00
20110107,7.41,7.48,7.24,7.26,1422645,60412468.00
20110110,7.26,7.27,6.84,6.98,1506993,61610164.00
20110111,6.90,6.95,6.75,6.82,1097108,43523020.00
20110112,6.83,6.95,6.58,6.74,2284276,89644208.00
20110113,6.76,6.89,6.71,6.79,1126718,44490952.00
20110114,6.80,6.80,6.55,6.56,843641,32516028.00
20110117,6.43,6.52,6.11,6.16,1534846,56327140.00
20110118,6.13,6.25,5.96,6.09,1500869,53702132.00
20110119,6.15,6.35,6.09,6.31,1670726,61212064.00
20110120,6.29,6.32,6.03,6.03,1031148,37233496.00
20110121,6.03,6.20,6.00,6.04,1017650,36188488.00
20110124,6.09,6.25,5.97,5.97,1451664,51865572.00
20110125,5.93,6.02,5.77,5.79,1544570,52931632.00
20110126,5.76,6.06,5.76,6.03,1016560,35385008.00
20110127,5.94,6.23,5.89,6.21,1202446,43358348.00
20110128,6.24,6.24,6.10,6.21,756150,27320066.00
20110131,6.19,6.31,6.13,6.27,877692,32043606.00
20110201,6.21,6.38,6.19,6.35,548706,20280758.00
20110209,6.30,6.52,6.19,6.47,1053212,39420592.00
20110210,6.43,6.68,6.37,6.65,951201,36184668.00
20110211,6.65,6.65,6.56,6.58,660990,25373426.00
20110214,6.57,6.63,6.51,6.59,1216464,46619668.00
20110215,6.60,6.77,6.60,6.62,1007089,39057056.00
20110216,6.60,6.67,6.54,6.64,1095380,42147128.00
20110217,6.65,6.76,6.61,6.68,1224979,47549780.00
20110218,6.71,6.73,6.34,6.43,1942161,73452656.00
20110221,6.40,6.50,6.35,6.43,1735804,64969116.00
20110222,6.43,6.57,6.35,6.35,1348922,50581608.00
20110223,6.31,6.39,6.31,6.37,1112766,41267560.00
20110224,6.36,6.36,6.28,6.31,1183776,43656576.00
20110225,6.34,6.43,6.28,6.34,1021088,37797600.00
20110228,6.39,6.59,6.38,6.55,1784252,67713792.00
20110301,6.52,6.61,6.48,6.53,1153390,44039172.00
20110302,6.50,6.54,6.28,6.33,1495540,55570952.00
20110303,6.34,6.48,6.21,6.22,1416543,52190164.00
20110304,6.22,6.30,6.18,6.29,616342,22493956.00
20110307,6.32,6.41,6.24,6.39,931073,34367220.00
20110308,6.40,6.43,6.30,6.36,965682,35724112.00
20110309,6.37,6.37,6.24,6.32,758086,27953914.00
20110310,6.34,6.50,6.33,6.42,1673928,62849804.00
20110311,6.42,6.46,6.32,6.39,1024255,38267280.00
20110314,6.34,6.39,6.25,6.34,1152424,42376364.00
20110315,6.34,6.36,6.18,6.27,935079,34040172.00
20110316,6.22,6.32,6.22,6.25,667527,24370982.00
20110317,6.22,6.22,6.04,6.17,1495757,53694292.00
20110318,6.15,6.20,6.14,6.14,852872,30722468.00
20110321,6.14,6.17,6.03,6.05,891305,31678824.00
20110322,6.12,6.12,5.97,6.11,545700,19273486.00
20110323,6.11,6.16,6.06,6.15,518811,18622958.00
20110324,6.15,6.27,6.10,6.18,657816,23906242.00
20110325,6.12,6.22,6.11,6.16,622895,22382098.00
20110328,6.22,6.22,6.05,6.05,814469,29019610.00
20110329,6.02,6.04,5.87,5.91,1180139,41028020.00
20110330,5.84,5.93,5.82,5.85,502146,17294410.00
20110331,5.89,6.01,5.83,5.93,685134,23821950.00
20110401,5.97,6.01,5.94,5.98,395907,13853695.00
20110406,5.97,5.98,5.87,5.91,556261,19361144.00
20110407,5.87,5.99,5.87,5.94,579626,20229654.00
20110408,5.94,6.19,5.92,6.14,1231218,43994824.00
20110411,6.21,6.21,5.96,5.99,885272,31424164.00
20110412,5.93,6.14,5.93,6.04,657723,23378394.00
20110413,6.04,6.27,5.99,6.22,1477554,53478024.00
20110414,6.22,6.43,6.20,6.29,1268850,46825212.00
20110415,6.29,6.41,6.20,6.22,893761,32873408.00
20110418,6.23,6.37,6.11,6.15,856737,30948774.00
20110419,6.12,6.12,5.97,5.98,874503,30801890.00
20110420,5.98,6.08,5.98,6.05,511962,18077268.00
20110421,6.10,6.15,6.00,6.02,638365,22672210.00
20110422,6.03,6.05,5.98,6.01,442352,15591869.00
20110425,5.99,6.02,5.88,5.92,534670,18644398.00
20110426,5.93,6.09,5.91,6.09,819282,28851132.00
20110427,6.07,6.15,6.03,6.04,748622,26734794.00
20110428,6.04,6.14,5.80,5.82,1097645,38336260.00
20110429,5.81,5.90,5.80,5.83,398345,13680493.00
20110503,5.84,5.98,5.84,5.98,360235,12553473.00
20110504,5.98,6.03,5.88,5.92,490089,17153414.00
20110505,5.85,6.03,5.85,6.01,550677,19383236.00
20110509,6.06,6.23,6.06,6.16,758873,27400022.00
20110510,6.22,6.22,6.11,6.18,543143,19564296.00
20110511,6.17,6.21,6.11,6.18,674938,24289046.00
20110512,6.14,6.14,6.04,6.14,573001,20485770.00
20110513,6.08,6.15,6.08,6.15,359895,12900213.00
20110516,6.17,6.19,6.12,6.18,579778,20910226.00
20110517,6.18,6.21,6.14,6.20,492795,17767894.00
20110518,6.18,6.21,6.14,6.14,397362,14292496.00
20110519,6.14,6.18,5.95,5.99,787437,27760458.00
20110520,5.92,5.99,5.92,5.96,241584,8412495.00
20110523,5.96,5.99,5.77,5.81,687541,23471412.00
20110524,5.81,6.03,5.77,5.96,741199,25528346.00
20110525,5.96,5.98,5.77,5.79,463832,15887912.00
20110526,5.79,5.84,5.55,5.56,708534,23626584.00
20110527,5.56,5.65,5.37,5.49,851659,27370692.00
20110530,5.49,5.64,5.41,5.58,643392,20945196.00
20110531,5.57,5.57,5.38,5.53,673396,21596334.00
20110601,5.53,5.57,5.47,5.53,309470,10042769.00
20110602,5.51,5.51,5.32,5.36,568976,18017156.00
20110603,5.38,5.44,5.34,5.43,303032,9638602.00
20110607,5.38,5.47,5.36,5.46,265573,8502488.00
20110608,5.45,5.48,5.41,5.47,305615,9827959.00
20110609,5.47,5.47,5.34,5.34,448308,14241041.00
20110610,5.34,5.34,5.16,5.19,658352,20276850.00
20110613,5.10,5.31,5.10,5.30,543426,16800988.00
20110614,5.23,5.34,5.23,5.29,337345,10527286.00
20110615,5.29,5.33,5.24,5.25,238374,7435501.00
20110616,5.22,5.22,5.14,5.14,239533,7318270.50
20110617,5.17,5.21,4.99,5.00,400009,12033289.00
20110620,5.02,5.08,4.94,4.95,553096,16429073.00
20110621,4.93,5.04,4.93,4.96,291300,8608826.00
20110622,5.00,5.04,4.92,4.96,245701,7244925.50
20110623,4.96,5.18,4.93,5.17,722587,21859916.00
20110624,5.15,5.34,5.15,5.32,721569,22450306.00
20110627,5.32,5.45,5.30,5.37,712088,22535284.00
20110628,5.43,5.52,5.38,5.38,653976,21018512.00
20110629,5.42,5.47,5.31,5.32,363935,11516992.00
20110630,5.33,5.44,5.31,5.43,587580,18615660.00
20110701,5.44,5.49,5.41,5.44,431390,13831895.00
20110704,5.43,5.58,5.43,5.56,553054,18006088.00
20110705,5.56,5.68,5.53,5.58,568246,18704950.00
20110706,5.58,5.58,5.51,5.56,390678,12702607.00
20110707,5.53,5.64,5.53,5.58,731792,24066774.00
20110708,5.60,5.61,5.53,5.54,358054,11689965.00
20110711,5.53,5.72,5.45,5.67,703855,23319882.00
20110712,5.63,5.83,5.60,5.72,1155208,38858896.00
20110713,5.67,5.80,5.67,5.80,544536,18423582.00
20110714,5.81,5.89,5.80,5.86,581652,19891392.00
20110715,5.86,5.97,5.83,5.97,953943,33014796.00
20110718,5.96,6.16,5.96,6.00,1676020,59293532.00
20110719,5.97,6.01,5.77,5.82,1006935,34558932.00
20110720,5.83,5.90,5.70,5.85,699936,23699296.00
20110721,5.86,5.93,5.66,5.71,713415,24159738.00
20110722,5.74,5.98,5.73,5.94,802645,27550216.00
20110725,5.96,6.13,5.85,5.87,1962489,68883272.00
20110726,5.90,6.18,5.85,6.14,1917911,68252816.00
20110727,6.12,6.21,6.07,6.17,1134864,40746932.00
20110728,6.14,6.26,6.10,6.19,995737,36019000.00
20110729,6.19,6.23,6.01,6.02,836600,29769564.00
20110801,6.01,6.14,5.99,6.09,603273,21314622.00
20110802,6.10,6.15,5.96,6.15,555827,19601526.00
20110803,6.12,6.34,6.09,6.29,1527885,55967860.00
20110804,6.29,6.36,6.26,6.33,611402,22414060.00
20110805,6.18,6.42,6.11,6.36,1590955,58530256.00
20110808,6.39,6.58,5.99,6.32,2790678,103086432.00
20110809,6.08,6.34,6.01,6.21,1469377,53112508.00
20110810,6.28,6.45,6.28,6.32,1495315,55356544.00
20110811,6.19,6.51,6.19,6.48,1611975,59785152.00
20110812,6.50,6.59,6.49,6.53,1179463,44776260.00
20110815,6.59,6.83,6.53,6.76,1772413,69002312.00
20110816,6.75,6.88,6.64,6.65,1372522,53637876.00
20110817,6.65,6.78,6.62,6.73,738921,28752914.00
20110818,6.73,6.75,6.55,6.58,912129,35300832.00
20110819,6.51,6.58,6.40,6.52,897196,33837268.00
20110822,6.52,6.66,6.45,6.49,639017,24263184.00
20110824,6.63,6.81,6.60,6.63,1290783,50174812.00
20110825,6.60,6.71,6.57,6.65,951918,36659416.00
20110826,6.65,6.77,6.65,6.72,538009,20952382.00
20110829,6.80,6.95,6.77,6.93,1651499,65833260.00
20110830,6.96,6.96,6.61,6.63,1275618,50026628.00
20110831,6.57,6.76,6.56,6.60,1029752,39736736.00
20110901,6.61,6.73,6.57,6.65,493617,19078858.00
20110902,6.62,6.67,6.31,6.37,1995359,74513584.00
20110905,6.33,6.33,6.14,6.16,1432762,51893332.00
20110906,6.06,6.45,6.06,6.22,1458999,33282084.00
20110907,6.20,6.40,6.15,6.39,1333665,30517280.00
20110908,6.42,6.47,6.27,6.29,722018,16630145.00
20110909,6.29,6.65,6.24,6.63,2417078,57139676.00
20110913,6.56,6.69,6.39,6.46,1996768,47274020.00
20110914,6.48,6.56,6.23,6.42,1328092,30724098.00
20110915,6.41,6.50,6.35,6.36,1276398,29778674.00
20110916,6.36,6.44,6.27,6.37,765540,17636070.00
20110919,6.36,6.40,6.14,6.17,923771,20860752.00
20110920,6.17,6.28,6.07,6.22,927867,20867582.00
20110921,6.25,6.44,6.13,6.39,1093906,25277414.00
20110922,6.31,6.44,6.21,6.21,680309,15620009.00
20110923,6.14,6.37,6.09,6.33,1223292,27864406.00
20110926,6.25,6.47,6.23,6.24,823339,18987138.00
20110927,6.29,6.35,6.13,6.24,740521,16808138.00
20110928,6.21,6.34,6.01,6.01,1100404,24618196.00
20110929,5.97,6.05,5.76,5.85,1292652,27761332.00
20110930,5.82,5.88,5.72,5.79,1007198,21285728.00
20111010,5.82,6.08,5.74,6.06,1458713,31481006.00
20111011,6.15,6.23,5.98,6.13,1249938,27811464.00
20111012,6.09,6.61,6.00,6.50,2995020,70042024.00
20111013,6.50,6.76,6.47,6.63,2213439,53375100.00
20111014,6.62,6.71,6.55,6.71,1506561,36294968.00
20111017,6.71,6.79,6.61,6.62,1548851,37483036.00
20111018,6.53,6.65,6.44,6.44,1390239,32948802.00
20111019,6.48,6.82,6.45,6.80,2495888,60457364.00
20111020,6.76,6.86,6.50,6.67,2288443,55195608.00
20111021,6.66,6.71,6.42,6.42,1416814,33682428.00
20111024,6.33,6.56,6.09,6.50,2407173,55585672.00
20111025,6.47,6.77,6.44,6.76,3687714,88800504.00
20111026,6.70,6.83,6.65,6.71,1954402,47753444.00
20111027,6.72,6.88,6.53,6.53,2264581,54886936.00
20111028,6.65,6.85,6.53,6.83,4324982,105765200.00
20111031,6.82,7.27,6.78,7.23,5803222,148244064.00
20111101,7.13,7.42,7.08,7.16,6584508,172331232.00
20111102,7.07,7.54,7.01,7.49,4563645,120506312.00
20111103,7.46,7.60,7.33,7.46,5212471,139407104.00
20111104,7.54,7.54,7.26,7.33,2690547,71549440.00
20111107,7.28,7.47,7.26,7.34,1833475,48575976.00
20111108,7.28,7.39,7.16,7.19,1725187,45057020.00
20111109,7.22,7.51,7.20,7.48,3470765,92026648.00
20111110,7.42,7.57,7.37,7.40,3166661,84999568.00
20111111,7.41,7.50,7.26,7.37,2299763,61025068.00
20111114,7.42,7.60,7.37,7.45,2925561,78615392.00
20111115,7.47,7.53,7.31,7.38,2445024,64875240.00
20111116,7.42,7.50,7.22,7.27,3069876,81331568.00
20111117,7.28,7.34,7.10,7.19,2756459,71536264.00
20111118,7.13,7.21,7.02,7.07,2095426,53668212.00
20111121,7.05,7.12,6.95,7.12,1549308,39217820.00
20111122,7.02,7.17,6.99,7.12,1586605,40597220.00
20111123,7.12,7.15,6.89,6.90,2065785,51806704.00
20111124,6.89,6.99,6.87,6.92,1324030,33085216.00
20111125,6.93,6.96,6.71,6.74,1968485,48506112.00
20111128,6.77,6.86,6.64,6.86,1724613,42239796.00
20111129,6.96,7.20,6.88,7.14,2898949,73742544.00
20111130,7.14,7.19,6.71,7.05,2837903,71678736.00
20111201,7.24,7.34,7.12,7.21,2958161,77260240.00
20111202,7.16,7.21,7.00,7.09,1377494,35285580.00
20111205,7.01,7.08,6.87,6.89,1764036,44133764.00
20111206,6.86,7.01,6.85,6.93,886473,22178630.00
20111207,6.97,7.04,6.92,7.00,568395,14334613.00
20111208,6.92,7.24,6.89,7.21,2326521,59861520.00
20111209,7.13,7.31,7.01,7.06,2578092,66723988.00
20111212,7.04,7.09,6.83,6.85,1465731,36779596.00
20111213,6.83,6.83,6.62,6.63,1499729,36376660.00
20111214,6.62,6.76,6.54,6.67,1235080,29808578.00
20111215,6.61,6.71,6.49,6.55,1307410,31289184.00
20111216,6.61,6.82,6.52,6.81,1578376,38210348.00
20111219,6.77,6.93,6.71,6.90,1764053,43581604.00
20111220,6.90,6.98,6.83,6.87,870576,21761108.00
20111221,6.95,6.99,6.64,6.64,1064959,26385342.00
20111222,6.60,6.71,6.36,6.61,1851569,43867140.00
20111223,6.56,6.82,6.48,6.69,1242214,30151930.00
20111226,6.71,6.84,6.66,6.68,934645,22821972.00
20111227,6.68,6.71,6.52,6.62,1249023,29846766.00
20111228,6.54,6.62,6.31,6.49,1689135,39377996.00
20111229,6.44,6.67,6.38,6.62,1124857,26652584.00
20111230,6.68,6.92,6.65,6.90,1397067,34257052.00
20120104,6.91,6.97,6.56,6.56,1636743,40040656.00
20120105,6.50,6.50,6.14,6.15,2751586,63309136.00
20120106,6.15,6.23,6.00,6.23,1818202,40699704.00
20120109,6.18,6.47,6.06,6.37,2320876,53171164.00
20120110,6.37,6.62,6.25,6.47,3507658,81913880.00
20120111,6.45,6.53,6.30,6.32,2424689,56515504.00
20120112,6.29,6.33,6.13,6.17,2545719,57562608.00
20120113,6.18,6.18,5.79,5.84,2773275,60155832.00
20120116,5.73,5.90,5.70,5.74,2505421,53145452.00
20120117,5.74,6.00,5.73,5.97,1748840,37629652.00
20120118,5.97,5.97,5.50,5.60,3174285,66586756.00
20120119,5.60,5.79,5.50,5.69,1668973,34632924.00
20120120,5.67,5.81,5.62,5.78,1186211,24954028.00
20120130,5.76,5.90,5.76,5.80,774186,16544418.00
20120131,5.79,5.85,5.66,5.80,976744,20510602.00
20120201,5.77,6.06,5.77,5.93,1403563,30548976.00
20120202,5.98,6.02,5.88,6.01,891311,19440184.00
20120203,6.01,6.09,5.93,6.07,1262704,27780060.00
20120206,6.05,6.26,6.03,6.11,1593533,35628532.00
20120207,6.09,6.13,5.93,5.94,915483,20093996.00
20120208,5.97,6.11,5.96,6.08,720980,15909789.00
20120209,6.06,6.22,6.06,6.10,1141284,25602644.00
20120210,6.11,6.22,6.06,6.17,1167399,26255992.00
20120213,6.17,6.47,6.07,6.43,2384074,55004732.00
20120214,6.43,6.47,6.33,6.42,1099825,25573610.00
20120215,6.32,6.38,6.00,6.25,9450564,213085264.00
20120216,6.18,6.20,6.06,6.16,6977012,155639520.00
20120217,6.12,6.24,6.09,6.17,3763370,84650984.00
20120220,6.23,6.23,6.03,6.05,5066291,112677088.00
20120221,6.02,6.05,5.83,5.93,7339938,158207104.00
20120222,5.91,6.13,5.89,6.09,6667437,146726544.00
20120223,6.11,6.22,6.05,6.13,4694853,105087040.00
20120224,6.12,6.21,6.08,6.20,4578489,102738168.00
20120227,6.21,6.26,6.16,6.18,4361945,98551112.00
20120228,6.18,6.22,5.91,5.98,4857588,107170544.00
20120229,5.99,6.01,5.88,5.99,2182861,47519352.00
20120301,5.98,5.99,5.90,5.93,2117977,45988152.00
20120302,5.92,6.03,5.92,6.01,2073894,45304160.00
20120305,6.01,6.16,6.01,6.04,2489595,55278888.00
20120306,6.01,6.14,5.94,6.00,2041947,44896784.00
20120307,5.96,6.04,5.90,5.94,1684595,36730060.00
20120308,5.94,6.08,5.94,6.03,1735969,38086780.00
20120309,6.08,6.22,6.03,6.19,4200746,94050000.00
20120312,6.20,6.26,6.13,6.26,3517231,79395640.00
20120313,6.24,6.28,6.17,6.23,2214444,50085140.00
20120314,6.24,6.29,5.73,5.94,4285105,95677712.00
20120315,5.94,6.02,5.76,5.83,2587507,55368336.00
20120316,5.84,6.06,5.81,6.05,3747321,81350536.00
20120319,6.05,6.16,6.00,6.16,2244136,49992976.00
20120320,6.16,6.16,5.92,5.93,1917805,41975028.00
20120321,5.90,5.97,5.82,5.96,1277359,27552642.00
20120322,5.96,6.00,5.88,5.92,842229,18253018.00
20120323,5.92,5.92,5.79,5.81,1125806,24043156.00
20120326,5.87,5.88,5.76,5.82,883955,18770222.00
20120327,5.85,5.88,5.74,5.76,882836,18750198.00
20120328,5.76,5.76,5.40,5.40,2323915,47365340.00
20120329,5.41,5.45,5.18,5.43,2608750,51154416.00
20120330,5.41,5.48,5.36,5.46,962186,19249854.00
20120405,5.46,5.62,5.44,5.58,1121508,22889386.00
20120406,5.61,5.61,5.45,5.50,843911,17130580.00
20120409,5.49,5.54,5.44,5.46,515073,10396653.00
20120410,5.46,5.50,5.37,5.49,700516,14013001.00
20120411,5.48,5.52,5.41,5.45,607502,12185697.00
20120412,5.44,5.61,5.44,5.59,1110301,22621996.00
20120413,5.61,5.63,5.51,5.60,1172915,23994156.00
20120416,5.55,5.60,5.51,5.55,546532,11138151.00
20120417,5.55,5.58,5.48,5.50,667122,13574612.00
20120418,5.50,5.61,5.47,5.60,1917259,39077828.00
20120419,5.60,5.80,5.60,5.76,2675062,56205860.00
20120420,5.72,5.84,5.70,5.75,1568998,33132206.00
20120423,5.73,5.73,5.53,5.56,1982211,40718584.00
20120425,5.48,5.52,5.41,5.51,1157208,23302230.00
20120426,5.52,5.57,5.45,5.51,672026,13589878.00
20120427,5.50,5.54,5.46,5.51,688462,13890316.00
20120502,5.59,5.64,5.51,5.58,981895,20063754.00
20120503,5.57,5.72,5.54,5.71,1544452,31978116.00
20120504,5.70,5.79,5.67,5.76,1253759,26347342.00
20120507,5.72,5.79,5.69,5.76,1277133,26871410.00
20120508,5.85,5.87,5.75,5.76,1068570,22518712.00
20120509,5.70,5.74,5.63,5.67,853332,17620582.00
20120510,5.66,5.89,5.66,5.80,2219736,47053516.00
20120511,5.81,5.87,5.74,5.75,1305341,27593404.00
20120514,5.83,5.86,5.69,5.72,713087,14895728.00
20120515,5.66,5.71,5.60,5.69,610458,12539661.00
20120516,5.68,5.68,5.51,5.52,700696,14265598.00
20120517,5.51,5.59,5.47,5.50,1097188,22079900.00
20120518,5.49,5.51,5.38,5.39,797525,15845505.00
20120521,5.29,5.50,5.29,5.45,700837,13903485.00
20120522,5.51,5.56,5.50,5.52,505469,10192190.00
20120523,5.52,5.56,5.41,5.45,576990,11518095.00
20120524,5.48,5.48,5.36,5.44,993705,19635324.00
20120525,5.40,5.44,5.32,5.32,602360,11793763.00
20120528,5.34,5.34,5.24,5.30,929636,17957586.00
20120529,5.25,5.46,5.25,5.41,1086423,21313478.00
20120530,5.43,5.45,5.38,5.41,675276,13360872.00
20120531,5.40,5.49,5.36,5.44,852622,16915240.00
20120601,5.41,5.50,5.41,5.47,611371,12149695.00
20120604,5.39,5.49,5.33,5.33,871928,17222566.00
20120605,5.33,5.42,5.29,5.35,751063,14759885.00
20120606,5.36,5.41,5.26,5.33,624735,12180552.00
20120607,5.36,5.52,5.36,5.51,2558053,51122576.00
20120608,5.53,5.63,5.49,5.49,1361866,27556540.00
20120611,5.45,5.58,5.43,5.53,1001854,20155710.00
20120612,5.52,5.82,5.49,5.72,3218578,66720548.00
20120613,5.73,5.86,5.68,5.77,2254584,47511064.00
20120614,5.77,5.82,5.67,5.69,1422112,29736648.00
20120615,5.70,5.82,5.67,5.73,2141072,44709128.00
20120618,5.75,5.85,5.73,5.76,1322506,27873308.00
20120619,5.74,5.84,5.74,5.77,1080738,22760230.00
20120620,5.74,5.80,5.63,5.63,1283831,26536856.00
20120621,5.64,5.66,5.47,5.49,1257215,25403264.00
20120625,5.47,5.55,5.39,5.50,1106531,22097526.00
20120626,5.49,5.56,5.43,5.51,797729,15976804.00
20120627,5.51,5.71,5.49,5.62,1178225,24217006.00
20120628,5.61,5.68,5.58,5.59,529067,10837134.00
20120629,5.59,5.77,5.56,5.77,1153983,23898792.00
20120702,5.79,5.87,5.73,5.82,1430430,30194936.00
20120703,5.80,6.01,5.80,5.90,1819482,39114020.00
20120704,5.87,5.94,5.79,5.81,1244183,26396442.00
20120705,5.81,5.86,5.69,5.80,1069359,22470670.00
20120706,5.80,6.07,5.54,6.03,2093063,45013972.00
20120709,6.01,6.11,5.87,5.88,1942613,42230612.00
20120710,5.88,5.91,5.63,5.73,1642139,34260920.00
20120711,5.71,5.82,5.66,5.79,893177,18680128.00
20120712,5.77,5.98,5.74,5.93,1835882,39347784.00
20120713,5.92,5.95,5.84,5.89,892792,19126690.00
20120716,5.59,5.71,5.30,5.36,4318079,86504584.00
20120717,5.36,5.43,5.33,5.37,1254722,24694072.00
20120718,5.40,5.46,5.35,5.43,708975,14005365.00
20120719,5.42,5.58,5.37,5.52,1198098,23959412.00
20120720,5.48,5.57,5.48,5.52,485257,9773546.00
20120723,5.48,5.53,5.32,5.49,639505,12669075.00
20120724,5.43,5.54,5.41,5.51,407824,8196871.00
20120725,5.42,5.59,5.42,5.51,556900,11172199.00
20120726,5.52,5.57,5.49,5.54,823049,16604521.00
20120727,5.55,5.60,5.49,5.49,535859,10796092.00
20120730,5.49,5.57,5.45,5.47,604069,12122490.00
20120731,5.45,5.58,5.37,5.52,591650,11867544.00
20120801,5.48,5.63,5.46,5.51,584927,11820117.00
20120802,5.55,5.60,5.47,5.52,420140,8477024.00
20120803,5.53,5.66,5.48,5.64,598748,12204995.00
20120806,5.63,5.71,5.58,5.69,741067,15262108.00
20120807,5.68,5.77,5.68,5.74,687816,14326289.00
20120808,5.75,5.76,5.61,5.65,450541,9322633.00
20120809,5.65,5.76,5.58,5.72,573638,11884536.00
20120810,5.68,5.77,5.64,5.77,552866,11481177.00
20120813,5.71,5.79,5.63,5.68,820003,17050948.00
20120814,5.68,5.81,5.66,5.81,704788,14738584.00
20120815,5.79,5.84,5.72,5.74,533057,11227772.00
20120816,5.74,5.81,5.66,5.69,372504,7760422.00
20120817,5.68,5.71,5.52,5.58,468217,9570368.00
20120820,5.52,5.60,5.48,5.58,305583,6160066.00
20120821,5.58,5.71,5.51,5.69,556579,11478704.00
20120822,5.71,5.76,5.64,5.72,654452,13574843.00
20120823,5.69,5.83,5.69,5.77,719734,15119777.00
20120824,5.78,5.85,5.69,5.70,537224,11238800.00
20120827,5.67,5.67,5.51,5.55,649452,13231163.00
20120828,5.53,5.62,5.51,5.52,716739,14498550.00
20120829,5.52,5.55,5.40,5.44,867101,17310978.00
20120830,5.43,5.50,5.21,5.30,1004195,19564858.00
20120831,5.30,5.33,5.21,5.25,1108306,21308824.00
20120903,5.24,5.29,5.21,5.28,1433576,27508618.00
20120904,5.28,5.29,5.21,5.21,716780,13740531.00
20120905,5.18,5.31,5.08,5.29,1158406,21966876.00
20120906,5.27,5.29,5.24,5.29,608532,11739162.00
20120907,5.34,5.48,5.30,5.36,1595411,31430776.00
20120910,5.33,5.41,5.30,5.36,1196077,23354330.00
20120911,5.35,5.35,5.23,5.29,643163,12449481.00
20120912,5.32,5.37,5.22,5.28,1167606,22595254.00
20120913,5.29,5.30,5.22,5.22,776737,14932831.00
20120914,5.24,5.30,5.21,5.24,637174,12226499.00
20120917,5.22,5.22,5.11,5.11,1133900,21490346.00
20120918,5.11,5.11,4.83,4.87,1642522,29923674.00
20120919,4.87,4.87,4.56,4.67,4812563,82907304.00
20120920,4.64,4.71,4.56,4.59,1288339,22129282.00
20120921,4.63,4.66,4.50,4.51,1228132,20855956.00
20120924,4.47,4.53,4.37,4.47,1573068,25875020.00
20120925,4.47,4.53,4.43,4.47,767776,12791188.00
20120926,4.47,4.49,4.37,4.41,699347,11461899.00
20120927,4.46,4.55,4.42,4.52,1094923,18310654.00
20120928,4.51,4.61,4.49,4.58,819144,13828564.00
20121008,4.61,4.68,4.50,4.65,915881,15540901.00
20121009,4.59,4.77,4.59,4.75,1098290,19095066.00
20121010,4.74,4.77,4.68,4.73,738982,12879965.00
20121011,4.70,4.70,4.59,4.62,766064,13149848.00
20121012,4.59,4.68,4.59,4.63,646651,11132746.00
20121015,4.54,4.64,4.54,4.59,414357,7040613.50
20121016,4.59,4.83,4.55,4.73,1173358,20308388.00
20121017,4.70,4.75,4.66,4.70,512335,8880635.00
20121018,4.70,4.86,4.68,4.80,1102348,19530006.00
20121019,4.81,4.84,4.74,4.75,357577,6287176.00
20121022,4.74,4.77,4.69,4.74,443523,7753573.50
20121023,4.75,4.76,4.62,4.62,520109,8990362.00
20121024,4.60,4.66,4.58,4.60,450546,7702345.00
20121025,4.63,4.66,4.45,4.49,743602,12533981.00
20121026,4.52,4.54,4.38,4.41,473722,7832730.00
20121029,4.41,4.50,4.39,4.49,332361,5494955.00
20121030,4.46,4.57,4.46,4.52,433573,7303057.50
20121031,4.52,4.58,4.49,4.53,227198,3816982.00
20121101,4.50,4.63,4.50,4.62,665476,11269492.00
20121102,4.63,4.63,4.60,4.63,384020,6568167.00
20121105,4.62,4.73,4.59,4.67,703007,12195449.00
20121106,4.70,4.71,4.58,4.67,532425,9151291.00
20121107,4.63,4.67,4.56,4.57,338659,5747650.50
20121108,4.53,4.63,4.49,4.50,478752,8078216.00
20121109,4.56,4.56,4.44,4.44,427086,7093130.50
20121112,4.45,4.51,4.43,4.44,325319,5379874.00
20121113,4.47,4.47,4.38,4.44,298712,4901560.50
20121114,4.47,4.51,4.41,4.50,200784,3325847.50
20121115,4.49,4.49,4.41,4.44,154000,2547568.25
20121116,4.44,4.49,4.41,4.46,195325,3233215.25
20121119,4.41,4.49,4.41,4.48,149023,2465113.50
20121120,4.49,4.50,4.29,4.29,486529,7969100.00
20121121,4.29,4.30,4.12,4.22,1165625,18241072.00
20121122,4.22,4.22,4.09,4.11,351349,5471600.00
20121123,4.16,4.23,4.11,4.17,475398,7452037.00
20121126,4.15,4.21,4.14,4.15,188982,2944254.50
20121127,4.12,4.17,3.97,4.15,788059,12042161.00
20121128,4.06,4.13,4.03,4.04,208451,3186610.25
20121129,4.04,4.14,3.99,3.99,309328,4716493.00
20121130,4.00,4.04,3.97,4.03,217558,3268194.25
20121203,4.00,4.07,3.88,3.89,379278,5621497.50
20121204,3.85,3.92,3.82,3.91,531093,7743806.00
20121205,3.85,4.09,3.85,4.00,589515,8875278.00
20121206,4.01,4.07,3.91,4.03,529126,7911291.00
20121207,4.09,4.16,4.06,4.12,746886,11520230.00
20121210,4.13,4.27,4.09,4.22,980703,15258569.00
20121211,4.22,4.22,4.14,4.14,421712,6587210.50
20121212,4.14,4.22,4.13,4.21,420998,6561766.00
20121213,4.17,4.23,4.12,4.16,333364,5203719.50
20121214,4.15,4.38,4.14,4.33,911324,14578651.00
20121217,4.37,4.38,4.26,4.28,1159950,18625406.00
20121218,4.26,4.34,4.20,4.29,1018297,16207080.00
20121219,4.29,4.35,4.26,4.32,651175,10423172.00
20121220,4.29,4.35,4.28,4.35,991674,15913107.00
20121221,4.35,4.59,4.32,4.53,2086830,34533764.00
20121224,4.53,4.60,4.47,4.55,1436733,24206338.00
20121225,4.56,4.69,4.51,4.58,1618096,27685624.00
20121226,4.58,4.59,4.55,4.59,910768,15432134.00
20121227,4.58,4.64,4.50,4.59,1613088,27197712.00
20121228,4.58,4.64,4.52,4.63,814330,13825286.00
20121231,4.63,4.66,4.57,4.59,1034598,17597522.00
20130104,4.62,4.67,4.44,4.49,1145346,19143952.00
20130107,4.44,4.54,4.42,4.49,1183822,19654968.00
20130108,4.49,4.61,4.43,4.60,1327370,22371498.00
20130109,4.60,4.61,4.51,4.54,1027501,17409620.00
20130110,4.53,4.65,4.50,4.64,1045816,17691268.00
20130111,4.64,4.76,4.52,4.53,1648646,28351288.00
20130114,4.49,4.68,4.48,4.68,1208705,20646340.00
20130115,4.73,4.87,4.69,4.84,1914231,33809932.00
20130116,4.84,4.85,4.74,4.79,1162163,20511846.00
20130117,4.81,4.82,4.75,4.77,759654,13374147.00
20130118,4.78,4.83,4.70,4.82,893304,15749817.00
20130121,4.83,4.98,4.81,4.82,1012306,18177946.00
20130122,4.83,4.90,4.72,4.73,1023252,18142362.00
20130123,4.76,4.78,4.68,4.78,998196,17460348.00
20130124,4.78,4.82,4.72,4.74,1264775,22213820.00
20130125,4.71,4.71,4.56,4.61,1195237,20403828.00
20130128,4.63,4.71,4.60,4.71,1075996,18506372.00
20130129,4.70,4.76,4.66,4.73,565625,9838518.00
20130130,4.73,4.74,4.64,4.66,765648,13248506.00
20130131,4.66,4.68,4.56,4.56,1905375,32417416.00
20130201,4.56,4.63,4.47,4.49,1933983,32473350.00
20130204,4.49,4.54,4.39,4.41,1525738,25193110.00
20130205,4.39,4.50,4.38,4.47,1286907,21328714.00
20130206,4.49,4.54,4.47,4.52,969702,16213555.00
20130207,4.52,4.55,4.49,4.54,935810,15720531.00
20130208,4.55,5.04,4.55,5.04,5580448,100902352.00
20130218,5.09,5.36,5.07,5.34,9561007,183857184.00
20130219,5.27,5.55,5.25,5.35,6917739,136644592.00
20130220,5.33,5.93,5.32,5.93,6911925,142120784.00
20130221,5.92,5.94,5.72,5.86,4462465,94734896.00
20130222,5.78,5.92,5.56,5.70,4698804,96867824.00
20130225,5.63,5.70,5.53,5.64,3110951,63387744.00
20130226,5.65,5.75,5.53,5.53,3175391,64964244.00
20130227,5.54,5.59,5.45,5.55,2301269,46190512.00
20130228,5.55,5.55,5.36,5.48,2170072,43230300.00
20130301,5.50,5.77,5.42,5.66,4069408,82381096.00
20130304,5.60,5.63,5.32,5.40,3001741,60187632.00
20130305,5.33,5.74,5.29,5.68,3116905,63580444.00
20130306,5.68,5.89,5.56,5.75,3718292,77396216.00
20130307,5.74,5.74,5.35,5.36,3004847,60350064.00
20130308,5.45,5.49,5.18,5.24,2188554,42639232.00
20130311,5.25,5.43,5.20,5.40,1308753,25541104.00
20130312,5.38,5.44,5.14,5.24,1484795,28646288.00
20130313,5.22,5.35,5.15,5.30,1394388,26751884.00
20130314,5.25,5.53,5.22,5.47,1967985,38921516.00
20130315,5.48,5.58,5.36,5.42,1305141,26128366.00
20130318,5.42,5.47,5.20,5.24,1960624,37930284.00
20130319,5.20,5.28,5.04,5.17,1741616,32766662.00
20130320,5.17,5.27,5.13,5.27,2650947,50368644.00
20130321,5.27,5.33,5.19,5.24,2373821,45746956.00
20130322,5.23,5.24,5.11,5.23,3046845,57629152.00
20130325,5.22,5.22,5.09,5.15,2329767,43850976.00
20130326,5.13,5.22,5.07,5.15,1749577,33074326.00
20130327,5.13,5.22,5.12,5.19,1895644,35899108.00
20130328,5.17,5.23,5.08,5.20,2022796,38339396.00
20130329,5.18,5.29,5.07,5.11,1480513,27986408.00
20130401,5.04,5.12,5.04,5.12,1597912,29730714.00
20130402,5.12,5.16,4.84,4.87,2650107,48577256.00
20130403,4.90,5.05,4.77,4.99,1851712,33686988.00
20130408,4.93,5.22,4.86,5.15,1662826,30858218.00
20130409,5.10,5.24,5.07,5.18,1235841,23366312.00
20130410,5.17,5.23,5.10,5.16,1528075,28954976.00
20130411,5.18,5.21,4.95,5.01,1460588,27301340.00
20130412,4.98,5.05,4.97,4.98,568554,10441497.00
20130415,4.92,5.14,4.92,5.07,1062249,19767038.00
20130416,5.04,5.11,5.01,5.09,343473,6392184.50
20130417,5.11,5.17,5.06,5.17,832855,15620098.00
20130418,5.18,5.20,5.09,5.11,1091874,20557048.00
20130419,5.12,5.32,5.12,5.26,1809671,34859528.00
20130422,5.20,5.47,5.20,5.46,2965130,58453648.00
20130423,5.47,5.52,5.33,5.48,3236677,64372444.00
20130424,5.45,5.63,5.39,5.48,2560547,51534796.00
20130425,5.48,5.58,5.27,5.28,2945619,58266804.00
20130426,5.29,5.33,5.12,5.15,1779903,33919684.00
20130502,5.14,5.18,4.99,5.18,2700564,50200576.00
20130503,5.18,5.30,5.13,5.25,1349772,25902104.00
20130506,5.25,5.35,5.21,5.32,1353768,26238524.00
20130507,5.33,5.44,5.27,5.32,1376267,26977066.00
20130508,5.32,5.47,5.29,5.39,1817220,35892832.00
20130509,5.39,5.46,5.32,5.42,1551420,30506280.00
20130510,5.42,5.44,5.27,5.34,1245404,24368382.00
20130513,5.31,5.92,5.31,5.92,10022034,211155536.00
20130514,5.88,5.91,5.65,5.70,3881214,80872632.00
20130515,5.73,5.87,5.69,5.85,3552960,75059440.00
20130516,5.91,5.93,5.51,5.61,4769429,98951480.00
20130517,5.61,5.66,5.50,5.63,2536278,51669348.00
20130520,5.63,6.17,5.58,6.07,6156029,132082624.00
20130521,6.07,6.33,5.95,6.31,4105230,92728208.00
20130522,6.30,6.44,6.04,6.15,4814178,108212688.00
20130523,6.07,6.13,5.90,5.93,5509822,119742440.00
20130524,5.93,6.19,5.84,6.18,3927135,85225736.00
20130527,6.13,6.39,6.04,6.35,4424806,99818912.00
20130528,6.30,6.42,6.07,6.09,3366769,75038072.00
20130529,6.10,6.13,5.98,6.08,2367864,51804772.00
20130530,6.12,6.42,6.10,6.34,4616734,105291088.00
20130531,6.31,6.40,6.19,6.21,2781670,62994540.00
20130603,6.21,6.61,6.21,6.38,4092299,94735384.00
20130604,6.37,6.43,6.04,6.11,2647298,59436412.00
20130605,6.04,6.35,6.04,6.35,3539409,79541064.00
20130606,6.31,6.58,6.18,6.26,4582165,105660312.00
20130607,6.28,6.43,6.10,6.12,3271675,73511496.00
20130613,6.06,6.06,5.75,5.93,1749582,37069372.00
20130614,5.90,6.33,5.90,6.30,2466170,54861464.00
20130617,6.25,6.48,6.20,6.21,3060733,69702264.00
20130618,6.23,6.26,5.99,6.15,1505695,33167930.00
20130619,6.15,6.15,5.90,6.09,768697,16783350.00
20130620,6.04,6.04,5.70,5.70,2029153,42978020.00
20130621,5.52,5.80,5.46,5.72,1280189,26116912.00
20130624,5.69,5.76,5.29,5.41,1606926,32104962.00
20130625,5.38,5.61,5.17,5.51,3093169,61155604.00
20130626,5.68,5.88,5.60,5.81,2249194,46737292.00
20130627,5.81,5.97,5.68,5.76,1757301,36995620.00
20130628,5.75,5.97,5.66,5.84,1474301,31312186.00
20130701,5.83,6.14,5.83,6.12,1474515,32104796.00
20130702,6.12,6.40,6.05,6.37,3217303,72463624.00
20130703,6.32,6.49,6.25,6.38,2403929,55087480.00
20130704,6.34,6.34,6.05,6.16,1830645,41011428.00
20130705,6.20,6.20,5.90,5.93,2118279,46172104.00
20130708,5.81,5.86,5.64,5.73,1866928,38830228.00
20130709,5.69,5.81,5.69,5.79,1294133,27002208.00
20130710,5.87,6.09,5.86,6.05,2162870,46807472.00
20130711,6.05,6.22,5.93,6.22,2701792,59221656.00
20130712,6.14,6.40,6.14,6.19,2803166,63581920.00
20130715,6.20,6.52,6.13,6.51,4165415,95779184.00
20130716,6.51,6.51,6.37,6.46,2200963,50825988.00
20130717,6.37,6.85,6.34,6.62,5435697,129865680.00
20130718,6.56,6.81,6.50,6.56,2578798,61540748.00
20130719,6.54,6.80,6.53,6.53,3322087,79606272.00
20130722,6.44,7.11,6.41,7.07,4090064,101181016.00
20130723,7.07,7.33,6.98,7.29,4381767,112100832.00
20130724,7.22,7.55,7.17,7.48,3395913,89256120.00
20130725,7.49,7.49,6.93,7.00,3976524,102141088.00
20130726,6.85,7.74,6.83,7.57,3447346,89432352.00
20130729,7.53,7.56,7.21,7.21,2273985,59467392.00
20130730,7.20,7.28,6.79,6.87,2701277,67378832.00
20130731,6.87,7.09,6.87,6.91,1406161,35053604.00
20130801,6.99,7.32,6.96,7.27,2372114,61004848.00
20130802,7.26,7.44,7.23,7.29,2755664,72255864.00
20130805,7.26,7.49,7.25,7.46,1237966,32587342.00
20130806,7.46,7.70,7.32,7.66,2200432,59489104.00
20130807,7.65,7.66,7.30,7.40,1722290,45475676.00
20130808,7.31,7.43,7.31,7.34,1216781,31946172.00
20130809,7.35,7.47,6.94,7.00,2730619,69683096.00
20130812,7.03,7.14,6.82,7.01,2216406,55274680.00
20130813,7.02,7.12,6.98,7.04,1228350,30937218.00
20130814,7.03,7.25,7.00,7.24,2244109,57164380.00
20130815,7.22,7.25,7.02,7.07,1242058,31723938.00
20130816,6.99,7.15,6.86,6.93,1547596,38813248.00
20130819,6.85,7.14,6.85,7.14,904134,22851656.00
20130820,7.14,7.53,7.14,7.47,3045032,80435872.00
20130821,7.39,7.68,7.39,7.67,2249759,60388816.00
20130822,7.59,7.97,7.55,7.73,2769147,77034224.00
20130823,7.71,7.91,7.63,7.87,2221993,61596920.00
20130826,7.83,7.93,7.65,7.87,1902809,52570008.00
20130827,7.87,7.88,7.65,7.74,1157532,31933086.00
20130828,7.62,7.75,7.41,7.59,2117096,56913236.00
20130829,7.59,7.79,7.44,7.57,1127131,30528120.00
20130830,7.56,7.56,7.32,7.41,1883985,49570296.00
20130902,7.31,7.70,7.29,7.68,1995144,53613488.00
20130903,7.62,7.85,7.62,7.69,1044297,28659114.00
20130904,7.65,8.04,7.65,7.87,2248276,62948748.00
20130905,7.87,8.00,7.79,7.86,1254500,35125932.00
20130906,7.86,8.36,7.85,8.36,3111239,90696456.00
20130909,8.36,8.37,7.99,8.01,3135611,90632000.00
20130910,7.96,8.08,7.68,8.08,2341356,65353584.00
20130911,8.00,8.09,7.74,7.96,2195075,61218324.00
20130912,7.75,7.96,7.73,7.79,1523418,42209052.00
20130913,7.80,8.15,7.74,7.92,2402562,67809480.00
20130916,7.94,8.29,7.94,8.07,2226723,64231844.00
20130917,8.02,8.08,7.85,7.87,1623073,45640524.00
20130918,7.85,8.12,7.74,8.00,1643189,46224352.00
20130923,7.98,8.27,7.93,8.23,2094373,60234860.00
20130924,8.23,8.35,8.03,8.18,1426018,41386536.00
20130925,8.18,8.18,7.88,7.97,1297722,37029488.00
20130926,7.94,8.12,7.84,7.87,1886861,53423440.00
20130927,7.86,8.20,7.86,8.11,1768839,50595060.00
20130930,8.19,8.96,8.19,8.80,4128020,127844096.00
20131008,8.91,9.43,8.91,9.33,3976756,128715088.00
20131009,9.33,9.40,9.13,9.28,3527937,114788888.00
20131010,9.21,9.37,8.97,9.20,3494921,112774200.00
20131011,9.22,9.32,9.09,9.15,2076886,67259128.00
20131014,9.12,9.31,8.95,9.17,1964787,63051320.00
20131015,9.66,10.13,9.61,9.65,7596893,264011472.00
20131016,9.45,9.75,9.01,9.31,3073854,101433080.00
20131017,9.49,9.59,9.20,9.25,2444386,80503624.00
20131018,9.10,9.28,8.93,8.99,2675420,85493208.00
20131021,9.04,9.90,9.01,9.65,4212356,141802448.00
20131022,9.57,10.05,9.45,9.69,3325114,113731872.00
20131023,9.58,9.83,9.07,9.25,2134524,70664144.00
20131024,9.25,9.52,9.10,9.22,1373000,45273056.00
20131025,9.22,9.30,8.57,8.65,3197201,99140472.00
20131028,8.78,9.31,8.66,9.06,2649468,84700856.00
20131029,8.95,8.95,8.30,8.58,3566672,108792520.00
20131030,8.48,8.82,8.28,8.81,2548222,77211056.00
20131031,8.75,8.75,8.14,8.17,3222991,95024856.00
20131101,8.14,8.48,8.05,8.42,2224070,65051972.00
20131104,8.39,8.61,8.34,8.39,1285482,38586964.00
20131105,8.31,8.80,8.28,8.77,1929119,58692508.00
20131106,8.67,9.04,8.67,8.88,1836827,57893588.00
20131107,8.83,8.86,8.48,8.53,2153107,65864476.00
20131108,8.33,8.52,8.27,8.32,1728063,51231436.00
20131111,8.33,8.60,8.15,8.53,1317750,39337964.00
20131112,8.53,8.81,8.31,8.67,2351355,71092064.00
20131113,8.63,8.63,8.37,8.39,1406669,42096840.00
20131114,8.39,8.61,8.18,8.57,1843881,55209276.00
20131115,8.56,9.06,8.52,8.89,2530692,79044456.00
20131118,8.98,9.23,8.96,9.12,1969839,63232284.00
20131119,9.21,9.31,8.92,8.99,1458508,46857560.00
20131120,9.04,9.15,8.92,9.06,822498,26111796.00
20131121,8.97,9.04,8.86,8.97,744009,23534040.00
20131122,8.77,9.02,8.75,8.75,843842,26342000.00
20131125,8.77,8.86,8.57,8.72,714563,22080050.00
20131126,8.72,8.85,8.57,8.76,956359,29451766.00
20131127,8.76,9.27,8.63,9.12,2208128,70685392.00
20131128,9.12,9.26,9.01,9.07,1411893,45296936.00
20131129,9.07,9.19,9.01,9.15,1060486,34045656.00
20131202,8.72,8.86,8.19,8.19,2807427,84481864.00
20131203,8.00,8.74,7.53,8.51,3618226,104626808.00
20131204,8.31,8.63,8.28,8.44,1644346,49278808.00
20131205,8.33,8.42,7.89,7.98,2169306,62100544.00
20131206,7.97,7.97,7.64,7.73,3824847,105191496.00
20131209,7.67,7.85,7.56,7.85,2830505,77556624.00
20131210,7.81,7.82,7.62,7.66,2040427,55672116.00
20131211,7.68,7.82,7.64,7.72,1216643,33420850.00
20131212,7.73,7.91,7.68,7.79,1617930,44927508.00
20131213,7.77,7.87,7.74,7.79,1091655,30258460.00
20131216,7.77,7.81,7.45,7.65,1910823,51722128.00
20131217,7.64,7.71,7.51,7.68,1183817,31998916.00
20131218,7.69,7.91,7.53,7.85,1466413,40704180.00
20131219,7.82,8.06,7.79,7.89,1634626,46237720.00
20131220,7.91,8.06,7.90,7.96,1882659,53463420.00
20131223,7.96,8.12,7.76,8.02,1603715,45476564.00
20131224,8.03,8.34,8.03,8.25,1953207,56893832.00
20131225,8.27,8.59,8.13,8.47,2665453,79435760.00
20131226,8.50,8.51,8.24,8.24,1113628,33120022.00
20131227,8.24,8.78,8.18,8.78,2250346,68413352.00
20131230,8.77,8.95,8.63,8.92,2162617,67454768.00
20131231,8.89,8.97,8.55,8.84,2383234,73864672.00
20140102,8.80,9.01,8.71,8.78,1518469,47381040.00
20140103,8.77,8.97,8.66,8.74,1751148,54810328.00
20140106,8.74,8.83,8.63,8.68,2036309,62761872.00
20140107,8.67,9.01,8.57,8.88,1331903,41251208.00
20140108,9.04,9.27,8.89,8.93,1846881,58992924.00
20140109,8.84,9.18,8.84,8.88,1229778,38937856.00
20140110,8.83,8.91,8.44,8.54,1327264,40625848.00
20140113,8.50,9.16,8.50,9.16,2825850,89996984.00
20140114,9.22,10.12,9.16,10.11,4804397,164642288.00
20140115,10.08,10.08,9.78,9.91,1439980,50140304.00
20140116,9.90,9.94,9.59,9.84,1361579,46714216.00
20140117,9.78,10.08,9.69,9.72,1329609,46150512.00
20140120,9.72,9.89,9.66,9.86,1900680,65293024.00
20140121,9.86,10.08,9.64,10.04,1125945,39249680.00
20140122,10.11,10.53,9.93,10.24,1596173,57478200.00
20140123,10.15,10.56,9.98,10.04,1861738,67360984.00
20140124,10.04,10.19,9.96,10.07,1976989,69709744.00
20140127,10.05,10.24,9.78,10.18,1483276,52422804.00
20140128,10.19,10.19,9.46,9.67,2938608,99670616.00
20140129,9.65,9.96,9.52,9.76,1748947,59964536.00
20140130,9.67,9.94,9.04,9.28,3728273,122185032.00
20140207,9.25,9.57,9.15,9.49,1727505,57558828.00
20140210,9.56,10.26,9.56,10.26,2707362,95840376.00
20140211,10.23,10.53,10.02,10.29,2267928,82061712.00
20140212,10.26,10.84,9.96,10.72,2495446,91831520.00
20140213,10.64,10.82,10.41,10.52,1778386,65998356.00
20140214,10.53,10.61,10.14,10.52,1722340,62501576.00
20140217,10.52,10.70,10.23,10.67,1621755,59544896.00
20140218,10.56,10.96,10.35,10.94,2583483,97239080.00
20140219,10.88,10.88,10.44,10.60,1460432,54389504.00
20140220,10.59,10.59,9.96,10.23,2583718,92346264.00
20140221,10.15,10.35,9.96,10.20,1383417,49400788.00
20140224,10.12,11.24,10.11,10.96,3679085,138405072.00
20140225,10.95,11.61,10.07,10.56,5710266,222108560.00
20140226,10.41,11.65,10.05,11.65,4637298,178506576.00
20140227,11.74,11.97,10.99,11.26,3447063,137942816.00
20140228,11.06,11.59,10.96,11.52,2196974,86650712.00
20140303,11.53,11.95,11.33,11.80,2548157,103194080.00
20140304,11.65,12.19,11.45,11.60,2552402,104711472.00
20140305,11.59,11.78,11.18,11.37,2284554,90783480.00
20140306,11.21,11.37,10.94,11.17,1587454,61825412.00
20140307,11.15,12.28,11.15,12.06,3842299,157700064.00
20140310,11.83,12.01,11.51,11.53,2244690,91313472.00
20140311,11.44,11.44,10.74,11.00,2593898,99178992.00
20140312,10.89,11.12,10.31,10.74,1921846,72261608.00
20140313,10.70,10.90,10.62,10.83,1548611,58367012.00
20140314,10.75,11.00,10.66,10.80,1138723,43332512.00
20140317,10.78,11.62,10.78,11.62,2758751,108282768.00
20140318,11.77,12.10,11.40,11.65,3382824,138076688.00
20140319,11.55,11.80,11.38,11.74,1367345,55254876.00
20140320,11.71,11.95,11.33,11.33,1729099,70347968.00
20140321,11.13,11.18,10.50,11.09,3782483,143154192.00
20140324,11.14,11.15,10.53,10.72,2732287,103034488.00
20140325,10.56,10.69,10.27,10.49,2724793,99508752.00
20140326,10.61,11.08,10.61,10.99,3685168,140499184.00
20140327,10.96,10.96,10.56,10.56,2127269,79779400.00
20140328,10.56,10.70,9.78,9.94,2720330,96671648.00
20140331,9.78,10.20,9.48,10.05,2882518,99445840.00
20140401,10.05,10.31,9.83,9.99,2676275,94087640.00
20140402,9.96,10.02,9.19,9.28,3594468,119701888.00
20140403,9.28,9.53,9.21,9.46,2799032,92512264.00
20140404,9.66,10.00,9.61,9.94,2598897,90092496.00
20140408,9.96,10.36,9.87,10.20,2206479,79031392.00
20140409,10.32,10.85,10.32,10.83,3665131,136642768.00
20140410,10.70,10.93,10.61,10.84,2344140,88321120.00
20140411,10.70,10.79,10.22,10.58,2784512,102153960.00
20140414,10.55,10.59,10.35,10.53,1274741,46807636.00
20140415,10.42,11.08,10.42,10.97,3085556,117370840.00
20140416,10.94,10.94,10.61,10.65,1722062,64804276.00
20140417,10.64,10.85,10.53,10.57,1074860,40180004.00
20140418,10.61,10.85,10.56,10.82,1138509,42796644.00
20140421,10.67,10.84,10.66,10.66,968690,36492492.00
20140422,10.56,10.83,10.07,10.10,2452268,88256304.00
20140423,10.02,10.17,9.99,10.17,1024147,36294236.00
20140424,10.11,10.17,9.75,9.87,1757402,61132264.00
20140425,9.75,9.96,9.66,9.68,1353288,46757560.00
20140428,9.52,9.77,9.40,9.61,2147352,72605264.00
20140429,9.58,9.72,9.33,9.48,2070769,69046952.00
20140430,9.42,9.90,9.42,9.83,1531821,52498204.00
20140505,9.83,10.07,9.76,9.99,1517042,52971812.00
20140506,9.96,10.20,9.90,10.18,1730973,61304008.00
20140507,10.15,10.15,9.70,9.85,1253161,43542168.00
20140508,9.78,9.81,9.44,9.52,1911831,64720908.00
20140509,9.50,9.58,8.94,9.00,3253892,104562720.00
20140512,9.07,9.19,8.87,9.13,1681939,53810448.00
20140513,9.15,9.33,9.07,9.19,2434297,79180048.00
20140514,9.19,9.34,9.08,9.30,1325882,43256364.00
20140515,9.20,9.45,8.65,8.91,2738300,58151496.00
20140516,8.83,9.11,8.66,8.78,2078272,42986252.00
20140519,8.79,9.01,8.68,8.91,2258391,47003636.00
20140520,9.04,9.47,9.04,9.21,3151569,68220248.00
20140521,9.24,9.32,8.98,9.26,1468820,31581812.00
20140522,9.33,9.62,9.28,9.41,3965311,88012072.00
20140523,9.41,9.54,9.31,9.53,2439011,53935964.00
20140526,9.57,10.19,9.57,9.97,4410853,102667512.00
20140527,9.97,10.05,9.84,9.97,2284912,53014700.00
20140528,9.86,10.66,9.85,10.62,5156025,124481464.00
20140529,10.73,11.04,10.38,10.61,4745239,117305704.00
20140530,10.64,10.64,10.24,10.39,3249935,78743968.00
20140603,10.42,10.54,10.31,10.36,1469003,35717324.00
20140604,10.29,10.41,10.15,10.24,1736399,41575916.00
20140605,10.24,10.49,10.20,10.49,1802909,43706024.00
20140606,10.49,10.55,10.30,10.36,1396193,33873940.00
20140609,10.31,10.33,9.93,10.06,2041769,48122176.00
20140610,10.08,10.33,9.99,10.28,1676806,39929280.00
20140611,10.28,10.48,10.24,10.42,2508328,60680656.00
20140612,10.37,10.44,10.27,10.35,1062426,25640830.00
20140613,10.38,10.69,10.31,10.62,2604109,64220248.00
20140616,10.62,10.68,10.24,10.33,4024300,97271736.00
20140617,10.33,10.40,10.19,10.23,1613154,38702824.00
20140618,10.20,10.33,10.18,10.20,975712,23279576.00
20140619,10.22,10.22,9.40,9.62,2624927,60609780.00
20140620,9.57,9.96,9.53,9.88,1167931,26631382.00
20140623,10.05,10.25,9.89,10.06,1328799,31264332.00
20140624,10.06,10.25,10.03,10.06,1380073,32653016.00
20140625,10.05,10.19,9.78,9.95,1056010,24578248.00
20140626,10.05,10.31,10.00,10.24,2161356,51455176.00
20140627,10.27,10.54,10.18,10.40,2437809,59056116.00
20140630,10.44,10.53,10.25,10.44,2296042,55610404.00
20140701,10.47,10.93,10.35,10.73,5257934,130982056.00
20140702,10.86,10.86,10.40,10.66,3595321,88897440.00
20140703,10.52,10.66,10.47,10.57,3012698,74240080.00
20140704,10.51,10.66,10.29,10.42,3887541,94703424.00
20140707,10.48,10.64,10.09,10.13,3697941,88620064.00
20140708,10.11,10.31,9.93,10.28,2161437,51275048.00
20140709,10.32,10.36,10.09,10.10,2094791,50042516.00
20140710,9.93,10.44,9.93,10.35,2866918,68807896.00
20140711,10.35,10.35,10.11,10.22,1318734,31538620.00
20140714,10.41,10.77,10.33,10.77,5698276,141527456.00
20140715,10.71,10.90,10.42,10.75,3051871,76136496.00
20140716,10.73,10.80,10.29,10.46,2916693,71654576.00
20140717,10.31,10.60,10.31,10.34,1884376,45812436.00
20140718,10.28,10.49,10.20,10.31,2104334,50753068.00
20140721,10.23,10.48,10.23,10.39,2594159,62529316.00
20140722,10.36,10.45,10.32,10.44,2101349,50931956.00
20140723,10.41,10.43,9.97,10.02,4699270,111494928.00
20140724,10.01,10.04,9.33,9.75,6094383,136723472.00
20140725,9.73,10.07,9.49,10.06,3290486,75313104.00
20140728,10.06,10.09,9.81,10.02,3441608,80262816.00
20140729,10.04,10.17,9.97,10.08,2518747,59390924.00
20140730,10.08,10.22,10.01,10.16,1861254,43974228.00
20140731,10.16,10.22,10.02,10.19,1401448,33185516.00
20140801,10.20,10.65,10.11,10.41,4368951,106019640.00
20140804,10.41,10.61,10.26,10.47,3093083,75232640.00
20140805,10.51,10.68,10.36,10.57,3371843,83010992.00
20140806,10.56,10.66,10.55,10.57,2847156,70318080.00
20140807,10.47,10.66,10.47,10.49,2695566,66564468.00
20140808,10.49,10.65,10.49,10.60,1894781,46690292.00
20140811,10.60,11.51,10.60,11.13,6009014,155213632.00
20140812,11.18,11.33,11.04,11.13,3816582,99187368.00
20140813,11.11,11.26,10.89,11.19,2826505,73126224.00
20140814,11.20,11.53,11.19,11.33,4467467,118352360.00
20140815,11.29,11.46,11.26,11.31,2909450,76706864.00
20140818,11.40,11.82,11.40,11.81,5225625,141693472.00
20140819,11.84,11.91,11.48,11.65,4123681,111879792.00
20140820,11.66,11.67,11.44,11.53,3290922,88240088.00
20140821,11.53,11.55,11.09,11.33,3854928,101433384.00
20140822,11.32,11.50,11.27,11.35,3446869,91233976.00
20140825,11.40,11.65,11.36,11.52,4080618,109552760.00
20140826,11.44,11.52,11.04,11.19,4395388,114404304.00
20140827,11.18,11.26,11.08,11.12,2240672,58261564.00
20140828,11.17,11.25,10.91,10.97,2782765,71307408.00
20140829,10.97,11.37,10.96,11.35,2370287,61730208.00
20140901,11.29,11.54,11.29,11.51,2936631,77977160.00
20140902,11.51,11.60,11.37,11.53,3400481,90606312.00
20140903,11.55,11.61,11.44,11.58,3105613,83273480.00
20140904,11.53,11.60,11.49,11.57,3629543,97319824.00
20140905,11.59,11.65,11.38,11.47,3239162,86489152.00
20140909,11.46,11.49,11.09,11.23,6432412,167720896.00
20140910,11.18,11.33,11.12,11.29,2916761,76367088.00
20140911,11.31,11.53,11.24,11.38,5364549,142680480.00
20140912,11.39,11.47,11.31,11.39,2391902,63230720.00
20140915,11.44,11.46,11.33,11.33,2768567,73243344.00
20140916,11.33,11.53,10.69,10.88,5062792,132443400.00
20140917,10.91,11.15,10.90,11.04,2772586,71005128.00
20140918,11.09,11.33,11.03,11.22,2349754,61424848.00
20140919,11.22,11.40,11.17,11.35,2199599,58030772.00
20140922,11.30,11.42,11.12,11.36,3892117,102042480.00
20140923,11.36,11.51,11.33,11.48,3027843,80522200.00
20140924,11.46,11.51,11.33,11.45,2933939,77861072.00
20140925,11.50,11.52,11.37,11.43,3129043,83216912.00
20140926,11.40,11.44,11.04,11.19,5100794,132641840.00
20140929,11.24,11.35,11.17,11.24,3222852,84480488.00
20140930,11.24,11.33,11.15,11.25,2377479,62118524.00
20141008,11.30,11.42,11.17,11.41,4130558,108264176.00
20141009,11.44,11.67,11.37,11.66,6553993,176113872.00
20141010,11.65,11.74,11.48,11.54,4129796,111118672.00
20141013,11.48,11.74,11.35,11.74,4222088,113871288.00
20141014,11.84,12.01,11.64,12.00,6198251,169898576.00
20141015,12.05,12.05,11.77,11.86,4687326,129425768.00
20141016,11.80,12.01,11.62,11.67,4868207,133029504.00
20141017,11.63,11.69,11.28,11.39,4352496,115760624.00
20141020,11.39,11.61,11.35,11.59,3203184,85552752.00
20141021,11.64,11.66,11.17,11.31,3810788,100841808.00
20141022,11.30,11.45,11.22,11.24,1988472,52444332.00
20141023,11.20,11.45,11.13,11.45,2393327,62752944.00
20141024,11.45,11.52,11.33,11.37,1951886,51868632.00
20141027,11.40,11.67,11.31,11.66,2966263,79229224.00
20141028,11.73,11.94,11.63,11.91,4538321,124534840.00
20141029,11.90,12.25,11.90,11.95,5825548,163627824.00
20141030,11.98,12.08,11.70,11.73,3787099,104375848.00
20141031,11.71,11.86,11.60,11.74,2947714,80000576.00
20141103,11.74,11.79,11.58,11.67,2781034,75382968.00
20141104,11.67,11.73,11.43,11.46,3462113,92795656.00
20141105,11.46,11.65,11.41,11.46,3264629,87516552.00
20141106,11.53,11.93,11.48,11.93,4231261,114816512.00
20141107,11.93,11.96,11.54,11.61,3824923,104636864.00
20141110,11.61,11.61,11.33,11.49,3794473,101090728.00
20141111,11.48,11.48,10.90,11.05,5639286,145946992.00
20141112,11.06,11.12,10.97,11.12,2446521,63001476.00
20141113,11.09,11.10,10.73,10.77,3120991,78697304.00
20141114,10.75,10.99,10.71,10.77,2270191,57101748.00
20141117,10.77,11.11,10.77,11.04,2990008,76430584.00
20141118,10.97,11.25,10.97,11.24,3141879,81512448.00
20141119,11.25,11.29,11.09,11.13,1979131,51423028.00
20141120,11.13,11.22,10.95,11.00,1320365,33895036.00
20141121,11.02,11.21,11.02,11.10,1533761,39745076.00
20141124,11.17,11.26,10.91,10.94,3095793,79562232.00
20141125,11.00,11.20,10.95,11.12,2997300,77425480.00
20141126,11.09,11.12,10.89,11.02,4864024,124311112.00
20141127,11.05,11.23,11.00,11.15,5199335,134671888.00
20141128,11.16,11.21,10.91,11.06,6111356,156858208.00
20141201,11.06,11.26,10.85,10.94,5801046,148107328.00
20141202,10.95,11.25,10.95,11.07,5206264,134197960.00
20141203,11.07,11.65,10.91,11.62,10948150,285846944.00
20141204,11.66,11.79,11.50,11.52,9001237,243020384.00
20141205,11.53,11.55,10.72,10.85,9893320,254494480.00
20141208,10.84,11.15,10.42,10.86,11065297,280150048.00
20141209,11.00,11.12,10.73,10.74,9033334,229744768.00
20141210,10.73,11.61,10.71,11.53,8963892,233872160.00
20141211,11.53,11.81,11.41,11.69,7324887,198863072.00
20141212,11.82,12.84,11.82,12.62,12322262,354975424.00
20141215,12.75,13.53,12.73,12.85,11840044,361061472.00
20141216,12.86,13.11,12.51,12.77,7814525,231926336.00
20141217,12.60,12.95,12.37,12.53,6776549,197920896.00
20141218,12.49,13.24,12.39,12.78,6602531,196730560.00
20141219,12.77,12.90,12.25,12.32,5633636,162882192.00
20141222,12.24,12.42,11.62,11.67,6381461,176199168.00
20141223,11.82,12.15,11.67,11.87,5329927,147193472.00
20141224,11.89,12.37,11.62,12.15,5410576,152307376.00
20141225,12.15,12.16,11.71,11.93,6325458,173919104.00
20141226,11.94,12.14,11.79,12.09,3799204,105745296.00
20141229,12.06,12.09,11.67,11.74,5748407,157812448.00
20141230,11.71,11.86,11.57,11.77,2924646,79603616.00
20141231,11.77,11.93,11.62,11.86,3208271,87817096.00
20150105,11.90,12.00,11.51,11.91,4405871,120243808.00
20150106,11.71,13.01,11.71,12.98,9810636,286117568.00
20150107,12.86,13.02,12.39,12.60,6367969,186736608.00
20150108,12.52,12.95,12.52,12.60,5213040,153752336.00
20150109,12.59,12.86,12.49,12.60,6226737,183961744.00
20150112,12.53,13.30,12.52,13.17,6355669,189585760.00
20150113,13.17,13.62,13.04,13.04,6070323,186869776.00
20150114,12.95,13.26,12.60,12.73,3472958,103862528.00
20150115,12.73,13.06,12.62,12.73,4351546,128816928.00
20150116,12.73,13.16,12.68,12.97,3568751,106760760.00
20150119,12.64,13.50,12.44,12.87,7035816,212953728.00
20150120,13.10,14.20,13.10,14.20,13473521,431598144.00
20150121,14.29,14.60,14.01,14.33,10156294,334196096.00
20150122,14.28,15.04,13.90,14.91,8877989,294660256.00
20150123,14.73,14.78,14.00,14.03,8511280,280876960.00
20150126,14.11,14.33,14.02,14.15,4768493,155954784.00
20150127,14.13,14.26,13.81,14.05,6065334,196215744.00
20150128,13.88,14.19,13.83,13.91,4406606,142283216.00
20150129,13.74,13.94,13.71,13.82,2263753,72302592.00
20150130,13.89,14.31,13.77,13.95,6455046,210239008.00
20150202,13.71,13.98,13.66,13.69,4046567,128811784.00
20150203,13.79,14.50,13.71,14.28,7094000,233072688.00
20150204,14.34,14.43,13.91,14.05,4078274,132832312.00
20150205,14.06,14.36,13.73,13.75,5742553,185660224.00
20150206,13.73,13.75,13.22,13.42,5028485,155887904.00
20150209,13.43,13.54,13.29,13.39,2728093,84504272.00
20150210,13.56,13.61,13.29,13.49,3497216,108890488.00
20150211,13.49,14.18,13.42,14.14,5301855,170782896.00
20150212,14.15,14.15,13.84,13.95,3558780,114861528.00
20150213,14.06,14.24,13.96,14.02,3696447,120239216.00
20150216,14.02,14.88,14.00,14.47,6831337,228453792.00
20150217,14.42,14.47,14.11,14.30,3745697,123387048.00
20150225,14.26,14.69,13.85,13.99,5432891,180063280.00
20150226,13.93,14.20,13.85,14.20,2979689,96744616.00
20150227,14.31,14.50,14.14,14.43,4238950,140526256.00
20150302,14.51,14.64,14.13,14.57,5358032,177875936.00
20150303,14.56,14.56,14.09,14.16,5214387,172111936.00
20150304,14.40,15.58,14.38,15.30,10697953,369630272.00
20150305,15.18,15.19,14.83,14.93,5627683,194355488.00
20150306,14.93,15.07,14.16,14.20,6400857,213488800.00
20150309,14.15,14.52,14.13,14.42,3814242,126592904.00
20150310,14.42,14.72,14.34,14.52,4705521,158132400.00
20150311,14.54,14.71,14.34,14.42,3364904,112469832.00
20150312,14.31,14.54,13.75,14.28,7063249,229656432.00
20150313,14.21,14.37,14.02,14.33,3771448,123762272.00
20150316,14.38,14.82,14.29,14.69,6608287,222543008.00
20150317,14.67,14.73,14.37,14.51,7773126,260399024.00
20150318,14.38,14.70,14.38,14.69,6714302,226387840.00
20150319,14.62,15.38,14.55,15.25,10615477,364821536.00
20150320,15.10,15.22,14.80,14.94,7897310,272703808.00
20150323,14.98,15.16,14.84,15.12,6621026,229339536.00
20150324,15.18,15.84,14.86,15.71,13729759,488211552.00
20150325,15.54,16.01,15.29,15.71,10125415,364771264.00
20150326,15.71,15.78,15.00,15.18,8138245,287678400.00
20150327,15.18,15.35,15.09,15.17,4091812,143399424.00
20150330,15.15,15.38,15.04,15.31,5968203,209610144.00
20150331,15.33,15.82,15.33,15.55,8341792,299508416.00
20150401,15.60,16.15,15.39,16.05,10828774,394598496.00
20150402,16.27,16.95,16.14,16.49,12125252,460286432.00
20150403,16.33,16.87,16.19,16.79,8376528,320761664.00
20150407,16.95,16.95,16.48,16.66,6835354,261805632.00
20150408,16.60,16.61,15.30,15.94,11451013,420721376.00
20150409,15.88,16.50,15.18,16.39,8867979,327074240.00
20150410,16.25,16.95,15.86,16.62,8866679,338629248.00
20150413,16.64,18.16,16.62,17.54,10118587,407194656.00
20150414,17.66,19.33,17.66,18.18,11888685,507179488.00
20150415,18.23,19.75,17.51,18.79,10099247,426895424.00
20150416,18.29,19.74,18.10,19.04,9261953,404212928.00
20150417,18.72,19.21,18.41,18.47,7402622,317123616.00
20150420,18.10,18.40,17.09,17.26,8590392,350296704.00
20150421,17.39,18.45,17.39,18.30,5914458,243500736.00
20150422,18.31,18.88,18.26,18.63,5785346,246382832.00
20150423,18.54,18.85,17.78,18.27,6677080,280211840.00
20150424,17.93,18.63,17.70,18.10,4686491,194900256.00
20150427,18.11,18.72,17.93,18.17,4571289,192288032.00
20150428,17.97,18.29,17.22,17.33,5453584,221289328.00
20150429,17.33,18.06,17.22,17.89,4763918,193835376.00
20150430,18.02,18.31,17.67,17.70,4360062,179698080.00
20150504,17.68,17.83,17.32,17.66,2704105,109324520.00
20150505,17.42,17.66,16.81,17.40,5905944,234611632.00
20150506,17.40,18.06,17.40,17.43,6057843,246585120.00
20150507,17.43,17.61,16.96,17.04,4336234,172069792.00
20150508,17.31,18.18,17.18,17.89,6831345,276035392.00
20150511,18.10,19.02,17.93,18.69,12742198,544510272.00
20150512,18.78,18.95,18.15,18.55,9262682,394446784.00
20150513,18.29,18.99,18.13,18.54,9866002,421759616.00
20150514,18.50,18.71,17.88,17.95,8244445,345259008.00
20150515,17.88,17.88,17.19,17.31,7371302,295367648.00
20150518,17.53,18.12,17.40,17.94,9246991,379055296.00
20150519,17.94,18.60,17.62,18.52,9695880,404843680.00
20150520,18.58,20.06,18.58,19.28,16055509,708982144.00
20150521,19.52,20.75,19.42,20.63,13423821,623598976.00
20150522,20.74,20.91,19.44,19.93,11309992,518823904.00
20150525,19.99,20.55,19.62,20.28,9947284,460104736.00
20150526,20.13,21.68,20.13,21.45,9445473,457530432.00
20150527,21.62,22.00,20.73,21.08,9119174,445798272.00
20150528,21.00,21.35,19.94,19.94,9615798,459436480.00
20150529,20.06,21.97,19.64,21.97,12644395,616584448.00
20150601,22.48,24.21,22.31,24.21,11189881,596808000.00
20150602,24.81,26.19,24.51,25.58,10149415,588244800.00
20150603,25.88,26.09,23.84,24.64,9465434,540452544.00
20150604,24.75,25.68,22.18,25.60,15499419,576144256.00
20150605,26.25,26.32,24.42,24.92,15802449,610183360.00
20150608,24.35,24.92,23.69,24.38,12394406,457537472.00
20150609,24.55,25.98,24.42,25.62,12475725,475930432.00
20150610,25.38,26.99,25.02,26.35,13580780,544532608.00
20150611,26.20,26.42,25.38,25.72,8847956,346408064.00
20150612,25.78,26.74,25.75,25.84,9345855,371575072.00
20150615,25.81,26.35,24.47,24.78,9261325,354593952.00
20150616,24.25,25.22,23.56,24.44,7820957,288605376.00
20150617,24.45,25.31,24.05,25.26,9170387,344021824.00
20150618,25.27,25.67,22.70,23.00,7328884,273634848.00
20150619,23.02,23.40,20.68,21.15,11791968,394240512.00
20150623,21.22,22.58,20.38,22.33,9869921,323067488.00
20150624,22.33,22.68,21.66,22.34,6725949,227545552.00
20150625,22.39,22.68,21.26,21.42,5410797,181283024.00
20150626,21.42,22.35,19.24,19.32,14074011,442720576.00
20150629,20.14,20.35,17.36,19.24,16439715,475895520.00
20150630,19.02,21.19,17.42,21.19,16673582,502023360.00
20150701,21.19,22.78,20.36,21.18,15104978,504286144.00
20150702,21.15,22.02,19.68,20.60,13542121,430148992.00
20150703,19.68,22.60,18.50,21.01,21074871,658675904.00
20150706,23.14,23.14,18.95,20.75,18833676,601318528.00
20150707,19.67,19.68,18.64,18.64,10384108,299583200.00
20150710,20.33,20.54,19.68,20.54,11363216,353864192.00
20150713,21.55,22.62,21.55,22.62,21076216,714647936.00
20150714,22.28,24.64,22.20,23.02,25350595,896048384.00
20150715,22.34,22.86,20.68,20.68,13454174,437517024.00
20150716,20.68,21.85,18.94,20.88,12849897,405326560.00
20150717,21.02,22.63,21.02,22.52,12897652,430226240.00
20150720,22.68,23.28,22.08,22.35,13227875,456654816.00
20150721,21.86,23.67,21.82,23.56,14677656,509397472.00
20150722,23.61,23.68,22.60,23.04,11877858,417680416.00
20150723,23.04,24.02,23.04,23.85,12958215,466667296.00
20150724,24.05,24.34,23.02,23.06,14297183,512643392.00
20150727,22.36,23.34,20.72,20.72,12093724,407561984.00
20150728,18.78,21.66,18.78,21.06,17882852,556293312.00
20150729,21.35,22.02,20.08,22.02,11499851,372104960.00
20150730,22.00,22.14,20.75,20.78,6904850,227761168.00
20150731,20.42,21.35,20.36,21.32,7144954,226461664.00
20150803,21.02,22.26,20.76,22.24,19918372,656742912.00
20150804,22.05,23.08,21.64,22.96,12099814,413216192.00
20150805,22.96,23.12,22.22,22.29,6929101,238675888.00
20150806,22.00,22.62,21.76,21.84,5011297,169354352.00
20150807,21.84,22.54,21.55,22.30,10005552,336869376.00
20150810,22.40,23.33,22.03,23.16,11795807,410145888.00
20150811,23.16,23.26,22.48,22.75,9538759,331428864.00
20150812,22.58,22.85,21.92,22.00,6544127,223329248.00
20150813,21.76,22.22,20.35,21.92,11252410,365924224.00
20150814,22.02,22.13,21.40,21.49,8899214,294801888.00
20150817,21.35,21.47,20.76,21.22,6581845,211072784.00
20150818,21.18,21.68,19.43,19.78,10454254,330980448.00
20150819,19.55,21.08,19.19,20.96,9670772,295473408.00
20150820,20.54,20.92,19.82,20.35,8350912,259757888.00
20150821,20.02,20.34,18.92,19.02,6964447,207542080.00
20150824,18.27,18.61,17.08,17.08,12369248,326578144.00
20150825,16.01,16.47,15.34,15.34,12240338,294841024.00
20150826,15.78,16.46,14.56,15.55,15575212,376910880.00
20150827,16.08,16.28,15.23,16.25,8265168,200802672.00
20150828,16.27,17.70,16.27,17.59,10039646,260783104.00
20150831,17.28,17.68,16.68,17.64,7933695,208291760.00
20150901,17.23,17.66,16.23,17.65,10959171,286828224.00
20150902,16.68,18.58,16.60,18.44,16375768,452796352.00
20150907,18.34,19.28,17.50,17.57,9278521,257235776.00
20150908,17.38,18.35,17.16,18.25,5078761,137714416.00
20150909,18.32,19.04,18.07,18.50,7063314,200824960.00
20150910,18.39,18.49,17.88,17.94,3547185,98710368.00
20150911,17.78,18.10,17.42,17.74,3601729,97668408.00
20150914,18.02,18.05,16.34,16.39,6101514,158051024.00
20150915,16.02,16.92,16.02,16.07,5534033,139856080.00
20150916,16.35,17.71,15.82,17.45,6868511,174566784.00
20150917,17.35,17.77,16.72,16.98,6426963,169431504.00
20150918,17.27,17.28,16.82,17.02,2544172,66130616.00
20150921,16.69,17.99,16.58,17.75,5436274,146585920.00
20150922,17.88,18.34,17.68,17.95,5572458,153617408.00
20150923,17.82,17.90,17.34,17.50,3482266,93810312.00
20150924,17.45,18.48,17.45,18.27,5612722,155477120.00
20150925,18.05,18.65,17.74,18.15,5140460,142922160.00
20150928,18.15,18.85,17.71,18.74,4342089,122281128.00
20150929,18.40,18.93,18.23,18.27,4928133,138946592.00
20150930,18.35,18.63,17.94,18.11,3599874,99631664.00
20151008,18.82,19.09,18.22,18.59,6877277,196401232.00
20151009,18.84,19.15,18.65,18.99,5171097,149624176.00
20151012,19.12,20.55,18.99,20.16,7924921,239618304.00
20151013,20.02,20.95,20.02,20.58,5991366,188020608.00
20151014,20.55,20.55,19.70,20.02,4605629,140452192.00
20151015,20.02,20.56,19.87,20.48,4881670,150685744.00
20151016,20.55,21.07,20.02,20.84,5892156,184449952.00
20151019,20.84,20.88,19.87,20.16,6237944,192710192.00
20151020,20.34,20.45,19.91,20.36,4943267,152056816.00
20151021,20.42,20.90,19.38,19.56,7430967,228728576.00
20151022,19.94,21.55,19.68,21.55,13858100,441005728.00
20151023,22.26,23.21,21.88,22.44,17899530,614077248.00
20151026,22.67,22.67,21.55,22.06,11223588,375556736.00
20151027,21.88,22.50,21.06,22.12,9225396,307512864.00
20151028,22.02,22.34,20.86,20.99,8375958,275644064.00
20151029,21.28,21.55,20.60,21.27,6118439,195857008.00
20151030,21.38,21.54,20.78,21.09,3690869,118979968.00
20151102,20.81,21.58,20.58,20.82,4791558,154059344.00
20151103,20.84,21.13,20.68,20.71,3452344,109587216.00
20151104,20.79,21.90,20.79,21.84,6932453,227383616.00
20151105,21.69,22.00,21.14,21.35,7997522,262137792.00
20151106,21.35,21.80,21.16,21.75,6143642,202054304.00
20151109,21.68,22.58,21.34,22.06,9031289,302260096.00
20151110,22.02,22.34,21.62,22.04,8061707,269318336.00
20151111,22.14,22.14,21.56,22.03,6710771,222147840.00
20151112,22.12,22.70,22.05,22.30,8427599,286393088.00
20151113,22.03,22.14,21.02,21.02,8150307,265833040.00
20151116,20.76,21.75,20.48,21.74,6329875,204085456.00
20151117,21.74,21.94,21.35,21.44,5980183,197565904.00
20151118,21.48,21.55,20.68,20.68,4697104,150674800.00
20151119,20.94,21.42,20.72,21.42,3804164,122151008.00
20151120,21.42,21.42,20.94,21.14,3934740,126714736.00
20151123,21.12,21.26,20.42,20.51,8469936,267997328.00
20151124,20.43,20.77,20.15,20.72,3901607,121914152.00
20151125,20.68,21.80,20.37,21.76,10525616,339258400.00
20151126,21.78,21.84,21.08,21.16,6508195,211948352.00
20151127,21.07,21.41,20.22,20.40,4943781,156645120.00
20151130,20.49,21.02,19.85,20.90,4465356,140085472.00
20151201,21.00,21.33,20.58,20.94,3786525,120045368.00
20151202,21.18,21.66,20.59,21.16,4588161,147580608.00
20151203,21.12,22.37,21.12,22.22,10442415,348095136.00
20151204,22.12,22.41,21.42,21.66,9159629,304077792.00
20151207,21.88,22.20,21.54,22.18,8378930,279318944.00
20151208,22.02,22.08,21.15,21.32,6346669,208491280.00
20151209,21.22,21.34,20.69,20.89,5269437,168335888.00
20151210,20.90,21.14,20.66,20.70,3651086,116149416.00
20151211,20.59,21.10,20.37,21.00,3867987,122165568.00
20151214,20.69,21.61,20.59,21.53,4371921,140408256.00
20151215,21.42,22.13,21.35,21.88,5810334,192632256.00
20151216,21.96,22.02,21.45,21.55,3831837,126279920.00
20151217,21.81,22.14,21.62,22.08,6876011,229613120.00
20151218,22.00,22.02,21.35,21.57,5617493,184726816.00
20151221,21.57,22.34,21.43,22.30,8477917,283547008.00
20151222,22.35,22.52,21.85,22.00,6369460,213443584.00
20151223,22.00,22.26,21.69,21.80,6869142,229645344.00
20151224,21.70,21.90,21.47,21.76,4048458,133189944.00
20151225,21.82,21.84,21.48,21.48,4627891,152213472.00
20151228,21.35,21.68,21.02,21.02,5565757,181066704.00
20151229,21.03,21.37,21.00,21.17,3801380,122360824.00
20151230,21.12,21.59,21.02,21.54,4027951,130648544.00
20151231,21.55,21.60,20.73,20.74,6477163,207264320.00
20160104,20.55,20.74,18.84,18.90,4614569,140301776.00
20160105,18.55,19.77,18.42,19.56,6480099,189413536.00
20160106,19.56,19.75,19.07,19.58,3724441,110300512.00
20160107,19.34,19.34,17.72,17.99,892511,25361302.00
20160108,18.67,19.60,17.68,19.18,7865230,226978192.00
20160111,18.77,20.14,18.35,18.42,8567337,251581168.00
20160112,18.48,19.32,18.48,19.15,5682116,165074544.00
20160113,19.35,19.39,18.77,19.01,3850410,111500320.00
20160114,18.48,19.99,18.40,19.88,6059863,179340688.00
20160115,19.56,19.97,19.48,19.69,4463899,133843664.00
20160118,19.48,20.28,19.28,19.84,3966288,119924352.00
20160119,19.96,20.16,19.54,20.03,5406694,163270112.00
20160120,19.88,20.01,19.35,19.45,6251090,186823792.00
20160121,19.12,19.67,18.70,18.92,4070362,118945496.00
20160122,19.08,19.21,18.61,18.95,3869758,111168128.00
20160125,19.12,19.28,18.93,18.97,1834520,53428360.00
20160126,18.95,19.12,18.08,18.49,5325730,152471408.00
20160127,18.55,19.18,18.16,19.12,6429418,182943888.00
20160128,18.90,19.62,18.48,18.60,4439033,129617544.00
20160129,18.69,19.48,18.60,19.32,4960774,145055040.00
20160201,19.16,19.42,18.70,18.95,3632265,105371224.00
20160202,19.19,19.78,19.19,19.62,4911140,146582640.00
20160203,19.25,19.90,19.25,19.81,3692460,110825312.00
20160204,19.63,20.08,19.63,19.82,3813487,115197408.00
20160205,19.85,19.89,19.55,19.63,2936351,88117896.00
20160215,19.22,20.00,19.21,19.94,3185198,95829368.00
20160216,19.95,20.42,19.88,20.36,5204780,160756192.00
20160217,20.35,20.41,19.90,20.10,4541094,139031696.00
20160218,20.21,20.28,19.96,20.05,2867661,87807104.00
20160219,20.12,20.31,19.88,20.18,3601085,110131368.00
20160222,20.28,20.32,20.05,20.20,3665221,112654784.00
20160223,20.25,20.32,19.80,20.00,3075660,94019264.00
20160224,19.96,20.02,19.29,19.64,3170768,95050960.00
20160225,19.68,19.73,18.30,18.45,5744431,166533984.00
20160226,18.68,19.08,18.42,18.80,4341925,123879024.00
20160229,18.81,18.94,18.03,18.45,4836720,135173680.00
20160301,18.45,18.48,17.72,18.35,4191929,116011432.00
20160302,18.36,19.08,18.09,19.03,6540759,184550112.00
20160303,18.94,19.15,18.68,18.72,4390776,126506112.00
20160304,18.48,18.68,17.68,17.83,5907583,163174800.00
20160307,17.84,18.32,17.84,17.95,4508614,124614856.00
20160308,18.01,18.52,17.36,18.47,5594181,153758400.00
20160309,18.28,18.48,18.02,18.18,2617163,72955600.00
20160310,18.28,18.54,18.05,18.18,2590106,72441656.00
20160311,18.14,18.45,18.02,18.24,1825488,50965928.00
20160314,18.43,18.88,18.43,18.74,3755810,107394152.00
20160315,18.68,18.84,18.15,18.28,3394624,95390936.00
20160316,18.48,18.58,18.03,18.26,2643452,73866408.00
20160317,18.41,18.85,18.29,18.83,4735805,134786272.00
20160318,19.02,19.41,18.84,19.17,4935192,144188752.00
20160321,19.06,19.71,19.02,19.42,5215257,154008752.00
20160322,19.35,19.35,19.02,19.14,3384012,98822376.00
20160323,19.22,19.22,18.89,19.14,2942882,85448320.00
20160324,18.95,19.46,18.85,19.13,3929383,115071688.00
20160325,19.15,19.35,19.02,19.17,2253886,65843180.00
20160328,19.22,19.52,19.18,19.29,3384292,99912480.00
20160329,19.28,19.42,19.02,19.14,3968738,115925488.00
20160330,19.28,19.78,19.24,19.75,4306857,128331576.00
20160331,19.90,20.02,19.51,19.58,3244076,97453720.00
20160401,19.61,19.68,19.37,19.68,2726227,81056920.00
20160405,19.55,19.98,19.55,19.93,4612773,139294544.00
20160406,19.76,19.98,19.75,19.88,2665275,80727536.00
20160407,19.95,20.08,19.42,19.42,3227512,97150048.00
20160408,20.02,21.02,19.68,20.50,17298554,540764032.00
20160411,20.08,20.95,20.06,20.75,10903729,341155264.00
20160412,20.88,22.33,20.68,21.28,13437000,437499680.00
20160413,21.02,21.62,20.68,21.10,10582813,340145824.00
20160414,21.05,21.60,20.86,21.48,7586503,245267776.00
20160415,21.29,21.47,21.02,21.06,4460110,144030816.00
20160418,20.94,20.98,20.56,20.78,3886861,122962824.00
20160419,20.83,21.08,20.76,20.80,3147104,100188536.00
20160420,20.73,21.20,19.70,20.28,6767772,210612432.00
20160421,20.28,20.66,20.08,20.17,3629051,112664608.00
20160422,20.14,20.68,20.02,20.56,3742282,116355224.00
20160425,20.48,20.53,19.89,20.28,3190988,98078712.00
20160426,20.28,21.35,20.25,21.31,6437307,206087856.00
20160427,21.28,21.50,21.08,21.09,4090921,132421536.00
20160428,21.02,21.58,20.78,21.14,6007637,194021120.00
20160429,21.08,21.30,20.70,20.87,3440837,109833296.00
20160503,20.62,21.37,20.35,21.22,5627033,180256800.00
20160504,21.05,21.34,20.88,21.02,3304806,105853232.00
20160505,20.92,21.28,20.86,21.02,3682247,118092280.00
20160506,20.94,21.06,20.15,20.21,5474497,171206416.00
20160509,20.20,20.54,19.89,20.35,4518022,139932544.00
20160510,20.27,20.47,19.95,20.10,2646453,81412080.00
20160511,20.25,21.06,20.08,20.90,4777001,151046272.00
20160512,20.69,21.28,20.32,21.05,4271362,135615584.00
20160513,20.89,21.15,20.44,20.65,2491173,78948632.00
20160516,20.56,21.54,20.52,21.45,4125982,132413104.00
20160517,21.30,21.74,21.05,21.36,4499727,146542480.00
20160518,21.16,21.16,20.69,20.87,3078048,98107200.00
20160519,20.95,21.45,20.83,21.24,3280312,106061840.00
20160520,21.08,21.61,21.02,21.36,3909391,127128944.00
20160523,21.34,21.74,21.19,21.49,3987090,130711592.00
20160524,21.48,21.49,21.12,21.30,2801239,90597184.00
20160525,21.28,21.74,21.16,21.26,2841182,92824528.00
20160526,21.23,21.30,20.41,20.94,3325771,105343704.00
20160527,20.78,21.00,20.68,20.72,1670738,53092968.00
20160530,20.72,21.24,20.53,20.95,2292257,73484680.00
20160531,20.95,21.68,20.88,21.64,4913116,160217216.00
20160601,21.62,22.19,21.60,21.86,5140241,171911568.00
20160602,21.71,22.08,21.65,22.01,2575714,85780912.00
20160603,22.08,22.48,21.66,21.68,7516503,252512512.00
20160606,21.67,21.71,21.38,21.56,3904465,127975816.00
20160607,21.60,21.87,21.49,21.85,3094506,102338192.00
20160608,21.70,21.85,21.55,21.59,2957586,97654216.00
20160613,21.36,21.59,20.96,20.96,3064122,99388816.00
20160614,20.96,21.45,20.95,21.44,2852359,91999160.00
20160615,21.22,22.05,21.17,22.04,4618542,152952576.00
20160616,22.24,22.72,21.78,21.82,6433233,218576400.00
20160617,21.95,22.92,21.82,22.85,6941489,237194112.00
20160620,22.82,22.98,22.25,22.82,4535580,156377968.00
20160621,22.80,23.13,22.47,22.68,4680883,161505568.00
20160622,22.48,22.92,22.23,22.86,3420679,117282536.00
20160623,22.78,22.92,22.22,22.32,3445495,117956224.00
20160624,22.22,22.72,22.06,22.28,4943376,169203216.00
20160627,22.22,22.77,22.18,22.61,4507126,154976208.00
20160628,22.66,23.22,22.42,23.11,4918493,170851424.00
20160629,23.35,24.12,23.34,23.98,7250548,262447296.00
20160630,24.06,24.25,23.62,24.04,4396564,159892880.00
20160701,23.86,24.04,23.56,23.64,3036860,109631648.00
20160704,23.49,24.02,23.43,23.78,4303010,155499072.00
20160705,23.85,23.88,23.54,23.62,2362215,84911440.00
20160706,23.74,24.24,23.60,24.24,3254728,118071856.00
20160707,24.29,25.40,24.09,24.16,6439469,242630512.00
20160708,24.01,24.55,23.70,24.15,4271626,155275632.00
20160711,24.15,24.77,23.84,24.41,3609930,132581888.00
20160712,24.27,25.27,24.27,25.21,6263410,234676864.00
20160713,25.11,25.38,24.87,24.89,3986661,150507904.00
20160714,24.68,25.07,24.68,24.88,3073140,115206808.00
20160715,24.79,25.27,24.79,25.22,3181590,120121840.00
20160718,25.22,26.07,25.21,25.55,6674941,257721440.00
20160719,25.48,25.48,25.05,25.18,4356933,165355824.00
20160720,25.08,25.20,24.76,25.01,4184691,157428272.00
20160721,24.95,25.09,24.67,24.93,3467656,129916672.00
20160722,24.83,24.98,24.34,24.54,5020947,186107472.00
20160725,24.37,25.07,24.32,24.69,3746752,139584272.00
20160726,24.69,24.97,24.37,24.94,3408351,126747408.00
20160727,24.81,24.94,23.56,23.89,6401766,232815984.00
20160728,23.85,24.03,23.51,23.81,3635366,130379056.00
20160729,23.91,24.33,23.88,24.11,2761944,100554120.00
20160801,23.91,24.44,23.47,24.35,4013727,146355088.00
20160802,24.23,24.48,24.07,24.28,1986110,72618976.00
20160803,24.28,24.35,24.10,24.20,1241557,45321296.00
20160804,24.20,24.27,23.62,24.17,2241991,81083144.00
20160805,24.13,24.42,23.91,24.20,1772512,64716512.00
20160808,24.20,24.54,23.92,24.49,2107189,77294720.00
20160809,24.49,24.67,24.33,24.54,2733786,100980608.00
20160810,24.45,24.52,24.15,24.25,1970172,72187608.00
20160811,24.27,24.37,23.93,24.25,1866742,67853952.00
20160812,24.21,24.32,24.01,24.23,1410635,51448320.00
20160815,24.25,24.80,24.07,24.65,3269726,120787632.00
20160816,24.65,24.77,22.35,23.03,42301197,1479039488.00
20160817,23.03,23.95,23.03,23.65,15267261,542348480.00
20160818,23.67,23.67,23.19,23.33,4759962,167625232.00
20160819,23.41,23.42,23.03,23.25,3974083,139365920.00
20160822,23.29,23.66,23.11,23.56,5926268,209806864.00
20160823,23.41,23.86,23.35,23.51,3476949,123785320.00
20160824,23.39,23.53,23.25,23.31,2136062,75142016.00
20160825,23.25,23.33,23.07,23.33,3540741,123801680.00
20160826,23.33,23.43,23.08,23.27,2327735,81735800.00
20160829,23.25,23.35,23.13,23.15,2019963,70709304.00
20160830,23.20,23.59,23.20,23.43,3811101,134886416.00
20160831,23.37,23.60,23.18,23.60,2269159,80171240.00
20160901,23.55,23.55,23.22,23.32,2495500,87839360.00
20160902,23.24,23.34,23.03,23.08,1865297,65104100.00
20160905,23.21,23.34,23.08,23.15,1591264,55704552.00
20160906,23.15,23.49,23.10,23.36,2190554,76991912.00
20160907,23.45,23.46,23.15,23.20,2630351,92264248.00
20160908,23.28,23.28,23.13,23.25,1044885,36562596.00
20160909,23.27,23.29,23.09,23.09,1439911,50269880.00
20160912,22.95,23.05,22.48,22.55,2979307,102034416.00
20160913,22.67,22.76,22.57,22.60,1023054,34910020.00
20160914,22.54,22.92,22.43,22.91,2091040,71654824.00
20160919,22.81,23.15,22.58,22.94,1361352,47046284.00
20160920,22.93,23.03,22.83,22.98,1263763,43706124.00
20160921,23.01,23.35,22.98,23.21,2165215,75713080.00
20160922,23.30,23.40,23.15,23.17,1504739,52828592.00
20160923,23.25,23.34,23.15,23.22,949327,33254118.00
20160926,23.16,23.53,23.16,23.21,3345732,117566496.00
20160927,23.13,23.43,23.11,23.35,2353273,82824384.00
20160928,23.81,23.81,23.32,23.38,2153577,76357760.00
20160929,23.29,23.47,23.29,23.39,1238258,43664520.00
20160930,23.48,23.48,23.15,23.19,1838485,64423640.00
20161010,23.24,23.29,22.84,23.19,4653826,161869072.00
20161011,23.19,23.37,23.07,23.31,1783886,62524460.00
20161012,23.31,23.61,23.21,23.49,2845346,100766344.00
20161013,23.47,23.58,23.42,23.52,1527356,54106208.00
20161014,23.44,23.58,23.09,23.20,2315016,81099336.00
20161017,23.01,23.25,22.85,23.05,1591929,55407212.00
20161018,22.96,23.32,22.96,23.28,1724575,60412644.00
20161019,23.31,23.40,22.95,23.04,1806525,62918856.00
20161020,23.01,23.10,22.88,22.89,1949331,67412896.00
20161021,22.89,23.00,22.57,22.67,2338121,80170328.00
20161024,22.73,22.75,22.12,22.53,8394391,282470752.00
20161025,22.41,22.94,22.29,22.81,4451277,152178416.00
20161026,22.83,22.87,22.43,22.43,3021730,102675400.00
20161027,22.50,22.56,22.33,22.51,1834654,62122984.00
20161028,22.53,22.61,22.35,22.36,1442812,48849524.00
20161031,22.30,22.51,22.19,22.43,2535047,85333464.00
20161101,22.43,22.62,22.40,22.48,2582525,87695840.00
20161102,22.45,22.69,22.45,22.65,2280129,77673552.00
20161103,22.65,22.69,22.49,22.57,1673844,57048796.00
20161104,22.62,22.65,22.38,22.45,1565272,53107408.00
20161107,22.47,22.48,21.73,21.80,5737475,190650800.00
20161108,21.74,21.99,21.69,21.83,3012926,99356040.00
20161109,21.88,22.01,21.57,21.81,2635086,86850352.00
20161110,21.96,21.99,21.81,21.85,2691217,88776512.00
20161111,21.91,21.92,21.47,21.86,3751027,122785168.00
20161114,21.88,21.89,21.71,21.81,3301007,108462520.00
20161115,21.81,21.88,21.65,21.87,3192982,104916800.00
20161116,21.91,22.21,21.89,22.03,3406496,113290520.00
20161117,22.01,22.19,21.86,22.11,2831993,94153416.00
20161118,22.11,22.16,21.99,22.06,1749628,58289792.00
20161121,21.95,22.00,21.85,21.93,1756303,58016240.00
20161122,21.97,22.06,21.88,22.01,1795828,59478408.00
20161123,22.01,22.08,21.89,21.91,2268203,75144672.00
20161124,21.91,22.00,21.87,21.91,1603898,53033864.00
20161125,21.94,22.06,21.85,22.02,2214020,73371352.00
20161128,22.05,22.09,21.95,22.01,2234579,74157096.00
20161129,21.93,22.13,21.90,21.97,2255810,74954208.00
20161130,21.89,22.20,21.89,22.17,4264211,141924688.00
20161201,22.05,22.23,22.05,22.15,3223436,107546808.00
20161202,22.11,22.13,21.67,21.91,2704074,89313448.00
20161208,22.61,23.08,22.25,22.49,12047178,411412736.00
20161209,22.35,22.45,21.66,21.73,6976232,229945648.00
20161212,21.75,21.77,19.96,20.21,11098350,343260256.00
20161213,20.28,20.67,20.21,20.40,6040093,186042048.00
20161214,20.45,20.58,20.31,20.31,2522802,77864224.00
20161215,20.21,20.56,20.07,20.51,2800264,86308536.00
20161216,20.48,20.72,20.38,20.43,2146082,66317536.00
20161219,20.48,20.55,20.40,20.55,1827205,56504100.00
20161220,20.71,20.78,20.47,20.56,2100254,65178548.00
20161221,20.61,20.65,20.50,20.53,1690033,52389120.00
20161222,20.59,20.63,20.28,20.37,1742130,53621996.00
20161223,20.37,20.48,20.05,20.17,1456851,44504616.00
20161226,20.17,20.41,19.78,20.15,2140719,64844276.00
20161227,20.15,20.24,20.08,20.16,1215630,37010028.00
20161228,20.12,20.23,20.08,20.17,1333370,40530456.00
20161229,20.10,20.21,19.95,19.99,2325213,70486328.00
20161230,20.07,20.07,19.76,19.81,2417970,72491248.00
20170103,19.88,19.88,19.71,19.87,2361048,70604224.00
20170104,20.05,20.75,20.00,20.61,4623138,142666720.00
20170105,20.41,20.55,20.40,20.46,1583885,48865064.00
20170106,20.46,20.79,20.40,20.75,3176593,98741752.00
20170109,20.63,20.81,20.55,20.63,1942843,60444776.00
20170110,20.71,20.71,20.35,20.36,1382082,42605940.00
20170111,20.42,20.42,19.89,20.15,2310604,70086296.00
20170112,20.00,20.13,19.85,19.86,2008907,60383844.00
20170113,19.85,19.95,19.68,19.71,2709265,80845664.00
20170116,19.62,19.79,19.14,19.63,3174276,93694440.00
20170117,19.61,19.84,19.35,19.72,1551984,45798640.00
20170118,19.70,19.83,19.56,19.56,1222038,36336152.00
20170119,19.55,19.77,19.47,19.72,1474882,43690940.00
20170120,19.65,20.00,19.61,19.87,1708309,51272796.00
20170123,19.87,20.16,19.81,20.11,1657486,50210092.00
20170124,20.17,20.25,20.03,20.19,1485619,45198524.00
20170125,20.19,20.33,20.09,20.28,939739,28738544.00
20170126,20.25,20.51,20.19,20.31,1188338,36528056.00
20170203,20.33,20.73,20.33,20.67,2924792,91023624.00
20170206,20.67,20.67,20.17,20.61,3309374,102151472.00
20170207,20.54,20.54,20.22,20.25,1848434,56752924.00
20170208,20.23,20.45,20.18,20.45,1323147,40633404.00
20170209,20.48,20.49,20.31,20.35,1243996,38227036.00
20170210,20.31,20.41,20.20,20.24,1922257,58739744.00
20170213,20.29,20.37,20.15,20.21,2670373,81531800.00
20170214,20.24,20.29,19.99,20.01,3294457,99971104.00
20170215,20.00,20.09,19.96,19.97,1991970,60196952.00
20170216,20.02,20.14,19.97,20.02,1784779,53997088.00
20170217,20.02,20.69,19.98,20.61,5917506,182405504.00
20170220,20.54,20.70,20.27,20.67,4318365,133482856.00
20170221,20.67,20.76,20.40,20.70,2529141,78557232.00
20170222,20.65,21.05,20.56,20.66,2119997,66459264.00
20170223,20.64,21.21,20.41,21.00,3051747,95855384.00
20170224,20.82,21.04,20.78,20.79,1835144,57826472.00
20170227,20.85,21.19,20.61,20.81,2570950,81195624.00
20170228,20.81,21.18,20.65,21.05,1575491,49541588.00
20170301,21.01,21.13,20.84,20.87,1774412,56193680.00
20170302,20.89,20.98,20.56,20.57,1634110,51038004.00
20170303,20.47,20.49,19.81,19.92,9216707,278491936.00
20170306,19.88,20.32,19.79,20.12,4546184,138171392.00
20170307,20.16,20.27,20.07,20.19,2059032,62691308.00
20170308,20.17,20.17,19.96,20.08,2050871,62004456.00
20170309,19.97,20.15,19.97,20.03,1305471,39498432.00
20170310,20.15,20.15,19.97,19.99,1488314,44953096.00
20170313,19.99,20.13,19.72,20.13,2426319,73115640.00
20170314,20.03,20.53,20.03,20.47,4681344,143680992.00
20170315,20.37,20.52,20.19,20.31,2867487,87950712.00
20170316,20.25,20.41,20.19,20.31,2187710,66882292.00
20170317,20.31,20.37,20.10,20.12,2103480,64323896.00
20170320,20.10,20.19,19.89,20.05,1166957,35253168.00
20170321,20.07,20.11,19.80,19.95,2635619,79139352.00
20170322,19.88,20.39,19.82,20.39,2453861,74513288.00
20170323,20.32,20.41,20.21,20.31,2151145,65870912.00
20170324,20.28,20.48,20.16,20.48,2264418,69583144.00
20170327,20.51,20.86,20.33,20.34,3096365,95901432.00
20170328,20.31,20.63,20.17,20.31,2315091,71130232.00
20170329,20.39,20.48,20.15,20.23,1964302,60078440.00
20170330,20.23,20.27,19.87,19.95,2697941,81326024.00
20170331,19.95,20.27,19.95,20.03,1789386,54178372.00
20170405,20.03,20.25,20.00,20.15,2575205,78233952.00
20170406,20.41,21.75,20.41,21.01,11372407,359104640.00
20170407,20.97,21.39,20.88,21.09,5850324,186661888.00
20170412,21.59,21.67,20.93,20.97,6218189,199042384.00
20170413,20.93,21.17,20.85,20.95,2754627,87226328.00
20170414,20.95,21.13,20.67,20.76,1904941,60062476.00
20170417,20.82,21.21,20.69,20.81,2837140,89447904.00
20170418,20.80,21.24,20.79,21.07,4015836,127409304.00
20170419,20.99,21.17,20.65,20.99,2639402,83286464.00
20170420,21.05,21.39,20.89,21.19,5185140,165098960.00
20170421,21.28,21.59,21.03,21.08,4929893,158656720.00
20170424,21.12,21.55,20.62,21.43,6165765,197273680.00
20170425,21.47,21.55,21.09,21.19,3375590,108623296.00
20170426,21.19,21.71,21.15,21.59,5817011,188895456.00
20170427,21.49,21.80,21.39,21.75,4853323,158332560.00
20170428,21.63,21.86,21.25,21.79,3977555,129614368.00
20170502,21.71,21.79,21.35,21.40,3223221,104418120.00
20170503,21.37,21.58,21.08,21.13,3386001,108888720.00
20170504,21.12,21.28,20.68,20.79,4242492,133770752.00
20170505,20.63,21.09,20.63,20.95,2699837,85169832.00
20170508,20.98,21.15,20.75,21.07,3018573,95860672.00
20170509,21.06,21.15,20.65,21.03,2562994,80796920.00
20170510,20.96,21.20,20.88,21.04,1972299,62637804.00
20170511,20.94,21.32,20.74,21.30,4441544,141080176.00
20170512,21.35,21.60,21.08,21.59,4366654,140438656.00
20170515,21.48,21.80,21.45,21.80,3314184,107995576.00
20170516,21.75,22.47,21.55,22.41,4746779,158048704.00
20170517,22.26,22.48,22.05,22.09,3732430,125112584.00
20170518,22.06,22.49,21.89,22.23,5758990,128095496.00
20170519,22.27,22.95,22.02,22.40,6449048,145514096.00
20170522,22.46,22.85,22.00,22.57,4798200,107396568.00
20170523,22.39,22.88,21.99,22.74,8114391,182205280.00
20170524,22.78,22.80,22.35,22.62,4797140,108380864.00
20170525,22.58,22.79,22.20,22.35,4794048,107602824.00
20170526,22.34,22.56,22.10,22.46,5090972,113389544.00
20170531,22.42,22.49,21.92,22.37,10014111,221793856.00
20170601,22.10,22.32,22.05,22.14,5127806,113622080.00
20170602,22.06,22.10,21.20,21.20,9204665,198109456.00
20170605,21.05,21.50,20.95,21.31,8765568,185289808.00
20170606,21.20,21.52,21.03,21.35,4338389,92384112.00
20170607,21.28,22.18,21.20,22.06,8740022,190139632.00
20170608,21.91,22.18,21.79,22.06,4609472,101153944.00
20170609,22.06,22.06,21.63,21.73,6529023,142505744.00
20170612,21.63,21.91,21.60,21.82,3850841,83810976.00
20170613,21.70,21.96,21.64,21.75,3033214,66219132.00
20170614,21.72,22.32,21.65,22.21,5418008,119495328.00
20170615,22.21,23.21,22.13,22.70,10181524,231766912.00
20170616,22.73,22.97,22.38,22.92,5003573,113875032.00
20170619,22.88,23.01,22.53,22.70,3933355,89183920.00
20170620,22.70,22.83,22.33,22.49,3930954,88524120.00
20170621,22.49,22.82,22.41,22.80,3818045,86304400.00
20170622,22.76,22.78,22.50,22.53,3361210,76044888.00
20170623,22.41,22.83,22.22,22.70,4770617,107621928.00
20170626,22.72,23.10,22.65,22.72,6012818,137533056.00
20170627,22.72,23.36,22.72,23.35,7480805,172995728.00
20170628,23.26,23.30,22.91,23.17,6776738,156574512.00
20170629,23.06,23.19,22.83,23.13,4231622,97442352.00
20170630,23.13,23.36,22.91,23.26,4809629,111319288.00
20170703,23.26,23.30,22.80,23.04,4371639,100461592.00
20170704,22.89,22.98,22.48,22.70,4495940,102100576.00
20170705,22.67,23.07,22.56,22.95,3291885,75311904.00
20170706,23.01,23.01,22.64,22.76,2702227,61578028.00
20170707,22.69,22.71,22.50,22.60,2389679,53963152.00
20170710,22.51,22.59,22.11,22.19,4303635,95783328.00
20170711,22.08,22.30,22.08,22.29,3909461,86885608.00
20170712,22.27,22.33,21.93,22.15,4927384,108599592.00
20170713,22.15,22.15,21.96,22.07,3641690,80248272.00
20170714,22.23,22.50,22.22,22.40,4569388,102206800.00
20170717,22.31,22.35,21.03,21.58,6672769,145270576.00
20170718,21.57,22.11,21.56,21.93,4644723,101440528.00
20170719,21.92,22.35,21.88,22.25,3300997,73078896.00
数据来源:通达信
