300097 智云股份 日线 前复权
      日期	    开盘	    最高	    最低	    收盘	    成交量	    成交额
20100728,8.26,8.78,7.81,8.10,10201664,298264640.00
20100729,8.03,8.44,7.83,8.22,7253603,215676352.00
20100730,7.95,8.05,7.70,7.70,5283087,150909712.00
20100802,7.67,7.87,7.65,7.83,2633179,75097920.00
20100803,7.75,7.98,7.75,7.82,3005867,86764376.00
20100804,8.22,8.62,8.13,8.62,6253555,192984640.00
20100805,8.78,8.90,8.53,8.66,5380967,171058672.00
20100806,8.55,8.74,8.36,8.64,2947829,92174720.00
20100809,8.79,9.30,8.78,8.91,3790149,124423288.00
20100810,8.83,8.92,8.50,8.53,2513183,79696456.00
20100811,8.58,8.75,8.39,8.67,1955837,61199604.00
20100812,8.45,8.66,8.25,8.28,1608348,49697120.00
20100813,8.50,8.53,8.11,8.37,1140411,34685024.00
20100816,8.33,8.50,8.19,8.45,1376524,42067032.00
20100817,8.49,8.69,8.41,8.67,1717972,53825128.00
20100818,8.76,8.76,8.32,8.40,1456730,45156776.00
20100819,8.46,8.53,8.36,8.40,1005857,30929950.00
20100820,8.30,8.40,8.05,8.10,1601908,47811476.00
20100823,8.05,8.21,8.03,8.12,681733,20183490.00
20100824,8.12,8.29,8.08,8.21,698773,20965584.00
20100825,8.17,8.24,8.01,8.01,683789,20287946.00
20100826,8.01,8.16,7.98,8.07,625770,18448168.00
20100827,8.10,8.14,8.00,8.09,615014,18132526.00
20100830,8.14,8.28,8.10,8.26,983547,29534622.00
20100831,8.26,8.26,8.10,8.20,851671,25334454.00
20100901,8.24,8.39,7.97,8.03,968358,29018796.00
20100902,8.03,8.19,7.89,8.15,938761,27582126.00
20100903,8.15,8.46,8.08,8.37,1610696,48703212.00
20100906,8.36,8.37,8.03,8.03,1055837,31403972.00
20100907,8.03,8.20,8.01,8.14,478881,14183587.00
20100908,8.05,8.28,8.03,8.19,641940,19208220.00
20100909,8.19,8.27,8.00,8.05,736069,21817536.00
20100910,8.05,8.12,7.89,8.07,735034,21455314.00
20100913,8.08,8.11,7.95,8.08,642514,18893020.00
20100914,8.11,8.31,8.05,8.31,1051367,31406062.00
20100915,8.22,8.36,7.90,7.92,879021,25806350.00
20100916,7.92,7.99,7.39,7.49,979096,27319546.00
20100917,7.46,7.56,7.40,7.45,343081,9361617.00
20100920,7.45,7.52,7.13,7.17,472439,12640538.00
20100921,7.20,7.23,6.97,7.04,397769,10283931.00
20100927,7.04,7.21,7.03,7.17,325854,8477557.00
20100928,7.17,7.19,7.02,7.05,317340,8247795.00
20100929,6.97,7.08,6.83,6.91,255607,6524503.50
20100930,6.84,7.16,6.83,7.11,279323,7198378.50
20101008,7.11,7.22,7.09,7.19,489896,12827358.00
20101011,7.19,7.19,7.03,7.06,684449,17754390.00
20101012,7.14,7.18,7.08,7.13,344902,8993450.00
20101013,7.14,7.19,7.06,7.18,463045,12020964.00
20101014,7.16,7.23,7.03,7.04,478879,12464037.00
20101015,6.97,7.02,6.80,6.83,779611,19642098.00
20101018,6.83,6.83,6.50,6.59,743634,17899780.00
20101019,6.62,7.17,6.62,7.03,1064088,27032698.00
20101020,6.95,7.16,6.89,7.02,764330,19741826.00
20101021,7.02,7.07,6.89,7.02,474029,12076286.00
20101022,6.97,7.35,6.95,7.27,843842,22316516.00
20101025,7.31,7.44,7.25,7.37,953862,25554258.00
20101026,7.30,7.32,7.10,7.16,876205,22939484.00
20101027,7.11,7.27,7.07,7.13,587002,15399344.00
20101028,7.24,7.37,7.06,7.34,1633715,43087308.00
20101029,7.39,8.02,7.39,8.00,2882998,82109352.00
20101101,7.89,8.35,7.83,8.23,2473669,74059696.00
20101102,8.29,8.30,8.03,8.24,1286955,38103356.00
20101103,8.16,8.22,7.97,8.10,1058142,31195528.00
20101104,8.01,8.47,8.01,8.30,998582,30167780.00
20101105,8.24,8.50,8.13,8.44,955480,29090360.00
20101108,8.37,8.54,8.35,8.45,536232,16491270.00
20101109,8.45,8.45,8.17,8.20,844427,25435586.00
20101110,8.18,8.30,8.17,8.26,743279,22314690.00
20101111,8.19,8.49,8.19,8.24,848518,25860398.00
20101112,8.22,8.27,7.69,7.73,660022,19216394.00
20101115,7.73,8.02,7.73,7.99,1031407,29664594.00
20101116,7.94,8.07,7.39,7.57,1228384,34668800.00
20101117,7.50,7.80,7.39,7.59,974531,26998364.00
20101118,7.75,7.75,7.53,7.65,401012,11168222.00
20101119,7.72,7.97,7.70,7.92,651169,18665826.00
20101122,7.95,8.16,7.95,8.06,1196212,35072116.00
20101123,8.06,8.14,7.72,7.97,770152,22227366.00
20101124,7.89,8.16,7.86,8.11,1068079,31489342.00
20101125,8.11,8.20,7.83,7.94,1254964,36529624.00
20101126,7.92,8.30,7.88,8.27,1767649,52350936.00
20101129,8.22,8.33,8.03,8.17,1338565,39922800.00
20101130,8.17,8.18,7.54,7.89,1209361,34577540.00
20101201,7.83,7.89,7.73,7.83,449574,12820324.00
20101202,7.93,7.99,7.83,7.84,334727,9631030.00
20101203,7.91,7.91,7.63,7.73,617704,17375600.00
20101206,7.67,7.75,7.47,7.51,450405,12450933.00
20101207,7.51,7.66,7.45,7.62,250869,6946846.00
20101208,7.64,7.68,7.55,7.56,266459,7409008.00
20101209,7.56,7.63,7.48,7.53,228690,6291367.00
20101210,7.48,7.65,7.48,7.63,203927,5650702.50
20101213,7.69,7.89,7.67,7.86,465293,13321269.00
20101214,7.86,8.10,7.84,7.95,494499,14414764.00
20101215,7.89,7.98,7.85,7.86,381643,11009977.00
20101216,7.86,8.01,7.86,7.95,483366,14039706.00
20101217,7.95,8.05,7.92,8.00,422707,12295511.00
20101220,8.03,8.11,7.65,8.01,761021,22014846.00
20101221,7.89,8.13,7.89,8.10,660116,19442720.00
20101222,8.13,8.15,7.91,7.95,399065,11641276.00
20101223,7.89,8.76,7.89,8.76,4726750,149317136.00
20101224,8.37,8.49,8.07,8.09,2671286,80726152.00
20101227,7.98,8.12,7.47,7.49,1496214,43218940.00
20101228,7.39,7.53,7.19,7.31,1030399,27617078.00
20101229,7.36,7.52,7.29,7.49,650760,17631458.00
20101230,7.44,7.49,7.36,7.44,518967,14055520.00
20101231,7.44,7.60,7.38,7.57,472892,13000951.00
20110104,7.60,7.64,7.51,7.63,680256,18842390.00
20110105,7.60,7.68,7.53,7.63,493798,13734282.00
20110106,7.61,7.71,7.55,7.60,371013,10330613.00
20110107,7.59,7.62,7.45,7.48,489884,13494546.00
20110110,7.47,7.48,7.18,7.19,592597,15837372.00
20110111,7.19,7.25,7.08,7.15,307438,8012254.50
20110112,7.15,7.33,7.11,7.33,237879,6263445.00
20110113,7.28,7.38,7.24,7.32,215435,5736756.00
20110114,7.38,7.38,7.11,7.25,229100,6044919.50
20110117,7.08,7.24,6.95,7.05,354275,9136183.00
20110118,6.96,7.11,6.96,7.05,113881,2922723.50
20110119,6.99,7.33,6.99,7.29,223605,5848024.00
20110120,7.30,7.30,6.98,7.05,258400,6708165.50
20110121,7.03,7.14,6.97,7.08,172819,4460402.00
20110125,6.93,7.08,6.67,6.98,288631,7188137.50
20110126,6.94,7.14,6.89,7.11,182489,4723675.00
20110127,7.07,7.19,6.89,7.17,238673,6185994.50
20110128,7.16,7.25,7.05,7.22,184600,4815460.00
20110131,7.22,7.25,7.11,7.15,183734,4800323.00
20110201,7.12,7.16,7.05,7.06,182061,4715656.50
20110209,6.98,7.07,6.95,6.98,107606,2757627.00
20110210,7.05,7.17,6.97,7.16,192214,5003906.00
20110211,7.16,7.27,7.13,7.22,234896,6197584.50
20110214,7.21,7.36,7.19,7.33,451323,12009943.00
20110215,7.36,7.38,7.25,7.30,277929,7443292.50
20110216,7.30,7.43,7.28,7.43,288784,7784034.00
20110217,7.43,7.49,7.33,7.39,320711,8664427.00
20110218,7.42,7.42,7.25,7.30,302691,8095298.00
20110221,7.21,7.47,7.21,7.39,271824,7312649.50
20110222,7.34,7.42,7.15,7.15,358200,9516367.00
20110223,7.15,7.35,7.12,7.28,239550,6329982.50
20110224,7.25,7.35,7.23,7.30,233909,6228281.00
20110225,7.28,7.30,7.19,7.24,254843,6735239.00
20110228,7.16,7.24,7.11,7.24,311630,8199793.50
20110301,7.25,7.34,7.22,7.31,890054,23688922.00
20110302,7.31,7.31,7.17,7.19,483109,12733098.00
20110303,7.17,7.22,6.94,6.94,876936,22608094.00
20110304,6.94,6.96,6.84,6.96,613874,15477874.00
20110307,6.97,7.05,6.94,7.02,369220,9438436.00
20110308,7.02,7.05,6.92,7.05,422165,10779552.00
20110309,7.05,7.08,6.98,7.05,306372,7859193.00
20110310,7.01,7.10,6.99,7.06,378124,9754843.00
20110311,7.03,7.10,6.98,7.05,508421,13108877.00
20110314,7.05,7.23,7.03,7.22,1631348,42394304.00
20110315,7.19,7.19,6.99,7.04,691839,17899932.00
20110316,7.13,7.13,7.03,7.09,622289,16099952.00
20110317,7.05,7.08,6.87,6.89,488469,12477856.00
20110318,6.97,6.97,6.88,6.94,455651,11537617.00
20110321,6.96,6.98,6.87,6.88,288360,7274734.50
20110322,6.91,6.95,6.85,6.92,238441,6012863.50
20110323,6.94,6.99,6.90,6.98,333529,8469154.00
20110324,6.98,7.02,6.95,6.96,260956,6666482.00
20110325,7.01,7.03,6.94,6.97,464241,11850704.00
20110328,6.99,7.02,6.92,6.93,389901,9912106.00
20110329,6.94,6.94,6.60,6.62,888185,21925504.00
20110330,6.63,6.67,6.52,6.55,481710,11604923.00
20110331,6.58,6.67,6.54,6.58,319584,7726871.50
20110401,6.61,6.70,6.58,6.69,237271,5762562.00
20110406,6.69,6.76,6.64,6.70,293312,7171338.50
20110407,6.51,6.51,6.27,6.36,1250052,29144008.00
20110408,6.35,6.46,6.31,6.42,553835,12983766.00
20110411,6.42,6.44,6.32,6.34,451552,10534665.00
20110412,6.32,6.35,6.28,6.32,342333,7926247.00
20110413,6.28,6.44,6.28,6.42,416714,9752848.00
20110414,6.40,6.42,6.32,6.34,302489,7057834.00
20110415,6.32,6.36,6.28,6.30,367833,8500740.00
20110418,6.32,6.36,6.28,6.32,336472,7769716.50
20110419,6.29,6.30,6.16,6.22,392093,8939644.00
20110420,6.20,6.33,6.19,6.29,271510,6244827.00
20110421,6.50,6.50,6.34,6.35,475478,11150164.00
20110422,6.33,6.42,6.32,6.40,349013,8147784.00
20110425,6.40,6.44,6.18,6.30,374382,8609325.00
20110426,6.24,6.28,6.02,6.03,405549,9045492.00
20110428,6.00,6.00,5.61,5.66,383814,8115569.00
20110429,5.61,5.75,5.58,5.73,269834,5624111.00
20110503,5.73,5.73,5.64,5.71,298286,6196162.00
20110504,5.64,5.64,5.44,5.56,280575,5733682.00
20110505,5.53,5.58,5.45,5.57,172385,3510268.50
20110506,5.51,5.60,5.48,5.53,125100,2542125.00
20110509,5.49,5.61,5.49,5.58,90840,1859341.00
20110510,5.60,5.60,5.53,5.59,122743,2506853.75
20110511,5.62,5.63,5.53,5.58,124615,2554325.25
20110512,5.58,5.58,5.47,5.47,129661,2630674.25
20110513,5.47,5.54,5.42,5.54,172800,3473017.25
20110516,5.54,5.72,5.53,5.61,298239,6177381.50
20110517,5.62,5.66,5.54,5.61,84195,1730042.88
20110518,5.61,5.67,5.59,5.65,73800,1525142.00
20110519,5.63,5.67,5.60,5.65,107130,2224242.75
20110520,5.65,5.69,5.50,5.50,155120,3174356.50
20110523,5.44,5.50,5.20,5.22,257736,5044572.50
20110524,5.19,5.36,5.14,5.32,240709,4673803.00
20110525,5.28,5.35,5.17,5.17,98219,1888369.25
20110526,5.22,5.22,5.11,5.12,144701,2755092.50
20110527,5.16,5.16,4.89,4.95,164654,3041550.75
20110530,4.94,5.04,4.90,4.93,203952,3733865.75
20110531,4.89,5.03,4.89,5.03,174204,3186429.00
20110601,5.03,5.05,5.00,5.04,89350,1653407.00
20110602,5.02,5.03,4.91,4.92,126460,2303740.75
20110603,4.93,5.07,4.93,5.06,138377,2552986.00
20110607,5.06,5.14,5.03,5.12,109189,2038416.00
20110608,5.11,5.14,5.00,5.08,97901,1825197.13
20110609,5.08,5.08,4.94,4.95,85150,1574863.00
20110610,4.90,5.00,4.86,5.00,147350,2666708.00
20110613,4.94,5.07,4.77,4.95,561190,10125586.00
20110614,4.91,5.07,4.90,5.03,202481,3719335.50
20110615,5.00,5.03,4.75,4.88,324530,5888495.50
20110616,4.80,4.83,4.74,4.75,187700,3306028.50
20110617,4.74,4.83,4.72,4.78,154749,2724276.50
20110620,4.75,4.75,4.61,4.64,144040,2469078.00
20110621,4.69,4.74,4.64,4.71,57450,992411.50
20110622,4.73,4.73,4.64,4.68,119750,2061408.00
20110623,4.64,4.83,4.63,4.83,290619,5115181.00
20110624,4.83,4.95,4.77,4.93,430984,7771390.00
20110627,4.97,5.01,4.91,4.96,344199,6274575.50
20110628,4.97,5.03,4.91,4.94,160800,2928994.00
20110629,4.94,4.98,4.87,4.90,216000,3906492.50
20110630,4.88,4.95,4.87,4.94,230450,4161229.00
20110701,4.97,5.03,4.94,4.98,243399,4458676.50
20110704,4.98,5.11,4.98,5.09,255440,4744751.00
20110705,5.10,5.13,5.06,5.10,236820,4431815.00
20110706,5.10,5.18,5.04,5.15,397579,7454174.50
20110707,5.13,5.32,5.12,5.26,613599,11795015.00
20110708,5.22,5.27,5.11,5.14,522140,9902695.00
20110711,5.12,5.28,5.08,5.26,388501,7378393.50
20110712,5.19,5.23,5.15,5.20,396495,7542320.50
20110713,5.17,5.38,5.16,5.33,826161,16067950.00
20110714,5.35,5.51,5.28,5.48,813765,16095223.00
20110715,5.43,5.58,5.42,5.53,650820,13126647.00
20110718,5.55,5.57,5.40,5.41,456380,9152961.00
20110719,5.37,5.38,5.22,5.24,458271,8853648.00
20110720,5.27,5.30,5.18,5.25,335357,6450732.50
20110721,5.25,5.25,5.18,5.19,243656,4663571.00
20110722,5.23,5.28,5.18,5.24,285415,5482659.50
20110725,5.22,5.23,4.94,4.94,348367,6482468.50
20110726,4.94,4.98,4.87,4.94,155996,2826705.50
20110727,4.95,5.05,4.88,5.03,225693,4136549.00
20110728,4.97,5.12,4.93,5.12,286026,5303568.00
20110729,5.14,5.17,4.97,5.01,203230,3760926.00
20110801,4.99,5.12,4.99,5.09,199272,3701751.50
20110802,5.05,5.61,5.05,5.61,2150381,42999272.00
20110803,5.72,5.98,5.62,5.80,3452774,73081800.00
20110804,5.68,5.73,5.55,5.60,1805649,37293296.00
20110805,5.41,5.45,5.28,5.38,1205749,23761550.00
20110808,5.30,5.44,4.84,4.97,1134893,21411434.00
20110809,4.82,4.94,4.62,4.85,1110778,19503556.00
20110810,5.01,5.07,4.91,4.97,983044,18024324.00
20110811,4.84,5.47,4.82,5.47,2332067,45759108.00
20110812,5.56,5.62,5.38,5.46,2271535,45680744.00
20110815,5.43,5.78,5.42,5.71,2570816,52424000.00
20110816,5.67,5.72,5.52,5.62,1578616,32378110.00
20110817,5.60,5.72,5.48,5.65,1272087,26168710.00
20110818,5.60,5.68,5.42,5.46,735300,14913096.00
20110819,5.18,5.55,5.18,5.48,896817,17819970.00
20110822,5.32,5.95,5.32,5.69,2851954,58889300.00
20110823,5.69,5.90,5.64,5.89,2394063,50595732.00
20110824,5.89,5.98,5.80,5.82,2108790,45417520.00
20110825,5.80,5.86,5.58,5.76,1360607,28410860.00
20110826,5.73,5.89,5.70,5.86,1152745,24559756.00
20110829,5.85,6.00,5.74,5.74,1192904,25650562.00
20110830,5.77,5.82,5.57,5.57,1030497,21433430.00
20110831,5.57,5.62,5.38,5.47,659657,13240676.00
20110901,5.48,5.66,5.47,5.51,731878,14937010.00
20110902,5.49,5.55,5.37,5.53,539694,10758588.00
20110905,5.46,5.51,5.29,5.32,529868,10426671.00
20110906,5.29,5.37,5.18,5.25,524234,10132031.00
20110907,5.31,5.45,5.26,5.44,670323,13165659.00
20110908,5.47,5.51,5.31,5.32,642765,12762972.00
20110909,5.34,5.39,5.28,5.32,323080,6290402.50
20110913,5.29,5.29,5.08,5.13,427970,8067712.50
20110914,5.15,5.22,5.06,5.22,276941,5226696.50
20110915,5.23,5.30,5.19,5.22,285349,5486374.00
20110916,5.23,5.31,5.19,5.20,325200,6277913.50
20110919,5.17,5.26,4.96,4.99,346152,6408094.00
20110920,4.99,5.08,4.94,5.02,251708,4621970.00
20110921,5.04,5.23,4.98,5.18,376230,7102848.00
20110922,5.18,5.28,4.99,5.00,497004,9384340.00
20110923,4.90,4.97,4.77,4.97,257559,4634275.50
20110926,4.91,4.98,4.87,4.93,199128,3599903.75
20110927,4.93,5.02,4.91,4.94,237419,4329174.50
20110928,5.02,5.02,4.79,4.87,230768,4173399.25
20110929,4.78,4.84,4.68,4.70,329320,5749392.00
20110930,4.73,4.76,4.64,4.68,88050,1522533.00
20111010,4.63,4.73,4.63,4.65,140381,2418457.25
20111011,4.80,4.87,4.53,4.60,513759,8876254.00
20111012,4.59,4.78,4.55,4.78,330160,5723977.50
20111013,4.78,4.87,4.76,4.85,356940,6331976.50
20111014,4.85,5.00,4.80,4.88,310843,5589852.00
20111017,4.95,4.98,4.87,4.95,379324,6866705.50
20111018,4.90,4.95,4.68,4.68,373708,6614256.00
20111019,4.73,4.77,4.68,4.69,200101,3464223.00
20111020,4.67,4.72,4.45,4.57,308001,5163424.50
20111021,4.54,4.59,4.50,4.51,148025,2466883.50
20111024,4.45,4.57,4.36,4.53,271987,4461560.50
20111025,4.48,4.69,4.48,4.65,297698,5061553.50
20111026,4.62,4.87,4.60,4.80,665761,11642249.00
20111027,4.80,4.84,4.71,4.77,380092,6657037.00
20111028,4.89,4.89,4.74,4.84,481807,8498838.00
20111031,4.89,4.93,4.76,4.91,677177,12084967.00
20111101,4.83,4.93,4.80,4.88,490221,8773335.00
20111102,4.82,5.05,4.77,5.04,749520,13564083.00
20111103,5.12,5.12,5.02,5.04,863820,16078139.00
20111104,5.04,5.09,4.99,5.05,381533,7058680.50
20111107,4.99,5.08,4.98,5.00,221039,4067135.75
20111108,5.00,5.08,4.91,4.99,409835,7529985.00
20111109,4.96,5.10,4.95,5.10,380458,7025059.50
20111111,5.14,5.62,5.06,5.42,3589057,71254088.00
20111114,5.31,5.46,5.31,5.42,2080423,40982484.00
20111115,5.36,5.45,5.31,5.34,843515,16581231.00
20111116,5.33,5.41,5.08,5.15,967359,18686446.00
20111117,5.10,5.29,5.10,5.20,1001073,19156102.00
20111118,5.15,5.26,5.13,5.17,910947,17361310.00
20111121,5.29,5.49,5.25,5.27,1297104,25457646.00
20111122,5.14,5.20,4.98,5.14,758017,14189656.00
20111123,5.15,5.49,5.15,5.42,1728397,33881116.00
20111124,5.34,5.37,5.21,5.35,1390546,26967268.00
20111125,5.21,5.37,5.16,5.18,1170612,22553934.00
20111128,5.15,5.24,5.13,5.23,555425,10531619.00
20111129,5.24,5.31,5.02,5.25,1274996,24061498.00
20111130,5.18,5.18,4.74,4.77,990720,17981836.00
20111201,4.85,4.99,4.83,4.88,849734,15343237.00
20111202,4.84,4.90,4.71,4.87,481052,8516917.00
20111205,4.79,4.86,4.68,4.71,190293,3329543.50
20111206,4.68,4.76,4.68,4.75,131412,2282205.00
20111207,4.69,4.89,4.66,4.83,424644,7505531.00
20111208,4.82,4.92,4.68,4.83,240133,4245329.00
20111209,4.83,4.83,4.73,4.77,137450,2407605.00
20111212,4.74,4.79,4.67,4.69,70211,1220764.88
20111213,4.66,4.66,4.47,4.49,319090,5307122.50
20111214,4.51,4.55,4.38,4.38,148364,2431766.75
20111215,4.38,4.44,4.32,4.38,246206,3968088.75
20111216,4.43,4.53,4.23,4.50,419523,6724645.00
20111219,4.44,4.53,4.37,4.51,283254,4610737.00
20111220,4.47,4.58,4.47,4.47,326251,5422561.00
20111221,4.56,4.56,4.32,4.32,138950,2279205.00
20111222,4.34,4.34,4.09,4.19,212843,3293350.50
20111223,4.15,4.29,4.15,4.21,110435,1724115.25
20111226,4.21,4.27,4.18,4.19,72601,1128204.38
20111227,4.18,4.23,4.04,4.04,142800,2159109.25
20111228,4.04,4.09,3.97,4.07,115185,1708623.63
20111229,4.03,4.11,4.02,4.02,118087,1767990.25
20111230,4.04,4.17,4.04,4.09,115543,1737484.00
20120104,4.10,4.12,3.96,3.98,156128,2330038.25
20120105,3.96,4.00,3.57,3.57,521100,7070540.50
20120106,3.52,3.61,3.43,3.57,301569,3937468.25
20120109,3.54,3.73,3.48,3.69,429609,5777025.50
20120110,3.72,3.94,3.65,3.90,860720,11992054.00
20120111,3.85,3.93,3.81,3.84,504473,7178065.00
20120112,3.86,3.91,3.79,3.82,260450,3703025.75
20120113,3.90,3.90,3.52,3.59,356399,4855540.00
20120116,3.50,3.58,3.45,3.45,139103,1811610.88
20120117,3.46,3.64,3.42,3.62,429023,5598094.50
20120118,3.64,3.65,3.43,3.44,397785,5242086.00
20120119,3.42,3.54,3.42,3.50,610606,7877651.00
20120120,3.54,3.58,3.42,3.56,822251,10750728.00
20120130,3.54,3.60,3.40,3.58,737949,9663666.00
20120131,3.53,3.53,3.43,3.50,623870,8013435.50
20120201,3.48,3.54,3.45,3.49,453092,5875815.00
20120202,3.49,3.55,3.46,3.55,357277,4643619.00
20120203,3.54,3.64,3.54,3.64,810906,10776996.00
20120206,3.64,3.70,3.60,3.67,597507,8084744.00
20120207,3.63,3.65,3.55,3.58,469651,6244493.00
20120208,3.58,3.70,3.55,3.70,579508,7846516.50
20120209,3.70,3.79,3.69,3.73,835162,11561971.00
20120210,3.73,3.78,3.69,3.76,527843,7306110.50
20120213,3.74,3.86,3.73,3.82,623187,8778977.00
20120214,3.80,3.83,3.74,3.80,490067,6855191.00
20120215,3.78,3.88,3.78,3.87,532080,7529972.00
20120216,3.92,3.92,3.79,3.86,634242,9016450.00
20120217,3.84,3.86,3.76,3.83,540353,7607924.50
20120220,3.85,3.89,3.81,3.83,532889,7572269.00
20120221,3.84,3.88,3.76,3.88,496816,7038174.00
20120222,3.87,4.00,3.87,3.98,806184,11768821.00
20120223,3.98,4.11,3.97,4.03,999543,14844380.00
20120224,4.03,4.10,4.00,4.06,706598,10534247.00
20120227,4.04,4.09,4.03,4.04,640631,9608140.00
20120228,4.01,4.06,3.92,3.98,776988,11367129.00
20120229,3.92,3.98,3.88,3.92,763149,11049092.00
20120301,3.87,4.00,3.87,3.95,590550,8607815.00
20120302,3.97,4.01,3.93,4.01,383440,5632826.50
20120305,4.01,4.07,4.00,4.01,520535,7731215.00
20120306,3.99,4.04,3.90,4.04,625877,9133472.00
20120307,4.01,4.14,4.00,4.04,974180,14687405.00
20120308,4.03,4.09,4.00,4.08,529864,7938038.50
20120309,4.09,4.17,4.07,4.15,577106,8756317.00
20120312,4.19,4.28,4.08,4.15,539189,8249221.50
20120313,4.15,4.20,4.10,4.17,569183,8688339.00
20120314,4.19,4.23,3.95,3.97,951458,14435676.00
20120315,3.97,4.00,3.82,3.88,624521,8958790.00
20120316,3.89,3.98,3.86,3.97,497589,7207988.00
20120319,4.01,4.04,3.92,4.04,382774,5644254.50
20120320,4.03,4.03,3.90,3.90,398295,5780636.50
20120321,3.92,3.95,3.83,3.92,355889,5116627.00
20120322,3.93,3.98,3.88,3.93,189949,2753750.00
20120323,3.90,3.93,3.84,3.86,246870,3531835.50
20120326,3.86,3.90,3.83,3.87,173365,2472493.50
20120327,3.91,3.91,3.83,3.84,202586,2887856.00
20120328,3.83,3.85,3.60,3.61,468669,6420188.50
20120329,3.41,3.43,3.32,3.36,920159,11531672.00
20120330,3.35,3.38,3.21,3.27,485523,5929637.50
20120405,3.27,3.42,3.25,3.37,512971,6299312.00
20120406,3.35,3.42,3.35,3.41,389434,4869323.50
20120409,3.40,3.45,3.35,3.36,374150,4715585.00
20120410,3.34,3.43,3.28,3.41,311530,3869682.00
20120411,3.39,3.43,3.36,3.39,346808,4355481.50
20120412,3.39,3.48,3.38,3.48,450474,5722606.50
20120413,3.48,3.53,3.44,3.51,422317,5455237.50
20120416,3.46,3.50,3.46,3.47,302453,3893111.25
20120417,3.46,3.48,3.40,3.42,298762,3805889.50
20120418,3.42,3.51,3.42,3.50,302727,3889172.50
20120419,3.50,3.58,3.50,3.52,229014,2995185.75
20120423,3.48,3.50,3.24,3.27,938528,11654899.00
20120424,3.24,3.28,3.12,3.20,556971,6586431.50
20120425,3.20,3.26,3.20,3.24,240423,2874245.75
20120426,3.24,3.27,3.20,3.26,231009,2775309.25
20120427,3.29,3.37,3.21,3.29,198942,2427360.75
20120502,3.30,3.38,3.30,3.35,210797,2615549.00
20120503,3.36,3.39,3.32,3.38,144513,1800314.00
20120504,3.40,3.46,3.38,3.45,190771,2427386.75
20120507,3.45,3.50,3.40,3.48,232036,2976697.75
20120508,3.49,3.51,3.46,3.47,195622,2521048.50
20120509,3.46,3.46,3.39,3.39,271956,3441078.25
20120510,3.38,3.50,3.38,3.47,350315,4495774.50
20120511,3.47,3.52,3.43,3.51,254408,3269692.75
20120514,3.53,3.54,3.45,3.45,205093,2630537.25
20120515,3.41,3.50,3.41,3.50,159654,2019213.13
20120516,3.55,3.55,3.45,3.49,123575,1590311.88
20120517,3.39,3.52,3.39,3.50,157623,2029838.25
20120518,3.50,3.57,3.45,3.48,274610,3563968.50
20120521,3.56,3.56,3.44,3.46,140810,1814233.25
20120522,3.46,3.52,3.46,3.52,109944,1412660.38
20120523,3.50,3.50,3.44,3.45,141432,1807849.25
20120524,3.42,3.48,3.38,3.40,246650,3113703.00
20120525,3.39,3.43,3.31,3.38,207274,2578836.75
20120528,3.39,3.44,3.25,3.44,170099,2092718.13
20120529,3.39,3.47,3.39,3.47,138280,1756520.13
20120530,3.39,3.51,3.39,3.50,169915,2182773.25
20120531,3.49,3.55,3.47,3.53,155182,2014600.13
20120601,3.47,3.80,3.47,3.64,714367,9680426.00
20120604,3.53,3.55,3.47,3.50,404344,5218089.00
20120605,3.45,3.53,3.45,3.53,142888,1838193.75
20120606,3.47,3.55,3.47,3.50,105480,1362204.38
20120607,3.50,3.55,3.49,3.51,83482,1081450.38
20120608,3.53,3.59,3.48,3.50,155364,2014848.75
20120611,3.49,3.61,3.48,3.61,259122,3408740.50
20120612,3.61,3.65,3.57,3.64,218488,2905378.00
20120613,3.64,3.75,3.64,3.69,288168,3914636.50
20120614,3.72,3.72,3.64,3.68,148873,2008473.38
20120615,3.64,3.80,3.64,3.76,244086,3340842.50
20120618,3.77,3.80,3.70,3.73,358500,4912104.00
20120619,3.72,3.73,3.58,3.62,616952,8238623.50
20120620,3.65,3.65,3.58,3.62,536015,7122906.00
20120621,3.62,3.65,3.56,3.58,279949,3692080.50
20120625,3.58,3.60,3.50,3.52,216498,2830959.00
20120626,3.54,3.56,3.40,3.49,198900,2560715.25
20120627,3.52,3.55,3.46,3.52,264191,3414402.50
20120628,3.52,3.53,3.47,3.47,176200,2270243.00
20120629,3.74,3.74,3.46,3.63,455340,5982456.50
20120702,3.61,3.66,3.56,3.59,321273,4259073.50
20120703,3.57,3.64,3.57,3.62,266498,3546732.25
20120704,3.60,3.63,3.55,3.57,155500,2058159.00
20120705,3.54,3.66,3.48,3.49,309810,4001679.25
20120706,3.52,3.53,3.40,3.52,232647,2970520.75
20120709,3.52,3.52,3.39,3.42,184799,2351103.00
20120710,3.38,3.42,3.33,3.34,76169,943198.69
20120711,3.32,3.33,3.22,3.27,282710,3407123.75
20120712,3.23,3.29,3.22,3.27,226810,2722340.00
20120713,3.24,3.28,3.19,3.20,129017,1544809.50
20120716,3.17,3.17,2.94,2.94,436139,4882801.00
20120717,2.94,3.01,2.93,2.99,188018,2055626.88
20120718,2.97,3.01,2.95,3.00,216455,2376028.00
20120719,2.97,3.07,2.97,3.07,196436,2202588.25
20120720,3.05,3.08,3.01,3.04,56000,629232.38
20120723,3.03,3.03,3.00,3.00,60964,678708.00
20120724,2.97,3.03,2.97,3.02,58890,657912.69
20120725,3.04,3.05,3.01,3.03,87800,986441.38
20120726,3.02,3.05,2.99,3.01,52804,589715.00
20120727,3.01,3.05,2.97,3.01,100336,1116007.25
20120730,2.98,3.03,2.84,2.92,202200,2190663.50
20120731,2.91,2.91,2.78,2.82,107308,1123840.75
20120801,2.85,2.94,2.81,2.93,160128,1719393.88
20120802,2.88,2.95,2.88,2.95,77400,837969.81
20120803,2.89,3.04,2.89,3.01,94200,1035187.50
20120806,2.97,3.03,2.94,3.02,157649,1747698.38
20120807,3.00,3.05,3.00,3.05,118399,1331348.75
20120808,3.19,3.19,3.03,3.08,170500,1947060.63
20120809,3.07,3.10,3.03,3.08,152108,1731690.63
20120810,3.05,3.12,3.05,3.08,158500,1807896.63
20120813,3.04,3.13,3.03,3.06,196933,2244595.75
20120814,3.07,3.07,3.00,3.07,93274,1049196.38
20120815,3.05,3.07,3.01,3.03,71413,797917.00
20120816,3.03,3.05,3.00,3.03,78854,884259.81
20120817,2.98,3.05,2.98,3.04,69997,781447.69
20120820,3.05,3.09,2.97,3.09,61700,693246.00
20120821,3.07,3.15,3.07,3.15,171190,1972387.25
20120822,3.10,3.17,3.05,3.15,153000,1774255.00
20120823,3.14,3.29,3.05,3.28,419200,4949483.00
20120824,3.34,3.45,3.22,3.28,947386,11735618.00
20120827,3.42,3.42,3.07,3.20,418518,4964927.00
20120828,3.18,3.21,3.10,3.19,156308,1824453.25
20120829,3.20,3.30,3.14,3.30,249558,2982091.00
20120830,3.28,3.53,3.15,3.46,519190,6349848.00
20120831,3.39,3.39,3.24,3.27,406500,4935354.50
20120903,3.24,3.26,3.17,3.22,417625,4960144.00
20120904,3.18,3.32,3.18,3.32,586104,7081370.50
20120905,3.28,3.33,3.22,3.28,352175,4270197.50
20120906,3.28,3.32,3.26,3.30,240556,2926682.75
20120907,3.33,3.44,3.30,3.39,522629,6498582.50
20120910,3.38,3.47,3.35,3.44,524899,6621498.00
20120911,3.42,3.48,3.39,3.46,353459,4489356.00
20120912,3.52,3.52,3.39,3.43,226814,2867654.50
20120913,3.44,3.50,3.35,3.36,245902,3089061.00
20120914,3.35,3.50,3.35,3.40,321456,4057100.00
20120917,3.40,3.43,3.27,3.27,260136,3197050.75
20120918,3.27,3.32,3.25,3.31,74629,910863.00
20120919,3.28,3.35,3.28,3.33,25500,312451.00
20120920,3.33,3.34,3.22,3.24,89600,1081506.63
20120921,3.25,3.35,3.17,3.22,83655,1001578.25
20120924,3.14,3.14,3.00,3.13,117900,1349734.00
20120925,3.12,3.12,3.05,3.10,82500,942141.00
20120926,3.10,3.16,3.00,3.16,112200,1269686.13
20120927,3.14,3.19,3.07,3.14,226219,2620241.50
20120928,3.14,3.20,3.10,3.20,236500,2760133.00
20121008,3.14,3.19,3.14,3.17,54727,637116.19
20121009,3.19,3.24,3.17,3.24,363399,4304172.50
20121010,3.26,3.29,3.20,3.25,213221,2557653.25
20121011,3.24,3.24,3.18,3.18,116200,1378270.00
20121012,3.18,3.22,3.17,3.18,68719,809356.31
20121015,3.20,3.23,3.12,3.14,83601,971803.56
20121016,3.10,3.18,3.10,3.15,68300,795262.00
20121017,3.17,3.19,3.12,3.16,51300,599502.00
20121018,3.12,3.19,3.12,3.17,136812,1605966.50
20121019,3.17,3.22,3.17,3.19,106491,1258018.00
20121022,3.17,3.21,3.17,3.20,171100,2015815.00
20121023,3.17,3.23,3.16,3.17,87500,1028494.00
20121024,3.15,3.18,3.12,3.16,98599,1151115.00
20121025,3.15,3.18,3.12,3.12,83699,972903.38
20121026,3.08,3.15,3.03,3.04,117900,1334474.00
20121029,3.01,3.07,3.01,3.05,109490,1226367.38
20121030,3.05,3.08,3.02,3.08,25001,282336.16
20121031,3.03,3.10,3.03,3.08,46629,530784.13
20121101,3.06,3.22,3.06,3.21,904411,10659392.00
20121102,3.21,3.35,3.18,3.35,364817,4389251.00
20121105,3.30,3.33,3.25,3.33,282710,3423249.25
20121106,3.29,3.29,3.22,3.25,106139,1274868.25
20121107,3.27,3.32,3.22,3.28,128169,1550022.63
20121108,3.23,3.26,3.22,3.22,166800,1996558.00
20121109,3.23,3.24,3.21,3.24,197240,2348227.00
20121112,3.25,3.35,3.22,3.35,243180,2947946.50
20121113,3.32,3.41,3.25,3.31,297160,3613141.75
20121114,3.31,3.40,3.25,3.31,346841,4262088.00
20121115,3.30,3.30,3.22,3.26,253624,3040326.50
20121116,3.25,3.58,3.25,3.30,404890,4906300.50
20121119,3.40,3.40,3.21,3.29,264400,3191919.00
20121120,3.25,3.32,3.21,3.23,180450,2155595.00
20121121,3.22,3.32,3.16,3.32,275348,3288717.50
20121122,3.26,3.35,3.22,3.28,894420,10771687.00
20121123,3.25,3.29,3.17,3.19,256597,3041841.75
20121126,3.19,3.21,3.09,3.13,241698,2801629.25
20121127,3.13,3.13,2.97,2.98,245319,2753239.75
20121128,2.78,2.94,2.78,2.94,245028,2588202.75
20121129,2.88,2.92,2.80,2.87,125700,1333320.00
20121130,2.87,2.87,2.83,2.86,120014,1266422.00
20121203,2.85,2.86,2.69,2.69,409399,4183185.75
20121204,2.69,2.73,2.62,2.72,239768,2374461.00
20121205,2.72,2.85,2.68,2.83,269199,2786450.75
20121206,2.79,2.85,2.77,2.80,158500,1645888.88
20121207,2.80,2.93,2.80,2.91,208413,2209878.00
20121210,2.91,2.96,2.88,2.93,158900,1718953.00
20121211,2.93,2.93,2.89,2.90,147300,1585322.00
20121212,2.86,2.94,2.86,2.91,148760,1593344.75
20121213,2.89,2.92,2.85,2.86,83800,899024.00
20121214,2.86,3.00,2.83,2.99,392174,4279247.50
20121217,3.00,3.05,2.98,3.02,264399,2951589.00
20121218,3.01,3.09,3.01,3.02,227867,2557372.25
20121219,3.02,3.07,3.02,3.05,148500,1667584.63
20121220,3.04,3.07,2.98,3.05,199196,2239765.75
20121221,3.07,3.14,2.98,3.13,298310,3390955.75
20121224,3.10,3.13,3.08,3.12,232553,2674232.00
20121225,3.12,3.27,3.12,3.25,642438,7598693.50
20121226,3.25,3.32,3.20,3.32,492049,5936991.50
20121227,3.32,3.33,3.22,3.26,415818,5020595.00
20121228,3.25,3.29,3.22,3.29,248925,2996775.50
20121231,3.28,3.30,3.23,3.30,267733,3226815.00
20130104,3.29,3.30,3.23,3.25,132228,1592528.38
20130107,3.32,3.34,3.27,3.32,222218,2710762.75
20130108,3.30,3.34,3.28,3.34,313290,3831083.25
20130109,3.37,3.37,3.27,3.31,170355,2085945.38
20130110,3.32,3.33,3.29,3.32,181250,2220401.50
20130111,3.34,3.35,3.29,3.34,396912,4860661.50
20130114,3.30,3.46,3.30,3.43,468491,5858540.50
20130115,3.43,3.49,3.36,3.43,647249,8166301.00
20130116,3.43,3.44,3.35,3.43,266602,3348922.25
20130117,3.37,3.48,3.37,3.42,416641,5273189.50
20130118,3.40,3.46,3.37,3.45,373250,4697379.00
20130121,3.45,3.46,3.40,3.44,280347,3538424.50
20130122,3.44,3.45,3.36,3.41,368095,4634156.00
20130123,3.37,3.40,3.29,3.35,350329,4309395.50
20130124,3.30,3.34,3.24,3.30,550093,6705916.00
20130125,3.26,3.29,3.25,3.26,128773,1552928.00
20130128,3.28,3.31,3.24,3.31,215636,2617581.75
20130129,3.34,3.37,3.30,3.36,412156,5081026.00
20130130,3.42,3.55,3.33,3.41,900847,11461050.00
20130131,3.37,3.44,3.30,3.32,460207,5672545.00
20130201,3.30,3.34,3.26,3.32,157621,1928991.00
20130204,3.32,3.43,3.27,3.32,252443,3078463.75
20130205,3.33,3.33,3.27,3.32,234028,2855067.25
20130206,3.35,3.35,3.28,3.31,328564,4013108.25
20130207,3.29,3.33,3.28,3.32,217222,2647199.00
20130208,3.33,3.43,3.31,3.42,339381,4211325.50
20130218,3.40,3.44,3.40,3.41,381064,4796212.00
20130219,3.40,3.43,3.36,3.38,180098,2257034.25
20130220,3.38,3.45,3.37,3.45,281330,3548837.25
20130221,3.43,3.45,3.38,3.41,384729,4849629.00
20130222,3.36,3.47,3.36,3.46,590421,7492395.00
20130225,3.46,3.69,3.46,3.64,1094436,14422577.00
20130226,3.65,3.91,3.60,3.76,1688291,23387338.00
20130227,3.80,3.80,3.55,3.68,833480,11323832.00
20130228,3.64,3.69,3.59,3.66,548114,7353421.00
20130301,3.72,3.88,3.68,3.74,577677,7984760.50
20130304,3.67,3.75,3.52,3.60,543562,7263306.00
20130305,3.57,3.65,3.53,3.64,324558,4319832.00
20130306,3.63,3.73,3.63,3.68,401655,5413895.00
20130307,3.84,3.84,3.59,3.71,482189,6604620.00
20130308,3.66,3.71,3.62,3.67,307476,4128109.00
20130311,3.61,3.65,3.58,3.63,245101,3267575.25
20130312,3.58,3.64,3.50,3.55,391160,5139060.00
20130313,3.53,3.69,3.50,3.69,571109,7541825.00
20130314,3.64,3.75,3.64,3.74,1000976,13698960.00
20130315,3.73,3.75,3.65,3.70,748217,10184112.00
20130318,3.68,3.73,3.57,3.73,769249,10363253.00
20130319,3.68,3.72,3.58,3.67,878300,11764189.00
20130320,3.65,3.69,3.60,3.67,705844,9427598.00
20130321,3.66,3.73,3.63,3.72,866524,11737936.00
20130322,3.72,3.83,3.70,3.80,974755,13598561.00
20130325,3.80,3.83,3.73,3.80,465753,6468576.00
20130326,3.75,3.76,3.45,3.53,1127448,14873864.00
20130327,3.48,3.55,3.42,3.44,664144,8558950.00
20130328,3.43,3.43,3.25,3.37,607150,7453387.00
20130329,3.35,3.36,3.31,3.35,190263,2338963.50
20130401,3.34,3.37,3.33,3.35,140165,1735235.50
20130402,3.35,3.37,3.29,3.30,186295,2285362.75
20130403,3.35,3.36,3.28,3.30,154370,1884676.88
20130408,3.25,3.36,3.19,3.36,189466,2286181.25
20130409,3.32,3.36,3.29,3.35,187831,2305461.25
20130410,3.33,3.34,3.29,3.32,89890,1102048.50
20130411,3.38,3.57,3.37,3.44,726248,9303056.00
20130412,3.36,3.47,3.33,3.38,380050,4716957.50
20130415,3.34,3.37,3.23,3.25,298991,3616422.50
20130416,3.21,3.27,3.11,3.27,289814,3425546.25
20130417,3.25,3.30,3.17,3.29,417491,5024136.50
20130418,3.24,3.28,3.18,3.27,257063,3079171.00
20130419,3.24,3.36,3.22,3.35,239933,2953048.00
20130422,3.31,3.42,3.31,3.42,283538,3540062.00
20130423,3.42,3.42,3.32,3.35,242124,3005874.50
20130424,3.35,3.42,3.30,3.40,408953,5083383.00
20130425,3.36,3.45,3.33,3.35,561624,7063616.00
20130426,3.39,3.39,3.31,3.34,340847,4219319.00
20130502,3.34,3.47,3.33,3.47,572463,7223044.00
20130503,3.50,3.57,3.48,3.49,358934,4645629.50
20130506,3.48,3.60,3.47,3.58,465854,6104352.50
20130507,3.54,3.60,3.52,3.54,225893,2947714.50
20130508,3.57,3.62,3.54,3.60,253199,3350649.75
20130509,3.60,3.64,3.56,3.60,301935,3999282.75
20130510,3.55,3.72,3.55,3.66,450596,6078964.50
20130513,3.61,3.67,3.61,3.63,243172,3259435.50
20130514,3.64,3.77,3.62,3.65,399454,5421043.50
20130515,3.67,3.77,3.61,3.76,637273,8735517.00
20130516,3.76,3.76,3.65,3.65,468933,6398223.50
20130517,3.65,3.73,3.65,3.73,435269,5916503.00
20130520,3.83,3.84,3.76,3.78,563520,7867361.50
20130521,3.84,3.85,3.76,3.84,559603,7836287.50
20130522,3.85,3.85,3.74,3.78,671993,9324801.00
20130523,3.78,3.93,3.72,3.85,755066,10692776.00
20130524,3.85,4.24,3.83,4.17,1881901,28002384.00
20130527,4.17,4.35,4.11,4.29,1311168,20323524.00
20130528,4.29,4.37,4.16,4.35,1050315,16405266.00
20130529,4.33,4.37,4.24,4.33,646655,10229977.00
20130530,4.31,4.33,4.28,4.30,349916,5520466.50
20130531,4.33,4.38,4.27,4.31,534771,8492579.00
20130603,4.20,4.30,4.17,4.23,304243,4716214.00
20130604,4.23,4.23,4.05,4.15,762446,11519577.00
20130605,3.95,4.16,3.90,4.07,488129,7203991.50
20130606,4.06,4.06,3.92,4.02,476170,7008032.50
20130607,3.95,4.06,3.95,4.02,426806,6298272.50
20130613,4.00,4.22,3.87,4.18,586620,8748839.00
20130614,4.22,4.35,4.21,4.33,727242,11482408.00
20130617,4.28,4.77,4.28,4.77,2333508,40350912.00
20130618,4.68,4.88,4.66,4.88,1742603,30484802.00
20130619,4.88,5.03,4.69,4.75,1225030,21767244.00
20130620,4.62,4.95,4.62,4.77,793051,13744933.00
20130621,4.64,4.78,4.49,4.76,866871,14718632.00
20130624,4.76,4.76,4.44,4.61,1038654,17460710.00
20130625,4.55,4.67,4.23,4.51,1179273,19524776.00
20130626,4.52,4.91,4.49,4.90,1586554,27666912.00
20130627,4.92,5.33,4.87,5.21,3270236,61807032.00
20130628,5.14,5.37,5.08,5.16,2025285,38821940.00
20130701,5.12,5.41,5.12,5.39,1381800,26960058.00
20130702,5.94,5.94,5.94,5.94,1517260,32863852.00
20130703,6.52,6.54,6.45,6.54,10667589,253655040.00
20130704,6.58,7.17,6.54,6.93,14701407,367082784.00
20130705,6.86,7.00,6.73,6.76,7763753,193746320.00
20130708,6.65,7.03,6.56,6.65,6696286,165472032.00
20130709,6.59,6.59,6.20,6.39,5931953,137686080.00
20130710,6.31,6.56,6.28,6.45,4879855,114495064.00
20130711,6.38,6.81,6.28,6.74,6254657,148619952.00
20130712,6.64,6.91,6.43,6.50,5506014,133814000.00
20130715,6.50,7.08,6.45,7.00,7274562,180109392.00
20130716,6.95,6.98,6.72,6.84,5465455,135876656.00
20130717,6.81,6.97,6.71,6.73,3984255,99005184.00
20130718,6.72,6.89,6.53,6.88,4619350,114174984.00
20130719,6.86,7.43,6.75,6.77,7248754,187602992.00
20130722,6.71,7.03,6.59,7.02,4165770,104570768.00
20130723,7.07,7.28,6.92,7.23,4994002,129052792.00
20130724,7.14,7.96,7.12,7.96,8625598,243491264.00
20130725,8.06,8.68,7.39,8.33,12800148,374408768.00
20130726,8.13,8.16,7.70,7.84,6289042,181484400.00
20130729,7.94,8.05,7.48,7.53,4832989,136712352.00
20130730,7.56,7.67,7.05,7.41,3965195,105431120.00
20130731,7.35,7.47,7.20,7.21,2803521,74834872.00
20130801,7.26,7.74,7.14,7.71,4321829,118399320.00
20130802,7.71,7.86,7.50,7.51,4014763,112159904.00
20130805,7.49,7.84,7.45,7.81,2850480,79752992.00
20130806,7.81,7.86,7.65,7.78,2877803,81051304.00
20130807,7.75,7.81,7.37,7.40,3467856,95003600.00
20130808,7.36,7.73,7.26,7.66,2991894,82220248.00
20130809,7.66,7.76,7.42,7.74,2954499,82100432.00
20130812,7.70,7.83,7.35,7.64,3035342,83827432.00
20130813,7.53,7.75,7.42,7.64,2813603,77746304.00
20130814,7.57,7.80,7.50,7.76,3483413,97460624.00
20130815,8.03,8.53,7.84,7.91,7106093,208870432.00
20130816,7.76,8.06,7.19,7.28,4462451,124846288.00
20130819,7.25,8.02,7.25,8.02,7112331,204670624.00
20130820,8.07,8.81,8.03,8.79,8473377,260832288.00
20130821,8.79,9.14,8.39,8.78,7123013,226712096.00
20130822,8.92,9.36,8.53,8.92,18531254,300396096.00
20130823,8.51,8.59,8.02,8.50,18392732,279996320.00
20130826,8.31,8.60,8.20,8.39,10132893,155003360.00
20130827,8.36,8.71,8.33,8.56,11947100,185092992.00
20130828,8.48,8.48,8.03,8.10,12857919,190648928.00
20130829,7.95,8.08,7.81,7.88,7264304,104221224.00
20130830,7.87,7.88,7.08,7.10,11185455,151467520.00
20130902,7.09,7.46,6.86,7.39,6547027,85664296.00
20130903,7.34,7.42,7.17,7.34,5191915,68971904.00
20130904,7.44,7.78,7.36,7.52,7949397,109934416.00
20130905,7.42,7.68,7.23,7.49,6205687,84039400.00
20130906,7.48,7.66,7.36,7.44,5190220,70582424.00
20130909,7.30,7.42,7.24,7.34,4694023,62454244.00
20130910,7.33,7.55,7.28,7.38,3965114,53491448.00
20130911,7.33,7.39,6.89,6.90,5444317,69420104.00
20130912,6.89,7.08,6.81,6.85,3177865,39959332.00
20130913,6.87,7.01,6.65,6.98,3842845,47873728.00
20130916,6.98,7.14,6.92,7.10,3771780,48405708.00
20130917,7.14,7.18,6.80,6.83,2955442,37371084.00
20130918,6.83,7.05,6.73,7.00,2740818,34617648.00
20130923,7.00,7.21,6.98,7.20,3714710,48036168.00
20130924,7.22,7.23,6.97,7.01,3817861,48974936.00
20130925,6.98,7.00,6.82,6.82,4227585,52839712.00
20130926,6.83,6.97,6.81,6.83,2248858,28165968.00
20130927,6.83,6.91,6.64,6.68,2899538,35498972.00
20130930,6.68,6.92,6.65,6.91,2250388,27877346.00
20131008,6.89,7.00,6.83,6.96,2999319,37754204.00
20131009,6.86,6.96,6.78,6.95,3283509,41240108.00
20131010,6.95,7.26,6.78,7.16,6638381,84924400.00
20131011,7.18,7.51,7.07,7.51,10166440,135918976.00
20131014,7.54,7.58,7.35,7.54,6554431,88686480.00
20131015,7.66,7.83,7.29,7.34,7430487,100941632.00
20131016,7.25,7.28,6.79,6.96,4546125,57935684.00
20131017,6.97,7.24,6.97,7.03,3640675,47229244.00
20131018,7.04,7.22,7.04,7.13,2312072,30070426.00
20131021,7.14,7.51,7.13,7.43,4697840,63050296.00
20131022,7.42,7.61,7.38,7.50,6146039,83744224.00
20131023,7.48,7.49,7.08,7.13,3702479,48416036.00
20131024,7.11,7.13,6.81,6.86,2958380,37343284.00
20131025,6.85,6.94,6.37,6.48,3427829,41519284.00
20131028,6.58,6.58,6.42,6.55,1685237,20019988.00
20131029,6.51,6.57,5.89,6.06,3888960,43328564.00
20131030,6.03,6.11,5.62,6.09,3687616,39494896.00
20131031,5.97,5.98,5.78,5.82,2028516,21673274.00
20131101,5.75,5.84,5.68,5.75,1409363,14769369.00
20131104,5.80,5.97,5.75,5.82,1636435,17454858.00
20131105,5.76,5.97,5.70,5.95,1863833,19988516.00
20131106,5.95,6.02,5.84,5.84,2063806,22336686.00
20131107,5.84,5.89,5.67,5.69,1672476,17610380.00
20131108,5.69,5.74,5.56,5.63,1213055,12495173.00
20131111,5.63,5.80,5.58,5.79,1465215,15248518.00
20131112,5.76,5.91,5.70,5.91,2239229,23738736.00
20131113,5.86,5.91,5.67,5.70,1504933,15951984.00
20131114,5.70,5.89,5.60,5.82,1763131,18615444.00
20131115,5.80,6.05,5.80,5.98,3445150,37591312.00
20131118,5.99,6.15,5.99,6.09,3158914,34934356.00
20131119,6.09,6.70,6.00,6.70,5849552,68735824.00
20131120,6.86,7.20,6.86,7.05,12142844,155144832.00
20131121,7.05,7.12,6.74,6.81,6620283,82499784.00
20131122,6.71,6.84,6.60,6.61,3776292,46073936.00
20131125,6.64,7.06,6.50,6.98,5338147,66934748.00
20131126,6.98,7.02,6.76,6.82,3044897,37959200.00
20131127,6.84,7.30,6.77,7.09,6376671,82303392.00
20131128,7.06,7.52,6.98,7.33,9055524,120917968.00
20131129,7.36,7.43,7.11,7.30,5741670,75870696.00
20131202,7.08,7.08,6.56,6.56,4351021,52781308.00
20131203,6.25,6.36,5.90,6.31,5961231,65813044.00
20131204,6.17,6.40,6.08,6.13,3858645,44224968.00
20131205,6.20,6.21,6.02,6.06,2706196,30106472.00
20131206,6.06,6.13,5.98,6.06,1911141,21021954.00
20131209,6.09,6.23,6.09,6.18,1742551,19597812.00
20131210,6.18,6.24,6.06,6.10,1655322,18495900.00
20131211,6.10,6.16,6.05,6.10,1444079,16088039.00
20131212,6.10,6.23,6.09,6.17,1962225,22095724.00
20131213,6.14,6.80,6.14,6.80,6702165,81399736.00
20131216,7.15,7.49,7.15,7.24,17153781,228404048.00
20131217,7.00,7.46,6.96,7.25,12137023,159653680.00
20131218,7.13,7.95,6.98,7.86,14152988,192730112.00
20131219,7.68,7.89,7.56,7.62,10051743,140748288.00
20131220,7.48,7.98,7.36,7.76,9801943,137875264.00
20131223,7.56,7.66,7.09,7.25,8772018,116846488.00
20131224,7.26,7.99,7.15,7.99,15671150,218653360.00
20131225,7.83,8.68,7.76,8.36,19380428,286912832.00
20131226,8.25,9.20,8.14,9.10,21350082,341417792.00
20131227,8.81,9.50,8.81,9.16,19179996,319382048.00
20131230,9.11,10.09,9.02,10.09,19315784,337376896.00
20131231,9.88,9.89,9.07,9.08,17727547,301042144.00
20140102,8.96,9.88,8.93,9.35,14540345,249309776.00
20140103,9.24,9.31,8.76,8.99,12998085,212459248.00
20140106,8.85,9.30,8.84,8.93,10306316,169488256.00
20140107,8.78,8.80,8.31,8.65,9339033,145513808.00
20140108,8.69,8.85,8.54,8.80,9385547,148872720.00
20140109,8.80,8.80,8.20,8.21,8993222,138540656.00
20140110,8.24,8.53,8.11,8.34,6696760,101622872.00
20140113,8.39,8.85,8.39,8.83,9443148,148953312.00
20140114,9.03,9.71,9.03,9.71,10674245,184497376.00
20140115,10.53,10.53,9.92,10.08,21886948,404148672.00
20140116,10.09,11.06,9.96,10.19,23214253,441761440.00
20140117,9.89,10.59,9.77,10.26,14390137,267416000.00
20140120,10.14,10.36,9.40,9.65,12154117,215672704.00
20140121,9.64,10.62,9.64,10.62,13484779,247842160.00
20140122,11.03,11.69,10.93,11.69,25572371,527767136.00
20140123,11.42,12.85,11.21,12.28,22467946,481092416.00
20140124,12.06,12.85,11.95,12.00,17617189,392592640.00
20140127,11.88,12.70,11.69,11.95,14188718,314573248.00
20140128,11.67,13.15,11.67,13.15,16216848,367393600.00
20140129,13.48,14.19,12.83,13.59,18978862,463469984.00
20140130,13.48,14.23,13.24,13.63,11824606,294704416.00
20140207,13.48,14.95,13.28,14.76,11934242,310355360.00
20140210,14.75,15.03,14.10,14.91,12323807,325948704.00
20140211,14.70,16.21,14.65,15.75,14632393,413767904.00
20140212,15.56,16.13,14.98,15.96,11441216,321841760.00
20140213,15.59,15.71,14.36,14.36,14369053,385679360.00
20140214,13.86,14.62,13.64,14.16,11203077,287769056.00
20140217,14.11,14.89,14.10,14.53,9947041,261272160.00
20140218,14.70,14.70,13.70,13.83,12517652,318161280.00
20140219,13.73,14.42,13.73,14.11,9042072,231114032.00
20140220,14.09,14.36,13.82,14.33,9269289,236956224.00
20140221,14.20,14.60,14.00,14.15,7086787,183583056.00
20140224,13.92,14.34,13.69,14.32,5870490,150287616.00
20140225,14.32,15.41,13.91,14.03,14998583,402077312.00
20140226,13.25,13.42,12.62,12.68,11497318,266099040.00
20140227,12.63,12.97,11.45,11.63,12725082,280109280.00
20140228,11.78,12.14,11.25,12.01,8124054,172764480.00
20140303,11.86,12.23,11.79,12.11,7546755,164073744.00
20140304,11.94,12.04,11.39,11.78,7033700,149478768.00
20140305,11.91,12.33,11.90,12.10,8289150,182508800.00
20140306,12.14,12.25,11.63,12.20,5473884,118675640.00
20140307,12.14,12.82,11.96,12.56,8777058,199205616.00
20140310,12.14,12.14,11.30,11.30,6055959,126601968.00
20140311,10.84,11.35,10.70,10.95,5549789,110593760.00
20140312,10.92,11.19,10.54,10.85,4035776,79431712.00
20140313,10.92,11.36,10.75,11.31,4940283,99209272.00
20140314,11.23,11.48,11.08,11.31,4315033,88498776.00
20140317,11.25,12.42,11.20,12.11,6742584,144821568.00
20140318,11.94,12.28,11.93,11.95,5809776,127157144.00
20140319,11.78,11.92,11.51,11.59,4463527,94293048.00
20140320,11.50,11.75,10.48,10.49,5655094,114598296.00
20140321,10.36,10.86,10.04,10.65,4433744,83935992.00
20140324,10.66,10.76,10.26,10.31,3883596,73430072.00
20140325,10.25,10.66,10.16,10.56,3645732,69351232.00
20140326,10.48,11.02,10.48,10.82,5504805,108347296.00
20140327,10.75,10.75,9.91,9.94,6408424,118656024.00
20140328,9.83,9.94,9.48,9.74,4985129,87647128.00
20140331,9.76,9.99,9.57,9.94,3342617,59543792.00
20140401,9.85,10.19,9.84,10.16,4199744,76700968.00
20140402,10.06,10.19,9.70,10.09,4202125,75805248.00
20140403,10.03,10.59,9.90,10.22,5595188,104384264.00
20140404,10.09,10.45,9.98,10.43,4243571,78643744.00
20140408,10.21,10.64,10.01,10.57,5281493,99917312.00
20140409,10.58,11.00,10.54,10.89,7681496,150734160.00
20140410,10.80,10.96,10.59,10.60,6432734,126019032.00
20140411,10.42,10.54,10.25,10.38,3972448,74675872.00
20140414,10.42,10.64,10.31,10.48,2821474,53685564.00
20140415,10.46,10.86,10.32,10.64,5438518,105255840.00
20140416,10.54,10.60,10.31,10.41,3371535,63811016.00
20140417,10.47,10.72,10.43,10.46,3116594,59728360.00
20140418,10.48,11.39,10.36,10.98,8720773,173603200.00
20140421,10.75,11.00,10.53,10.56,5211154,101768096.00
20140422,10.43,10.63,9.75,9.98,4892998,89255488.00
20140423,9.97,10.06,9.77,9.83,2038855,36617964.00
20140424,9.78,9.91,9.37,9.63,3250191,56925316.00
20140425,9.64,10.07,9.50,9.53,4149517,74247104.00
20140428,9.25,9.36,8.61,8.62,4169063,67380312.00
20140429,8.56,8.90,8.54,8.86,2509691,40020488.00
20140430,8.93,9.08,8.82,8.91,2177984,35313912.00
20140505,8.81,9.18,8.78,9.18,3005876,49385244.00
20140506,9.11,9.46,8.98,9.31,3965909,66831740.00
20140507,9.31,9.31,8.77,8.77,3425628,56221552.00
20140508,8.73,9.51,8.70,9.00,4674097,77751736.00
20140509,8.86,9.01,8.70,8.73,2840665,45454748.00
20140512,8.81,9.12,8.70,9.09,2893317,46983236.00
20140513,9.14,9.35,8.99,9.01,2729861,45367836.00
20140514,9.02,9.17,8.99,9.06,2246522,37003424.00
20140515,9.02,9.17,8.61,8.63,3380115,54339872.00
20140516,8.59,8.69,8.25,8.45,2918845,44681152.00
20140519,8.41,8.68,8.41,8.64,2738442,42767920.00
20140520,8.67,9.03,8.67,8.80,4250067,68499528.00
20140521,8.76,9.00,8.60,9.00,2783196,44476600.00
20140522,8.94,9.14,8.86,8.89,3200751,52415924.00
20140523,8.86,9.33,8.86,9.25,5043661,83597144.00
20140526,9.31,9.69,9.26,9.55,6726530,115862304.00
20140527,9.42,9.53,9.29,9.37,3951127,67363256.00
20140528,9.32,9.57,9.21,9.53,4648588,79800848.00
20140529,9.59,9.65,9.23,9.28,4107741,69924216.00
20140530,9.25,9.42,9.20,9.25,2709387,45844652.00
20140603,9.42,9.63,9.08,9.08,3455599,58888088.00
20140604,8.98,9.14,8.82,9.14,3591015,58356424.00
20140605,9.14,9.66,9.06,9.66,6169423,105617784.00
20140606,9.68,10.45,9.64,9.91,13621753,250226336.00
20140609,9.70,10.39,9.64,10.33,10548919,194889584.00
20140610,9.95,10.18,9.37,10.09,11812900,209743584.00
20140611,9.92,10.79,9.83,10.65,13935957,261980432.00
20140612,10.49,10.92,10.41,10.52,10376984,199268672.00
20140613,10.53,10.72,10.33,10.58,7250038,137973280.00
20140616,10.54,10.56,10.22,10.33,7305969,137214976.00
20140617,10.35,10.71,10.23,10.39,7245192,137791936.00
20140618,10.29,10.43,9.88,9.93,5583513,102044296.00
20140619,9.86,10.03,8.98,9.16,6440323,111438352.00
20140620,9.09,9.39,9.04,9.37,3559871,59558388.00
20140623,9.44,9.59,9.38,9.48,3264191,56266252.00
20140624,9.47,10.16,9.43,9.83,7179794,128190848.00
20140625,9.77,9.77,9.43,9.46,5386016,93511800.00
20140626,9.54,9.93,9.54,9.86,5964611,105650416.00
20140627,9.89,10.05,9.81,9.93,6736092,121495544.00
20140630,10.09,10.16,9.83,10.16,5653577,102842664.00
20140701,10.26,10.26,9.99,10.04,4795695,87793816.00
20140702,10.05,10.63,10.05,10.63,10166195,190386720.00
20140703,10.63,10.98,10.38,10.41,11968542,232033264.00
20140704,10.39,10.85,10.29,10.67,8827710,170094240.00
20140707,10.68,10.80,10.33,10.56,5496995,104589568.00
20140708,10.48,10.68,10.24,10.68,6627665,125748992.00
20140709,10.60,10.64,9.93,9.96,7394270,137918112.00
20140710,9.93,10.11,9.74,9.76,4209175,75724056.00
20140711,9.81,9.99,9.66,9.88,2968838,53234368.00
20140714,9.87,10.18,9.76,10.16,3510474,63576744.00
20140715,10.10,10.27,9.81,9.95,3379713,61055080.00
20140716,9.94,9.96,9.54,9.67,3011866,53115072.00
20140717,9.67,9.77,9.56,9.68,2103233,36823660.00
20140718,9.69,9.74,9.27,9.30,2568898,44411272.00
20140721,9.33,9.52,9.06,9.46,2802311,47049700.00
20140722,9.48,9.63,9.42,9.60,2365297,41010080.00
20140723,9.54,9.58,9.08,9.20,3253455,54754592.00
20140724,9.28,9.28,8.77,8.99,2831182,46084940.00
20140725,8.91,9.15,8.91,9.03,1834931,30059294.00
20140728,9.10,9.36,9.02,9.29,2534570,42202340.00
20140729,9.32,9.46,9.28,9.41,2598121,44179760.00
20140730,9.70,10.01,9.61,9.77,7257476,129013480.00
20140731,9.63,9.74,9.58,9.68,3741379,65393300.00
20140801,9.69,10.16,9.69,9.74,5842832,105076712.00
20140804,9.74,9.76,9.53,9.70,2884972,50444080.00
20140805,9.69,10.13,9.54,10.02,6417651,115485648.00
20140806,9.94,10.11,9.88,9.92,3777846,68296344.00
20140807,9.92,9.98,9.73,9.76,2975937,53236336.00
20140808,9.71,9.91,9.71,9.82,2395074,42730124.00
20140811,9.81,10.16,9.81,10.07,4783754,86820104.00
20140812,10.07,10.17,9.91,10.02,3806197,69123448.00
20140813,10.07,10.07,9.77,9.93,3384910,60713068.00
20140814,9.88,10.16,9.88,10.08,5961789,108635312.00
20140815,10.16,10.36,10.06,10.31,6109698,113044360.00
20140818,10.31,10.54,10.17,10.48,6799721,127483928.00
20140819,10.49,10.63,10.27,10.42,6460449,122163720.00
20140820,10.56,10.82,10.37,10.44,8832799,169512496.00
20140821,10.38,10.54,10.17,10.54,5969827,111739448.00
20140822,10.47,10.68,10.39,10.64,7516892,143975712.00
20140825,10.66,10.75,10.32,10.34,5159163,98081712.00
20140826,10.27,10.36,9.88,10.05,4797764,87733576.00
20140827,10.06,10.35,10.06,10.09,2626705,48154028.00
20140828,10.09,10.15,9.86,10.03,3376453,61062732.00
20140829,9.94,10.23,9.94,10.21,3282025,60274040.00
20140901,10.26,10.35,10.11,10.35,3881404,71974528.00
20140902,10.39,10.54,10.36,10.48,4937960,93472120.00
20140903,10.51,11.54,10.34,11.54,16617541,330325920.00
20140904,11.77,12.23,11.60,12.01,21675616,467900320.00
20140905,11.88,12.10,11.63,11.82,9359202,199857424.00
20140909,11.85,12.41,11.61,12.10,11550996,251752320.00
20140910,11.92,12.29,11.85,12.26,9711618,213532112.00
20140911,12.20,12.38,11.72,12.08,12885944,280820608.00
20140912,11.93,12.07,11.83,12.03,5572833,120582680.00
20140915,12.02,12.37,11.93,12.13,8430623,185997152.00
20140916,12.13,12.18,11.16,11.26,7791964,165001568.00
20140917,11.20,11.46,11.11,11.43,3905486,79724936.00
20140918,11.46,11.58,11.32,11.39,3054452,63299432.00
20140919,11.39,11.50,11.25,11.45,3179843,65509652.00
20140922,11.46,11.48,10.91,11.02,4823550,97252024.00
20140923,11.02,11.26,10.99,11.20,3135426,63332296.00
20140924,11.12,11.48,11.11,11.33,4948596,101767256.00
20140925,11.35,11.63,11.24,11.27,4661420,96771792.00
20140926,11.32,11.59,11.22,11.58,4935053,102743008.00
20140929,11.63,11.69,11.49,11.64,4551904,95489136.00
20140930,11.67,11.71,11.54,11.60,3420265,71879776.00
20141008,11.64,11.69,11.33,11.56,3609455,75079824.00
20141009,11.56,11.59,11.28,11.48,4507017,93408024.00
20141010,11.47,11.47,11.22,11.24,3846548,78802592.00
20141013,11.08,11.21,10.92,11.17,3294301,65818256.00
20141014,11.12,11.30,11.01,11.03,2945393,59551172.00
20141015,10.92,10.99,10.67,10.83,4659684,91211264.00
20141016,10.74,11.03,10.70,10.87,3662774,72153376.00
20141017,10.82,10.94,10.51,10.69,3209395,62010328.00
20141020,10.66,11.12,10.66,11.11,3447346,68208784.00
20141021,11.11,11.13,10.86,10.88,2574216,51234792.00
20141022,10.84,11.13,10.84,10.91,2355090,46848056.00
20141023,10.89,10.98,10.38,10.44,2661423,51096420.00
20141024,10.46,10.67,10.38,10.49,1537312,29240640.00
20141027,10.53,10.62,10.27,10.59,1290089,24595604.00
20141028,10.54,10.92,10.54,10.88,2602815,51018160.00
20141029,10.96,11.57,10.93,11.36,7287842,149456096.00
20141030,11.43,11.50,11.20,11.35,3792097,77962896.00
20141031,11.37,11.44,11.06,11.14,3359293,68065256.00
20141103,11.18,11.70,11.16,11.70,5774150,120121864.00
20141104,11.94,12.04,11.48,11.49,8602981,183634992.00
20141105,11.28,11.43,11.10,11.26,3770965,77008560.00
20141106,11.29,11.85,11.24,11.81,5456414,114221352.00
20141107,11.87,11.96,11.33,11.44,5063654,106846120.00
20141110,11.47,11.70,11.39,11.64,3503185,73405120.00
20141111,11.60,11.62,10.84,11.02,4388492,88905816.00
20141112,10.86,11.09,10.82,11.03,2460345,48857888.00
20141113,11.02,11.02,10.49,10.62,3078988,59560548.00
20141114,10.60,10.71,10.50,10.63,1362037,26190242.00
20141117,10.53,10.94,10.53,10.82,1987054,38901356.00
20141118,10.71,10.85,10.61,10.72,1508159,29288694.00
20141119,10.77,11.02,10.64,10.89,2457091,48300444.00
20141120,10.77,10.82,10.66,10.69,1541120,29964392.00
20141121,10.69,11.09,10.66,10.97,3375535,66939872.00
20141124,10.97,11.07,10.81,10.96,2774608,54818468.00
20141125,10.96,11.71,10.96,11.60,6247186,130272392.00
20141126,11.85,11.98,11.59,11.65,7654537,163040128.00
20141127,11.68,12.82,11.48,12.82,10957254,239135600.00
20141128,12.66,13.74,12.57,13.05,14443124,343950176.00
20141201,12.82,14.35,12.61,14.24,13901337,345153600.00
20141223,12.81,12.81,12.81,12.81,396200,9183916.00
20141224,11.52,12.26,11.52,11.79,15259606,322435328.00
20141225,11.62,11.68,11.04,11.38,11238782,231027680.00
20141226,11.29,11.46,11.04,11.12,7907028,160201248.00
20141229,11.12,11.13,10.01,10.12,12189438,227714000.00
20141230,10.03,10.11,9.61,9.67,7389474,131676448.00
20141231,9.68,10.01,9.67,9.79,4962820,88025504.00
20150105,9.82,9.87,9.02,9.39,5596223,94801552.00
20150106,9.38,10.01,9.27,9.93,7099826,125224320.00
20150107,9.94,10.12,9.76,9.87,5005936,90052608.00
20150108,9.77,10.37,9.69,10.06,7074827,129182784.00
20150109,9.98,10.37,9.86,9.87,5764327,105420432.00
20150112,9.71,9.98,9.44,9.61,3409091,60170020.00
20150113,9.61,10.17,9.51,10.06,4896568,88024264.00
20150114,10.04,10.21,9.85,9.99,3674626,66722540.00
20150115,10.06,10.27,9.81,9.90,3809924,68872512.00
20150116,9.85,10.18,9.82,10.08,4409290,80194680.00
20150119,9.82,10.54,9.68,10.07,7002275,129550440.00
20150120,10.18,10.67,10.11,10.62,7966036,149975648.00
20150121,10.62,11.41,10.42,11.07,11681446,231005792.00
20150122,10.93,11.18,10.83,11.14,6865306,137281696.00
20150123,11.16,11.21,10.66,10.67,6045278,118888088.00
20150126,10.52,10.88,10.52,10.83,3394296,66212952.00
20150127,10.73,10.77,10.39,10.64,5424807,104014528.00
20150128,10.59,10.96,10.54,10.66,5008349,97637464.00
20150129,10.53,10.69,10.43,10.52,2765694,52875132.00
20150130,10.61,10.73,10.38,10.43,2817614,54014884.00
20150202,10.12,10.37,10.10,10.15,2478908,45908832.00
20150203,10.15,10.53,10.15,10.42,2561114,48196192.00
20150204,10.45,11.03,10.27,10.83,8019226,155632336.00
20150205,10.71,11.32,10.59,10.99,9845496,196386896.00
20150206,10.94,11.09,10.52,10.59,4700491,91875256.00
20150209,10.57,10.71,10.10,10.15,3408750,63752848.00
20150210,10.11,10.45,10.05,10.41,2042514,38078960.00
20150211,10.41,10.64,10.35,10.39,2233464,42426996.00
20150212,10.44,10.93,10.43,10.74,3488000,67678224.00
20150213,10.74,10.98,10.72,10.84,3519755,69222296.00
20150216,10.85,11.21,10.85,11.19,4673509,93701216.00
20150217,11.28,11.28,10.95,10.99,4072359,81384000.00
20150225,11.04,11.88,10.98,11.47,7635705,158125488.00
20150226,11.38,11.53,11.06,11.29,4914132,100311688.00
20150227,11.24,11.92,11.24,11.59,7308546,154106208.00
20150302,11.44,12.09,11.44,12.09,8299544,177689232.00
20150303,12.10,12.28,11.71,11.74,8453405,183441072.00
20150304,11.69,11.98,11.43,11.98,6565953,139481344.00
20150305,11.98,12.14,11.60,11.78,5557151,118888400.00
20150306,11.79,12.07,11.08,11.36,6902802,146106416.00
20150309,11.15,12.50,11.15,12.50,4777479,104494056.00
20150310,13.76,13.76,13.14,13.66,26581308,653232320.00
20150311,13.21,14.62,13.13,13.89,23475315,587588224.00
20150312,13.66,14.10,12.72,12.93,15934884,385953888.00
20150313,13.16,13.77,12.92,13.38,11565576,279332480.00
20150316,13.54,14.04,13.38,13.80,12752014,316426848.00
20150317,13.75,14.07,13.27,13.53,15125958,372801120.00
20150318,13.39,13.98,13.29,13.88,12071778,298747424.00
20150319,14.04,15.27,14.04,14.52,19564751,524788608.00
20150320,14.05,14.67,14.01,14.34,12992075,334465472.00
20150323,14.31,15.26,14.27,15.18,14604181,390208192.00
20150324,15.67,16.71,15.31,16.71,20661402,611092416.00
20150325,17.53,18.39,17.27,18.39,9875592,322524416.00
20150326,19.87,19.87,17.48,17.71,28013004,942006720.00
20150327,17.18,17.66,16.87,17.41,12717930,396278016.00
20150330,17.51,17.51,16.16,16.77,12283623,370561696.00
20150331,16.59,17.42,16.43,16.92,11866657,363828576.00
20150401,16.79,17.91,16.57,17.38,12753199,397932736.00
20150402,17.07,17.58,16.93,17.58,11830673,369185280.00
20150403,17.22,17.92,16.93,17.32,11376132,357478464.00
20150407,17.58,17.81,17.05,17.77,12298109,387712352.00
20150408,17.96,19.54,17.43,18.84,18725156,622334912.00
20150409,18.53,18.54,16.96,17.84,11598351,371485696.00
20150616,19.63,19.63,19.63,19.63,235813,8354854.50
20150617,21.60,21.60,21.60,21.60,77301,3012420.00
20150618,23.77,23.77,23.77,23.77,78317,3357449.75
20150619,24.95,26.15,23.77,25.01,19356545,890245824.00
20150623,23.39,25.50,22.50,22.50,14014283,589190464.00
20150624,22.73,23.62,21.74,22.90,10704581,440180096.00
20150625,23.84,25.19,22.73,23.50,16800936,743695808.00
20150626,21.62,22.12,21.14,21.14,7687007,295380736.00
20150629,21.06,21.18,19.03,19.03,9065630,316062016.00
20150630,17.37,20.22,17.12,19.82,8590029,285849664.00
20150701,19.32,20.44,17.83,17.83,7878551,276727840.00
20150702,16.39,17.16,16.04,16.04,5368882,158359392.00
20150703,15.01,16.62,14.43,14.43,8802597,238358512.00
20150706,15.88,15.88,12.98,12.98,11316561,284742144.00
20150714,14.28,14.28,14.28,14.28,59165,1526457.00
20150715,15.72,15.72,12.87,12.95,14961221,396558976.00
20150716,12.84,13.81,11.65,13.55,10840729,253763120.00
20150717,13.64,14.91,13.55,14.80,8919858,232135024.00
20150720,14.89,16.28,14.38,16.28,12882357,359188960.00
20150721,15.62,17.03,15.51,16.61,11185851,330947232.00
20150722,16.51,18.27,16.21,17.89,13055328,401529664.00
20150723,17.70,19.59,17.44,18.42,13792040,459428640.00
20150724,18.60,19.27,16.78,17.48,9911803,330759648.00
20150727,17.62,18.89,16.09,16.59,13670980,438838432.00
20150728,15.34,18.26,15.30,18.26,10215532,313721216.00
20150729,19.81,20.09,18.27,20.09,18482625,648562560.00
20150730,19.39,21.89,19.15,20.22,17533660,650705856.00
20150731,19.89,21.89,19.78,20.79,13870084,526560800.00
20150803,19.96,20.20,18.71,18.71,8891750,302976032.00
20150804,18.28,20.58,17.37,20.58,13665086,467901248.00
20150805,19.96,20.82,19.16,19.39,10988045,397406528.00
20150806,18.24,20.32,17.92,18.92,8669839,302712864.00
20150807,19.07,19.84,18.73,19.19,6165736,215308944.00
20150810,19.28,20.70,19.28,20.17,9535784,344406752.00
20150811,19.91,20.28,19.35,19.57,6632026,236707328.00
20150812,19.19,21.53,19.12,21.53,7065083,266707696.00
20150813,21.67,22.31,20.62,21.90,12950258,501112864.00
20150814,21.66,21.90,20.95,21.14,7856176,302976800.00
20150817,20.87,20.87,19.52,20.63,7127407,260730896.00
20150818,20.51,22.67,19.03,19.17,11946805,454577408.00
20150819,18.06,20.37,17.37,19.79,8842443,298862432.00
20150820,19.39,19.86,18.56,18.56,5043903,173788656.00
20150821,17.90,18.56,16.70,16.70,5102001,161896800.00
20150824,15.51,16.17,15.03,15.03,3177259,87539080.00
20150825,13.52,14.37,13.52,13.52,5493072,136137056.00
20150826,13.93,14.88,13.01,14.28,8128210,208047072.00
20150827,14.34,15.72,14.34,15.72,6341408,174448416.00
20150828,16.63,17.24,16.07,17.11,6618561,200404944.00
20150831,16.62,16.79,15.67,15.67,3635584,106787192.00
20150901,15.12,15.66,14.10,14.10,3814128,99764920.00
20150902,12.83,14.89,12.68,12.84,4243867,103299104.00
20150907,13.27,13.94,13.06,13.60,3430894,84103632.00
20150908,13.51,14.97,13.43,14.97,4003304,104571704.00
20150909,15.84,16.47,15.78,16.47,6666757,196690368.00
20150910,16.06,17.73,15.86,16.86,8263099,248724448.00
20150911,16.73,18.01,16.49,16.99,6005491,184591344.00
20150914,17.01,17.10,15.29,15.29,5271258,150710992.00
20150915,14.01,15.32,14.01,14.12,4228337,110886752.00
20150916,14.56,15.53,14.40,15.53,4409384,120031640.00
20150917,15.84,17.00,15.57,15.94,7845302,232582704.00
20150918,16.06,17.51,15.70,17.44,6956900,209461760.00
20150921,17.17,18.28,16.88,17.97,5527328,175787568.00
20150922,17.98,18.56,17.18,17.73,6113765,196674352.00
20150923,17.29,18.39,16.62,17.51,6371544,203424256.00
20150924,17.34,19.26,17.34,19.26,7332152,244252800.00
20150925,18.84,19.88,17.34,17.64,6844616,229622816.00
20150928,17.83,19.42,17.64,19.42,4603065,158041536.00
20150929,19.89,20.88,18.97,20.06,8968948,321815776.00
20150930,20.40,20.89,19.05,19.53,5544603,196951504.00
20151008,20.39,21.49,19.67,20.76,6561905,244989648.00
20151009,20.51,22.84,20.43,22.45,7725152,306666944.00
20151012,22.39,23.80,21.89,22.11,11090204,455719680.00
20151013,21.66,22.87,21.62,22.28,5959554,240035264.00
20151014,21.96,22.84,21.28,21.34,7971622,316255936.00
20151026,23.48,23.48,22.98,23.48,5504852,233064688.00
20151027,22.95,23.51,21.13,23.01,9787920,392132864.00
20151028,22.45,22.84,21.67,21.78,6247236,250401008.00
20151029,22.28,22.72,21.51,21.68,5411261,216319536.00
20151030,21.49,21.74,20.16,20.76,6680750,250810192.00
20151102,20.06,21.37,19.51,19.87,5221030,193956880.00
20151103,20.22,20.37,19.69,20.12,3839477,138331936.00
20151104,20.46,21.76,20.46,21.57,5558647,212850320.00
20151105,21.57,21.89,20.51,20.93,6381496,243545520.00
20151106,20.79,23.00,20.79,22.12,6609306,265864992.00
20151109,21.92,24.33,21.46,23.88,9999879,415455200.00
20151110,23.45,24.56,23.19,23.74,5881082,251870224.00
20151111,23.78,24.94,23.28,24.45,5456337,239596176.00
20151112,24.56,24.78,23.39,23.72,4771720,206201744.00
20151113,23.78,26.10,23.62,24.49,11615951,529459264.00
20151116,23.29,26.95,23.29,26.95,11225096,516969280.00
20151117,27.20,27.73,25.34,25.62,12316816,587961728.00
20151118,25.59,26.01,23.73,23.84,5472671,247097280.00
20151119,24.17,24.88,23.84,24.51,5345018,236165136.00
20151120,24.81,25.84,24.68,25.17,4958059,225060144.00
20151123,25.01,26.24,24.17,24.98,5951725,270848160.00
20151124,25.45,26.06,24.28,24.39,6046008,272167680.00
20151125,24.28,25.51,23.82,25.08,6327949,280404576.00
20151126,24.96,25.10,23.95,24.04,4708440,207633824.00
20151127,23.84,24.50,21.65,21.94,4514120,189669344.00
20151130,21.95,22.20,19.89,21.51,6656494,253755008.00
20151201,21.24,22.16,21.06,21.63,3783185,147643552.00
20151202,21.62,21.78,20.01,21.03,3483189,131477632.00
20151203,21.31,22.42,21.12,22.33,4316391,171282720.00
20151204,22.21,23.40,22.21,22.62,4762576,197123536.00
20151207,22.45,23.26,22.45,22.73,2723599,111751432.00
20151208,22.66,24.03,22.07,22.98,4218656,173768944.00
20151209,22.40,23.01,22.36,22.51,2660436,108455136.00
20151210,22.51,22.82,22.17,22.48,2212515,90081688.00
20151211,22.19,22.85,22.19,22.43,2159169,87974160.00
20151214,22.17,22.77,21.62,22.73,2336251,93746016.00
20151215,22.89,23.72,22.73,23.07,2857873,119419248.00
20151216,23.28,24.94,23.28,24.60,5994497,262841072.00
20151217,24.57,25.69,24.52,25.22,5248958,239047664.00
20151218,25.51,26.51,24.82,25.33,5173587,240096320.00
20151221,25.01,25.51,24.88,25.10,2824347,128536792.00
20151222,25.39,25.72,24.89,25.25,1980384,90177424.00
20151223,25.26,25.39,23.84,24.26,3156778,140297520.00
20151224,24.34,25.50,24.08,25.50,2602612,116108104.00
20151225,25.78,25.97,24.81,24.85,3006946,138009328.00
20151228,24.83,25.84,24.42,24.48,2950923,133276120.00
20151229,24.41,24.83,24.12,24.62,1645064,72661904.00
20151230,24.73,26.88,24.63,26.26,4423427,206748992.00
20151231,26.45,26.50,25.73,25.76,2974804,139994720.00
20160104,25.56,25.95,23.18,23.18,2496233,108610456.00
20160105,21.44,23.28,20.87,22.51,4687081,188513008.00
20160106,22.69,23.28,22.18,22.78,3231063,133225880.00
20160107,22.28,22.34,20.50,20.50,731000,27855688.00
20160108,21.12,21.28,18.62,19.54,4841426,174936080.00
20160111,18.77,18.99,17.58,17.58,3195609,104842944.00
20160112,17.73,18.24,16.69,17.83,3488186,112182320.00
20160113,17.95,18.28,16.04,16.22,2337760,72952392.00
20160114,15.89,17.84,15.34,17.84,4802354,146875168.00
20160115,17.87,18.28,17.01,17.27,3869848,123812752.00
20160118,16.89,19.01,16.65,19.01,4690953,156506208.00
20160119,19.22,20.42,18.27,20.07,5763731,197789184.00
20160120,19.67,20.06,19.20,19.51,2991636,105971440.00
20160121,19.39,20.35,18.23,18.28,3179193,111756088.00
20160122,18.84,19.88,18.75,19.79,3740712,130532944.00
20160125,19.79,20.62,19.67,19.92,3265624,119232072.00
20160126,19.62,19.93,17.92,18.39,3156677,108638568.00
20160127,18.81,19.55,17.48,19.39,3724593,125059664.00
20160128,19.17,20.12,18.76,18.84,3353724,118038472.00
20160129,18.29,20.09,17.84,19.61,3133774,108098336.00
20160201,19.51,20.74,19.51,19.84,3191020,115748976.00
20160202,19.82,21.83,19.82,21.83,5617341,217330688.00
20160203,21.56,21.83,21.08,21.51,3727365,144739408.00
20160204,21.56,22.06,21.45,21.64,2609702,102164888.00
20160205,21.62,22.17,21.18,21.44,1911516,74512800.00
20160215,20.23,21.82,20.23,21.77,1679499,64354376.00
20160216,21.88,22.69,21.88,22.42,2628048,106206320.00
20160217,22.54,22.69,21.72,22.29,2650219,105916296.00
20160218,22.34,22.47,21.06,21.78,3418490,134610960.00
20160219,21.78,22.01,21.27,21.44,2960852,115330256.00
20160222,21.84,22.17,21.28,22.17,4546749,177191920.00
20160223,22.20,22.67,21.89,22.01,3457031,138466544.00
20160224,21.95,22.01,19.88,20.51,5501851,206575952.00
20160225,20.53,20.59,18.46,18.46,5010033,173923152.00
20160226,18.72,18.98,18.12,18.64,2836299,95576816.00
20160229,18.59,18.72,16.78,16.79,4262950,132865296.00
20160301,16.62,17.39,15.78,17.27,5001155,152064032.00
20160302,17.01,18.63,17.01,18.28,4084654,130383768.00
20160303,18.46,18.82,18.01,18.22,3694162,122611768.00
20160304,18.22,18.39,16.78,16.80,3625913,115831968.00
20160307,16.98,17.85,16.78,17.06,2864048,89037240.00
20160308,16.89,17.99,15.87,17.55,3704974,112748400.00
20160309,17.17,17.54,15.83,16.79,2743381,84174096.00
20160310,16.84,17.41,16.34,16.49,2515140,76947056.00
20160311,16.12,16.60,15.89,16.36,1729195,50736028.00
20160314,16.62,17.59,16.62,17.42,3466824,108417312.00
20160315,17.42,17.57,17.11,17.27,1950203,61007652.00
20160316,17.84,17.84,16.96,17.45,3029741,95645968.00
20160317,17.50,18.64,17.50,18.46,5053964,166465360.00
20160318,18.51,19.65,18.33,19.45,4206185,145455312.00
20160321,19.79,20.01,19.04,19.73,4163123,146600992.00
20160322,19.39,19.68,19.22,19.33,3465687,121516984.00
20160323,19.28,19.62,18.90,19.46,2950244,102675464.00
20160324,19.51,19.51,18.98,19.14,4591723,159266928.00
20160325,19.12,19.16,18.51,18.81,3907270,132471120.00
20160328,19.07,20.19,18.91,19.23,5389638,189709216.00
20160329,18.93,19.23,18.18,18.36,3246032,109103352.00
20160330,18.48,19.39,18.48,19.26,5727988,194561168.00
20160331,19.56,20.08,19.40,19.69,6327008,225651952.00
20160401,19.57,20.01,19.17,19.64,3373600,119194144.00
20160405,19.84,20.78,19.73,20.48,5134686,189522800.00
20160406,20.23,21.83,20.13,21.24,6191936,236284768.00
20160407,21.48,21.57,20.57,20.81,5039882,189646080.00
20160408,20.62,21.78,20.50,21.49,5527510,211153392.00
20160411,20.44,21.04,19.95,20.78,14189167,522760192.00
20160412,20.46,20.46,19.69,19.88,6572115,237400928.00
20160413,20.15,20.84,20.12,20.35,7184646,265789888.00
20160414,20.46,20.66,20.01,20.51,4633163,170255312.00
20160415,20.56,20.56,20.15,20.31,2620715,95926960.00
20160418,20.20,20.28,19.82,20.06,3666873,132333688.00
20160419,20.27,20.29,19.89,20.22,2966174,107614464.00
20160420,20.46,21.77,19.68,20.84,11924534,449129984.00
20160421,20.05,22.45,20.05,21.77,12192998,470591200.00
20160422,21.45,23.78,21.23,22.29,11808561,481359040.00
20160425,22.17,23.01,21.81,22.50,8040734,325207232.00
20160426,22.17,24.33,22.01,23.73,8989423,374603456.00
20160427,23.94,24.34,23.03,23.13,8510570,361023904.00
20160428,23.56,24.77,23.13,24.34,9424219,412044352.00
20160429,23.84,26.78,23.84,26.78,10035826,467441472.00
20160503,26.78,29.12,26.26,28.94,9702472,477730752.00
20160504,28.62,30.40,28.05,28.37,8422442,441451328.00
20160505,28.56,28.92,27.49,28.01,7269042,366842816.00
20160506,28.04,29.06,26.90,27.73,8865239,449676960.00
20160509,27.67,28.78,27.23,28.45,9676965,491370784.00
20160510,28.18,28.19,25.60,25.60,9692843,461149248.00
20160511,26.24,26.98,25.62,25.76,6748520,320953184.00
20160512,24.98,28.34,24.97,27.94,7739879,381195072.00
20160513,27.73,29.23,27.46,27.78,8252879,420283616.00
20160516,27.01,29.06,26.66,28.59,6868426,346215136.00
20160517,28.44,29.49,27.56,27.71,8428380,431813696.00
20160518,27.10,27.10,25.34,26.01,6337500,298989088.00
20160519,25.99,28.56,25.95,27.45,8834337,439193760.00
20160520,26.62,28.94,26.43,28.51,7759051,390984288.00
20160523,28.17,30.41,27.99,29.89,8464226,442827872.00
20160524,29.51,31.05,28.69,30.46,6689751,359466752.00
20160525,30.39,31.01,28.61,28.92,6337071,339811904.00
20160526,28.62,29.29,27.73,29.29,4265578,218828080.00
20160527,28.84,30.49,28.84,29.39,5469574,294623104.00
20160530,28.57,29.38,27.84,27.87,5108215,261679520.00
20160531,28.09,29.67,27.78,29.66,7183181,367967936.00
20160601,29.34,30.95,29.13,30.28,7342020,398884576.00
20160602,30.28,31.34,29.72,30.17,5578079,306176480.00
20160603,30.11,30.70,28.28,28.96,6706323,353171296.00
20160606,28.97,29.67,28.70,29.36,4407928,232055168.00
20160607,29.45,30.67,28.84,30.67,6664572,356960896.00
20160608,30.28,33.74,30.23,33.74,11678361,680916544.00
20160613,33.56,34.31,31.62,31.62,10262605,616412416.00
20160614,31.04,31.59,28.45,28.83,10013556,535206144.00
20160615,29.00,31.72,29.00,31.72,7240318,399904832.00
20160616,31.73,33.49,30.89,32.35,8696346,503801600.00
20160617,31.95,34.51,31.76,32.67,9361187,562236544.00
20160620,33.61,34.87,32.73,33.73,9662192,591672512.00
20160621,34.29,34.76,30.35,31.01,10464015,605652672.00
20160622,31.00,32.18,29.79,32.17,8881593,493628832.00
20160623,31.64,32.05,30.29,30.64,5584645,311036416.00
20160624,30.51,31.43,28.74,30.82,6174173,340184288.00
20160627,30.33,31.39,29.99,31.18,5714311,317349024.00
20160628,31.08,31.45,30.41,30.62,5714243,317117728.00
20160629,31.06,31.40,30.16,30.39,6319503,348973376.00
20160630,30.24,30.45,27.45,27.76,15219191,777816512.00
20160701,27.79,28.01,27.46,27.84,5940102,296435008.00
20160704,27.57,28.45,27.48,28.05,6129782,309295360.00
20160705,27.82,28.34,27.56,27.93,6456847,325399872.00
20160706,28.01,29.03,27.96,28.66,9183749,473560608.00
20160707,28.68,28.86,27.76,28.38,6650913,339491744.00
20160708,28.40,28.51,27.75,27.81,5145925,260134016.00
20160711,27.98,27.98,26.15,26.26,7161864,344940896.00
20160712,26.40,26.85,25.58,26.83,5711513,272177536.00
20160713,27.14,27.22,26.56,26.79,4416377,214088720.00
20160714,26.83,27.28,26.64,27.00,3450035,168332304.00
20160715,27.85,28.06,27.41,27.46,6765720,338461440.00
20160718,27.10,28.10,27.07,27.71,4142614,207416704.00
20160719,27.65,27.73,26.87,27.44,3559449,175146480.00
20160720,27.67,28.04,27.40,27.67,4213001,210560128.00
20160721,27.73,27.73,26.91,27.05,3327296,163337216.00
20160722,27.32,27.49,26.91,26.91,3193051,156561856.00
20160725,27.06,27.06,25.99,26.06,3392589,161174320.00
20160726,26.07,26.44,25.90,26.40,2171320,102922896.00
20160727,26.50,26.51,24.23,24.33,5369730,244419792.00
20160728,24.39,25.25,24.39,25.18,5188056,232823008.00
20160729,25.19,26.60,25.18,25.96,5467480,256552912.00
20160801,25.60,26.61,24.68,26.12,3927413,183528560.00
20160802,25.90,26.50,25.84,25.97,2374771,112185512.00
20160803,25.93,26.39,25.93,26.02,2068909,97608768.00
20160804,25.93,26.60,25.79,26.42,3209915,152468816.00
20160805,26.35,26.51,25.51,25.54,3151303,147059072.00
20160808,25.43,25.99,25.15,25.98,1616470,74681232.00
20160809,25.98,26.48,25.84,26.43,2808841,132658928.00
20160810,26.44,27.26,26.44,26.71,4008189,194218992.00
20160811,26.65,26.65,25.86,25.89,2542753,120060536.00
20160812,25.89,26.62,25.79,25.98,2758904,130107496.00
20160815,26.19,26.90,25.40,26.78,4188166,199422384.00
20160816,26.78,27.40,26.60,26.65,3754484,182705056.00
20160817,26.64,26.96,26.60,26.85,2908768,140446848.00
20160818,27.08,27.38,26.69,27.24,3364238,163812864.00
20160819,27.42,27.42,26.44,26.85,4396975,212382624.00
20160822,26.51,26.57,25.59,25.61,3863472,180243376.00
20160823,25.53,25.74,25.35,25.48,1885947,86947352.00
20160824,25.60,25.93,25.51,25.71,1762138,81732624.00
20160825,25.51,25.54,24.48,24.68,3965995,177557504.00
20160826,24.93,25.03,24.68,24.93,3243472,145363744.00
20160829,24.90,25.10,24.70,24.92,1989927,89316736.00
20160830,24.93,26.34,24.93,25.79,4686396,219265776.00
20160831,25.51,25.51,25.03,25.34,2299153,104668152.00
20160901,25.33,25.68,25.19,25.50,2580435,118497112.00
20160902,25.30,26.90,25.29,26.58,7552366,357962752.00
20160905,26.61,26.82,26.27,26.58,3052185,145824528.00
20160906,26.59,26.75,26.19,26.72,2924547,139741184.00
20160907,26.77,26.79,26.06,26.07,2457693,116900872.00
20160908,26.07,26.12,25.69,25.81,1890757,88245552.00
20160909,25.77,25.97,25.41,25.42,1604743,74169280.00
20160912,24.66,25.40,24.45,24.96,1946326,87817184.00
20160913,25.24,25.26,24.79,24.85,939362,42205196.00
20160914,24.66,25.01,24.59,24.77,848329,37936608.00
20160919,24.77,25.29,24.77,25.07,1011582,45697112.00
20160920,25.19,25.19,24.89,25.05,896406,40398684.00
20160921,25.05,25.34,24.96,25.15,916082,41489860.00
20160922,25.38,25.40,25.13,25.15,1137759,51819588.00
20160923,25.30,25.30,24.79,24.81,951655,42931732.00
20160926,24.85,24.90,24.28,24.31,1290688,57098012.00
20160927,24.40,24.49,23.57,24.20,1381689,59936108.00
20160928,24.13,24.57,23.79,24.57,1719692,74984008.00
20160929,24.46,25.23,24.40,24.92,2191482,98379712.00
20160930,24.91,25.12,24.78,24.96,1111145,50075136.00
20161010,24.98,26.63,24.98,26.50,3664985,171950560.00
20161011,26.55,28.58,26.51,27.75,7890778,394591968.00
20161012,27.74,28.06,27.40,27.66,3334544,166683248.00
20161013,27.76,27.94,27.34,27.82,2298567,114765904.00
20161014,27.79,28.17,27.57,27.89,2185235,109641920.00
20161017,27.35,28.41,26.83,28.25,5066080,250773392.00
20161018,27.90,28.14,27.50,27.96,2935157,147347712.00
20161019,28.05,29.16,28.05,28.46,4861412,251966032.00
20161020,28.07,29.24,27.79,27.91,3850616,197867376.00
20161021,27.91,28.56,26.96,27.74,2907615,144420016.00
20161024,27.83,28.24,27.63,27.78,2157350,108653216.00
20161025,27.79,29.36,27.71,28.92,5550890,288761600.00
20161026,29.03,29.88,28.57,28.95,4404962,232391056.00
20161027,28.92,31.27,28.45,30.76,5930731,321298656.00
20161028,30.51,31.14,30.06,30.20,3163353,173958384.00
20161031,29.83,31.51,29.83,31.04,3740075,208060560.00
20161101,31.04,34.15,31.04,33.59,5960419,352173920.00
20161102,33.18,33.57,32.14,32.46,4580378,270094400.00
20161103,32.40,32.99,31.31,31.64,4784014,275642976.00
20161104,31.64,32.05,30.98,31.28,4268877,241683120.00
20161107,31.08,32.56,31.08,32.14,3219843,185820432.00
20161108,32.33,32.36,31.42,31.57,2497137,143585680.00
20161109,31.47,31.58,30.28,31.42,3911343,216936464.00
20161110,31.48,31.53,30.84,31.27,3326027,186468880.00
20161111,31.27,31.60,30.91,31.15,1908182,107338128.00
20161114,30.97,32.08,30.94,31.58,3361966,192270160.00
20161115,31.64,33.72,31.51,32.57,5942436,350227200.00
20161116,32.19,34.84,32.19,33.84,3736999,226771872.00
20161117,33.54,34.07,33.01,33.11,2670888,160339104.00
20161118,33.52,34.07,32.36,33.56,3347781,199972112.00
20161121,33.42,34.02,32.87,33.57,2061735,124224272.00
20161122,33.53,35.14,33.13,35.14,3227897,197575584.00
20161123,34.97,35.25,33.18,33.36,2556201,157376800.00
20161124,33.20,34.05,33.10,33.47,2316440,139851040.00
20161125,33.47,33.91,32.97,33.51,1385520,83464352.00
20161128,33.26,33.81,33.21,33.30,1838882,110712960.00
20161129,33.34,33.67,32.41,33.24,3031504,180427824.00
20161130,33.19,33.58,32.75,33.31,1016829,60919340.00
20161201,33.31,33.73,33.20,33.45,941026,56582276.00
20161202,33.45,33.75,33.23,33.31,1458327,87598224.00
20161205,33.25,33.64,32.19,33.59,1190185,70499448.00
20161206,33.77,35.53,33.36,34.37,2332219,145090032.00
20161207,34.09,36.19,34.09,35.86,3095273,198647536.00
20161208,35.58,35.86,34.33,34.58,2026460,126907808.00
20161209,34.42,34.69,33.71,33.75,1071598,65624692.00
20161212,33.58,34.03,30.37,30.37,3708417,210273104.00
20161213,30.47,30.47,28.36,29.22,2469461,130535384.00
20161214,29.22,29.58,28.35,28.81,1115544,58415596.00
20161215,28.95,29.97,28.95,29.20,1879383,99995736.00
20161216,29.31,29.94,29.08,29.38,1167964,61970360.00
20161219,29.42,30.06,29.03,29.31,860131,45825880.00
20161220,29.24,29.74,29.11,29.28,698637,36858504.00
20161221,29.58,30.14,29.03,30.03,1439921,77222624.00
20161222,30.02,30.25,29.81,30.08,765214,41474004.00
20161223,30.08,30.47,29.81,30.04,1133948,61431208.00
20161226,29.49,30.27,29.47,30.14,797810,42894976.00
20161227,30.14,31.24,30.05,30.69,991674,54849216.00
20161228,30.71,30.96,30.31,30.82,543777,30099930.00
20161229,30.82,31.14,30.53,31.00,821470,45795172.00
20161230,31.28,31.28,30.42,30.42,533865,29585490.00
20170103,31.00,31.00,29.42,30.53,1139050,62640012.00
20170104,30.37,31.07,30.26,31.03,1115832,61768448.00
20170105,31.21,32.36,31.21,31.53,1202709,68976072.00
20170106,31.31,31.90,31.08,31.33,706588,39990532.00
20170109,31.29,32.35,31.08,31.64,746446,42964476.00
20170110,31.62,32.11,31.42,31.62,904506,51696360.00
20170111,31.73,31.91,30.81,30.82,765090,43024352.00
20170112,30.68,31.18,30.54,30.71,477837,26601546.00
20170113,30.72,30.73,29.43,29.44,1013079,54745676.00
20170116,29.42,29.56,27.19,28.57,1416501,72465728.00
20170117,28.57,29.13,27.75,29.00,766514,39349324.00
20170118,29.00,29.12,28.65,28.94,459374,23917626.00
20170119,28.86,29.12,28.59,28.86,368714,19184300.00
20170120,28.87,30.64,28.61,29.55,742453,39634876.00
20170123,30.34,30.34,29.56,29.96,790072,42719532.00
20170124,29.94,29.95,28.86,29.14,1173432,61890908.00
20170125,28.91,30.06,28.71,29.88,549352,29313774.00
20170126,30.11,30.16,29.76,30.16,274651,14836780.00
20170203,30.06,32.27,29.79,32.08,939296,52635472.00
20170206,32.03,32.18,31.48,31.89,792794,45556968.00
20170207,32.14,32.19,31.71,31.75,539730,31016142.00
20170208,31.75,31.81,31.12,31.69,886923,50239436.00
20170209,31.53,32.15,31.31,31.91,1075374,61661036.00
20170210,32.25,33.66,32.20,32.36,2839044,168464528.00
20170213,32.89,33.22,31.57,31.63,2019748,116024184.00
20170214,31.59,31.74,30.92,31.17,1328577,74976424.00
20170215,31.11,31.48,30.56,30.64,1717975,95811160.00
20170216,30.62,31.13,30.48,31.06,1030712,57082576.00
20170217,31.23,31.23,30.31,30.49,704971,39023040.00
20170220,30.49,30.90,29.53,30.66,1200462,65208708.00
20170221,30.70,30.80,30.19,30.47,1201705,66026964.00
20170222,30.47,31.01,30.31,30.96,786922,43541252.00
20170223,30.98,31.00,30.36,30.63,803342,44245040.00
20170224,30.53,30.64,29.81,30.03,1156109,62668244.00
20170227,29.92,30.20,29.79,29.97,817812,44157076.00
20170228,29.98,30.36,29.88,30.25,638699,34714860.00
20170301,30.39,30.46,29.86,29.93,739500,39954668.00
20170302,29.92,31.77,29.92,31.31,2651339,146450352.00
20170303,31.36,32.08,30.86,32.06,2179360,124402496.00
20170306,32.06,33.36,32.06,32.91,2799972,166943440.00
20170307,32.77,33.28,32.19,32.59,1501809,88456136.00
20170308,32.36,33.19,32.33,32.33,904131,53233796.00
20170309,32.36,33.06,31.89,32.66,1198959,70190024.00
20170310,32.63,33.17,32.45,32.76,1011280,59980644.00
20170313,32.74,33.24,32.53,32.63,1146068,67729312.00
20170314,32.66,32.91,31.93,32.10,1075931,62656408.00
20170315,32.10,32.16,31.38,31.67,1058969,60382688.00
20170316,31.91,32.36,31.72,32.19,1005728,58070852.00
20170317,32.19,33.79,31.98,33.09,2160881,129235984.00
20170320,32.85,34.18,32.77,33.69,1592147,96992184.00
20170321,33.57,33.67,32.94,33.33,880377,52708240.00
20170322,33.19,34.99,33.12,34.42,2133294,131297832.00
20170323,34.41,34.79,33.31,34.35,1515205,92856232.00
20170324,34.36,35.22,33.86,34.64,1324094,82483488.00
20170327,34.64,34.82,34.06,34.13,601275,37087332.00
20170328,34.22,34.35,33.31,34.14,1300887,79448632.00
20170329,34.18,34.41,33.89,34.08,954504,58767436.00
20170330,33.85,34.79,33.36,33.73,1220950,75151328.00
20170331,33.76,34.05,32.69,33.09,1026556,61354648.00
20170405,32.27,33.80,32.27,33.41,833479,50006264.00
20170406,33.19,33.75,33.18,33.46,1139335,68690144.00
20170407,33.41,34.34,32.52,32.53,1161458,69485368.00
20170410,32.28,32.47,29.97,30.64,2078847,117136080.00
20170411,30.67,31.28,30.28,30.98,1066052,59327404.00
20170412,30.58,31.42,30.43,30.47,1334677,73977112.00
20170413,30.40,30.80,29.97,30.25,923033,50351532.00
20170414,30.31,30.49,29.25,29.50,953806,51398464.00
20170417,29.50,30.81,29.50,29.99,1468510,80150104.00
20170418,29.92,30.67,29.92,30.51,1125601,61727284.00
20170419,30.46,30.72,29.47,30.43,873512,47594848.00
20170420,30.31,30.89,30.19,30.43,810735,44663620.00
20170421,30.39,32.18,30.15,31.64,2196455,125238448.00
20170424,31.62,31.78,30.54,31.02,997791,55794024.00
20170425,31.09,31.92,30.14,30.25,1303742,72915088.00
20170426,29.75,30.83,29.75,30.41,847539,46474964.00
20170427,30.30,30.33,28.72,29.76,2321779,123262920.00
20170428,29.67,29.80,28.76,29.31,1864975,98171072.00
20170502,29.23,29.39,28.34,29.36,1683115,87545984.00
20170503,29.23,29.36,28.57,28.84,1765206,91842864.00
20170504,28.81,29.31,28.72,28.84,1195203,62445596.00
20170505,28.51,29.15,28.51,28.72,544231,28405506.00
20170508,29.28,29.34,28.44,28.51,1562233,81681224.00
20170509,28.50,28.50,25.69,27.80,2627167,128087416.00
20170510,27.81,28.96,27.59,28.25,2099468,107413312.00
20170511,28.29,29.53,27.76,28.86,1369226,70981936.00
20170512,28.37,29.35,28.37,28.69,644023,33468540.00
20170515,28.74,29.35,28.58,28.88,456966,23715884.00
20170516,28.86,30.68,28.59,30.44,1701705,91436664.00
20170517,30.35,32.40,30.20,30.52,4473304,139691840.00
20170518,30.17,31.82,30.06,30.80,2460118,76207376.00
20170519,31.00,31.00,29.32,29.32,2845541,84931112.00
20170522,29.32,29.70,28.32,28.61,1887951,54329772.00
20170523,28.60,29.32,26.70,28.70,2506746,70751760.00
20170524,28.47,29.00,27.63,28.09,1740818,49204752.00
20170525,28.30,28.53,27.40,27.70,1584348,44090772.00
20170526,27.95,28.18,27.24,27.48,1348853,37400120.00
20170531,28.13,28.15,25.80,25.80,1825120,49588208.00
20170601,26.00,26.83,25.71,25.86,3388611,88926832.00
20170602,25.60,26.36,25.36,26.07,1689281,43584176.00
20170605,26.10,26.70,25.86,26.63,1064653,28073598.00
20170606,26.52,27.15,26.30,26.73,1194925,32080770.00
20170607,26.85,28.29,26.61,27.51,2001543,55369252.00
20170608,27.60,27.96,26.78,26.80,2595368,70404312.00
20170609,26.75,26.88,25.60,26.32,2916753,75756680.00
20170612,25.86,26.20,24.91,25.00,2917986,74391920.00
20170613,25.10,25.98,24.79,25.71,2427204,61728056.00
20170614,25.71,26.14,25.50,25.84,1538052,39660228.00
20170615,25.97,27.09,25.60,26.99,2536896,67764960.00
20170616,27.07,27.44,26.70,26.75,1715183,46324460.00
20170619,26.76,27.45,26.70,27.11,838445,22703736.00
20170620,27.11,27.41,26.45,26.50,2643704,71190176.00
20170621,26.56,26.79,25.75,26.05,2428229,63349732.00
20170622,26.06,26.79,25.90,26.05,1907300,50365836.00
20170623,25.75,26.25,25.22,26.14,1714057,44147000.00
20170626,26.32,27.66,25.85,27.11,4348936,116834368.00
20170627,27.06,27.84,27.01,27.40,2262267,62265244.00
20170628,27.19,27.85,27.10,27.43,1611835,44188424.00
20170629,27.35,28.24,27.35,27.70,2606918,72672416.00
20170630,27.29,27.53,26.85,27.00,2540820,68739536.00
20170703,26.88,28.59,26.66,28.59,3292066,91435608.00
20170704,28.54,29.50,27.97,27.99,3851963,110820128.00
20170705,28.24,28.88,28.03,28.60,1535919,43683960.00
20170706,28.65,29.20,28.39,29.15,2475632,71488304.00
20170707,29.16,29.88,28.61,29.38,2407775,71010080.00
数据来源:通达信
