300098 高新兴 日线 前复权
      日期	    开盘	    最高	    最低	    收盘	    成交量	    成交额
20100728,4.02,4.12,3.90,3.93,9692025,394906304.00
20100729,3.96,4.00,3.79,3.83,5023327,200071696.00
20100730,3.79,3.80,3.65,3.74,3840667,147150080.00
20100802,3.73,3.78,3.71,3.76,2451815,94714216.00
20100803,3.74,3.78,3.71,3.71,1773432,68323328.00
20100804,3.69,3.80,3.69,3.80,2382776,92325176.00
20100805,3.79,3.83,3.74,3.75,1805601,70248480.00
20100806,3.75,3.78,3.71,3.78,1406978,54503688.00
20100809,3.78,3.85,3.77,3.85,2109351,83003816.00
20100810,3.84,3.85,3.69,3.69,1815622,70580016.00
20100811,3.67,3.77,3.67,3.74,1256080,48090752.00
20100812,3.71,3.75,3.68,3.68,1010381,38557020.00
20100813,3.68,3.74,3.68,3.73,766481,29274040.00
20100816,3.73,3.76,3.71,3.76,1054067,40638752.00
20100817,3.76,3.78,3.74,3.78,1128295,43674956.00
20100818,3.80,3.82,3.74,3.80,1560254,60741568.00
20100819,3.79,3.82,3.77,3.78,1035656,40480372.00
20100820,3.77,3.78,3.69,3.70,1086679,41779424.00
20100823,3.69,3.70,3.66,3.66,804851,30505052.00
20100824,3.66,3.71,3.66,3.69,503957,19130112.00
20100825,3.67,3.71,3.55,3.56,1013553,37674860.00
20100826,3.56,3.59,3.53,3.54,764275,27968308.00
20100827,3.53,3.58,3.53,3.58,416303,15316992.00
20100830,3.59,3.64,3.59,3.63,642076,23976676.00
20100831,3.63,3.63,3.60,3.61,639091,23796834.00
20100901,3.63,3.65,3.53,3.54,774008,28605976.00
20100902,3.57,3.65,3.55,3.64,859581,31892400.00
20100903,3.64,3.70,3.61,3.67,960292,36234736.00
20100906,3.68,3.68,3.60,3.60,590815,22019088.00
20100907,3.60,3.62,3.59,3.61,363836,13524240.00
20100908,3.59,3.61,3.58,3.59,532921,19740692.00
20100909,3.59,3.64,3.58,3.59,476920,17739638.00
20100910,3.59,3.61,3.56,3.59,482720,17819754.00
20100913,3.59,3.61,3.57,3.61,589843,21853098.00
20100914,3.61,3.62,3.56,3.57,585949,21697660.00
20100915,3.56,3.58,3.20,3.42,801793,29035658.00
20100916,3.43,3.47,3.31,3.33,656180,22783532.00
20100917,3.34,3.36,3.32,3.33,334685,11556106.00
20100920,3.37,3.39,3.29,3.39,547166,18935802.00
20100921,3.49,3.55,3.45,3.45,981127,35393884.00
20100927,3.46,3.46,3.38,3.44,328928,11603035.00
20100928,3.41,3.43,3.35,3.35,389637,13636821.00
20100929,3.33,3.36,3.30,3.30,312470,10755268.00
20100930,3.30,3.34,3.28,3.33,175441,6030372.00
20101008,3.36,3.40,3.34,3.39,289179,10084377.00
20101011,3.38,3.40,3.35,3.36,498694,17375606.00
20101012,3.37,3.40,3.36,3.38,330321,11550670.00
20101013,3.38,3.40,3.36,3.39,255427,8927041.00
20101014,3.40,3.41,3.35,3.35,435400,15242071.00
20101015,3.31,3.34,3.26,3.26,458590,15668293.00
20101018,3.28,3.28,3.17,3.21,438493,14507551.00
20101019,3.26,3.44,3.19,3.38,806450,28065060.00
20101020,3.33,3.43,3.30,3.34,601740,20994186.00
20101021,3.34,3.35,3.28,3.28,304722,10401507.00
20101022,3.28,3.36,3.26,3.33,315907,10867463.00
20101025,3.34,3.43,3.34,3.43,708451,24983984.00
20101026,3.39,3.40,3.34,3.36,737363,25666274.00
20101027,3.35,3.40,3.34,3.35,400121,13912039.00
20101028,3.37,3.37,3.26,3.30,1704539,57891056.00
20101029,3.30,3.37,3.29,3.37,948688,32734506.00
20101101,3.39,3.48,3.38,3.45,1315137,46674192.00
20101102,3.45,3.46,3.35,3.36,1334384,46814308.00
20101103,3.36,3.36,3.27,3.28,913915,31190152.00
20101104,3.27,3.31,3.27,3.30,739531,25156462.00
20101105,3.31,3.32,3.28,3.31,837436,28574800.00
20101108,3.32,3.50,3.31,3.50,2105240,74227520.00
20101109,3.51,3.53,3.46,3.52,2146577,77400624.00
20101110,3.52,3.72,3.51,3.66,2702518,101534744.00
20101111,3.64,3.74,3.59,3.59,2192621,82957040.00
20101112,3.59,3.68,3.47,3.47,2248281,82675112.00
20101115,3.51,3.67,3.48,3.66,1665858,61753860.00
20101116,3.68,3.77,3.59,3.66,2625375,99996624.00
20101117,3.63,3.72,3.56,3.56,1222772,45807132.00
20101118,3.57,3.63,3.54,3.61,786650,29154736.00
20101119,3.62,3.85,3.60,3.85,2969692,115129928.00
20101122,3.86,3.92,3.77,3.79,2355796,93205312.00
20101123,3.80,3.85,3.73,3.83,1233720,48209860.00
20101124,3.80,3.91,3.80,3.87,1362585,54083164.00
20101125,3.88,3.94,3.76,3.79,1551250,61526372.00
20101126,3.78,3.81,3.71,3.75,1225466,47518572.00
20101129,3.76,3.79,3.71,3.77,1387758,53760780.00
20101130,3.78,3.79,3.55,3.60,1630842,61195792.00
20101201,3.60,3.61,3.50,3.58,914283,33633360.00
20101202,3.63,3.64,3.59,3.60,671921,25015398.00
20101203,3.59,3.61,3.50,3.54,707983,25860646.00
20101206,3.54,3.57,3.51,3.55,412742,15040900.00
20101207,3.57,3.60,3.51,3.58,459875,16926912.00
20101208,3.58,3.60,3.51,3.51,826973,30252004.00
20101209,3.51,3.57,3.39,3.54,628894,22868542.00
20101210,3.52,3.62,3.49,3.60,708149,26166784.00
20101213,3.62,3.71,3.59,3.71,1219489,46067240.00
20101214,3.73,3.73,3.67,3.71,848979,32416458.00
20101216,3.71,3.82,3.68,3.74,952499,36903272.00
20101217,3.78,3.78,3.71,3.76,510272,19655102.00
20101220,3.76,3.78,3.58,3.68,973028,36922612.00
20101221,3.69,3.75,3.65,3.71,611080,23330460.00
20101222,3.72,3.72,3.66,3.67,566142,21518978.00
20101223,3.66,3.68,3.54,3.56,425785,15819396.00
20101224,3.56,3.58,3.51,3.56,368758,13512367.00
20101227,3.59,3.62,3.48,3.49,462108,16891104.00
20101228,3.49,3.49,3.38,3.41,422229,14948078.00
20101229,3.39,3.46,3.30,3.44,301461,10693046.00
20101230,3.44,3.45,3.42,3.43,287696,10219536.00
20101231,3.43,3.47,3.43,3.47,316101,11293522.00
20110104,3.47,3.50,3.41,3.49,637053,22839730.00
20110105,3.45,3.50,3.45,3.48,352310,12663196.00
20110106,3.49,3.52,3.39,3.40,662279,23372874.00
20110107,3.38,3.38,3.29,3.33,583992,20138308.00
20110110,3.34,3.36,3.30,3.31,307245,10567692.00
20110111,3.29,3.33,3.28,3.32,150857,5159029.00
20110112,3.33,3.35,3.27,3.32,195504,6688597.00
20110113,3.31,3.35,3.31,3.32,146831,5047640.50
20110114,3.32,3.32,3.24,3.25,228138,7718678.50
20110117,3.23,3.24,3.15,3.15,397691,13054554.00
20110118,3.15,3.16,3.11,3.15,129417,4215615.00
20110119,3.15,3.20,3.13,3.18,219872,7230577.50
20110120,3.17,3.19,3.08,3.08,170600,5540169.00
20110121,3.09,3.11,3.04,3.11,153852,4922787.00
20110124,3.10,3.10,3.01,3.03,185219,5839396.50
20110125,3.01,3.03,2.99,3.01,139499,4352031.00
20110126,3.06,3.06,2.99,3.04,106512,3358666.75
20110127,3.02,3.09,3.00,3.07,153310,4874485.00
20110128,3.07,3.11,3.05,3.10,124751,4000732.50
20110131,3.10,3.14,3.10,3.13,125253,4054997.50
20110201,3.11,3.13,3.09,3.13,102133,3295982.75
20110209,3.10,3.15,3.10,3.12,120680,3904859.50
20110210,3.10,3.17,3.09,3.17,131802,4301996.50
20110211,3.17,3.22,3.15,3.18,253091,8302611.00
20110214,3.16,3.22,3.16,3.20,232849,7704000.50
20110215,3.20,3.23,3.19,3.19,226260,7523167.00
20110216,3.19,3.25,3.18,3.25,308200,10258669.00
20110217,3.25,3.27,3.22,3.24,311859,10462104.00
20110218,3.25,3.26,3.19,3.19,213646,7105839.00
20110221,3.19,3.22,3.17,3.21,340177,11223048.00
20110222,3.21,3.23,3.10,3.11,471763,15453027.00
20110223,3.11,3.19,3.09,3.19,500255,16217151.00
20110224,3.13,3.22,3.13,3.20,286632,9498040.00
20110225,3.17,3.18,3.09,3.15,660860,21418138.00
20110228,3.14,3.15,3.11,3.14,582254,18889614.00
20110301,3.15,3.15,3.11,3.12,520890,16879186.00
20110302,3.12,3.12,3.08,3.09,457766,14677403.00
20110303,3.09,3.11,3.08,3.08,308738,9898557.00
20110304,3.08,3.10,3.07,3.09,270989,8666614.00
20110307,3.10,3.15,3.10,3.14,371972,12034230.00
20110308,3.15,3.16,3.12,3.14,306172,9965190.00
20110309,3.13,3.19,3.13,3.17,462971,15153011.00
20110310,3.17,3.21,3.15,3.18,402671,13309254.00
20110311,3.19,3.20,3.15,3.17,327072,10774520.00
20110314,3.15,3.22,3.14,3.22,402910,13308701.00
20110315,3.21,3.37,3.21,3.35,1625861,55556640.00
20110316,3.33,3.38,3.32,3.35,660448,22890168.00
20110317,3.35,3.35,3.29,3.31,542437,18553556.00
20110318,3.33,3.33,3.27,3.28,227121,7721015.00
20110321,3.31,3.37,3.27,3.32,401376,13865501.00
20110322,3.35,3.35,3.24,3.26,391031,13257993.00
20110323,3.26,3.33,3.20,3.26,230329,7732740.50
20110324,3.26,3.26,3.22,3.23,215598,7218448.00
20110325,3.24,3.28,3.24,3.26,214021,7219231.50
20110328,3.26,3.27,3.22,3.22,292499,9837163.00
20110329,3.22,3.22,3.14,3.15,380106,12461400.00
20110330,3.15,3.21,3.08,3.09,357912,11629880.00
20110331,2.91,3.06,2.90,2.97,726992,22284844.00
20110401,2.95,2.97,2.91,2.97,275623,8423684.00
20110406,2.97,2.99,2.94,2.94,318626,9777325.00
20110407,2.94,2.96,2.93,2.96,192372,5891038.00
20110408,2.96,2.99,2.94,2.98,178657,5511712.50
20110411,2.97,3.02,2.97,3.01,252604,7862213.50
20110412,3.01,3.02,2.99,2.99,166334,5179877.00
20110413,2.97,3.02,2.91,3.00,114690,3573425.50
20110414,3.02,3.02,2.97,2.98,192341,5986531.00
20110415,2.98,3.00,2.94,2.96,142184,4383804.50
20110418,2.94,2.99,2.94,2.96,169378,5217828.00
20110419,2.94,2.96,2.92,2.95,148664,4543492.50
20110420,2.95,2.98,2.92,2.98,205601,6280295.50
20110421,2.97,3.01,2.95,3.01,236928,7338243.00
20110425,3.01,3.01,2.92,2.92,302213,9271752.00
20110426,2.92,2.92,2.76,2.80,238508,6973260.00
20110427,2.80,2.83,2.74,2.74,105767,3063908.50
20110428,2.81,2.81,2.49,2.55,389831,10621629.00
20110429,2.54,2.61,2.51,2.60,110127,2966352.00
20110503,2.63,2.65,2.56,2.65,147560,4021387.50
20110504,2.62,2.68,2.60,2.65,195527,5348120.00
20110505,2.67,2.68,2.61,2.64,293482,8095115.00
20110506,2.65,2.69,2.63,2.68,241891,6726725.00
20110509,2.65,2.69,2.65,2.67,85896,2399323.75
20110510,2.67,2.75,2.67,2.74,240346,6805781.50
20110511,2.73,2.84,2.72,2.82,196346,5702372.00
20110512,2.79,2.84,2.78,2.82,327190,9606243.00
20110516,2.79,3.02,2.79,2.98,559419,17008564.00
20110517,2.98,3.12,2.91,3.09,877037,27885162.00
20110518,3.08,3.10,2.85,3.07,880830,20989792.00
20110519,3.04,3.05,3.01,3.05,215839,5190019.50
20110520,3.06,3.20,3.06,3.19,616754,15377977.00
20110523,3.19,3.19,3.04,3.16,758849,18588750.00
20110524,3.10,3.23,3.09,3.20,595206,14967146.00
20110525,3.17,3.21,3.15,3.18,296361,7422952.00
20110526,3.14,3.21,3.14,3.14,185500,4627283.00
20110527,3.12,3.14,2.97,2.98,458352,10909209.00
20110530,2.93,3.06,2.90,2.90,376327,8819119.00
20110531,2.94,2.94,2.86,2.91,206097,4714688.50
20110601,2.92,2.94,2.87,2.94,96809,2238690.75
20110602,2.92,2.95,2.89,2.94,215464,4983547.00
20110603,2.92,2.98,2.92,2.96,162207,3799722.25
20110607,2.97,3.00,2.94,2.98,67140,1586929.00
20110608,2.96,3.00,2.96,2.99,64110,1509134.50
20110609,2.96,3.09,2.96,2.98,328179,7837445.50
20110610,2.95,3.02,2.95,2.99,152482,3574829.25
20110613,2.92,2.99,2.92,2.99,68896,1617106.50
20110614,3.01,3.02,2.95,3.02,37100,880259.00
20110615,3.03,3.19,3.03,3.15,428834,10632480.00
20110616,3.17,3.18,3.08,3.12,137290,3381594.50
20110617,3.06,3.15,3.06,3.11,121655,2995256.25
20110620,3.12,3.15,3.03,3.05,95350,2326944.50
20110621,3.11,3.11,3.05,3.09,97300,2378228.50
20110622,3.09,3.21,3.09,3.19,294482,7395956.50
20110623,3.17,3.27,3.14,3.24,248156,6308693.00
20110624,3.24,3.28,3.17,3.27,226292,5840773.00
20110627,3.27,3.32,3.24,3.31,201845,5240723.50
20110628,3.32,3.32,3.27,3.31,90934,2366654.75
20110629,3.31,3.36,3.26,3.26,194250,5092943.50
20110630,3.25,3.31,3.18,3.27,151367,3911506.50
20110701,3.30,3.32,3.28,3.29,147798,3846572.25
20110704,3.28,3.33,3.27,3.29,160737,4172029.00
20110705,3.29,3.32,3.27,3.29,124353,3218082.50
20110706,3.28,3.31,3.23,3.29,239430,6200758.00
20110707,3.29,3.32,3.28,3.28,254162,6600069.50
20110708,3.29,3.29,3.23,3.24,130280,3341530.25
20110711,3.23,3.30,3.23,3.27,118060,3058781.00
20110712,3.25,3.28,3.24,3.27,87119,2240080.75
20110713,3.28,3.29,3.26,3.27,156749,4047785.75
20110714,3.27,3.29,3.26,3.29,298640,7725535.50
20110715,3.33,3.48,3.31,3.46,698182,18905072.00
20110719,3.43,3.59,3.40,3.58,1120452,31280026.00
20110720,3.62,3.62,3.51,3.53,662146,18600016.00
20110721,3.53,3.59,3.49,3.50,314059,8773224.00
20110722,3.45,3.56,3.45,3.54,219795,6090202.00
20110725,3.55,3.58,3.45,3.48,514840,14306144.00
20110726,3.46,3.54,3.45,3.48,124276,3397538.00
20110727,3.48,3.51,3.44,3.50,133755,3676357.50
20110728,3.50,3.67,3.46,3.63,699655,19955068.00
20110801,3.66,3.66,3.38,3.46,689422,18963468.00
20110802,3.43,3.48,3.35,3.43,470002,12601797.00
20110803,3.41,3.46,3.41,3.45,151984,4123976.25
20110804,3.40,3.47,3.40,3.45,103661,2811954.00
20110805,3.24,3.42,3.24,3.36,259804,6892757.50
20110808,3.30,3.42,3.18,3.22,480120,12413473.00
20110809,3.17,3.20,2.89,3.13,508051,12290827.00
20110810,3.17,3.22,3.13,3.17,224171,5619252.00
20110811,3.13,3.26,2.97,3.24,351837,8871429.00
20110812,3.24,3.28,3.19,3.28,285732,7323810.50
20110815,3.28,3.34,3.26,3.34,383553,10025639.00
20110816,3.37,3.45,3.21,3.24,789350,20739828.00
20110817,3.25,3.37,3.14,3.36,884883,22811166.00
20110818,3.33,3.46,3.33,3.39,842988,22643538.00
20110819,3.27,3.46,3.27,3.46,797775,21357850.00
20110822,3.45,3.53,3.45,3.48,706649,19399550.00
20110823,3.48,3.58,3.43,3.46,829734,22928002.00
20110824,3.46,3.47,3.40,3.41,361132,9795687.00
20110825,3.41,3.45,3.38,3.44,235390,6343675.50
20110826,3.44,3.49,3.43,3.43,435349,11814927.00
20110829,3.37,3.43,3.18,3.20,2037534,51995708.00
20110830,3.24,3.24,3.15,3.20,1429510,35897112.00
20110831,3.20,3.20,3.02,3.17,1055783,25955816.00
20110901,3.16,3.18,3.12,3.12,405127,10067771.00
20110902,3.11,3.16,3.10,3.13,504332,12497242.00
20110905,3.16,3.16,3.10,3.12,739182,18275754.00
20110906,3.11,3.18,3.11,3.12,363523,9045849.00
20110907,3.13,3.36,3.12,3.23,2463365,63054068.00
20110908,3.30,3.36,3.25,3.33,1659226,43156420.00
20110909,3.32,3.50,3.32,3.49,1345842,36483780.00
20110913,3.48,3.61,3.37,3.55,1411068,39260292.00
20111121,3.91,3.91,3.61,3.63,3749873,110104224.00
20111122,3.53,3.60,3.44,3.52,984748,27109002.00
20111123,3.46,3.53,3.41,3.44,1058312,28809070.00
20111124,3.45,3.47,3.37,3.39,1120100,30174210.00
20111125,3.39,3.44,3.32,3.34,754183,20000344.00
20111128,3.36,3.38,3.23,3.30,909229,23576858.00
20111129,3.30,3.44,3.30,3.44,560672,14923280.00
20111130,3.44,3.45,3.23,3.33,473276,12425284.00
20111201,3.35,3.45,3.35,3.41,460411,12313910.00
20111202,3.36,3.42,3.32,3.35,322545,8588239.00
20111205,3.11,3.38,3.11,3.31,113379,2943215.50
20111206,3.32,3.35,3.23,3.29,153091,3976044.75
20111207,3.33,3.33,3.28,3.32,143738,3740664.25
20111208,3.28,3.35,3.28,3.35,205990,5380145.50
20111209,3.31,3.36,3.30,3.35,69800,1836226.00
20111212,3.36,3.46,3.36,3.43,390210,10547881.00
20111213,3.46,3.46,3.27,3.37,327841,8589252.00
20111214,3.37,3.37,3.03,3.03,332460,8356064.00
20111216,2.90,3.27,2.84,3.10,364469,8586906.00
20111219,3.04,3.06,2.91,3.04,400904,9422882.00
20111220,3.05,3.08,2.98,2.98,112901,2707839.00
20111221,2.98,3.02,2.87,2.90,121890,2836737.00
20111222,2.87,2.87,2.61,2.75,651536,13895223.00
20111223,2.66,2.75,2.64,2.74,220011,4703396.00
20111226,2.69,2.73,2.64,2.67,202050,4305626.50
20111227,2.66,2.67,2.61,2.66,173175,3628592.75
20111228,2.63,2.66,2.58,2.63,57600,1190989.00
20111229,2.59,2.66,2.55,2.63,159189,3304086.75
20111230,2.62,2.72,2.62,2.69,316570,6718885.50
20120104,2.70,2.70,2.55,2.56,126000,2621232.00
20120105,2.56,2.56,2.33,2.38,282288,5393934.00
20120106,2.33,2.37,2.26,2.31,299990,5491364.00
20120109,2.32,2.44,2.29,2.44,360770,6743432.00
20120110,2.42,2.52,2.39,2.49,355513,6996648.00
20120111,2.46,2.51,2.45,2.49,185469,3658500.75
20120112,2.49,2.50,2.45,2.45,105460,2073826.38
20120113,2.46,2.46,2.28,2.28,307200,5695586.50
20120116,2.26,2.26,2.04,2.05,564050,9420711.00
20120117,2.07,2.18,1.89,2.12,602640,9721302.00
20120118,2.08,2.11,1.98,2.01,279638,4590861.50
20120119,2.03,2.03,1.94,2.02,207436,3316365.50
20120120,2.02,2.04,2.00,2.04,100850,1639913.50
20120130,2.06,2.12,2.04,2.09,264220,4404730.00
20120131,2.08,2.09,1.99,2.09,201609,3314749.50
20120201,2.04,2.12,2.04,2.09,101680,1695867.88
20120202,2.06,2.12,2.06,2.11,122202,2052132.38
20120203,2.33,2.33,2.21,2.33,694664,12621954.00
20120206,2.34,2.36,2.30,2.33,497548,9233283.00
20120208,2.32,2.34,2.26,2.33,433543,7985538.50
20120209,2.33,2.38,2.30,2.35,419030,7876930.50
20120210,2.35,2.37,2.33,2.34,323369,6047752.00
20120213,2.33,2.41,2.28,2.39,388136,7310834.50
20120214,2.36,2.47,2.36,2.46,363500,6977651.50
20120215,2.41,2.71,2.41,2.68,674172,14019597.00
20120216,2.68,2.68,2.60,2.63,471244,9823023.00
20120217,2.63,2.68,2.57,2.60,427960,8861314.00
20120221,2.61,2.71,2.60,2.70,824292,17432034.00
20120222,2.74,2.90,2.70,2.86,801772,17932642.00
20120223,2.80,2.98,2.79,2.95,553679,12773019.00
20120224,2.95,3.00,2.90,2.96,691075,16126796.00
20120227,3.13,3.15,2.85,2.85,3095518,72216232.00
20120228,2.83,2.83,2.65,2.67,2366157,50996660.00
20120229,2.63,2.70,2.62,2.63,1362716,28715568.00
20120301,2.65,2.67,2.62,2.63,842867,17743174.00
20120302,2.66,2.69,2.66,2.68,928592,19729410.00
20120305,2.70,2.76,2.69,2.72,1237429,26721200.00
20120306,2.70,2.86,2.61,2.81,2796468,60136764.00
20120307,2.77,2.84,2.75,2.79,1245884,27619858.00
20120308,2.79,2.82,2.76,2.81,710973,15727821.00
20120309,2.84,2.84,2.79,2.81,638295,14223673.00
20120312,2.82,2.83,2.74,2.76,681849,14995191.00
20120313,2.76,2.81,2.75,2.80,488487,10812791.00
20120314,2.80,2.89,2.61,2.64,1322067,29441004.00
20120315,2.64,2.70,2.52,2.60,645773,13340089.00
20120316,2.60,2.64,2.57,2.64,374925,7782801.00
20120319,2.67,2.91,2.67,2.87,2091691,47337388.00
20120320,2.79,2.92,2.79,2.79,903747,20315674.00
20120321,2.80,2.89,2.76,2.85,1132607,25436068.00
20120322,2.85,2.85,2.78,2.80,355044,7896316.50
20120323,2.77,2.83,2.76,2.79,363821,8050957.50
20120326,2.76,2.82,2.76,2.78,355332,7833944.00
20120327,2.81,2.81,2.66,2.69,549452,11917425.00
20120328,2.68,2.68,2.49,2.50,520270,10545876.00
20120329,2.49,2.52,2.45,2.48,244971,4850766.50
20120330,2.48,2.54,2.47,2.48,142652,2823201.50
20120405,2.51,2.57,2.48,2.57,273859,5508055.50
20120406,2.57,2.64,2.54,2.57,156659,3208172.25
20120409,2.57,2.58,2.53,2.55,166200,3373121.00
20120410,2.58,2.61,2.50,2.58,163700,3316351.50
20120411,2.58,2.59,2.51,2.56,160850,3271038.00
20120412,2.54,2.58,2.53,2.58,248596,5068649.50
20120413,2.59,2.62,2.57,2.59,416241,8578243.00
20120416,2.56,2.63,2.55,2.60,215431,4443491.00
20120417,2.55,2.60,2.54,2.55,194350,3963810.50
20120418,2.63,2.67,2.59,2.64,396621,8241024.00
20120419,2.62,2.63,2.58,2.59,385641,7972272.50
20120420,2.67,2.86,2.67,2.72,835526,18125734.00
20120423,2.70,2.70,2.45,2.45,1060075,21440274.00
20120424,2.38,2.42,2.27,2.35,685269,12850205.00
20120425,2.38,2.38,2.32,2.35,267757,5014142.50
20120426,2.34,2.38,2.33,2.33,251819,4708475.00
20120427,2.36,2.41,2.33,2.40,188908,3573319.50
20120502,2.40,2.48,2.40,2.45,243819,4747062.50
20120503,2.45,2.49,2.42,2.43,121479,2356822.50
20120504,2.43,2.45,2.41,2.43,280230,5419069.50
20120507,2.43,2.58,2.43,2.52,483747,9712640.00
20120508,2.51,2.56,2.48,2.53,280360,5596246.50
20120509,2.49,2.53,2.44,2.44,422900,8350883.50
20120510,2.43,2.50,2.43,2.45,213980,4219124.00
20120511,2.52,2.52,2.44,2.44,314324,6199630.50
20120514,2.42,2.48,2.42,2.43,402125,7817018.00
20120515,2.41,2.44,2.33,2.37,327057,6215147.00
20120516,2.37,2.39,2.36,2.36,190821,3611660.50
20120517,2.38,2.40,2.34,2.36,353063,6698454.50
20120518,2.39,2.51,2.36,2.38,433631,8383488.00
20120521,2.36,2.43,2.36,2.37,291649,5550224.00
20120522,2.43,2.45,2.40,2.42,437518,8451613.00
20120523,2.42,2.42,2.37,2.38,179800,3425068.00
20120524,2.38,2.43,2.38,2.41,252305,4839394.50
20120525,2.40,2.41,2.37,2.38,204539,3900148.50
20120528,2.38,2.44,2.27,2.40,245447,4656005.00
20120529,2.40,2.40,2.33,2.38,525650,4916675.50
20120530,2.38,2.41,2.33,2.40,492935,4616056.50
20120531,2.38,2.53,2.35,2.45,1181540,11463176.00
20120601,2.39,2.49,2.39,2.43,648770,6275818.00
20120604,2.40,2.45,2.37,2.38,453496,4309911.50
20120605,2.39,2.40,2.36,2.38,434992,4087640.75
20120606,2.36,2.40,2.31,2.34,288195,2685568.50
20120607,2.34,2.40,2.31,2.31,168200,1561746.00
20120608,2.33,2.36,2.30,2.30,278709,2555328.50
20120611,2.30,2.36,2.30,2.35,329722,3051829.00
20120612,2.33,2.35,2.32,2.32,222797,2061033.50
20120613,2.34,2.37,2.30,2.35,335649,3113729.00
20120614,2.37,2.38,2.33,2.36,669672,6235613.00
20120615,2.43,2.51,2.38,2.50,2321387,22561786.00
20120618,2.53,2.53,2.45,2.52,1586103,15630103.00
20120619,2.52,2.52,2.46,2.47,839455,8237354.50
20120620,2.48,2.72,2.48,2.62,3573449,36703332.00
20120621,2.60,2.60,2.46,2.46,2146481,21393940.00
20120625,2.40,2.43,2.28,2.30,2385531,21843680.00
20120626,2.30,2.31,2.19,2.25,819124,7266867.00
20120627,2.22,2.27,2.20,2.25,720922,6384009.00
20120628,2.27,2.32,2.19,2.20,647757,5777396.00
20120629,2.17,2.23,2.15,2.23,346058,3021157.25
20120702,2.28,2.28,2.21,2.24,622568,5499684.00
20120703,2.25,2.29,2.21,2.27,1284060,11430790.00
20120704,2.29,2.34,2.13,2.28,2065736,18330182.00
20120705,2.24,2.25,2.17,2.18,651536,5677818.00
20120706,2.20,2.21,2.15,2.20,627563,5451697.50
20120709,2.14,2.21,2.12,2.12,412268,3533264.00
20120710,2.10,2.15,2.09,2.10,421516,3524269.75
20120711,2.09,2.14,2.09,2.10,329310,2751053.50
20120712,2.09,2.13,2.08,2.11,405491,3390394.00
20120713,2.09,2.13,2.07,2.08,505838,4224257.50
20120716,1.91,1.97,1.87,1.87,1661636,12414712.00
20120717,1.87,1.90,1.76,1.84,1032128,7462697.00
20120718,1.80,1.87,1.80,1.84,761487,5554369.00
20120719,1.84,1.88,1.81,1.84,984690,7279165.50
20120720,1.82,1.90,1.82,1.85,720616,5329207.00
20120723,1.83,1.86,1.76,1.80,671641,4842072.50
20120724,1.79,1.85,1.77,1.81,697758,5039019.00
20120725,1.78,1.83,1.77,1.78,462649,3326280.50
20120726,1.79,1.81,1.69,1.71,750752,5261282.00
20120727,1.74,1.74,1.67,1.68,681860,4648734.00
20120730,1.69,1.70,1.55,1.56,784096,5040503.00
20120731,1.56,1.58,1.51,1.54,510590,3149436.25
20120801,1.54,1.58,1.54,1.55,437298,2738875.50
20120802,1.56,1.57,1.52,1.53,303049,1875944.75
20120803,1.54,1.60,1.52,1.59,442467,2760986.00
20120806,1.58,1.66,1.57,1.64,1111030,7236220.00
20120807,1.64,1.71,1.64,1.69,1293934,8699657.00
20120808,1.69,1.69,1.65,1.67,531508,3548496.00
20120809,1.66,1.72,1.65,1.70,1038026,6974528.00
20120810,1.69,1.80,1.67,1.78,1393729,9633762.00
20120813,1.78,1.78,1.68,1.73,938842,6484034.00
20120814,1.71,1.73,1.64,1.72,390305,2641880.25
20120815,1.71,1.72,1.68,1.69,239712,1621953.00
20120816,1.66,1.69,1.65,1.66,507620,3392112.75
20120817,1.66,1.68,1.59,1.64,502341,3293897.25
20120820,1.63,1.64,1.60,1.62,495010,3197082.00
20120821,1.62,1.74,1.60,1.74,1417730,9603043.00
20120822,1.74,1.74,1.69,1.72,896844,6152594.50
20120823,1.72,1.86,1.69,1.79,1769462,12547761.00
20120824,1.79,1.88,1.70,1.72,923934,6452155.00
20120827,1.70,1.70,1.62,1.66,716599,4714725.00
20120828,1.67,1.67,1.60,1.64,879921,5791776.00
20120829,1.66,1.75,1.63,1.71,1803441,12281781.00
20120830,1.69,1.73,1.57,1.64,838343,5528020.50
20120831,1.62,1.66,1.60,1.66,228650,1492743.25
20120903,1.65,1.70,1.64,1.68,253560,1699697.25
20120904,1.66,1.81,1.66,1.72,1493830,10436949.00
20120905,1.69,1.90,1.69,1.90,3212034,24011882.00
20120906,2.10,2.10,2.10,2.10,785633,6544323.00
20120907,2.32,2.32,2.32,2.32,980933,8985346.00
20120910,2.33,2.55,2.28,2.55,17535187,169952896.00
20120911,2.48,2.51,2.39,2.46,9636791,93107448.00
20120912,2.47,2.47,2.35,2.44,8150106,77508328.00
20120914,2.19,2.19,2.19,2.19,1129400,9791898.00
20120917,2.04,2.10,1.99,2.01,11145707,90675368.00
20120918,1.97,2.06,1.93,2.06,7277628,57908300.00
20120919,2.04,2.08,2.01,2.02,4697510,38034432.00
20120920,1.99,2.03,1.91,1.95,4792162,37234732.00
20120921,1.95,1.97,1.79,1.79,4477891,33332268.00
20120924,1.78,1.84,1.74,1.82,3094362,22194904.00
20120925,1.81,1.96,1.80,1.84,5291200,39842208.00
20120926,1.81,1.83,1.69,1.72,3609730,25358498.00
20120927,1.72,1.80,1.72,1.79,2790100,19696016.00
20120928,1.79,1.83,1.78,1.80,2379405,17057500.00
20121008,1.80,1.83,1.75,1.79,1778189,12620811.00
20121009,1.79,1.90,1.79,1.88,3830001,28311168.00
20121010,1.86,2.04,1.85,1.99,5959947,46368152.00
20121011,1.99,1.99,1.89,1.90,3930537,30139620.00
20121012,1.90,1.96,1.84,1.88,2793004,21089874.00
20121015,1.85,1.86,1.77,1.79,1864320,13430529.00
20121016,1.79,1.85,1.78,1.81,1467734,10627062.00
20121017,1.81,1.93,1.81,1.88,3039707,22685224.00
20121018,1.87,2.07,1.86,2.07,6181247,48859352.00
20121019,2.10,2.15,2.00,2.01,5237298,43092996.00
20121022,1.99,1.99,1.92,1.99,2272053,17730496.00
20121023,1.97,2.07,1.97,2.04,3558465,28732564.00
20121024,2.04,2.22,2.01,2.18,6414717,54428164.00
20121025,2.16,2.16,2.08,2.12,3099421,26053460.00
20121026,2.01,2.01,1.90,1.92,4982494,38269788.00
20121029,1.88,1.97,1.86,1.97,2120765,16171895.00
20121030,1.96,2.01,1.95,1.99,1469521,11574941.00
20121031,2.01,2.04,1.94,1.99,1575582,12462422.00
20121101,2.01,2.06,1.98,2.05,1759405,14111693.00
20121102,2.05,2.09,1.98,2.01,1800029,14585468.00
20121105,2.01,2.02,1.96,2.00,1306994,10341455.00
20121106,1.98,2.10,1.97,2.07,2365663,19187092.00
20121107,2.07,2.18,2.04,2.15,3346026,28154928.00
20121108,2.10,2.15,2.03,2.03,2436168,20224554.00
20121109,1.87,1.93,1.82,1.82,5457385,40506032.00
20121112,1.82,1.84,1.76,1.80,1700370,12196861.00
20121113,1.77,1.79,1.72,1.72,1554668,10855773.00
20121114,1.72,1.74,1.70,1.73,1039470,7142447.50
20121115,1.72,1.73,1.69,1.70,701800,4786336.50
20121116,1.70,1.73,1.68,1.70,649115,4424342.50
20121119,1.72,1.76,1.69,1.76,795196,5473925.00
20121120,1.76,1.82,1.75,1.76,1729901,12262359.00
20121121,1.74,1.75,1.62,1.71,1881279,12696377.00
20121122,1.68,1.70,1.65,1.67,902287,6038837.50
20121123,1.64,1.70,1.64,1.67,740156,4940368.00
20121126,1.67,1.68,1.62,1.62,492199,3259012.25
20121127,1.64,1.64,1.52,1.52,1591210,9877236.00
20121128,1.49,1.54,1.47,1.47,890353,5300959.50
20121129,1.47,1.49,1.41,1.42,485260,2822762.50
20121130,1.41,1.46,1.41,1.45,409909,2383929.75
20121203,1.48,1.48,1.39,1.40,311800,1787188.00
20121204,1.35,1.43,1.34,1.42,772351,4326866.50
20121205,1.41,1.51,1.41,1.50,770768,4573147.50
20121206,1.55,1.58,1.50,1.50,1210256,7434680.50
20121207,1.51,1.54,1.46,1.53,1165779,7060855.00
20121210,1.54,1.60,1.54,1.59,1462161,9243519.00
20121211,1.57,1.70,1.55,1.64,1959880,12753069.00
20121212,1.61,1.66,1.57,1.60,1379448,8852650.00
20121213,1.59,1.61,1.55,1.55,759202,4803850.00
20121214,1.54,1.64,1.54,1.63,1696096,10908039.00
20121217,1.64,1.64,1.60,1.62,1372244,8864903.00
20121218,1.60,1.64,1.60,1.62,1009593,6529101.50
20121219,1.63,1.64,1.60,1.62,1442400,9372328.00
20121220,1.60,1.63,1.58,1.61,1567237,10109686.00
20121221,1.62,1.62,1.59,1.61,948255,6102528.50
20121224,1.61,1.65,1.60,1.63,1120437,7302100.50
20121225,1.63,1.68,1.63,1.66,1438396,9571140.00
20121226,1.65,1.72,1.64,1.71,1741415,11726351.00
20121227,1.71,1.73,1.67,1.68,1528774,10388255.00
20121228,1.67,1.72,1.67,1.70,1311076,8900144.00
20121231,1.70,1.71,1.66,1.67,946863,6367797.50
20130104,1.70,1.73,1.65,1.68,975292,6533428.00
20130107,1.69,1.78,1.65,1.71,1986985,13700106.00
20130108,1.72,1.80,1.69,1.79,2171807,15256503.00
20130109,1.77,1.83,1.75,1.78,1484899,10586346.00
20130110,1.77,1.96,1.77,1.96,3032744,23088496.00
20130111,2.03,2.13,1.97,2.02,7389314,59500636.00
20130114,1.96,2.10,1.96,2.05,4651740,37627688.00
20130115,2.03,2.07,1.99,2.07,3403203,27440828.00
20130116,2.07,2.07,1.94,2.02,3130250,24942932.00
20130117,2.00,2.00,1.95,1.95,1174557,9194161.00
20130118,1.96,2.00,1.94,1.99,976200,7667306.50
20130121,1.96,2.02,1.96,1.99,716829,5664994.50
20130122,2.00,2.01,1.89,1.90,1175837,9122801.00
20130123,1.88,1.93,1.84,1.88,1139113,8506018.00
20130124,1.87,1.92,1.82,1.83,1215071,9078594.00
20130125,1.83,1.88,1.82,1.83,719452,5282542.00
20130128,1.84,1.92,1.83,1.92,1128602,8499399.00
20130129,1.92,1.98,1.90,1.96,1057319,8228587.00
20130130,1.96,2.04,1.96,2.00,1905986,15202849.00
20130131,1.90,1.97,1.90,1.91,2432034,18718636.00
20130201,1.91,1.98,1.91,1.96,1404446,10923594.00
20130204,1.95,1.98,1.91,1.91,1520901,11759271.00
20130205,1.89,1.96,1.88,1.93,831692,6374715.50
20130206,1.93,2.13,1.93,2.03,2660646,21707062.00
20130207,2.03,2.08,1.97,2.00,1823155,14557935.00
20130208,2.00,2.03,1.99,1.99,1336126,10669387.00
20130218,2.01,2.05,2.01,2.03,1353002,10910059.00
20130219,2.05,2.11,2.02,2.10,1925320,15851493.00
20130220,2.10,2.13,2.06,2.11,1416965,11830968.00
20130221,2.11,2.15,2.08,2.08,1688965,14171690.00
20130222,2.08,2.11,2.01,2.02,906560,7453166.00
20130225,2.00,2.23,2.00,2.23,3337059,28478880.00
20130226,2.21,2.26,2.15,2.17,2880587,25095184.00
20130227,2.19,2.30,2.17,2.27,2798720,24934564.00
20130228,2.32,2.32,2.21,2.29,2238826,19789650.00
20130301,2.26,2.32,2.25,2.31,1583609,14361704.00
20130305,2.37,2.38,2.26,2.35,1944654,17782814.00
20130306,2.35,2.38,2.29,2.32,1131378,10392468.00
20130307,2.32,2.37,2.30,2.31,1381386,12705061.00
20130308,2.28,2.43,2.28,2.31,1285539,11895503.00
20130311,2.28,2.29,2.17,2.21,1458450,12818572.00
20130312,2.18,2.20,2.08,2.11,1363168,11571789.00
20130313,2.09,2.16,2.09,2.13,469564,3961099.50
20130314,2.12,2.19,2.09,2.14,532100,4528505.00
20130315,2.14,2.22,2.14,2.18,737301,6399216.00
20130318,2.18,2.21,2.16,2.18,640400,5558556.00
20130319,2.16,2.22,2.14,2.20,575900,4960976.00
20130320,2.22,2.24,2.12,2.23,1107843,9681083.00
20130321,2.24,2.26,2.21,2.23,981443,8658422.00
20130322,2.22,2.32,2.22,2.30,1192850,10800265.00
20130422,2.54,2.54,2.54,2.54,457000,4579140.00
20130423,2.76,2.76,2.52,2.60,6622473,68415048.00
20130424,2.59,2.66,2.51,2.60,3355986,34216660.00
20130425,2.52,2.74,2.52,2.64,4215724,43939232.00
20130426,2.58,2.69,2.54,2.58,2424714,24836020.00
20130502,2.55,2.60,2.51,2.57,1141527,11461344.00
20130503,2.57,2.63,2.55,2.61,1562967,16065276.00
20130506,2.64,2.68,2.59,2.66,2126726,22128758.00
20130507,2.67,2.76,2.64,2.71,2387840,25499262.00
20130508,2.73,2.73,2.62,2.68,1748167,18364654.00
20130509,2.68,2.73,2.63,2.70,1183948,12506275.00
20130510,2.70,2.71,2.64,2.66,1229577,12882734.00
20130513,2.62,2.66,2.62,2.66,738446,7676457.50
20130514,2.67,2.67,2.53,2.58,1242826,12612399.00
20130515,2.58,2.63,2.54,2.61,654030,6707969.00
20130516,2.60,2.69,2.59,2.61,1433420,14954021.00
20130517,2.60,2.70,2.60,2.68,1809761,18974306.00
20130520,2.67,2.74,2.67,2.71,1885580,20133990.00
20130521,2.72,2.99,2.69,2.95,4431177,50303328.00
20130522,2.94,3.00,2.83,2.87,3222809,36716700.00
20130523,2.87,2.97,2.83,2.86,1834798,20882398.00
20130524,2.93,3.01,2.87,3.00,2627221,30778100.00
20130527,2.97,3.20,2.93,3.20,3277653,39977392.00
20130528,3.18,3.28,3.11,3.12,5940489,74847552.00
20130529,3.11,3.22,3.07,3.20,2049756,25634886.00
20130530,3.21,3.47,3.17,3.41,3724806,48840528.00
20130531,3.40,3.67,3.34,3.63,5881334,82493040.00
20130603,3.63,3.75,3.50,3.67,3749111,53650088.00
20130604,3.58,3.68,3.52,3.53,4144118,58077856.00
20130605,3.53,3.59,3.47,3.55,2025088,28035672.00
20130606,3.50,3.56,3.40,3.40,2361421,32083746.00
20130607,3.40,3.45,3.16,3.21,4359003,55535004.00
20130613,3.20,3.28,3.08,3.25,1021885,12715305.00
20130614,3.28,3.52,3.26,3.43,1567075,20922260.00
20130617,3.42,3.59,3.42,3.48,1748597,24120174.00
20130618,3.42,3.55,3.33,3.42,1429642,19000130.00
20130619,3.42,3.42,3.34,3.37,761712,10052502.00
20130620,3.37,3.40,3.24,3.27,855025,11143491.00
20130621,3.19,3.34,3.11,3.31,710777,8980221.00
20130624,3.32,3.32,2.97,3.05,1269878,15558095.00
20130625,3.05,3.09,2.82,2.98,1857277,21630874.00
20130626,3.02,3.18,2.96,3.16,1564270,18941196.00
20130627,3.15,3.19,3.00,3.01,2054428,24950478.00
20130628,3.00,3.15,2.95,3.03,1147816,13824840.00
20130701,3.03,3.18,3.03,3.13,959759,11790589.00
20130702,3.15,3.30,3.15,3.24,1443514,18278532.00
20130703,3.24,3.42,3.21,3.37,2730764,35760144.00
20130704,3.38,3.51,3.31,3.38,1794088,23976946.00
20130705,3.34,3.42,3.24,3.32,1621361,21190442.00
20130708,3.21,3.31,3.05,3.11,1486599,18514556.00
20130709,3.11,3.26,3.11,3.17,743955,9271723.00
20130710,3.21,3.21,3.13,3.20,793075,9891827.00
20130711,3.21,3.30,3.15,3.27,1607668,20440502.00
20130712,3.30,3.43,3.29,3.35,2629025,34827456.00
20130715,3.44,3.62,3.35,3.58,4066397,55440572.00
20130716,3.58,3.65,3.52,3.59,2255739,31733926.00
20130717,3.62,3.62,3.43,3.52,1553775,21471192.00
20130718,3.45,3.53,3.35,3.46,1637497,22062506.00
20130719,3.54,3.61,3.45,3.45,2027925,27904406.00
20130722,3.43,3.49,3.24,3.46,2788566,37214376.00
20130723,3.45,3.81,3.42,3.78,8024812,115246056.00
20130724,3.71,4.02,3.70,3.93,7616000,115025424.00
20130725,3.94,3.97,3.77,3.85,4647025,69902688.00
20130726,3.78,3.89,3.72,3.80,3333490,49794852.00
20130729,3.83,3.83,3.67,3.72,2172879,31626698.00
20130730,3.76,3.77,3.55,3.65,1399802,20109654.00
20130731,3.71,3.74,3.60,3.73,1482072,21503034.00
20130801,3.73,3.87,3.68,3.82,2774509,41088248.00
20130802,3.82,3.86,3.66,3.67,3573059,52112732.00
20130805,3.60,3.73,3.60,3.70,1802681,26061350.00
20130806,3.66,3.75,3.65,3.70,2357459,33952276.00
20130807,3.70,3.71,3.47,3.54,4412047,61384160.00
20130808,3.54,3.61,3.53,3.53,1629968,22739052.00
20130809,3.53,3.57,3.50,3.55,1139999,15806461.00
20130812,3.55,3.75,3.55,3.62,2874972,41050072.00
20130813,3.59,3.63,3.55,3.60,1817840,25415174.00
20130814,3.59,3.62,3.55,3.58,1383103,19346746.00
20130815,3.58,3.63,3.56,3.56,1576601,22156104.00
20130816,3.53,3.59,3.40,3.44,3099297,42112752.00
20130819,3.37,3.51,3.35,3.50,1694272,22893384.00
20130820,3.49,3.57,3.45,3.47,1222884,16773071.00
20130821,3.47,3.56,3.42,3.46,1924549,26221926.00
20130822,3.47,3.61,3.47,3.58,3234402,45182048.00
20130823,3.59,3.73,3.55,3.72,4145672,59428236.00
20130826,3.72,3.78,3.62,3.66,6020951,86195848.00
20130827,3.67,3.68,3.52,3.58,3829227,53504980.00
20130828,3.53,3.58,3.47,3.48,2670008,36649388.00
20130829,3.48,3.53,3.48,3.51,1287011,17661606.00
20130830,3.48,3.51,3.21,3.24,3927432,51455208.00
20130902,3.23,3.26,3.16,3.21,1457564,18397288.00
20130903,3.24,3.28,3.20,3.22,1486698,18862328.00
20130904,3.23,3.38,3.23,3.35,2268301,29689180.00
20130905,3.35,3.35,3.28,3.32,1219657,15848200.00
20130906,3.36,3.36,3.25,3.29,1350289,17440050.00
20130909,3.31,3.33,3.24,3.26,1490804,19149996.00
20130910,3.26,3.30,3.21,3.22,1192962,15111078.00
20130911,3.22,3.22,3.02,3.16,2600356,31588542.00
20130912,3.15,3.18,3.10,3.17,1281046,15830204.00
20130913,3.17,3.22,3.13,3.21,974040,12162393.00
20130916,3.21,3.33,3.17,3.30,1712309,21972274.00
20130917,3.31,3.38,3.08,3.25,1733829,22343326.00
20130918,3.21,3.31,3.21,3.30,638751,8175370.00
20130923,3.30,3.43,3.30,3.42,1974236,26255332.00
20130924,3.42,3.47,3.34,3.40,1323189,17676934.00
20130925,3.38,3.41,3.28,3.32,1640753,21451616.00
20130926,3.31,3.60,3.25,3.38,2784362,37555060.00
20130927,3.33,3.42,3.33,3.39,1076408,14298523.00
20130930,3.39,3.56,3.39,3.52,2838440,38984500.00
20131008,3.57,3.68,3.51,3.61,2580080,36341748.00
20131009,3.61,3.62,3.53,3.61,2088216,29290662.00
20131010,3.60,3.63,3.52,3.54,1975108,27470040.00
20131011,3.58,3.63,3.52,3.58,1798829,25119844.00
20131014,3.61,3.61,3.51,3.58,1923552,26774196.00
20131015,3.58,3.58,3.51,3.52,873712,12078897.00
20131016,3.52,3.54,3.35,3.36,1329220,17799454.00
20131017,3.37,3.43,3.30,3.32,720884,9475995.00
20131018,3.35,3.39,3.33,3.38,755400,9971741.00
20131021,3.41,3.52,3.32,3.51,1499247,20450830.00
20131022,3.52,3.56,3.42,3.45,1114600,15248002.00
20131023,3.45,3.47,3.26,3.34,1488528,19477310.00
20131024,3.41,3.65,3.34,3.55,4078709,56177484.00
20131025,3.56,3.65,3.47,3.49,2386316,33202258.00
20131028,3.30,3.57,3.30,3.49,911994,12513253.00
20131029,3.48,3.54,3.15,3.30,1798609,23425520.00
20131030,3.30,3.35,3.23,3.30,1007632,12911434.00
20131031,3.28,3.30,3.18,3.24,710801,9017806.00
20131101,3.24,3.26,3.15,3.21,486118,6093378.50
20131104,3.24,3.29,3.21,3.26,445466,5690598.50
20131105,3.30,3.31,3.21,3.29,632239,8108012.00
20131106,3.29,3.41,3.29,3.37,1032223,13648013.00
20131107,3.32,3.36,3.21,3.28,559507,7209904.50
20131108,3.29,3.29,3.17,3.23,554947,6992930.50
20131111,3.18,3.36,3.18,3.34,1037412,13354256.00
20131112,3.32,3.49,3.27,3.44,2014811,27029280.00
20131113,3.49,3.55,3.39,3.43,1384337,18766454.00
20131114,3.43,3.54,3.38,3.51,1585818,21736410.00
20131115,3.63,3.68,3.55,3.58,3079446,43510868.00
20131118,3.65,3.94,3.58,3.94,6795163,102147592.00
20131119,4.02,4.14,3.90,4.02,7701387,121322072.00
20131120,4.04,4.08,3.93,4.00,3599235,55991104.00
20131121,3.94,4.12,3.89,3.97,3890951,60805288.00
20131122,3.98,3.98,3.84,3.90,2401025,36474016.00
20131125,3.90,3.93,3.84,3.88,2030405,30778750.00
20131126,3.90,4.04,3.85,3.96,2636299,40386692.00
20131127,3.99,4.22,3.93,4.18,6189252,99164416.00
20131128,4.15,4.35,4.05,4.14,4150486,68048016.00
20131129,4.14,4.27,4.04,4.24,2966124,48262684.00
20131202,4.01,4.01,3.81,3.81,5329996,81080952.00
20131203,3.66,3.88,3.61,3.82,4277237,62671028.00
20131204,3.82,3.86,3.76,3.76,2453967,36406220.00
20131205,3.71,3.80,3.66,3.72,2001358,29015158.00
20131206,3.72,3.76,3.63,3.74,804000,11742846.00
20131209,3.74,3.82,3.72,3.80,1391568,20644028.00
20131210,3.84,3.87,3.71,3.84,1526819,22825356.00
20131211,3.84,3.89,3.79,3.85,1416808,21270664.00
20131212,3.83,4.04,3.81,3.97,2021972,30981492.00
20131213,4.03,4.04,3.94,3.99,1990314,31231094.00
20131216,4.01,4.14,4.01,4.04,2130089,33773800.00
20131217,4.06,4.07,3.86,3.95,1524993,23502904.00
20131218,3.95,3.97,3.89,3.96,818486,12621062.00
20131219,3.95,4.01,3.93,3.95,508351,7885951.00
20131220,3.85,3.96,3.84,3.92,883918,13431181.00
20131223,3.91,3.96,3.79,3.90,860075,13067101.00
20131224,3.87,4.08,3.85,4.01,1667899,26140368.00
20131225,4.01,4.12,3.94,4.10,2659289,42019744.00
20131226,4.11,4.11,3.95,3.97,1756833,27659956.00
20131227,3.94,4.15,3.94,4.14,3110841,49720556.00
20131230,4.15,4.35,4.02,4.04,2239370,35991560.00
20131231,3.99,4.08,3.81,3.97,2710010,41544536.00
20140102,3.96,4.02,3.94,3.99,1155211,17965960.00
20140103,3.98,4.02,3.86,3.87,2464134,37671624.00
20140106,3.87,3.90,3.63,3.72,3642805,52964380.00
20140107,3.68,3.76,3.62,3.76,1370431,19849142.00
20140108,3.72,3.88,3.72,3.80,1133074,16900708.00
20140109,3.88,3.91,3.80,3.85,1708714,25821864.00
20140110,3.84,3.84,3.64,3.74,1298902,18872524.00
20140113,3.74,3.77,3.69,3.76,440574,6446249.50
20140114,3.83,3.83,3.71,3.81,916311,13599920.00
20140115,3.83,3.85,3.80,3.82,1126863,16841432.00
20140116,3.87,3.94,3.80,3.80,1275469,19194174.00
20140117,3.78,3.82,3.65,3.71,1648842,24030768.00
20140120,3.71,3.77,3.65,3.72,1402203,20372968.00
20140121,3.70,3.76,3.67,3.73,1299803,18880672.00
20140122,3.74,3.89,3.72,3.83,1851295,27594518.00
20140123,3.82,3.98,3.80,3.95,4157142,63614516.00
20140124,3.94,4.01,3.91,3.97,3949058,61070316.00
20140127,3.94,4.09,3.91,4.01,4208216,66130624.00
20140128,3.97,4.02,3.84,3.91,2371027,36134424.00
20140129,3.92,4.19,3.92,4.13,4160480,65999892.00
20140130,4.13,4.18,4.05,4.05,2235994,35845392.00
20140207,3.98,4.17,3.98,4.17,2882557,46080192.00
20140210,4.22,4.34,4.14,4.30,5500736,91534168.00
20140211,4.28,4.33,4.12,4.23,3273252,53957076.00
20140212,4.23,4.28,4.18,4.25,2076640,34245668.00
20140213,4.23,4.23,4.02,4.06,5038821,80740864.00
20140214,4.06,4.21,4.00,4.17,2378590,38205940.00
20140217,4.14,4.34,4.11,4.31,3929430,64984832.00
20140218,4.32,4.47,4.27,4.30,4321955,73774904.00
20140219,4.28,4.36,4.20,4.23,3405464,56747092.00
20140220,4.25,4.25,4.06,4.13,1859914,29964296.00
20140221,4.13,4.16,4.07,4.13,1249249,20066692.00
20140224,4.10,4.17,3.99,4.15,1594233,25529232.00
20140225,4.17,4.22,3.81,3.84,3508339,54676816.00
20140226,3.77,3.89,3.72,3.88,2337413,34979528.00
20140227,3.87,3.94,3.77,3.86,2576438,39034964.00
20140228,3.81,3.94,3.81,3.90,1985412,30075842.00
20140303,4.04,4.08,3.95,4.02,3411673,53518980.00
20140304,3.99,4.01,3.84,3.93,2176771,33343158.00
20140305,3.96,4.01,3.90,3.93,1403937,21662726.00
20140306,3.93,3.96,3.85,3.89,1348756,20496566.00
20140307,3.90,3.95,3.85,3.89,1041196,15899834.00
20140310,3.89,3.93,3.78,3.84,1551086,23273124.00
20140311,3.82,3.92,3.81,3.88,850743,12814239.00
20140312,3.88,4.15,3.85,4.07,3761243,58981456.00
20140313,4.14,4.14,4.03,4.14,2196495,35057376.00
20140314,4.09,4.20,4.09,4.14,1601587,25952198.00
20140317,4.13,4.42,4.09,4.36,5248303,88747904.00
20140318,4.41,4.41,4.24,4.27,7772398,130607640.00
20140319,4.27,4.40,4.22,4.28,4538121,76352712.00
20140320,4.27,4.29,4.12,4.13,3356146,54833144.00
20140321,4.07,4.27,4.06,4.25,3588187,58171480.00
20140324,4.23,4.42,4.15,4.17,4225643,71211016.00
20140325,4.15,4.19,4.04,4.17,2703789,43478084.00
20140326,4.17,4.38,4.15,4.31,3741451,62567048.00
20140327,4.29,4.34,4.07,4.10,3396614,55471404.00
20140328,4.08,4.10,3.91,3.95,2183690,33924500.00
20140331,3.91,4.00,3.89,3.93,855628,13208606.00
20140401,3.90,4.06,3.90,4.02,825212,12930089.00
20140402,4.07,4.07,3.98,4.02,1318442,20673544.00
20140403,4.03,4.09,3.93,4.05,911355,14357876.00
20140404,4.04,4.19,4.01,4.17,1794929,29002104.00
20140408,4.14,4.21,4.07,4.19,1489898,24149644.00
20140409,4.20,4.25,4.15,4.18,1670258,27329120.00
20140410,4.28,4.36,4.22,4.28,4069596,67946952.00
20140411,4.23,4.72,4.16,4.67,11027720,195814368.00
20140414,4.63,4.67,4.54,4.67,5314288,95583144.00
20140415,4.66,4.85,4.54,4.58,7355204,135153024.00
20140416,4.54,4.65,4.42,4.55,5026371,88404560.00
20140417,4.54,4.70,4.49,4.64,4296481,77114000.00
20140418,4.65,4.69,4.54,4.64,2971812,53370124.00
20140421,4.59,4.90,4.57,4.69,4302664,79542000.00
20140422,4.68,4.68,4.29,4.38,6773762,117410512.00
20140423,4.42,4.53,4.34,4.45,3057429,53073440.00
20140424,4.41,4.53,4.35,4.46,2319007,40185940.00
20140425,4.46,4.50,4.37,4.38,2236953,38774184.00
20140428,4.31,4.31,3.97,4.14,3251824,52673228.00
20140429,4.13,4.23,4.09,4.21,1388682,22565844.00
20140430,4.21,4.33,4.21,4.28,1287692,21465054.00
20140505,4.38,4.48,4.31,4.42,2530355,43486704.00
20140506,4.42,4.50,4.36,4.40,2113188,36537800.00
20140507,4.36,4.36,4.25,4.26,1659714,27873350.00
20140508,4.30,4.34,4.22,4.24,1481516,24757364.00
20140509,4.23,4.26,4.12,4.21,1406487,22939142.00
20140512,4.26,4.35,4.23,4.31,2073645,34725156.00
20140513,4.34,4.34,4.24,4.28,1556221,26004120.00
20140514,4.30,4.30,4.22,4.23,1113718,18497834.00
20140515,4.24,4.28,4.20,4.23,1763416,29214654.00
20140516,4.22,4.25,4.12,4.24,1904853,31123580.00
20140519,4.24,4.28,4.13,4.20,1076507,17731218.00
20140520,4.23,4.33,4.23,4.33,2376533,39826588.00
20140521,4.33,4.43,4.27,4.36,2585038,44011456.00
20140522,4.34,4.45,4.34,4.39,2874175,49342080.00
20140523,4.39,4.53,4.37,4.50,3828926,66794120.00
20140526,4.51,4.57,4.46,4.54,3028426,53274008.00
20140527,4.52,4.59,4.40,4.47,2708257,47469396.00
20140528,4.47,4.58,4.43,4.58,3238650,57211368.00
20140529,4.58,4.64,4.45,4.49,2746235,48511964.00
20140530,4.49,4.52,4.38,4.46,1589722,27552490.00
20140603,4.46,4.48,4.40,4.42,1832583,31734918.00
20140604,4.41,4.42,4.31,4.36,1797207,30504138.00
20140605,4.36,4.55,4.36,4.55,2284316,39798276.00
20140606,4.55,4.57,4.46,4.53,2281365,40187940.00
20140609,4.53,4.63,4.49,4.63,3632524,64844432.00
20140610,4.60,4.68,4.54,4.66,3846765,69332784.00
20140611,4.66,4.96,4.64,4.85,9458070,177546080.00
20140612,4.80,4.88,4.77,4.86,2864002,53747420.00
20140613,4.88,4.94,4.79,4.85,3946641,74634088.00
20140616,4.85,4.88,4.73,4.77,4003926,74878360.00
20140617,4.79,4.84,4.72,4.77,2550749,47539548.00
20140618,4.77,4.85,4.71,4.77,2330167,43411248.00
20140619,4.76,4.79,4.52,4.55,3597024,65237356.00
20140620,4.57,4.98,4.54,4.98,6433887,118302120.00
20140623,4.93,5.25,4.93,5.06,6945989,137708352.00
20140624,5.09,5.17,5.03,5.10,2713050,53723680.00
20140625,5.11,5.17,5.03,5.13,2336449,46309252.00
20140626,5.20,5.49,5.20,5.38,6175086,129252680.00
20140627,5.36,5.40,5.30,5.39,2506130,52197428.00
20140630,5.33,5.39,5.23,5.36,2878691,59573040.00
20140701,5.37,5.53,5.10,5.21,6105612,125134544.00
20140702,5.23,5.47,5.18,5.47,4999156,103007560.00
20140703,5.47,5.52,5.34,5.38,3395315,71444560.00
20140704,5.34,5.40,5.25,5.30,2991755,61772660.00
20140707,5.29,5.63,5.23,5.60,4540326,95930696.00
20140708,5.55,5.82,5.48,5.72,4503247,98948008.00
20140709,5.69,5.82,5.45,5.52,4362233,95408424.00
20140710,5.47,5.68,5.38,5.51,3219894,69249496.00
20140711,5.46,5.60,5.35,5.44,3368737,71688760.00
20140714,5.44,5.59,5.36,5.54,2363084,50341180.00
20140715,5.53,5.58,5.38,5.44,2531052,53778372.00
20140716,5.46,5.54,5.15,5.28,3383791,70496280.00
20140717,5.24,5.35,5.18,5.28,2533851,51865600.00
20140718,5.27,5.36,5.21,5.28,1759286,36193640.00
20140721,5.29,5.37,5.25,5.35,1426891,29460750.00
20140722,5.33,5.39,5.25,5.39,2053724,42427400.00
20140723,5.51,5.57,5.07,5.15,5851775,120545232.00
20140724,5.12,5.20,4.94,5.18,3306264,64788752.00
20140725,5.15,5.21,5.12,5.18,1034219,20769266.00
20140728,5.19,5.27,5.07,5.19,2400601,48289836.00
20140729,5.22,5.34,5.14,5.29,4042782,82692200.00
20140730,5.24,5.34,5.20,5.29,2505986,51326596.00
20140731,5.29,5.35,5.26,5.33,1560307,32204280.00
20140801,5.33,5.36,5.23,5.26,2056729,42213708.00
20140804,5.21,5.29,5.18,5.22,2099423,42590652.00
20140805,5.24,5.47,5.22,5.43,2671175,55580792.00
20140806,5.43,5.59,5.43,5.53,2786558,59757156.00
20140807,5.53,5.58,5.36,5.36,2383197,50480048.00
20140808,5.35,5.48,5.32,5.46,1322060,27848498.00
20140811,5.48,5.64,5.48,5.58,2379918,51576848.00
20140812,5.58,5.69,5.54,5.58,1835780,39955692.00
20140813,5.63,5.63,5.40,5.45,2786977,59102924.00
20140814,5.44,5.53,5.42,5.45,1253392,26630186.00
20140815,5.49,5.49,5.41,5.45,1357423,28730694.00
20140818,5.46,5.64,5.44,5.59,3563420,77076864.00
20140819,5.64,5.71,5.56,5.64,2571511,56125292.00
20140820,5.65,5.71,5.58,5.70,2969941,65324692.00
20140821,5.71,5.76,5.59,5.71,2259528,49700936.00
20140822,5.69,5.77,5.66,5.74,2833793,62907772.00
20140825,5.78,5.79,5.57,5.58,2237759,49013376.00
20140826,5.59,5.65,5.36,5.48,2623998,55997660.00
20140827,5.45,5.53,5.39,5.48,1151400,24544352.00
20140828,5.47,5.56,5.40,5.43,2566286,54623604.00
20140829,5.54,5.71,5.47,5.60,3383590,73454800.00
20140901,5.54,6.16,5.43,5.86,8170758,183407296.00
20140902,5.94,6.11,5.94,6.11,5063758,118699376.00
20140903,6.12,6.48,5.98,6.36,5743317,138229168.00
20140904,6.36,6.37,6.14,6.29,5782200,140560608.00
20140905,6.29,6.30,6.04,6.16,3487936,82977312.00
20140909,6.16,6.28,6.10,6.21,1996446,47991272.00
20140910,6.19,6.24,6.09,6.18,2848445,68143512.00
20140911,6.17,6.28,6.11,6.19,2244494,53925908.00
20140912,6.18,6.39,6.14,6.38,3165909,76968264.00
20140915,6.31,6.31,6.10,6.19,4237630,102443704.00
20140916,6.16,6.21,5.95,5.98,4417341,104783272.00
20140918,6.58,6.59,6.45,6.59,6902190,175423680.00
20140919,6.80,6.81,6.56,6.81,6947501,180334112.00
20140922,6.73,7.28,6.68,7.21,10149184,275853056.00
20140923,7.06,7.35,7.00,7.16,5863844,162596320.00
20140924,7.09,7.55,7.08,7.49,5059155,145193680.00
20140925,7.44,7.64,7.26,7.62,4774367,136827264.00
20140926,7.61,7.61,7.28,7.28,4247774,122177752.00
20140929,7.33,7.34,7.12,7.20,4974676,138503984.00
20140930,7.28,7.33,7.13,7.25,3170176,88872104.00
20141008,7.25,7.54,7.20,7.43,3029220,86455920.00
20141009,7.40,7.49,6.68,6.91,8753641,234295792.00
20141010,6.84,6.84,6.68,6.74,5333365,139588064.00
20141013,6.75,6.76,6.57,6.70,3988732,102430712.00
20141014,6.63,6.83,6.60,6.68,3843903,99683064.00
20141015,6.69,6.74,6.53,6.64,2347224,60112396.00
20141016,6.69,6.83,6.60,6.70,3481662,91095896.00
20141017,6.67,6.74,6.20,6.31,6152019,151975472.00
20141020,6.33,6.67,6.32,6.64,4305551,108543448.00
20141021,6.63,6.89,6.58,6.75,3687191,96784616.00
20141022,6.73,6.86,6.63,6.65,2307387,60402024.00
20141023,6.59,6.71,6.38,6.47,2175772,54438036.00
20141024,6.44,6.57,6.44,6.47,1161006,29329858.00
20141027,6.47,6.89,6.45,6.84,3493514,91577560.00
20141028,6.84,6.99,6.68,6.98,4265821,112773640.00
20141029,6.98,7.02,6.90,6.94,2863708,77263544.00
20141030,6.92,7.10,6.90,6.91,2876108,78032688.00
20141031,6.94,7.11,6.86,6.91,1966375,53179132.00
20141103,6.92,7.02,6.87,6.91,1411869,37938684.00
20141104,6.95,6.95,6.71,6.71,1958966,51603744.00
20141105,6.68,6.84,6.49,6.71,1731149,44503068.00
20141106,6.71,6.77,6.63,6.73,1292040,33585656.00
20141107,6.73,6.84,6.57,6.59,1905863,49595276.00
20141110,6.57,6.64,6.49,6.51,2325937,58867704.00
20141111,6.51,6.55,6.07,6.42,3879282,94855840.00
20141112,6.33,6.54,6.25,6.51,1973828,49452120.00
20141113,6.50,6.50,6.21,6.40,2528268,62117028.00
20141114,6.40,6.49,6.32,6.43,1546479,38469720.00
20141117,6.40,6.68,6.37,6.62,2048724,52351240.00
20141118,6.62,6.71,6.60,6.65,1062679,27433172.00
20141119,6.71,6.74,6.66,6.69,1107349,28711704.00
20141120,6.73,6.73,6.53,6.60,1374601,35150256.00
20141121,6.67,6.67,6.55,6.62,1290286,33056794.00
20141124,6.71,6.88,6.60,6.80,2641168,69237584.00
20141125,6.76,7.07,6.73,6.93,2507208,67671672.00
20141126,6.99,7.05,6.78,6.92,2383842,63659296.00
20141127,6.92,6.94,6.77,6.79,1557108,41275404.00
20141128,6.78,6.83,6.62,6.67,2202726,57211416.00
20141201,6.77,7.28,6.77,7.09,6791866,185209840.00
20141202,7.09,7.25,7.00,7.11,3456218,95654016.00
20141203,7.13,7.22,6.81,7.13,3956663,108414160.00
20141204,7.16,7.63,7.16,7.47,5300149,152979136.00
20141205,7.47,7.47,7.05,7.12,3761953,104945032.00
20141208,6.97,7.10,6.79,6.84,4403251,117939680.00
20141209,6.80,6.80,6.25,6.27,6328146,159003536.00
20141210,6.27,6.53,6.24,6.50,2397295,59808708.00
20141211,6.45,6.64,6.38,6.60,2333016,59192344.00
20141212,6.61,6.98,6.60,6.96,3911781,104486576.00
20141215,6.99,7.20,6.87,7.11,2407480,65676840.00
20141216,7.13,7.25,7.01,7.01,2200499,60331088.00
20141217,7.02,7.18,6.77,6.81,2196006,58379276.00
20141218,6.86,6.98,6.75,6.78,2419857,64455216.00
20141219,6.79,6.87,6.45,6.60,2132725,54395532.00
20141222,6.44,6.58,6.22,6.45,3078585,76443080.00
20141223,6.52,6.60,6.26,6.43,2142833,52938116.00
20141224,6.42,6.61,6.42,6.59,1434286,36240420.00
20141225,6.60,6.64,6.50,6.54,1064002,27095770.00
20141226,6.48,6.53,6.33,6.34,1965781,48794564.00
20141229,6.38,6.50,5.81,6.50,5939867,139818592.00
20141230,6.39,6.39,6.24,6.34,1843384,45098872.00
20141231,6.32,6.37,6.16,6.37,1843193,44766068.00
20150105,6.39,6.39,6.22,6.32,1474387,35944776.00
20150106,6.32,6.49,6.26,6.45,1914028,47732656.00
20150107,6.55,6.63,6.32,6.34,1694420,42332484.00
20150108,6.38,6.57,6.36,6.52,1844643,46211424.00
20150109,6.53,6.57,6.34,6.35,2951105,73250080.00
20150112,6.29,6.40,6.19,6.35,1233404,30255692.00
20150113,6.35,6.70,6.29,6.67,2877141,72743112.00
20150114,6.58,6.84,6.34,6.43,7330748,185727728.00
20150115,6.44,6.55,6.37,6.39,2394520,59794376.00
20150116,6.40,6.65,6.29,6.56,3766663,94673584.00
20150119,6.71,6.87,6.52,6.60,7024433,183796288.00
20150120,6.62,7.09,6.62,6.99,5753473,154267824.00
20150121,6.92,7.35,6.87,7.23,5717123,159061904.00
20150122,7.23,7.31,7.10,7.18,3049936,84867240.00
20150123,7.17,7.22,7.00,7.02,2490059,68181448.00
20150126,6.99,7.20,6.99,7.18,2695244,74635560.00
20150127,7.22,7.38,7.02,7.18,3122357,87098344.00
20150128,7.31,7.33,7.10,7.19,2238454,62828592.00
20150129,7.23,7.28,7.07,7.13,1623642,44982812.00
20150130,7.20,7.46,7.10,7.39,3316594,94086240.00
20150202,7.32,7.90,7.28,7.88,5927920,174880032.00
20150203,7.98,8.09,7.72,7.85,3983936,121452232.00
20150204,7.84,7.98,7.75,7.78,2633713,79729936.00
20150205,7.75,8.09,7.67,7.88,2805261,85645440.00
20150206,7.88,7.98,7.67,7.68,2595771,78340048.00
20150209,7.65,7.87,7.44,7.48,3276308,96826632.00
20150210,7.49,8.17,7.47,8.13,4962940,152531744.00
20150211,8.22,8.61,8.03,8.52,4531775,146390368.00
20150212,8.52,9.18,8.40,8.83,6659804,228230192.00
20150609,9.72,9.72,9.72,9.72,54602,1279870.88
20150610,10.69,10.69,10.69,10.69,5694,146791.31
20150611,11.77,11.77,11.77,11.77,14780,419160.81
20150612,12.95,12.95,12.95,12.95,20045,625404.00
20150615,14.25,14.25,14.25,14.25,121261,4161677.50
20150616,15.68,15.68,15.68,15.68,15097,569911.75
20150617,17.26,17.26,17.26,17.26,555810,23082790.00
20150618,17.45,17.86,15.55,15.74,27930898,1135619968.00
20150619,14.78,15.36,14.16,14.16,13458074,471679328.00
20150623,14.53,14.73,13.28,14.46,11458841,388720224.00
20150624,14.85,14.85,14.10,14.56,10279548,357245856.00
20150625,14.59,14.74,13.50,13.58,9445046,320636544.00
20150626,12.91,13.14,12.21,12.21,6228665,186309712.00
20150629,12.45,12.53,10.99,10.99,8282040,224795104.00
20150630,9.88,12.09,9.88,12.09,12674499,336214880.00
20150701,12.03,13.23,11.20,11.51,14892314,450242688.00
20150702,11.58,11.94,10.36,10.36,10706142,280268704.00
20150703,11.11,11.40,9.95,11.26,23632509,626104064.00
20150706,12.37,12.37,10.13,10.50,20761326,565269888.00
20150707,9.58,9.86,9.45,9.45,5317518,122219080.00
20150720,10.40,10.40,10.40,10.40,54738,1372281.63
20150721,11.44,11.44,11.44,11.44,146508,4040690.75
20150722,12.59,12.59,12.54,12.59,15167321,460131680.00
20150723,13.53,13.86,13.15,13.86,29675954,962594752.00
20150724,13.83,14.73,13.57,13.83,24689536,834607808.00
20150727,13.53,14.32,12.44,12.44,19951171,655025408.00
20150728,11.41,12.83,11.19,11.99,14941894,425191712.00
20150729,12.41,12.82,11.06,12.78,13751461,396873824.00
20150730,12.46,12.72,11.52,11.60,10646090,315256800.00
20150731,11.50,11.50,10.47,10.64,9653905,257670544.00
20150803,10.37,10.37,9.57,9.58,11616455,274779040.00
20150804,9.74,10.54,9.68,10.54,10270152,251677504.00
20150805,10.83,11.18,10.20,10.53,11484843,297168672.00
20150806,10.12,10.74,9.93,10.33,7515649,186945920.00
20150807,10.60,11.28,10.46,11.17,10395419,275444448.00
20150810,11.36,12.29,11.36,12.29,12549713,359978144.00
20150811,12.36,12.82,12.15,12.20,10810153,324323488.00
20150812,11.97,12.25,11.42,11.49,8994046,256112864.00
20150820,11.49,12.32,11.41,11.51,10540926,302472096.00
20150821,11.07,11.55,10.50,10.78,8888286,234886768.00
20150824,10.07,10.69,9.70,9.70,4754498,113482240.00
20150825,8.73,9.20,8.73,8.73,8745871,187397632.00
20150826,8.78,9.44,7.86,7.93,11350469,237413536.00
20150827,8.24,8.65,7.66,8.39,8884799,176557024.00
20150828,8.62,9.20,8.33,9.20,9984425,208966016.00
20150831,8.96,9.11,8.30,8.33,5906356,124290752.00
20150901,8.20,8.20,7.49,7.49,6020988,112161392.00
20150902,6.96,7.95,6.83,7.39,9075879,160720144.00
20150907,7.61,8.13,7.61,8.05,9466815,182561632.00
20150908,7.89,8.86,7.70,8.86,7745248,157968128.00
20150909,8.83,9.70,8.83,9.17,10303767,231011536.00
20150910,8.98,9.90,8.90,9.66,8437898,193011648.00
20150911,9.53,9.74,9.23,9.53,5437733,124269232.00
20150914,9.53,9.58,8.58,8.58,7452979,159057920.00
20150915,8.24,8.98,7.87,8.34,7113488,145930576.00
20150916,8.29,9.18,8.20,9.18,7922715,171167648.00
20150917,9.53,10.11,9.37,9.87,9005114,213143216.00
20150918,9.82,10.36,9.49,10.17,8735594,210439760.00
20150921,9.99,10.92,9.83,10.56,6455597,162536864.00
20150922,10.54,10.73,10.10,10.37,4183646,105358008.00
20150923,10.20,10.53,9.90,10.25,6225136,153302592.00
20150924,10.37,10.78,10.28,10.41,4718152,119969032.00
20150925,10.35,10.49,9.37,9.37,6050407,141867232.00
20150928,9.44,10.23,9.44,10.20,4269727,100985904.00
20150929,9.95,10.53,9.90,10.20,5289493,130208312.00
20150930,10.24,10.45,9.58,9.86,4424514,106806232.00
20151008,10.24,10.78,10.24,10.78,6010528,152771152.00
20151009,10.79,11.24,10.43,11.17,6949296,181286944.00
20151012,11.24,12.28,11.18,12.04,7430946,210164640.00
20151013,11.87,12.17,11.75,11.95,4374586,126088320.00
20151014,12.11,12.11,11.48,11.53,5941689,167614096.00
20151015,11.53,12.06,11.45,11.99,5157075,147565872.00
20151016,12.08,12.24,11.54,12.18,8425515,242332192.00
20151019,12.45,12.46,11.56,11.78,7813858,226199952.00
20151020,11.78,12.32,11.70,12.28,7249637,210096448.00
20151021,12.24,12.24,11.05,11.05,10101358,282569248.00
20151022,11.03,11.81,11.01,11.72,8331611,228528064.00
20151023,11.96,12.90,11.53,12.90,37196391,460372896.00
20151026,13.28,13.44,12.47,12.63,33785131,435781888.00
20151027,12.54,12.54,11.36,12.34,36214158,429452000.00
20151028,11.96,12.51,11.64,11.74,19774346,238319328.00
20151029,11.99,12.10,11.43,11.67,18473233,217194144.00
20151030,11.49,11.86,11.36,11.74,15996152,187114848.00
20151102,11.44,11.81,11.15,11.20,16233920,186152320.00
20151103,11.31,11.40,10.56,10.71,16144357,176119440.00
20151104,10.81,11.79,10.80,11.78,20853373,237672736.00
20151105,11.89,12.25,11.58,11.75,23241246,277455968.00
20151106,11.88,12.26,11.88,12.15,24708328,300025952.00
20151109,11.96,12.48,11.71,12.23,27170739,329209056.00
20151110,12.23,13.20,12.05,12.97,32846952,412209408.00
20151111,13.47,14.27,13.47,14.27,53857918,768268800.00
20151112,14.71,15.13,14.10,14.25,45637151,662369920.00
20151113,13.96,14.56,13.46,13.75,27984808,390171808.00
20151116,13.96,15.13,13.84,15.13,47078758,695471232.00
20151117,15.66,15.95,14.36,14.48,46830971,704213440.00
20151118,14.56,14.69,13.47,13.66,26545627,377939648.00
20151119,13.51,14.94,13.51,14.79,32087566,461550688.00
20151120,15.14,16.27,15.08,15.81,64537148,1031208064.00
20151123,15.31,15.57,14.83,14.91,38888383,590417024.00
20151124,14.86,15.20,14.50,15.18,19204523,286323936.00
20151125,15.07,15.38,14.88,15.15,20072300,304754176.00
20151126,15.38,16.55,15.05,16.01,39322487,625850816.00
20151127,15.95,15.96,14.41,14.43,32570679,492530688.00
20151130,14.71,15.88,14.14,15.88,59648455,913201792.00
20151201,16.06,17.45,15.79,16.29,56024343,937112704.00
20151202,16.56,17.72,14.98,16.99,55348313,923430272.00
20151203,16.26,17.16,16.11,16.96,31242418,520485984.00
20151204,16.73,17.96,16.56,17.76,35735823,621687360.00
20151207,17.76,18.14,17.39,17.76,27217419,481690336.00
20151208,17.57,17.76,16.56,17.04,22378995,386127040.00
20151209,16.96,16.96,16.16,16.47,25618263,420659488.00
20151210,16.35,18.12,16.30,18.12,29967715,524572416.00
20151211,19.01,19.31,17.96,18.36,43832906,813954176.00
20151214,17.64,17.80,16.65,17.04,40554546,694969600.00
20151215,17.04,18.46,16.96,17.80,29906903,533723040.00
20151216,18.24,18.41,17.55,17.56,26516469,477148992.00
20151217,17.56,19.32,17.54,19.32,39457789,727393856.00
20151218,19.21,19.62,18.24,18.96,37630214,720491264.00
20151221,18.91,20.12,18.57,19.56,31031334,603428608.00
20151222,19.33,19.86,19.04,19.73,23638091,461983072.00
20151223,19.69,20.41,19.49,19.74,27228134,543610688.00
20151224,19.81,20.46,19.36,20.28,24588844,492705600.00
20151225,20.47,22.23,20.06,21.84,30431087,654530688.00
20151228,22.46,22.46,20.96,20.97,30657994,664269568.00
20151229,21.21,21.46,19.50,20.74,34855527,707682496.00
20151230,20.77,22.46,20.54,21.99,32325286,703200064.00
20151231,21.82,22.51,20.78,20.95,31284278,674067840.00
20160104,21.26,21.68,18.85,18.86,27175349,556254016.00
20160105,17.22,19.73,17.04,18.14,33107108,606023232.00
20160106,18.24,18.84,17.46,18.32,29507798,534004160.00
20160107,17.76,17.76,16.48,16.48,6923524,117420208.00
20160108,16.96,17.30,14.84,15.81,30137094,479833248.00
20160111,15.06,15.61,14.23,14.23,21998518,324252640.00
20160112,13.99,15.48,13.26,14.59,31686754,453281888.00
20160113,14.77,14.93,13.28,13.35,20969581,299185824.00
20160114,12.57,14.43,12.55,14.24,27183755,369699808.00
20160115,14.08,15.20,13.86,14.28,32074098,466167520.00
20160118,13.82,15.65,13.81,15.33,31113429,467784000.00
20160119,15.13,16.46,15.13,16.10,28126496,445249984.00
20160120,16.04,16.82,15.72,16.50,30202877,496896352.00
20160121,15.84,16.92,15.77,15.79,28795994,473971392.00
20160122,15.84,16.51,15.08,16.34,24174379,389357568.00
20160125,16.76,16.80,15.62,16.06,20960053,341198592.00
20160126,15.66,15.96,14.45,14.45,18928103,284796640.00
20160127,14.26,14.45,13.00,13.33,41499810,550965376.00
20160128,12.96,13.05,11.99,11.99,25348032,314777024.00
20160129,11.56,12.84,11.40,12.57,26428412,323737120.00
20160201,11.85,12.36,11.31,11.32,31627212,374343680.00
20160202,11.34,12.46,11.34,12.46,34564267,421846752.00
20160203,12.45,13.24,12.25,13.11,46009787,593580416.00
20160204,12.96,13.76,12.96,13.19,34895254,466816896.00
20160205,13.17,13.30,12.66,12.75,21869013,282322464.00
20160215,11.98,13.23,11.97,12.89,19171718,242865136.00
20160216,12.96,13.96,12.91,13.70,24984664,340926880.00
20160217,13.65,14.83,13.53,14.66,34583511,492983904.00
20160218,14.69,15.36,14.25,14.36,35565078,528580384.00
20160219,14.16,15.15,14.09,14.81,29822023,440145760.00
20160222,15.31,15.54,14.88,15.17,29749117,452333792.00
20160223,15.18,15.94,14.69,15.31,44987809,687561984.00
20160224,15.56,15.70,13.87,14.78,42114171,625287680.00
20160225,14.37,14.55,13.30,13.30,37247261,514611072.00
20160226,13.29,13.57,12.31,12.88,28462757,372398432.00
20160229,12.68,12.83,11.59,11.59,25458486,301828512.00
20160301,11.72,12.64,11.06,12.31,28944105,343440640.00
20160302,12.16,13.16,11.96,13.04,35146487,443590944.00
20160303,12.95,13.44,12.64,12.68,33001053,432045152.00
20160304,12.61,12.79,11.53,11.66,29821001,360746592.00
20160307,11.96,12.83,11.95,12.69,39955294,505405376.00
20160308,12.71,13.16,11.84,12.99,40348927,506698080.00
20160309,12.64,14.25,12.47,13.07,43685840,584736000.00
20160310,13.26,13.47,12.66,12.79,26346316,343434528.00
20160311,12.51,12.78,12.32,12.54,19604605,247007280.00
20160314,12.91,13.68,12.80,13.51,40410097,539228288.00
20160315,13.34,13.57,13.01,13.06,29057717,385294304.00
20160316,13.34,13.45,12.54,12.73,27593050,358143616.00
20160317,12.86,13.96,12.82,13.78,51807578,700117184.00
20160318,14.01,14.76,13.76,14.39,49868864,712932096.00
20160321,14.65,14.94,14.18,14.73,45865113,669240640.00
20160322,14.44,15.85,14.28,15.06,49228189,749794432.00
20160323,15.26,15.65,14.84,15.34,40408217,617354560.00
20160324,14.96,15.14,14.34,14.40,47443389,705385856.00
20160325,14.33,14.70,13.99,14.31,29970388,431961696.00
20160328,14.51,14.83,13.96,14.11,28464243,412401280.00
20160329,13.97,14.15,13.55,13.84,26722839,370143072.00
20160330,14.06,14.95,14.06,14.95,40570575,588993280.00
20160331,15.14,15.16,14.66,14.70,36983521,552071680.00
20160401,14.75,14.90,14.11,14.48,25583638,370202368.00
20160405,14.42,15.12,14.19,14.95,32746025,484481792.00
20160406,14.82,15.12,14.57,14.85,33597802,500347456.00
20160407,14.87,15.14,14.29,14.35,34486234,507764288.00
20160408,14.77,14.89,14.26,14.64,33661426,491508480.00
20160411,14.84,15.45,14.62,15.33,54423006,827061888.00
20160412,15.15,15.16,14.56,14.78,36614283,544995072.00
20160413,14.89,15.53,14.80,14.98,48647016,739232064.00
20160414,15.14,15.40,14.96,15.36,38788103,590547648.00
20160415,15.37,15.43,14.98,15.12,29544346,448246912.00
20160418,14.84,14.85,14.35,14.45,30776393,448169120.00
20160419,14.63,14.68,14.34,14.49,18242370,264778656.00
20160420,14.66,14.68,13.06,13.28,34742920,475986496.00
20160421,13.16,13.38,12.68,12.79,21697929,284983968.00
20160422,12.59,13.06,12.49,13.03,15305412,197773824.00
20160425,12.96,12.96,12.48,12.80,12065301,154131232.00
20160426,12.80,13.24,12.76,13.23,13747794,178635472.00
20160427,13.34,13.49,13.07,13.13,17798058,236956320.00
20160428,13.18,13.25,12.72,13.08,15341150,199500576.00
20160429,12.96,13.10,12.79,12.86,13703733,177690560.00
20160503,12.81,13.56,12.81,13.55,24564411,327982176.00
20160504,13.54,13.97,13.39,13.66,30338266,418518944.00
20160505,13.58,13.84,13.51,13.76,17178767,235813520.00
20160506,13.75,13.81,12.89,12.96,22836990,305399072.00
20160509,12.76,12.95,12.38,12.48,15816414,199756912.00
20160510,12.48,12.68,12.44,12.55,10176586,128251496.00
20160511,12.71,12.75,12.17,12.22,12828380,159714176.00
20160512,11.91,12.16,11.59,12.16,12957863,154479952.00
20160513,12.07,12.31,11.92,12.01,9645666,117377488.00
20160516,11.92,12.31,11.86,12.31,11141610,135628288.00
20160517,12.31,12.49,12.12,12.30,13723065,169340896.00
20160518,12.14,12.14,11.58,11.72,14352670,170294064.00
20160519,11.81,12.16,11.74,11.84,12864113,154691200.00
20160520,11.66,11.96,11.58,11.93,11585154,137064304.00
20160523,11.98,12.61,11.96,12.61,25527628,315988512.00
20160524,12.54,12.58,12.19,12.31,18073284,224827296.00
20160525,12.49,12.59,12.14,12.21,14083101,174921632.00
20160526,12.56,12.91,12.45,12.73,37129854,471908288.00
20160527,12.46,12.74,12.45,12.53,17192644,217452400.00
20160530,12.61,12.83,12.47,12.56,15527635,197192336.00
20160531,12.65,13.38,12.65,13.31,33830070,445647072.00
20160601,13.34,13.73,13.24,13.24,31626805,426210720.00
20160602,13.23,13.46,13.13,13.44,23424051,312738048.00
20160603,13.42,13.42,13.09,13.27,24931453,331615264.00
20160606,13.27,13.61,13.21,13.34,18546174,248844288.00
20160607,13.24,13.32,13.11,13.20,13506825,178562112.00
20160608,13.27,13.46,13.14,13.37,18314312,244385248.00
20160613,13.06,13.40,12.36,12.44,22288514,290289920.00
20160614,12.37,12.66,12.28,12.56,12903261,161421488.00
20160615,12.43,13.28,12.33,13.14,19915659,259219648.00
20160616,13.14,13.39,12.99,13.09,16227232,214218656.00
20160617,13.12,14.13,13.12,13.73,43891827,600156736.00
20160620,14.96,15.11,14.64,14.84,79958655,1196397056.00
20160621,14.38,14.74,14.26,14.38,46980830,681326912.00
20160622,14.26,15.82,14.26,15.82,65414580,1002441408.00
20160623,16.42,16.75,15.57,15.57,71364122,1166203776.00
20160624,15.74,16.16,14.48,15.97,64058922,991023424.00
20160627,15.97,16.77,15.59,16.42,49456534,809606592.00
20160628,16.22,16.72,15.79,16.15,36692166,592691456.00
20160629,16.44,16.49,15.76,15.93,29709813,474691392.00
20160630,16.12,16.41,15.66,15.85,32369254,520407712.00
20160701,15.83,16.27,15.67,15.99,22921122,366020384.00
20160704,15.85,16.32,15.69,16.22,30221768,485839936.00
20160705,16.30,16.99,16.26,16.67,45254812,756866944.00
20160706,16.28,16.45,15.88,16.15,33515993,540808896.00
20160707,16.07,16.10,15.57,15.66,27559575,434769440.00
20160708,15.79,16.26,15.78,15.93,36203340,583200000.00
20160711,16.20,16.37,15.60,15.66,24103733,385795360.00
20160712,15.62,16.22,15.43,16.18,33030450,524827520.00
20160713,16.27,16.63,16.22,16.33,35801311,588295872.00
20160714,16.37,17.47,16.21,17.12,44885175,756295232.00
20160715,16.97,16.97,16.52,16.66,29518757,493886272.00
20160718,16.59,17.27,16.39,16.44,28008976,472156480.00
20160719,16.32,16.51,16.06,16.50,17916857,292016864.00
20160720,16.52,16.61,16.28,16.42,14628487,240817104.00
20160721,16.37,16.55,16.23,16.28,14995003,246061168.00
20160722,16.25,16.37,15.82,15.85,19901156,318015968.00
20160725,15.77,15.96,15.68,15.87,9377474,148855616.00
20160726,15.90,16.03,15.75,15.96,13794623,219304288.00
20160727,15.94,16.00,14.47,14.68,26958830,410515232.00
20160728,14.53,14.82,14.02,14.34,18985613,273141568.00
20160729,14.35,14.44,14.00,14.15,10683183,152179680.00
20160801,14.09,14.51,13.65,14.37,13705920,192688336.00
20160802,14.27,14.51,14.20,14.39,7912726,113783728.00
20160803,14.36,14.43,14.16,14.36,8586686,123120072.00
20160804,14.32,14.59,14.23,14.48,9235511,133494928.00
20160805,14.39,14.50,14.19,14.22,6731148,96642568.00
20160808,14.15,14.32,13.89,14.27,7499204,106419136.00
20160809,14.35,14.44,14.21,14.44,11135950,159869904.00
20160810,14.45,14.82,14.44,14.62,15760818,231689760.00
20160811,14.57,14.62,14.14,14.14,9559310,137291296.00
20160812,14.07,14.26,13.87,14.11,11617649,163406112.00
20160815,14.17,14.60,13.91,14.46,17141297,246189040.00
20160816,14.47,14.77,14.46,14.56,14394222,210684848.00
20160817,14.51,14.83,14.51,14.79,14321138,210921296.00
20160818,14.94,14.94,14.59,14.67,13669445,202101552.00
20160819,14.75,14.75,14.52,14.65,8980270,131609616.00
20160822,14.65,14.67,14.27,14.33,8785440,127979872.00
20160823,14.40,14.61,14.21,14.42,11060861,159778528.00
20160824,14.52,14.91,14.37,14.77,17588571,259000384.00
20160825,14.65,14.65,14.32,14.54,11407716,165555760.00
20160826,14.67,14.82,14.49,14.61,11167721,164418240.00
20160829,14.51,14.85,14.49,14.79,12404081,182628960.00
20160830,14.96,15.65,14.96,15.04,23210316,354657792.00
20160831,15.05,15.11,14.79,15.07,11922592,178710016.00
20160901,15.12,15.37,14.88,14.90,13931186,211401712.00
20160902,14.82,14.95,14.64,14.86,9144765,135759808.00
20160905,14.97,15.09,14.81,14.87,7794894,116749640.00
20160906,14.83,15.37,14.74,15.32,20107192,304556448.00
20160907,15.37,15.69,15.23,15.25,22428147,347782752.00
20160908,15.24,15.53,15.14,15.39,12471155,191220960.00
20160909,15.31,15.45,15.08,15.08,11338541,173038144.00
20160912,14.66,14.71,14.16,14.17,15389957,223085168.00
20160913,14.29,14.43,13.99,14.15,10909750,155039696.00
20160914,14.05,14.17,13.95,14.01,7303695,102680608.00
20160919,14.01,14.23,14.00,14.22,5720509,81163480.00
20160920,14.22,14.30,13.98,14.07,6017935,84914400.00
20160921,14.08,14.14,14.02,14.09,4596347,64863488.00
20160922,14.23,14.25,14.09,14.14,6489855,92204184.00
20160923,14.19,14.19,13.98,13.99,5417269,76296640.00
20160926,14.02,14.05,13.44,13.46,8822683,121415344.00
20160927,13.39,13.61,13.15,13.39,8009272,107368632.00
20160928,13.39,13.54,13.33,13.50,5799773,78058392.00
20160929,13.51,13.61,13.45,13.47,6022516,81612336.00
20160930,13.47,13.66,13.46,13.61,4795197,65130020.00
20161010,13.73,14.04,13.67,14.04,7287883,101472152.00
20161011,14.08,14.08,13.97,14.03,5301981,74473848.00
20161012,14.05,14.31,13.92,14.16,8211099,116478680.00
20161013,14.42,14.70,14.30,14.32,12930271,187811504.00
20161014,14.28,14.32,14.11,14.19,6234607,88551712.00
20161017,14.30,14.42,13.95,14.00,6335126,90075592.00
20161018,14.08,14.32,13.97,14.29,7037014,99955744.00
20161019,14.32,14.35,14.09,14.14,7395228,105048152.00
20161020,14.17,14.24,14.08,14.12,6144960,87132184.00
20161021,14.13,14.27,13.92,13.97,9018996,127075184.00
20161024,13.98,14.12,13.92,14.03,7944577,111834416.00
20161025,14.07,14.09,13.98,14.07,8514172,119733880.00
20161026,14.04,14.16,13.95,14.02,8214783,115509944.00
20161027,13.88,14.12,13.84,13.93,6338111,88468504.00
20161028,13.97,14.10,13.90,14.00,7983297,112095456.00
20161031,14.01,14.66,14.01,14.61,25596536,369655136.00
20161101,14.50,14.74,14.43,14.63,17889133,261178624.00
20161102,14.66,15.04,14.45,14.70,21964548,326079296.00
20161103,14.67,15.40,14.63,15.12,34569832,525920384.00
20161104,15.15,15.48,14.89,15.05,21459342,325514272.00
20161107,15.05,15.34,14.92,15.24,18692073,284292480.00
20161108,15.31,15.57,15.08,15.54,19001544,292191072.00
20161109,15.56,15.63,15.02,15.27,17738637,271621888.00
20161110,15.57,15.67,15.37,15.60,19035222,296588576.00
20161111,15.53,15.53,15.17,15.30,13182757,202293296.00
20161114,15.25,15.55,15.21,15.35,13056816,201320768.00
20161115,15.34,16.07,15.34,15.98,25540699,406709056.00
20161116,15.85,16.11,15.77,15.81,13270286,211082160.00
20170123,14.23,14.23,14.23,14.23,4002400,57074224.00
20170124,13.55,13.75,12.80,13.03,46964770,617988864.00
20170125,12.82,12.98,12.73,12.85,17573792,226138448.00
20170126,12.84,12.96,12.80,12.91,10757374,138879808.00
20170203,12.92,12.94,12.29,12.34,23429110,293458880.00
20170206,12.38,12.68,12.37,12.64,20751298,260977728.00
20170207,12.62,12.84,12.52,12.77,13518454,172109168.00
20170208,12.77,12.90,12.58,12.88,10337654,132417080.00
20170209,12.87,13.07,12.75,12.98,16306124,211118016.00
20170210,12.97,12.97,12.84,12.88,10234189,132247984.00
20170213,12.82,12.93,12.71,12.85,14071944,180869200.00
20170214,12.77,13.00,12.76,12.82,10670425,137606880.00
20170215,12.75,12.84,12.47,12.50,15996348,202258416.00
20170216,12.50,12.53,12.39,12.49,8184511,102156296.00
20170217,12.49,12.64,12.38,12.53,8497913,106461544.00
20170220,12.48,12.52,12.35,12.51,7647996,95337416.00
20170221,12.57,12.72,12.46,12.67,12953457,164021344.00
20170222,12.82,13.03,12.72,12.88,17012465,219545680.00
20170223,12.84,12.98,12.75,12.87,12592221,162173472.00
20170224,12.80,12.86,12.73,12.84,13686746,175386528.00
20170227,12.85,12.94,12.81,12.86,12609576,162748480.00
20170228,12.84,13.13,12.83,13.06,17529182,228140864.00
20170301,13.02,13.06,12.88,12.92,12710357,164999264.00
20170302,13.04,13.04,12.80,12.81,10315542,133156296.00
20170303,12.83,12.94,12.77,12.92,10097582,130408992.00
20170306,12.95,13.39,12.95,13.38,24593414,326938720.00
20170307,13.47,13.52,13.22,13.44,19155150,256266464.00
20170308,13.44,13.44,13.23,13.25,10193521,135932608.00
20170309,13.30,13.30,13.08,13.17,11322722,149645728.00
20170310,13.17,13.32,13.09,13.20,9949765,131742840.00
20170313,13.19,13.44,13.11,13.38,13949970,186126608.00
20170314,13.38,13.51,13.24,13.26,15041499,201718992.00
20170315,13.23,13.23,13.07,13.09,9474663,124707392.00
20170316,13.14,13.27,13.09,13.19,10528391,139015760.00
20170317,13.21,13.41,13.12,13.16,13531996,180198352.00
20170320,13.09,13.17,12.99,13.14,8459659,111092176.00
20170321,13.14,13.18,12.95,12.99,10449999,136440192.00
20170322,12.90,12.90,12.47,12.50,22493803,284473632.00
20170323,12.52,12.60,12.12,12.30,16474429,204272432.00
20170324,12.37,12.43,12.30,12.41,9051206,112230960.00
20170327,12.41,12.46,12.17,12.46,14115187,173841792.00
20170328,12.39,12.58,12.37,12.51,8973720,112576744.00
20170329,12.77,12.93,12.55,12.56,14025847,179269696.00
20170330,12.42,12.56,12.12,12.22,10230225,126377176.00
20170331,12.27,12.35,12.19,12.32,6974609,85768648.00
20170405,12.24,12.54,12.23,12.51,10553122,131233128.00
20170406,12.50,12.71,12.35,12.57,11782758,147840048.00
20170407,12.56,12.64,12.47,12.48,8321135,104624344.00
20170410,12.52,12.61,12.25,12.26,9855691,122290936.00
20170411,12.29,12.43,12.17,12.38,8696282,106927432.00
20170412,12.39,12.39,12.19,12.22,6559015,80495080.00
20170413,12.24,12.32,12.20,12.22,5810712,71271080.00
20170414,12.22,12.26,11.79,11.82,13399168,160461264.00
20170417,11.80,11.96,11.57,11.90,11599142,136711520.00
20170418,11.83,11.95,11.74,11.83,4760494,56501556.00
20170419,11.76,11.83,11.31,11.48,9666102,111393704.00
20170420,11.51,11.57,11.19,11.38,5862155,66870392.00
20170421,11.42,11.44,11.29,11.33,3118131,35491020.00
20170424,11.32,11.36,10.91,11.09,7115453,78905416.00
20170425,11.12,11.26,10.99,11.08,5831850,64973084.00
20170426,11.12,11.18,11.03,11.15,3924110,43703548.00
20170427,11.22,11.49,10.96,11.46,9897746,111664680.00
20170428,11.35,11.55,11.35,11.49,6261929,71839280.00
20170502,11.49,11.55,11.43,11.52,4235601,48814116.00
20170503,11.50,11.60,11.44,11.57,4910237,56819400.00
20170504,11.61,11.62,11.48,11.49,5532677,64008616.00
20170505,11.43,11.49,11.24,11.28,6229621,70906408.00
20170508,11.23,11.34,11.08,11.28,4368787,49168268.00
20170509,11.17,11.60,11.10,11.50,5838412,66721844.00
20170510,11.46,11.63,11.30,11.46,5320645,61286544.00
20170511,11.42,11.84,11.17,11.81,10603700,122331984.00
20170512,11.82,12.33,11.62,12.25,12096189,144442784.00
20170515,12.17,12.41,12.08,12.35,13288272,163576304.00
20170516,12.30,12.56,12.06,12.35,10292687,127088792.00
20170517,12.23,12.36,12.03,12.10,9759125,118986624.00
20170518,12.05,12.19,11.99,12.11,4374276,53060436.00
20170519,12.07,12.29,12.02,12.26,5968316,72700200.00
20170522,12.22,12.41,12.05,12.30,7532536,92273824.00
20170523,12.23,12.43,11.95,12.29,11518624,141451520.00
20170524,12.22,12.40,12.03,12.39,10438914,128208408.00
20170525,12.47,12.49,12.17,12.31,6052244,74896136.00
20170526,12.31,12.46,12.05,12.35,6975652,85784512.00
20170531,12.43,12.53,12.26,12.47,8540174,106173808.00
20170601,12.42,12.75,12.34,12.45,11470864,144968000.00
20170602,12.34,12.51,12.05,12.40,7798879,95935608.00
20170605,12.37,12.67,12.33,12.53,7389428,93093344.00
20170606,12.54,12.67,12.44,12.65,5743289,72318800.00
20170607,12.64,12.88,12.63,12.70,12758360,163230992.00
20170608,12.68,12.82,12.56,12.57,7037584,89167336.00
20170609,12.51,12.55,12.17,12.20,10847501,133796896.00
20170612,12.09,12.25,11.97,12.06,6293186,76386784.00
20170613,12.02,12.19,12.02,12.11,4197133,51008592.00
20170614,12.15,12.37,12.13,12.22,5075597,62442188.00
20170615,12.19,12.67,12.19,12.63,8923388,111352624.00
20170616,12.67,13.13,12.62,12.70,21201528,274481952.00
20170619,12.63,12.85,12.63,12.77,6120788,78152664.00
20170620,12.80,12.84,12.68,12.69,5284668,67475144.00
20170621,12.68,12.94,12.68,12.87,7962962,102382728.00
20170703,13.15,13.27,12.83,12.87,9744808,126744520.00
20170704,12.91,12.91,12.64,12.67,5929351,75614616.00
20170705,12.83,13.02,12.74,12.79,6892153,88982664.00
20170706,12.82,12.99,12.82,12.96,7212008,93389744.00
20170707,12.92,13.10,12.75,12.76,7419925,95596752.00
20170710,12.81,12.81,12.51,12.53,6996242,88308024.00
20170711,12.54,12.64,12.28,12.41,8535902,105720872.00
20170712,12.44,12.54,11.72,12.04,12177286,147190032.00
20170713,11.73,12.18,11.73,12.02,6564614,78635376.00
20170714,11.98,12.14,11.70,11.71,6047971,71698328.00
20170717,11.65,11.65,11.00,11.01,10615294,119615896.00
20170718,11.00,11.37,10.83,11.29,7087031,78907688.00
20170719,11.25,11.42,11.11,11.36,3595230,40601636.00
数据来源:通达信
