300023 宝德股份 日线 前复权
      日期	    开盘	    最高	    最低	    收盘	    成交量	    成交额
20091030,8.64,14.89,7.18,9.57,10543665,381443488.00
20091102,8.61,9.20,8.61,8.61,4339248,142188480.00
20091103,8.49,8.70,7.95,8.13,2957485,91940536.00
20091104,8.40,8.52,8.24,8.48,1773001,56015288.00
20091105,8.48,9.33,8.40,9.33,4128257,141821376.00
20091106,9.29,9.44,8.87,9.10,3024318,104023672.00
20091109,9.23,9.82,9.10,9.70,3452842,123249056.00
20091110,9.57,9.76,9.21,9.23,2407484,85840256.00
20091111,9.02,9.41,8.83,9.34,1946663,66889900.00
20091112,9.23,10.28,9.13,10.28,3981460,149459968.00
20091113,10.25,11.31,10.17,10.99,4824004,198858016.00
20091116,10.75,11.15,10.67,11.10,2846088,116891912.00
20091117,11.00,11.89,10.97,11.66,2367164,102313824.00
20091118,11.61,12.83,11.56,12.83,3249425,151885424.00
20091119,13.02,14.09,12.89,13.55,3797429,192559344.00
20091120,13.50,13.70,12.91,13.28,2172559,108381008.00
20091123,13.16,13.50,12.89,13.21,2186843,108038856.00
20091124,13.27,13.71,11.97,12.45,3498633,172232144.00
20091125,12.28,13.70,12.20,13.70,3322440,162060336.00
20091126,13.56,14.29,13.32,13.79,3589571,187024816.00
20091127,13.50,13.90,12.72,13.05,2780376,138644208.00
20091130,13.05,13.25,11.95,12.83,2323639,110160008.00
20091201,12.75,13.23,12.49,13.06,1904700,92055952.00
20091202,13.12,13.81,12.83,13.31,2921380,147069456.00
20091203,13.21,14.22,12.91,13.73,3304553,170600736.00
20091204,12.75,13.34,12.36,12.36,3351713,159838256.00
20091207,12.36,12.88,12.35,12.55,1454068,68894624.00
20091208,12.54,12.86,12.24,12.71,1951105,92369080.00
20091209,12.69,13.40,12.51,12.96,2667022,130444720.00
20091210,12.94,13.55,12.86,13.42,2726048,136449360.00
20091211,13.31,13.55,12.19,12.61,1995641,96912784.00
20091214,12.51,12.69,11.87,12.07,1286799,58650600.00
20091215,12.12,12.40,12.00,12.14,865242,39614656.00
20091216,12.14,12.30,11.26,11.46,1472373,65240700.00
20091217,11.46,11.63,10.57,10.66,1414393,58023220.00
20091218,10.51,11.29,9.75,10.82,1877907,73022280.00
20091221,10.51,10.97,10.41,10.82,892195,36111240.00
20091222,10.80,10.84,10.11,10.26,845848,33126294.00
20091223,10.13,10.75,10.13,10.56,861432,34131308.00
20091224,10.35,10.83,10.27,10.70,888755,35512128.00
20091225,10.50,10.71,10.15,10.17,946980,36743236.00
20091228,10.16,10.45,10.12,10.17,741531,28635376.00
20091229,10.15,10.27,9.69,9.99,843620,31863488.00
20091230,10.01,10.43,9.90,10.13,865941,33325768.00
20091231,10.10,10.27,10.03,10.27,655767,25158576.00
20100104,10.32,10.48,10.27,10.36,555977,21660750.00
20100105,10.37,10.40,10.07,10.25,643766,24669482.00
20100106,10.14,10.24,10.00,10.00,630834,24058648.00
20100107,10.00,10.14,9.77,9.80,663429,25018778.00
20100108,9.74,9.80,9.26,9.42,862173,30648360.00
20100111,9.35,9.55,9.10,9.37,761986,26876438.00
20100112,9.44,9.76,9.33,9.63,795803,28800336.00
20100113,9.55,9.67,9.43,9.53,650774,23385684.00
20100114,9.63,10.49,9.55,10.49,1966462,75801168.00
20100115,10.47,10.80,10.38,10.55,1958794,77951408.00
20100118,10.57,10.57,10.22,10.39,754387,29348484.00
20100119,10.41,10.41,10.01,10.06,797426,30394770.00
20100120,10.03,10.09,9.38,9.39,1002028,36394116.00
20100121,9.42,9.61,9.37,9.50,492838,17614456.00
20100122,9.29,9.31,8.86,8.89,837693,28490212.00
20100126,8.87,9.15,8.52,8.57,677900,22587872.00
20100127,8.57,8.70,8.36,8.53,525369,16884428.00
20100128,8.53,8.56,8.15,8.27,493150,15384681.00
20100129,8.27,8.48,8.09,8.27,428649,13434981.00
20100201,7.44,8.22,7.44,7.50,2958380,84474656.00
20100202,7.49,7.69,7.34,7.41,1431336,40651084.00
20100203,7.37,7.45,6.91,7.32,1387430,37379672.00
20100204,7.18,7.47,7.18,7.37,1126732,31358064.00
20100205,7.17,7.52,7.15,7.34,724112,20119416.00
20100208,7.45,7.66,7.35,7.58,1132217,32423386.00
20100209,7.62,7.84,7.58,7.64,1133305,32823060.00
20100210,7.69,8.08,7.55,7.99,1332901,39339104.00
20100211,7.97,8.40,7.85,8.22,1359506,41754200.00
20100212,8.22,8.39,8.11,8.35,1057238,32901668.00
20100222,8.30,8.49,8.13,8.19,1059135,33298292.00
20100223,8.16,8.31,7.98,8.30,789528,24104584.00
20100224,8.24,9.13,8.24,9.13,1975117,65425944.00
20100225,9.13,9.26,8.98,9.10,1997372,68554712.00
20100226,8.96,9.37,8.96,9.13,1261096,43720192.00
20100301,9.18,9.35,9.03,9.28,1299438,45320156.00
20100302,9.32,9.44,9.23,9.31,1180415,41573796.00
20100303,9.26,9.39,8.88,8.91,1745736,59404448.00
20100304,8.89,9.07,8.53,8.55,1170395,38675552.00
20100305,8.62,9.09,8.55,9.06,1395048,46508388.00
20100308,9.02,9.50,9.02,9.44,1730212,61075324.00
20100309,9.45,9.45,9.21,9.34,950460,33436060.00
20100310,9.34,9.60,9.24,9.34,1090706,38610280.00
20100311,9.34,9.58,8.97,9.50,1444848,50471388.00
20100312,9.50,9.77,9.34,9.37,1879008,67793648.00
20100315,9.51,9.89,9.51,9.66,1791111,65243196.00
20100318,9.70,9.71,9.02,9.40,3075520,107937184.00
20100319,9.28,9.40,9.23,9.27,1123178,39289188.00
20100322,9.26,9.28,9.07,9.23,1299632,44870440.00
20100323,9.22,9.52,9.16,9.44,1995459,70345808.00
20100324,9.50,9.89,9.34,9.85,2719405,99708288.00
20100325,9.85,10.17,9.71,10.06,2603085,97938032.00
20100326,9.93,9.93,9.53,9.66,1509877,55092980.00
20100329,9.67,9.80,9.29,9.54,1122654,40190796.00
20100330,9.54,9.80,9.45,9.75,990902,36245940.00
20100331,9.77,10.14,9.69,9.97,1833168,68884056.00
20100401,9.98,10.45,9.93,10.05,2728609,105403816.00
20100402,9.83,10.14,9.83,10.06,1192296,44776556.00
20100406,10.12,10.43,10.09,10.42,1801370,69947584.00
20100407,10.52,10.67,10.33,10.61,1977412,78326544.00
20100408,10.55,10.75,10.15,10.22,2125842,84003536.00
20100409,10.09,10.62,10.09,10.62,1417061,55633680.00
20100412,10.75,10.94,10.54,10.82,1955365,79103624.00
20100413,10.74,10.85,9.73,9.90,2001528,76303200.00
20100414,9.82,9.95,9.56,9.66,1175228,42976604.00
20100415,9.70,9.79,8.84,8.95,1694063,58488204.00
20100419,9.09,9.33,8.84,8.86,1249628,42873116.00
20100420,9.02,9.02,8.25,8.70,978479,31501894.00
20100421,8.72,9.10,8.64,9.06,847255,28527770.00
20100422,9.05,9.43,8.97,9.30,1101369,38423340.00
20100423,9.30,9.36,8.93,9.03,864633,29710564.00
20100426,8.63,8.63,8.13,8.13,2554757,79065520.00
20100427,8.02,8.02,7.52,7.68,1190110,34475712.00
20100428,7.45,7.81,7.45,7.63,632425,18216336.00
20100429,7.66,7.74,7.40,7.42,581362,16689720.00
20100430,7.43,7.45,7.02,7.22,656110,17754242.00
20100504,7.04,7.39,7.00,7.32,637070,17448930.00
20100505,7.24,7.76,7.24,7.73,666606,18895472.00
20100506,7.73,7.80,7.24,7.25,727791,20753936.00
20100507,7.12,7.36,6.97,7.16,527161,14328789.00
20100510,7.07,7.17,6.57,6.77,767693,19954320.00
20100511,6.91,7.01,6.62,6.65,461549,11918390.00
20100512,6.63,6.75,6.39,6.58,366427,9070728.00
20100513,6.57,6.81,6.42,6.79,485910,12214523.00
20100514,6.78,6.88,6.67,6.82,364184,9343342.00
20100517,6.73,6.74,6.21,6.21,523679,12891174.00
20100518,6.27,6.27,5.90,6.16,658601,15173160.00
20100519,6.06,6.37,5.80,6.22,1011987,15653415.00
20100520,6.14,6.32,6.02,6.02,664778,10254661.00
20100521,5.80,6.20,5.72,6.16,948326,14195379.00
20100524,6.16,6.61,6.15,6.61,1400087,22606096.00
20100525,6.52,6.69,6.44,6.54,931412,15252022.00
20100526,6.46,6.65,6.42,6.59,1073142,17720604.00
20100527,6.58,6.90,6.40,6.84,1348004,22634562.00
20100528,6.92,7.18,6.79,7.10,1856829,32494974.00
20100531,7.10,7.18,6.86,6.88,1355616,23782746.00
20100601,6.70,6.88,6.42,6.59,1054516,17483294.00
20100602,6.54,6.76,6.43,6.74,697925,11621441.00
20100603,6.78,6.94,6.70,6.71,1096898,18723044.00
20100604,6.60,6.97,6.59,6.89,1148753,19481262.00
20100607,6.54,7.51,6.54,7.42,3454337,62338856.00
20100608,7.34,7.54,7.16,7.32,2183155,40053520.00
20100609,7.36,7.78,7.34,7.47,2930628,55543080.00
20100610,7.38,7.74,7.30,7.66,1860937,35493188.00
20100611,7.67,7.68,7.52,7.58,1520045,28926082.00
20100617,7.60,7.70,7.14,7.16,1262500,23448412.00
20100618,7.10,7.10,6.50,6.60,1392114,23737582.00
20100621,6.57,6.89,6.42,6.89,877020,14771717.00
20100622,6.88,7.02,6.78,6.89,865277,15084316.00
20100623,6.87,7.06,6.74,6.97,634719,11015627.00
20100624,6.98,7.13,6.94,7.09,859090,15166751.00
20100625,7.07,7.07,6.67,6.80,785053,13411441.00
20100628,6.59,6.86,6.58,6.65,491872,8265052.00
20100629,6.51,6.69,6.07,6.07,834500,13186976.00
20100630,5.93,6.24,5.81,6.20,846682,12676886.00
20100701,6.18,6.18,5.91,5.92,568790,8615960.00
20100702,5.91,6.10,5.69,6.08,783249,11671151.00
20100705,5.98,6.20,5.90,6.13,589305,8977485.00
20100707,6.34,6.73,6.30,6.58,1646806,27033794.00
20100708,6.58,6.68,6.34,6.44,1017699,16603620.00
20100709,6.44,6.62,6.35,6.58,824533,13530987.00
20100712,6.58,6.76,6.50,6.68,1123243,18804422.00
20100713,6.72,6.72,6.38,6.65,1054859,17312330.00
20100714,6.58,6.71,6.50,6.54,998016,16484230.00
20100715,6.50,6.56,6.22,6.22,653485,10502053.00
20100716,6.18,6.22,6.04,6.17,456590,7030560.00
20100719,6.15,6.33,6.07,6.29,423492,6626590.00
20100720,6.26,6.49,6.24,6.47,867109,13959478.00
20100721,6.48,6.60,6.38,6.47,1129431,18442462.00
20100722,6.46,6.57,6.38,6.56,867259,14140722.00
20100723,6.54,6.72,6.54,6.70,1274661,21246366.00
20100726,6.70,6.82,6.67,6.80,1140842,19295412.00
20100727,6.80,6.80,6.65,6.70,1015428,17098080.00
20100728,6.66,6.81,6.60,6.80,1215367,20563256.00
20100729,6.82,7.10,6.82,7.04,1833042,31902092.00
20100730,7.05,7.12,6.86,7.05,1484301,26042138.00
20100802,7.18,7.20,6.98,7.13,1868912,33121720.00
20100803,7.14,7.14,6.88,6.89,1382665,24298418.00
20100804,6.88,6.90,6.66,6.81,875431,14895344.00
20100805,6.76,6.96,6.75,6.86,1056522,18282132.00
20100806,6.87,6.96,6.80,6.94,1151770,19968562.00
20100809,6.94,7.08,6.94,7.06,1560051,27561002.00
20100810,7.12,7.37,7.00,7.01,3282172,59483372.00
20100811,7.00,7.08,6.85,7.08,1193032,20807416.00
20100812,6.98,7.17,6.92,7.05,1477175,26193718.00
20100813,7.07,7.16,6.91,7.14,1226363,21684256.00
20100816,7.10,7.30,7.10,7.28,1711593,31020798.00
20100817,7.30,7.30,7.14,7.21,1371766,24782970.00
20100818,7.20,7.25,7.11,7.13,986193,17732926.00
20100819,7.13,7.19,7.02,7.11,1262675,22446590.00
20100820,7.08,7.08,6.80,6.80,1226785,21204784.00
20100823,6.80,6.85,6.74,6.76,789784,13436140.00
20100824,6.77,6.82,6.59,6.80,982631,16498985.00
20100825,6.68,6.76,6.48,6.49,1100207,18166880.00
20100826,6.49,6.55,6.41,6.49,693849,11260054.00
20100827,6.44,6.59,6.41,6.57,749951,12263541.00
20100830,6.56,6.84,6.52,6.83,1589587,26759852.00
20100831,6.78,6.89,6.75,6.81,1559973,26669738.00
20100901,6.88,6.90,6.59,6.68,1270753,21434942.00
20100902,6.72,6.78,6.63,6.76,1328237,22381302.00
20100903,6.78,6.94,6.72,6.92,1995132,34297764.00
20100906,6.92,6.94,6.64,6.77,1490813,25278894.00
20100907,6.77,6.77,6.64,6.73,679006,11430163.00
20100908,6.71,6.77,6.67,6.72,696053,11737078.00
20100909,6.72,7.37,6.70,7.18,5173907,92136336.00
20100910,7.17,7.28,6.92,7.14,3096676,55114068.00
20100913,7.09,7.22,6.98,7.15,2168081,38545800.00
20100914,7.15,7.21,7.00,7.01,1845375,32923666.00
20100915,7.02,7.04,6.73,6.74,1542593,26458342.00
20100916,6.70,6.78,6.30,6.40,1330612,21607250.00
20100917,6.40,6.55,6.40,6.43,671602,10878904.00
20100920,6.43,6.49,6.21,6.23,759760,11977430.00
20100921,6.22,6.30,6.08,6.21,442701,6883263.00
20100927,6.25,6.33,6.19,6.30,290734,4590902.00
20100928,6.30,6.32,6.14,6.17,438550,6848449.50
20100929,6.14,6.18,5.94,5.99,490401,7441459.00
20100930,5.98,6.08,5.93,6.08,436260,6595421.50
20101008,6.16,6.26,6.10,6.25,563300,8778671.00
20101011,6.25,6.38,6.24,6.27,662215,10494455.00
20101012,6.29,6.37,6.20,6.28,625184,9870794.00
20101013,6.26,6.32,6.14,6.30,1027466,16068886.00
20101014,6.32,6.36,6.20,6.20,939838,14767796.00
20101015,6.19,6.24,5.99,6.02,971309,14864501.00
20101018,6.01,6.04,5.75,5.91,998088,14644319.00
20101019,5.90,6.50,5.88,6.50,1938768,31093322.00
20101020,6.61,7.16,6.61,6.96,5804306,101483416.00
20101021,6.78,6.78,6.53,6.61,2781893,46259908.00
20101022,6.62,7.22,6.62,6.97,3423490,60023616.00
20101025,7.12,7.16,6.76,7.06,3160374,55752312.00
20101026,6.97,7.08,6.80,7.06,1956618,33845012.00
20101027,7.05,7.21,6.84,6.84,1848539,32511024.00
20101028,6.79,6.87,6.66,6.78,1209634,20495926.00
20101029,6.76,7.03,6.74,6.90,1918163,33180448.00
20101101,6.90,7.37,6.90,7.24,3628021,64935944.00
20101102,7.18,7.26,6.98,7.00,2259909,40078240.00
20101103,6.89,7.00,6.70,6.77,1422357,24349228.00
20101104,6.82,6.88,6.64,6.84,1114763,18982350.00
20101105,6.92,6.94,6.75,6.84,1564317,26690114.00
20101108,6.89,7.07,6.86,7.02,1686798,29521462.00
20101109,7.03,7.18,6.96,7.16,2283125,40555628.00
20101110,7.10,7.39,7.09,7.35,3192095,58486520.00
20101111,7.37,7.48,7.20,7.20,2565076,47230908.00
20101112,7.08,7.32,6.68,6.70,2421504,42625608.00
20101115,6.70,7.10,6.68,7.10,1709483,29697018.00
20101116,7.14,7.30,6.83,6.92,2454154,43841344.00
20101117,6.66,7.25,6.66,7.25,2781983,49296860.00
20101118,7.38,7.89,7.17,7.83,5861846,110549232.00
20101119,7.74,8.18,7.58,8.05,5118250,100882728.00
20101122,8.07,8.14,7.67,7.77,4211872,83632744.00
20101123,7.70,7.89,7.45,7.87,2622333,50558316.00
20101124,7.82,7.90,7.65,7.89,2027715,39592268.00
20101125,7.89,7.94,7.59,7.67,1738220,33616460.00
20101126,7.64,7.82,7.53,7.69,1443999,27804564.00
20101129,7.53,7.72,7.46,7.67,1536756,29258104.00
20101130,7.69,7.71,7.06,7.16,1721046,31503434.00
20101201,7.16,7.17,6.99,7.05,887941,15755160.00
20101202,7.13,7.28,7.05,7.09,1307944,23476962.00
20101203,7.09,7.14,6.91,7.00,792041,13922239.00
20101206,7.05,7.05,6.84,6.98,650837,11332430.00
20101207,6.97,7.16,6.88,7.15,715431,12652954.00
20101208,7.10,7.25,7.08,7.10,816465,14677368.00
20101209,7.12,7.13,6.90,6.94,527710,9302211.00
20101210,7.04,7.10,6.91,7.10,567550,9979875.00
20101213,7.18,7.36,7.18,7.30,1215649,22206032.00
20101214,7.30,7.45,7.25,7.35,935223,17209026.00
20101215,7.34,7.35,7.22,7.25,976295,17807398.00
20101216,7.22,7.44,7.22,7.41,1344295,24829730.00
20101217,7.41,7.54,7.34,7.48,1205758,22558760.00
20101220,7.54,7.57,6.99,7.18,1636664,29754640.00
20101221,7.19,7.26,7.02,7.23,792143,14232012.00
20101222,7.32,7.53,7.32,7.46,2180508,40719200.00
20101223,7.41,7.62,7.26,7.28,1124485,20870290.00
20101224,7.14,7.28,7.02,7.14,718344,12763924.00
20101227,7.16,7.16,6.59,6.76,832290,14492284.00
20101228,6.74,6.74,6.38,6.38,820008,13356791.00
20101229,6.38,6.51,6.34,6.51,570840,9217260.00
20101230,6.46,6.54,6.44,6.51,414450,6739957.50
20101231,6.52,6.60,6.51,6.60,371319,6122969.50
20110104,6.60,6.70,6.58,6.65,569841,9497934.00
20110105,6.66,6.76,6.62,6.66,460655,7716245.50
20110106,6.66,6.72,6.51,6.56,600712,9878734.00
20110107,6.57,6.62,6.50,6.56,438889,7217456.00
20110110,6.56,6.63,6.39,6.40,357282,5837716.00
20110111,6.45,6.45,6.24,6.32,400352,6347497.50
20110112,6.38,6.42,6.14,6.33,441437,6971010.50
20110113,6.34,6.42,6.33,6.41,386818,6185472.50
20110114,6.42,6.42,6.22,6.26,280287,4406541.00
20110117,6.26,6.30,5.92,6.00,364205,5543968.00
20110118,5.97,6.06,5.92,6.05,243498,3683970.25
20110119,6.02,6.15,6.02,6.14,194988,2993638.75
20110120,6.07,6.15,5.93,5.95,270247,4095615.00
20110121,5.90,6.02,5.88,5.98,328368,4897362.00
20110124,6.10,6.14,5.84,5.86,331332,4941507.50
20110125,5.84,5.88,5.81,5.84,229601,3359316.50
20110126,5.82,5.96,5.82,5.92,240809,3574151.75
20110127,5.93,6.02,5.84,5.99,352418,5273821.50
20110128,6.02,6.12,5.97,6.10,363590,5529156.00
20110131,6.11,6.15,6.04,6.12,418844,6418784.50
20110201,6.08,6.14,6.06,6.11,249805,3818036.00
20110209,6.00,6.14,5.99,6.02,243866,3698991.25
20110210,5.99,6.62,5.98,6.55,1421138,22683714.00
20110211,6.49,6.54,6.38,6.49,1175470,18982608.00
20110214,6.48,6.56,6.42,6.54,629379,10244186.00
20110215,6.54,6.59,6.46,6.48,657810,10750316.00
20110216,6.57,6.59,6.44,6.58,636647,10446846.00
20110217,6.62,6.72,6.52,6.57,582117,9610407.00
20110218,6.57,6.60,6.45,6.48,511192,8341278.00
20110221,6.48,6.56,6.40,6.55,527243,8605027.00
20110222,6.58,6.58,6.28,6.31,885002,14268556.00
20110223,6.30,6.41,6.26,6.38,369137,5877915.00
20110224,6.40,6.47,6.32,6.47,483226,7752246.50
20110225,6.45,6.55,6.39,6.47,393169,6361413.50
20110228,6.50,6.60,6.39,6.55,592932,9670538.00
20110301,6.55,6.56,6.45,6.53,499610,8169549.00
20110302,6.50,6.60,6.46,6.60,778740,12772373.00
20110303,6.59,6.68,6.52,6.56,940706,15597964.00
20110304,6.56,6.56,6.42,6.55,470714,7667915.50
20110307,6.56,6.63,6.53,6.58,765485,12630117.00
20110308,6.58,6.68,6.54,6.68,1110753,18462580.00
20110309,6.70,6.70,6.58,6.60,564643,9381275.00
20110310,6.60,6.66,6.52,6.52,623470,10339433.00
20110311,6.52,6.58,6.44,6.44,737089,11993604.00
20110314,6.44,6.51,6.39,6.50,614858,9941521.00
20110315,6.49,6.49,6.15,6.26,761907,12009961.00
20110316,6.32,6.43,6.30,6.39,770903,12314898.00
20110317,6.28,6.36,6.20,6.23,562032,8840736.00
20110318,6.23,6.34,6.23,6.30,314471,4957080.00
20110321,6.28,6.35,6.22,6.30,511787,8046901.50
20110322,6.30,6.31,6.23,6.30,368314,5799464.00
20110323,6.31,6.37,6.26,6.36,431394,6835380.00
20110324,6.39,6.39,6.30,6.33,468320,7446721.50
20110325,6.33,6.38,6.30,6.34,500735,7954411.50
20110328,6.34,6.44,6.34,6.39,639461,10226918.00
20110329,6.30,6.39,6.15,6.18,786783,12340291.00
20110330,6.14,6.18,5.98,6.05,747967,11382744.00
20110331,6.04,6.13,6.00,6.01,377409,5713091.50
20110401,6.02,6.06,5.96,6.06,332331,5011818.50
20110406,6.05,6.05,5.98,6.04,421870,6350085.00
20110407,6.00,6.06,5.99,6.06,335510,5074859.50
20110408,6.04,6.13,6.03,6.13,452830,6908993.50
20110411,6.14,6.17,6.04,6.06,584842,8954193.00
20110412,6.05,6.07,5.99,6.03,475252,7182342.50
20110413,6.00,6.12,6.00,6.11,351700,5372979.00
20110414,6.14,6.14,6.08,6.10,331726,5081302.00
20110415,6.06,6.12,5.99,6.05,221009,3357759.00
20110418,6.02,6.06,6.00,6.04,287324,4346923.50
20110419,6.02,6.02,5.89,5.91,695688,10384266.00
20110420,5.93,5.95,5.88,5.93,264124,3924393.00
20110422,5.97,5.97,5.90,5.95,335662,4997879.50
20110425,5.92,5.94,5.69,5.73,463003,6721886.50
20110426,5.74,5.74,5.56,5.58,465518,6588419.00
20110427,5.57,5.62,5.44,5.46,392545,5454612.00
20110428,5.46,5.51,5.22,5.25,653301,8761907.00
20110429,5.28,5.33,5.26,5.33,291472,3880995.25
20110503,5.34,5.38,5.27,5.38,284262,3807406.50
20110504,5.38,5.38,5.26,5.27,186666,2484707.50
20110505,5.19,5.35,5.19,5.32,269300,3581388.00
20110506,5.31,5.31,5.20,5.27,377387,4966609.50
20110509,5.28,5.36,5.26,5.32,241081,3221268.50
20110510,5.30,5.34,5.28,5.32,220659,2941010.75
20110511,5.34,5.34,5.28,5.32,187931,2507406.25
20110512,5.30,5.32,5.21,5.21,299553,3970583.00
20110513,5.21,5.26,5.17,5.25,236173,3091834.75
20110516,5.25,5.30,5.20,5.28,226028,2989900.00
20110517,5.28,5.32,5.24,5.31,231800,3074721.75
20110518,5.32,5.33,5.26,5.31,227598,3029456.25
20110519,5.29,5.34,5.28,5.28,199183,2652821.75
20110520,5.32,5.32,5.26,5.28,172100,2283694.50
20110523,5.26,5.30,4.98,4.99,370826,4746842.50
20110524,4.99,5.21,4.91,5.13,493211,6303021.50
20110525,5.13,5.17,5.00,5.03,200990,2559799.75
20110526,5.06,5.08,4.96,4.96,209981,2648233.75
20110527,4.94,4.94,4.80,4.84,304209,3712842.75
20110530,4.84,4.98,4.79,4.88,357900,4410022.00
20110531,4.90,5.01,4.84,5.00,444470,5490959.00
20110601,5.00,5.03,4.95,4.95,315956,3956655.50
20110602,4.92,5.15,4.91,5.09,980965,12442182.00
20110603,5.08,5.12,5.00,5.09,610749,7756404.50
20110607,5.10,5.10,5.02,5.07,282139,3580091.00
20110608,5.02,5.07,4.94,5.03,334888,4195024.00
20110609,5.10,5.10,4.95,4.95,427112,5394041.00
20110610,4.93,4.95,4.80,4.91,284021,3473204.25
20110613,4.86,4.97,4.82,4.94,212879,2618258.50
20110614,4.91,5.03,4.90,5.00,287552,3604187.25
20110615,5.00,5.02,4.94,4.95,132928,1657295.25
20110616,4.95,4.95,4.78,4.78,282917,3443419.75
20110617,4.80,4.84,4.70,4.70,195007,2338398.25
20110620,4.71,4.75,4.64,4.67,169650,1994451.00
20110621,4.68,4.74,4.67,4.72,145619,1718270.25
20110622,4.70,4.74,4.69,4.73,133409,1579298.63
20110623,4.77,4.88,4.68,4.86,356521,4325932.50
20110624,4.86,4.98,4.80,4.94,433941,5363727.50
20110627,4.94,5.05,4.90,4.98,348009,4363104.50
20110628,4.96,5.02,4.93,5.00,328343,4104835.75
20110629,5.00,5.08,4.96,4.96,357000,4506050.00
20110630,4.90,5.02,4.86,4.99,370738,4621293.50
20110701,4.96,5.06,4.95,5.03,432784,5460053.50
20110704,5.03,5.13,5.03,5.12,534569,6822320.00
20110705,5.12,5.12,5.05,5.10,305202,3897364.75
20110706,5.10,5.12,5.03,5.12,509916,6501280.50
20110707,5.10,5.22,5.07,5.16,899554,11661790.00
20110708,5.14,5.16,5.10,5.11,324230,4175081.00
20110711,5.10,5.16,5.07,5.16,269808,3468606.50
20110712,5.13,5.13,5.00,5.00,331455,4197699.50
20110713,5.00,5.16,5.00,5.13,336669,4298614.50
20110714,5.17,5.35,5.13,5.35,1253803,16527912.00
20110715,5.38,5.38,5.30,5.34,931987,12473807.00
20110718,5.34,5.36,5.26,5.27,573460,7636030.00
20110719,5.27,5.27,5.18,5.21,356231,4651609.50
20110720,5.23,5.26,5.18,5.24,303688,3979797.25
20110721,5.23,5.23,5.12,5.12,535839,6927989.00
20110722,5.12,5.18,5.12,5.14,251312,3249203.50
20110725,5.14,5.14,4.89,4.91,465556,5848031.00
20110726,4.91,5.02,4.88,4.96,299854,3723018.25
20110727,4.88,5.06,4.88,5.05,270139,3397143.75
20110728,5.02,5.03,4.94,4.98,274377,3436579.00
20110729,5.00,5.08,4.98,5.04,301367,3802438.50
20110801,5.04,5.17,4.92,5.13,479362,6101313.00
20110802,5.10,5.33,4.99,5.28,979415,12748176.00
20110803,5.21,5.68,5.15,5.65,3160211,43499588.00
20110804,5.58,5.58,5.42,5.50,1523019,21015966.00
20110805,5.38,5.40,5.26,5.30,852699,11381326.00
20110808,5.24,5.28,4.78,4.99,830276,10602678.00
20110809,4.85,4.94,4.61,4.86,683502,8187453.00
20110810,5.01,5.09,4.91,4.94,848093,10611239.00
20110811,4.75,5.13,4.75,5.10,1181700,14886702.00
20110812,5.10,5.29,5.06,5.21,1013834,13208885.00
20110815,5.21,5.29,5.19,5.28,654357,8616492.00
20110816,5.28,5.30,5.12,5.17,611822,8008734.00
20110817,5.17,5.23,5.12,5.16,415591,5395758.00
20110818,5.10,5.17,5.03,5.05,578379,7374317.50
20110819,4.90,5.13,4.86,5.10,540580,6819695.00
20110822,5.04,5.30,5.04,5.26,1124706,14728346.00
20110823,5.28,5.38,5.20,5.36,1135503,15125395.00
20110824,5.40,5.46,5.28,5.28,1034175,13898762.00
20110825,5.28,5.40,5.23,5.33,612302,8166872.50
20110826,5.33,5.48,5.28,5.46,710564,9640426.00
20110829,5.40,5.50,5.36,5.37,596617,8124374.50
20110830,5.38,5.44,5.24,5.24,671524,9030271.00
20110831,5.23,5.31,5.16,5.26,428820,5639728.50
20110901,5.26,5.30,5.20,5.23,314039,4144970.00
20110902,5.18,5.28,5.13,5.13,344851,4479699.00
20110905,5.11,5.11,4.94,4.95,311002,3902014.75
20110906,4.90,4.99,4.87,4.99,187327,2325897.25
20110907,5.03,5.09,4.95,5.07,263497,3334086.75
20110908,5.08,5.16,5.02,5.02,209608,2676141.75
20110909,4.99,5.12,4.98,5.00,126025,1587408.50
20110913,4.90,5.02,4.88,5.00,177050,2192778.25
20110914,5.00,5.11,4.91,5.07,228585,2892088.75
20110915,5.07,5.40,4.62,5.34,1566284,20791450.00
20110916,5.33,5.52,5.26,5.26,1572130,21265578.00
20110919,5.21,5.43,5.21,5.33,1013894,13580965.00
20110920,5.33,5.40,5.26,5.36,575540,7715267.50
20110921,5.36,5.51,5.21,5.47,1349762,18245262.00
20110922,5.42,5.45,5.23,5.25,718749,9624206.00
20110923,5.20,5.25,5.10,5.22,419928,5474021.00
20110926,5.22,5.46,5.22,5.46,1424229,19234984.00
20110927,5.59,5.59,5.37,5.42,1160827,15969932.00
20110928,5.45,5.45,5.25,5.30,662389,8860277.00
20110929,5.18,5.33,5.18,5.20,641659,8441391.00
20110930,5.21,5.22,4.90,4.91,705350,8866183.00
20111010,4.88,4.97,4.88,4.91,221851,2738706.25
20111011,5.06,5.10,4.75,4.81,545368,6694255.00
20111012,4.78,5.04,4.78,5.04,520789,6494958.00
20111013,5.00,5.12,5.00,5.08,489966,6230535.00
20111014,5.08,5.09,5.01,5.09,418271,5308192.00
20111017,5.10,5.22,5.06,5.22,498121,6405777.50
20111018,5.21,5.22,5.02,5.02,516700,6668570.50
20111019,4.99,5.06,4.95,4.96,286310,3593080.50
20111020,4.90,4.98,4.81,4.94,462371,5672770.50
20111021,4.94,4.94,4.84,4.87,113764,1393320.75
20111024,4.88,4.96,4.70,4.92,333560,4049744.00
20111025,4.92,5.03,4.85,5.01,367850,4594935.00
20111026,5.01,5.34,4.97,5.23,1058002,13855278.00
20111027,5.26,5.27,5.15,5.19,787412,10263689.00
20111028,5.23,5.36,5.18,5.32,841123,11101506.00
20111031,5.28,5.36,5.22,5.36,714011,9498065.00
20111101,5.33,5.48,5.29,5.36,919554,12447266.00
20111102,5.26,5.51,5.16,5.48,1045293,14069007.00
20111103,5.48,5.66,5.40,5.40,1443591,20096080.00
20111104,5.49,5.52,5.35,5.47,902704,12301068.00
20111107,5.46,6.02,5.42,6.02,3449075,50769728.00
20111108,6.18,6.30,5.82,5.84,4512898,68817240.00
20111109,5.80,6.43,5.72,6.43,3964651,60879140.00
20111110,6.59,7.06,6.59,6.70,6808366,115158656.00
20111111,6.66,7.06,6.62,6.86,5355920,91618480.00
20111114,6.80,6.92,6.74,6.86,3994236,68293440.00
20111115,6.88,6.98,6.69,6.84,2902431,49544868.00
20111116,6.78,6.84,6.61,6.74,2355404,39675308.00
20111117,6.72,6.76,6.47,6.61,2051532,34130312.00
20111118,6.52,6.66,6.11,6.16,3327168,52386136.00
20111121,6.11,6.22,6.04,6.19,1838679,28230422.00
20111122,6.08,6.23,6.00,6.16,1710621,26243866.00
20111123,6.13,6.24,6.00,6.00,1856514,28532370.00
20111124,5.90,6.08,5.85,6.01,1632167,24389602.00
20111125,6.01,6.03,5.82,5.87,977307,14510622.00
20111128,5.87,5.94,5.81,5.90,832297,12261186.00
20111129,5.94,6.05,5.86,6.02,1728790,25843780.00
20111130,6.02,6.02,5.42,5.42,3521666,49635040.00
20111201,5.56,5.60,5.42,5.42,2043147,28217830.00
20111205,5.13,5.20,4.88,4.88,2226221,27794874.00
20111206,4.83,4.97,4.79,4.95,1230788,15080449.00
20111207,4.92,5.02,4.85,5.02,1102437,13671068.00
20111208,4.96,5.16,4.81,5.06,1480700,18577428.00
20111209,4.98,5.03,4.90,4.94,851186,10577839.00
20111212,4.94,5.09,4.90,4.96,886641,11164202.00
20111213,4.88,4.96,4.70,4.76,969738,11660009.00
20111214,4.76,4.86,4.71,4.77,692253,8362644.50
20111215,4.82,4.90,4.72,4.79,831122,10070154.00
20111216,4.78,5.03,4.78,5.01,1090887,13436545.00
20111219,4.92,5.13,4.88,5.09,1269252,15909336.00
20111220,5.03,5.16,4.90,4.94,1092824,13805575.00
20111221,4.97,5.07,4.78,4.80,1039201,12902294.00
20111222,4.70,4.71,4.32,4.44,1646994,18287904.00
20111223,4.34,4.49,4.27,4.40,999791,11024601.00
20111226,4.40,4.44,4.29,4.29,487294,5327320.00
20111227,4.24,4.28,3.99,4.02,1085383,11237527.00
20111228,3.98,4.02,3.78,3.92,811018,7911597.00
20111229,3.86,3.96,3.85,3.89,479934,4717181.50
20111230,3.95,4.02,3.91,4.00,527350,5270508.00
20120104,4.06,4.08,3.86,3.86,592131,5964522.50
20120105,3.86,3.86,3.59,3.61,713866,6627331.00
20120106,3.59,3.76,3.52,3.72,636627,5872169.50
20120109,3.72,4.10,3.68,4.04,1575843,15838208.00
20120110,3.98,4.18,3.87,4.17,2207135,22295986.00
20120111,4.09,4.17,4.02,4.08,1433921,14751191.00
20120112,4.06,4.17,4.02,4.05,1056371,10830125.00
20120113,4.05,4.08,3.78,3.80,1038039,10099081.00
20120116,3.71,3.77,3.66,3.66,436661,4077296.00
20120117,3.70,3.88,3.63,3.86,700803,6633649.50
20120118,3.88,3.93,3.70,3.72,714710,6902752.00
20120119,3.70,3.82,3.67,3.81,357010,3389614.75
20120120,3.82,3.90,3.78,3.87,480340,4654335.00
20120130,3.88,3.94,3.80,3.84,355152,3458877.00
20120131,3.84,3.84,3.73,3.82,389760,3701563.00
20120201,3.81,3.90,3.80,3.82,350648,3391455.75
20120202,3.84,4.05,3.78,3.98,1292205,12774443.00
20120203,3.96,4.05,3.94,4.02,990092,9927129.00
20120206,4.04,4.04,3.98,4.02,776421,7831479.00
20120207,3.99,4.02,3.90,3.90,631209,6256342.00
20120208,3.88,4.17,3.88,4.11,1272963,13005147.00
20120209,4.09,4.22,4.06,4.10,1272167,13209647.00
20120210,4.10,4.16,4.07,4.14,734087,7588963.00
20120213,4.12,4.23,4.10,4.22,1202625,12590909.00
20120214,4.22,4.22,4.10,4.14,875703,9130307.00
20120215,4.14,4.56,4.11,4.56,1915838,21355570.00
20120216,4.58,4.60,4.40,4.50,2454779,27806168.00
20120217,4.48,4.53,4.39,4.40,1123608,12484974.00
20120220,4.45,4.53,4.41,4.42,1131443,12653597.00
20120221,4.42,4.52,4.36,4.50,1083787,12112063.00
20120222,4.50,4.59,4.43,4.56,1746889,19871990.00
20120223,4.55,4.61,4.47,4.53,1208550,13790023.00
20120224,4.54,4.74,4.50,4.57,1633286,18905012.00
20120227,4.56,4.63,4.52,4.56,1324083,15207975.00
20120228,4.52,4.56,4.38,4.44,1069117,11924787.00
20120229,4.44,4.46,4.35,4.36,633518,7010111.50
20120301,4.37,4.54,4.35,4.50,1297084,14536582.00
20120302,4.50,4.54,4.46,4.51,1088785,12299825.00
20120305,4.50,4.56,4.46,4.49,885084,10025934.00
20120306,4.47,4.50,4.39,4.41,571746,6358311.00
20120307,4.38,4.48,4.32,4.46,963650,10700766.00
20120308,4.47,4.55,4.46,4.53,1007742,11407643.00
20120309,4.52,4.63,4.50,4.60,1213728,13930268.00
20120312,4.61,4.64,4.51,4.58,848981,9740002.00
20120313,4.58,4.68,4.56,4.68,1138119,13223782.00
20120314,4.69,4.74,4.34,4.36,1662262,19178368.00
20120315,4.38,4.50,4.30,4.34,1144858,12672476.00
20120316,4.33,4.54,4.31,4.51,992114,11074140.00
20120319,4.51,4.66,4.48,4.62,1209141,13975087.00
20120320,4.58,4.66,4.48,4.49,852802,9774677.00
20120321,4.46,4.82,4.37,4.75,2379967,27813248.00
20120322,4.76,5.23,4.72,5.04,4272712,54021364.00
20120323,4.89,4.92,4.55,4.71,2221295,26439816.00
20120326,4.60,4.69,4.43,4.47,1304477,14718153.00
20120327,4.50,4.51,4.36,4.39,996133,11095661.00
20120328,4.32,4.35,4.03,4.03,1219279,12737395.00
20120329,4.03,4.04,3.86,3.92,715908,7098847.50
20120330,3.92,4.00,3.88,3.91,547632,5411107.00
20120405,3.94,4.04,3.90,4.01,589099,5895926.00
20120406,4.01,4.07,4.00,4.02,529228,5350189.00
20120409,3.99,4.21,3.98,4.06,865500,8945751.00
20120410,4.00,4.07,3.91,4.07,639785,6405694.00
20120411,4.02,4.16,3.98,4.08,573279,5840123.50
20120412,4.08,4.23,4.07,4.18,1034701,10807695.00
20120413,4.16,4.20,4.13,4.18,930363,9731196.00
20120416,4.14,4.16,4.09,4.14,473317,4910013.00
20120417,4.14,4.17,4.07,4.10,606763,6266354.00
20120418,4.13,4.21,4.09,4.18,771153,8049174.00
20120419,4.18,4.31,4.14,4.19,1061465,11274481.00
20120423,4.09,4.10,3.77,3.77,2282565,22023452.00
20120424,3.58,3.66,3.55,3.65,1060917,9617283.00
20120425,3.60,3.66,3.58,3.65,585772,5340784.00
20120426,3.65,3.67,3.58,3.61,480557,4364786.50
20120427,3.58,3.64,3.58,3.61,337942,3067802.25
20120502,3.63,3.67,3.62,3.65,490778,4494709.50
20120503,3.65,3.67,3.59,3.66,514131,4698956.50
20120504,3.62,3.72,3.62,3.71,561273,5210738.00
20120507,3.71,3.76,3.67,3.75,485720,4547620.50
20120508,3.78,4.08,3.76,3.95,1585129,15698758.00
20120509,3.90,3.90,3.79,3.82,916898,8865238.00
20120510,3.83,4.18,3.82,4.05,1724392,17321586.00
20120511,4.05,4.05,3.89,3.90,1048015,10399788.00
20120514,3.95,3.95,3.78,3.80,802024,7817442.50
20120515,3.80,3.87,3.71,3.86,568048,5396275.00
20120516,3.81,3.90,3.80,3.81,409735,3955742.25
20120517,3.82,3.86,3.78,3.83,513182,4927636.50
20120518,3.84,3.86,3.74,3.75,493066,4711228.00
20120521,3.84,3.84,3.72,3.76,197762,1861633.50
20120522,3.76,3.80,3.76,3.78,173311,1646423.13
20120523,3.79,3.81,3.73,3.74,263545,2496484.25
20120524,3.78,3.78,3.72,3.75,266499,2503640.25
20120525,3.73,3.81,3.67,3.70,247400,2311570.50
20120528,3.70,3.72,3.58,3.71,303275,2780931.25
20120529,3.70,3.78,3.70,3.73,513603,4830718.00
20120530,3.75,3.81,3.73,3.78,404829,3836937.75
20120531,3.77,3.84,3.72,3.81,515363,4920513.50
20120601,3.84,3.86,3.79,3.83,428029,4121245.25
20120604,3.77,3.77,3.63,3.63,476471,4430268.00
20120605,3.61,3.68,3.60,3.64,167682,1533955.75
20120606,3.64,3.69,3.63,3.66,236022,2169290.75
20120607,3.68,3.74,3.64,3.65,209110,1944788.38
20120608,3.70,3.70,3.62,3.67,233882,2149950.25
20120611,3.70,3.77,3.66,3.75,319434,2992482.00
20120612,3.74,3.76,3.70,3.74,352990,3312566.00
20120613,3.96,3.96,3.78,3.84,786587,7582734.00
20120614,3.84,4.21,3.84,4.19,3026971,30837204.00
20120615,4.16,4.61,4.06,4.61,3823293,41768264.00
20120618,4.78,5.00,4.48,4.52,5324896,61922440.00
20120619,4.53,4.61,4.40,4.43,2662187,29925000.00
20120620,4.41,4.43,4.28,4.29,2347176,25562458.00
20120621,4.26,4.32,4.18,4.25,1540029,16363486.00
20120625,4.20,4.68,4.20,4.68,5630239,63716212.00
20120626,4.82,4.99,4.54,4.68,4674738,56027944.00
20120627,4.73,5.16,4.70,5.16,2800207,35175968.00
20120628,5.43,5.52,4.92,4.94,4868233,64198672.00
20120629,4.96,5.17,4.73,5.04,3606593,44714936.00
20120702,5.18,5.50,5.06,5.14,2923024,38447668.00
20120703,5.12,5.41,5.10,5.25,2610890,34631296.00
20120704,5.17,5.35,4.96,5.14,2037177,26213284.00
20120705,4.94,5.10,4.76,4.78,1247742,15282220.00
20120706,4.76,4.82,4.66,4.74,2564869,30392608.00
20120709,4.72,4.81,4.32,4.37,2246451,25892232.00
20120710,4.33,4.38,4.19,4.24,1393385,15022796.00
20120711,4.20,4.38,4.16,4.24,1839072,19570956.00
20120712,4.24,4.33,4.18,4.28,1299127,13915546.00
20120713,4.22,4.62,4.06,4.25,3877794,42300624.00
20120716,4.23,4.58,4.18,4.20,2696775,29368666.00
20120717,4.21,4.47,4.18,4.42,2160301,23577720.00
20120718,4.36,4.72,4.22,4.62,4245292,48228896.00
20120719,4.50,4.85,4.46,4.66,3073993,35625612.00
20120720,4.58,4.84,4.41,4.43,2921865,33921776.00
20120723,4.34,4.34,4.10,4.30,1836705,19534876.00
20120724,4.24,4.57,4.18,4.43,2188274,24413436.00
20120725,4.32,4.57,4.32,4.41,1941312,21723798.00
20120726,4.28,4.41,4.03,4.04,2565298,27251638.00
20120727,4.01,4.08,3.80,3.83,1368602,13440407.00
20120730,3.84,3.87,3.70,3.76,1107983,10542868.00
20120731,3.75,3.79,3.66,3.76,509434,4784145.00
20120801,3.77,3.92,3.74,3.86,821625,7923842.00
20120802,3.89,3.95,3.81,3.90,896902,8740589.00
20120803,3.89,4.01,3.84,4.00,1161022,11476670.00
20120806,3.90,4.10,3.88,4.02,1385773,13938352.00
20120807,4.03,4.21,3.99,4.07,1674739,17239558.00
20120808,4.03,4.16,3.93,4.06,1803458,18221748.00
20120809,4.06,4.30,4.05,4.24,3189398,33557024.00
20120810,4.25,4.37,4.20,4.23,2582183,27746304.00
20120813,4.18,4.19,4.01,4.02,1318429,13559692.00
20120814,4.06,4.43,4.00,4.43,2573649,27418298.00
20120815,4.49,4.86,4.42,4.61,5243250,60463772.00
20120816,4.54,4.60,4.36,4.44,2584353,29085262.00
20120817,4.40,4.59,4.37,4.44,2305547,26020478.00
20120820,4.38,4.58,4.24,4.53,2258226,25182578.00
20120821,4.49,4.62,4.44,4.54,2403987,27465706.00
20120822,4.54,4.84,4.46,4.68,3111849,36428696.00
20120823,4.68,4.68,4.48,4.50,2535360,29001450.00
20120824,4.42,4.42,4.24,4.26,2089483,22627742.00
20120827,4.26,4.46,4.06,4.25,1684180,18063154.00
20120828,4.21,4.36,4.12,4.34,1218283,12977813.00
20120829,4.35,4.36,4.23,4.23,1077926,11614581.00
20120830,4.18,4.22,3.82,3.87,1492149,14930775.00
20120831,3.89,4.26,3.89,4.00,1056868,10686164.00
20120903,4.05,4.16,3.90,4.07,878273,8906874.00
20120904,4.08,4.21,4.02,4.04,1087976,11239131.00
20120905,4.01,4.08,3.93,4.06,708432,7142212.50
20120906,4.06,4.20,4.06,4.20,1108841,11598650.00
20120907,4.26,4.36,4.18,4.32,1780963,19084148.00
20120910,4.31,4.48,4.24,4.44,1913581,21064818.00
20120911,4.42,4.48,4.34,4.35,1317307,14584072.00
20120912,4.40,4.79,4.37,4.79,3337961,38810360.00
20120913,4.93,4.97,4.69,4.70,4950897,60580288.00
20120914,4.67,4.74,4.58,4.60,2005005,23417768.00
20120917,4.53,4.55,4.40,4.45,1551510,17435540.00
20120918,4.44,4.48,4.32,4.44,1067464,11821715.00
20120919,4.44,4.53,4.24,4.33,1263770,13787639.00
20120920,4.28,4.32,4.12,4.16,922945,9829076.00
20120921,4.16,4.22,4.01,4.02,900571,9349381.00
20120924,4.04,4.16,3.98,4.11,569426,5824497.50
20120925,4.12,4.31,4.07,4.21,1261611,13458119.00
20120926,4.21,4.22,3.93,3.98,827795,8425442.00
20120927,4.06,4.38,4.05,4.24,1533758,16398271.00
20120928,4.14,4.32,4.11,4.27,1253340,13351081.00
20121008,4.28,4.38,4.21,4.36,1014337,10995806.00
20121009,4.32,4.56,4.32,4.47,1312497,14636786.00
20121010,4.41,4.53,4.41,4.47,804243,9014881.00
20121011,4.47,4.48,4.30,4.31,973628,10657858.00
20121012,4.31,4.41,4.16,4.24,825582,8812768.00
20121015,4.27,4.27,4.08,4.14,745645,7696481.00
20121016,4.10,4.22,4.08,4.14,492598,5151635.50
20121017,4.14,4.21,4.13,4.17,361258,3775321.00
20121018,4.18,4.32,4.17,4.30,615675,6603466.00
20121019,4.30,4.38,4.18,4.19,663117,7106361.00
20121022,4.14,4.36,4.12,4.34,855605,9158188.00
20121023,4.38,4.59,4.34,4.34,2263159,25294132.00
20121024,4.26,4.26,4.16,4.21,870563,9185097.00
20121025,4.21,4.28,4.16,4.16,865504,9147279.00
20121026,4.19,4.20,4.04,4.07,518149,5325076.50
20121029,4.07,4.08,3.90,3.99,575348,5768510.50
20121030,3.97,4.09,3.92,3.99,372982,3749774.75
20121031,3.99,4.01,3.94,4.01,289150,2882616.50
20121101,4.00,4.09,4.00,4.06,510800,5197413.00
20121102,4.07,4.09,4.03,4.04,509861,5183077.50
20121105,4.04,4.06,3.89,3.90,694780,6873031.50
20121106,3.95,4.03,3.89,4.00,702859,7002255.50
20121107,4.01,4.10,3.92,4.03,595749,6007554.50
20121108,3.98,4.02,3.82,3.83,1030293,10070696.00
20121109,3.84,3.88,3.78,3.80,369270,3564748.25
20121112,3.81,3.82,3.61,3.68,1173542,10861568.00
20121113,3.67,3.68,3.54,3.56,658829,5964294.50
20121114,3.58,3.64,3.55,3.63,336749,3030443.25
20121115,3.58,3.66,3.53,3.64,534256,4839248.00
20121116,3.58,3.62,3.50,3.58,403312,3607465.50
20121119,3.55,3.58,3.41,3.47,865461,7542894.00
20121120,3.49,3.52,3.45,3.48,336477,2952704.75
20121121,3.46,3.55,3.43,3.53,325589,2864538.50
20121122,3.58,3.58,3.33,3.43,321761,2800433.25
20121123,3.43,3.48,3.42,3.44,336707,2925519.75
20121126,3.45,3.47,3.34,3.35,249514,2127570.50
20121127,3.37,3.37,3.19,3.19,346453,2852553.50
20121128,3.20,3.26,3.02,3.02,407185,3176539.00
20121129,3.02,3.08,2.98,2.98,318930,2427501.00
20121130,3.00,3.05,2.97,3.02,346115,2626708.25
20121203,3.02,3.02,2.86,2.86,204800,1520290.25
20121204,2.86,2.95,2.80,2.94,430928,3120498.00
20121205,2.93,3.13,2.89,3.04,655517,4986886.00
20121206,3.04,3.08,3.02,3.05,326014,2498799.75
20121207,3.05,3.23,3.02,3.16,862137,6823750.00
20121210,3.14,3.24,3.14,3.24,1003897,8069006.00
20121211,3.20,3.23,3.18,3.18,434044,3495278.25
20121212,3.19,3.21,3.11,3.15,394974,3131540.00
20121213,3.12,3.19,3.11,3.19,441907,3508395.00
20121214,3.19,3.31,3.15,3.31,1120155,9191229.00
20121217,3.30,3.35,3.25,3.32,789679,6533026.00
20121218,3.32,3.36,3.24,3.26,732047,6076316.00
20121219,3.23,3.38,3.23,3.34,925682,7771630.50
20121220,3.31,3.32,3.23,3.31,717697,5910059.00
20121221,3.34,3.34,3.26,3.32,572252,4763946.00
20121224,3.30,3.34,3.29,3.30,636850,5309491.50
20121225,3.29,3.40,3.29,3.38,964196,8159812.50
20121226,3.41,3.49,3.37,3.47,661198,5733832.50
20121227,3.48,3.56,3.42,3.42,1003242,8832886.00
20121228,3.42,3.44,3.36,3.43,641272,5490265.00
20121231,3.39,3.46,3.39,3.45,550952,4749234.00
20130104,3.50,3.50,3.38,3.40,585248,5034126.50
20130107,3.38,3.48,3.38,3.46,549075,4733705.00
20130108,3.45,3.56,3.45,3.53,1015722,8968926.00
20130109,3.57,3.88,3.53,3.88,1967035,18977790.00
20130110,3.90,3.98,3.74,3.84,4814139,46566348.00
20130111,3.78,3.82,3.66,3.70,2027390,19016194.00
20130114,3.67,4.01,3.65,3.88,3135752,30390896.00
20130115,3.86,4.03,3.82,3.89,2430267,23819580.00
20130116,3.82,3.86,3.74,3.82,1529873,14601054.00
20130117,3.78,3.87,3.74,3.77,1083844,10367245.00
20130118,3.77,3.98,3.76,3.93,2277453,22199130.00
20130121,3.90,3.90,3.84,3.88,1442620,14019871.00
20130122,3.92,3.92,3.66,3.73,1149760,11054232.00
20130123,3.69,3.74,3.59,3.65,924068,8488165.00
20130124,3.65,3.73,3.44,3.47,1325414,11929683.00
20130125,3.45,3.49,3.39,3.42,824691,7117362.50
20130128,3.44,3.52,3.40,3.52,817126,7136955.50
20130129,3.52,3.58,3.49,3.57,825975,7362271.50
20130130,3.52,3.56,3.47,3.52,1084111,9542439.00
20130131,3.52,3.53,3.42,3.46,817571,7096839.50
20130201,3.47,3.50,3.43,3.48,691981,6045338.50
20130204,3.48,3.49,3.36,3.38,786361,6728631.00
20130205,3.34,3.43,3.34,3.42,453037,3864785.00
20130206,3.42,3.46,3.40,3.43,499250,4313718.50
20130207,3.45,3.54,3.42,3.49,803133,7058813.00
20130208,3.49,3.54,3.47,3.51,538977,4766444.50
20130218,3.60,3.60,3.52,3.56,796388,7111111.50
20130219,3.56,3.58,3.48,3.51,837850,7407693.00
20130220,3.50,3.62,3.49,3.61,900885,8085620.00
20130221,3.60,3.68,3.54,3.56,1081671,9758395.00
20130222,3.52,3.68,3.52,3.60,1023762,9304504.00
20130225,3.60,3.69,3.60,3.64,825761,7589012.00
20130226,3.60,3.70,3.57,3.58,1159619,10596992.00
20130227,3.54,3.60,3.50,3.55,707384,6313206.50
20130228,3.54,3.63,3.50,3.60,776334,6958159.00
20130301,3.59,3.68,3.58,3.66,1140756,10418220.00
20130304,3.63,3.63,3.46,3.49,1414513,12670726.00
20130305,3.48,3.58,3.48,3.58,697915,6229325.50
20130306,3.58,3.68,3.58,3.65,791698,7227500.00
20130307,3.62,3.75,3.62,3.70,1402492,12999558.00
20130308,3.68,3.85,3.65,3.75,2239085,21143050.00
20130311,3.75,3.75,3.66,3.70,937587,8714033.00
20130312,3.70,3.76,3.56,3.68,1413832,12955711.00
20130313,3.62,3.84,3.61,3.74,3057720,28876944.00
20130314,3.72,3.77,3.63,3.67,1553185,14450795.00
20130315,3.66,3.66,3.33,3.42,2189183,18991786.00
20130318,3.36,3.40,3.22,3.24,1369792,11334217.00
20130319,3.26,3.29,3.19,3.28,577319,4719837.00
20130320,3.28,3.36,3.27,3.36,794486,6638712.00
20130321,3.36,3.44,3.34,3.44,933019,7956631.00
20130322,3.39,3.42,3.36,3.38,1030976,8786173.00
20130325,3.37,3.42,3.37,3.39,506243,4321439.00
20130326,3.39,3.39,3.26,3.29,824493,6828533.00
20130327,3.30,3.31,3.25,3.27,787886,6513467.50
20130328,3.24,3.25,3.14,3.16,724959,5807823.00
20130329,3.15,3.19,3.14,3.14,440977,3506648.25
20130401,3.16,3.22,3.15,3.18,445791,3564704.75
20130402,3.18,3.21,3.14,3.16,362426,2895710.75
20130403,3.16,3.16,3.06,3.10,334765,2610202.50
20130408,3.08,3.10,3.02,3.09,244791,1891503.63
20130409,3.12,3.17,3.10,3.14,319687,2521887.25
20130410,3.14,3.18,3.12,3.14,295841,2343181.75
20130411,3.16,3.19,3.14,3.19,370966,2963281.00
20130412,3.34,3.46,3.28,3.30,2501918,21159992.00
20130415,3.19,3.19,3.08,3.15,1113945,8814422.00
20130416,3.14,3.21,3.11,3.19,717830,5703297.00
20130417,3.20,3.24,3.18,3.22,434349,3506532.75
20130418,3.22,3.22,3.18,3.20,489575,3939820.25
20130419,3.20,3.27,3.19,3.24,703780,5755441.00
20130422,3.21,3.30,3.21,3.28,597607,4900202.00
20130423,3.25,3.31,3.14,3.16,696962,5640108.50
20130424,3.16,3.25,3.13,3.25,616854,4958610.00
20130425,3.21,3.26,3.16,3.18,806282,6504452.50
20130426,3.16,3.22,3.10,3.10,626229,4999342.00
20130502,3.05,3.11,3.03,3.09,366026,2834542.50
20130503,3.14,3.18,3.09,3.14,468952,3708420.50
20130506,3.15,3.26,3.13,3.26,944702,7647989.00
20130507,3.18,3.34,3.16,3.31,1561617,12743796.00
20130508,3.33,3.48,3.30,3.32,1904809,16132386.00
20130509,3.26,3.40,3.20,3.39,1829094,15217303.00
20130510,3.36,3.46,3.31,3.40,1554695,13201022.00
20130513,3.41,3.41,3.32,3.36,955822,8050277.50
20130514,3.34,3.36,3.28,3.33,677600,5653753.50
20130515,3.35,3.42,3.30,3.42,1239055,10537519.00
20130516,3.40,3.46,3.38,3.41,1423672,12264864.00
20130517,3.39,3.46,3.38,3.45,1198524,10349937.00
20130520,3.46,3.76,3.45,3.64,3773795,34536240.00
20130521,3.64,3.73,3.61,3.70,2804900,25935614.00
20130522,3.67,3.69,3.58,3.61,1691293,15412041.00
20130523,3.55,3.66,3.55,3.60,1304669,11894543.00
20130524,3.54,3.66,3.53,3.62,1875306,17112024.00
20130527,3.64,3.73,3.62,3.65,1385371,12780464.00
20130528,3.64,3.67,3.56,3.59,1322027,11952400.00
20130529,3.57,3.62,3.57,3.61,663938,6001136.00
20130530,3.61,3.65,3.58,3.64,873348,7956756.00
20130531,3.64,3.78,3.60,3.64,1875620,17434520.00
20130603,3.60,3.65,3.54,3.56,1122955,10158677.00
20130604,3.55,3.58,3.45,3.56,1496265,13198616.00
20130605,3.56,3.65,3.52,3.64,921183,8294056.50
20130606,3.62,3.76,3.61,3.69,1745393,16215552.00
20130607,3.69,3.73,3.54,3.64,1464794,13434866.00
20130613,3.60,3.60,3.36,3.37,783540,6712107.50
20130614,3.36,3.44,3.34,3.44,1054912,8997004.00
20130617,3.41,3.52,3.41,3.47,886935,7752229.00
20130618,3.45,3.50,3.36,3.45,559904,4821350.00
20130619,3.42,3.49,3.37,3.47,484199,4166188.00
20130620,3.41,3.51,3.31,3.34,821174,7107525.50
20130621,3.22,3.36,3.22,3.32,623402,5128368.00
20130624,3.28,3.40,3.08,3.10,994584,8153262.00
20130625,3.16,3.17,2.81,3.10,1120748,8496614.00
20130626,3.06,3.20,2.98,3.18,1403739,11020386.00
20130627,3.14,3.28,3.13,3.20,990343,8013905.00
20130628,3.20,3.23,3.06,3.22,374193,2986355.50
20130701,3.22,3.25,3.14,3.25,363288,2926934.75
20130702,3.19,3.34,3.19,3.32,574639,4775506.00
20130703,3.27,3.33,3.22,3.32,503985,4168216.00
20130704,3.31,3.66,3.27,3.62,4047754,36785232.00
20130705,3.57,3.58,3.43,3.52,2046775,18022842.00
20130708,3.46,3.46,3.25,3.34,1024810,8615439.00
20130709,3.33,3.65,3.26,3.65,2235425,19408564.00
20130710,3.58,3.66,3.54,3.65,2560006,23205544.00
20130711,3.64,3.67,3.52,3.62,1649597,15025782.00
20130712,3.59,3.86,3.58,3.62,4081126,37874852.00
20130715,3.64,3.73,3.54,3.66,2649574,24119284.00
20130716,3.66,3.74,3.59,3.70,2308787,21302222.00
20130717,3.68,3.85,3.66,3.81,3365021,32038702.00
20130718,4.19,4.19,4.14,4.19,5447088,57335188.00
20130719,4.54,4.61,4.38,4.61,4319176,49586728.00
20130722,4.90,4.98,4.65,4.88,12561748,151199264.00
20130723,4.78,5.03,4.71,4.86,7684142,93113096.00
20130724,4.78,4.85,4.66,4.78,6312806,75387648.00
20130725,4.72,4.78,4.32,4.35,5744039,65095620.00
20130726,4.36,4.46,4.25,4.41,3729951,41015748.00
20130729,4.38,4.38,4.02,4.08,3267171,34623472.00
20130730,4.10,4.28,4.07,4.22,2979090,31330352.00
20130731,4.18,4.30,4.12,4.16,2301850,24312596.00
20130801,4.16,4.49,4.16,4.44,5073550,55700764.00
20130802,4.46,4.64,4.36,4.36,4148290,46825100.00
20130805,4.28,4.46,4.26,4.38,2136812,23488624.00
20130806,4.34,4.48,4.34,4.44,2195623,24341954.00
20130807,4.41,4.46,4.15,4.18,2671359,28694590.00
20130808,4.18,4.26,4.12,4.18,1332401,14005504.00
20130809,4.17,4.22,4.02,4.10,1542557,15922187.00
20130812,4.10,4.23,4.06,4.20,1627062,17007282.00
20130813,4.20,4.26,4.16,4.22,1601623,16994388.00
20130814,4.22,4.28,4.16,4.28,2422567,25840866.00
20130815,4.28,4.33,4.23,4.29,2093023,22538834.00
20130816,4.26,4.44,4.16,4.16,3269191,35550208.00
20130819,4.07,4.17,3.98,4.16,2019956,20781238.00
20130820,4.13,4.25,4.11,4.22,1745839,18435958.00
20130821,4.22,4.32,4.16,4.30,1836544,19635268.00
20130822,4.30,4.47,4.26,4.33,2523140,27766438.00
20130823,4.32,4.57,4.14,4.50,5033584,55253096.00
20130826,4.53,4.53,4.39,4.49,2893655,32561480.00
20130827,4.49,4.51,4.35,4.43,1845401,20502780.00
20130828,4.42,4.88,4.36,4.88,4651834,55739576.00
20130829,5.01,5.10,4.63,4.73,5936078,71713448.00
20130830,4.76,4.76,4.26,4.26,3823746,42489208.00
20130902,4.10,4.22,3.97,4.14,2744823,28234508.00
20130903,4.13,4.23,4.06,4.20,2119347,22135560.00
20130904,4.18,4.23,4.12,4.16,1620850,16942180.00
20130905,4.14,4.21,4.04,4.18,1382044,14508394.00
20130906,4.20,4.60,4.17,4.42,3714354,41297680.00
20130909,4.38,4.42,4.27,4.36,2012218,21947350.00
20130910,4.33,4.55,4.31,4.46,2113886,23639740.00
20130911,4.44,4.51,4.18,4.20,2000917,21507710.00
20130912,4.17,4.27,4.08,4.19,1113647,11746603.00
20130913,4.18,4.36,4.15,4.31,1348962,14496837.00
20130916,4.26,4.40,4.24,4.28,1010125,10973249.00
20130917,4.26,4.38,4.15,4.22,960687,10367540.00
20130918,4.21,4.28,4.14,4.27,755434,7995469.00
20130923,4.29,4.50,4.28,4.40,2095817,23174826.00
20130924,4.40,4.56,4.32,4.54,2504974,27897492.00
20130925,4.54,4.57,4.40,4.42,1836517,20645886.00
20130926,4.42,4.72,4.38,4.49,3459088,39857508.00
20130927,4.48,4.58,4.35,4.42,1813539,20204976.00
20130930,4.44,4.46,4.36,4.42,1112834,12338967.00
20131008,4.41,4.60,4.41,4.57,1808946,20609402.00
20131009,4.57,4.72,4.54,4.72,1921847,22544514.00
20131010,4.76,4.77,4.54,4.54,1827647,21165278.00
20131011,4.54,4.62,4.45,4.51,1270755,14461632.00
20131014,4.46,4.70,4.46,4.70,1885362,21786602.00
20131015,4.68,4.74,4.52,4.54,1527807,17645672.00
20131016,4.52,4.54,4.35,4.38,1271394,14116561.00
20131017,4.36,4.48,4.34,4.41,1031602,11440176.00
20131018,4.41,4.78,4.41,4.59,2054093,23842662.00
20131021,4.68,5.05,4.62,5.05,6569546,82087536.00
20131022,5.08,5.34,4.84,4.88,6407388,81770952.00
20131023,4.80,5.36,4.75,5.36,8619107,113766816.00
20131024,5.46,5.56,5.13,5.17,7269660,97034952.00
20131025,5.22,5.23,4.77,4.93,5575926,69022912.00
20131028,4.84,4.93,4.68,4.82,3205496,38632008.00
20131029,4.75,4.92,4.33,4.33,3263665,37668240.00
20131030,4.14,4.33,3.90,4.24,5949486,61330672.00
20131031,4.18,4.32,4.02,4.05,4211022,43812704.00
20131101,3.96,4.00,3.83,3.90,3036834,29719922.00
20131104,3.81,4.03,3.80,3.96,1677641,16675402.00
20131105,3.96,4.12,3.82,4.08,2808626,28230558.00
20131106,4.05,4.48,4.03,4.48,4383177,47296996.00
20131107,4.46,4.51,4.22,4.29,5101057,55510720.00
20131108,4.30,4.49,4.24,4.28,3203672,35087128.00
20131111,4.23,4.32,4.02,4.19,2498001,26074376.00
20131112,4.16,4.28,4.12,4.23,2114159,22403326.00
20131113,4.14,4.22,3.94,4.01,1984197,20318162.00
20131114,4.01,4.10,3.86,4.07,2181439,22019460.00
20131115,4.14,4.28,4.09,4.16,2166404,22836236.00
20131118,4.14,4.37,4.14,4.34,2683440,28877304.00
20131119,4.29,4.70,4.28,4.52,3518081,39679860.00
20131120,4.50,4.58,4.40,4.57,1922186,21713142.00
20131121,4.56,4.57,4.44,4.52,1606497,18148538.00
20131122,4.53,4.86,4.46,4.68,3414300,40060652.00
20131125,4.63,4.63,4.38,4.48,2595265,29332714.00
20131126,4.48,4.61,4.48,4.53,1756321,20065328.00
20131127,4.56,4.69,4.51,4.61,2115540,24516324.00
20131128,4.62,4.76,4.55,4.73,2370636,27681000.00
20131129,4.68,4.86,4.62,4.82,2688070,32194268.00
20131202,4.45,4.54,4.34,4.34,2755087,30439414.00
20131203,4.17,4.32,3.92,4.20,2269755,23303358.00
20131204,4.15,4.30,4.09,4.10,1913183,20204622.00
20131205,4.08,4.14,4.01,4.07,1705757,17432432.00
20131206,4.05,4.13,4.01,4.12,1314734,13473641.00
20131209,4.14,4.19,4.06,4.18,2011899,20786994.00
20131210,4.19,4.19,4.08,4.10,1625407,16801912.00
20131211,4.09,4.12,4.00,4.03,989833,10119359.00
20131212,4.06,4.16,4.06,4.10,1275452,13168183.00
20131213,4.09,4.18,4.06,4.18,1543775,16071414.00
20131216,4.17,4.20,4.10,4.10,1505432,15667835.00
20131217,4.10,4.29,4.07,4.22,2382476,25141502.00
20131218,4.22,4.35,4.22,4.30,2578155,27752904.00
20131219,4.24,4.30,4.12,4.13,1415323,15090714.00
20131220,4.14,4.23,4.06,4.19,1724608,18022558.00
20131223,4.16,4.22,4.10,4.19,1126700,11780394.00
20131224,4.17,4.28,4.14,4.25,1421200,15098336.00
20131225,4.25,4.38,4.21,4.36,2097970,22802262.00
20131226,4.34,4.52,4.23,4.49,4182745,46182372.00
20131227,4.45,4.61,4.40,4.56,3388265,38500584.00
20131230,4.52,4.85,4.42,4.67,5256759,60985268.00
20131231,4.58,4.61,4.40,4.48,3105150,35074028.00
20140102,4.48,4.67,4.47,4.59,2704267,31103004.00
20140103,4.54,5.05,4.52,4.87,8187637,101264472.00
20140106,4.79,4.85,4.54,4.60,3473231,40927580.00
20140107,4.56,4.68,4.45,4.62,2652744,30567492.00
20140108,4.59,4.74,4.59,4.66,2857163,33567304.00
20140109,4.66,4.82,4.54,4.54,3340297,39500328.00
20140110,4.46,4.57,4.23,4.34,2823104,31272924.00
20140113,4.30,4.43,4.29,4.37,1660238,18198326.00
20140114,4.35,4.81,4.35,4.72,5113803,60279676.00
20140115,4.63,4.93,4.63,4.86,5398196,65278676.00
20140116,4.85,5.02,4.78,4.82,3937454,48328252.00
20140117,4.80,5.24,4.73,5.00,5254518,65927688.00
20140120,4.98,5.18,4.94,5.07,4295110,54548416.00
20140121,5.04,5.15,4.92,5.09,3469519,43876636.00
20140122,5.04,5.16,4.94,5.12,3170326,40206832.00
20140123,5.06,5.28,5.03,5.13,2622881,34111928.00
20140124,5.08,5.16,5.02,5.06,2275330,29018142.00
20140127,5.00,5.38,4.96,5.17,3432569,44879716.00
20140128,5.14,5.31,5.04,5.22,1652547,21361342.00
20140129,5.29,5.46,5.26,5.31,2973578,39883908.00
20140130,5.30,5.30,5.14,5.17,1418429,18581218.00
20140207,5.17,5.69,5.10,5.69,6929144,97189712.00
20140210,5.84,6.14,5.70,5.91,8075571,117983456.00
20140211,5.92,5.92,5.64,5.75,4712457,68579800.00
20140212,5.70,5.88,5.69,5.87,3690515,53562416.00
20140213,5.80,5.87,5.51,5.54,3657700,52335076.00
20140214,5.48,5.63,5.38,5.62,2429214,33681236.00
20140217,5.61,5.82,5.61,5.79,2664256,38343160.00
20140218,5.78,5.85,5.64,5.76,2683488,38740500.00
20140219,5.74,5.77,5.53,5.57,2312148,32704274.00
20140220,5.60,5.71,5.46,5.54,1821035,25489936.00
20140221,5.52,5.66,5.46,5.58,1327784,18532872.00
20140224,5.58,5.68,5.48,5.65,1435483,20227588.00
20140225,5.65,5.81,5.08,5.08,3275708,44619576.00
20140226,5.06,5.21,4.88,5.18,2214903,28226838.00
20140227,5.18,5.32,4.96,4.98,1718149,22295164.00
20140228,4.85,5.05,4.70,4.99,2076990,25281886.00
20140303,4.93,5.13,4.87,5.12,1132097,14322213.00
20140304,5.16,5.28,4.98,5.26,1233867,16068989.00
20140305,5.24,5.27,5.11,5.17,730256,9505800.00
20140306,5.17,5.26,5.06,5.22,679995,8829226.00
20140307,5.27,5.34,5.06,5.16,1987004,25836500.00
20140310,5.16,5.16,4.87,4.88,3088573,38601640.00
20140311,5.02,5.36,5.02,5.36,7874204,105654904.00
20140312,4.98,5.10,4.82,4.82,5109216,62789284.00
20140313,4.70,4.84,4.64,4.83,2168778,25924750.00
20140314,4.83,4.90,4.74,4.78,1343346,16238532.00
20140317,4.77,4.92,4.74,4.91,1099643,13457170.00
20140318,5.03,5.13,4.93,5.05,2130074,27012572.00
20140319,5.00,5.18,4.96,5.16,1563380,19890944.00
20140320,5.11,5.26,4.92,4.92,1715336,21919064.00
20140321,4.86,5.20,4.86,5.18,2002956,25470740.00
20140324,5.18,5.18,5.08,5.14,1527146,19610410.00
20140325,5.06,5.30,5.06,5.14,1532305,19933342.00
20140326,5.34,5.54,5.14,5.18,3628304,48160800.00
20140327,5.34,5.36,4.96,4.99,2115373,27023164.00
20140328,4.90,5.04,4.70,4.71,1778509,21560138.00
20140331,4.68,4.71,4.49,4.54,1286080,14738303.00
20140401,4.51,4.66,4.51,4.65,861876,9966043.00
20140402,4.65,4.68,4.51,4.55,919168,10560736.00
20140403,4.58,4.64,4.51,4.61,706881,8124938.50
20140404,4.58,4.69,4.56,4.68,639043,7469600.50
20140408,4.66,4.76,4.60,4.72,833232,9804941.00
20140409,4.73,4.81,4.70,4.79,856810,10244552.00
20140410,4.82,4.89,4.78,4.79,1247839,15152175.00
20140414,4.74,4.88,4.67,4.88,1054191,12666146.00
20140415,4.90,4.90,4.80,4.84,750694,9128097.00
20140416,4.86,4.90,4.76,4.82,610848,7385265.00
20140417,4.86,4.88,4.79,4.84,631098,7682284.50
20140418,4.82,4.98,4.79,4.96,1125160,13897534.00
20140421,4.98,5.15,4.90,4.98,1721975,21919154.00
20140422,4.94,5.00,4.79,4.98,1243580,15253259.00
20140423,4.98,5.17,4.97,5.04,1146959,14631126.00
20140424,5.10,5.12,4.93,4.97,1228891,15519666.00
20140425,4.97,5.05,4.90,4.91,717232,8944112.00
20140428,4.92,4.92,4.53,4.53,933487,10923192.00
20140429,4.58,4.75,4.51,4.75,971589,11361105.00
20140430,4.74,5.14,4.70,5.08,1361140,17033476.00
20140505,5.03,5.29,5.02,5.24,2568797,33673776.00
20140506,5.24,5.30,5.14,5.22,1538058,20163064.00
20140507,5.18,5.45,5.16,5.27,2559474,34274240.00
20140508,5.20,5.41,5.20,5.22,1821359,24289914.00
20140509,5.18,5.57,5.10,5.44,2199273,29318846.00
20140512,5.42,5.49,5.29,5.47,2072792,28065838.00
20140513,5.40,5.50,5.30,5.42,1463903,19854812.00
20140514,5.39,5.46,5.34,5.40,867575,11763479.00
20140515,5.13,5.40,5.13,5.13,1242358,16324582.00
20140516,5.14,5.65,5.06,5.65,3442821,47146248.00
20140519,5.70,5.77,5.51,5.73,4014617,56929088.00
20140520,5.70,5.88,5.56,5.68,3390515,48441128.00
20140521,5.69,5.92,5.63,5.85,4608807,66997768.00
20140522,5.77,5.86,5.66,5.66,3117382,44880748.00
20140523,5.62,5.65,5.39,5.58,3406447,47127460.00
20140526,5.54,5.96,5.39,5.89,4303661,62174352.00
20140527,5.78,5.88,5.72,5.79,2311414,33604144.00
20140528,5.76,5.87,5.68,5.84,2093339,30381236.00
20140529,5.81,5.95,5.59,5.62,2651965,38144240.00
20140530,5.58,5.77,5.58,5.66,1980398,28166292.00
20140603,5.65,5.81,5.58,5.60,2427541,34659160.00
20140604,5.55,5.56,5.35,5.39,2348755,31985932.00
20140605,5.34,5.52,5.34,5.50,1386097,18917132.00
20140606,5.54,5.69,5.45,5.58,1782296,24935492.00
20140609,5.50,5.93,5.46,5.84,3938650,56997660.00
20140610,5.83,5.94,5.73,5.94,3381763,49540616.00
20140611,5.78,6.08,5.75,5.89,4275715,63631612.00
20140612,5.78,5.90,5.72,5.86,2767982,40353324.00
20140613,5.86,6.45,5.76,6.28,6990622,108300064.00
20140616,6.21,6.36,6.12,6.23,4311356,67266192.00
20140617,6.22,6.32,6.09,6.32,3071777,47588572.00
20140618,6.26,6.30,6.05,6.10,2329592,35900056.00
20140619,6.08,6.64,6.06,6.29,5474633,87151632.00
20140620,6.32,6.77,5.87,6.63,5855809,95097168.00
20140623,6.58,6.76,6.49,6.68,3676922,61149140.00
20140624,6.61,6.70,6.52,6.63,2765871,45715080.00
20140625,6.60,6.84,6.42,6.83,3042443,50477664.00
20140626,6.84,6.98,6.74,6.76,3130867,53480204.00
20140627,6.72,6.97,6.58,6.58,3094370,52435088.00
20140630,6.52,6.86,6.52,6.66,2569427,43092728.00
20140701,6.66,6.86,6.54,6.67,2443809,40937324.00
20140702,6.68,6.76,6.51,6.67,1950219,32271746.00
20140703,6.66,6.70,6.51,6.53,1993605,32859612.00
20140704,6.54,6.66,6.51,6.58,1978796,32693328.00
20140707,6.58,6.94,6.48,6.92,3280049,55282264.00
20140708,6.84,7.37,6.83,7.27,5086616,90646952.00
20140709,7.18,7.33,7.05,7.10,2402000,43111152.00
20140710,7.09,7.81,7.06,7.38,2571400,48194392.00
20140711,7.53,7.53,7.24,7.36,1114194,20544884.00
20141030,8.10,8.10,8.10,8.10,160781,3265462.00
20141031,8.92,8.92,8.92,8.92,78225,1747546.50
20141118,9.02,9.02,8.02,8.02,8030578,165009344.00
20141119,7.79,8.09,7.52,7.71,7195020,139066496.00
20141120,7.59,7.69,7.42,7.44,5083009,95932344.00
20141121,7.43,7.60,7.40,7.54,3070216,57771144.00
20141124,7.50,7.58,7.31,7.36,4649774,86919912.00
20141125,7.37,7.46,7.30,7.44,5271227,97297520.00
20141126,7.42,7.75,7.40,7.74,5928064,112878208.00
20141127,7.78,8.38,7.78,8.08,6760802,136951392.00
20141128,8.04,8.46,7.89,8.36,6388585,131827856.00
20141201,8.27,8.58,8.03,8.14,4084923,84492936.00
20141202,8.03,8.16,7.76,8.06,3439997,68882152.00
20141203,8.00,8.18,7.86,8.09,2722792,54536272.00
20141204,8.08,8.28,7.98,7.98,2767855,56002172.00
20141205,7.92,8.00,7.21,7.33,4182448,78468144.00
20141208,7.23,7.27,6.97,6.99,2644926,47171904.00
20141209,6.90,6.97,6.34,6.40,3480951,58346880.00
20141210,6.38,6.78,6.38,6.70,2219181,36774912.00
20141211,6.70,6.77,6.60,6.76,2008891,33647296.00
20141212,6.76,7.06,6.74,7.04,2118596,36712684.00
20141215,7.00,7.15,6.91,7.05,1870502,33071334.00
20141216,7.05,7.06,6.85,6.90,1948113,33812812.00
20141217,6.90,6.90,6.72,6.73,2099368,35750540.00
20141218,6.70,6.77,6.58,6.66,1429247,23986104.00
20141219,6.61,6.69,6.42,6.49,1366346,22365212.00
20141222,6.44,6.44,5.84,5.84,2319789,34780212.00
20141223,5.74,5.85,5.68,5.80,2071158,29978758.00
20141224,5.83,6.30,5.83,6.22,2660383,40405188.00
20141225,6.26,6.43,6.16,6.22,1645338,25900320.00
20141226,6.23,6.30,6.06,6.12,1774363,27302420.00
20141229,6.11,6.11,5.85,6.04,2024558,30203908.00
20141230,6.10,6.26,6.01,6.24,1925122,29506678.00
20141231,6.38,6.56,6.22,6.48,2630223,42502900.00
20150105,6.48,6.54,6.22,6.41,1444794,22982702.00
20150106,6.55,6.58,6.30,6.54,2360018,38124688.00
20150107,6.52,6.52,6.34,6.41,1249676,20135638.00
20150108,6.42,6.50,6.36,6.36,1216412,19617488.00
20150109,6.34,6.45,6.18,6.22,1073330,17162522.00
20150112,6.17,6.29,6.08,6.13,806968,12506919.00
20150113,6.15,6.28,6.13,6.28,817037,12761377.00
20150114,6.30,6.38,6.22,6.37,848283,13445567.00
20150115,6.35,6.50,6.35,6.42,805702,13001154.00
20150116,6.45,6.64,6.38,6.64,1225201,20080258.00
20150119,6.60,6.78,6.39,6.50,1252804,20792580.00
20150120,6.46,6.76,6.46,6.76,1308757,21813044.00
20150121,6.90,7.09,6.78,6.86,2387525,41410512.00
20150122,6.87,7.18,6.78,7.16,1959338,34396584.00
20150123,7.16,7.16,6.95,7.00,1350637,23773726.00
20150126,7.02,7.28,6.97,7.13,1816256,32669922.00
20150127,7.13,7.58,7.06,7.25,1223075,22136758.00
20150128,7.17,7.26,7.07,7.07,1398687,25091608.00
20150129,7.07,7.12,6.92,6.94,980262,17221786.00
20150130,6.90,7.34,6.90,7.02,1149258,20502764.00
20150202,6.90,7.29,6.83,7.18,1584692,28419330.00
20150203,7.24,7.39,7.18,7.32,1125129,20632872.00
20150204,7.34,7.46,7.23,7.29,1091211,20015794.00
20150205,7.36,7.36,7.09,7.09,1390205,25109200.00
20150206,7.06,7.13,6.95,6.97,679562,11969412.00
20150209,6.88,6.97,6.81,6.86,560873,9666027.00
20150210,6.86,6.86,6.73,6.81,794111,13542644.00
20150211,6.90,6.99,6.83,6.98,1005672,17468540.00
20150212,6.98,7.24,6.98,7.23,1225721,22095292.00
20150213,7.23,7.57,7.23,7.48,2363185,44190092.00
20150216,7.56,7.68,7.50,7.57,1565439,29707614.00
20150217,7.57,7.62,7.34,7.46,1282178,23966072.00
20150225,7.47,7.53,7.35,7.36,1024274,19124162.00
20150226,7.34,7.42,7.28,7.37,1152041,21178794.00
20150227,7.34,7.50,7.33,7.43,1273201,23753456.00
20150302,7.44,7.68,7.40,7.66,2675439,50575400.00
20150303,7.66,7.73,7.47,7.50,2353383,44762892.00
20150304,7.54,8.16,7.53,7.96,2674610,52796240.00
20150305,7.96,8.52,7.83,8.38,2901446,59471948.00
20150306,8.38,8.42,8.03,8.20,1636788,33586712.00
20150309,8.20,8.77,8.10,8.74,2236458,47877084.00
20150310,8.50,8.62,8.34,8.56,2790390,59366228.00
20150311,8.54,8.76,8.14,8.42,2674824,56012236.00
20150312,8.38,8.53,8.10,8.17,1633492,33897632.00
20150313,8.17,8.34,8.17,8.29,1235814,25615386.00
20150316,8.32,8.56,8.32,8.48,1914228,40734372.00
20150317,8.50,8.69,8.39,8.50,2242488,47884960.00
20150318,8.51,9.05,8.48,8.93,2827070,62653720.00
20150319,9.26,9.81,9.02,9.67,3560117,84672824.00
20150320,9.54,9.70,9.46,9.62,2152436,51526996.00
20150323,9.64,9.92,9.46,9.70,2356926,57120836.00
20150324,9.78,9.82,9.13,9.76,2831041,68032736.00
20150325,9.77,10.70,9.70,10.42,2855027,73409856.00
20150326,10.24,10.52,9.60,9.78,2671850,67520280.00
20150327,9.74,10.58,9.66,10.52,2672840,68413328.00
20150330,10.33,11.10,10.30,10.80,2399140,63506204.00
20150331,10.70,10.84,10.40,10.62,1915772,50832516.00
20150401,10.62,10.86,10.50,10.72,1653648,44396244.00
20150413,11.80,11.80,11.80,11.80,81986,2422686.25
20150414,12.98,12.98,12.39,12.98,5043059,162180352.00
20150415,12.74,13.02,11.80,12.01,3650988,113386448.00
20150416,11.58,12.31,11.30,11.97,2420862,72070264.00
20150417,11.93,12.09,10.89,11.33,2920437,84199952.00
20150420,11.49,11.77,10.98,11.24,2675679,76913408.00
20150421,11.31,12.37,11.31,12.37,4395727,131164240.00
20150422,12.50,13.17,12.42,12.82,4291247,137882448.00
20150423,12.74,12.96,12.33,12.45,2484121,78915744.00
20150424,12.10,12.82,12.10,12.70,2608256,81618296.00
20150427,12.64,12.90,11.98,12.00,2969787,91907392.00
20150428,12.06,12.21,10.90,11.12,3156679,90649184.00
20150429,11.25,11.62,11.12,11.57,1805417,51780344.00
20150430,11.66,12.73,11.62,12.73,3262794,100911576.00
20150504,13.14,14.01,13.14,14.01,1215367,42048240.00
20150505,15.06,15.41,14.18,15.18,6926498,257676496.00
20150506,14.94,15.77,14.16,15.37,5173890,195586720.00
20150507,14.60,15.31,13.90,13.90,3493939,130037928.00
20150508,14.32,15.29,14.02,15.29,4272097,158405728.00
20150511,15.58,16.74,15.28,16.30,4673156,186576336.00
20150512,16.12,16.25,15.34,15.98,3747610,148475536.00
20150513,15.38,17.13,14.78,16.86,3358747,134972912.00
20150514,16.55,18.38,16.38,16.50,3010302,130499904.00
20150515,16.56,17.55,15.93,16.70,2324292,97637856.00
20150518,16.54,18.18,16.52,18.06,3394640,150111744.00
20150519,18.48,18.78,17.38,18.78,2973817,135707328.00
20150520,18.73,20.40,18.48,18.86,3780512,183216256.00
20150521,18.30,20.38,18.30,19.18,2584455,123408768.00
20150522,20.18,20.18,18.30,18.33,2785816,131584584.00
20150525,17.58,18.46,16.78,17.74,2525141,112516736.00
20150526,17.70,18.64,17.66,18.64,2645553,120637840.00
20150527,18.74,19.08,18.14,18.69,2507593,116540640.00
20150528,19.28,19.82,17.70,17.70,2969920,141039584.00
20150529,17.58,17.94,15.92,17.46,2769962,118753240.00
20150601,17.46,18.51,17.19,18.16,2273422,102322808.00
20150602,17.98,19.98,17.98,19.98,3685593,176174448.00
20150603,20.30,20.58,18.98,19.64,3457640,170889376.00
20150604,19.22,20.38,17.68,18.72,2824758,131828960.00
20150605,18.78,19.59,18.41,18.94,2525039,120805104.00
20150608,19.02,19.30,17.78,18.90,2856162,131456048.00
20150609,18.59,20.30,18.58,19.76,3431244,167422240.00
20150610,19.82,21.74,19.82,21.30,3871526,202582064.00
20150611,20.86,21.94,20.86,21.12,2827402,151322256.00
20150612,20.90,21.52,20.18,20.67,2650932,136663376.00
20150615,20.67,20.82,19.14,19.22,2784589,137334224.00
20150616,19.18,19.20,17.58,17.82,2332853,105811000.00
20150617,17.94,18.83,16.38,18.54,3283766,144945696.00
20150618,18.31,19.14,17.58,17.58,1777154,82318704.00
20150619,16.78,17.50,15.82,15.93,2075026,85825432.00
20150623,16.38,16.46,15.18,16.44,1919045,76442184.00
20150624,16.78,17.38,16.38,16.94,2072163,87602784.00
20150625,17.34,17.37,15.24,15.57,2416081,98807272.00
20150626,15.18,15.28,14.01,14.01,2358379,84607720.00
20150629,13.86,14.18,12.61,12.61,2485079,80266240.00
20150630,11.94,13.38,11.34,13.13,3508546,107478064.00
20150701,12.78,13.18,11.82,11.82,3800192,120708800.00
20150702,11.31,11.38,10.63,10.63,3037504,82492472.00
20150703,9.64,10.98,9.57,9.57,3356370,83276496.00
20150706,10.52,10.52,8.61,8.61,4184907,96401352.00
20150715,9.47,9.47,9.47,9.47,522235,12392637.00
20150716,8.78,10.38,8.52,9.78,6439740,151198016.00
20150717,9.78,10.76,9.58,10.71,5424316,140524800.00
20150720,10.66,11.53,10.41,11.26,5727248,158366544.00
20150721,10.96,11.86,10.78,11.61,3874698,110560288.00
20150722,11.53,11.67,10.98,11.46,3909161,111605672.00
20150723,11.46,12.36,11.37,12.11,3427650,101304000.00
20150724,12.11,12.54,11.86,11.94,5012301,153920096.00
20150727,11.58,12.10,10.74,10.74,3584632,103042928.00
20150728,9.67,11.02,9.67,10.47,4547894,116412864.00
20150729,10.74,10.96,9.68,10.91,3907869,100169344.00
20150730,10.73,11.00,9.98,9.98,2964411,78829944.00
20150731,9.71,10.37,9.58,9.88,1756500,43975108.00
20150803,9.90,9.90,8.89,8.89,2368617,55467228.00
20150804,8.98,9.78,8.98,9.78,1646680,38796692.00
20150805,10.20,10.76,9.98,10.76,5390485,144242112.00
20150806,10.78,11.53,10.39,11.38,4745432,130051120.00
20150807,11.17,11.78,10.90,11.44,4091884,116403864.00
20150810,11.44,12.59,11.18,12.59,3863797,115429904.00
20150811,13.10,13.15,12.50,12.63,3802357,121434256.00
20150812,12.54,12.96,12.26,12.48,2864058,90370400.00
20150813,12.64,13.12,11.98,13.04,4926658,157620464.00
20150814,13.04,13.04,12.38,12.42,4410330,139587840.00
20150817,11.98,12.47,11.58,12.08,3594302,107783856.00
20150818,12.09,12.52,10.87,10.87,3336636,98277368.00
20150819,10.28,11.53,9.90,11.38,3282347,87683224.00
20150820,11.18,11.70,10.64,10.67,2425019,67777216.00
20150821,10.38,11.18,10.18,10.50,2180472,58189540.00
20150824,9.81,10.38,9.45,9.62,3816393,92542952.00
20150825,9.58,10.33,8.74,9.08,4453132,107606752.00
20150826,9.08,9.88,8.78,9.55,5506006,130890168.00
20150827,9.94,10.10,8.80,9.98,4262353,103362344.00
20150828,10.14,10.89,9.63,10.63,4766667,119892848.00
20150831,10.38,10.38,9.57,9.57,2811421,70809848.00
20150901,9.50,9.50,8.61,8.61,2462334,54441236.00
20150902,7.98,8.98,7.89,7.89,2576604,54608084.00
20150907,8.18,8.46,7.98,8.08,1839737,37945268.00
20150908,8.16,8.86,8.02,8.85,2564467,53844472.00
20150909,8.98,9.32,8.79,9.25,2847978,65091360.00
20150910,9.00,9.42,9.00,9.26,1977402,45575408.00
20150911,9.20,9.70,9.19,9.45,2155926,50798004.00
20150914,9.53,9.70,8.50,8.50,2264710,50255392.00
20150915,8.04,8.42,7.65,7.65,2110978,41627988.00
20150916,7.57,8.42,7.57,8.42,3284404,66209196.00
20150917,8.43,8.92,8.27,8.31,2647258,56967748.00
20150918,8.38,8.62,8.20,8.49,1744165,36812972.00
20150921,8.38,8.95,8.32,8.93,2079229,45497796.00
20150922,9.00,9.36,8.78,9.26,2726376,62379108.00
20150923,9.07,9.33,8.96,9.10,1865224,42709668.00
20150924,9.17,9.42,9.03,9.10,2314659,53237792.00
20150925,9.14,9.29,8.30,8.58,1937504,42568252.00
20150928,8.58,9.13,8.54,9.08,1701099,37824412.00
20150929,8.82,9.17,8.80,9.12,1776591,40294680.00
20150930,9.10,9.50,9.10,9.39,1781478,41408048.00
20151008,9.84,10.04,9.63,9.98,2216100,54562784.00
20151009,9.94,10.34,9.82,10.19,1853906,47150684.00
20151012,10.34,10.76,10.18,10.66,2422432,64098764.00
20151013,10.65,10.77,10.47,10.75,2109025,56200844.00
20151014,10.75,10.82,10.34,10.44,2588109,68046248.00
20151015,9.98,11.18,9.86,11.08,6224523,161409312.00
20151016,10.90,11.06,10.58,10.90,3444773,93712048.00
20151019,10.94,10.94,10.38,10.50,2733736,72744096.00
20151020,10.50,10.84,10.50,10.75,2619376,70316976.00
20151021,10.71,11.01,9.74,9.74,3550556,92602768.00
20151022,9.74,10.20,9.54,10.04,2818783,69916384.00
20151023,10.10,10.75,9.98,10.62,3391384,87075024.00
20151026,10.85,11.18,10.66,10.94,4199788,114221408.00
20151027,10.78,11.54,10.42,11.32,4003713,111035128.00
20151028,11.30,11.77,10.98,11.06,3485600,99244920.00
20151029,11.54,12.17,11.08,12.17,3256546,95009192.00
20151030,12.42,12.78,11.81,11.82,4827926,148012528.00
20151102,11.26,12.18,11.14,11.47,2825896,81879272.00
20151103,11.48,11.77,11.22,11.42,2190558,63115944.00
20151104,11.42,12.33,11.42,12.23,2801696,83746192.00
20151105,12.32,13.17,12.24,12.34,4191457,132291320.00
20151106,12.34,13.12,12.34,12.64,2877805,91834576.00
20151109,12.56,13.01,12.13,12.98,3051093,96481440.00
20151110,12.98,13.46,12.75,13.26,2559375,84320416.00
20151111,13.13,13.98,12.98,13.86,2419575,81528232.00
20151112,14.17,14.18,13.48,13.50,2679709,91740536.00
20151113,13.30,13.38,12.54,12.66,2094053,68022456.00
20151116,12.18,13.93,12.07,13.78,2392166,79633744.00
20151117,13.98,13.98,13.17,13.27,3657716,124445664.00
20151118,13.38,13.38,12.58,12.64,1498308,48599208.00
20151119,12.77,13.16,12.64,13.04,1471560,47622544.00
20151120,13.15,13.57,12.99,13.30,1840786,61112100.00
20151123,13.30,13.90,12.70,13.16,2194984,74565888.00
20151124,13.00,14.25,13.00,14.25,4186565,145111024.00
20151125,14.25,15.24,14.11,14.95,4173593,155226112.00
20151126,14.98,15.22,14.28,14.37,3218055,118897552.00
20151127,14.30,15.30,14.08,14.50,4552802,167904880.00
20151130,14.73,15.14,13.59,14.90,4029901,146432304.00
20151201,14.82,15.11,14.18,14.34,2490694,90823536.00
20151202,14.30,14.38,13.19,13.65,2406514,81889656.00
20151203,13.70,14.18,13.65,14.06,1815113,63543956.00
20151204,13.98,14.49,13.86,14.38,2453046,87205704.00
20151207,14.35,14.72,14.13,14.58,1791751,64814000.00
20151208,14.38,14.57,13.84,13.99,1496954,52914040.00
20151209,14.00,14.20,13.57,13.98,1518734,52709116.00
20151210,13.92,15.38,13.92,15.38,5235432,198959888.00
20151211,15.08,15.08,14.30,14.78,3748460,137973184.00
20151214,14.46,15.18,14.38,15.16,2105429,77652320.00
20151215,14.98,15.28,14.86,15.26,1750403,65956596.00
20151216,15.66,16.72,15.39,15.60,4116018,164744496.00
20151217,15.64,16.59,15.64,15.90,3674224,147186448.00
20151218,15.60,16.32,15.60,15.98,2656347,105376440.00
20151221,15.94,16.69,15.77,16.58,2954677,120493520.00
20151222,16.78,16.78,15.90,15.90,2227443,90225856.00
20151223,16.10,16.20,15.30,15.34,2702623,106252824.00
20151224,15.34,16.30,14.86,15.93,2634924,102169088.00
20151225,15.86,16.22,15.58,15.68,1741362,69342192.00
20151228,15.41,15.71,15.06,15.08,1999091,76928544.00
20151229,15.08,15.42,14.98,15.42,1301205,49457656.00
20151230,15.38,16.74,15.38,16.32,3020094,122709368.00
20151231,16.14,16.38,15.47,15.97,2096450,83222720.00
20160104,15.93,15.97,14.37,14.37,1926594,73608680.00
20160105,12.98,15.18,12.98,13.87,2428324,86178720.00
20160106,14.08,15.02,13.77,15.02,2951900,105971008.00
20160107,14.58,14.62,13.52,13.52,470500,16639377.00
20160108,13.89,13.97,12.18,13.18,3018324,101684880.00
20160111,12.57,12.57,11.86,11.86,1870357,56710748.00
20160112,11.44,11.90,10.98,11.26,1858036,53757036.00
20160113,11.28,11.56,10.13,10.13,2201481,59517952.00
20160114,11.15,11.15,11.15,11.15,1932710,53961264.00
20160115,12.26,12.26,12.26,12.26,4303316,132154832.00
20160118,12.44,13.49,12.44,13.49,8224406,267099040.00
20160119,13.94,14.84,13.54,14.84,5842250,205672112.00
20160120,15.46,16.33,15.18,15.58,11330724,449433920.00
20160121,15.51,16.58,15.50,15.58,11381116,454343968.00
20160122,15.56,16.26,14.56,15.66,9070366,352827616.00
20160125,15.82,17.23,15.81,17.23,6117589,253592400.00
20160126,17.38,18.24,15.50,15.97,10698959,457433824.00
20160127,15.62,16.38,14.74,15.70,8332426,324296000.00
20160128,15.36,16.18,14.13,14.13,7559018,289685664.00
20160129,13.85,15.38,13.34,14.78,7712788,275091360.00
20160201,14.86,15.98,14.61,15.34,6524028,248184432.00
20160202,15.22,16.78,14.98,16.26,6110606,244613504.00
20160203,16.00,16.74,15.44,15.90,7870272,314496800.00
20160204,15.98,16.60,15.58,16.08,8341127,336982080.00
20160205,16.10,16.17,14.74,14.81,7042117,271538144.00
20160215,14.00,15.12,13.60,14.93,4478323,160607616.00
20160216,15.02,16.38,14.79,16.04,7005176,274210304.00
20160217,16.04,17.65,15.78,17.65,8468596,352621568.00
20160218,18.26,19.42,17.50,19.42,9011855,416529312.00
20160219,19.18,19.62,18.62,18.86,7897544,375240064.00
20160222,19.00,20.10,18.81,20.05,7730539,375362528.00
20160223,20.00,21.93,19.44,20.66,10676951,554330944.00
20160224,20.28,20.75,18.62,19.71,8686950,427731392.00
20160225,19.77,19.94,17.74,17.74,7064665,325306528.00
20160226,17.58,18.01,16.38,16.74,7410205,320069472.00
20160229,16.70,17.42,15.78,17.26,8603793,358468256.00
20160301,16.94,18.49,15.70,18.17,10377800,441572448.00
20160302,17.76,19.99,17.64,19.99,9897656,468710656.00
20160303,20.34,21.99,19.96,21.99,11160516,587332800.00
20160304,20.85,21.47,19.79,19.79,9691050,495962304.00
20160307,19.18,20.79,19.18,20.30,8783941,441156064.00
20160308,20.30,20.30,18.27,18.80,10411206,485190016.00
20160309,17.58,19.56,17.34,19.14,9187392,425180288.00
20160310,18.82,21.06,18.82,20.26,13693250,695535104.00
20160311,19.15,20.08,18.73,19.14,9215823,446766176.00
20160314,19.70,21.06,19.48,21.06,10912843,561424768.00
20160315,21.30,21.86,19.05,19.50,36844131,758574720.00
20160316,18.95,21.45,18.70,20.44,49571882,1030815808.00
20160317,20.00,21.89,19.53,21.50,44925829,923381504.00
20160318,21.00,23.65,20.78,23.65,41059336,939386112.00
20160321,24.76,26.02,24.75,26.02,33408579,854913600.00
20160322,26.83,28.62,25.92,28.62,28019308,759527168.00
20160323,29.12,31.48,28.82,31.48,33505424,1011766336.00
20160324,32.65,34.63,32.05,34.49,39726928,1351555712.00
20160325,33.80,35.90,31.70,33.96,45618331,1522914432.00
20160328,32.99,34.93,32.50,33.20,30040274,1007607680.00
20160329,32.90,35.68,32.60,33.84,34832657,1196777344.00
20160330,33.64,35.66,32.61,34.75,34507524,1171327872.00
20160331,34.20,35.86,34.01,35.17,31189908,1089118720.00
20160401,34.52,34.96,31.65,31.66,31184292,1012106880.00
20160405,31.44,33.30,31.20,32.36,22666225,728902080.00
20160406,32.38,35.60,32.03,35.60,27856523,953050496.00
20160407,37.60,37.71,33.11,33.48,36020638,1251554560.00
20160408,32.00,32.40,31.01,31.55,18762822,592705600.00
20160411,32.00,32.29,31.23,31.70,13889939,441337504.00
20160412,31.60,31.60,30.50,30.85,12786078,394392576.00
20160413,31.00,31.65,30.11,30.98,12981794,405922848.00
20160414,31.30,31.85,30.50,31.40,13463993,420090208.00
20160415,31.50,31.53,30.28,30.61,11595418,356785376.00
20160418,30.26,30.43,28.75,29.82,13737188,402365792.00
20160419,29.89,31.85,29.61,31.76,21380136,661557760.00
20160420,31.67,31.67,28.58,28.95,16731493,502280992.00
20160421,28.30,28.58,26.29,26.31,13345743,369420480.00
20160427,27.30,28.88,27.00,27.67,13786866,387227872.00
20160428,26.92,28.50,26.38,28.20,13305012,368531520.00
20160429,27.79,28.42,27.21,27.27,8178053,227322192.00
20160503,27.45,28.06,27.00,27.84,15202546,417925408.00
20160504,27.50,28.10,27.33,27.75,14240558,395359872.00
20160505,27.56,28.00,27.13,27.62,11614989,319723168.00
20160506,27.55,27.90,25.28,25.39,16198720,430026976.00
20160509,25.15,26.20,24.50,25.56,14757309,376396096.00
20160510,25.72,25.89,24.30,24.52,10444413,260388896.00
20160511,25.00,25.04,24.05,24.06,7508577,183757504.00
20160512,23.61,23.75,22.72,23.71,8930890,208258880.00
20160513,23.50,24.45,23.20,23.55,9199532,220055872.00
20160516,23.33,24.50,23.33,24.33,10720048,258634784.00
20160517,24.47,25.55,23.80,24.88,16017950,394192288.00
20160518,24.45,24.45,22.39,22.40,13660880,317998432.00
20160519,22.41,23.53,22.22,22.81,10171319,233809088.00
20160520,22.60,23.52,22.08,23.50,11859158,274535680.00
20160523,23.68,24.10,23.08,23.51,11511536,270801632.00
20160524,23.40,24.19,23.21,23.72,12136327,288191488.00
20160525,23.99,24.10,22.97,23.14,9475543,223237728.00
20160526,22.70,23.18,21.95,23.04,9177624,206918032.00
20160527,23.12,23.50,22.79,22.96,8613440,199779408.00
20160530,22.50,24.35,22.05,23.28,12583584,295038080.00
20160531,23.28,24.89,23.15,24.46,17465049,421152352.00
20160601,24.20,24.96,24.20,24.47,16555287,407393216.00
20160602,24.21,26.91,24.21,25.95,22524700,580802048.00
20160603,25.62,25.83,25.11,25.50,14535788,370314752.00
20160606,25.23,25.70,24.74,25.09,9317596,234881520.00
20160607,25.23,25.71,25.20,25.36,10972829,279756672.00
20160608,25.42,25.42,24.47,24.64,9190168,227507232.00
20160613,23.95,24.13,22.18,22.18,9892398,231521584.00
20160614,21.87,22.59,21.62,22.11,7097870,157490976.00
20160615,22.00,23.20,21.50,23.05,7547897,171431568.00
20160616,22.95,23.04,22.43,22.50,8110942,184102240.00
20160617,22.73,23.30,22.52,22.88,12070443,277378560.00
20160620,22.60,22.76,21.70,22.24,8997797,199142192.00
20160621,22.48,22.75,21.90,21.98,6757124,150866512.00
20160622,22.10,22.85,21.90,22.80,10586255,238779632.00
20160623,23.00,23.42,22.51,22.90,9862292,226831296.00
20160624,23.00,23.00,20.85,22.23,9634207,214705056.00
20160627,22.00,23.02,21.88,22.88,7806482,177086000.00
20160628,22.69,25.17,22.69,25.17,21904768,541670976.00
20160629,26.48,27.69,26.31,27.08,38675621,1051524800.00
20160630,26.03,26.71,25.61,25.87,20366896,530619136.00
20160701,25.79,27.09,25.79,25.81,16888949,445289536.00
20160704,25.70,26.37,24.81,25.90,14314040,366808192.00
20160705,25.75,26.30,25.52,25.80,12533460,324604352.00
20160706,25.41,26.02,25.41,25.57,9221081,236668224.00
20160707,25.70,27.80,25.50,26.85,22244330,591067520.00
20160708,26.40,26.67,25.65,25.89,12916601,336395104.00
20160711,25.97,26.18,24.93,24.98,9525079,243546752.00
20160712,25.06,25.34,23.88,25.23,9815961,242252416.00
20160713,25.23,26.65,25.21,26.65,16783504,436980864.00
20160714,27.16,27.62,26.20,26.60,17002523,456132448.00
20160715,25.98,26.48,25.98,26.30,8448215,221358368.00
20160718,26.31,27.25,26.30,26.50,12059460,322116608.00
20160719,26.50,26.59,26.00,26.42,7430224,195093328.00
20160720,26.60,27.00,26.03,26.15,7867043,208514912.00
20160721,26.10,26.29,25.71,25.75,6887486,178460064.00
20160722,25.70,25.74,24.88,24.95,7030073,177009232.00
20160725,24.99,25.37,24.85,25.35,4159311,104617560.00
20160726,25.53,25.53,25.13,25.38,4107567,104032288.00
20160727,25.38,25.50,22.90,22.90,9182747,219492848.00
20160728,22.90,23.32,21.65,22.46,6633702,149069872.00
20160729,22.50,22.56,21.70,22.02,3893380,86232768.00
20160801,21.97,21.97,21.00,21.66,4229690,90546200.00
20160802,21.69,21.97,21.46,21.93,2967466,64687328.00
20160803,21.93,22.03,21.53,21.75,3017810,65656364.00
20160804,21.90,22.16,21.60,22.03,3696475,81056784.00
20160805,22.08,22.38,21.90,22.06,4106944,90851432.00
20160808,22.05,22.22,21.32,22.17,3633517,79406072.00
20160809,22.15,22.70,22.03,22.60,5597643,125550936.00
20160810,22.58,22.79,22.29,22.42,4138124,93217824.00
20160811,22.45,22.60,21.70,21.71,4212947,92987168.00
20160812,21.64,22.06,21.47,22.02,3216321,70515216.00
20160815,22.27,23.17,21.76,22.61,6267999,141102576.00
20160816,22.82,23.19,22.60,22.86,6101103,139926096.00
20160817,22.68,23.17,22.66,23.00,4830478,110489240.00
20160818,23.16,23.17,22.68,22.77,3967473,90461056.00
20160819,22.77,22.90,22.05,22.66,5511107,124132520.00
20160822,23.00,23.35,22.63,22.69,5371698,123200392.00
20160823,22.79,22.80,22.12,22.32,4061704,90848464.00
20160824,22.33,22.88,22.32,22.88,5221372,118544552.00
20160825,22.87,23.20,22.12,22.88,5701073,129494504.00
20160826,23.00,23.16,22.60,22.88,5677745,130121648.00
20160829,23.01,23.38,22.69,23.20,6731604,155480336.00
20160830,23.02,23.17,22.80,22.87,4424108,101522424.00
20160831,22.95,22.95,22.50,22.63,3989506,90212920.00
20160901,22.65,22.86,22.44,22.55,3769652,85679832.00
20160902,22.34,22.55,22.02,22.16,3731128,83137272.00
20160905,22.17,22.57,22.17,22.32,2595149,58004972.00
20160906,22.32,23.04,22.16,22.99,6721526,153311328.00
20160907,23.10,23.98,22.83,23.47,13459811,314712416.00
20160908,23.25,23.30,22.72,23.03,6920009,159137152.00
20160909,23.06,23.26,22.62,22.62,4243398,97139328.00
20160912,22.03,22.75,21.70,22.16,4724915,105294704.00
20160913,22.20,22.60,21.89,22.00,3352820,74078752.00
20160914,22.00,22.15,21.62,21.69,2825894,61823932.00
20160919,21.61,22.00,21.61,21.76,2279524,49643152.00
20160920,21.76,21.90,21.40,21.45,2301335,49574188.00
20160921,21.49,21.62,21.33,21.50,2317280,49764200.00
20160922,21.80,21.95,21.51,21.57,2538436,55018208.00
20160923,21.58,21.71,21.42,21.42,1785138,38480528.00
20160926,21.42,21.46,20.20,20.22,4685066,97446496.00
20160927,20.11,20.37,19.86,20.35,2897472,58334720.00
20160928,20.34,20.34,19.94,20.10,2293473,46061796.00
20160929,20.14,20.28,20.08,20.09,1773155,35789972.00
20160930,20.19,20.26,20.02,20.22,1593826,32124436.00
20161010,20.14,20.83,20.04,20.78,4123439,84483904.00
20161011,20.78,21.23,20.52,20.87,3408019,71235400.00
20161012,20.82,21.37,20.73,21.01,2925260,61680452.00
20161013,21.36,21.36,20.82,20.88,2588373,54239560.00
20161014,20.75,21.36,20.47,21.35,5465379,115855696.00
20161017,21.51,22.65,21.50,21.72,10841336,238471280.00
20161018,21.01,21.67,20.90,21.66,6218846,132692840.00
20161019,21.69,21.84,21.13,21.27,4404297,94263312.00
20161020,21.26,23.00,21.26,22.29,11214922,249011552.00
20161021,21.97,21.98,21.32,21.64,7195369,156047168.00
20161024,21.60,21.86,21.40,21.61,4188350,90684832.00
20161025,21.63,21.98,21.46,21.69,3907276,84764416.00
20161026,21.67,21.68,21.15,21.16,4102189,87339232.00
20161027,21.17,21.35,21.10,21.21,2037190,43204512.00
20161028,21.15,21.28,20.60,20.61,3990934,83274176.00
20161031,20.50,20.79,20.30,20.57,2043223,41928508.00
20161101,20.75,20.90,20.60,20.79,3188823,66114756.00
20161102,20.86,20.86,20.36,20.40,2957022,60886284.00
20161103,20.37,20.94,20.20,20.60,3484146,71587864.00
20161104,20.60,20.68,20.40,20.42,2763820,56775592.00
20161107,20.49,20.78,20.45,20.50,2355332,48512300.00
20161108,20.59,20.72,20.51,20.65,2083593,42934900.00
20161109,20.73,20.79,20.05,20.23,3431004,69835560.00
20161110,20.51,20.58,20.40,20.50,2379888,48788048.00
20161111,20.65,20.65,20.33,20.64,3267786,66973108.00
20161114,20.69,22.50,20.64,21.37,9348244,200860352.00
20161115,21.31,22.40,21.25,22.00,10398979,227490528.00
20161116,22.00,24.20,21.79,24.20,15726871,371767264.00
20161117,25.00,25.30,23.00,23.23,23028200,548691968.00
20161118,23.01,23.79,22.97,22.98,12587892,293060480.00
20161121,22.78,22.79,22.21,22.30,10383612,232374384.00
20161122,22.31,23.10,22.30,23.05,11178350,254022272.00
20161123,23.25,24.70,23.11,23.21,18192129,434549376.00
20161124,22.60,22.97,22.21,22.42,9297866,210106256.00
20161125,22.42,22.70,21.60,22.20,6060748,133791672.00
20161128,22.33,22.46,21.82,22.06,4445233,98243664.00
20161129,21.91,22.34,21.81,21.83,4698554,103690088.00
20161130,21.70,22.22,21.70,22.21,4169928,91839304.00
20161201,22.27,22.45,21.83,21.93,4087565,90061776.00
20161202,21.81,22.09,20.80,20.81,5438745,116108448.00
20161205,20.50,21.07,20.43,20.78,2718178,56599020.00
20161206,20.66,20.97,20.63,20.65,2562862,53223928.00
20161207,20.68,20.97,20.68,20.93,2275737,47308220.00
20161208,21.09,21.10,20.30,20.63,3026340,62818484.00
20161209,20.76,21.06,20.45,20.75,3227232,66840372.00
20161212,20.56,20.75,18.68,18.73,5181403,102347048.00
20161213,18.32,18.81,18.30,18.56,3004620,55816636.00
20161214,18.59,18.75,17.92,18.20,3529866,64523640.00
20161215,18.05,18.60,17.71,18.32,3192387,58388176.00
20161216,18.28,18.77,18.26,18.60,2681010,49742888.00
20161219,18.50,18.80,18.42,18.57,1830308,34016724.00
20161220,18.58,18.74,18.57,18.71,1895262,35379952.00
20161221,18.71,19.36,18.71,19.15,3169116,60521860.00
20161222,19.15,19.15,18.65,18.79,2178310,40996860.00
20161223,18.90,18.94,18.20,18.22,2002600,37122840.00
20161226,18.29,18.66,17.90,18.54,1956618,35706596.00
20161227,18.65,19.16,18.60,18.69,2392172,45003948.00
20161228,18.54,18.87,18.51,18.73,2020531,37731028.00
20161229,18.68,19.00,18.63,18.63,1953147,36739372.00
20161230,18.75,19.13,18.75,18.83,1955142,36924996.00
20170103,18.92,19.15,18.83,18.96,2093141,39743368.00
20170104,18.96,19.26,18.78,19.16,3276229,62427976.00
20170105,19.16,19.25,18.91,18.95,2297288,43678860.00
20170106,18.95,19.00,18.70,18.78,1941074,36499072.00
20170109,18.77,18.90,18.52,18.87,1691518,31679122.00
20170110,18.87,18.99,18.80,18.86,1520990,28758188.00
20170111,18.94,18.94,18.32,18.40,1551300,28968964.00
20170112,18.40,18.63,18.22,18.35,1243434,22933880.00
20170113,18.44,18.50,17.62,17.69,1873538,33692592.00
20170116,17.33,17.51,15.92,15.92,4154196,68357664.00
20170117,15.95,16.60,15.49,16.38,2562481,41204128.00
20170118,16.19,18.02,16.04,17.03,3785540,64643424.00
20170119,17.01,17.20,16.40,16.68,3143066,52487540.00
20170120,16.69,17.44,16.61,17.20,3267702,56132864.00
20170123,17.11,17.58,17.10,17.16,1867503,32352528.00
20170124,17.39,17.39,16.70,16.75,1699263,28807724.00
20170125,16.75,16.92,16.63,16.78,1209826,20310710.00
20170126,16.90,17.08,16.71,16.99,1050774,17802228.00
20170203,16.99,17.30,16.83,17.17,1740837,29879724.00
20170206,17.10,17.48,17.07,17.34,1754479,30280440.00
20170207,17.29,17.45,17.10,17.23,1549988,26769456.00
20170208,17.22,17.40,17.05,17.36,1658011,28648412.00
20170209,17.45,17.90,17.40,17.81,3042454,54026580.00
20170210,17.60,17.99,17.43,17.99,3375276,59811424.00
20170213,18.05,19.79,17.88,19.79,8297819,157240624.00
20170214,19.40,20.45,18.84,19.96,12970696,252524736.00
20170215,19.57,20.18,19.13,19.21,9010451,175938880.00
20170216,19.20,19.29,18.61,18.94,5781755,109264512.00
20170217,18.90,19.10,18.36,18.46,4984313,93135168.00
20170220,18.47,18.75,18.40,18.60,3878735,72052824.00
20170221,18.60,18.97,18.42,18.83,3628120,67912424.00
20170222,18.89,18.95,18.44,18.58,3813612,70981488.00
20170223,18.67,18.70,18.10,18.46,3444968,63110284.00
20170224,18.48,18.75,18.31,18.62,2954774,54814728.00
20170227,18.60,18.81,18.32,18.35,2618796,48614332.00
20170228,18.35,18.49,18.26,18.49,2297898,42221032.00
20170301,18.49,18.52,18.20,18.21,3701951,67822912.00
20170302,18.24,18.29,17.45,17.53,4352199,77797136.00
20170303,17.53,17.80,17.25,17.72,2788612,49079624.00
20170306,17.83,18.29,17.50,18.24,3184075,57794080.00
20170307,18.25,18.66,18.24,18.37,3582766,66014368.00
20170308,18.38,18.54,18.06,18.11,2204956,40054644.00
20170309,18.12,18.33,18.06,18.09,2058156,37392200.00
20170310,18.09,18.09,17.50,17.60,3399024,60106532.00
20170313,17.40,17.75,17.31,17.69,2103673,37092760.00
20170314,17.70,17.88,17.55,17.57,1963597,34676364.00
20170315,17.68,17.68,17.31,17.40,1654807,28774962.00
20170316,17.47,17.65,17.33,17.54,1669613,29305202.00
20170317,17.51,17.94,17.46,17.50,2944847,52167176.00
20170320,17.50,17.50,17.20,17.28,3021722,52316052.00
20170321,17.22,17.45,17.22,17.36,1889231,32808042.00
20170322,17.38,17.39,16.94,17.02,2442017,41795760.00
20170323,17.03,17.20,16.63,16.89,2124695,35950588.00
20170324,16.89,17.02,16.74,16.93,1723545,29075342.00
20170327,16.93,17.17,16.92,16.99,1684206,28654224.00
20170328,16.96,16.99,16.71,16.81,1601459,26989932.00
20170329,16.92,16.98,16.60,16.61,1834547,30721936.00
20170330,16.53,16.77,16.00,16.00,3398231,54829464.00
20170331,16.01,16.28,16.01,16.08,1444202,23293708.00
20170405,16.08,16.54,16.08,16.50,2023914,33171834.00
20170406,16.54,16.66,16.42,16.53,1682872,27873270.00
20170407,16.49,16.67,16.33,16.51,1851728,30603624.00
20170410,16.44,16.51,16.00,16.01,2442126,39298860.00
20170411,16.05,16.22,15.80,16.10,2076493,33209090.00
20170412,16.17,16.19,15.89,15.96,2000151,32024454.00
20170413,15.89,16.19,15.89,16.12,1512562,24362718.00
20170414,16.05,16.18,15.83,15.86,1287234,20502718.00
20170417,15.81,15.96,15.34,15.40,2178992,33910664.00
20170418,15.40,15.46,15.02,15.07,1814087,27464578.00
20170419,15.01,15.15,14.02,14.38,2635663,37983272.00
20170420,14.38,14.52,13.68,13.88,2500905,35120088.00
20170421,13.81,14.16,13.66,13.82,1714166,23744364.00
20170424,13.82,13.83,12.50,12.69,2573609,33794988.00
20170425,12.58,12.85,12.52,12.77,1709325,21776730.00
20170426,12.93,12.93,12.75,12.83,1354214,17366834.00
20170427,12.72,14.11,12.07,13.91,5726690,75741712.00
20170428,13.80,14.69,13.66,14.03,5179744,73858608.00
20170502,14.30,14.30,13.55,13.63,2717460,37611084.00
20170503,13.91,13.91,13.21,13.35,2947024,39663136.00
20170504,13.33,13.75,13.18,13.40,2657470,35826480.00
20170505,13.40,13.51,13.04,13.05,1708267,22720372.00
20170508,13.01,13.16,12.65,12.80,1652395,21354798.00
20170509,12.72,13.44,12.68,13.32,2441108,32060146.00
20170510,13.35,13.84,12.77,12.80,2230987,29717002.00
20170511,12.56,12.94,12.22,12.94,2370768,29903660.00
20170512,12.87,13.19,12.67,13.05,2310216,30006018.00
20170515,13.00,13.18,12.65,12.67,2095490,26968838.00
20170516,12.66,13.08,12.30,13.04,2336469,29794548.00
20170517,13.06,14.34,12.92,14.34,2939610,41154324.00
20170518,14.57,14.62,13.81,14.07,7482225,106332512.00
20170519,14.36,15.14,14.36,14.88,10727150,158242784.00
20170522,14.88,15.68,14.48,14.89,10016351,150783728.00
20170523,14.59,14.70,13.40,13.40,7809415,107422048.00
20170524,13.20,13.66,12.60,13.46,4633663,60806676.00
20170525,13.30,14.81,13.24,14.81,8654960,122845352.00
20170526,14.99,15.37,14.69,14.95,13254499,199185936.00
20170531,15.11,15.38,14.74,14.94,9586686,144155456.00
20170601,14.72,15.27,14.12,14.40,6834034,101198016.00
20170602,14.10,14.83,13.92,14.83,6535621,94292312.00
20170605,14.70,15.20,14.60,14.80,6167681,92267224.00
20170606,14.58,14.74,14.20,14.50,4969532,72101760.00
20170607,14.54,15.05,14.54,15.04,6722536,99872832.00
20170608,14.96,15.28,14.65,14.81,5749046,85888240.00
20170609,14.68,14.87,14.32,14.63,4408689,63967308.00
20170612,14.40,14.55,13.98,13.99,4535808,64550280.00
20170613,13.89,14.32,13.81,14.19,3164048,44833856.00
20170614,14.20,14.39,13.92,14.17,3376073,47825240.00
20170615,14.16,14.84,14.08,14.59,5437269,78829288.00
20170616,14.60,14.68,14.26,14.33,3531180,50794288.00
20170619,14.48,14.48,14.11,14.26,2528911,35946944.00
20170620,14.28,14.56,14.22,14.26,3322600,47750288.00
20170621,14.41,14.42,13.89,14.03,3262534,46094680.00
20170622,14.18,14.24,13.25,13.42,3853741,53400140.00
20170623,13.36,13.43,12.81,13.29,3570889,46977152.00
20170626,13.43,13.69,13.21,13.60,2488298,33583100.00
20170627,13.50,13.67,13.40,13.45,2104692,28428726.00
20170628,13.32,13.44,13.13,13.13,1783800,23602824.00
20170629,13.18,13.42,13.18,13.23,1544803,20543444.00
20170630,13.07,13.28,13.02,13.28,1238034,16292242.00
20170703,13.39,13.47,13.21,13.45,1582750,21162304.00
20170704,13.50,13.51,13.26,13.41,1466345,19585384.00
20170705,13.38,13.65,13.30,13.65,2467829,33339734.00
20170706,13.64,13.72,13.41,13.57,2213149,30050878.00
20170707,13.48,13.55,13.40,13.46,1435802,19331998.00
20170710,13.45,13.46,12.95,13.06,2547100,33580500.00
20170711,13.05,13.27,12.95,12.98,1501298,19624554.00
20170712,12.83,13.05,12.58,12.97,1975228,25315612.00
20170713,12.92,12.99,12.80,12.83,1078370,13875931.00
20170714,12.78,12.89,12.69,12.71,1132658,14455854.00
20170717,12.72,12.72,11.45,11.53,3440351,41088248.00
20170718,11.50,11.85,11.50,11.74,1787470,20884276.00
20170719,11.75,11.80,11.58,11.78,1777091,20732750.00
数据来源:通达信
