300077 国民技术 日线 前复权
      日期	    开盘	    最高	    最低	    收盘	    成交量	    成交额
20100430,31.82,32.79,30.73,31.08,17845346,2854049792.00
20100504,28.28,33.33,28.28,32.10,6988092,1104403584.00
20100505,32.62,34.31,32.44,33.41,5244629,884594048.00
20100506,33.63,36.37,33.12,35.02,4629655,809217920.00
20100507,34.72,36.32,32.06,32.32,5998865,1031708160.00
20100510,32.34,32.82,30.02,31.65,3986248,632212160.00
20100511,32.17,32.17,29.42,30.40,3734319,581287104.00
20100512,29.62,31.42,28.95,31.05,2629510,404879424.00
20100513,31.02,31.58,29.40,30.80,2638252,406899232.00
20100514,30.22,30.27,28.32,29.29,3498395,518311360.00
20100517,28.41,30.25,28.24,28.62,2485387,370630624.00
20100518,28.61,28.76,26.02,27.60,2843968,393470208.00
20100519,27.04,30.40,26.86,29.41,2630977,385667168.00
20100520,28.81,30.08,28.20,28.40,2041811,299838528.00
20100521,27.22,31.27,27.03,31.27,2374926,359397248.00
20100524,31.82,33.20,31.62,32.64,3703053,603860096.00
20100525,32.17,33.62,31.83,32.59,2385657,395668192.00
20100526,32.79,33.42,31.19,31.78,2275103,369398496.00
20100527,31.62,34.99,31.03,34.58,2695816,452862304.00
20100528,34.46,35.45,33.44,34.56,2291796,399109728.00
20100531,33.62,34.46,32.04,32.06,2250638,380268736.00
20100601,30.82,31.42,29.62,30.08,2954214,452972608.00
20100602,29.68,30.41,28.35,29.88,2752911,407871072.00
20100603,29.46,29.46,26.85,26.88,5184285,732289984.00
20100604,26.01,27.76,26.00,27.39,3213063,440163840.00
20100607,26.62,28.12,26.18,27.01,2615656,360759680.00
20100608,26.62,26.92,26.04,26.36,2494930,334373120.00
20100610,27.25,29.01,26.95,28.71,2855209,407255008.00
20100611,28.71,29.33,28.42,28.77,1827352,267365856.00
20100617,28.88,29.71,28.04,28.11,1553412,228111328.00
20100618,27.73,27.97,26.83,26.94,1318288,182641792.00
20100621,26.74,29.17,26.74,28.80,1289658,181733152.00
20100622,28.82,28.82,27.90,27.92,1091217,156337408.00
20100623,27.57,28.72,27.48,28.16,955800,136419520.00
20100624,28.28,28.61,28.02,28.22,898224,128902312.00
20100625,27.96,27.99,26.19,26.50,1849724,251102832.00
20100628,25.72,26.52,25.36,25.38,1360478,177888048.00
20100629,25.82,26.19,22.80,23.10,2723832,332967584.00
20100630,22.70,23.10,21.94,22.97,1684098,191999408.00
20100701,22.66,22.93,21.71,21.77,1414757,159634720.00
20100702,21.65,22.19,20.22,20.98,1864016,200469760.00
20100705,20.66,21.22,20.02,21.22,1181340,123948936.00
20100706,21.10,22.02,20.95,21.80,1327139,146018800.00
20100707,21.75,22.66,21.34,22.52,1333314,149496192.00
20100708,22.56,22.86,21.80,22.45,1443547,164130736.00
20100709,22.40,22.97,21.84,22.75,1294922,148626384.00
20100712,22.85,23.29,22.62,22.76,1202902,140249888.00
20100713,22.63,22.63,21.12,22.12,1770925,196288160.00
20100714,21.82,22.27,21.40,21.70,1158663,128471032.00
20100715,22.11,23.91,22.07,23.10,3372349,402251680.00
20100716,22.61,23.02,21.46,22.76,1940602,219968720.00
20100719,22.22,23.17,22.06,23.02,1099023,127248504.00
20100720,23.22,23.95,22.86,23.68,1551935,185219072.00
20100721,23.88,24.28,23.41,23.49,1514930,183899296.00
20100722,23.38,23.81,23.26,23.67,984006,117787312.00
20100723,23.62,24.21,23.58,23.81,1277850,155083248.00
20100726,23.99,24.01,23.41,23.84,1110411,133516376.00
20100727,23.72,24.97,23.46,24.90,1839689,225770304.00
20100728,24.82,25.62,24.42,25.27,1850423,235089712.00
20100729,25.22,25.61,24.86,25.09,1539117,197272880.00
20100730,24.55,24.55,23.76,23.84,2460650,301721152.00
20100802,23.86,24.36,23.32,24.35,3102564,375217696.00
20100803,24.40,24.40,23.57,23.57,2246367,273668544.00
20100804,23.40,23.62,22.92,23.50,1715756,203355424.00
20100805,23.50,24.31,23.38,23.68,1537291,186600304.00
20100806,23.72,24.30,23.64,24.28,1660004,202652208.00
20100809,24.42,24.88,24.33,24.80,1936140,242199376.00
20100810,24.82,24.87,23.77,23.77,1924926,236976224.00
20100811,23.68,24.04,23.52,23.83,1079744,130561064.00
20100812,23.59,23.62,23.02,23.02,1846461,219213696.00
20100813,23.06,23.65,23.02,23.54,1244519,147713920.00
20100816,23.66,24.06,23.60,24.04,1424969,172866096.00
20100817,24.04,24.48,23.99,24.20,1373331,169059824.00
20100818,24.23,24.45,23.86,24.42,1473183,180828608.00
20100819,24.88,25.49,24.68,25.04,2765148,353671808.00
20100820,24.82,25.02,24.02,24.16,1684439,208533984.00
20100823,24.11,24.11,23.67,23.76,1219840,147923968.00
20100824,23.78,23.99,23.39,23.82,951884,114685560.00
20100825,23.62,23.62,22.92,22.95,1334408,157771648.00
20100826,23.04,23.41,22.98,23.14,757730,89214232.00
20100827,23.17,24.12,22.97,24.06,1284916,154308656.00
20100830,24.22,25.49,24.22,25.27,2818419,359933792.00
20100831,25.16,26.06,25.16,25.74,2339565,303556896.00
20100901,25.83,26.61,24.92,25.22,2730141,357980256.00
20100902,25.59,27.78,25.58,27.51,2807679,383858560.00
20100903,27.82,29.21,27.44,28.35,3840788,552621632.00
20100906,28.72,29.02,27.34,27.60,2241284,318278336.00
20100907,27.74,29.68,27.62,29.59,2340041,341249856.00
20100908,29.42,29.66,28.76,29.25,1353733,200284688.00
20100909,29.19,29.42,27.87,28.17,1649751,238804224.00
20100910,28.29,29.32,28.13,28.36,1272174,184600640.00
20100913,28.05,28.68,27.82,28.49,972669,139204304.00
20100914,28.61,28.86,27.12,27.21,2196945,307193120.00
20100915,26.89,27.18,25.74,25.82,2422173,326036064.00
20100916,26.02,26.32,25.46,26.21,1438313,189468096.00
20100917,26.62,26.62,25.60,25.67,848762,111520008.00
20100920,25.64,25.78,24.98,25.09,998409,127478992.00
20100921,25.22,25.56,25.02,25.43,642838,82482864.00
20100927,25.62,25.79,24.98,25.69,737173,94917984.00
20100928,25.59,25.60,24.94,25.05,816938,104207704.00
20100929,24.61,24.84,23.13,23.37,2436912,294994400.00
20100930,23.21,23.78,23.04,23.66,923371,110239320.00
20101008,23.65,24.17,23.24,23.90,1066608,128821456.00
20101011,24.06,24.07,23.19,23.43,1650977,196902048.00
20101012,23.56,24.36,23.44,24.08,1429517,174015152.00
20101013,24.19,24.19,23.39,23.82,1044791,125465000.00
20101014,23.84,24.21,23.61,24.07,1200288,146165488.00
20101015,24.02,24.26,23.42,23.50,1010390,121854256.00
20101018,23.42,23.44,22.43,23.37,1314604,152401696.00
20101019,23.42,25.75,23.42,25.68,2973843,382552352.00
20101020,25.11,26.02,25.11,25.45,2249182,292162272.00
20101021,25.45,25.46,24.79,25.22,1235428,156971312.00
20101022,25.24,25.86,24.97,25.36,1188642,153872064.00
20101025,25.30,26.52,25.20,25.84,1432597,189488816.00
20101026,25.82,26.18,25.32,25.45,1069125,138528464.00
20101027,25.47,26.03,24.75,24.95,1316362,170074096.00
20101028,24.89,24.89,24.07,24.55,1328838,165120240.00
20101029,24.63,25.83,24.63,25.45,1519915,195986640.00
20101101,25.48,27.01,25.47,26.62,1962312,262843920.00
20101102,26.54,26.54,25.02,25.30,2007196,263408320.00
20101103,25.10,25.17,24.42,24.52,1000616,126092984.00
20101104,24.63,25.01,24.63,24.94,758275,95666408.00
20101105,25.12,25.31,24.64,25.00,933357,118015280.00
20101108,25.02,26.20,25.02,26.04,1410270,184889056.00
20101109,26.04,26.27,25.82,26.02,1028208,136002880.00
20101110,26.02,28.02,26.02,27.34,2272406,315601056.00
20101111,27.21,28.14,26.92,26.97,1821964,254796000.00
20101112,26.72,27.88,26.12,26.49,2101376,286871776.00
20101115,27.06,28.92,26.92,28.92,2434546,348143392.00
20101116,29.20,29.59,27.62,28.24,2587482,374993312.00
20101117,27.82,28.59,26.63,26.74,1826873,255870400.00
20101118,26.94,27.59,26.12,27.56,1379421,188151792.00
20101119,27.59,28.60,27.25,28.60,1652462,235516736.00
20101122,29.22,31.28,28.92,29.17,2491242,378396160.00
20101123,29.22,30.84,28.82,30.80,2201292,331750112.00
20101124,30.42,31.14,30.22,30.83,1791800,278646816.00
20101125,30.81,31.11,29.52,29.60,2024182,308066528.00
20101126,29.38,30.40,29.03,29.88,1264665,191304384.00
20101129,30.29,30.65,29.54,30.65,1370608,209630768.00
20101130,30.73,30.79,28.54,29.66,2071580,309433504.00
20101202,29.67,29.72,29.04,29.07,1167954,173574736.00
20101203,29.17,29.17,27.91,28.24,1260165,181456800.00
20101206,28.23,28.37,27.28,27.42,948111,132650728.00
20101207,27.28,28.11,27.20,27.99,805343,113449400.00
20101208,27.85,28.21,27.42,27.42,763200,107517832.00
20101209,27.48,27.70,26.84,26.96,769835,106414920.00
20101210,26.99,27.87,26.82,27.85,948491,131302192.00
20101213,28.14,29.22,27.99,28.77,1277472,185136832.00
20101214,28.75,29.01,28.47,28.57,1030868,149354192.00
20101215,28.56,28.67,28.02,28.22,984481,141110912.00
20101216,27.91,28.75,27.91,28.25,849950,122526784.00
20101217,28.42,28.61,28.02,28.20,681479,97592816.00
20101220,28.22,28.31,26.66,27.12,1628390,225790320.00
20101221,27.32,27.49,26.72,27.46,729930,100554048.00
20101222,27.22,27.45,26.95,27.04,531516,73017072.00
20101223,26.88,26.99,26.45,26.57,773594,104902808.00
20101224,26.62,26.71,25.52,25.61,1013021,132923176.00
20101227,25.67,26.02,24.82,24.87,829041,107181568.00
20101228,24.87,25.06,24.57,24.62,813265,102196424.00
20101229,24.76,25.06,24.63,24.92,767974,96969976.00
20101230,24.96,24.96,24.58,24.62,871553,109250360.00
20101231,24.70,25.41,24.69,25.39,930386,118922128.00
20110104,25.18,25.88,25.12,25.39,1357673,175647040.00
20110105,25.22,25.22,24.72,24.82,1497496,188962304.00
20110106,24.82,24.93,23.90,23.92,1787747,220251184.00
20110107,23.75,24.40,23.66,24.20,982901,120310776.00
20110110,24.18,24.22,23.42,23.44,780560,94248120.00
20110111,23.38,23.38,22.86,23.10,713041,83618936.00
20110112,23.42,23.62,23.12,23.58,585545,69624200.00
20110113,23.79,24.22,23.79,24.09,1023723,125447368.00
20110114,24.21,24.21,23.33,23.50,557911,66852376.00
20110117,23.42,24.51,23.42,23.76,1017221,123753344.00
20110118,23.52,23.73,23.24,23.48,565106,67253768.00
20110119,23.46,24.20,23.27,24.09,555759,67392656.00
20110120,24.09,24.11,23.38,23.40,613332,73918112.00
20110121,23.28,24.06,23.22,23.51,476199,57220776.00
20110124,23.61,23.81,21.90,21.93,1187046,136771872.00
20110125,21.81,22.14,21.13,21.49,624632,68381584.00
20110126,21.62,21.91,21.42,21.76,361961,40045176.00
20110127,21.62,22.11,21.34,21.98,517462,57372096.00
20110128,21.94,22.20,21.78,22.12,395087,44281932.00
20110131,21.97,22.41,21.82,22.36,401723,45501784.00
20110201,22.36,22.46,22.17,22.35,323611,36681204.00
20110209,22.18,22.79,22.02,22.39,494313,56442624.00
20110210,22.62,23.46,22.46,23.44,880886,103107416.00
20110211,23.52,23.52,23.16,23.26,681817,80594928.00
20110214,23.27,23.59,23.12,23.47,769320,91413776.00
20110215,23.49,23.61,23.19,23.32,757153,90018040.00
20110216,23.42,23.98,23.22,23.94,805342,96916304.00
20110217,24.02,24.42,23.84,24.03,827813,101398464.00
20110218,24.02,24.21,23.75,23.79,510061,61872104.00
20110221,23.62,23.99,23.62,23.98,591485,71763888.00
20110222,24.02,24.51,23.49,23.50,938801,114519552.00
20110223,23.48,23.97,23.41,23.91,742788,89445496.00
20110224,23.82,23.92,23.32,23.45,654567,78326568.00
20110225,23.45,23.78,23.22,23.61,498536,59543504.00
20110228,23.62,23.62,23.15,23.35,698067,82685232.00
20110301,23.39,23.85,23.27,23.51,623075,74618256.00
20110302,23.34,23.42,22.76,22.93,939523,109905016.00
20110303,22.93,23.05,22.30,22.44,901838,103618664.00
20110304,22.44,22.54,22.12,22.48,517904,58703704.00
20110307,22.42,22.82,22.32,22.78,564535,65113940.00
20110308,22.90,22.99,22.64,22.87,463518,53716556.00
20110309,22.92,23.96,22.80,23.91,1188988,141590368.00
20110310,23.82,24.61,23.82,24.21,1476713,182652064.00
20110311,24.21,25.43,24.13,25.29,2146857,272510176.00
20110314,25.54,26.29,24.98,25.07,1651060,212306480.00
20110315,25.42,25.81,24.62,25.09,2985229,382613056.00
20110316,25.14,25.42,24.61,24.65,1560487,196236832.00
20110317,24.53,25.15,24.12,24.76,1043965,130486400.00
20110318,24.60,25.01,24.33,24.52,706938,88322536.00
20110321,24.56,24.56,23.66,23.66,969863,118114432.00
20110322,23.82,23.88,23.00,23.07,878067,103655360.00
20110323,23.22,23.59,23.08,23.45,521748,62061292.00
20110324,23.59,23.59,23.12,23.27,433896,51466000.00
20110325,23.27,23.46,23.07,23.46,655382,77222688.00
20110328,23.46,23.95,23.36,23.48,686089,82302416.00
20110329,23.22,23.34,22.35,22.38,1009417,116200424.00
20110330,22.38,22.58,21.92,22.00,582343,65482412.00
20110331,22.19,22.46,22.00,22.13,428458,48466488.00
20110401,22.14,22.49,22.02,22.44,323204,36630952.00
20110406,22.44,22.45,21.62,21.65,936186,104193624.00
20110408,21.95,22.51,21.95,22.41,610501,69415352.00
20110411,22.37,22.48,21.74,21.83,664734,74131816.00
20110412,21.62,22.23,21.62,21.80,375387,41887580.00
20110413,21.74,22.16,21.74,22.07,383386,43027612.00
20110414,22.02,22.15,21.86,21.88,355939,39731420.00
20110415,21.87,21.96,21.66,21.76,343940,38043092.00
20110418,21.82,21.86,21.17,21.24,716732,78080744.00
20110419,21.19,21.19,20.19,20.32,1089396,113199832.00
20110420,20.42,20.58,20.22,20.41,473157,49180020.00
20110421,20.40,20.50,20.04,20.10,941668,96626208.00
20110422,20.13,20.13,19.42,19.68,878852,87972536.00
20110425,19.22,19.41,18.21,18.25,1331587,126435848.00
20110426,17.62,18.14,17.22,17.78,788774,71506312.00
20110427,17.78,17.89,17.26,17.38,591322,53129400.00
20110428,17.34,17.37,15.79,15.89,1423920,120252600.00
20110429,15.87,15.97,15.28,15.66,989685,79285512.00
20110503,15.60,16.31,15.44,16.16,708657,58213816.00
20110504,16.17,16.34,15.93,16.26,661259,54578308.00
20110505,16.25,16.77,16.06,16.42,626639,53008956.00
20110506,16.27,16.51,16.09,16.45,374577,31278634.00
20110509,16.46,16.73,16.32,16.47,397337,33500610.00
20110510,16.72,18.02,16.72,17.95,1469392,129789048.00
20110511,17.79,18.01,17.28,17.68,785391,70781752.00
20110512,17.81,17.81,17.32,17.32,445011,39886384.00
20110513,17.32,17.55,16.92,17.37,581618,51106700.00
20110516,17.48,17.74,17.02,17.10,619431,55157668.00
20110517,16.52,16.81,15.36,15.39,2590579,82996048.00
20110518,14.97,15.07,14.57,14.61,2661167,80255368.00
20110519,14.52,14.90,14.22,14.31,1614533,47945448.00
20110520,14.22,14.36,13.75,13.81,2112809,60171952.00
20110523,13.72,14.01,13.26,13.94,2358020,65021944.00
20110524,13.73,15.22,13.47,14.70,3714977,109233456.00
20110525,14.64,14.64,13.22,13.34,4913212,139319744.00
20110526,13.45,13.66,13.22,13.26,1779742,48746424.00
20110527,14.41,14.41,13.57,13.66,3504769,99896504.00
20110530,13.22,14.37,13.22,13.82,5371616,153242432.00
20110531,13.89,13.92,13.44,13.87,4938480,138093104.00
20110601,13.86,14.27,13.73,14.09,3955231,113437936.00
20110602,13.79,13.87,13.23,13.68,3096876,86044000.00
20110603,13.63,13.85,13.43,13.71,2047603,57236516.00
20110607,13.71,13.76,13.42,13.54,2032174,56267020.00
20110608,13.54,13.96,13.54,13.77,3507149,98575304.00
20110609,13.78,13.81,13.40,13.45,2721381,75319272.00
20110610,13.32,13.47,12.67,13.02,3803960,100646120.00
20110613,12.87,14.22,12.73,13.83,6539955,183981696.00
20110614,13.69,14.03,13.58,13.68,5900210,165806112.00
20110615,13.77,13.91,13.37,13.44,3973316,110417600.00
20110616,13.41,13.41,12.89,12.92,5575582,148352960.00
20110617,12.81,12.96,12.48,12.52,3041614,79167416.00
20110620,12.37,13.05,12.27,12.70,3397758,87707656.00
20110621,12.72,12.91,12.58,12.91,2775086,72418056.00
20110622,12.96,13.00,12.63,12.81,2307198,60557724.00
20110623,12.52,13.32,12.27,13.02,8776084,232235648.00
20110624,13.06,13.59,13.06,13.38,7219200,195776880.00
20110627,13.44,14.01,13.39,13.85,7511088,210602720.00
20110628,13.72,13.80,13.53,13.74,4498895,125544408.00
20110629,13.27,13.41,12.78,12.83,10500170,280311328.00
20110630,12.72,13.01,12.72,12.91,4269520,112626768.00
20110701,12.97,13.19,12.87,13.05,4224415,112895528.00
20110704,13.03,13.37,13.02,13.33,4779048,129291760.00
20110705,13.32,13.71,13.22,13.67,5780889,159886624.00
20110706,13.59,14.07,13.53,13.83,6111047,172492960.00
20110707,13.79,14.61,13.78,14.22,8699895,251701760.00
20110708,14.15,14.44,13.87,13.96,5477340,157244672.00
20110711,13.94,13.98,13.64,13.96,3451536,97424976.00
20110712,13.78,13.80,13.52,13.55,3583417,99719920.00
20110713,13.51,13.95,13.51,13.92,3620208,101823632.00
20110714,13.87,14.49,13.87,14.46,6789428,197696032.00
20110715,14.49,14.88,14.38,14.54,7361765,219553648.00
20110718,14.72,15.20,14.46,14.59,6032039,182087296.00
20110719,14.46,14.46,13.97,14.10,4819489,139258192.00
20110720,14.22,14.37,13.91,14.32,3489741,101034520.00
20110721,14.47,14.47,13.77,13.84,3462964,99527776.00
20110722,13.96,14.16,13.90,13.96,2790515,79827672.00
20110725,13.96,14.15,12.91,12.98,4552343,125723432.00
20110726,12.87,13.06,12.75,12.88,2684585,70582376.00
20110727,12.81,13.07,12.57,12.99,2829165,74243472.00
20110728,12.82,12.85,12.57,12.72,3195627,82877128.00
20110729,12.79,12.99,12.65,12.72,2201639,57623368.00
20110801,12.72,12.95,12.47,12.82,2679670,69842496.00
20110802,12.72,12.87,12.32,12.87,2790347,71775272.00
20110803,12.72,14.18,12.68,13.82,11683614,331989952.00
20110804,13.70,13.91,13.39,13.42,6401359,177202560.00
20110805,12.71,13.02,12.50,12.90,3979570,104241632.00
20110808,12.71,12.86,11.72,11.77,5589192,138518320.00
20110809,11.20,11.77,10.87,11.61,3858255,89733032.00
20110810,11.95,12.01,11.64,11.68,2827820,68489384.00
20110811,11.17,12.21,11.17,12.10,4020409,97582256.00
20110812,12.21,12.60,12.17,12.38,3717564,94517632.00
20110815,12.47,12.79,12.23,12.68,3489149,89969880.00
20110816,12.69,12.78,12.37,12.42,2822161,72297312.00
20110817,12.34,12.92,12.34,12.59,2988077,77298328.00
20110818,12.55,12.69,12.23,12.23,2088349,53154456.00
20110819,11.87,12.19,11.72,12.10,2083010,51156012.00
20110822,12.26,12.85,12.21,12.54,3955558,101470432.00
20110823,12.52,13.07,12.51,13.02,5924761,154875840.00
20110824,13.12,13.71,13.11,13.57,14114810,386890976.00
20110825,13.48,13.72,12.94,13.58,9642076,262657168.00
20110826,13.32,14.06,13.27,13.99,7916025,222834592.00
20110829,13.77,14.21,13.67,13.93,5929020,168670256.00
20110830,13.92,14.01,13.31,13.32,6228103,173129744.00
20110831,13.26,13.54,12.93,13.14,3615207,97075296.00
20110901,13.20,13.27,12.83,12.92,2738113,72988616.00
20110902,12.92,13.45,12.79,13.21,4585771,122959672.00
20110905,13.07,13.09,12.27,12.28,3297187,84631528.00
20110906,12.12,12.29,11.90,11.95,3353592,82735288.00
20110907,12.06,12.40,12.02,12.37,2242120,56091708.00
20110908,12.51,12.91,12.32,12.63,4432449,114720208.00
20110909,12.58,13.03,12.37,12.40,3609335,93603080.00
20110913,12.18,12.36,12.02,12.21,1744098,43478232.00
20110914,12.28,12.74,12.22,12.74,3109267,79411072.00
20110915,12.77,12.85,12.64,12.68,2674309,69676472.00
20110916,12.78,12.88,12.68,12.72,2203140,57437096.00
20110919,12.52,12.57,12.08,12.13,2119551,53138332.00
20110920,12.05,12.35,11.99,12.09,1902333,47357176.00
20110921,12.12,12.62,12.04,12.61,4775221,120054672.00
20110922,12.37,12.46,12.02,12.03,3136370,78545544.00
20110923,11.86,12.14,11.72,11.96,1939259,47376428.00
20110926,11.92,12.17,11.84,11.87,1585529,38921212.00
20110927,12.04,12.12,11.70,11.73,2532118,61331372.00
20110928,11.85,11.91,11.47,11.52,1901399,45522524.00
20110929,11.47,11.58,11.12,11.12,1855092,43019032.00
20110930,11.22,11.43,11.08,11.28,1667717,38492764.00
20111010,11.28,11.31,10.85,10.92,2426924,54681068.00
20111011,11.17,11.29,10.83,10.99,1456564,32987978.00
20111012,10.97,11.52,10.86,11.48,2286281,53100408.00
20111013,11.35,11.71,11.35,11.61,1942246,46083396.00
20111014,11.61,11.71,11.40,11.57,1875747,44470612.00
20111017,11.54,11.65,11.35,11.43,1884783,44321116.00
20111018,11.32,11.44,10.97,10.97,1860361,42911020.00
20111019,11.03,11.10,10.40,10.63,3497822,76371904.00
20111020,10.52,10.59,10.13,10.26,2413200,50931236.00
20111021,10.17,10.37,10.12,10.13,866995,18191406.00
20111024,10.15,10.22,9.79,10.18,2418240,49750368.00
20111025,10.15,10.47,9.93,10.45,2832011,59800240.00
20111026,10.32,10.70,10.28,10.54,3115563,67254792.00
20111027,10.58,10.82,10.29,10.39,2497512,54087468.00
20111028,10.53,10.78,10.47,10.66,2977937,64931692.00
20111031,10.62,11.13,10.61,11.00,3073232,68755248.00
20111101,10.77,11.07,10.71,11.01,3054128,68298272.00
20111102,10.74,11.37,10.64,11.29,6137195,139982240.00
20111103,11.49,11.92,11.49,11.54,9886263,237000224.00
20111104,11.67,11.86,11.44,11.69,5200128,124248592.00
20111107,11.59,11.64,11.31,11.33,3863749,90650680.00
20111108,11.35,11.64,11.28,11.32,2903934,68195696.00
20111109,11.42,11.84,11.31,11.82,4702132,111484320.00
20111110,11.67,12.29,11.62,11.90,8035344,196653008.00
20111111,11.92,12.06,11.43,11.50,6879183,166563680.00
20111114,11.82,12.68,11.82,12.11,14017889,355061696.00
20111115,11.97,12.34,11.86,12.32,10067118,249231808.00
20111116,12.22,13.17,12.02,12.94,19252489,494985152.00
20111117,12.82,14.14,12.77,13.94,18939354,522453664.00
20111118,13.63,13.82,13.27,13.45,11384265,313710144.00
20111121,13.48,13.59,12.86,13.11,8665756,231543552.00
20111122,12.94,13.29,12.83,13.08,6366237,170224400.00
20111123,13.11,13.12,12.35,12.42,11779970,303683136.00
20111124,12.26,12.72,12.18,12.44,6948405,177209344.00
20111125,12.37,12.69,12.22,12.22,4562480,116307664.00
20111128,12.36,13.21,12.27,13.21,9168590,240664400.00
20111129,13.34,13.62,13.00,13.40,9225639,251278496.00
20111130,13.37,13.37,12.37,12.52,9284295,241659600.00
20111201,12.97,13.18,12.62,12.62,7411226,195887840.00
20111202,12.52,12.53,11.92,11.94,5158789,127704992.00
20111205,11.79,11.81,11.02,11.17,5945936,137230800.00
20111206,11.11,11.31,10.97,11.22,2708410,62220896.00
20111207,11.62,11.78,11.22,11.37,3821321,89918384.00
20111208,11.37,12.53,10.97,12.52,11372262,282426592.00
20111209,12.17,12.42,11.94,12.00,7616966,189718640.00
20111212,12.07,12.52,12.00,12.31,7157715,179971872.00
20111213,12.16,12.20,11.66,11.71,5080828,123364312.00
20111214,11.57,11.91,11.35,11.69,3312618,78983552.00
20111215,11.56,12.29,11.47,11.82,7062033,173707168.00
20111216,11.72,13.03,11.63,13.03,13697018,352166080.00
20111219,12.99,13.80,12.82,13.77,19687072,533738912.00
20111220,14.12,14.35,12.89,12.92,17323067,481006272.00
20111221,12.99,13.46,12.88,13.17,12285788,330934752.00
20111222,12.72,14.35,12.27,13.92,17871627,487768128.00
20111223,13.67,14.48,13.51,14.02,13778498,393254944.00
20111226,14.02,14.32,13.39,13.42,8957317,252857856.00
20111227,13.26,14.12,13.18,13.42,10035485,279048544.00
20111228,13.10,13.67,12.82,13.30,8471914,228465376.00
20111229,13.19,13.40,12.96,13.01,5435793,146039600.00
20111230,12.92,14.00,12.92,13.66,9147777,253275120.00
20120104,13.85,14.36,13.22,13.27,10138197,286843616.00
20120105,12.99,13.14,11.92,12.01,11041205,281322752.00
20120106,11.80,12.26,11.36,12.17,7521718,180778320.00
20120109,12.07,12.79,11.76,12.74,9232471,232619920.00
20120110,12.67,13.58,12.49,13.29,12379519,332194272.00
20120111,13.22,13.96,13.12,13.89,14222429,396835584.00
20120112,13.72,14.07,13.56,13.60,11305660,318364096.00
20120113,13.60,14.02,13.17,13.67,13787134,383258624.00
20120116,13.22,13.33,12.28,12.28,11603551,301041120.00
20120117,11.92,13.00,11.81,12.91,11317347,287382368.00
20120118,12.87,13.10,11.59,11.59,13713596,347272448.00
20120119,11.22,11.27,10.42,10.96,10876648,244983824.00
20120120,10.85,11.24,10.84,10.98,5904230,133511112.00
20120130,11.12,11.41,10.99,11.30,4713127,109024008.00
20120131,11.27,11.28,10.89,11.19,3102902,70459024.00
20120201,11.17,11.55,11.12,11.17,4264532,99247088.00
20120202,11.22,11.36,10.99,11.34,4188333,96340824.00
20120203,11.31,11.88,11.22,11.85,6076361,143293888.00
20120206,11.72,11.88,11.57,11.74,4615444,110998256.00
20120207,11.62,11.91,11.48,11.54,5312011,126988104.00
20120208,11.50,11.89,11.44,11.82,4387038,105328256.00
20120209,11.83,12.94,11.72,12.48,10126291,259075408.00
20120210,12.40,12.61,12.20,12.45,6429557,163249984.00
20120213,12.29,12.91,12.22,12.69,7118243,184771296.00
20120214,12.66,13.18,12.39,12.42,7851205,204035856.00
20120215,12.37,12.91,12.12,12.75,8472394,218376656.00
20120216,12.71,12.81,12.27,12.50,6809840,174870976.00
20120217,12.58,12.72,12.34,12.69,5446410,139697088.00
20120220,12.87,13.17,12.57,12.57,8779041,230869440.00
20120221,12.57,13.37,12.53,13.29,14746921,391084736.00
20120222,13.21,13.55,13.13,13.40,12298032,334916704.00
20120223,13.40,13.55,13.06,13.26,9523491,258354192.00
20120224,13.30,13.36,12.99,13.25,7943418,213480480.00
20120227,13.45,14.00,13.17,13.17,12180564,338157504.00
20120228,13.07,13.19,12.72,12.85,8558448,225965488.00
20120229,12.86,13.10,12.72,12.97,6885354,181865968.00
20120301,12.88,14.30,12.87,14.11,28607577,813622016.00
20120302,13.90,14.22,13.89,14.15,14593537,418491584.00
20120306,14.37,15.57,14.17,14.91,25703524,785111808.00
20120307,14.61,15.70,14.56,15.20,18756084,582453760.00
20120308,15.32,15.43,15.02,15.32,10077827,312170624.00
20120309,15.46,16.02,15.13,15.34,13929469,441384608.00
20120312,15.34,15.44,14.93,15.12,13733487,423162848.00
20120313,15.07,15.31,14.73,15.15,10686562,326384992.00
20120314,15.17,15.46,13.83,14.02,17924479,537146368.00
20120315,13.97,14.13,13.32,13.65,10514758,293924672.00
20120316,13.67,14.12,13.46,14.06,9539387,269853056.00
20120319,13.62,13.97,13.55,13.92,9600100,269625408.00
20120320,13.77,13.80,13.12,13.12,11665661,317332960.00
20120321,13.21,13.37,12.92,13.29,8568332,230620352.00
20120322,13.29,13.60,13.19,13.35,7356825,201769824.00
20120323,13.22,13.42,12.98,13.34,5388574,145565472.00
20120326,13.36,13.77,13.28,13.62,8467053,234515968.00
20120327,13.68,14.01,13.54,13.84,7607878,214060640.00
20120328,13.71,13.71,13.01,13.01,8776874,238770496.00
20120329,12.88,12.88,11.71,12.07,7433184,186934688.00
20120330,11.99,12.25,11.76,11.94,4289885,105094336.00
20120405,11.94,12.30,11.92,12.26,5064941,126397648.00
20120406,12.16,12.45,12.12,12.26,5042381,126810040.00
20120409,12.25,12.25,11.46,11.46,6983887,169367152.00
20120410,11.26,11.88,11.12,11.87,6968316,163874912.00
20120411,11.62,11.92,11.55,11.69,4562327,109391616.00
20120412,11.76,12.05,11.73,12.03,5427696,132404096.00
20120413,11.98,12.31,11.98,12.06,4948042,122919488.00
20120416,11.96,12.14,11.81,11.86,3621539,88530368.00
20120417,11.91,11.95,11.57,11.58,4291692,102929672.00
20120418,11.67,12.10,11.62,12.04,4596128,112283248.00
20120419,11.99,12.24,11.90,12.03,4478823,110658400.00
20120420,11.94,12.55,11.91,12.46,6524572,164651296.00
20120423,12.27,12.37,11.18,11.29,12746226,300644096.00
20120424,10.97,11.36,10.81,11.18,6679651,151009696.00
20120425,11.15,11.19,10.84,10.96,4880386,109972144.00
20120426,11.07,11.15,10.56,10.74,5098938,113328896.00
20120427,10.64,11.04,10.64,10.85,3321525,73978448.00
20120502,10.99,11.09,10.82,11.00,3033135,68349872.00
20120503,11.04,11.28,11.00,11.23,3144132,71830400.00
20120507,11.52,11.89,11.45,11.60,5300479,126195848.00
20120508,11.60,11.99,11.47,11.81,5122793,123824408.00
20120509,11.73,11.73,11.32,11.39,4050144,95384464.00
20120510,11.43,11.59,11.34,11.40,2244239,52744096.00
20120511,11.40,11.49,11.29,11.31,2031165,47300928.00
20120514,11.46,11.64,11.27,11.28,2706391,63531964.00
20120515,11.19,11.19,10.96,11.11,2520984,57192124.00
20120516,11.11,11.21,10.89,10.91,1740144,39461408.00
20120517,10.91,11.15,10.89,11.09,1711861,38789476.00
20120518,11.16,12.03,11.11,11.55,7868193,188220992.00
20120521,11.47,11.71,11.38,11.58,3657963,86452368.00
20120522,11.72,11.79,11.50,11.64,2863327,68322600.00
20120523,11.67,11.68,11.23,11.30,3183454,74476992.00
20120524,11.32,11.71,11.29,11.52,3090105,72741032.00
20120525,11.57,11.59,11.12,11.21,2642195,61495852.00
20120528,11.08,11.14,10.75,11.02,3797938,84953152.00
20120529,11.10,11.33,11.05,11.22,3536396,79924816.00
20120530,11.45,11.49,11.22,11.26,3434881,78673128.00
20120531,11.24,11.75,11.24,11.64,6645407,155510192.00
20120601,11.58,11.70,11.44,11.67,4175753,97567200.00
20120604,11.49,11.64,11.12,11.12,4127624,95057280.00
20120605,11.17,11.25,10.98,11.02,2753169,61657280.00
20120606,11.12,11.21,10.87,10.95,2707659,60432324.00
20120607,11.12,11.16,10.87,10.91,2123978,47342976.00
20120608,11.05,11.18,10.84,10.97,2522726,56316884.00
20120611,11.10,11.37,10.99,11.37,3260187,73926224.00
20120612,11.32,11.34,11.18,11.26,1848502,42075348.00
20120613,11.33,11.52,11.28,11.46,3120135,72038568.00
20120614,11.44,11.50,11.07,11.09,3084481,70380392.00
20120615,11.12,11.42,10.96,11.32,3497613,79004256.00
20120618,11.32,11.51,11.28,11.41,3420226,78918416.00
20120619,11.38,11.71,11.34,11.60,5724676,134252288.00
20120620,11.54,11.60,11.37,11.53,4650905,108014200.00
20120621,11.56,11.64,10.80,11.02,5859255,132171088.00
20120625,10.94,10.99,10.57,10.57,3802107,82973272.00
20120626,10.47,10.66,10.42,10.59,1696458,36231696.00
20120627,10.62,10.70,10.22,10.26,3385671,71760808.00
20120628,10.28,10.34,9.87,9.90,3563390,72352176.00
20120629,9.89,10.06,9.82,10.02,2145072,43220424.00
20120702,9.94,10.19,9.93,10.07,2474667,50533384.00
20120703,10.04,10.06,9.88,9.95,3128203,63094172.00
20120704,9.90,10.02,9.87,9.89,2057481,41424776.00
20120705,9.86,9.86,8.89,8.89,8000492,147447952.00
20120706,8.87,9.03,8.62,8.97,3812421,68114664.00
20120709,8.87,8.87,8.52,8.53,3349038,59128592.00
20120710,8.46,8.52,8.31,8.46,2369461,40494060.00
20120711,8.47,8.59,8.38,8.57,1408818,24364844.00
20120712,8.52,8.77,8.49,8.76,3128843,55311048.00
20120713,8.67,8.76,8.47,8.49,3072136,53782192.00
20120716,8.53,8.56,7.75,7.87,4723836,76823672.00
20120717,7.82,8.02,7.74,7.96,2179280,34984484.00
20120718,7.96,8.07,7.76,8.02,2441589,39151048.00
20120719,8.00,8.24,7.97,8.13,3101613,51440528.00
20120720,8.13,8.28,8.04,8.08,2335494,38824000.00
20120723,7.99,8.06,7.88,7.96,1719148,27846672.00
20120724,7.92,8.47,7.89,8.25,3996127,67430872.00
20120725,8.17,8.36,8.08,8.13,2289903,38229580.00
20120726,8.13,8.21,8.00,8.02,1515081,24957754.00
20120727,8.06,8.17,7.93,8.11,1702237,27853168.00
20120730,8.09,8.25,7.86,7.87,2004469,32784960.00
20120731,7.85,7.92,7.49,7.56,2405373,37332160.00
20120801,7.57,7.76,7.57,7.63,1644526,25629340.00
20120802,7.56,7.70,7.52,7.65,1576102,24464028.00
20120803,7.71,7.92,7.59,7.92,2539238,40295748.00
20120806,7.81,8.19,7.81,8.14,3086849,50581208.00
20120807,8.14,8.24,8.05,8.14,2601467,43007848.00
20120808,8.09,8.35,8.07,8.24,3123757,52119428.00
20120809,8.22,8.29,7.94,8.24,2487850,41354372.00
20120810,8.32,8.37,8.13,8.18,1910970,31924480.00
20120813,8.13,8.17,7.74,7.77,2979866,48154272.00
20120814,7.76,7.90,7.64,7.87,1999722,31586740.00
20120815,7.87,7.87,7.69,7.72,1250819,19760850.00
20120816,7.69,7.76,7.64,7.67,1082113,16944858.00
20120817,7.67,7.88,7.66,7.88,1690366,26728904.00
20120820,7.82,7.94,7.70,7.88,1404492,22345510.00
20120821,7.87,8.45,7.87,8.30,5415610,90722504.00
20120822,8.27,8.34,8.07,8.12,3060431,50991968.00
20120823,8.13,8.36,8.10,8.31,2989305,50134976.00
20120824,8.31,8.51,8.07,8.07,3732050,62998716.00
20120827,8.07,8.16,7.70,7.80,2403313,38173144.00
20120828,7.79,7.96,7.77,7.86,1663940,26579028.00
20120829,7.86,8.08,7.79,7.94,2354013,38098252.00
20120830,7.90,8.07,7.38,7.55,3489120,54603064.00
20120831,7.54,7.69,7.47,7.63,1634488,25164924.00
20120903,7.61,7.80,7.59,7.69,1711138,26837816.00
20120904,7.65,8.48,7.64,8.48,6049809,102635264.00
20120905,8.62,8.96,8.42,8.67,13411344,236158928.00
20120906,8.59,8.90,8.49,8.80,9880520,174841360.00
20120907,8.81,9.14,8.72,8.98,9312260,168675616.00
20120910,8.88,9.22,8.77,8.96,8271978,151170976.00
20120911,9.06,9.66,9.06,9.10,11210220,211971168.00
20120912,8.99,9.17,8.81,9.08,7233829,131629200.00
20120913,8.99,9.03,8.77,8.77,4143813,74911912.00
20120914,8.84,9.16,8.84,8.96,6535855,119389696.00
20120917,8.92,8.96,8.57,8.62,3962306,70017440.00
20120918,8.60,8.81,8.52,8.55,2406078,42325144.00
20120919,8.62,8.89,8.57,8.76,3971315,70725008.00
20120920,8.81,9.01,8.21,8.22,5146518,89570424.00
20120921,8.22,8.26,7.92,7.93,3703555,60512028.00
20120924,7.92,8.10,7.74,8.02,2323008,37563160.00
20120925,7.97,8.17,7.91,7.95,1886391,30774162.00
20120926,7.98,8.21,7.93,7.96,3209331,52554780.00
20120927,8.07,8.24,7.92,8.19,3215646,53045784.00
20120928,8.17,8.36,8.11,8.35,3427477,57350184.00
20121008,8.32,8.43,8.09,8.27,2916735,48807368.00
20121009,8.22,8.53,8.22,8.49,3396863,58101964.00
20121010,8.47,8.63,8.33,8.59,3434429,59251488.00
20121011,8.52,8.59,8.23,8.23,3277751,55866224.00
20121012,8.29,8.39,8.05,8.34,3191338,53357632.00
20121015,8.27,8.28,7.86,7.99,3125734,50845088.00
20121016,7.97,8.08,7.82,7.84,2739986,44232100.00
20121017,7.89,7.93,7.74,7.90,2006249,32028320.00
20121018,7.94,8.11,7.91,8.05,2345149,38190924.00
20121019,8.12,8.20,7.98,8.09,2164008,35609276.00
20121022,7.99,8.04,7.86,8.01,2127420,34339140.00
20121023,8.01,8.03,7.82,7.84,2063897,33167588.00
20121024,7.74,7.93,7.68,7.85,1819255,28950750.00
20121025,7.81,7.91,7.75,7.75,1788116,28415854.00
20121026,7.76,7.76,7.37,7.48,2934771,44864380.00
20121029,7.48,7.49,7.39,7.41,1148003,17403200.00
20121030,7.42,7.49,7.39,7.42,1126955,17047740.00
20121031,7.43,7.44,7.02,7.14,3559648,51972956.00
20121101,7.14,7.27,7.07,7.25,1805819,26551546.00
20121102,7.23,7.42,7.17,7.37,2711633,40551640.00
20121105,7.32,7.38,7.19,7.22,1621412,23967488.00
20121106,7.22,7.22,6.78,7.02,3345013,47697080.00
20121107,7.04,7.06,6.91,6.96,1550934,22031908.00
20121108,6.91,6.93,6.68,6.68,1962007,27241582.00
20121109,6.65,6.80,6.56,6.74,2340664,31889216.00
20121112,6.74,6.83,6.67,6.78,1229917,16954074.00
20121113,6.78,6.79,6.52,6.53,1960637,26490364.00
20121114,6.56,6.64,6.53,6.62,1172470,15729621.00
20121115,6.55,6.62,6.47,6.47,1292118,17237436.00
20121116,6.47,6.66,6.46,6.58,1633898,21933590.00
20121119,6.67,6.74,6.55,6.73,1493499,20240106.00
20121120,6.73,6.78,6.67,6.74,1315217,18042328.00
20121121,6.76,6.91,6.73,6.90,2605886,36191492.00
20121122,6.87,6.87,6.62,6.65,1979154,27142984.00
20121123,6.66,6.76,6.63,6.63,1225864,16725085.00
20121126,6.62,6.66,6.43,6.45,1586099,21081896.00
20121127,6.42,6.42,6.13,6.15,1774993,22688020.00
20121128,6.09,6.15,6.04,6.06,1265525,15749914.00
20121129,6.09,6.19,5.97,6.00,1193173,14886065.00
20121130,6.00,6.12,5.88,6.07,1165397,14457204.00
20121203,6.07,6.09,5.85,5.86,1124967,13739426.00
20121204,5.87,6.07,5.83,6.05,1721987,20986788.00
20121205,6.05,6.35,6.00,6.31,2658211,33750168.00
20121206,6.41,6.59,6.35,6.45,3605295,47555292.00
20121207,6.42,6.57,6.28,6.56,3837326,50392332.00
20121210,6.51,6.72,6.46,6.69,3393976,45779984.00
20121211,6.61,6.66,6.52,6.53,3054352,41085968.00
20121212,6.53,6.70,6.49,6.58,2113810,28352572.00
20121213,6.52,7.11,6.50,6.68,4702524,65325212.00
20121214,6.58,6.96,6.55,6.89,5030648,69864792.00
20121217,6.91,6.97,6.72,6.91,4024128,56148924.00
20121218,6.89,6.99,6.77,6.85,3887166,54684404.00
20121219,6.82,6.91,6.77,6.77,3012382,41932900.00
20121220,6.77,7.00,6.72,6.84,3489862,48819208.00
20121221,6.91,6.94,6.79,6.91,3918401,54814024.00
20121224,6.87,7.02,6.83,6.98,3686861,52178792.00
20121225,6.98,7.17,6.96,7.14,4600173,66205100.00
20121226,7.12,7.28,7.08,7.26,4185086,61108116.00
20121227,7.27,7.29,6.97,6.98,5227378,75536368.00
20121228,6.98,7.06,6.89,7.02,3421720,48628760.00
20121231,6.99,7.15,6.99,7.05,2768928,39783248.00
20130104,7.10,7.12,6.86,6.94,3296286,46771488.00
20130107,6.96,7.09,6.88,7.07,2973033,42561592.00
20130108,7.07,7.33,7.05,7.27,5764712,84629360.00
20130109,7.22,7.34,7.08,7.18,5088083,74875440.00
20130110,7.19,7.45,7.19,7.33,5190709,77497296.00
20130111,7.31,7.89,7.30,7.57,11205135,173836320.00
20130114,7.52,7.81,7.46,7.78,7423049,115943352.00
20130115,7.78,7.94,7.69,7.78,6458407,102479984.00
20130116,7.86,8.35,7.86,8.02,8320808,137244176.00
20130117,7.99,8.09,7.59,7.64,5366333,85214816.00
20130118,7.74,7.82,7.49,7.70,6226094,96677144.00
20130121,7.70,7.79,7.55,7.70,4122596,64313296.00
20130122,7.64,7.75,7.43,7.49,3454229,53367376.00
20130123,7.49,7.53,7.32,7.52,4215745,63899396.00
20130124,7.52,7.59,7.17,7.24,4821399,72597072.00
20130125,7.22,7.27,7.13,7.14,2291253,33565572.00
20130128,7.17,7.32,7.15,7.32,2771272,41026688.00
20130129,7.32,7.47,7.32,7.42,3341736,50359368.00
20130130,7.44,7.44,7.28,7.37,2941711,43979148.00
20130131,7.43,7.51,7.34,7.36,3486035,52553928.00
20130201,7.37,7.50,7.35,7.43,2006685,30323380.00
20130204,7.43,7.51,7.12,7.14,3983485,58683196.00
20130205,7.16,7.25,7.07,7.20,2371033,34584204.00
20130206,7.23,7.40,7.21,7.35,2803536,41901272.00
20130207,7.37,7.62,7.32,7.60,4495097,68902216.00
20130208,7.65,7.71,7.60,7.67,3702242,57676368.00
20130218,7.70,7.85,7.59,7.68,3867361,60684960.00
20130219,7.67,7.78,7.48,7.51,3592150,55721784.00
20130220,7.54,7.78,7.50,7.78,3800640,59353480.00
20130221,7.72,7.85,7.60,7.62,4489278,70171624.00
20130222,7.64,7.70,7.55,7.58,2648023,41133084.00
20130225,7.58,7.64,7.49,7.60,2967647,45652680.00
20130226,8.07,8.35,7.82,7.88,11400597,186508240.00
20130227,7.91,8.67,7.81,8.38,14160653,238279296.00
20130228,8.17,8.41,8.12,8.39,8591076,144772224.00
20130301,8.40,8.55,8.28,8.49,6874575,117842008.00
20130304,8.35,8.43,7.99,8.11,6490651,107908000.00
20130305,8.11,8.34,8.02,8.28,4798808,80265184.00
20130306,8.28,8.59,8.25,8.44,5563091,95526896.00
20130307,8.54,8.72,8.12,8.31,6132121,105568256.00
20130308,8.31,8.31,8.05,8.10,3857543,64122024.00
20130311,8.15,8.17,7.97,8.06,2033809,33283202.00
20130312,8.08,8.11,7.61,7.71,3701256,58930272.00
20130313,7.74,7.83,7.54,7.79,2597668,40485012.00
20130314,7.76,7.80,7.62,7.65,2167313,33858068.00
20130315,7.66,7.80,7.49,7.65,2889168,45099192.00
20130318,7.62,7.72,7.50,7.51,1778039,27473600.00
20130319,7.55,7.81,7.53,7.76,3252904,50967676.00
20130320,7.80,7.95,7.69,7.92,3220882,51247552.00
20130321,7.88,8.08,7.85,8.02,3571517,57891636.00
20130322,8.02,8.09,7.89,7.96,2123342,34468324.00
20130325,7.96,8.31,7.81,8.21,4897197,80879440.00
20130326,8.20,8.20,7.89,8.02,3537562,57582684.00
20130327,8.03,8.14,7.96,8.03,2183821,35706944.00
20130328,7.95,7.95,7.57,7.62,3037885,47640656.00
20130329,7.62,7.71,7.57,7.64,1693386,26316394.00
20130401,7.64,7.71,7.56,7.63,1521919,23630246.00
20130402,7.37,7.37,6.86,6.86,8799783,126258240.00
20130403,6.81,6.93,6.72,6.76,2794399,38727716.00
20130408,6.62,6.76,6.52,6.76,2119643,28780976.00
20130409,6.77,6.91,6.77,6.89,1961417,27414692.00
20130410,6.88,6.88,6.68,6.77,1467024,20268156.00
20130411,6.84,6.84,6.65,6.66,1704303,23358326.00
20130412,6.67,6.77,6.57,6.59,1140186,15515000.00
20130415,6.63,6.68,6.57,6.59,1270896,17162850.00
20130416,6.54,6.69,6.47,6.68,1253487,16870022.00
20130417,6.72,7.17,6.72,6.99,4565041,65145060.00
20130418,6.88,7.27,6.87,7.27,5083530,73997216.00
20130419,7.17,7.34,7.13,7.27,4678959,68864424.00
20130422,7.19,7.32,7.15,7.27,2619492,38622988.00
20130423,7.27,7.27,6.85,6.87,3036379,43620264.00
20130424,6.87,7.07,6.86,6.99,2480071,35267832.00
20130425,6.99,7.00,6.72,6.74,2628126,36757620.00
20130426,6.72,6.79,6.62,6.62,1654029,22561942.00
20130502,6.57,6.72,6.52,6.71,1121735,15230108.00
20130503,6.75,7.19,6.72,7.13,3591716,51524796.00
20130506,7.57,7.85,7.57,7.85,4539474,72035472.00
20130507,8.37,8.37,7.88,7.98,13443642,221949088.00
20130508,8.06,8.75,7.86,8.57,16238048,276016800.00
20130509,8.38,9.07,8.37,8.64,14272159,252259632.00
20130510,8.76,9.17,8.52,8.92,13996842,254705552.00
20130513,9.05,9.05,8.55,8.75,9190921,162539072.00
20130514,8.68,8.68,8.31,8.40,8357374,143463152.00
20130515,8.38,8.86,8.38,8.76,7561863,133097120.00
20130516,8.72,8.72,8.38,8.46,6189414,107444736.00
20130517,8.42,8.58,8.30,8.51,3715762,63753764.00
20130520,8.53,8.84,8.44,8.68,8619642,151167376.00
20130521,8.68,9.02,8.52,9.01,10366753,185242576.00
20130522,9.01,9.01,8.10,8.28,12222595,211584880.00
20130523,8.28,8.48,8.19,8.25,5253453,88979480.00
20130524,8.26,8.51,8.22,8.46,7385645,125296088.00
20130527,8.46,8.79,8.39,8.58,6899560,120981064.00
20130528,8.58,8.66,8.25,8.33,5627313,95941760.00
20130529,8.33,8.44,8.22,8.43,3402206,57659812.00
20130530,8.35,8.61,8.24,8.51,5648564,96909568.00
20130531,8.56,8.86,8.37,8.62,7232320,126603080.00
20130603,8.56,8.83,8.53,8.67,7239752,127514880.00
20130604,8.72,8.72,8.32,8.32,4650659,79574136.00
20130605,8.32,8.42,8.23,8.32,2407137,40742364.00
20130606,8.29,8.59,8.22,8.40,3788809,64659348.00
20130607,8.51,9.07,8.47,8.88,11373504,202960928.00
20130613,8.82,9.32,8.57,9.19,18303886,334080704.00
20130614,9.09,9.40,8.96,9.31,15536918,288078048.00
20130617,9.31,9.35,9.00,9.07,12960458,239896192.00
20130618,8.98,8.99,8.43,8.72,11805147,207647136.00
20130619,8.59,8.59,8.35,8.47,7196598,122782072.00
20130620,8.37,8.64,7.96,7.97,6934591,116698800.00
20130621,7.81,7.83,7.42,7.81,5777450,89761296.00
20130624,7.89,7.96,7.16,7.37,7640218,117319552.00
20130625,7.26,7.57,6.67,7.52,6881652,100779104.00
20130626,7.42,8.05,7.36,8.01,10062829,159236176.00
20130627,8.04,8.29,7.71,7.77,7292855,118720648.00
20130628,7.67,7.88,7.46,7.59,3479975,53626996.00
20130701,7.55,7.89,7.54,7.87,3842038,59879180.00
20130702,7.81,8.22,7.77,8.11,5521477,90000160.00
20130703,8.03,8.26,7.82,8.23,6097919,99664752.00
20130704,8.20,8.71,8.19,8.42,11758428,201883904.00
20130705,8.35,8.75,8.07,8.07,12143082,208725984.00
20130708,7.75,7.88,7.30,7.55,6808011,105181408.00
20130709,7.49,7.76,7.47,7.75,4030959,62246268.00
20130710,7.82,8.16,7.75,8.13,6992064,113159016.00
20130711,8.23,8.40,8.01,8.27,6512169,107650608.00
20130712,8.24,8.59,8.21,8.33,9070766,154217392.00
20130715,8.54,8.66,8.39,8.64,9540179,164760560.00
20130716,8.69,8.89,8.32,8.52,10055501,173651072.00
20130717,8.51,9.38,8.43,9.03,22525794,411963808.00
20130718,8.93,9.69,8.93,9.35,19818485,373996224.00
20130719,9.22,9.62,8.82,8.82,14357705,268808096.00
20130722,8.67,9.71,8.62,9.71,17338242,332660352.00
20130723,9.92,10.16,9.65,9.99,18104797,362716768.00
20130724,9.87,10.38,9.81,9.99,15592752,316330944.00
20130725,9.95,9.96,9.20,9.22,15890676,304447232.00
20130726,9.22,9.63,8.96,9.32,11810129,222468928.00
20130729,9.15,9.57,9.04,9.12,10017367,188442624.00
20130730,9.12,9.24,8.58,8.81,9317586,165613312.00
20130731,8.86,9.07,8.80,8.88,7076790,127462896.00
20130801,8.89,9.35,8.82,9.31,9412626,173899968.00
20130802,9.31,9.56,9.22,9.22,9899308,187831232.00
20130805,9.17,9.54,9.12,9.44,7126665,134770512.00
20130806,9.44,9.81,9.36,9.53,9609474,185669712.00
20130807,9.46,9.57,8.94,8.97,10369735,191352400.00
20130808,8.93,9.15,8.86,9.11,6264992,114429640.00
20130809,9.17,9.24,8.61,8.81,11548871,205934752.00
20130812,8.73,8.86,8.49,8.70,7789463,136099872.00
20130813,8.69,8.89,8.65,8.86,5859472,104062000.00
20130814,8.86,9.07,8.64,8.96,8752059,156816064.00
20130815,9.14,9.31,9.01,9.01,11252718,208509504.00
20130816,8.91,9.29,8.79,9.10,11984594,220335872.00
20130819,9.14,9.69,9.07,9.66,16116142,308427008.00
20130820,9.69,9.81,9.48,9.74,12566203,244374976.00
20130821,9.65,9.97,9.51,9.72,10715241,210957392.00
20130822,9.67,10.16,9.60,9.75,13710680,273184576.00
20130823,9.79,9.95,9.31,9.55,12547360,243286048.00
20130826,9.59,10.28,9.54,10.14,15788403,317486144.00
20130827,10.02,10.11,9.82,10.07,9745997,195999440.00
20130828,9.89,9.99,9.53,9.54,10002515,196627936.00
20130829,9.42,9.77,9.37,9.68,7367903,142143520.00
20130830,9.62,9.68,8.86,8.90,9878893,183581568.00
20130902,8.96,9.13,8.87,9.07,4149641,75573672.00
20130903,9.12,9.22,8.92,9.18,5536403,101923864.00
20130904,9.11,9.29,9.07,9.16,4811039,89146296.00
20130905,9.16,9.40,9.04,9.30,5977753,111602848.00
20130906,9.36,9.49,9.15,9.39,8075231,151762704.00
20130909,9.44,9.50,9.06,9.18,7189011,133827760.00
20130910,9.17,9.49,9.09,9.45,7413493,140279680.00
20130911,9.42,9.46,8.88,8.97,8872838,161860400.00
20130912,8.95,9.12,8.74,8.86,5472429,98515424.00
20130913,8.81,9.04,8.68,8.96,4949046,88921336.00
20130916,8.99,9.32,8.98,9.15,6152625,113724184.00
20130917,9.19,9.26,9.02,9.04,4638750,85589592.00
20130918,9.04,9.53,9.04,9.51,9439497,178480480.00
20130923,9.66,9.86,9.47,9.77,10786691,211029824.00
20130924,10.17,10.76,9.92,10.76,21340613,457725248.00
20131212,10.22,11.84,10.21,11.83,33680500,771305344.00
20131213,11.66,11.86,11.32,11.32,19670263,459300032.00
20131216,11.12,12.32,11.10,11.77,18921045,451275008.00
20131217,11.57,12.02,11.36,11.60,9455123,221203584.00
20131218,11.64,11.71,11.07,11.36,7643912,174630992.00
20131219,11.39,12.07,11.29,11.67,10023481,237880080.00
20131220,11.65,12.26,11.57,11.64,11396933,273111520.00
20131223,11.46,11.97,11.39,11.97,8635161,202511392.00
20131224,11.99,13.18,11.82,12.73,19086880,489495008.00
20131225,12.69,13.19,12.47,12.92,14273242,369910272.00
20131226,12.96,13.80,12.77,13.13,16285315,439982112.00
20131227,12.94,13.52,12.82,12.97,11013254,289868928.00
20131230,13.01,13.29,12.48,12.52,10971158,280876768.00
20131231,12.47,12.66,12.16,12.37,6948944,173113664.00
20140102,12.30,12.84,12.27,12.72,7076821,179429056.00
20140103,12.67,12.69,12.18,12.37,8484032,211779584.00
20140106,12.27,12.31,11.82,11.87,5674333,137606256.00
20140107,11.82,12.23,11.69,12.00,4704854,113455568.00
20140108,11.95,12.55,11.95,12.49,7033872,175353408.00
20140109,12.49,12.64,11.82,11.85,7047900,175173008.00
20140110,11.74,12.14,11.67,11.91,4532957,108607760.00
20140113,11.92,11.92,11.39,11.67,5343531,125139384.00
20140114,11.66,12.27,11.61,12.27,5081520,122816632.00
20140115,12.32,12.72,12.22,12.40,5352580,134209232.00
20140116,12.41,12.66,11.92,12.00,5911023,145446496.00
20140117,12.00,12.56,11.83,12.15,6447464,158819520.00
20140120,11.55,12.30,11.54,11.86,6538416,156159856.00
20140121,11.82,12.27,11.77,12.20,3750274,91114864.00
20140122,12.02,12.82,12.02,12.75,8934271,226736880.00
20140123,12.71,13.14,12.57,12.84,8586666,221516720.00
20140124,12.77,13.11,12.73,12.94,5856541,152356608.00
20140127,13.07,13.78,13.07,13.31,10185056,275513888.00
20140128,13.26,13.48,12.76,13.02,5299656,139327360.00
20140129,13.17,13.43,12.96,13.29,4142593,110287344.00
20140130,13.22,13.81,13.07,13.72,5716756,154308528.00
20140207,13.83,15.04,13.73,14.82,10939468,319507808.00
20140210,14.83,15.21,14.52,15.08,10736154,322314368.00
20140211,14.91,15.26,14.41,14.57,8330373,247818368.00
20140212,14.56,15.07,14.47,14.97,6554521,194955120.00
20140213,14.92,15.22,13.92,14.12,7300231,214555792.00
20140214,14.12,14.34,13.67,14.13,5630776,159257248.00
20140217,14.22,15.01,14.11,14.97,6375291,187317152.00
20140218,14.98,15.98,14.70,15.65,9659943,300316640.00
20140219,15.61,17.23,15.42,17.23,17052522,567016512.00
20140220,17.92,17.92,16.72,17.07,13021042,453957024.00
20140221,16.91,17.05,16.32,16.84,10016643,335349952.00
20140224,16.77,17.64,16.67,17.62,10345963,358774624.00
20140225,17.48,17.86,15.85,15.85,14049134,467602240.00
20140226,15.17,15.24,14.29,15.11,12932055,384746144.00
20140227,14.92,15.56,13.71,13.92,10078216,296581888.00
20140228,14.54,14.87,13.80,14.12,7454988,214533408.00
20140303,13.93,14.65,13.89,14.41,6354901,183199904.00
20140304,14.37,14.37,13.37,13.51,10632194,294980800.00
20140305,13.56,14.08,13.22,14.06,11309641,309296832.00
20140306,13.92,14.03,13.57,13.89,6462079,179766112.00
20140307,13.89,14.26,13.46,13.62,7115183,197962256.00
20140310,13.59,13.59,12.32,12.44,10174019,260691728.00
20140311,12.38,12.86,12.27,12.71,4590188,116402968.00
20140312,12.53,12.97,12.42,12.71,4428416,113574888.00
20140313,12.77,13.19,12.77,12.98,4326015,113079504.00
20140314,12.85,13.46,12.83,13.39,5639504,150006640.00
20140317,13.32,13.69,13.22,13.64,4822333,131071816.00
20140318,13.57,13.68,13.25,13.37,7942733,214329520.00
20140319,13.27,13.29,12.43,12.70,6950855,179645632.00
20140320,12.70,12.79,12.20,12.20,5325248,133885128.00
20140321,11.92,12.52,11.82,12.24,5984897,145888976.00
20140324,12.17,12.59,12.12,12.37,3099214,77476544.00
20140325,12.48,12.81,12.27,12.64,4987859,126923168.00
20140326,12.53,12.90,12.27,12.27,4353945,110013248.00
20140327,12.09,12.14,11.56,11.56,7393159,175867488.00
20140328,11.62,11.79,11.09,11.64,6645543,153868560.00
20140331,11.64,11.81,11.29,11.61,5485520,127484512.00
20140401,11.64,11.72,11.32,11.43,8267395,190212960.00
20140402,11.42,11.48,11.10,11.23,5148861,117113360.00
20140403,11.23,11.80,11.18,11.48,5982907,139306864.00
20140404,11.49,12.06,11.35,11.92,7281229,173747984.00
20140408,11.76,12.11,11.76,11.97,4780072,115052360.00
20140409,11.87,12.32,11.76,12.22,6183926,150733584.00
20140410,12.28,12.38,11.96,11.99,5831005,143076304.00
20140411,11.98,12.02,11.77,11.89,3354412,80227000.00
20140414,11.83,12.54,11.82,12.40,5566507,137747808.00
20140415,12.42,12.76,12.27,12.31,4352650,109868960.00
20140416,12.29,12.52,12.08,12.14,3232459,79627992.00
20140417,12.25,12.63,12.13,12.37,3327317,83185024.00
20140418,12.26,12.81,12.26,12.67,4390720,111709648.00
20140421,12.58,12.86,12.13,12.16,3619338,91161904.00
20140422,12.13,12.43,11.67,11.94,4759047,114688288.00
20140423,11.92,12.11,11.86,12.02,2049488,49431460.00
20140424,11.93,12.50,11.93,12.35,3367741,83033736.00
20140425,12.42,12.59,11.92,12.04,3254350,80654512.00
20140428,11.90,11.90,10.83,10.83,8706437,194706528.00
20140429,10.72,11.00,10.64,10.97,3474425,76078032.00
20140430,10.95,11.16,10.84,10.88,2355579,52020348.00
20140505,10.88,11.14,10.87,10.99,2367972,52450032.00
20140506,11.07,11.60,11.06,11.48,3853406,88469344.00
20140507,11.52,11.58,11.32,11.37,2202576,50724204.00
20140508,11.27,11.67,11.27,11.37,3579300,82913480.00
20140509,11.42,11.69,11.31,11.38,2794084,64566428.00
20140512,11.51,11.81,11.27,11.70,4764447,111074368.00
20140513,11.70,11.87,11.60,11.86,4064661,96353592.00
20140514,11.82,11.91,11.63,11.75,2265374,53550936.00
20140515,11.67,11.84,11.32,11.32,2883161,67027328.00
20140516,11.18,11.36,11.10,11.29,2407162,54380956.00
20140519,11.32,11.86,11.09,11.64,4533923,104618016.00
20140520,11.73,12.27,11.67,11.96,5401370,130282288.00
20140521,11.98,12.47,11.81,12.38,5777910,141781648.00
20140522,12.34,12.75,12.19,12.21,7078719,178500272.00
20140523,12.26,12.75,12.25,12.66,6904063,173662016.00
20140526,12.66,12.75,12.42,12.60,5636431,142693776.00
20140527,12.59,12.82,12.28,12.28,5999805,150989648.00
20140528,12.26,13.51,12.24,13.51,36347040,963787776.00
20140529,13.38,14.06,13.28,13.91,24372357,668209792.00
20140530,13.72,14.27,13.52,13.72,18505551,516670880.00
20140603,13.87,14.13,13.40,13.41,12828899,353247648.00
20140604,13.52,13.67,13.17,13.57,9851111,266265184.00
20140605,13.57,13.79,13.28,13.68,7599783,206914464.00
20140606,13.68,13.87,13.32,13.52,8609200,234966992.00
20140609,13.58,13.72,13.00,13.53,9637224,260695040.00
20140610,13.47,14.02,13.38,13.80,10026290,276568928.00
20140611,13.67,14.01,13.63,13.80,6637740,184107712.00
20140612,13.72,13.95,13.47,13.71,7749964,214589568.00
20140613,13.68,14.79,13.62,14.36,18735980,532628064.00
20140616,14.36,14.52,14.19,14.24,7762106,223307632.00
20140617,14.24,14.47,13.77,13.77,8064409,228557136.00
20140618,13.63,13.95,13.44,13.44,6893021,189749808.00
20140619,13.49,13.57,12.43,12.69,6627100,174997424.00
20140620,12.62,12.99,12.53,12.87,5598179,143875680.00
20140623,12.90,13.37,12.87,13.12,6009277,158925040.00
20140624,13.12,13.46,13.07,13.31,6019047,161262672.00
20140625,13.67,14.15,13.31,13.36,10228022,280293344.00
20140626,13.50,14.02,13.40,13.92,12853400,356957664.00
20140627,14.17,14.17,13.68,13.76,9901091,275674240.00
20140630,13.76,13.89,13.45,13.69,7119810,195282464.00
20140701,13.70,13.77,13.47,13.51,7775181,212053904.00
20140702,13.51,13.62,13.12,13.23,11415725,307049216.00
20140703,13.19,13.67,13.02,13.59,12184659,329988800.00
20140704,13.52,13.77,13.43,13.71,16191651,444258656.00
20140707,13.42,13.55,12.79,12.85,16923463,445248128.00
20140708,12.90,13.09,12.80,13.09,9026299,235239808.00
20140709,13.00,13.05,12.27,12.34,13890749,354245600.00
20140710,12.33,12.49,12.11,12.15,7902079,195406784.00
20140711,12.21,12.47,12.17,12.34,5475580,136006528.00
20140714,12.25,12.55,12.25,12.38,5985807,149023776.00
20140715,12.39,12.50,11.90,12.09,7557986,183664448.00
20140716,12.07,12.12,11.68,11.77,6454751,153640048.00
20140717,11.70,11.96,11.68,11.86,3517050,83909624.00
20140718,11.80,11.97,11.57,11.64,6328543,149503440.00
20140721,11.62,11.62,11.29,11.45,5348498,122971728.00
20140722,11.44,11.75,11.44,11.71,4946229,115705984.00
20140723,11.70,11.81,11.42,11.52,6491914,152457328.00
20140724,11.57,11.61,11.27,11.56,4407764,101959408.00
20140725,11.63,11.87,11.54,11.86,5428395,128045248.00
20140728,11.94,12.09,11.79,12.05,5431424,130698872.00
20140729,12.07,12.17,11.97,12.00,6227637,151299472.00
20140730,12.00,12.15,11.95,12.09,4115506,99863016.00
20140731,12.04,12.17,12.04,12.09,4149734,100928040.00
20140801,12.05,12.06,11.82,11.82,5040111,121092376.00
20140804,11.86,11.96,11.77,11.93,3718935,89028792.00
20140805,11.92,12.30,11.83,12.26,7196521,175959408.00
20140806,12.24,12.29,12.13,12.25,4961600,122011552.00
20140807,12.26,12.40,12.17,12.27,6119830,151618048.00
20140808,12.31,12.39,12.20,12.38,5962447,147804256.00
20140811,12.38,12.56,12.33,12.44,5979227,149743552.00
20140812,12.44,12.60,12.42,12.59,6805790,171882992.00
20140813,12.57,12.64,12.24,12.41,7320140,183094640.00
20140814,12.35,12.47,12.24,12.25,5696050,141843456.00
20140815,12.25,12.61,12.24,12.51,6342105,158650944.00
20140818,12.56,12.89,12.56,12.82,9068065,232314208.00
20140819,12.87,13.57,12.86,13.22,15365568,409353632.00
20140820,13.16,13.22,12.93,13.15,9971238,262091168.00
20140821,13.19,14.13,13.19,13.82,18979763,524170528.00
20140822,13.85,14.11,13.65,13.88,12721601,354724032.00
20140825,13.90,13.97,13.62,13.69,8768074,243277024.00
20140826,13.68,13.92,13.12,13.81,14017291,380790944.00
20140827,14.47,15.07,14.17,14.37,28736588,844328576.00
20140828,14.30,14.56,13.96,14.30,15267195,438990304.00
20140829,14.29,14.61,14.24,14.36,9899640,287151776.00
20140901,14.36,14.51,14.15,14.49,9953711,287337280.00
20140902,14.62,15.05,14.59,14.61,16161235,479813344.00
20140903,14.68,14.72,14.22,14.33,13694942,396734272.00
20140904,14.32,14.87,14.20,14.74,13512029,397975008.00
20140905,14.73,15.02,14.60,14.72,10088813,299701024.00
20140909,14.79,15.07,14.50,14.90,10801684,323072064.00
20140910,14.82,15.50,14.70,15.47,16716676,509898048.00
20140911,15.50,15.66,15.03,15.24,12603627,386431456.00
20140912,15.28,15.40,15.07,15.30,8104094,248831648.00
20140915,15.10,15.29,14.90,15.07,11878294,359232864.00
20140916,15.07,15.07,14.02,14.12,14576189,426153472.00
20140917,14.17,14.36,14.01,14.19,8331114,238099440.00
20140918,14.20,14.36,14.15,14.23,6016173,172713696.00
20140919,14.22,14.35,14.08,14.35,6615262,189435520.00
20140922,14.32,14.35,13.91,13.91,6594545,186812592.00
20140923,13.90,14.26,13.82,14.24,6778742,191022176.00
20140924,14.55,14.94,14.48,14.58,10482243,309540256.00
20140925,14.61,14.89,14.52,14.61,8169561,241881136.00
20140926,14.61,14.88,14.49,14.65,6858698,202913760.00
20140929,14.64,15.02,14.64,14.90,8357553,250282112.00
20140930,14.91,15.01,14.70,14.77,8681988,258772624.00
20141008,14.87,14.90,14.52,14.90,8394579,248902976.00
20141009,14.90,15.23,14.84,15.12,11151584,337308384.00
20141010,15.07,15.07,14.70,14.77,7435819,222345040.00
20141013,14.62,14.62,14.08,14.17,10158441,290687488.00
20141014,14.10,14.26,13.87,14.01,9707289,274496544.00
20141015,14.01,14.22,13.99,14.15,6147627,174333760.00
20141016,14.10,14.14,13.61,13.67,8351499,233584544.00
20141017,13.67,13.80,13.26,13.57,9030458,245063792.00
20141020,13.60,13.85,13.49,13.73,6512754,179051488.00
20141021,13.85,14.10,13.78,13.78,8245932,231876016.00
20141022,13.90,14.09,13.76,13.92,5273928,147599552.00
20141023,13.84,13.92,13.46,13.47,5882334,161828880.00
20141024,13.46,13.67,13.17,13.17,4963230,134044552.00
20141027,13.10,13.37,12.68,13.37,5862009,153682208.00
20141028,13.32,13.70,13.27,13.70,5849507,159405328.00
20141029,13.81,14.00,13.67,13.76,7098693,197496976.00
20141030,13.80,13.98,13.65,13.81,5692669,158350752.00
20141031,13.87,13.90,13.51,13.78,5898494,162736608.00
20141103,13.85,14.24,13.84,14.21,8874052,250391776.00
20141104,14.28,14.51,14.07,14.21,8485912,244234640.00
20141105,14.15,14.25,13.91,13.97,4861027,137312688.00
20141106,14.15,14.24,13.95,14.16,4974646,141113488.00
20141107,14.17,14.38,13.42,13.92,7182762,204145904.00
20141110,14.02,14.10,13.72,13.98,5330939,149380368.00
20141111,13.98,14.02,13.32,13.50,7592195,207152416.00
20141112,13.36,13.57,13.25,13.55,4761785,128746104.00
20141113,13.52,13.52,13.05,13.25,6440366,171052320.00
20141114,13.29,13.40,13.18,13.39,3839651,102741200.00
20141117,13.36,13.68,13.18,13.56,6261060,170325248.00
20141118,13.56,13.64,13.42,13.50,3115018,84706008.00
20141119,13.55,14.07,13.47,13.92,9404472,261367616.00
20141120,13.93,14.12,13.80,14.06,6511383,182590192.00
20141121,14.06,14.27,13.92,14.01,7025196,198934880.00
20141124,14.13,14.26,13.86,14.08,8820947,248628912.00
20141125,14.08,14.58,14.05,14.45,11136778,323141920.00
20141126,14.37,14.65,14.25,14.39,8914370,258806656.00
20141127,14.41,14.57,14.13,14.39,7701444,222095408.00
20141128,14.37,14.89,14.30,14.62,13827998,407797728.00
20141201,14.62,14.86,14.26,14.26,9254608,269770656.00
20141202,14.30,14.60,14.23,14.38,7189141,208663600.00
20141203,14.41,15.21,14.07,15.07,18175003,534934048.00
20141204,15.15,15.65,15.08,15.20,17125035,529393088.00
20141205,15.20,15.38,13.92,14.62,13233255,390896160.00
20141208,14.69,15.32,14.30,14.79,13263749,397309152.00
20141209,14.79,15.30,14.21,14.23,15426571,459499808.00
20141210,14.27,14.80,14.02,14.68,11491299,335247296.00
20141211,14.66,16.16,14.46,16.16,22371798,688847040.00
20141212,16.09,16.20,15.66,16.05,16092523,516003968.00
20141215,15.92,16.57,15.82,16.15,12464206,407674368.00
20141216,16.22,16.40,15.85,16.15,10793492,349594848.00
20141217,15.72,16.02,15.37,15.42,13079213,410786176.00
20141218,15.32,15.66,15.12,15.25,9330708,287748160.00
20141219,15.22,15.32,14.50,14.77,12085412,361215264.00
20141222,14.53,14.65,13.28,13.29,16738576,458679840.00
20141223,13.09,13.52,12.95,13.15,8637929,229133712.00
20141224,13.28,13.77,13.27,13.54,8578941,233260944.00
20141225,13.57,13.92,13.31,13.85,7648629,208869472.00
20141226,13.86,14.05,13.68,13.68,5766810,160231392.00
20141229,13.65,13.65,13.18,13.27,9245163,248808592.00
20141230,13.27,13.47,12.98,13.02,5354364,141973440.00
20141231,13.06,13.30,13.02,13.26,5448714,144123440.00
20150105,13.71,13.95,13.36,13.79,8095738,222050752.00
20150106,13.72,14.27,13.42,14.13,8617412,241792448.00
20150107,14.12,14.25,13.65,13.78,7457976,208457280.00
20150108,13.80,13.96,13.63,13.90,6335682,176121552.00
20150109,13.90,14.05,13.64,13.64,6607774,184521680.00
20150112,13.42,13.97,13.30,13.82,4993709,137703408.00
20150113,13.82,14.37,13.70,14.27,9117935,259190000.00
20150114,14.49,15.06,14.38,14.62,11871415,350714624.00
20150115,14.45,14.85,14.40,14.73,6608392,194489392.00
20150116,14.70,15.17,14.55,14.92,9026727,271244032.00
20150119,14.51,15.22,14.18,14.37,11847982,351226848.00
20150120,14.47,15.37,14.47,15.31,14685960,443381472.00
20150121,15.27,15.57,15.08,15.23,10918182,335889344.00
20150122,15.19,15.82,15.10,15.69,10829911,337016960.00
20150123,15.59,15.59,15.01,15.15,9205762,282746880.00
20150126,15.01,15.50,15.01,15.22,7805640,239537744.00
20150127,15.17,16.02,15.16,15.78,14206281,443291136.00
20150128,15.70,16.02,15.37,15.42,8495504,266229920.00
20150129,15.25,15.56,15.16,15.17,6478424,199343968.00
20150130,15.16,15.30,14.77,14.81,6700500,201873536.00
20150202,14.77,15.18,14.70,15.15,5302266,160244656.00
20150203,15.15,15.70,15.11,15.53,10337628,322933280.00
20150204,15.60,15.75,15.32,15.32,7568924,236282144.00
20150205,15.42,16.03,15.31,15.58,14721568,465177568.00
20150206,15.60,15.67,14.82,14.95,9648691,293919808.00
20150209,14.84,15.10,14.59,14.71,6103208,182085776.00
20150210,14.72,15.14,14.65,15.12,5407734,161917472.00
20150211,15.14,15.51,15.14,15.34,8451805,260816016.00
20150212,15.56,16.80,15.56,15.99,19786053,644300608.00
20150213,16.08,16.45,15.98,16.25,14820957,482208192.00
20150216,16.52,16.72,16.01,16.50,14894160,492616064.00
20150217,16.47,16.60,16.13,16.39,9969014,326794176.00
20150225,16.68,18.04,16.67,17.30,22500502,793019840.00
20150226,17.31,17.63,16.69,17.15,15443671,532440640.00
20150304,17.47,18.87,16.87,18.87,21290738,790627968.00
20150305,19.42,20.32,18.97,19.27,29524084,1157364224.00
20150306,18.98,19.37,18.11,18.14,18582078,695592704.00
20150309,17.92,18.71,17.77,18.19,12288994,452860352.00
20150310,18.19,19.66,18.12,19.42,15499782,589395648.00
20150311,19.22,19.47,18.91,19.12,10535049,404131936.00
20150312,19.17,19.17,18.19,18.52,10155298,379709536.00
20150313,18.63,19.14,18.47,19.03,10463702,397756672.00
20150316,19.23,20.15,19.23,19.59,15111127,597436736.00
20150317,19.64,19.81,19.11,19.23,14020113,544843648.00
20150318,19.30,19.45,18.92,19.33,11718601,451304032.00
20150319,19.38,20.67,19.17,19.91,18411033,735226432.00
20150320,19.92,20.52,19.44,19.73,15651248,627400768.00
20150323,19.76,20.66,19.44,20.42,16967489,682356672.00
20150324,20.31,20.77,19.11,20.12,21157753,849172672.00
20150325,20.10,20.58,19.56,20.42,18611141,752402688.00
20150326,20.41,20.41,19.17,19.20,16303514,643192832.00
20150327,19.20,19.92,19.19,19.57,9371196,366832192.00
20150330,19.32,19.80,19.08,19.25,10461139,406848512.00
20150331,19.36,20.00,19.16,19.80,10812779,427449888.00
20150401,19.87,20.67,19.67,20.41,15367708,623603392.00
20150402,20.48,22.46,20.47,22.46,24512091,1066787968.00
20150403,22.46,23.83,22.32,22.98,19447782,900277376.00
20150407,23.31,23.42,22.53,23.35,12840141,592429888.00
20150408,23.37,24.29,21.92,23.10,18188662,835435264.00
20150409,22.92,22.92,20.81,21.82,22340947,977370816.00
20150410,21.82,22.51,21.54,21.80,13873957,611902080.00
20150413,21.82,22.72,21.44,22.44,14377277,640471168.00
20150414,22.42,24.14,22.17,23.15,18352822,864162496.00
20150415,23.16,23.65,21.35,21.37,15264409,681311296.00
20150416,21.42,22.02,20.72,21.18,10959836,470819104.00
20150417,21.36,21.93,21.01,21.20,13232880,567504384.00
20150420,20.97,21.17,19.92,20.50,12690355,525408032.00
20150421,20.42,22.52,20.35,22.38,15136775,647810112.00
20150422,22.86,23.32,22.18,22.44,15695317,715652480.00
20150423,22.36,23.27,22.22,22.51,12555399,571974336.00
20150424,22.22,24.77,22.01,24.33,24428465,1145346304.00
20150427,24.61,26.40,24.48,24.50,22735852,1148808576.00
20150428,24.56,25.51,23.60,25.42,18499889,911117376.00
20150429,25.42,27.97,25.17,27.97,21625889,1162352000.00
20150430,28.73,29.36,28.03,28.27,19925295,1145519872.00
20150504,28.40,29.21,27.10,28.50,12473324,712146816.00
20150505,28.50,28.67,26.43,26.57,10583085,583717504.00
20150506,26.92,29.05,26.26,28.02,16940190,951326720.00
20150507,27.17,28.05,26.67,26.69,9319157,508917824.00
20150508,26.92,29.36,26.79,29.36,14255710,810054976.00
20150511,29.92,31.36,29.35,30.57,16972733,1030804928.00
20150512,30.59,30.92,28.94,30.14,16218214,969785152.00
20150513,29.42,30.42,28.57,29.52,11327427,672778944.00
20150514,29.52,31.01,29.37,29.37,11572248,699924544.00
20150515,28.92,29.07,27.93,28.38,9866805,565148096.00
20150518,28.81,31.22,28.81,31.22,14293175,870919232.00
20150519,31.32,34.26,30.72,33.37,17311633,1124453248.00
20150520,34.42,36.54,33.68,35.92,17414947,1240348032.00
20150521,36.00,38.36,34.98,37.47,14683313,1089214848.00
20150522,37.72,38.95,35.02,35.81,15609143,1144968960.00
20150525,34.57,35.41,33.25,34.92,15765493,1083592960.00
20150526,35.05,36.52,35.00,35.87,12654092,908911232.00
20150527,35.87,36.32,34.17,35.17,11012872,772631104.00
20150528,35.39,35.87,33.27,33.42,14595182,1011188288.00
20150529,33.92,35.69,32.42,35.17,13766952,951080768.00
20150601,35.32,36.90,35.32,36.52,11434214,833551744.00
20150602,36.86,37.15,35.82,36.99,12082955,883399104.00
20150603,37.39,38.82,34.92,36.84,11487519,857655104.00
20150604,36.42,36.44,33.15,34.62,16493609,1132980992.00
20150605,34.62,35.22,32.42,33.82,14514995,983300096.00
20150608,33.10,33.15,30.92,31.42,12835082,819693952.00
20150609,31.67,32.42,31.16,31.81,9032927,575401600.00
20150610,31.90,33.67,31.72,32.90,10238807,667522176.00
20150611,33.04,33.66,32.38,32.92,8416233,557245952.00
20150612,33.05,33.53,32.67,32.97,8713986,578402176.00
20150615,32.98,33.17,30.27,30.28,13049507,819703616.00
20150616,29.45,29.45,27.71,28.23,11711775,670880640.00
20150617,28.50,29.44,27.12,29.24,15471415,878297792.00
20150618,29.62,29.62,26.31,26.31,14057894,786022656.00
20150619,25.92,26.17,24.92,25.31,14313481,730384576.00
20150623,25.43,25.93,23.33,25.50,11937026,595225856.00
20150624,25.76,26.23,25.11,25.85,11812450,610038272.00
20150625,26.16,27.03,24.44,24.93,12765018,669370368.00
20150626,23.93,24.18,22.43,22.43,10953713,507587200.00
20150629,23.26,23.28,20.18,20.18,16740896,706866688.00
20150630,19.28,21.43,18.16,21.20,17898449,705913856.00
20150701,20.69,21.71,19.08,19.08,18034514,753513280.00
20150702,18.43,19.62,17.16,17.16,19049927,684298304.00
20150703,16.19,17.85,15.44,15.44,25290935,812087616.00
20150706,16.99,16.99,13.93,14.76,27054464,849271168.00
20150707,14.18,14.18,13.28,13.28,14440044,391640736.00
20150714,14.61,14.61,14.61,14.61,267053,7840676.00
20150715,16.08,16.08,15.59,16.08,43635510,1403431424.00
20150716,15.32,17.44,14.78,17.21,39474926,1306078080.00
20150717,17.48,18.94,17.26,18.94,33246615,1232377600.00
20150720,19.73,20.36,18.43,20.06,44116624,1739629056.00
20150721,19.33,20.43,19.10,19.80,28148258,1122569728.00
20150722,19.73,20.98,19.33,20.74,26887017,1088336384.00
20150723,20.54,21.49,20.23,21.10,25486869,1064371392.00
20150724,21.36,22.23,20.05,20.40,28229211,1211308416.00
20150727,19.58,21.02,18.35,18.35,27876025,1104873856.00
20150728,17.06,19.19,16.52,17.42,29587559,1036296832.00
20150729,17.93,19.17,16.78,19.17,28228218,1010712704.00
20150730,19.03,20.17,18.43,18.54,28739817,1123021952.00
20150731,17.97,19.37,17.97,18.62,20146896,755625408.00
20150803,17.93,18.02,16.75,16.75,22716953,779492032.00
20150804,16.98,18.43,16.56,18.43,24549427,867637952.00
20150805,18.43,19.38,17.95,18.85,27765757,1038524352.00
20150806,18.33,19.83,17.98,19.67,24906114,959094720.00
20150807,19.43,20.62,19.24,20.31,32356447,1298548224.00
20150810,20.62,21.37,19.94,20.90,29305415,1215362048.00
20150811,20.63,21.35,20.45,20.58,24892202,1041863744.00
20150812,20.29,20.73,19.57,19.62,22065079,889435072.00
20150813,19.58,20.69,19.41,20.67,19644708,789193600.00
20150814,20.94,21.08,19.93,20.16,19532079,804421440.00
20150817,19.88,20.13,19.44,19.96,14590245,579790016.00
20150818,19.97,20.58,17.96,17.96,21863281,854597120.00
20150819,17.06,18.53,16.18,18.38,21112705,740532032.00
20150820,18.34,18.99,17.64,17.74,17349881,636852800.00
20150821,16.99,17.56,16.17,16.20,17578412,596571968.00
20150824,14.74,15.43,14.57,14.57,15917217,469521376.00
20150825,13.11,13.69,13.11,13.11,14884698,395465696.00
20150826,13.18,13.70,11.79,11.80,28293417,717054592.00
20150827,12.33,12.69,11.47,12.69,19978588,488725312.00
20150828,12.98,13.82,12.60,13.69,24451121,642561920.00
20150831,13.69,13.73,12.94,12.98,18140911,484216640.00
20150901,12.78,12.78,11.68,11.68,19183584,460836736.00
20150902,10.61,12.28,10.61,10.85,20546241,468470368.00
20150907,11.38,11.94,11.25,11.72,22907486,542873088.00
20150908,11.43,12.87,11.29,12.76,22096408,528919712.00
20150909,12.83,13.72,12.73,13.45,29662711,791834944.00
20150910,13.11,13.43,12.81,12.82,17453236,460822816.00
20150911,12.90,13.37,12.90,13.28,17056431,450971456.00
20150914,13.43,13.53,11.94,11.94,18503823,466224256.00
20150915,11.31,11.88,10.86,10.92,17941769,406786208.00
20150916,11.18,12.02,11.03,12.02,17877744,413558208.00
20150917,12.27,13.05,12.06,12.13,25491566,643353344.00
20150918,12.43,12.91,12.15,12.73,18465503,464068192.00
20150921,12.45,13.78,12.33,13.68,23803922,631997824.00
20150922,13.80,13.87,13.23,13.39,25111149,682990656.00
20150923,13.04,13.92,12.97,13.55,26404796,715002368.00
20150924,13.68,13.98,13.28,13.55,23599271,648337920.00
20150925,13.39,13.53,12.39,12.58,20789159,539388352.00
20150928,12.63,13.67,12.51,13.61,19247774,506626176.00
20150929,13.31,13.56,12.88,13.16,17018966,453110336.00
20150930,13.30,13.36,12.66,12.93,17484505,454768128.00
20151008,13.58,14.11,13.29,13.89,25006483,691161984.00
20151009,13.84,14.78,13.69,14.61,29133156,832863040.00
20151012,15.06,15.66,14.82,15.43,29520506,906460224.00
20151013,16.21,16.43,15.88,16.03,36303379,1174611840.00
20151014,15.88,16.01,15.51,15.64,24077774,761163840.00
20151015,15.69,17.21,15.68,17.21,32664202,1086234880.00
20151016,17.77,17.86,16.77,17.30,35733053,1247343104.00
20151019,17.32,17.73,16.85,17.62,27859536,960303552.00
20151020,17.43,18.40,17.33,17.95,29906508,1074519808.00
20151021,17.82,17.85,16.15,16.15,34276398,1169030400.00
20151022,16.15,17.17,15.93,17.08,27491428,915727040.00
20151023,17.12,18.18,17.12,17.89,31389340,1117602944.00
20151026,18.14,18.18,17.19,17.43,26016733,918172096.00
20151027,17.33,17.76,15.99,17.44,24361915,828211648.00
20151028,17.26,17.83,16.48,16.58,24234887,843046592.00
20151029,16.88,17.32,16.43,16.95,19750073,670230144.00
20151030,16.71,17.86,16.33,17.31,26110390,901911936.00
20151102,16.73,18.11,16.48,17.12,27013898,948282368.00
20151103,17.16,18.56,17.16,18.18,36125246,1297107456.00
20151104,18.28,19.68,18.04,19.52,36114495,1375772032.00
20151105,19.82,19.82,18.83,19.30,32935681,1275094016.00
20151106,20.17,20.84,19.43,19.68,32012591,1291412608.00
20151109,19.34,20.18,19.03,19.89,26681928,1056027712.00
20151110,19.76,20.18,18.98,19.43,29236029,1153114496.00
20151111,19.26,20.15,19.26,20.00,23884549,947965696.00
20151112,20.01,20.23,19.34,19.97,24480884,969807040.00
20151113,19.58,21.28,19.48,20.74,36278227,1488740608.00
20151116,20.18,21.23,19.79,21.18,29043626,1190267264.00
20151117,21.43,21.66,19.98,20.05,29656923,1241906688.00
20151118,20.08,20.23,19.09,19.18,20099552,791813696.00
20151119,19.11,19.87,19.08,19.76,19686435,770789760.00
20151120,19.80,20.40,19.47,20.02,20377056,814269312.00
20151123,20.01,20.53,19.44,19.48,20165160,813825728.00
20151124,19.51,21.16,19.51,21.01,26518430,1085208960.00
20151125,20.88,22.23,20.63,21.87,33376030,1423599488.00
20151126,21.99,22.21,21.18,21.24,27650185,1200314112.00
20151127,21.09,21.61,19.12,19.53,26268520,1082044416.00
20151130,19.43,20.10,18.06,19.82,22399965,870811776.00
20151201,19.73,20.70,19.44,20.37,21919458,886925760.00
20151202,20.38,20.53,18.43,19.68,20146447,793817856.00
20151203,19.73,21.16,19.73,21.16,27146520,1117027584.00
20151204,21.10,21.17,20.48,20.88,23767475,993194496.00
20151207,21.02,21.58,20.73,21.42,22937833,975296896.00
20151208,21.16,21.16,20.21,20.44,20196567,837026944.00
20151209,20.43,20.59,19.88,20.05,14620349,592924800.00
20151210,20.07,21.42,19.92,20.84,25279445,1056416832.00
20151211,20.83,21.87,20.54,21.41,29544375,1261379840.00
20151214,20.91,22.29,20.49,22.26,23623569,1011113920.00
20151215,22.45,23.42,22.13,22.73,29380941,1344739584.00
20151216,22.91,23.18,22.48,22.72,20576205,941219520.00
20151217,23.11,23.61,22.78,23.03,21886264,1014507136.00
20151218,22.89,24.22,22.84,23.91,27665084,1306523904.00
20151221,23.60,23.88,22.99,23.38,18938865,887578880.00
20151222,23.50,23.71,23.23,23.48,13323434,627020800.00
20151223,23.44,23.57,22.08,22.13,23149200,1055032768.00
20151224,21.99,22.68,21.93,22.67,13451415,602112192.00
20151225,22.66,22.71,22.08,22.31,10930704,491405728.00
20151228,22.39,23.01,21.61,21.63,15788230,709004672.00
20151229,21.93,22.41,21.27,22.38,16576969,726442368.00
20151230,22.43,23.33,22.24,23.11,20248091,931135424.00
20151231,22.96,23.24,22.19,22.52,15014688,684432448.00
20160104,22.89,24.13,20.51,20.98,26749330,1236417792.00
20160105,20.93,23.09,20.93,23.04,40447942,1823584896.00
20160106,22.93,23.64,21.68,23.52,40736697,1859663104.00
20160107,22.78,22.78,21.16,21.16,10654465,462229728.00
20160108,21.54,21.81,19.04,19.18,34160510,1369292672.00
20160111,18.18,18.37,17.26,17.26,21067075,743334656.00
20160112,16.58,17.16,15.60,16.24,23047461,755497344.00
20160113,16.55,16.91,14.61,14.61,21752999,695673472.00
20160114,13.99,16.02,13.99,15.60,23019236,697010752.00
20160115,15.34,15.77,14.42,14.64,19805025,600914688.00
20160118,14.28,15.86,14.05,15.55,20517185,626900864.00
20160119,15.38,16.36,15.28,16.24,20029399,637856512.00
20160120,16.07,16.41,15.63,16.03,19089326,615566720.00
20160121,15.79,16.77,15.43,15.43,23494127,767291392.00
20160122,15.78,16.11,14.93,16.08,19203934,605866688.00
20160125,16.34,16.92,16.01,16.87,17930066,588867648.00
20160126,16.30,16.56,15.17,15.17,23701777,760470592.00
20160127,15.42,16.43,14.24,16.14,23873928,729163840.00
20160128,15.73,16.02,14.62,14.88,16127637,501877632.00
20160129,14.99,16.33,14.66,16.11,23321690,734225152.00
20160201,15.92,16.07,15.19,15.85,18360659,579887872.00
20160202,15.93,16.82,15.85,16.54,23683394,783505152.00
20160203,16.23,16.80,15.94,16.64,18827567,616227072.00
20160204,16.67,17.10,16.58,16.80,20338722,687446144.00
20160205,16.83,17.06,16.44,16.48,13356527,449044512.00
20160215,15.93,16.98,15.88,16.80,12982955,427730336.00
20160216,17.06,18.18,17.06,18.06,24404331,873919168.00
20160217,17.82,18.18,17.65,18.06,19098131,687237632.00
20160218,18.25,18.66,17.73,17.78,20861109,762108096.00
20160219,17.98,18.53,17.73,18.25,20172544,736123840.00
20160222,18.51,18.83,18.28,18.48,21237510,792209920.00
20160223,18.43,18.46,17.69,18.21,17227961,625577984.00
20160224,18.13,18.38,17.30,18.03,17866355,640100800.00
20160225,17.93,17.93,16.22,16.22,21369279,724680704.00
20160226,16.41,16.48,15.01,15.61,19391807,617520384.00
20160229,15.48,15.58,14.04,14.04,18112326,522173504.00
20160301,14.12,15.45,13.93,15.43,20019706,588753920.00
20160302,15.43,16.23,15.22,16.12,24721171,786162432.00
20160303,15.92,16.61,15.77,15.81,22296944,720890944.00
20160304,15.73,16.08,14.68,14.76,20379567,628254464.00
20160307,15.18,15.82,15.04,15.43,15442005,478329952.00
20160308,15.44,15.83,14.60,15.68,19842744,612354112.00
20160309,15.31,15.78,14.97,15.41,13620463,421985472.00
20160310,15.63,15.83,15.08,15.13,14917640,464680160.00
20160311,14.88,15.08,14.57,14.86,12296930,366707520.00
20160314,15.26,16.01,15.17,15.75,19146912,603511936.00
20160315,15.69,15.89,15.46,15.52,13957950,439080704.00
20160316,15.87,15.95,15.03,15.24,14823862,461059072.00
20160317,15.32,16.32,15.23,16.17,25325057,807943232.00
20160318,16.18,17.41,16.17,17.11,30951197,1044539648.00
20160321,17.55,17.60,17.09,17.47,27928245,973724032.00
20160322,17.32,18.14,17.14,17.68,26054190,926011584.00
20160323,17.83,18.51,17.55,18.48,26471924,958629824.00
20160324,18.33,19.46,18.12,18.43,37178908,1403637248.00
20160325,18.33,18.80,17.73,18.78,25197072,923727616.00
20160328,19.01,19.38,18.38,18.41,24004514,909464448.00
20160329,18.38,18.67,17.75,18.14,19274680,702389824.00
20160330,18.43,19.96,18.43,19.96,31558508,1220136064.00
20160331,20.68,21.13,20.06,20.16,45688232,1876488832.00
20160401,20.08,20.08,18.48,18.98,67428533,1295216640.00
20160405,19.00,20.31,18.78,19.72,63234132,1249240064.00
20160406,19.43,20.36,19.28,19.80,59021904,1170936576.00
20160407,20.03,20.13,18.70,18.74,57274193,1102267520.00
20160408,18.50,18.62,17.90,18.26,38855385,708627072.00
20160411,18.58,19.02,18.53,18.78,33031399,623397568.00
20160412,18.66,18.78,17.92,18.32,29505077,540994112.00
20160413,18.50,19.33,18.48,18.77,43561593,824841408.00
20160414,18.96,19.21,18.68,19.03,29193918,553827712.00
20160415,19.05,19.13,18.59,18.75,25280953,475786432.00
20160418,18.46,18.46,18.01,18.26,22949336,418566944.00
20160419,18.45,18.86,18.10,18.73,25880695,478776576.00
20160420,19.18,19.32,16.98,17.41,49036976,881923712.00
20160421,17.19,17.59,16.78,16.84,30641752,527953024.00
20160422,16.76,17.39,16.60,17.28,24934348,428363840.00
20160425,17.08,17.56,16.56,17.44,26182759,445501888.00
20160426,17.37,17.53,16.95,17.48,24501747,424490912.00
20160427,17.34,17.47,16.88,16.98,24388178,419409472.00
20160428,16.89,17.37,16.68,17.28,22700907,387781792.00
20160429,17.23,17.36,16.93,16.97,17410172,298106720.00
20160503,16.98,17.86,16.91,17.85,29108115,511421920.00
20160504,17.72,18.36,17.61,17.84,32701997,588110976.00
20160505,17.88,18.24,17.78,18.10,22332424,402897984.00
20160506,18.18,18.28,16.88,16.91,33768783,593425664.00
20160509,16.68,16.83,15.97,16.13,26892328,441470400.00
20160510,16.27,16.34,16.06,16.21,14196345,230461968.00
20160511,16.44,16.49,15.99,15.99,15534552,252340432.00
20160512,15.65,16.00,15.24,15.89,18432579,288351744.00
20160513,15.78,16.13,15.59,15.71,13544873,214810336.00
20160516,15.84,16.12,15.72,16.10,14337703,229179920.00
20160517,16.11,16.68,15.98,16.45,23261393,379809472.00
20160518,16.12,16.18,15.36,15.62,22664021,356434176.00
20160519,15.65,16.24,15.64,15.80,21659371,346753984.00
20160520,15.59,16.08,15.48,16.08,17312439,275195808.00
20160523,16.17,16.40,16.06,16.25,19699319,320276192.00
20160524,16.16,16.23,15.79,15.97,17037306,273391200.00
20160525,16.23,16.63,15.99,16.31,25903362,422338816.00
20160526,16.19,16.58,15.60,16.50,27193870,438717856.00
20160527,16.43,16.50,16.13,16.18,18208482,297952960.00
20160530,15.90,16.70,15.79,16.27,22363538,364848096.00
20160531,16.33,17.48,16.30,17.48,44961974,764302464.00
20160601,17.38,17.67,17.30,17.42,39492477,691721664.00
20160602,17.37,18.26,17.30,18.13,41161434,731956160.00
20160603,18.07,18.58,17.98,18.09,48070383,881568384.00
20160606,18.18,18.44,17.89,18.18,28677150,520843776.00
20160607,18.24,18.26,17.80,18.01,19466276,350101056.00
20160608,18.00,18.04,17.58,17.87,21420609,382380192.00
20160613,17.48,17.81,16.59,16.62,26381363,456857952.00
20160614,16.49,16.94,16.43,16.73,15324313,255525616.00
20160615,16.38,17.52,16.33,17.39,29670273,511237952.00
20160616,17.33,17.40,17.01,17.11,21170772,363947584.00
20160617,17.23,17.98,17.08,17.75,37183146,655973056.00
20160620,17.75,18.08,17.22,17.86,28966901,514260224.00
20160621,18.23,18.47,17.18,17.26,32872535,586186304.00
20160622,17.27,18.99,17.18,18.88,56218167,1025103168.00
20160623,18.79,19.62,18.72,19.03,80872667,1544237568.00
20160624,18.78,19.77,17.89,19.18,74966447,1429450112.00
20160627,19.04,20.54,19.04,20.25,64905828,1288141184.00
20160628,19.99,20.31,19.70,19.96,52183492,1043351616.00
20160629,20.14,20.15,19.50,19.63,39160560,773702784.00
20160630,19.63,20.06,19.43,19.78,34367890,679045184.00
20160701,19.77,19.95,19.40,19.41,24171751,474529696.00
20160704,19.18,19.88,19.11,19.73,28507156,560089984.00
20160705,19.68,19.85,19.26,19.58,28793193,562386944.00
20160706,19.55,19.83,19.31,19.42,26337462,514762208.00
20160707,19.46,19.58,18.88,19.28,33197075,637243456.00
20160708,19.26,19.90,19.16,19.70,36217188,711103808.00
20160711,19.60,19.86,19.30,19.35,33068695,650644352.00
20160712,19.24,19.89,18.99,19.89,36163831,707193600.00
20160713,19.98,20.16,19.72,19.85,33544159,669242432.00
20160714,19.88,20.04,19.53,19.87,25867251,511900736.00
20160715,19.85,19.94,19.23,19.24,28771342,560702336.00
20160718,19.20,19.41,18.98,19.05,19118831,366917984.00
20160719,18.99,19.53,18.98,19.53,20716986,399878592.00
20160720,19.40,19.54,19.11,19.15,15820068,306448928.00
20160721,19.21,19.98,19.08,19.65,33186158,651641920.00
20160722,19.66,19.93,19.41,19.76,27871280,550009536.00
20160725,19.68,20.23,19.55,19.98,35381390,706109952.00
20160726,19.98,20.06,19.66,19.94,24005520,476620416.00
20160727,19.98,20.29,18.28,18.47,50225821,972061888.00
20160728,18.36,18.58,17.56,17.98,32967932,595913216.00
20160729,18.16,18.25,17.48,17.68,17822094,317829920.00
20160801,17.53,17.57,16.93,17.37,16585429,286338624.00
20160802,17.44,17.66,17.34,17.53,11418494,200085568.00
20160803,17.51,17.72,17.29,17.50,11595284,202619696.00
20160804,17.47,17.84,17.43,17.71,13577994,239982528.00
20160805,17.68,17.75,17.32,17.32,12877833,225681408.00
20160808,17.32,17.70,17.09,17.63,11106845,194167312.00
20160809,17.66,17.87,17.53,17.84,13896708,246842784.00
20160810,17.84,17.95,17.57,17.58,12950397,229714080.00
20160811,17.58,17.59,17.17,17.18,13460628,234067024.00
20160812,17.13,17.34,16.86,17.31,17059501,292557216.00
20160815,17.34,17.93,17.04,17.83,21511164,379299520.00
20160816,17.78,18.03,17.71,17.83,16208773,289761696.00
20160817,17.86,18.04,17.73,17.85,16515242,295325984.00
20160818,17.86,18.03,17.66,17.92,19026169,339901088.00
20160819,17.80,17.93,17.70,17.80,10086112,179774480.00
20160822,17.78,17.92,17.33,17.36,14232469,251263808.00
20160823,17.35,17.54,17.14,17.34,13069575,227022176.00
20160824,17.36,17.71,17.36,17.48,13980637,245241680.00
20160825,17.31,17.37,16.89,17.16,19842756,339082784.00
20160826,17.28,17.45,17.14,17.18,12959052,224634224.00
20160829,17.22,17.34,17.09,17.21,10047952,173009312.00
20160830,17.26,17.43,17.14,17.28,10565707,183069792.00
20160831,17.29,17.40,17.15,17.36,9297541,161003936.00
20160901,17.40,17.51,17.14,17.16,10726527,186414848.00
20160902,17.13,17.28,16.95,16.98,11074194,189263552.00
20160905,17.05,17.23,16.98,17.03,8114935,139014288.00
20160906,17.08,17.53,16.88,17.50,16617506,287310240.00
20160907,17.48,17.57,17.28,17.32,13192765,230217840.00
20160908,17.38,17.56,17.29,17.51,13270740,231691744.00
20160909,17.54,17.56,17.15,17.17,11681532,202807744.00
20160912,16.81,16.89,16.16,16.18,18449256,307366944.00
20160913,16.35,16.43,16.11,16.21,9807783,159514576.00
20160914,16.14,16.31,16.04,16.17,7467923,121021072.00
20160919,16.26,16.42,16.21,16.31,7367195,120218320.00
20160920,16.26,16.35,16.16,16.25,4576600,74440568.00
20160921,16.28,16.42,16.23,16.31,6606293,108020232.00
20160922,16.43,16.56,16.31,16.47,10514079,173091456.00
20160923,16.43,16.87,16.37,16.61,14345110,239519600.00
20160926,16.53,16.92,16.43,16.47,17370037,290720096.00
20160927,16.28,16.82,16.28,16.79,11988120,199047808.00
20160928,16.80,17.43,16.64,17.20,26568944,454491680.00
20160929,17.18,17.94,17.10,17.74,31975386,563223552.00
20160930,17.74,18.15,17.51,17.73,24498596,438188992.00
20161010,17.89,18.26,17.76,18.03,19628130,353375328.00
20161011,17.88,18.08,17.75,18.01,16426162,294155392.00
20161012,17.91,18.37,17.79,18.07,20600827,374847392.00
20161013,18.06,18.35,17.84,17.90,14522033,262656496.00
20161014,17.93,17.96,17.62,17.75,11907673,211238896.00
20161017,17.66,17.66,17.24,17.38,17494374,304880640.00
20161018,17.37,17.63,17.31,17.59,14310135,250488800.00
20161019,17.59,17.67,17.41,17.55,10968391,192691104.00
20161020,17.49,19.31,17.49,18.85,60269468,1124062464.00
20161021,18.84,19.27,18.40,19.25,42760245,807195840.00
20161024,19.33,19.96,19.00,19.81,52943104,1034608640.00
20161025,20.78,21.79,20.77,21.79,51517864,1094724224.00
20161026,23.35,23.88,22.19,22.46,156025466,3600226048.00
20161027,21.58,22.63,21.23,21.89,99281252,2169402624.00
20161028,21.48,21.66,20.22,20.51,81664679,1722738304.00
20161031,20.32,20.77,19.84,19.99,75327022,1520294528.00
20161101,20.10,21.46,19.99,21.00,97672992,2024114048.00
20161102,19.88,20.18,19.51,20.00,79019478,1574739712.00
20161103,19.88,20.66,19.64,20.33,78145056,1586330240.00
20161104,20.01,20.65,19.74,20.40,56088867,1138069888.00
20161107,20.38,20.38,19.50,19.59,48836575,965473728.00
20161108,19.83,20.22,19.59,19.92,38028366,757513920.00
20161109,19.78,20.00,19.19,19.57,38889777,763077440.00
20161110,19.88,20.07,19.67,19.80,32432361,644952128.00
20161111,19.78,19.91,19.31,19.70,37941931,741964928.00
20161114,19.80,20.46,19.80,20.18,48497819,980181504.00
20161115,20.89,21.58,20.72,20.79,81851388,1728371072.00
20161116,20.58,21.28,20.39,20.46,45415516,943901952.00
20161117,20.43,20.43,19.68,19.87,31839681,635197888.00
20161118,19.86,20.04,19.70,19.80,23015519,457638752.00
20161121,19.66,19.90,19.57,19.76,19857245,392386816.00
20161122,19.71,19.83,19.38,19.79,32584246,638410112.00
20161123,19.78,19.82,19.39,19.39,23996715,470413824.00
20161124,19.39,19.61,19.00,19.01,23738169,458072480.00
20161125,19.01,19.18,18.49,19.17,23469304,443110304.00
20161128,19.18,19.27,18.87,18.96,15807553,301754048.00
20161129,19.01,19.55,18.86,19.18,27189304,525503424.00
20161130,19.08,19.58,19.08,19.41,22002543,427314560.00
20161201,19.43,19.62,19.31,19.52,21882764,426834304.00
20161202,19.53,19.58,18.66,18.68,23664051,450020640.00
20161205,18.33,18.34,17.69,17.78,24028715,433242560.00
20161206,17.87,17.94,17.69,17.70,10994251,195866272.00
20161207,17.72,18.08,17.24,18.02,12579355,225295472.00
20161208,18.10,18.13,17.65,17.68,11205362,199763936.00
20161209,17.73,17.91,17.67,17.72,10538836,187650272.00
20161212,17.51,17.53,16.08,16.18,30749462,511052864.00
20161213,16.16,16.31,15.98,16.22,13157147,212896896.00
20161214,16.23,16.24,15.65,15.83,15440527,246529184.00
20161215,15.80,16.35,15.79,16.13,12655628,204405792.00
20161216,16.19,16.45,16.11,16.33,13013513,212589840.00
20161219,16.37,16.37,16.15,16.23,7306655,118772472.00
20161220,16.20,16.50,16.20,16.39,11018187,180608704.00
20161221,16.42,16.74,16.42,16.65,12978285,215805408.00
20161222,16.65,16.65,16.29,16.45,8784560,144307920.00
20161223,16.39,16.44,16.13,16.20,8545460,139194656.00
20161226,16.26,16.70,16.00,16.69,12966020,213067968.00
20161227,16.68,16.68,16.40,16.53,9109675,150968352.00
20161228,16.58,16.64,16.39,16.42,6492350,107177360.00
20161229,16.35,16.53,16.24,16.24,7954851,130588000.00
20161230,16.28,16.39,16.20,16.23,6352556,103505496.00
20170103,16.29,16.46,16.24,16.29,7938853,129888464.00
20170104,16.18,16.57,16.18,16.51,12237169,201160752.00
20170105,16.48,16.87,16.44,16.66,17622793,294450880.00
20170106,16.63,16.64,16.36,16.42,10128884,167116864.00
20170109,16.36,16.42,16.18,16.38,8125755,132769688.00
20170110,16.39,16.71,16.30,16.44,11499885,189983232.00
20170111,16.34,16.56,16.22,16.23,8697833,142383904.00
20170112,16.22,16.32,15.87,15.89,11258444,181795232.00
20170113,15.97,16.02,15.29,15.29,11811927,185208528.00
20170116,15.20,15.36,13.82,14.49,17889307,262935632.00
20170117,14.48,14.93,14.10,14.76,11315485,165009808.00
20170118,14.76,14.77,14.48,14.50,7127997,104310408.00
20170119,14.55,14.70,14.32,14.59,7011526,102178584.00
20170120,14.58,15.16,14.53,15.13,13451992,201891632.00
20170123,15.19,15.27,15.06,15.14,8859908,134415072.00
20170124,15.08,15.14,14.68,14.89,8184492,122212936.00
20170125,14.78,14.99,14.74,14.91,5121899,76478400.00
20170126,14.96,15.10,14.93,15.00,5522698,83114784.00
20170203,15.08,15.10,14.86,14.98,4603832,68980416.00
20170206,15.03,15.25,14.99,15.22,6528399,98965776.00
20170207,15.22,15.28,14.98,15.10,6453695,97765064.00
20170208,15.13,15.22,14.93,15.20,7034364,106289720.00
20170209,15.20,15.55,15.12,15.45,12528091,192473888.00
20170210,15.70,16.24,15.69,15.75,25431371,405181440.00
20170213,15.49,15.86,15.47,15.74,11157137,175003600.00
20170214,15.71,15.77,15.48,15.55,8475048,132266368.00
20170215,15.60,15.68,15.36,15.45,8647658,134380464.00
20170216,15.39,15.58,15.38,15.48,6594154,102166392.00
20170217,15.45,15.56,15.14,15.15,10256908,157355568.00
20170220,15.18,15.29,15.02,15.29,6974291,105877528.00
20170221,15.31,15.82,15.28,15.70,16103935,251683104.00
20170222,15.63,15.73,15.56,15.73,9879044,154809424.00
20170223,15.73,15.74,15.51,15.71,8916352,139303568.00
20170224,15.68,15.83,15.61,15.82,10706223,169032272.00
20170227,15.71,15.76,15.38,15.38,12678576,197410112.00
20170228,15.34,15.48,15.29,15.46,6597128,101602232.00
20170301,15.44,15.71,15.38,15.53,8949460,139573120.00
20170302,15.58,15.65,15.29,15.30,7859025,121455584.00
20170303,15.29,15.49,15.14,15.39,9563707,146532304.00
20170306,15.39,15.75,15.36,15.73,15206007,238300176.00
20170307,15.77,15.84,15.59,15.83,13234921,208720144.00
20170308,15.86,15.98,15.67,15.69,12856368,203727872.00
20170309,15.65,16.26,15.61,16.25,27740093,444858784.00
20170310,16.13,16.21,15.86,15.96,17974815,287938688.00
20170313,15.88,16.09,15.67,16.06,13820160,220199840.00
20170314,16.06,16.15,15.77,15.85,12755161,203448576.00
20170315,15.78,16.01,15.73,15.88,9777385,155490224.00
20170316,15.96,16.12,15.86,16.06,13457656,215367104.00
20170317,16.09,16.33,15.80,15.85,18828417,303800768.00
20170320,15.87,15.92,15.69,15.91,10628028,168142544.00
20170321,15.91,15.91,15.73,15.76,7374408,116731392.00
20170322,15.66,15.73,15.23,15.25,15719771,242667920.00
20170323,15.25,15.35,14.88,15.08,12429631,188524336.00
20170324,15.06,15.20,15.01,15.18,6891346,104290424.00
20170327,15.19,15.21,15.02,15.04,6992019,105735680.00
20170328,15.03,15.16,15.01,15.04,4985420,75224712.00
20170329,15.08,15.15,14.85,14.89,7612855,114372160.00
20170330,14.74,14.75,14.28,14.28,14107121,204911984.00
20170331,14.29,14.43,14.12,14.34,8598842,122961544.00
20170405,14.35,14.80,14.35,14.74,9864869,144427600.00
20170406,14.75,14.84,14.64,14.69,6095049,89877584.00
20170407,14.66,14.75,14.64,14.67,6012171,88456640.00
20170410,14.56,14.67,14.18,14.21,10456211,150318208.00
20170411,14.21,14.63,14.18,14.53,9539821,137231856.00
20170412,14.54,14.59,14.33,14.36,5977810,86405296.00
20170413,14.38,14.73,14.34,14.55,8033024,117233296.00
20170414,14.49,14.72,14.38,14.48,7547322,109837720.00
20170417,14.48,14.65,14.28,14.38,7500307,108884824.00
20170418,14.38,14.53,14.29,14.29,6418180,92643952.00
20170419,14.14,14.14,13.64,13.70,12922004,178437408.00
20170420,13.79,13.79,13.03,13.31,10816016,144882192.00
20170421,13.35,13.55,13.28,13.33,5990727,80377312.00
20170424,13.18,13.33,12.73,12.76,7950883,102991864.00
20170425,12.88,13.06,12.75,12.80,4747406,61283300.00
20170426,12.80,13.00,12.80,12.94,4876688,63168496.00
20170427,13.02,13.28,12.49,13.11,11431512,147871056.00
20170428,12.98,13.26,12.97,13.19,6383630,83982424.00
20170502,13.24,13.24,13.07,13.08,4794816,63154752.00
20170503,13.08,13.16,12.90,13.08,5869908,76515456.00
20170504,13.01,13.32,12.93,13.16,7707977,101919624.00
20170505,13.13,13.23,12.99,13.01,6377232,83851432.00
20170508,12.98,13.42,12.80,13.11,10520498,139069120.00
20170509,13.07,13.52,13.05,13.47,11115564,148843648.00
20170510,13.48,13.60,12.98,12.98,9024024,120822376.00
20170511,13.01,13.10,12.16,12.66,11526614,146296592.00
20170512,12.72,12.75,12.33,12.56,6831746,85550664.00
20170515,13.15,13.52,12.96,13.03,13333300,175880256.00
20170516,12.99,13.36,12.52,13.34,13164206,170538288.00
20170517,13.21,13.50,13.00,13.28,12432437,165411104.00
20170518,13.10,13.40,13.02,13.18,7300834,96336648.00
20170519,14.46,14.46,13.63,13.75,33016762,460754656.00
20170522,13.80,14.19,13.62,13.77,19150373,266445408.00
20170523,13.64,13.86,13.00,13.08,15575571,208206048.00
20170524,12.73,13.30,12.60,13.15,11276710,146691248.00
20170525,13.20,13.52,12.91,13.40,13209789,175083232.00
20170526,13.31,13.77,13.27,13.57,12859566,173899216.00
20170531,13.76,13.97,13.41,13.47,11144051,152768992.00
20170601,13.33,13.49,13.03,13.03,8814206,116728744.00
20170602,12.90,13.51,12.72,13.48,12180124,160473984.00
20170605,13.48,13.80,13.41,13.63,10933157,149116576.00
20170606,13.55,13.79,13.52,13.71,10089764,137908256.00
20170607,13.71,14.25,13.66,14.05,20227616,281641056.00
20170608,14.00,14.05,13.69,13.78,15985885,221331904.00
20170609,13.75,13.88,13.63,13.84,10129744,139283424.00
20170612,13.70,13.74,13.43,13.44,7935098,107860512.00
20170613,13.68,13.93,13.51,13.84,11041379,151979632.00
20170614,13.79,13.90,13.69,13.88,8141067,112477696.00
20170615,13.88,14.32,13.81,14.09,21673974,306660704.00
20170616,14.09,14.14,13.93,13.99,9441821,132381672.00
20170619,14.07,14.17,13.99,14.12,9298350,130888744.00
20170620,14.15,14.44,14.06,14.08,16976750,241907008.00
20170621,14.05,14.10,13.79,13.94,11045644,153766512.00
20170622,13.94,14.00,13.63,13.65,8794668,121880320.00
20170623,13.67,13.81,13.25,13.63,10100648,137000144.00
20170626,13.58,13.88,13.52,13.88,7813838,107490984.00
20170627,13.80,14.09,13.80,13.94,8786077,122675744.00
20170628,13.91,14.00,13.68,13.73,7252933,100017440.00
20170629,13.75,13.99,13.70,13.86,8040590,111428696.00
20170630,13.79,13.82,13.63,13.69,6369811,87348688.00
20170703,13.75,14.01,13.71,13.96,8603893,119629136.00
20170704,13.98,14.00,13.79,13.82,7200633,99875656.00
20170705,13.93,14.40,13.83,14.16,23231405,329977760.00
20170706,14.18,14.29,13.95,14.06,13755928,193934912.00
20170707,14.13,14.32,14.07,14.15,13131445,186174944.00
20170710,14.08,14.17,13.77,13.77,14948966,207811200.00
20170711,13.75,13.81,13.59,13.60,8881892,121562888.00
20170712,13.64,13.71,13.32,13.56,8954655,120604256.00
20170713,13.57,13.57,13.42,13.46,5655919,76318296.00
20170714,13.42,13.57,13.27,13.29,7823979,104804640.00
20170717,13.18,13.18,12.19,12.20,15400963,194474640.00
20170718,12.19,12.39,11.90,12.32,8854574,107778784.00
20170719,12.25,12.34,12.04,12.34,7224693,88325400.00
数据来源:通达信
