300165 天瑞仪器 日线 前复权
      日期	    开盘	    最高	    最低	    收盘	    成交量	    成交额
20110125,9.08,9.22,8.29,8.31,3681784,205076896.00
20110126,8.36,8.63,8.25,8.52,1586883,87589912.00
20110127,8.36,8.48,8.21,8.39,1086790,59125800.00
20110128,8.36,8.59,8.31,8.51,856679,47554244.00
20110131,8.52,8.71,8.51,8.64,649232,36492496.00
20110201,8.65,8.76,8.55,8.62,433352,24260566.00
20110209,8.47,8.63,8.47,8.54,381478,21287420.00
20110210,8.54,8.81,8.36,8.79,625265,35426152.00
20110211,8.79,8.89,8.72,8.79,583132,33346004.00
20110214,8.81,8.91,8.76,8.87,595099,34196244.00
20110215,8.88,8.92,8.80,8.80,484134,27923402.00
20110216,8.80,8.95,8.76,8.95,495446,28534954.00
20110217,9.03,9.03,8.87,8.95,373885,21750950.00
20110218,8.93,9.00,8.84,8.89,358300,20692882.00
20110221,8.85,9.02,8.85,9.01,328982,19167782.00
20110222,8.77,8.87,8.47,8.47,1108681,62587672.00
20110223,8.47,8.57,8.47,8.55,459669,25562138.00
20110224,8.55,8.57,8.48,8.55,399781,22198898.00
20110225,8.52,8.65,8.52,8.65,556875,31195248.00
20110228,8.64,8.69,8.58,8.63,304189,17056064.00
20110301,8.64,8.65,8.59,8.61,257639,14442915.00
20110302,8.55,8.69,8.52,8.61,255123,14320105.00
20110303,8.62,8.63,8.48,8.48,241610,13459673.00
20110304,8.49,8.57,8.49,8.56,116510,6468455.00
20110307,8.58,8.60,8.55,8.57,177340,9893524.00
20110308,8.57,8.60,8.56,8.59,188589,10545156.00
20110309,8.59,8.63,8.55,8.58,148184,8276787.50
20110310,8.58,8.62,8.56,8.60,259438,14512531.00
20110311,8.60,8.63,8.58,8.59,321703,18014292.00
20110314,8.60,8.72,8.59,8.72,365782,20637054.00
20110315,8.71,8.72,8.54,8.65,393200,22039544.00
20110316,8.65,8.68,8.58,8.67,225427,12666773.00
20110317,8.60,8.62,8.55,8.59,213890,11961774.00
20110318,8.63,9.23,8.59,8.77,436123,25068086.00
20110321,8.71,8.80,8.68,8.74,213151,12096047.00
20110322,8.73,8.76,8.61,8.64,144260,8124060.00
20110323,8.68,8.68,8.60,8.63,240930,13515355.00
20110324,8.66,8.66,8.58,8.60,163060,9139321.00
20110325,8.60,8.63,8.59,8.60,128460,7193281.00
20110328,8.61,8.63,8.53,8.54,303662,16931156.00
20110329,8.53,8.57,8.21,8.25,469212,25550724.00
20110330,8.22,8.40,8.22,8.26,205268,11060941.00
20110331,8.28,8.39,8.28,8.30,119568,6494595.00
20110401,8.29,8.43,8.27,8.43,168847,9225648.00
20110406,8.36,8.43,8.26,8.32,167658,9079202.00
20110407,8.28,8.31,8.17,8.27,241038,12936912.00
20110408,8.28,8.31,8.24,8.30,98509,5326215.00
20110411,8.33,8.33,8.22,8.23,163397,8784947.00
20110412,8.22,8.24,8.19,8.20,121450,6506098.50
20110413,8.20,8.28,8.20,8.26,83328,4476763.00
20110414,8.26,8.27,8.21,8.22,66700,3585021.75
20110415,8.24,8.25,8.18,8.21,83429,4462591.00
20110418,8.23,8.26,8.18,8.19,86684,4634002.50
20110419,8.17,8.17,8.08,8.10,179932,9527864.00
20110420,8.07,8.12,8.07,8.10,70050,3704238.00
20110421,8.10,8.18,8.07,8.13,83758,4444894.50
20110422,8.17,8.17,8.11,8.11,93061,4934439.00
20110425,8.11,8.11,7.67,7.68,530666,27007110.00
20110426,7.64,7.65,7.06,7.07,926559,43963884.00
20110428,7.06,7.10,6.69,6.70,551558,24613692.00
20110429,6.74,6.75,6.69,6.70,316061,13969466.00
20110503,6.75,6.83,6.60,6.68,404755,17790282.00
20110504,6.66,6.70,6.54,6.55,301800,13187265.00
20110505,6.52,6.64,6.50,6.60,388938,16840544.00
20110506,6.52,6.65,6.52,6.62,320094,13891846.00
20110509,6.61,6.72,6.59,6.66,282278,12383656.00
20110510,6.66,6.69,6.61,6.67,150970,6619301.50
20110511,6.69,6.72,6.61,6.70,221882,9756032.00
20110512,6.69,6.70,6.57,6.57,187490,8224556.50
20110513,6.64,6.64,6.45,6.53,237652,10201073.00
20110516,6.52,6.61,6.47,6.53,171660,7397949.00
20110517,6.54,6.57,6.48,6.54,127163,5475807.00
20110518,6.57,6.60,6.52,6.57,116200,5020917.50
20110519,6.60,6.65,6.54,6.60,149601,6500429.50
20110520,6.57,6.60,6.50,6.56,143845,6203369.00
20110523,6.56,6.58,6.30,6.33,257669,10869766.00
20110524,6.21,6.47,6.17,6.42,354447,9195126.00
20110525,6.39,6.41,6.06,6.09,479155,12117564.00
20110526,6.09,6.16,5.97,5.97,426472,10606573.00
20110527,5.87,5.97,5.78,5.83,369840,8905576.00
20110530,5.71,5.88,5.69,5.78,373082,8949416.00
20110531,5.84,5.89,5.78,5.88,187199,4492443.00
20110601,5.91,5.95,5.87,5.92,175968,4281072.50
20110602,5.79,5.83,5.75,5.81,149415,3558495.25
20110603,5.83,5.92,5.79,5.92,149244,3611049.50
20110607,5.93,6.03,5.92,5.99,223543,5507706.00
20110608,6.04,6.04,5.90,5.94,191089,4680551.50
20110609,5.96,5.96,5.83,5.88,162800,3929737.50
20110610,5.88,5.88,5.80,5.88,125187,3005617.25
20110613,5.83,5.95,5.80,5.90,150326,3644486.00
20110614,5.91,6.00,5.90,5.96,171767,4201980.00
20110615,5.99,5.99,5.91,5.91,113384,2764980.00
20110616,5.83,5.87,5.79,5.80,96480,2312096.50
20110617,5.79,5.83,5.76,5.76,61030,1456983.25
20110620,5.71,5.82,5.71,5.72,75165,1776806.50
20110621,5.73,5.80,5.68,5.75,139369,3295954.25
20110622,5.75,5.83,5.72,5.74,79500,1889223.38
20110623,5.71,5.91,5.71,5.91,339662,8179332.50
20110624,5.88,6.02,5.86,5.95,392153,9616440.00
20110627,5.96,6.08,5.94,6.03,452762,11212721.00
20110628,6.06,6.06,5.97,6.02,264502,6529672.50
20110629,6.05,6.11,5.92,5.93,239676,5909598.00
20110630,5.93,6.00,5.93,5.98,221749,5448498.50
20110701,5.93,6.05,5.93,6.03,302844,7488105.50
20110704,6.06,6.13,6.03,6.12,355007,8898562.00
20110705,6.13,6.20,6.13,6.18,367911,9311069.00
20110706,6.16,6.38,6.12,6.32,604603,15477242.00
20110707,6.29,6.44,6.27,6.31,476179,12409290.00
20110708,6.34,6.34,6.24,6.27,373828,9648669.00
20110711,6.29,6.33,6.27,6.31,213752,5517495.50
20110712,6.29,6.29,6.11,6.12,366197,9287244.00
20110713,6.12,6.23,6.12,6.22,195674,4975086.00
20110714,6.30,6.43,6.27,6.43,624383,16220837.00
20110715,6.44,6.63,6.41,6.60,891954,23976222.00
20110718,6.61,6.71,6.54,6.56,504305,13652562.00
20110719,6.53,6.53,6.44,6.44,313846,8301261.50
20110720,6.46,6.53,6.36,6.41,319542,8387189.00
20110721,6.41,6.46,6.34,6.34,307112,8021650.00
20110722,6.34,6.41,6.32,6.35,251534,6564248.50
20110725,6.35,6.35,6.01,6.03,302379,7686000.00
20110726,6.04,6.11,5.96,6.08,165135,4091812.50
20110727,6.07,6.21,5.96,6.15,346760,8691720.00
20110728,6.09,6.11,6.02,6.09,216530,5395562.00
20110729,6.08,6.14,6.06,6.07,308618,7714819.50
20110801,6.07,6.18,5.98,6.10,221076,5530908.00
20110802,6.10,6.75,6.10,6.74,2982414,80917096.00
20110803,6.60,6.89,6.53,6.80,3059189,84550688.00
20110804,6.81,6.82,6.61,6.64,1293253,35364144.00
20110805,6.47,7.07,6.20,6.89,2094372,57815152.00
20110808,6.83,6.83,6.24,6.54,1259534,33660444.00
20110809,6.34,6.82,6.24,6.72,1072240,28990432.00
20110810,6.85,7.05,6.76,6.83,1459676,41115644.00
20110811,6.65,7.02,6.65,7.01,1440223,40624136.00
20110812,7.03,7.08,6.93,6.93,1109846,31689352.00
20110815,6.98,7.03,6.82,7.00,895663,25330782.00
20110816,7.03,7.03,6.76,6.77,826495,23194634.00
20110817,6.73,6.80,6.65,6.69,505038,13874289.00
20110818,6.73,6.75,6.58,6.58,364300,9922341.00
20110819,6.34,6.51,6.32,6.45,459732,12079292.00
20110822,6.40,6.62,6.40,6.56,390592,10468869.00
20110823,6.60,6.72,6.60,6.70,407410,11100851.00
20110824,6.71,6.85,6.62,6.64,640585,17651204.00
20110825,6.67,6.68,6.55,6.64,532586,14384083.00
20110826,6.64,6.77,6.60,6.74,488189,13368971.00
20110829,6.73,6.76,6.63,6.69,331651,9091364.00
20110830,6.68,6.75,6.57,6.57,416085,11343401.00
20110831,6.54,6.54,6.39,6.44,276856,7314540.00
20110901,6.46,6.50,6.37,6.41,231705,6110232.00
20110902,6.35,6.49,6.31,6.32,229302,5967670.00
20110905,6.26,6.30,6.08,6.11,375356,9438570.00
20110906,6.01,6.12,5.96,6.06,106023,2635261.50
20110907,6.13,6.20,6.09,6.19,250551,6320011.00
20110908,6.21,6.21,6.07,6.07,295456,7440082.50
20110909,6.06,6.12,6.00,6.01,153900,3821731.75
20110913,5.96,5.96,5.85,5.87,171821,4163267.00
20110914,5.87,5.94,5.86,5.94,187271,4547621.00
20110915,5.96,6.02,5.95,5.97,115810,2845222.25
20110916,6.01,6.04,5.98,5.98,158240,3901972.50
20110919,5.99,6.10,5.98,6.08,410411,10211084.00
20110920,6.04,6.21,6.04,6.20,448167,11311135.00
20110921,6.18,6.36,6.09,6.33,827299,21126678.00
20110922,6.26,6.30,6.09,6.10,347301,8838060.00
20110923,6.08,6.10,5.97,6.05,254113,6287517.50
20110926,6.08,6.08,5.92,5.94,219232,5399046.50
20110927,5.96,6.01,5.88,5.96,181910,4437573.00
20110928,6.00,6.00,5.87,5.89,170696,4166866.25
20110929,5.88,5.89,5.71,5.72,230983,5496249.00
20110930,5.77,5.78,5.70,5.73,92000,2172283.00
20111010,5.73,5.75,5.66,5.68,97226,2281966.50
20111011,5.80,5.81,5.58,5.64,119950,2811507.50
20111012,5.58,5.82,5.55,5.82,170547,4030985.75
20111013,5.80,5.92,5.78,5.85,255858,6171944.50
20111014,5.83,5.85,5.77,5.80,115549,2758222.50
20111017,5.80,5.88,5.80,5.84,116719,2803667.25
20111018,5.85,5.85,5.70,5.70,108309,2565487.75
20111019,5.68,5.73,5.65,5.66,49060,1150904.75
20111020,5.70,5.70,5.43,5.45,190330,4326171.50
20111021,5.44,5.50,5.29,5.32,203500,4521595.00
20111024,5.38,5.38,5.16,5.36,166959,3639959.75
20111025,5.36,5.53,4.95,5.53,310864,6978635.50
20111026,5.49,5.67,5.42,5.57,383575,8805522.00
20111027,5.57,5.65,5.53,5.55,236960,5472719.00
20111028,5.60,5.68,5.57,5.68,259383,6027118.50
20111031,5.69,5.80,5.63,5.73,240361,5678786.50
20111101,5.65,5.75,5.64,5.68,213110,4997519.50
20111102,5.65,5.88,5.55,5.86,432616,10179827.00
20111103,5.84,6.01,5.83,5.90,459785,11209603.00
20111104,5.89,5.98,5.85,5.90,267436,6495951.00
20111107,5.79,5.93,5.79,5.83,202862,4895708.00
20111108,5.85,5.89,5.69,5.70,240998,5744019.00
20111109,5.75,5.82,5.69,5.82,224545,5321482.00
20111110,5.75,6.43,5.72,6.43,2053982,53103188.00
20111111,6.75,7.06,6.74,6.82,4658986,131003376.00
20111114,6.75,7.54,6.71,7.54,4948953,144953712.00
20111115,7.66,7.66,7.37,7.44,3605797,109447592.00
20111116,7.46,7.57,7.15,7.24,3094798,92062552.00
20111117,7.24,7.34,7.13,7.25,2271948,67040384.00
20111118,7.14,7.37,7.06,7.11,2040686,59834620.00
20111121,7.03,7.16,6.88,7.15,1553125,44288712.00
20111122,7.14,7.22,6.92,7.07,1638921,47394364.00
20111123,7.08,7.19,6.80,6.80,1617567,45968032.00
20111124,6.73,6.90,6.66,6.78,1320721,36484856.00
20111125,6.77,6.80,6.56,6.57,1378909,37611208.00
20111128,6.63,6.67,6.48,6.65,893795,24043332.00
20111129,6.69,6.81,6.63,6.76,1200443,33014190.00
20111130,6.73,6.80,6.06,6.06,1522202,39337844.00
20111201,6.19,6.28,6.06,6.09,1556227,39416188.00
20111202,6.02,6.02,5.81,5.86,1263971,30664412.00
20111205,5.81,5.85,5.53,5.57,780104,18234878.00
20111206,5.62,5.77,5.54,5.69,511331,11944470.00
20111207,5.75,6.00,5.69,5.82,1248276,30123646.00
20111208,5.76,6.01,5.60,5.90,1038274,24862158.00
20111209,5.79,5.92,5.57,5.82,626578,15019679.00
20111212,5.83,5.88,5.65,5.68,494483,11689585.00
20111213,5.70,5.70,5.37,5.49,779140,17599900.00
20111214,5.47,5.52,5.32,5.33,393758,8826494.00
20111216,5.21,5.51,4.96,5.50,1114630,24281000.00
20111219,5.39,5.55,5.32,5.55,774309,17296730.00
20111220,5.52,5.67,5.41,5.41,723674,16456647.00
20111221,5.68,5.98,5.65,5.98,3303753,80700224.00
20111222,5.83,6.08,5.60,5.99,3403822,81792328.00
20111223,5.93,6.02,5.84,5.91,1497181,36433492.00
20111226,5.86,5.99,5.78,5.83,1023554,24746160.00
20111227,5.83,5.85,5.21,5.21,1473847,33254814.00
20111228,5.03,5.15,4.81,4.99,1077051,22209540.00
20111229,4.98,5.02,4.90,4.99,587322,12142282.00
20111230,5.00,5.07,4.99,5.02,596411,12443093.00
20120104,5.16,5.18,4.74,4.74,752520,15511395.00
20120105,4.73,4.73,4.30,4.30,1212939,22404452.00
20120106,4.30,4.36,4.11,4.26,700016,12388593.00
20120109,4.26,4.45,4.13,4.45,698854,12676275.00
20120110,4.45,4.69,4.43,4.65,926152,17725802.00
20120111,4.65,4.89,4.59,4.80,1046654,20748378.00
20120112,5.06,5.06,4.69,4.69,979338,19609240.00
20120113,4.64,4.69,4.32,4.32,788359,14696848.00
20120116,4.26,4.29,4.18,4.21,265400,4711216.00
20120117,4.17,4.49,4.16,4.48,465872,8466223.00
20120118,4.50,4.50,4.19,4.19,612289,11164208.00
20120119,4.18,4.33,4.13,4.31,557686,9919082.00
20120120,4.37,4.38,4.30,4.35,384171,6989205.00
20120130,4.36,4.48,4.29,4.38,339758,6247549.00
20120131,4.30,4.42,4.27,4.34,199361,3609148.75
20120201,4.39,4.80,4.39,4.55,797638,15273654.00
20120202,4.55,4.58,4.45,4.56,587906,11077253.00
20120203,4.56,4.65,4.53,4.61,570343,10949211.00
20120206,4.74,4.79,4.58,4.63,583914,11326249.00
20120207,4.65,4.67,4.47,4.50,536997,10135105.00
20120208,4.48,4.66,4.45,4.63,598835,11443693.00
20120209,4.62,4.78,4.62,4.71,891738,17528288.00
20120210,4.68,4.75,4.63,4.70,560915,10984261.00
20120213,4.68,4.84,4.64,4.80,785874,15626738.00
20120214,4.79,4.86,4.73,4.78,709046,14124688.00
20120215,4.78,4.91,4.72,4.91,997472,20073258.00
20120216,4.89,4.93,4.77,4.84,696830,14073590.00
20120217,4.84,4.87,4.76,4.80,412528,8238626.00
20120220,4.85,4.99,4.82,4.84,959304,19550718.00
20120221,4.84,4.96,4.78,4.94,531511,10768805.00
20120222,4.96,5.17,4.93,5.10,1125182,23702234.00
20120223,5.15,5.38,5.11,5.21,1262740,27388860.00
20120224,5.19,5.35,5.11,5.23,897940,19457880.00
20120227,5.23,5.31,5.19,5.23,660999,14378073.00
20120228,5.16,5.22,5.08,5.13,682263,14573576.00
20120229,5.17,5.25,5.08,5.09,747375,15962275.00
20120301,5.23,5.31,5.11,5.20,901762,19438486.00
20120302,5.19,5.31,5.19,5.29,1029029,22288446.00
20120305,5.32,5.37,5.22,5.23,837997,18312686.00
20120306,5.24,5.32,5.10,5.11,570110,12206852.00
20120307,5.06,5.17,5.01,5.01,798871,16835084.00
20120308,4.98,5.12,4.98,5.10,785593,16514865.00
20120309,5.13,5.27,5.13,5.27,892844,19288982.00
20120312,5.30,5.34,5.25,5.32,1200093,26321682.00
20120313,5.32,5.38,5.29,5.35,866387,19138696.00
20120314,5.36,5.52,5.06,5.09,1402585,31011516.00
20120315,5.07,5.17,4.99,5.12,571739,12095675.00
20120316,5.15,5.27,5.07,5.25,513929,11040225.00
20120319,5.19,5.33,5.19,5.33,512436,11189691.00
20120320,5.31,5.31,5.15,5.17,345133,7451510.00
20120321,5.21,5.21,5.09,5.21,354462,7594182.50
20120322,5.24,5.37,5.21,5.31,626816,13746372.00
20120323,5.25,5.34,5.10,5.13,456740,9890134.00
20120326,5.12,5.13,4.99,5.01,272768,5689502.00
20120327,5.02,5.08,4.97,4.98,234063,4880589.50
20120328,5.01,5.02,4.68,4.70,653586,13101787.00
20120329,4.70,4.70,4.50,4.52,365867,6989920.50
20120330,4.43,4.48,4.28,4.34,1214987,22140672.00
20120405,4.33,4.46,4.32,4.45,490147,9022908.00
20120406,4.42,4.47,4.42,4.46,194469,3615270.00
20120409,4.42,4.59,4.42,4.45,287610,5433335.00
20120410,4.42,4.55,4.37,4.51,317150,5929385.50
20120411,4.48,4.56,4.42,4.55,299478,5622576.50
20120412,4.55,4.62,4.51,4.61,457129,8714115.00
20120413,4.62,4.71,4.62,4.66,371982,7235498.00
20120416,4.60,4.66,4.59,4.62,184268,3553741.75
20120417,4.61,4.67,4.60,4.60,194304,3749860.25
20120418,4.63,4.74,4.57,4.70,318408,6208420.50
20120419,4.66,4.72,4.66,4.69,223527,4375331.50
20120420,4.73,4.95,4.73,4.80,407948,8200098.00
20120423,5.32,5.32,5.32,5.32,3139490,69068784.00
20120424,5.57,5.57,4.98,5.10,4603166,100328792.00
20120425,5.15,5.22,4.78,4.78,2094411,42739516.00
20120426,4.75,4.80,4.61,4.72,1216218,23786796.00
20120427,4.68,4.87,4.68,4.73,892670,17741154.00
20120502,5.01,5.01,4.74,4.77,1227719,24803668.00
20120503,4.68,4.78,4.67,4.73,565368,11129581.00
20120504,4.77,4.86,4.75,4.86,778072,15604994.00
20120507,4.80,5.03,4.78,4.99,1173382,23960908.00
20120508,4.93,5.11,4.93,5.03,942406,19759578.00
20120509,5.01,5.01,4.91,4.94,674017,13860387.00
20120510,4.93,5.18,4.86,5.09,1228336,25579486.00
20120511,5.02,5.10,4.97,5.04,705700,14794748.00
20120514,5.07,5.09,4.92,4.93,451754,9382273.00
20120515,4.88,4.95,4.86,4.92,237625,4848844.00
20120516,4.92,4.98,4.75,4.76,923572,18799454.00
20120517,4.68,4.80,4.68,4.76,486313,9620961.00
20120518,4.75,5.03,4.69,4.78,1030828,20625256.00
20120521,4.73,4.75,4.65,4.67,373993,7302343.50
20120522,4.69,4.72,4.65,4.70,226862,4434342.50
20120523,4.75,4.75,4.60,4.67,327847,6369881.00
20120524,4.71,4.71,4.60,4.64,321391,6244966.00
20120525,4.65,4.65,4.45,4.54,388755,7382745.00
20120528,4.53,4.57,4.43,4.55,318767,6019673.50
20120529,4.81,4.81,4.59,4.73,675025,13210514.00
20120530,4.70,4.80,4.66,4.73,433870,8596818.00
20120531,4.68,4.79,4.68,4.73,345020,6797447.50
20120601,4.78,4.87,4.73,4.76,511552,10239043.00
20120604,4.65,4.67,4.57,4.59,240918,4657212.00
20120605,4.57,4.62,4.55,4.58,142416,2725625.50
20120606,4.62,4.66,4.55,4.58,166210,3192531.00
20120607,4.65,4.65,4.51,4.51,766872,14591755.00
20120608,4.53,4.55,4.42,4.43,425602,7932779.00
20120611,4.39,4.65,4.39,4.62,602828,11497798.00
20120612,4.64,5.10,4.64,4.82,1740951,34998332.00
20120613,4.78,5.06,4.76,4.94,1868241,38441512.00
20120614,5.06,5.33,5.00,5.02,3084171,65956712.00
20120615,5.00,5.29,5.00,5.12,2272459,48653068.00
20120618,5.12,5.19,5.01,5.17,1812672,38363968.00
20120619,5.15,5.17,5.01,5.03,1217958,25598886.00
20120620,5.03,5.11,4.93,4.96,1078302,22442820.00
20120621,4.92,4.99,4.78,4.82,1094152,22083516.00
20120625,4.79,4.85,4.79,4.79,581134,11650216.00
20120626,4.77,4.78,4.62,4.73,832707,16246309.00
20120627,4.75,4.82,4.72,4.80,604485,12028646.00
20120628,4.81,4.82,4.68,4.73,619093,12225738.00
20120629,4.70,4.70,4.43,4.66,622197,9061848.00
20120702,4.74,4.77,4.65,4.69,506666,7470067.00
20120703,4.72,4.73,4.61,4.63,733014,10773013.00
20120704,4.71,5.00,4.71,4.88,1586730,24232222.00
20120705,4.82,4.91,4.64,4.66,958390,14283653.00
20120706,4.71,4.71,4.49,4.63,841225,12099439.00
20120709,4.61,4.69,4.53,4.55,468040,6745525.00
20120710,4.55,4.55,4.31,4.32,751829,10440339.00
20120711,4.34,4.35,4.28,4.29,299022,4064051.50
20120712,4.28,4.41,4.28,4.40,381319,5232839.00
20120713,4.42,4.42,4.19,4.19,653133,8850964.00
20120716,3.95,4.07,3.76,3.76,1042615,12697932.00
20120717,3.76,3.76,3.65,3.75,352675,4170444.00
20120718,3.74,3.76,3.65,3.76,379701,4479338.00
20120719,3.75,3.86,3.73,3.82,694785,8390429.00
20120720,3.80,3.85,3.75,3.79,285044,3442772.25
20120723,3.79,3.91,3.72,3.77,452179,5481826.50
20120724,3.72,3.83,3.72,3.80,242600,2913590.25
20120725,3.78,3.85,3.78,3.78,285032,3444847.50
20120726,3.78,3.82,3.73,3.78,216396,2597969.25
20120727,3.75,3.81,3.75,3.78,319490,3835034.25
20120730,3.78,3.81,3.59,3.61,346718,4057477.00
20120731,3.62,3.62,3.51,3.53,290328,3293945.50
20120801,3.49,3.60,3.49,3.57,453422,5156884.50
20120802,3.56,3.58,3.48,3.50,501084,5625265.00
20120803,3.50,3.60,3.50,3.59,681988,7703523.50
20120806,3.60,3.70,3.56,3.69,557641,6449656.50
20120807,3.69,3.75,3.66,3.74,457345,5397333.50
20120808,3.76,3.80,3.66,3.76,393469,4654946.00
20120809,3.71,3.77,3.67,3.77,567875,6712457.50
20120810,3.77,3.83,3.75,3.81,439594,5273003.50
20120813,3.82,3.83,3.71,3.71,584921,7019315.50
20120814,3.70,3.76,3.62,3.76,469683,5522852.00
20120815,3.73,3.81,3.72,3.75,343229,4100548.50
20120816,3.72,3.75,3.68,3.71,219941,2594820.50
20120817,3.71,3.75,3.69,3.75,198741,2352506.75
20120820,3.72,3.82,3.71,3.80,275377,3285026.25
20120821,3.80,3.95,3.75,3.91,620031,7639943.00
20120822,3.91,4.01,3.90,3.91,574216,7195149.00
20120823,3.86,3.98,3.86,3.97,427718,5350512.50
20120824,3.97,4.14,3.96,3.98,609140,7782322.00
20120827,3.95,4.03,3.83,3.84,307760,3780647.25
20120828,3.89,3.91,3.82,3.89,155027,1900500.75
20120829,3.85,3.96,3.82,3.95,309179,3831252.00
20120830,3.93,3.98,3.78,3.85,266746,3276200.75
20120831,3.82,3.89,3.78,3.86,203490,2466961.75
20120903,3.84,3.95,3.84,3.95,219660,2722886.75
20120904,3.97,4.08,3.92,4.08,633964,8069528.00
20120905,4.10,4.10,4.02,4.06,342634,4387546.00
20120906,4.08,4.10,4.01,4.07,358564,4595512.00
20120907,4.10,4.27,4.10,4.23,748661,9943850.00
20120910,4.25,4.31,4.17,4.28,474635,6365765.00
20120911,4.25,4.26,4.17,4.20,313341,4159034.25
20120912,4.20,4.29,4.17,4.18,406017,5390971.00
20120913,4.23,4.23,4.11,4.11,276341,3629611.25
20120914,4.18,4.18,4.07,4.08,285429,3712104.25
20120917,4.12,4.12,3.93,3.93,235802,2983053.50
20120918,3.93,3.98,3.91,3.93,117685,1470119.38
20120919,3.89,3.97,3.89,3.96,124202,1548560.75
20120920,3.92,4.11,3.82,3.93,490167,6199750.50
20120921,3.92,4.01,3.75,3.75,455201,5491549.50
20120924,3.75,3.81,3.68,3.77,188913,2252100.50
20120925,3.84,3.87,3.70,3.73,81390,968689.81
20120926,3.78,3.78,3.63,3.65,141142,1648234.13
20120927,3.69,3.77,3.62,3.77,254449,3002632.75
20120928,3.73,3.97,3.70,3.95,580277,7168027.00
20121008,3.94,3.97,3.88,3.90,86618,1071422.00
20121009,3.93,4.02,3.93,4.02,166961,2110852.50
20121010,4.04,4.08,3.98,4.05,193637,2477040.75
20121011,4.03,4.03,3.92,3.93,170570,2139191.75
20121012,3.97,3.98,3.88,3.95,110167,1371456.00
20121015,3.86,3.93,3.75,3.76,336788,4052661.75
20121016,3.74,3.79,3.72,3.74,201090,2400045.00
20121017,3.76,3.79,3.71,3.76,156828,1867969.75
20121018,3.73,3.85,3.72,3.82,246197,2974275.50
20121019,3.82,3.86,3.81,3.85,149849,1822375.75
20121022,3.82,3.83,3.77,3.82,183852,2212722.75
20121023,3.85,3.86,3.79,3.80,111113,1347074.13
20121024,3.96,4.20,3.96,4.20,3116003,40986832.00
20121025,4.40,4.64,4.28,4.64,11225838,162387744.00
20121026,4.54,4.54,4.16,4.17,12003338,160121536.00
20121029,4.05,4.29,4.03,4.25,7370971,97387336.00
20121030,4.16,4.16,3.96,4.02,5842442,74957552.00
20121031,4.02,4.13,3.98,4.12,4188860,53670668.00
20121101,4.16,4.18,3.95,4.08,5145996,66183948.00
20121102,4.04,4.09,3.95,4.04,3293787,41963272.00
20121105,4.02,4.11,3.97,4.09,3178294,40827868.00
20121106,4.08,4.09,3.83,3.87,3621634,44880724.00
20121107,3.87,3.87,3.75,3.77,2467584,29727454.00
20121108,3.74,3.84,3.71,3.72,1752230,20961856.00
20121109,3.66,3.71,3.63,3.65,1567313,18280476.00
20121112,3.66,3.75,3.66,3.74,1215668,14338272.00
20121113,3.74,3.74,3.53,3.53,1486698,17142284.00
20121114,3.52,3.59,3.52,3.57,896975,10143199.00
20121115,3.56,3.61,3.49,3.50,992834,11210756.00
20121116,3.49,3.58,3.49,3.55,877483,9906859.00
20121119,3.60,3.93,3.56,3.93,3665029,44285292.00
20121120,4.35,4.35,4.13,4.20,12529106,170341184.00
20121121,4.21,4.29,3.94,4.11,8897012,115261208.00
20121122,4.28,4.41,4.11,4.12,11987549,160161232.00
20121123,3.88,3.88,3.69,3.69,10245239,121818528.00
20121126,3.66,3.82,3.59,3.70,5264599,62272740.00
20121127,3.63,3.63,3.39,3.40,5120911,56936516.00
20121128,3.37,3.37,3.23,3.25,2776242,29306796.00
20121129,3.26,3.33,3.19,3.22,1957850,20463562.00
20121130,3.19,3.25,3.14,3.22,1877220,19282998.00
20121203,3.23,3.24,3.06,3.07,1877968,19052594.00
20121204,3.05,3.16,2.93,3.15,2928292,28713698.00
20121205,3.11,3.33,3.10,3.29,3855141,39856040.00
20121206,3.29,3.39,3.25,3.35,3297832,34888552.00
20121207,3.47,3.59,3.37,3.44,3819168,42000184.00
20121210,3.46,3.59,3.42,3.54,4679814,52513308.00
20121211,3.51,3.57,3.41,3.42,3243907,35956964.00
20121212,3.42,3.60,3.36,3.52,4012061,44417188.00
20121213,3.54,3.57,3.41,3.48,3022173,33632952.00
20121214,3.42,3.61,3.40,3.58,4736733,53480480.00
20121217,3.55,3.64,3.52,3.54,2711398,30751030.00
20121218,3.55,3.73,3.51,3.64,4470133,51377968.00
20121219,3.60,3.62,3.53,3.57,2655743,30195882.00
20121220,3.55,3.55,3.49,3.52,2071392,23205336.00
20121221,3.50,3.57,3.49,3.52,2117005,23805758.00
20121224,3.61,3.71,3.55,3.62,4362190,50550968.00
20121225,3.58,3.73,3.55,3.69,4026235,46800844.00
20121226,3.69,3.86,3.67,3.80,3535087,42509640.00
20121227,3.76,3.85,3.68,3.68,2651065,31487882.00
20121228,3.68,3.80,3.64,3.77,2456008,29080464.00
20121231,3.74,3.79,3.71,3.73,1657891,19726216.00
20130104,3.76,3.78,3.66,3.68,1756835,20672780.00
20130107,3.69,3.79,3.69,3.76,1951209,23187456.00
20130108,3.77,3.90,3.69,3.83,3404517,41154124.00
20130109,3.78,3.94,3.77,3.91,3786430,46290252.00
20130110,3.89,3.91,3.82,3.86,2154588,26414170.00
20130111,3.87,3.91,3.76,3.78,2725477,33235518.00
20130114,3.96,4.18,3.93,4.12,7213383,92268360.00
20130115,4.08,4.40,4.07,4.24,6819326,91079944.00
20130116,4.21,4.21,4.02,4.11,4039577,52404060.00
20130117,4.09,4.10,3.96,3.99,2488742,31555132.00
20130118,4.00,4.07,4.00,4.05,1802325,23024960.00
20130121,4.06,4.14,4.02,4.12,2116569,27428210.00
20130122,4.11,4.11,3.91,3.92,2267827,28654754.00
20130123,3.88,4.17,3.88,4.17,3432276,43891616.00
20130124,4.12,4.18,3.92,4.07,3136382,40300372.00
20130125,4.08,4.35,4.08,4.17,4756623,62899396.00
20130128,4.16,4.28,4.01,4.26,2775486,36547044.00
20130129,4.55,4.71,4.41,4.49,10471037,151082416.00
20130130,4.40,4.45,4.26,4.31,5247043,71713216.00
20130131,4.28,4.49,4.22,4.41,5281124,72512944.00
20130201,4.35,4.48,4.32,4.38,3441750,47592816.00
20130204,4.40,4.41,4.22,4.26,2483283,33499298.00
20130205,4.22,4.26,4.15,4.22,1676934,22257822.00
20130206,4.22,4.25,4.18,4.21,2206696,29412598.00
20130207,4.17,4.24,4.15,4.16,1981069,26174272.00
20130208,4.14,4.24,4.11,4.19,3027200,39890260.00
20130218,4.22,4.31,4.18,4.28,4249484,56997420.00
20130219,4.27,4.30,4.15,4.15,2326485,30905780.00
20130220,4.13,4.36,4.13,4.34,4492723,60686184.00
20130221,4.29,4.42,4.26,4.32,3961299,54083744.00
20130222,4.32,4.47,4.28,4.32,3917656,53964432.00
20130225,4.48,4.77,4.47,4.68,13429643,199023152.00
20130226,4.55,4.79,4.48,4.77,10517718,153818480.00
20130227,4.85,5.08,4.68,4.71,10789766,164671056.00
20130228,4.63,5.07,4.63,5.04,10578091,161605376.00
20130301,4.97,5.21,4.90,5.19,12945095,204358096.00
20130304,5.31,5.52,5.09,5.28,13648095,227721472.00
20130305,5.20,5.48,5.08,5.32,7905989,130240864.00
20130306,5.30,5.44,5.11,5.14,8632325,141549392.00
20130307,5.04,5.10,4.85,4.96,7554174,117738568.00
20130308,4.96,5.11,4.89,4.99,4164729,65214972.00
20130311,4.97,5.03,4.78,4.81,4568655,69900968.00
20130312,4.78,4.87,4.48,4.58,4997736,73411624.00
20130313,4.52,4.60,4.45,4.58,3101089,44149544.00
20130314,4.58,4.67,4.55,4.60,2978543,43128228.00
20130315,4.60,4.76,4.49,4.68,4488013,65737052.00
20130318,4.62,4.76,4.59,4.60,3986284,58692056.00
20130319,4.61,4.64,4.36,4.50,2669851,37781744.00
20130320,4.50,4.76,4.50,4.73,3361247,49177056.00
20130321,4.73,4.93,4.71,4.89,4421311,67204912.00
20130322,4.85,4.90,4.81,4.85,1929436,29406944.00
20130325,4.85,4.89,4.71,4.81,2712650,40568048.00
20130326,4.76,4.76,4.58,4.68,2643244,38519632.00
20130327,4.66,4.73,4.57,4.60,1931974,28200802.00
20130328,4.54,4.54,4.40,4.41,1859984,26219094.00
20130329,4.43,4.50,4.30,4.32,2055145,28361266.00
20130401,4.32,4.46,4.32,4.41,1567911,21743696.00
20130402,4.41,4.48,4.24,4.25,1867442,25627834.00
20130403,4.26,4.31,4.20,4.25,940494,12632288.00
20130408,4.15,4.32,4.11,4.30,1378168,18334440.00
20130409,4.28,4.37,4.28,4.36,1055883,14460632.00
20130410,4.36,4.38,4.27,4.32,972067,13217496.00
20130411,4.36,4.42,4.33,4.41,1836176,25368162.00
20130412,4.28,4.31,4.13,4.19,3687834,48983260.00
20130415,4.16,4.17,4.05,4.07,1052452,13670482.00
20130416,4.05,4.19,4.04,4.19,1342168,17519752.00
20130417,4.18,4.20,4.12,4.20,1142204,15001800.00
20130418,4.16,4.30,4.13,4.27,1741873,23334822.00
20130419,4.28,4.36,4.25,4.33,1769175,24059640.00
20130422,4.30,4.34,4.23,4.33,1656664,22440386.00
20130423,4.34,4.34,4.12,4.14,2512301,33161106.00
20130424,4.14,4.21,4.08,4.19,3503683,46053316.00
20130425,4.17,4.20,4.06,4.06,2031608,26561498.00
20130426,4.05,4.10,3.88,3.88,1631703,20622968.00
20130502,3.90,3.95,3.87,3.95,787460,9758831.00
20130503,3.95,4.10,3.95,4.08,1421217,18171150.00
20130506,4.12,4.21,4.09,4.18,2120120,27836366.00
20130507,4.19,4.30,4.18,4.22,2304767,30839482.00
20130508,4.22,4.30,4.22,4.29,2089626,28117212.00
20130509,4.27,4.44,4.25,4.42,3798738,52133488.00
20130510,4.41,4.56,4.35,4.48,3641652,51203920.00
20130513,4.47,4.50,4.39,4.45,2290646,31936854.00
20130514,4.47,4.60,4.45,4.49,5150591,73324024.00
20130515,4.45,4.56,4.41,4.55,3068554,43490580.00
20130516,4.56,4.59,4.39,4.41,4216249,59784248.00
20130517,4.40,4.61,4.40,4.61,4350733,62176184.00
20130520,4.65,4.74,4.62,4.70,4280978,62842116.00
20130521,4.70,4.78,4.62,4.75,4156869,61369352.00
20130522,4.73,4.75,4.55,4.58,3366092,49174004.00
20130523,4.58,4.73,4.55,4.60,3496630,51101936.00
20130524,4.65,4.84,4.63,4.80,4157019,61697876.00
20130527,4.81,5.01,4.76,4.83,4321924,65820616.00
20130528,4.86,4.86,4.62,4.67,3362033,49617368.00
20130529,4.67,4.81,4.66,4.75,2561004,38117968.00
20130530,4.73,4.78,4.66,4.78,3384485,50171200.00
20130531,4.75,4.92,4.75,4.83,5186397,78814744.00
20130603,4.83,4.92,4.68,4.69,3226531,48491640.00
20130604,4.70,4.97,4.62,4.97,6600442,99217056.00
20130605,4.89,4.94,4.82,4.90,3787687,57970568.00
20130606,4.89,5.10,4.85,4.90,5440960,84762896.00
20130607,4.99,5.08,4.72,4.76,4646717,70830168.00
20130613,4.59,4.71,4.35,4.60,3654290,51361836.00
20130614,4.60,5.08,4.56,5.08,7268899,111584080.00
20130617,5.15,5.31,5.05,5.06,8920687,143236848.00
20130618,5.00,5.44,4.94,5.28,7877717,126949248.00
20130619,5.22,5.45,5.16,5.30,7057262,116452616.00
20130620,5.26,5.44,5.09,5.09,6140735,100305336.00
20130621,4.90,5.21,4.65,5.16,5436777,83364192.00
20131223,5.69,5.69,5.69,5.69,320563,5645114.50
20131224,6.28,6.28,6.28,6.28,153917,2981372.25
20131225,6.92,6.92,6.92,6.92,421027,8972085.00
20140107,7.63,7.63,7.63,7.63,2651683,62155448.00
20140108,8.41,8.41,8.26,8.41,6241993,160874592.00
20140109,8.59,9.19,8.59,8.89,17311085,471375712.00
20140110,9.09,9.29,8.72,8.93,12606336,348658496.00
20140113,8.79,9.03,8.51,8.90,7331239,198040848.00
20140114,8.83,9.33,8.77,8.89,10207176,281517280.00
20140115,8.81,9.79,8.76,9.79,11496488,331532672.00
20140116,9.62,9.99,9.06,9.17,15715434,458268000.00
20140117,9.07,9.38,8.99,9.23,5466191,154306912.00
20140120,9.26,9.63,8.95,8.97,6846179,195117728.00
20140121,8.82,9.09,8.51,8.79,7643380,204330032.00
20140122,8.75,9.39,8.70,9.20,9425826,261937920.00
20140123,9.11,9.71,9.10,9.37,7415664,214011968.00
20140124,9.30,10.24,9.27,9.65,7463313,221389104.00
20140127,9.56,9.93,9.30,9.34,6107928,178852544.00
20140128,9.22,9.39,8.76,8.91,5644650,154576384.00
20140129,8.95,9.12,8.77,9.00,5336746,146172192.00
20140130,8.99,9.08,8.09,8.18,6587830,173408816.00
20140207,8.28,8.61,8.15,8.57,6358542,164315872.00
20140210,8.62,9.45,8.52,9.45,8805256,245578528.00
20140211,9.40,9.91,9.25,9.86,9309899,274251584.00
20140212,9.87,10.38,9.72,9.91,9093816,278340000.00
20140213,10.12,10.25,9.31,9.38,5754655,168967792.00
20140214,9.39,9.67,9.17,9.41,4565312,131136192.00
20140217,9.45,10.19,9.33,9.91,7087880,211203088.00
20140218,9.86,10.37,9.71,9.94,5211958,159366048.00
20140219,9.85,10.05,9.41,9.62,3629823,106817232.00
20140220,9.56,9.92,9.23,9.57,3392158,99320328.00
20140221,9.38,10.55,9.26,10.20,9855473,309906944.00
20140224,10.33,11.24,10.19,11.24,12299929,404432192.00
20140225,11.38,11.38,10.10,10.10,10426966,342590208.00
20140226,9.35,9.65,9.07,9.48,10078913,287280608.00
20140227,9.45,9.67,8.63,8.63,9020080,249955312.00
20140228,8.62,8.88,8.35,8.83,7182863,188384832.00
20140303,8.78,9.29,8.73,9.23,6923665,190911952.00
20140304,9.16,9.18,8.35,8.69,6211276,166469376.00
20140305,8.75,9.01,8.59,8.79,3760294,101514680.00
20140306,8.65,8.81,8.41,8.72,3087975,81841120.00
20140307,8.69,8.96,8.58,8.75,3243193,87151344.00
20140310,8.61,8.79,8.12,8.20,3814802,98817112.00
20140311,8.15,8.27,7.80,7.91,2907404,71406768.00
20140312,7.91,8.21,7.72,8.19,3068236,75083288.00
20140313,8.20,8.45,8.05,8.34,3237665,81750216.00
20140314,8.22,8.35,8.07,8.25,2223954,56045968.00
20140317,8.29,8.59,8.19,8.54,3009897,78012920.00
20140318,8.54,8.89,8.54,8.66,4125493,110203480.00
20140319,8.59,8.59,8.27,8.32,2882092,74245976.00
20140320,8.33,8.44,7.85,7.85,3649593,90944952.00
20140321,7.82,8.18,7.69,8.07,2162176,52485764.00
20140324,8.05,8.10,7.75,7.96,2841656,69061344.00
20140325,7.87,8.29,7.87,8.17,2476419,61793804.00
20140326,8.19,8.31,8.11,8.13,1353707,34059980.00
20140327,8.15,8.35,7.96,8.08,1936575,48233620.00
20140328,8.01,8.01,7.36,7.71,3020760,70523872.00
20140331,7.66,7.69,7.41,7.45,1224842,28269062.00
20140401,7.42,7.52,7.19,7.45,2412453,53929832.00
20140402,7.44,7.44,6.96,7.13,3572246,78104856.00
20140403,7.14,7.31,7.01,7.18,1694829,37136852.00
20140404,7.21,7.26,7.12,7.20,1782551,39215516.00
20140408,7.16,7.26,6.86,7.25,1323670,28849332.00
20140409,7.26,7.53,7.25,7.51,2035023,46101300.00
20140410,7.51,7.76,7.43,7.49,2450966,56780816.00
20140411,7.36,7.39,7.20,7.26,1673279,37238596.00
20140414,7.36,7.58,7.30,7.47,1359209,30927934.00
20140415,7.44,7.47,7.22,7.27,1167600,26142270.00
20140416,7.25,7.34,7.23,7.26,630678,14027835.00
20140417,7.28,7.43,7.23,7.27,880819,19751504.00
20140418,7.39,7.52,7.34,7.43,1673580,38125544.00
20140421,7.35,7.58,7.21,7.37,1588142,36123036.00
20140422,7.29,7.42,7.22,7.29,1009547,22513910.00
20140423,7.29,7.44,7.27,7.42,720588,16159744.00
20140424,7.36,7.42,7.19,7.19,899135,19997528.00
20140425,7.32,7.45,7.17,7.18,1283401,28671306.00
20140428,7.20,7.28,6.89,6.90,1285433,27727880.00
20140429,6.87,7.01,6.87,6.97,917257,19506386.00
20140430,6.98,7.27,6.93,7.19,1310755,28621758.00
20140505,7.15,7.32,7.13,7.32,1550703,34327220.00
20140506,7.33,7.53,7.28,7.34,1802507,40932016.00
20140507,7.29,7.42,7.23,7.26,1235207,27712194.00
20140508,7.26,7.53,7.25,7.35,1406936,31864930.00
20140509,7.34,7.34,7.03,7.24,1409876,31205774.00
20140512,6.50,6.50,6.50,6.50,218200,4348726.00
20140513,5.84,6.18,5.84,6.09,14708488,267484224.00
20140514,5.91,5.92,5.76,5.82,8450724,151369232.00
20140515,5.84,5.86,5.62,5.68,5689306,100214072.00
20140516,5.63,5.70,5.47,5.64,3863053,66498020.00
20140519,5.61,5.69,5.55,5.64,2082395,35992680.00
20140520,5.68,5.77,5.61,5.64,3317879,58123692.00
20140521,5.64,5.76,5.58,5.74,2834563,49602920.00
20140522,5.74,5.84,5.70,5.71,3257293,57773432.00
20140523,5.71,5.84,5.63,5.83,3483666,61601808.00
20140526,5.83,6.09,5.81,6.03,6106996,111752240.00
20140527,5.96,5.99,5.76,5.79,6311314,113511440.00
20140528,5.81,6.02,5.77,5.96,5449640,99229720.00
20140529,5.96,5.97,5.79,5.79,3580494,64661096.00
20140530,5.79,5.85,5.74,5.79,2206409,39282996.00
20140603,5.79,5.88,5.76,5.83,1950689,35020132.00
20140604,5.84,5.97,5.80,5.91,3840074,69484256.00
20140605,5.89,6.03,5.86,6.03,4208394,76898912.00
20140606,6.03,6.14,5.93,5.98,4164355,77048976.00
20140609,5.89,5.95,5.73,5.75,4999048,89604128.00
20140610,5.74,5.82,5.66,5.80,5056497,89480920.00
20140611,5.80,5.95,5.77,5.95,5164467,93398288.00
20140612,5.93,6.12,5.90,6.06,6462873,119564424.00
20140613,6.04,6.35,6.03,6.26,6896007,131001664.00
20140616,6.26,6.33,6.19,6.32,4604241,88366784.00
20140617,6.31,6.31,6.21,6.28,3663967,70403408.00
20140618,6.38,6.58,5.98,6.00,8395584,160232400.00
20140619,5.96,5.98,5.64,5.71,4011990,72065680.00
20140620,5.70,5.85,5.64,5.83,2289684,40574624.00
20140623,5.86,6.24,5.86,6.11,4589849,85264400.00
20140624,6.11,6.22,6.09,6.10,3689049,69391720.00
20140625,6.08,6.26,6.07,6.22,4089236,77476760.00
20140626,6.20,6.43,6.18,6.43,5378444,104225712.00
20140627,6.42,6.44,6.31,6.35,5118473,99870392.00
20140630,6.36,6.58,6.31,6.47,4049757,79912720.00
20140701,6.51,6.57,6.38,6.50,3201054,63434916.00
20140702,6.50,6.55,6.31,6.52,4457272,87778120.00
20140703,6.50,6.69,6.42,6.53,3536356,71174536.00
20140704,6.52,6.69,6.49,6.59,3761731,75987024.00
20140707,6.79,7.01,6.56,6.64,5107700,104983360.00
20140708,6.53,7.03,6.39,6.76,9353446,192481056.00
20140709,6.62,6.85,6.49,6.49,5970646,122433104.00
20140710,6.50,6.64,6.43,6.44,2955616,59286444.00
20140711,6.48,6.71,6.47,6.59,2606710,52755704.00
20140714,6.56,6.71,6.55,6.70,3106988,63329496.00
20140715,6.70,6.70,6.49,6.62,3301247,66533796.00
20140716,6.62,6.70,6.44,6.49,5114241,102424272.00
20140717,6.49,6.68,6.37,6.59,3805779,76166232.00
20140718,6.52,6.59,6.45,6.47,2042161,40806688.00
20140721,6.52,6.55,6.32,6.45,1584920,31236852.00
20140722,6.47,6.47,6.32,6.33,3665334,71739304.00
20140723,6.33,6.38,6.09,6.13,2887393,55271700.00
20140724,6.09,6.11,5.87,6.03,2581757,47501676.00
20140725,6.02,6.13,6.00,6.12,1097474,20480508.00
20140728,6.15,6.31,6.13,6.29,2197027,41978492.00
20140729,6.29,6.35,6.26,6.33,1713142,33157036.00
20140730,6.32,6.45,6.30,6.45,2061680,40258512.00
20140731,6.62,6.85,6.39,6.43,10766177,217637520.00
20140801,6.33,6.56,6.32,6.42,5399472,106911264.00
20140804,6.44,6.50,6.36,6.49,2266687,44808728.00
20140805,6.54,6.63,6.47,6.62,4298918,86669896.00
20140806,6.63,6.71,6.56,6.62,4509708,91504848.00
20140807,6.66,6.78,6.57,6.62,4329447,88231464.00
20140808,6.61,6.65,6.56,6.63,2226359,45147736.00
20140811,6.66,6.68,6.58,6.65,2798047,56817044.00
20140812,6.86,7.29,6.77,6.89,14096616,299839072.00
20140813,6.88,6.91,6.71,6.81,5179310,107809936.00
20140814,6.76,6.93,6.69,6.69,4907440,102476120.00
20140815,6.69,6.83,6.66,6.79,3310153,68591776.00
20140818,6.81,7.02,6.81,6.98,5198066,110188744.00
20140819,6.99,7.17,6.91,7.12,6871086,148432064.00
20140820,7.06,7.09,6.96,6.99,4130605,88674400.00
20140821,7.00,7.18,6.98,7.06,3935022,85129800.00
20140822,7.16,7.25,7.07,7.16,4134335,90375920.00
20140825,7.15,7.16,6.94,6.95,3473636,74448416.00
20140826,6.93,6.94,6.74,6.77,3268324,68357776.00
20140827,6.76,6.86,6.73,6.84,1723387,35957820.00
20140828,6.85,7.08,6.81,7.00,3968814,84726936.00
20140829,7.01,7.01,6.91,6.99,1847402,39380008.00
20140901,7.03,7.25,6.99,7.24,4091536,89371584.00
20140902,7.24,7.52,7.23,7.27,10313187,231734672.00
20140903,7.34,7.37,7.18,7.36,5782248,128874480.00
20140904,7.63,7.94,7.51,7.54,11246609,262850912.00
20140905,7.50,7.78,7.40,7.76,8725576,203304240.00
20140909,7.97,8.06,7.76,7.77,9867277,237360752.00
20140910,7.69,7.81,7.65,7.74,3956144,93240824.00
20140911,7.72,7.80,7.53,7.55,5202684,121761432.00
20140912,7.53,7.75,7.51,7.69,3710722,86290768.00
20140915,7.70,7.72,7.63,7.67,3172439,74368624.00
20140916,7.69,7.70,7.26,7.28,4926873,112729192.00
20140917,7.30,7.38,7.17,7.35,3515857,78403112.00
20140918,7.33,7.41,7.24,7.39,2273408,51027208.00
20140919,7.41,7.54,7.39,7.52,2532961,57933376.00
20140922,7.50,7.50,7.37,7.42,2099814,47611592.00
20140923,7.43,7.63,7.43,7.59,2512061,57820368.00
20140924,7.56,7.87,7.51,7.81,5687142,133850920.00
20140925,7.93,8.19,7.85,7.94,11779315,287296736.00
20140926,7.95,8.65,7.95,8.60,10966771,280529376.00
20140929,8.55,8.92,8.43,8.76,6776193,177749248.00
20140930,8.74,8.89,8.57,8.71,5038450,133792496.00
20141008,8.72,8.73,8.46,8.57,4366498,113845976.00
20141009,8.61,8.61,8.29,8.46,6451721,166070672.00
20141010,8.46,8.73,8.43,8.60,5579038,146234176.00
20141013,8.58,8.59,8.17,8.44,3834968,97625464.00
20141014,8.43,8.48,8.18,8.29,3114043,79088408.00
20141015,8.28,8.33,8.06,8.33,3154403,78958320.00
20141016,8.26,8.32,8.09,8.12,2534803,63693300.00
20141017,8.09,8.19,7.82,8.03,3134130,76488008.00
20141020,8.01,8.29,7.99,8.27,2585818,64493112.00
20141021,8.22,8.31,8.14,8.16,1856972,46630404.00
20141022,8.23,8.27,7.97,8.05,2206223,54812204.00
20141023,7.98,7.98,7.49,7.60,3799093,89275472.00
20141024,7.56,7.68,7.46,7.58,1661184,38492464.00
20141027,7.59,7.80,7.58,7.67,1669069,39205768.00
20141028,7.75,7.92,7.70,7.90,2087090,49984124.00
20141029,7.89,8.11,7.83,8.02,3257779,79463600.00
20141030,7.94,8.10,7.86,7.88,2452367,59747740.00
20141031,7.88,7.95,7.70,7.79,2303950,54818928.00
20141103,7.79,8.05,7.70,7.93,2978216,71342544.00
20141104,7.93,8.07,7.89,7.93,2770806,67535648.00
20141105,7.95,7.99,7.87,7.96,1906261,46175688.00
20141106,7.90,8.18,7.90,8.18,3511169,86802792.00
20141107,8.16,8.32,7.93,7.97,4518394,112575112.00
20141110,7.97,7.98,7.79,7.89,2487208,59651076.00
20141111,7.90,7.90,7.23,7.35,4193052,96995192.00
20141112,7.33,7.42,7.25,7.39,2283016,51193972.00
20141113,7.36,7.36,6.94,6.95,4774015,103755040.00
20141114,6.98,7.04,6.87,7.03,2404211,51354868.00
20141117,6.94,7.19,6.94,7.14,2435006,52984536.00
20141118,7.12,7.26,7.09,7.24,1712062,37749096.00
20141119,7.29,7.37,7.24,7.34,1527923,34150528.00
20141120,7.29,7.38,7.24,7.37,1664335,37243032.00
20141121,7.36,7.45,7.23,7.39,1847335,41672736.00
20141124,7.48,7.51,7.26,7.31,2706910,60763900.00
20141125,7.33,7.47,7.30,7.45,2792387,63226244.00
20141126,7.45,7.65,7.45,7.64,3310176,76398880.00
20141127,7.66,7.79,7.45,7.63,3817128,88915408.00
20141128,7.59,7.62,7.42,7.46,2973252,68207496.00
20141201,7.38,7.40,7.16,7.19,3294386,72816544.00
20141202,7.19,7.52,7.16,7.42,3439103,77680552.00
20141203,7.39,7.57,7.18,7.52,4016359,90179848.00
20141204,7.58,7.61,7.46,7.48,3977025,91293464.00
20141205,7.47,7.47,7.04,7.18,4508044,99409472.00
20141208,7.09,7.21,6.97,7.13,3276085,71271368.00
20141209,7.01,7.12,6.56,6.56,3866335,81451464.00
20141210,6.65,6.96,6.54,6.93,2824120,58817988.00
20141211,6.92,7.17,6.87,7.00,2605266,55988312.00
20141212,7.03,7.26,6.94,7.20,3138117,68160440.00
20141215,7.20,7.26,7.10,7.23,2481488,54706888.00
20141216,7.23,7.33,7.19,7.26,2782758,61821012.00
20141217,7.23,7.43,7.10,7.13,2447783,53817824.00
20141218,7.13,7.27,7.05,7.07,2579553,56556264.00
20141219,7.06,7.09,6.72,6.86,2666790,56540284.00
20141222,6.80,6.85,6.25,6.28,3431482,67729792.00
20141223,6.29,6.42,6.16,6.24,2624577,50684496.00
20141224,6.31,6.46,6.30,6.44,2708725,53109464.00
20141225,6.47,6.52,6.38,6.45,2628649,51795916.00
20141226,6.43,6.49,6.37,6.46,1863235,36689260.00
20141229,6.47,6.47,6.19,6.26,2245414,43311616.00
20141230,6.29,6.68,6.24,6.66,6071936,121148944.00
20141231,6.69,7.31,6.59,7.16,9725254,206582624.00
20150105,7.05,7.14,6.82,7.05,5491861,117551728.00
20150106,7.03,7.30,6.93,7.22,3992844,87620552.00
20150107,7.22,7.34,7.13,7.27,3314805,73259680.00
20150108,7.27,7.27,7.09,7.15,2781666,61155872.00
20150109,7.09,7.29,6.99,7.08,2517686,55371052.00
20150112,7.03,7.15,6.99,7.00,1678193,36206776.00
20150113,7.05,7.23,6.97,7.20,2455981,53688640.00
20150114,7.20,7.20,6.99,7.06,1918384,41544292.00
20150115,7.03,7.21,7.03,7.07,1483560,32248612.00
20150116,7.06,7.19,7.02,7.12,2308918,50213524.00
20150119,6.98,7.36,6.98,7.06,4135721,90838720.00
20150120,7.14,7.46,7.12,7.46,5287680,118147288.00
20150121,7.46,7.59,7.38,7.43,5097730,116562872.00
20150122,7.43,7.66,7.38,7.66,5179249,119284864.00
20150123,7.71,7.71,7.42,7.42,3694432,84860016.00
20150126,7.41,7.63,7.39,7.58,2459861,56681712.00
20150127,7.46,7.49,7.13,7.29,7395260,165066288.00
20150128,7.25,7.33,7.21,7.26,2900054,64485660.00
20150129,7.19,7.24,7.07,7.07,2661778,58009036.00
20150130,7.12,7.18,7.01,7.01,2075267,45038740.00
20150202,6.99,7.11,6.87,7.03,1742606,37556260.00
20150203,7.07,7.17,7.03,7.12,2387052,51985040.00
20150204,7.12,7.14,6.93,6.93,2717528,58567256.00
20150205,6.98,7.03,6.88,6.94,2062882,43948124.00
20150206,6.94,6.94,6.61,6.66,2774502,57076408.00
20150209,6.60,6.73,6.57,6.62,1247840,25454476.00
20150210,6.60,6.72,6.59,6.70,1082516,22158790.00
20150211,6.73,6.79,6.70,6.77,1201732,24864494.00
20150212,6.77,6.83,6.76,6.82,1293135,26888770.00
20150213,6.83,7.09,6.82,7.09,3734497,80237944.00
20150216,7.10,7.26,7.04,7.21,2418810,53047124.00
20150217,7.22,7.22,7.10,7.17,2004392,43901756.00
20150225,7.14,7.29,7.14,7.18,2657635,58749956.00
20150226,7.20,7.38,7.19,7.26,2464517,54794940.00
20150227,7.20,7.47,7.20,7.46,4306513,96538608.00
20150302,8.22,8.22,7.81,7.97,13752017,336166240.00
20150303,7.97,8.29,7.88,8.04,10182620,252610608.00
20150304,7.96,8.06,7.83,8.00,4933936,119582464.00
20150305,8.00,8.22,7.90,8.18,6379692,158014640.00
20150306,8.11,8.15,7.78,7.79,4517708,109591624.00
20150309,7.76,7.99,7.68,7.89,3359962,81008688.00
20150310,7.91,8.26,7.87,8.12,4522475,112093328.00
20150311,8.09,8.53,8.09,8.46,6690764,170203984.00
20150312,8.44,8.44,7.98,8.22,5159293,129155336.00
20150313,8.18,8.25,8.03,8.23,4027256,99895000.00
20150316,8.43,8.51,8.26,8.29,6297286,160024656.00
20150317,8.30,8.35,8.08,8.11,7250367,181367024.00
20150318,8.16,8.42,8.15,8.40,7133132,180908752.00
20150319,8.31,8.40,8.18,8.33,5403292,136444720.00
20150320,8.35,8.65,8.32,8.44,7087339,182507440.00
20150323,8.62,9.03,8.53,8.84,8900878,239796832.00
20150324,8.79,9.02,8.31,8.72,8063857,212853312.00
20150325,8.62,8.92,8.56,8.82,8300519,221607136.00
20150326,8.73,8.85,8.39,8.44,6787894,177108512.00
20150327,8.22,9.25,8.22,9.03,8502317,224257696.00
20150330,8.98,8.99,8.70,8.80,5742712,154642960.00
20150331,8.83,9.06,8.70,8.84,5610453,152006704.00
20150401,8.74,8.98,8.73,8.92,6831693,184744864.00
20150402,8.95,9.29,8.93,9.26,8606468,239412096.00
20150403,9.25,9.69,9.09,9.57,9438113,269071168.00
20150407,9.53,10.01,9.45,9.85,7731571,229532096.00
20150408,9.90,9.90,9.21,9.48,8690775,251177952.00
20150409,9.49,9.49,8.86,9.19,6528179,181030080.00
20150410,9.13,9.50,9.05,9.43,5356492,152321392.00
20150413,10.25,10.25,9.63,9.73,9219762,277369568.00
20150414,9.77,10.46,9.77,10.19,9467210,292789536.00
20150415,10.03,10.11,9.27,9.27,6116416,179874944.00
20150416,9.14,10.21,8.99,10.21,11079169,328072800.00
20150417,10.72,11.24,10.36,10.44,10929103,361082272.00
20150420,10.18,10.35,9.77,9.79,7469308,229108800.00
20150421,9.74,10.68,9.74,10.68,7004947,219014832.00
20150422,11.13,11.76,11.13,11.76,12161490,431227584.00
20150423,11.76,12.95,11.59,12.95,13897978,519992800.00
20150424,12.96,13.58,12.53,13.21,11282836,446973632.00
20150427,13.11,13.32,12.49,12.85,7339092,283787392.00
20150428,12.86,12.86,11.55,11.79,9327330,336028928.00
20150429,11.73,12.13,11.53,11.76,6755568,243260960.00
20150430,11.93,12.58,11.48,11.50,11611173,280598720.00
20150504,11.54,11.80,11.24,11.62,5634913,131011576.00
20150505,11.60,11.60,10.92,11.14,8291240,186470128.00
20150506,11.25,11.61,11.05,11.24,6671298,152545312.00
20150507,11.24,11.38,10.94,11.03,4783045,107444920.00
20150508,11.20,12.13,11.18,11.93,10980780,258044128.00
20150511,11.93,13.13,11.83,12.77,12610974,320848320.00
20150512,12.77,14.05,12.60,14.05,14261602,385208512.00
20150513,13.63,14.31,13.18,13.90,9016158,249498656.00
20150514,13.67,14.50,13.54,13.57,12072430,340892608.00
20150515,13.32,13.98,12.69,13.52,11215020,300815040.00
20150518,13.62,14.88,13.56,14.88,7888946,230963520.00
20150519,14.98,16.38,14.43,16.38,13845662,436498720.00
20150520,16.14,18.02,16.14,17.23,8048585,281537312.00
20150521,17.58,18.96,16.71,18.96,9434813,342318848.00
20150522,19.55,19.82,17.78,17.93,10768506,406923680.00
20150525,17.18,18.87,16.93,17.53,9341106,335983456.00
20150526,17.63,18.50,17.18,18.37,8211548,296987136.00
20150527,18.43,19.31,18.43,18.68,6663279,252672480.00
20150528,18.45,20.43,17.13,17.73,7554085,292181056.00
20150529,17.78,19.51,17.31,19.51,8762026,329154560.00
20150601,19.78,21.37,19.78,21.23,6569815,271130688.00
20150602,21.23,22.30,20.45,21.76,7660022,328105152.00
20150603,21.77,21.93,20.28,20.99,5543392,233565440.00
20150604,20.43,20.91,18.89,18.89,6084099,235830496.00
20150605,19.38,19.89,17.46,18.70,8374166,315028544.00
20150608,18.78,18.93,17.41,18.92,6304353,228291200.00
20150609,18.48,19.58,18.33,19.08,4100604,156582928.00
20150610,18.76,19.68,18.59,19.63,5289784,203339552.00
20150611,19.87,21.60,19.87,21.60,5565027,235914432.00
20150612,22.59,23.77,22.59,23.77,2833312,133016864.00
20150626,21.39,21.39,21.39,21.39,1132900,48624068.00
20150629,19.24,19.24,19.24,19.24,49700,1919911.00
20150630,17.31,18.93,17.31,17.31,17705868,621428224.00
20150701,16.18,17.22,15.57,15.57,13474446,440411072.00
20150702,14.63,14.83,14.01,14.01,10042778,283954944.00
20150703,12.60,13.19,12.60,12.60,8630050,219841712.00
20150706,13.15,13.25,11.33,11.33,10222844,244088208.00
20150707,10.19,10.19,10.19,10.19,100700,2067371.00
20150715,11.22,11.22,11.22,11.22,1011567,22841182.00
20150716,10.09,11.68,10.09,10.85,18690309,400784128.00
20150717,10.83,11.92,10.50,11.84,15616036,353899232.00
20150720,11.95,13.03,11.94,12.82,16021438,403308032.00
20150721,12.44,14.02,12.43,13.44,12489073,333142784.00
20150722,13.49,13.73,12.44,13.15,13295606,346413120.00
20150723,13.13,14.02,12.75,13.85,14507135,388897312.00
20150724,13.79,14.63,13.28,13.63,16864955,474458944.00
20150727,13.14,13.80,12.26,12.26,9253621,243057120.00
20150728,11.02,12.07,11.02,11.02,14846513,332494432.00
20150729,11.20,11.43,9.93,11.43,16674157,357311744.00
20150730,11.03,11.35,10.28,10.28,12715760,279675552.00
20150731,9.86,10.17,9.25,9.43,9606601,188834960.00
20150803,9.48,9.88,8.53,8.78,11236014,209552336.00
20150804,8.95,9.66,8.92,9.66,11363657,212944032.00
20150805,9.92,10.50,9.77,10.15,15779687,321772800.00
20150806,9.82,10.83,9.67,10.83,14685761,308109472.00
20150807,10.68,11.24,10.31,11.04,20404935,442688864.00
20150810,11.13,12.15,11.04,11.93,17752537,412658752.00
20150811,11.87,12.22,11.58,11.86,13400188,321029344.00
20150812,11.73,12.23,11.53,11.94,11836241,283989792.00
20150813,12.00,12.20,11.38,12.13,15888824,380100864.00
20150814,12.23,12.38,11.93,12.03,12513195,305219264.00
20150817,12.15,12.18,11.68,11.88,7437195,178337504.00
20150818,11.83,12.17,10.69,10.69,9786128,227973376.00
20150819,10.00,10.91,9.64,10.70,14010591,287258048.00
20150820,10.45,10.62,10.02,10.02,8262797,172018672.00
20150821,9.85,9.85,9.10,9.11,9467268,181316688.00
20150824,8.68,8.72,8.19,8.19,5677300,94739640.00
20150825,7.37,7.71,7.37,7.37,9684844,144495664.00
20150826,7.38,7.68,6.65,6.83,12275696,179017984.00
20150827,7.10,7.27,6.69,7.22,10210132,145387136.00
20150828,7.41,7.91,7.30,7.91,11545918,176116000.00
20150831,7.92,8.10,7.39,7.42,12503000,197633600.00
20150901,7.27,7.37,6.67,6.67,12629788,174224976.00
20150902,6.08,7.05,6.08,6.26,10929429,143579120.00
20150907,6.52,6.89,6.49,6.68,13010282,177011712.00
20150908,6.60,7.36,6.52,7.36,12610655,177102800.00
20150909,7.52,8.00,7.48,7.88,17265251,269904288.00
20150910,7.65,7.84,7.53,7.67,12308828,191426592.00
20150911,7.63,7.98,7.63,7.93,11454921,181267072.00
20150914,8.04,8.07,7.13,7.13,10573746,159844288.00
20150915,6.73,7.64,6.48,7.31,24437912,351835072.00
20150916,7.30,8.05,7.23,8.05,22592318,346950816.00
20150917,8.13,8.86,8.01,8.18,31618864,536749600.00
20150918,8.18,8.85,7.82,8.66,23931179,401891136.00
20150921,8.38,9.12,8.33,9.06,25254015,448611872.00
20150922,8.93,9.50,8.64,9.15,28333329,514685088.00
20150923,8.87,9.27,8.78,8.96,18206626,331309632.00
20150924,8.95,9.38,8.43,8.79,17375362,312560672.00
20150925,8.69,9.01,8.12,8.60,17165109,296875744.00
20150928,8.66,9.47,8.48,9.47,20430660,373907936.00
20150929,9.27,9.68,8.91,9.29,20188461,378375136.00
20150930,9.27,9.37,8.58,8.72,15409144,276272800.00
20151008,9.15,9.41,8.93,9.13,16001009,296213472.00
20151009,9.13,9.71,9.08,9.71,20020998,379563712.00
20151012,9.78,10.37,9.63,10.17,22669394,458403712.00
20151013,9.97,10.38,9.88,10.22,16047259,326593504.00
20151014,10.23,10.67,10.02,10.32,18126071,376110176.00
20151015,10.12,10.73,9.97,10.73,20286835,424123232.00
20151016,10.80,10.80,10.29,10.76,20558140,436860384.00
20151019,10.63,10.64,10.07,10.26,16259482,338212448.00
20151020,10.27,10.68,10.18,10.47,14223111,299376384.00
20151021,10.38,10.45,9.41,9.41,17626708,352681888.00
20151022,9.35,9.84,9.35,9.83,13505805,261679616.00
20151023,10.04,10.52,9.93,10.48,16728697,345876288.00
20151026,10.79,10.82,10.33,10.48,16709827,354889760.00
20151027,10.38,10.55,9.58,10.33,14528055,295831424.00
20151028,10.36,10.90,9.93,10.12,14811203,314084064.00
20151029,10.29,10.58,9.98,10.30,11160308,232182512.00
20151030,10.28,10.87,10.05,10.55,14961264,318235232.00
20151102,10.20,11.18,10.07,10.77,18350508,394107904.00
20151103,10.78,10.83,10.26,10.40,12365452,261939696.00
20151104,10.62,11.45,10.51,11.45,23621802,528092032.00
20151105,11.35,11.52,11.04,11.32,17905308,405879232.00
20151106,11.40,11.81,11.34,11.77,21059447,488269408.00
20151109,11.49,11.75,11.10,11.54,18617480,429345152.00
20151110,11.43,11.73,11.18,11.33,14595181,336835040.00
20151111,11.38,11.92,11.24,11.74,16040993,375437568.00
20151112,11.88,12.17,11.43,11.84,22038742,524993632.00
20151113,11.48,11.67,10.83,11.09,14358484,326875296.00
20151116,10.85,11.63,10.77,11.63,10866695,246558224.00
20151117,11.68,12.10,11.58,11.64,19896086,475016832.00
20151118,11.70,11.80,11.00,11.13,9312179,213594784.00
20151119,11.07,11.68,11.05,11.68,8802250,200401072.00
20151120,11.73,12.82,11.68,12.60,22345489,557731136.00
20151123,12.48,12.63,11.85,12.03,16700050,414647072.00
20151124,11.93,12.43,11.77,12.43,10972057,269120224.00
20151125,12.43,12.74,12.38,12.73,13359213,338740992.00
20151126,12.82,12.95,12.21,12.30,13705507,347709792.00
20151127,12.31,12.62,11.07,11.07,14483720,344518432.00
20151130,11.19,11.32,10.14,11.07,14281307,311550368.00
20151201,10.98,11.53,10.95,11.13,12950601,292247712.00
20151202,11.13,11.17,10.13,10.51,11137791,237341616.00
20151203,10.63,10.88,10.51,10.85,10052262,216600112.00
20151204,10.77,11.08,10.58,10.75,8630437,187863024.00
20151207,10.84,11.13,10.79,11.04,8442773,186476256.00
20151208,11.07,11.34,10.94,11.03,10404626,233200224.00
20151209,10.83,10.93,10.59,10.75,6862863,148523264.00
20151210,10.68,11.02,10.68,10.83,6181347,135596720.00
20151211,10.81,11.03,10.69,10.86,5795779,127082520.00
20151214,10.68,11.11,10.63,11.08,6394631,140068112.00
20151215,11.13,11.60,10.99,11.47,10063402,230736000.00
20151216,11.61,11.82,11.37,11.58,9019123,210193264.00
20151217,11.68,12.02,11.68,11.90,8772377,209416656.00
20151218,11.88,12.10,11.58,11.68,7759862,184471856.00
20151221,11.77,12.18,11.53,12.14,10506192,250348464.00
20151222,12.21,13.36,12.18,13.36,14562667,374571744.00
20151223,13.88,14.43,13.58,13.74,23902793,674805056.00
20151224,13.91,14.53,13.13,14.09,19232172,539006656.00
20151225,13.77,14.93,13.76,14.24,17713989,514648896.00
20151228,14.18,14.33,13.31,13.31,13800597,381996416.00
20151229,13.34,13.72,13.14,13.58,7288841,196894064.00
20151230,13.60,13.85,13.36,13.71,7378780,202366320.00
20151231,13.71,13.71,12.99,12.99,5998586,161487488.00
20160104,13.05,13.12,11.68,11.68,7180254,174484672.00
20160105,10.58,11.42,10.51,10.82,13984413,305768064.00
20160106,10.87,11.20,10.69,11.18,7638784,169157904.00
20160107,10.92,10.93,10.05,10.05,2954900,61215908.00
20160108,10.30,10.34,9.09,9.78,11282098,223326848.00
20160111,9.43,9.58,8.79,8.79,7863682,143557152.00
20160112,8.74,9.17,8.28,8.90,7039647,125263552.00
20160113,9.00,9.20,8.08,8.16,5554934,98783608.00
20160114,7.93,8.98,7.82,8.98,6891846,117898840.00
20160115,8.93,9.17,8.47,8.67,7656438,137659744.00
20160118,8.51,9.35,8.48,9.10,7090017,128638088.00
20160119,8.94,9.53,8.81,9.45,9749050,179886016.00
20160120,9.32,9.48,9.13,9.24,6485988,121476480.00
20160121,8.99,9.63,8.70,8.73,8303670,155400368.00
20160122,8.75,9.02,8.34,8.89,6691480,118105984.00
20160125,8.98,9.42,8.93,9.16,6235961,114741776.00
20160126,8.98,9.05,8.23,8.23,8126995,141209728.00
20160127,8.23,8.38,7.43,7.97,7822626,123912608.00
20160128,7.77,7.92,7.44,7.67,5204611,81293560.00
20160129,7.74,8.45,7.74,8.45,8517397,141309680.00
20160201,8.26,8.53,8.05,8.13,8144928,135409248.00
20160202,8.23,8.82,8.23,8.66,7439591,128651880.00
20160203,8.49,8.88,8.39,8.81,6300919,108854016.00
20160204,8.83,9.13,8.83,9.00,5812781,105451928.00
20160205,9.01,9.08,8.75,8.82,4287140,76680208.00
20160215,8.54,9.05,8.54,9.03,4845644,85765352.00
20160216,9.05,9.64,9.00,9.60,7149021,135779968.00
20160217,9.47,9.67,9.28,9.61,6373135,121824848.00
20160218,9.73,9.81,9.34,9.38,7303429,140637168.00
20160219,9.28,9.65,9.23,9.58,5222792,100258336.00
20160222,9.77,9.85,9.46,9.66,5616427,108896336.00
20160223,9.64,9.64,9.25,9.44,6403473,121669008.00
20160224,9.40,9.63,9.11,9.58,6584820,125026208.00
20160225,9.56,9.56,8.61,8.61,6702212,121580808.00
20160226,8.73,8.85,8.07,8.44,7786501,132336360.00
20160229,8.28,8.28,7.59,7.59,6370313,99857224.00
20160301,7.45,7.92,7.15,7.71,7341502,111261272.00
20160302,7.72,8.22,7.58,8.10,7657815,121869280.00
20160303,8.06,8.36,8.03,8.04,6213195,102335624.00
20160304,8.01,8.10,7.44,7.54,6061810,94679592.00
20160307,7.65,7.96,7.63,7.79,4283421,67340024.00
20160308,7.70,7.81,7.23,7.77,5702439,86890008.00
20160309,7.52,7.74,7.44,7.53,4149905,63623652.00
20160310,7.55,7.70,7.44,7.48,3741799,57160644.00
20160311,7.43,7.65,7.33,7.60,3807165,57503916.00
20160314,7.75,8.13,7.73,8.05,6211940,100250584.00
20160315,7.98,8.16,7.96,8.07,5867839,95495792.00
20160316,8.27,8.32,7.93,8.07,6068557,99406296.00
20160317,8.11,8.54,8.05,8.46,6822139,114644608.00
20160318,8.43,8.87,8.43,8.76,5891312,103076064.00
20160321,8.81,9.02,8.68,8.96,7485715,132959936.00
20160322,8.83,9.25,8.76,9.05,8432925,153290224.00
20160323,9.23,9.33,8.93,9.07,7225546,132533040.00
20160324,8.90,8.97,8.69,8.84,6603921,117926872.00
20160325,8.68,9.08,8.68,9.01,4913465,88075032.00
20160328,8.94,9.25,8.71,8.85,4679798,85145488.00
20160329,8.84,8.84,8.36,8.63,4490122,77671984.00
20160330,8.67,9.23,8.66,9.22,6268507,113166392.00
20160331,9.25,9.54,9.08,9.18,7443957,140448976.00
20160401,9.15,9.27,8.83,9.26,4788180,87359224.00
20160405,9.26,9.61,9.23,9.53,4596368,87749144.00
20160406,9.45,9.60,9.33,9.47,3613854,68962296.00
20160407,9.50,10.22,9.49,9.81,13431163,265857152.00
20160408,9.72,10.55,9.50,10.26,12887648,263426464.00
20160411,10.43,10.68,10.23,10.29,8655341,182054048.00
20160412,10.23,10.23,9.87,10.10,6366459,128607672.00
20160413,10.20,10.63,10.11,10.38,7278322,152244640.00
20160414,10.32,10.68,10.07,10.62,7449855,155958896.00
20160415,10.49,10.79,10.35,10.53,5276926,111876712.00
20160418,10.53,11.12,10.31,10.33,7062088,151839792.00
20160419,10.43,10.80,10.23,10.40,4568652,96460528.00
20160420,10.41,10.68,9.52,9.97,5853176,118623360.00
20160421,9.85,10.23,9.83,9.98,4021410,81357736.00
20160422,10.00,10.42,9.91,10.07,6440697,132358088.00
20160425,9.93,10.10,9.65,9.85,3501795,69598816.00
20160426,9.95,10.53,9.78,10.52,5065526,103325312.00
20160427,10.41,10.84,10.28,10.66,5968652,127391456.00
20160428,10.53,10.65,10.13,10.43,4468232,93599464.00
20160429,10.43,10.96,10.25,10.43,5994156,128418128.00
20160503,10.35,11.10,10.25,11.10,7251882,157527088.00
20160504,11.00,11.16,10.88,11.00,5167003,114629440.00
20160505,10.88,11.11,10.78,11.02,3932345,86470640.00
20160506,11.00,11.32,10.43,10.43,6321030,138174080.00
20160509,10.23,10.28,9.38,9.38,9978341,192930992.00
20160510,9.33,9.47,9.15,9.35,4850151,90914704.00
20160511,9.37,9.42,8.92,8.98,5482473,101715424.00
20160512,8.73,8.85,8.58,8.83,6177423,108327496.00
20160513,8.76,8.97,8.68,8.83,4896521,87213216.00
20160516,8.83,9.10,8.69,9.08,4124138,74317176.00
20160517,9.12,9.15,8.86,9.02,4917161,89466712.00
20160518,8.89,8.97,8.18,8.43,4876712,84165480.00
20160519,8.38,8.79,8.38,8.59,3733561,64882408.00
20160520,8.52,8.90,8.24,8.88,3678900,64481828.00
20160523,8.87,9.10,8.85,8.99,3547264,64328540.00
20160524,8.98,9.11,8.89,9.04,3719050,67634712.00
20160525,9.12,9.15,8.87,8.91,3586058,65237380.00
20160526,8.91,9.03,8.53,9.01,3366451,59617844.00
20160527,9.07,9.30,9.04,9.12,4108166,76079728.00
20160530,8.98,9.32,8.94,9.16,3047366,56369064.00
20160531,9.35,9.67,9.16,9.67,5484326,105392840.00
20160601,10.27,10.64,10.15,10.64,7797853,165838112.00
20160602,10.68,11.37,10.53,11.28,26923815,595581376.00
20160603,11.48,11.49,10.78,10.97,32026538,355499776.00
20160606,10.92,11.08,10.51,10.73,24318321,262607632.00
20160607,10.75,10.77,10.33,10.58,26541353,278640864.00
20160608,10.50,10.64,10.27,10.46,19395757,203702784.00
20160613,10.30,10.56,9.82,9.82,18318919,188963104.00
20160614,9.64,10.18,9.62,10.09,14597387,144836848.00
20160615,9.87,10.58,9.87,10.47,16444034,170236384.00
20160616,10.37,10.72,10.16,10.49,18941879,197723328.00
20160617,10.53,10.65,10.28,10.37,12948859,136067536.00
20160620,10.48,10.61,10.28,10.53,10007215,104873808.00
20160621,10.59,10.62,10.03,10.12,12076019,125016984.00
20160622,10.10,10.35,9.94,10.31,10069155,102614496.00
20160623,10.25,10.60,10.22,10.45,16055836,168468496.00
20160624,10.52,10.52,9.70,10.12,16348032,167009840.00
20160627,9.98,10.42,9.91,10.41,15424194,158523952.00
20160628,10.35,10.93,10.18,10.71,23120076,246305712.00
20160629,10.84,10.85,10.50,10.59,13811058,146607376.00
20160630,10.59,10.83,10.43,10.81,16747078,178197120.00
20160701,10.70,11.07,10.60,10.64,14362232,155651456.00
20160704,10.48,10.83,10.45,10.74,13901134,148567056.00
20160705,10.77,10.83,10.50,10.61,14442752,153885056.00
20160706,10.56,10.66,10.49,10.63,9038159,95762768.00
20160707,10.63,10.72,10.34,10.45,12448122,130683696.00
20160708,10.45,10.86,10.43,10.79,16875009,180443056.00
20160711,10.80,10.90,10.60,10.79,16891845,181823200.00
20160712,10.74,11.19,10.62,11.17,26677817,292669440.00
20160713,11.27,12.29,11.24,12.29,24994718,295395456.00
20160714,12.74,12.86,11.84,12.35,46961985,583913728.00
20160715,12.17,12.25,11.81,11.87,18357025,220116000.00
20160718,11.90,12.33,11.53,12.09,22037761,265332288.00
20160719,11.98,12.47,11.83,12.45,21012943,255744592.00
20160720,12.30,12.57,12.16,12.19,13691927,169294160.00
20160721,12.23,13.41,12.23,12.53,40561807,523126464.00
20160722,12.47,12.83,12.16,12.23,16887977,210212768.00
20160725,12.17,12.63,12.02,12.37,18977855,235717200.00
20160726,12.23,12.68,12.22,12.45,10606944,132483376.00
20160727,12.48,12.57,11.20,11.20,25617293,299989888.00
20160728,11.33,11.40,10.78,11.14,15339640,171240400.00
20160729,11.38,11.38,11.00,11.19,9705459,108789000.00
20160801,11.03,11.17,10.49,11.06,10463008,113717232.00
20160802,10.98,11.12,10.83,11.04,6235269,68818728.00
20160803,11.01,11.11,10.88,10.95,5920945,65208420.00
20160804,10.92,11.18,10.69,11.05,7264541,79877280.00
20160805,11.08,11.11,10.88,10.94,6216273,68488280.00
20160808,10.91,11.10,10.72,11.09,7125378,78076976.00
20160809,11.08,11.17,11.00,11.16,9124811,101475232.00
20160810,11.12,11.53,11.11,11.46,13810532,156940432.00
20160811,11.58,12.26,11.58,11.62,27643935,328226240.00
20160812,11.43,11.60,11.28,11.50,12344422,141935840.00
20160815,11.50,11.96,11.21,11.82,19457477,227108320.00
20160816,11.78,12.23,11.74,12.01,15698546,188753872.00
20160817,11.99,12.16,11.82,12.00,11753170,141147168.00
20160818,11.88,12.20,11.78,12.06,11294275,135531536.00
20160819,12.04,12.06,11.86,11.94,8148750,97644864.00
20160822,11.94,11.94,11.15,11.20,20082319,230735072.00
20160823,11.18,11.30,11.03,11.19,8416798,94264824.00
20160824,11.19,11.48,11.16,11.32,6580141,74760072.00
20160825,11.28,11.35,11.03,11.35,7615756,85292616.00
20160826,11.40,11.61,11.31,11.38,8031317,92200216.00
20160829,11.37,11.76,11.26,11.76,11145661,129345496.00
20160830,11.88,12.13,11.67,11.76,18150244,217739376.00
20160831,11.67,11.78,11.58,11.71,7893731,92372464.00
20160901,11.72,12.03,11.62,11.80,11928203,141605776.00
20160902,11.73,11.84,11.57,11.73,7714348,90492624.00
20160905,11.78,11.89,11.71,11.89,7617472,90190592.00
20160906,11.83,12.45,11.62,12.27,22968860,279169088.00
20160907,12.27,12.53,12.05,12.08,19297858,237574352.00
20160908,12.08,12.28,12.03,12.25,11266681,136913024.00
20160909,12.21,12.30,11.96,11.97,9858430,119636936.00
20160912,11.60,11.70,11.27,11.28,11417150,131767560.00
20160913,11.33,11.45,11.17,11.28,7835080,88624232.00
20160914,11.19,11.30,11.11,11.14,5250303,58849932.00
20160919,11.18,11.33,11.16,11.30,5460176,61582576.00
20160920,11.32,11.36,11.16,11.22,4877969,55014428.00
20160921,11.23,11.27,11.14,11.22,4158740,46694880.00
20160922,11.34,11.40,11.20,11.24,5838150,66125540.00
20160923,11.27,11.32,10.98,10.99,8065058,90132480.00
20160926,11.02,11.02,10.52,10.56,8571893,92659336.00
20160927,10.58,10.83,10.51,10.80,5488535,58529128.00
20160928,10.79,10.83,10.64,10.75,3868037,41581476.00
20160929,10.75,11.09,10.69,10.84,7159157,78508160.00
20160930,10.82,10.93,10.81,10.90,3164245,34436184.00
20161010,10.96,11.26,10.96,11.24,8303187,92814600.00
20161228,11.18,11.66,10.70,10.91,20165829,224622512.00
20161229,10.78,10.91,10.10,10.16,18417960,191813856.00
20161230,10.13,10.27,9.98,9.98,7489607,75823584.00
20170103,10.09,10.26,10.09,10.13,4963081,50559604.00
20170104,10.26,10.33,10.13,10.29,6702862,68801680.00
20170105,10.26,10.47,10.19,10.41,8171608,84652528.00
20170106,10.35,10.50,10.24,10.35,6710573,69767984.00
20170109,10.29,10.37,10.19,10.25,5655835,58128396.00
20170110,10.31,10.32,10.09,10.20,5229643,53342260.00
20170111,10.17,10.23,9.89,9.90,5454989,54905144.00
20170112,9.91,10.04,9.91,9.94,5601468,55973940.00
20170113,9.98,10.03,9.69,9.80,4516472,44674088.00
20170116,9.80,9.91,8.86,9.13,8007679,74755984.00
20170117,9.08,9.34,8.89,9.25,4551706,41657084.00
20170118,9.21,9.24,9.10,9.11,2662358,24402568.00
20170119,9.11,9.29,8.96,9.17,4170447,38104152.00
20170120,9.12,9.43,9.07,9.31,4149140,38752776.00
20170123,9.26,9.45,9.26,9.40,4296378,40375172.00
20170124,9.40,9.41,9.28,9.29,2517300,23537364.00
20170125,9.28,9.38,9.23,9.31,2373089,22118796.00
20170126,9.31,9.42,9.31,9.41,2403688,22573192.00
20170203,9.41,9.61,9.36,9.55,5621682,53618488.00
20170206,9.49,9.69,9.44,9.68,5266946,50666988.00
20170207,9.71,9.76,9.55,9.64,3751269,36314624.00
20170208,9.58,9.75,9.51,9.75,4167151,40326232.00
20170209,9.81,10.06,9.70,9.97,5804870,57652572.00
20170210,9.97,10.00,9.76,9.83,5266790,52052160.00
20170213,9.83,9.92,9.76,9.86,3351058,33035106.00
20170214,9.87,9.92,9.75,9.83,2981564,29285348.00
20170215,9.83,9.87,9.61,9.65,3266495,31959490.00
20170216,9.66,9.75,9.56,9.69,2532834,24525684.00
20170217,9.68,9.73,9.47,9.48,3616924,34775120.00
20170220,9.52,9.86,9.37,9.72,7883766,75548112.00
20170221,9.72,9.91,9.67,9.87,7527406,73985696.00
20170222,9.83,9.90,9.76,9.85,4744837,46606176.00
20170223,9.86,9.87,9.74,9.82,4483647,43945692.00
20170224,9.80,9.87,9.78,9.87,4372920,43044836.00
20170227,9.86,10.00,9.77,9.81,6012339,59647748.00
20170228,9.79,9.90,9.73,9.80,4976685,48860388.00
20170301,9.78,9.86,9.76,9.79,4686166,46063164.00
20170302,9.79,9.85,9.49,9.52,6802123,65750708.00
20170303,9.50,9.64,9.35,9.57,4903088,46566096.00
20170306,9.54,9.94,9.54,9.89,8032499,78996096.00
20170307,10.09,10.17,9.87,9.93,8038109,80441432.00
20170308,9.92,10.09,9.84,9.88,5598272,55881320.00
20170309,9.96,10.02,9.70,9.74,7921323,78102464.00
20170310,9.67,9.77,9.53,9.56,6514950,63072436.00
20170313,9.57,9.94,9.54,9.94,10666092,104127368.00
20170314,9.96,10.16,9.84,10.06,11521592,115155768.00
20170315,10.00,10.24,9.84,10.22,14179961,143927792.00
20170316,10.16,10.32,10.08,10.17,12670322,129268688.00
20170317,10.18,10.38,9.93,9.97,10769237,109419120.00
20170320,10.00,10.21,9.88,10.20,7233730,72760808.00
20170321,10.20,10.22,10.06,10.14,6152778,62350556.00
20170322,10.13,10.18,9.91,9.96,5782603,58034324.00
20170323,9.98,10.10,9.80,9.96,6075253,60568584.00
20170324,9.90,10.23,9.90,10.17,8087647,81572816.00
20170327,10.15,10.23,10.03,10.15,5313689,53758620.00
20170328,10.10,10.16,9.98,10.15,4817111,48613260.00
20170329,10.13,10.17,9.98,10.15,6302447,63782028.00
20170330,10.16,10.48,9.90,10.37,13443954,136464128.00
20170331,10.26,10.46,10.04,10.12,15304585,155952640.00
20170405,10.08,10.24,10.00,10.16,12160764,123264944.00
20170406,10.16,10.17,10.02,10.05,9419842,95026456.00
20170407,10.03,10.53,9.96,10.42,20136442,206955872.00
20170410,10.29,10.48,10.25,10.38,12297791,127412576.00
20170411,10.29,10.83,10.22,10.67,16124947,169094832.00
20170412,10.49,10.77,10.39,10.53,13420216,141936160.00
20170413,10.44,11.06,10.41,10.92,22669319,246080656.00
20170414,10.88,10.90,10.66,10.76,12938289,139574176.00
20170417,10.69,10.84,10.16,10.20,18271373,192445216.00
20170418,10.20,10.30,9.71,9.74,14608000,146224128.00
20170419,9.63,9.69,9.29,9.44,9757905,92488552.00
20170420,9.49,9.61,9.38,9.57,8058061,76947768.00
20170421,9.58,9.65,9.31,9.59,7027725,66800348.00
20170424,9.47,9.56,9.09,9.15,5127270,48150496.00
20170425,9.20,9.27,8.99,9.15,5291872,48473628.00
20170426,9.13,9.48,9.09,9.42,6162542,57287252.00
20170427,9.37,9.58,9.18,9.55,7290714,68717280.00
20170428,9.44,9.80,9.44,9.74,5890039,56771796.00
20170502,9.66,9.93,9.55,9.64,9269200,89618152.00
20170503,9.63,9.76,9.39,9.68,8620300,82664520.00
20170504,9.63,9.86,9.60,9.76,12648952,123525352.00
20170505,9.76,9.81,9.13,9.15,10403869,99322648.00
20170508,9.08,9.11,8.69,8.69,8583882,76553504.00
20170509,8.66,8.80,8.54,8.75,4914752,42936100.00
20170510,8.75,8.82,8.23,8.26,7817922,66880576.00
20170511,8.20,8.23,7.78,8.09,7853389,63376008.00
20170512,8.12,8.22,7.98,8.13,4192209,34118552.00
20170515,8.06,8.23,8.02,8.08,2979178,24266402.00
20170516,8.09,8.41,7.95,8.37,5377590,44113572.00
20170517,8.34,8.47,8.29,8.32,4515400,37944380.00
20170518,8.22,8.43,8.18,8.28,3921284,32763962.00
20170519,8.28,8.39,8.24,8.33,2727729,22691466.00
20170522,8.25,8.35,7.98,8.00,3748900,30624462.00
20170523,7.95,8.03,7.72,7.72,5284806,41765100.00
20170524,7.69,7.83,7.57,7.80,3892900,30116946.00
20170525,7.80,8.04,7.62,7.99,5095459,40059584.00
20170526,7.94,8.07,7.93,7.97,3263000,26179396.00
20170531,8.08,8.13,8.00,8.02,3811560,30785602.00
20170601,8.08,8.08,7.67,7.69,3518166,27774802.00
20170602,7.64,8.46,7.61,8.46,10186758,83429440.00
20170605,8.38,8.52,8.34,8.37,10448778,88326056.00
20170606,8.37,8.45,8.16,8.30,7893715,65503920.00
20170607,8.26,8.53,8.26,8.46,9422300,79478552.00
20170608,8.44,8.54,8.39,8.41,7165422,60672308.00
20170609,8.38,8.52,8.27,8.49,5010283,42158564.00
20170612,8.41,8.43,8.18,8.21,4067987,33802584.00
20170613,8.18,8.46,8.16,8.40,4828601,40566396.00
20170614,8.42,8.45,8.30,8.35,3873100,32484264.00
20170615,8.38,8.71,8.33,8.57,9176133,78752616.00
20170616,8.53,8.58,8.46,8.49,3847146,32772810.00
20170619,8.48,8.55,8.44,8.55,2692757,22974248.00
20170620,8.57,8.63,8.37,8.41,5386557,45767080.00
20170621,8.41,8.43,8.29,8.42,3944515,33053618.00
20170622,8.40,8.41,8.09,8.09,4541500,37743288.00
20170623,8.07,8.19,7.92,8.08,4017906,32392250.00
20170626,8.09,8.27,8.06,8.25,3293221,26947206.00
20170627,8.25,8.39,8.24,8.28,3399902,28278472.00
20170628,8.25,8.25,8.13,8.15,2537701,20728944.00
20170629,8.18,8.29,8.17,8.24,1951357,16062730.00
20170630,8.20,8.29,8.14,8.20,2078100,17022990.00
20170703,8.21,8.31,8.18,8.30,2993810,24690404.00
20170704,8.32,8.36,8.21,8.29,2858320,23659236.00
20170705,8.29,8.40,8.25,8.37,3703777,30879052.00
20170706,8.35,8.47,8.30,8.37,3817406,32009908.00
20170707,8.37,8.42,8.31,8.39,3320252,27773696.00
20170710,8.36,8.37,8.19,8.22,4827899,39904620.00
20170711,8.22,8.28,8.11,8.12,2983318,24420236.00
20170712,8.12,8.17,7.97,8.16,3393755,27358112.00
20170713,8.13,8.15,8.03,8.06,2867420,23122542.00
20170714,8.06,8.09,7.94,7.97,3513000,28085894.00
20170717,7.88,7.92,7.17,7.17,7914049,59119304.00
20170718,7.16,7.27,6.97,7.19,6444604,45899860.00
20170719,7.15,7.24,7.08,7.24,4923622,35282692.00
数据来源:通达信
