300155 安居宝 日线 前复权
      日期	    开盘	    最高	    最低	    收盘	    成交量	    成交额
20110107,6.10,6.14,5.89,5.93,4685062,225244928.00
20110110,5.84,5.88,5.74,5.76,1622733,75590784.00
20110111,5.75,5.76,5.68,5.68,829479,38160916.00
20110112,5.67,5.73,5.67,5.71,414725,19075264.00
20110113,5.73,5.73,5.65,5.65,545725,25016632.00
20110114,5.62,5.65,5.54,5.55,619800,27957026.00
20110117,5.53,5.53,5.41,5.44,485904,21420000.00
20110118,5.37,5.45,5.37,5.41,196930,8632485.00
20110119,5.43,5.51,5.39,5.50,287241,12724326.00
20110120,5.50,5.50,5.30,5.30,414460,18108412.00
20110121,5.30,5.35,5.30,5.34,189678,8193101.50
20110124,5.34,5.36,5.31,5.33,160550,6932073.00
20110125,5.31,5.32,5.17,5.23,321048,13602058.00
20110126,5.25,5.30,5.21,5.29,152776,6539819.00
20110127,5.23,5.33,5.20,5.30,193411,8295276.00
20110128,5.30,5.31,5.28,5.29,140981,6051996.50
20110131,5.25,5.34,5.25,5.34,204324,8804902.00
20110201,5.34,5.35,5.30,5.33,156078,6723003.00
20110209,5.27,5.36,5.26,5.34,197331,8498798.00
20110210,5.31,5.43,5.31,5.43,226198,9891730.00
20110211,5.43,5.45,5.38,5.41,338752,14884715.00
20110214,5.42,5.43,5.37,5.42,565543,24808544.00
20110215,5.42,5.45,5.40,5.40,339519,14928011.00
20110216,5.37,5.46,5.37,5.45,346697,15228058.00
20110217,5.45,5.47,5.41,5.46,331086,14583373.00
20110218,5.48,5.52,5.45,5.47,382745,16975568.00
20110221,5.41,5.54,5.41,5.54,340762,15135888.00
20110222,5.53,5.69,5.44,5.46,473328,21177448.00
20110223,5.44,5.50,5.44,5.48,167416,7419053.00
20110224,5.46,5.49,5.44,5.45,156461,6910674.00
20110225,5.45,5.45,5.40,5.43,163837,7186720.00
20110228,5.41,5.46,5.41,5.44,163821,7209007.00
20110301,5.62,5.62,5.51,5.54,479120,21521658.00
20110302,5.49,5.50,5.46,5.48,251559,11155760.00
20110303,5.46,5.50,5.43,5.46,208697,9199928.00
20110304,5.47,5.47,5.42,5.47,156507,6892795.00
20110307,5.45,5.50,5.45,5.50,221477,9811893.00
20110308,5.50,5.51,5.46,5.51,160050,7103062.50
20110309,5.49,5.51,5.46,5.49,186981,8285247.50
20110310,5.49,5.52,5.46,5.48,237851,10567749.00
20110311,5.46,5.51,5.44,5.47,192211,8532464.00
20110314,5.44,5.49,5.44,5.49,173439,7685163.00
20110315,5.49,5.49,5.35,5.48,335401,14735865.00
20110316,5.44,5.49,5.44,5.48,112870,4995099.00
20110317,5.48,5.48,5.42,5.44,114672,5057412.00
20110318,5.44,5.47,5.43,5.44,121030,5335645.50
20110321,5.44,5.47,5.41,5.47,213110,9378379.00
20110322,5.44,5.47,5.41,5.47,100129,4417838.50
20110323,5.48,5.51,5.45,5.50,204686,9094874.00
20110324,5.51,5.53,5.47,5.53,416918,18605628.00
20110329,6.12,6.12,5.78,5.96,3453943,165287424.00
20110330,5.91,5.99,5.84,5.87,1109307,52791248.00
20110331,5.86,6.02,5.86,5.94,1196756,57496912.00
20110401,5.96,6.35,5.96,6.25,2816581,140302544.00
20110406,6.17,6.22,5.94,5.96,1868914,90849920.00
20110407,5.89,5.89,5.81,5.84,2304490,108462816.00
20110408,5.89,6.07,5.86,5.97,1449993,69737088.00
20110411,5.99,6.03,5.91,5.91,935548,44735220.00
20110412,5.92,6.03,5.83,5.86,888330,42388400.00
20110413,5.84,6.00,5.79,5.97,824488,39436552.00
20110414,5.94,6.03,5.91,5.97,711416,34140100.00
20110415,5.98,6.05,5.90,5.95,1026942,49350444.00
20110419,5.93,5.93,5.79,5.85,870704,40896628.00
20110420,5.90,5.95,5.84,5.94,781520,37160152.00
20110421,5.91,5.96,5.67,5.68,1862121,87201664.00
20110422,5.70,5.70,5.57,5.61,976461,44275340.00
20110425,5.22,5.22,5.01,5.01,1830430,75037504.00
20110426,4.82,4.86,4.75,4.81,786604,30811338.00
20110427,4.86,4.90,4.64,4.65,756001,29416612.00
20110428,4.70,4.70,4.42,4.50,743828,27694292.00
20110429,4.49,4.61,4.48,4.58,441094,16502073.00
20110503,4.61,4.63,4.51,4.63,381213,14356100.00
20110504,4.62,4.75,4.61,4.69,826702,31658540.00
20110505,4.69,4.71,4.62,4.63,768910,29275978.00
20110506,4.48,4.48,4.22,4.33,1302329,18218066.00
20110509,4.34,4.41,4.26,4.29,1201163,16711482.00
20110510,4.31,4.31,4.20,4.24,1110862,15185035.00
20110511,4.23,4.30,4.20,4.27,801373,11013235.00
20110512,4.27,4.27,4.04,4.04,1439674,19194484.00
20110513,4.04,4.09,3.90,4.01,1017562,13183691.00
20110516,3.98,4.04,3.90,3.92,660081,8458974.00
20110517,3.93,3.95,3.86,3.90,984229,12493810.00
20110518,3.89,3.94,3.88,3.92,622074,7901012.00
20110519,3.92,3.94,3.77,3.80,1010606,12695602.00
20110520,3.79,3.80,3.68,3.71,846558,10300488.00
20110523,3.70,3.72,3.48,3.55,1254346,14632684.00
20110524,3.51,3.93,3.46,3.93,2884209,35804112.00
20110525,4.03,4.14,3.94,3.95,5671399,74078472.00
20110526,3.87,4.08,3.79,3.94,2594151,33311998.00
20110527,3.87,4.00,3.64,3.81,2535965,31543758.00
20110530,3.78,4.21,3.70,3.97,4658444,60720424.00
20110531,3.96,4.04,3.79,4.02,3129131,39547892.00
20110601,4.01,4.03,3.93,4.01,1893646,24471334.00
20110602,3.93,4.00,3.81,3.86,1656967,21000146.00
20110603,3.85,3.91,3.78,3.81,1846028,23063316.00
20110607,3.78,3.84,3.75,3.81,1268487,15657654.00
20110608,3.78,3.83,3.69,3.73,1422418,17301202.00
20110609,3.70,3.75,3.61,3.66,1649759,19800552.00
20110610,3.65,3.70,3.51,3.62,1268450,14980214.00
20110613,3.52,3.72,3.52,3.66,834252,9932450.00
20110614,3.66,3.74,3.62,3.70,1015041,12214021.00
20110615,3.70,3.71,3.57,3.59,945795,11212496.00
20110616,3.56,3.59,3.44,3.47,836872,9652908.00
20110617,3.43,3.49,3.40,3.41,768285,8650097.00
20110620,3.42,3.44,3.37,3.44,611999,6844434.00
20110621,3.44,3.47,3.38,3.45,772964,8707597.00
20110622,3.45,3.46,3.39,3.42,379838,4266926.50
20110623,3.42,3.56,3.38,3.54,1250190,14309174.00
20110624,3.48,3.66,3.48,3.61,1345198,15763518.00
20110627,3.64,3.75,3.62,3.68,1563158,18894516.00
20110628,3.69,3.70,3.61,3.68,891861,10614902.00
20110629,3.69,3.74,3.61,3.61,1030500,12329438.00
20110630,3.63,3.66,3.60,3.63,660299,7839060.50
20110701,3.63,3.69,3.63,3.65,779736,9326769.00
20110704,3.70,3.75,3.65,3.75,1392960,16869538.00
20110705,3.76,3.76,3.71,3.74,1301869,15823055.00
20110706,3.71,3.81,3.69,3.81,1605914,19678780.00
20110707,3.74,3.86,3.73,3.76,2648287,32623506.00
20110708,3.76,3.77,3.69,3.70,1200942,14538493.00
20110711,3.68,3.73,3.64,3.72,1090285,13139426.00
20110712,3.69,3.69,3.60,3.62,1082571,12858815.00
20110713,3.61,3.70,3.60,3.69,883315,10574736.00
20110714,3.67,3.87,3.64,3.84,2597336,31980698.00
20110715,3.81,3.93,3.81,3.89,2765023,34869344.00
20110718,3.90,4.00,3.82,3.84,2072039,26365766.00
20110719,3.82,3.82,3.71,3.77,1430363,17448378.00
20110720,3.77,3.83,3.72,3.79,1035371,12746660.00
20110721,3.79,3.80,3.70,3.71,786478,9575814.00
20110722,3.71,3.79,3.71,3.74,632983,7712542.50
20110725,3.73,3.73,3.51,3.51,1328089,15663295.00
20110726,3.50,3.52,3.46,3.50,483694,5528645.50
20110727,3.49,3.57,3.46,3.54,566988,6534933.50
20110728,3.49,3.52,3.46,3.51,509004,5825725.50
20110729,3.51,3.55,3.47,3.48,528235,6057172.50
20110801,3.47,3.52,3.41,3.50,553575,6310628.50
20110802,3.51,3.88,3.48,3.88,3485610,43362172.00
20110803,4.01,4.30,3.99,4.30,12779459,172125312.00
20110804,4.30,4.52,4.15,4.39,10303572,143256864.00
20110805,4.29,4.84,4.23,4.63,11152332,163893280.00
20110808,4.51,5.11,4.34,5.07,13665264,206495952.00
20110809,4.91,5.27,4.82,4.88,10133508,162640224.00
20110810,4.86,5.11,4.83,5.04,9802654,155471696.00
20110811,4.89,4.97,4.76,4.92,8350990,130047144.00
20110812,4.88,5.06,4.86,4.94,8306613,131756160.00
20110815,4.88,5.16,4.83,4.99,8531951,137042832.00
20110816,4.95,4.96,4.78,4.91,6790379,105478928.00
20110817,4.92,5.41,4.92,5.26,13444474,223322288.00
20110818,5.14,5.22,4.70,4.70,9779038,154755552.00
20110819,4.44,4.59,4.42,4.54,4866441,70486184.00
20110822,4.54,4.70,4.51,4.56,3981236,58733276.00
20110823,4.56,4.84,4.48,4.84,5705926,86358200.00
20110824,4.89,4.99,4.61,4.66,5170255,79050840.00
20110825,4.63,4.69,4.46,4.68,4023259,58982884.00
20110826,4.61,4.74,4.58,4.64,2951853,44148260.00
20110829,4.61,4.61,4.51,4.57,2346492,34278896.00
20110830,4.62,4.66,4.44,4.45,2416287,35335656.00
20110831,4.47,4.59,4.40,4.54,2426776,35175024.00
20110901,4.62,4.64,4.43,4.56,2267462,33110888.00
20110902,4.55,4.55,4.28,4.34,2171005,30610656.00
20110905,4.24,4.29,4.05,4.09,2000208,26936042.00
20110906,4.11,4.49,4.10,4.26,4831903,67341112.00
20110907,4.18,4.37,4.13,4.37,3490464,47936660.00
20110908,4.33,4.37,4.18,4.19,2636295,36269572.00
20110909,4.14,4.23,4.08,4.10,1611185,21589834.00
20110913,4.01,4.01,3.90,3.94,1919121,24627990.00
20110914,3.95,4.09,3.88,4.08,1680602,21740368.00
20110915,4.10,4.12,4.00,4.01,1767322,23173182.00
20110916,4.01,4.15,4.01,4.02,1563433,20636546.00
20110919,4.02,4.02,3.81,3.81,1593087,20078978.00
20110920,3.81,3.89,3.78,3.86,1212884,15160927.00
20110921,3.84,4.08,3.82,4.03,2383370,30837040.00
20110922,3.97,4.00,3.79,3.80,1928305,24488060.00
20110923,3.69,3.86,3.66,3.82,1168700,14330747.00
20110926,3.85,3.91,3.76,3.80,1334655,16628938.00
20110927,3.82,3.93,3.77,3.91,1434974,17980462.00
20110928,3.98,4.01,3.73,3.73,1369496,17125482.00
20110929,3.64,3.74,3.61,3.65,1085976,13007968.00
20110930,3.65,3.72,3.59,3.68,752979,9015609.00
20111010,3.68,3.74,3.64,3.73,773665,9336825.00
20111011,3.84,3.87,3.65,3.67,1194681,14686267.00
20111012,3.67,3.87,3.57,3.83,1850376,22849730.00
20111013,3.76,4.25,3.76,4.25,4767998,63329420.00
20111014,4.41,4.64,4.35,4.54,10340054,148260880.00
20111017,4.46,4.74,4.42,4.72,7932830,116749992.00
20111018,4.61,4.64,4.24,4.28,5347525,76504096.00
20111019,4.23,4.33,4.12,4.29,4238885,57923400.00
20111020,4.22,4.41,4.14,4.35,4340486,60193060.00
20111021,4.29,4.33,3.88,3.88,4168458,54223460.00
20111024,3.83,4.05,3.63,4.01,3800191,47493568.00
20111025,3.97,4.33,3.89,4.17,4278441,57151148.00
20111026,4.11,4.62,4.06,4.62,7671567,109776400.00
20111027,4.74,4.81,4.37,4.43,8682264,126265112.00
20111028,4.44,4.59,4.42,4.52,5483393,79433528.00
20111031,4.48,4.73,4.45,4.69,6808923,100453128.00
20111101,4.57,4.64,4.45,4.56,4660031,68077712.00
20111102,4.41,4.79,4.38,4.72,6074416,90424864.00
20111103,4.74,4.84,4.63,4.70,6874197,104031360.00
20111104,4.73,4.74,4.54,4.62,4088537,60660540.00
20111107,4.57,4.69,4.48,4.57,2870896,42218976.00
20111108,4.54,4.97,4.54,4.75,8236219,125925400.00
20111109,4.73,4.76,4.53,4.76,5143071,76935088.00
20111110,4.71,5.07,4.65,4.84,8909985,139612736.00
20111111,4.84,4.89,4.68,4.74,4334543,66382448.00
20111114,4.76,4.88,4.75,4.81,3843951,59211216.00
20111115,4.84,4.88,4.64,4.74,3127123,47237096.00
20111116,4.73,4.76,4.40,4.43,3258293,47664152.00
20111117,4.46,4.55,4.43,4.46,2058226,29622248.00
20111118,4.40,4.40,4.18,4.29,2496013,34624532.00
20111121,4.29,4.34,4.12,4.26,1158907,15865806.00
20111122,4.19,4.31,4.18,4.31,1415800,19493542.00
20111123,4.33,4.37,4.25,4.33,1241523,17304116.00
20111124,4.30,4.34,4.18,4.25,1172531,16105115.00
20111125,4.21,4.27,4.05,4.07,1652088,22145724.00
20111128,4.06,4.12,3.85,3.91,1853283,23785676.00
20111129,3.97,4.04,3.87,4.04,1940024,24899252.00
20111130,4.01,4.04,3.65,3.78,2330056,29174810.00
20111201,3.90,3.99,3.83,3.85,1940354,24617504.00
20111202,3.78,3.87,3.68,3.71,1340119,16405239.00
20111205,3.67,3.71,3.52,3.54,1139830,13388606.00
20111206,3.54,3.65,3.48,3.61,1011925,11820229.00
20111207,3.62,3.73,3.57,3.73,1514187,18041256.00
20111208,3.73,3.88,3.60,3.80,2278112,27967454.00
20111209,3.72,3.91,3.72,3.80,1608600,20049512.00
20111212,3.78,3.83,3.68,3.68,943575,11519809.00
20111213,3.64,3.70,3.52,3.55,1034311,12066613.00
20111214,3.54,3.63,3.51,3.58,915377,10694272.00
20111215,3.57,3.62,3.50,3.54,1194031,13891686.00
20111216,3.54,3.93,3.52,3.93,3521929,43312444.00
20111219,4.03,4.29,3.96,4.19,7366565,98078360.00
20111220,4.13,4.17,3.99,4.03,4106801,54163444.00
20111221,4.04,4.11,3.88,3.90,3188343,41489820.00
20111222,3.85,4.04,3.53,3.99,4377982,53606344.00
20111223,3.84,4.28,3.84,4.11,5697632,75339000.00
20111226,4.06,4.18,3.88,3.90,3519893,46129508.00
20111227,3.83,3.86,3.63,3.68,2760856,33630620.00
20111228,3.61,4.08,3.56,4.08,3930082,49082708.00
20111229,4.14,4.18,3.95,3.97,4560362,59892132.00
20111230,3.93,4.17,3.93,4.04,3929286,51743120.00
20120104,4.06,4.14,3.74,3.78,2905761,37521752.00
20120105,3.71,4.19,3.65,4.04,8069740,106397600.00
20120106,3.88,4.04,3.61,3.99,5560683,69144112.00
20120109,3.94,4.42,3.86,4.42,9676596,132234648.00
20120110,4.42,4.57,4.30,4.53,10084240,144075424.00
20120111,4.45,4.68,4.41,4.46,6782336,98552648.00
20120112,4.38,4.50,4.36,4.42,4795675,68377736.00
20120113,4.37,4.54,4.24,4.49,6476005,91357384.00
20120116,4.35,4.43,4.08,4.09,4418823,61034056.00
20120117,4.02,4.43,4.02,4.33,4951511,67501416.00
20120118,4.34,4.37,3.87,3.87,6485358,85843272.00
20120119,3.74,3.96,3.69,3.82,4041023,50239136.00
20120120,3.89,3.94,3.78,3.85,2570067,32332304.00
20120130,3.86,4.05,3.77,3.90,2712865,34503996.00
20120131,3.85,3.96,3.76,3.93,2077331,26071724.00
20120201,3.88,4.00,3.83,3.86,2242339,28503998.00
20120202,3.87,3.96,3.83,3.95,2077388,26377278.00
20120203,3.93,4.07,3.91,4.05,3717258,48267832.00
20120206,4.12,4.12,3.98,4.02,2933992,38375204.00
20120207,4.00,4.00,3.84,3.89,2194903,27867496.00
20120208,3.86,4.10,3.86,4.06,3856973,50273392.00
20120209,4.05,4.47,4.03,4.19,6454239,87903128.00
20120210,4.13,4.33,4.12,4.19,4199790,57048780.00
20120213,4.20,4.37,4.14,4.31,4556574,62949860.00
20120214,4.34,4.34,4.21,4.27,2867281,39414152.00
20120215,4.21,4.44,4.21,4.38,4674531,65553604.00
20120216,4.34,4.41,4.20,4.28,3812038,52797596.00
20120217,4.30,4.32,4.18,4.25,2751705,37592176.00
20120220,4.31,4.50,4.27,4.33,5031013,71027120.00
20120221,4.27,4.42,4.18,4.40,4672401,64700788.00
20120222,4.38,4.67,4.36,4.57,7462515,109120664.00
20120223,4.58,4.60,4.45,4.60,4787165,69695800.00
20120224,4.56,4.61,4.48,4.56,3861722,56392120.00
20120227,4.57,4.62,4.44,4.46,4909456,70988928.00
20120228,4.42,4.45,4.30,4.36,3249452,45766692.00
20120229,4.36,4.43,4.31,4.31,2401762,33798288.00
20120301,4.27,4.44,4.27,4.40,2626866,36897656.00
20120302,4.37,4.49,4.37,4.47,3133238,44731528.00
20120305,4.47,4.49,4.37,4.38,2624968,37394060.00
20120306,4.34,4.37,4.25,4.27,2294677,31720460.00
20120307,4.22,4.33,4.19,4.24,1698916,23415416.00
20120308,4.26,4.70,4.26,4.70,5882803,86610720.00
20120309,4.84,4.84,4.63,4.73,10527141,159377520.00
20120312,4.69,4.75,4.62,4.70,4531442,67878056.00
20120313,4.68,4.77,4.63,4.71,5148322,77592752.00
20120314,4.72,4.81,4.33,4.36,7806668,115443728.00
20120315,4.33,4.47,4.21,4.45,4868798,68350344.00
20120316,4.44,4.53,4.32,4.51,4485950,64251404.00
20120319,4.48,4.61,4.38,4.61,3956103,57376680.00
20120320,4.58,4.58,4.38,4.40,3157903,45263544.00
20120321,4.39,4.53,4.31,4.49,2895454,41225796.00
20120322,4.48,4.74,4.40,4.55,6079059,89772152.00
20120323,4.51,4.57,4.36,4.39,3200133,45614100.00
20120326,4.35,4.51,4.33,4.49,2321675,33142044.00
20120327,4.51,4.61,4.48,4.50,2972465,43345000.00
20120328,4.49,4.78,4.32,4.61,6674461,97421048.00
20120329,4.53,4.84,4.38,4.79,10216231,153780208.00
20120330,4.68,4.79,4.61,4.70,5988236,90099656.00
20120405,4.72,4.83,4.55,4.83,6228847,94113848.00
20120409,4.77,4.80,4.58,4.61,4426054,66508644.00
20120410,4.57,5.10,4.54,4.99,11249173,175731520.00
20120411,4.88,4.96,4.77,4.85,6072202,94381272.00
20120412,4.82,4.98,4.75,4.87,5427337,84386256.00
20120413,4.85,4.94,4.75,4.90,4816264,74871112.00
20120416,4.85,4.94,4.79,4.80,3870856,60077668.00
20120417,4.74,4.79,4.64,4.66,4161567,62581240.00
20120418,4.66,4.78,4.66,4.75,3317969,50316892.00
20120419,4.76,4.76,4.64,4.66,2827202,42514828.00
20120420,4.71,4.89,4.71,4.79,5270947,81317552.00
20120423,4.70,4.74,4.44,4.48,5891252,86102712.00
20120424,4.43,4.47,4.00,4.10,5189952,70484800.00
20120425,4.12,4.19,4.02,4.15,2459067,32792092.00
20120426,4.20,4.20,3.94,3.94,3143177,40248340.00
20120427,3.94,4.03,3.82,3.98,2145908,26800382.00
20120502,4.02,4.05,3.91,4.02,1662759,21064836.00
20120503,4.02,4.10,3.99,4.08,1582156,20407748.00
20120504,4.10,4.16,4.04,4.11,1947018,25330666.00
20120507,4.08,4.12,4.02,4.11,2213772,28495118.00
20120508,4.10,4.25,4.07,4.17,2898448,38394524.00
20120509,4.15,4.16,4.01,4.02,1999297,25831966.00
20120510,4.02,4.10,4.02,4.05,1074378,13816940.00
20120511,4.06,4.14,4.05,4.07,1169690,15181039.00
20120514,4.09,4.16,4.08,4.11,1534577,20020840.00
20120515,4.09,4.09,3.94,4.03,1355476,17268604.00
20120516,4.03,4.05,3.91,3.91,1027851,12971223.00
20120517,3.94,3.98,3.90,3.95,866765,10845196.00
20120518,3.92,3.99,3.90,3.97,798615,10034972.00
20120521,3.97,4.00,3.84,3.96,733103,9185232.00
20120522,3.99,4.04,3.96,3.99,931662,11824528.00
20120523,3.97,4.01,3.89,3.93,853624,10703204.00
20120524,3.92,3.96,3.86,3.88,895406,11122561.00
20120525,3.89,3.91,3.67,3.69,2039986,24308112.00
20120528,3.69,3.70,3.55,3.67,2598485,29828054.00
20120529,3.63,3.72,3.63,3.70,2002705,23514214.00
20120530,3.72,3.75,3.68,3.71,1481202,17532158.00
20120531,3.67,3.77,3.65,3.73,1384259,16402162.00
20120601,3.72,3.75,3.70,3.73,1032769,12254051.00
20120604,3.65,3.67,3.55,3.59,1181028,13608792.00
20120605,3.59,3.69,3.58,3.63,662090,7655346.50
20120606,3.63,3.66,3.60,3.65,822468,9533710.00
20120607,3.71,3.72,3.63,3.66,1194568,14010906.00
20120608,3.70,3.76,3.65,3.66,1184814,13960005.00
20120611,3.71,3.84,3.67,3.82,2651417,31859106.00
20120612,3.80,3.81,3.72,3.75,1424502,17048208.00
20120613,3.76,3.83,3.76,3.83,1652227,20008576.00
20120614,3.83,3.83,3.77,3.79,1346046,16272473.00
20120615,3.81,3.88,3.78,3.81,1883483,22953262.00
20120618,3.82,3.83,3.76,3.80,1436984,17319580.00
20120619,3.78,3.79,3.67,3.70,1383832,16349246.00
20120620,3.70,3.75,3.68,3.74,1148705,13641911.00
20120621,3.73,3.73,3.62,3.64,1097466,12776107.00
20120625,3.63,3.64,3.56,3.57,606975,6973336.00
20120626,3.58,3.65,3.56,3.64,671873,7731451.50
20120627,3.63,3.66,3.60,3.62,597616,6927832.00
20120628,3.62,3.65,3.59,3.59,520017,5989305.00
20120629,3.55,3.64,3.52,3.64,690506,7917607.50
20120702,3.65,3.67,3.61,3.63,611640,7101914.50
20120703,3.63,3.92,3.61,3.75,2182475,26209702.00
20120704,3.71,3.77,3.68,3.70,1231860,14579020.00
20120705,3.64,3.69,3.57,3.58,861041,9901296.00
20120706,3.60,3.76,3.58,3.74,1125505,13124178.00
20120709,3.71,3.74,3.54,3.55,1038304,12092888.00
20120710,3.56,3.63,3.55,3.59,597825,6837877.50
20120711,3.58,3.63,3.58,3.60,395956,4550090.50
20120712,3.60,3.66,3.57,3.63,1080894,12485573.00
20120713,3.60,3.63,3.24,3.24,2437652,26825076.00
20120716,3.21,3.26,2.91,2.98,2150481,21007710.00
20120717,2.92,3.02,2.91,2.97,992562,9502701.00
20120718,2.98,3.00,2.89,2.97,915016,8676328.00
20120719,2.97,3.05,2.96,3.02,1326580,12883808.00
20120720,3.03,3.06,2.99,3.01,751393,7321613.00
20120723,2.98,3.00,2.91,2.93,593831,5652409.00
20120724,2.87,2.98,2.82,2.94,584077,5531159.50
20120725,2.94,2.97,2.89,2.92,506268,4809324.00
20120726,2.92,2.94,2.88,2.88,542844,5105009.00
20120727,2.89,2.92,2.86,2.89,437626,4081257.50
20120730,2.90,2.94,2.81,2.85,633743,5917612.50
20120731,2.83,2.86,2.61,2.68,999527,8733691.00
20120801,2.70,2.74,2.67,2.72,397106,3512266.00
20120802,2.73,2.73,2.66,2.69,393040,3456317.25
20120803,2.69,2.93,2.69,2.81,1125883,10268914.00
20120806,2.76,2.86,2.76,2.85,1448946,13258838.00
20120807,2.85,2.94,2.83,2.92,1261809,11828976.00
20120808,2.91,2.92,2.82,2.85,1170363,10826963.00
20120809,2.86,2.93,2.83,2.92,1364028,12777533.00
20120810,2.90,2.95,2.87,2.89,867133,8146133.50
20120813,2.89,2.89,2.73,2.73,1169064,10629661.00
20120814,2.72,2.76,2.67,2.75,946121,8335726.00
20120815,2.73,2.79,2.71,2.71,849118,7566892.50
20120816,2.70,2.81,2.67,2.75,1198573,10649850.00
20120817,2.74,2.82,2.71,2.79,972782,8767148.00
20120820,2.74,2.79,2.71,2.77,768213,6839302.50
20120821,2.77,2.92,2.75,2.89,1940186,18023416.00
20120822,2.88,2.91,2.82,2.84,1332938,12358236.00
20120823,2.84,2.95,2.83,2.95,1682594,15816120.00
20120824,2.92,2.95,2.83,2.83,1383592,12881927.00
20120827,2.82,2.92,2.78,2.85,1350111,12513423.00
20120828,2.87,2.94,2.81,2.91,1581280,14803328.00
20120829,2.91,3.20,2.87,2.98,3419367,33387758.00
20120830,2.94,3.03,2.82,2.91,1861394,17684780.00
20120831,2.87,2.93,2.84,2.89,893383,8324972.00
20120903,2.88,2.99,2.85,2.96,1049158,9933829.00
20120904,2.96,3.17,2.94,3.07,3384112,33325458.00
20120905,3.06,3.40,3.03,3.29,5662159,59191684.00
20120906,3.24,3.30,3.19,3.24,2789186,28947906.00
20120907,3.27,3.40,3.23,3.30,4392173,46768292.00
20120910,3.26,3.40,3.24,3.33,3079050,32811074.00
20120911,3.31,3.31,3.19,3.23,1942002,20221362.00
20120912,3.26,3.29,3.19,3.25,1312970,13649400.00
20120913,3.25,3.37,3.20,3.28,2065149,21888882.00
20120914,3.27,3.32,3.24,3.28,1250436,13151973.00
20120917,3.28,3.28,2.98,2.99,2174486,21633464.00
20120918,2.94,3.02,2.94,2.95,749587,7206452.00
20120919,2.98,2.99,2.94,2.97,988817,9467736.00
20120920,2.95,2.97,2.68,2.73,1779446,16147962.00
20120921,2.73,2.76,2.64,2.65,1876435,16390800.00
20120924,2.63,2.67,2.49,2.64,798807,6777510.50
20120925,2.62,2.66,2.56,2.57,681852,5789344.50
20120926,2.56,2.60,2.48,2.48,820635,6769078.00
20120927,2.47,2.57,2.47,2.55,1142957,9450617.00
20120928,2.54,2.62,2.52,2.61,712266,6000648.00
20121008,2.62,2.63,2.56,2.60,610896,5170289.50
20121009,2.60,2.88,2.60,2.78,2773838,25077708.00
20121010,2.73,2.78,2.72,2.78,1573019,14050470.00
20121011,2.80,2.96,2.80,2.84,3749789,34966580.00
20121012,2.80,2.87,2.76,2.80,1685936,15317269.00
20121015,2.82,2.82,2.71,2.74,1015113,9006663.00
20121016,2.72,2.82,2.72,2.79,1050450,9496575.00
20121017,2.79,2.83,2.74,2.79,710785,6411019.00
20121018,2.81,2.85,2.78,2.83,1123880,10263023.00
20121019,2.82,2.85,2.80,2.84,858923,7869369.50
20121022,2.83,2.88,2.80,2.87,872628,8051401.50
20121023,2.91,2.92,2.77,2.78,1217307,11156625.00
20121024,2.75,2.80,2.74,2.77,523883,4713469.00
20121025,2.77,2.80,2.68,2.69,779967,6944056.00
20121026,2.67,2.71,2.58,2.60,875143,7477185.00
20121029,2.59,2.65,2.59,2.62,321464,2745353.00
20121030,2.59,2.67,2.58,2.62,355296,3044322.00
20121031,2.65,2.71,2.61,2.68,798842,6934381.50
20121101,2.71,2.97,2.71,2.97,2207751,20863612.00
20121102,3.29,3.29,3.14,3.29,8017961,83896632.00
20121105,3.43,3.64,3.38,3.64,7907488,89338800.00
20121106,3.77,3.92,3.48,3.62,14148870,167334736.00
20121107,3.60,3.67,3.35,3.38,11230269,124632456.00
20121108,3.38,3.47,3.29,3.32,8161210,88034192.00
20121109,3.32,3.33,3.22,3.25,5494336,57701684.00
20121112,3.26,3.39,3.24,3.37,7325009,77754256.00
20121113,3.34,3.34,3.02,3.02,7637185,76867520.00
20121114,3.04,3.10,2.98,3.05,4775601,46862660.00
20121115,3.01,3.13,2.97,2.99,3699493,36293552.00
20121116,3.00,3.02,2.91,2.99,2601453,24995872.00
20121119,2.99,3.17,2.95,3.09,3771398,37223548.00
20121120,3.07,3.26,3.04,3.11,7104529,72134704.00
20121121,3.07,3.40,2.97,3.36,8383625,87117320.00
20121122,3.28,3.33,3.20,3.23,5351839,55889356.00
20121123,3.21,3.26,3.12,3.14,3393196,34695444.00
20121126,3.11,3.13,2.99,2.99,2704625,26530920.00
20121127,2.91,2.91,2.67,2.67,4227054,37624560.00
20121128,2.61,2.73,2.58,2.68,2080543,18059772.00
20121129,2.68,2.71,2.49,2.53,2717970,23057220.00
20121130,2.50,2.70,2.49,2.63,3069683,26196510.00
20121203,2.60,2.61,2.47,2.48,2544418,21169492.00
20121204,2.52,2.63,2.41,2.59,2860993,23475916.00
20121205,2.52,2.75,2.49,2.67,4227761,36312544.00
20121206,2.68,2.84,2.68,2.73,4392232,39487456.00
20121207,2.69,2.89,2.60,2.82,5823593,52584524.00
20121210,2.90,3.13,2.84,3.13,8005816,78518456.00
20121211,3.11,3.23,3.05,3.08,7289557,73700488.00
20121212,3.02,3.17,2.98,3.14,5049686,50008828.00
20121213,3.09,3.13,2.96,2.98,3524496,34609944.00
20121214,2.96,3.16,2.96,3.13,5347467,53420440.00
20121217,3.10,3.39,3.10,3.20,5281483,54766552.00
20121218,3.13,3.24,3.11,3.15,4465354,45578920.00
20121219,3.13,3.31,3.12,3.22,4132918,42790160.00
20121220,3.20,3.29,3.16,3.25,3141235,32649324.00
20121221,3.23,3.40,3.23,3.35,5436507,57973620.00
20121224,3.32,3.39,3.30,3.33,3019146,32397236.00
20121225,3.33,3.52,3.33,3.44,3624177,39629052.00
20121226,3.47,3.80,3.40,3.74,6373058,74342376.00
20121227,3.72,3.95,3.68,3.83,6689970,81256152.00
20121228,3.80,3.85,3.64,3.80,4104380,49241880.00
20121231,3.78,3.99,3.72,3.96,2776995,34391024.00
20130104,3.94,4.03,3.73,4.00,3137432,38862848.00
20130107,3.97,4.34,3.90,4.32,3346742,44096764.00
20130108,4.28,4.56,4.23,4.31,4111633,57343080.00
20130109,4.30,4.38,4.18,4.31,2825712,38276596.00
20130110,4.29,4.53,4.25,4.45,3037919,42077028.00
20130111,4.42,4.50,4.15,4.16,3116366,42813920.00
20130114,4.11,4.41,4.11,4.35,2229194,30211392.00
20130115,4.35,4.49,4.29,4.47,2383452,33325936.00
20130116,4.44,4.47,4.21,4.36,2614519,35596704.00
20130117,4.31,4.81,4.27,4.63,3308530,47170132.00
20130118,4.57,5.03,4.55,4.87,3020057,45799576.00
20130121,4.87,5.07,4.70,4.99,2210936,34209540.00
20130122,4.94,5.50,4.90,5.23,3450834,57030888.00
20130123,5.17,5.42,4.98,5.33,3348511,54400128.00
20130124,5.25,5.36,4.85,5.00,3264141,52165592.00
20130125,5.00,5.17,4.83,4.87,2242502,34835084.00
20130128,4.85,5.05,4.85,4.99,1837110,28716554.00
20130129,5.00,5.27,5.00,5.27,2209507,35817516.00
20130130,5.27,5.30,4.99,5.07,2617607,41913988.00
20130131,5.02,5.17,4.89,4.89,2580328,40913148.00
20130201,4.90,5.13,4.70,4.78,3665413,56637304.00
20130204,4.78,4.81,4.44,4.53,3162909,45490300.00
20130205,4.55,4.77,4.51,4.64,2530114,37097924.00
20130206,4.64,5.09,4.64,5.03,2769244,42595224.00
20130207,5.18,5.35,5.07,5.12,2691690,43651200.00
20130208,5.16,5.27,4.97,4.98,2081306,33261900.00
20130218,5.04,5.32,5.00,5.30,2878909,46853496.00
20130219,5.33,5.33,4.96,4.98,2864738,45793600.00
20130220,4.96,5.12,4.85,5.02,1826661,28671120.00
20130221,5.00,5.07,4.89,5.02,1617424,25391212.00
20130222,5.03,5.25,4.98,5.11,1894624,30447460.00
20130225,5.11,5.41,5.07,5.36,3418096,56553728.00
20130226,5.30,5.66,5.30,5.53,3659910,63330804.00
20130227,5.55,5.59,5.38,5.59,1634848,28067466.00
20130228,5.34,5.56,5.31,5.43,2992096,50635628.00
20130301,5.39,5.58,5.37,5.52,2284102,39189364.00
20130308,5.44,5.44,4.95,5.05,4918595,77866112.00
20130311,4.97,5.00,4.75,4.90,2635916,40190164.00
20130312,4.84,4.98,4.39,4.39,6557183,93113312.00
20130313,4.39,4.56,4.29,4.53,4539436,63498956.00
20130314,4.51,4.70,4.38,4.53,3755168,54245464.00
20130315,4.51,4.82,4.50,4.73,3395744,50564068.00
20130318,4.68,4.82,4.64,4.70,1858797,27649044.00
20130319,4.70,4.74,4.47,4.54,2281535,32979862.00
20130320,4.54,4.73,4.48,4.71,2319990,33797588.00
20130321,4.71,5.04,4.70,4.96,2699424,41820692.00
20130322,4.96,5.17,4.96,5.03,2087720,33217058.00
20130325,5.08,5.08,4.85,5.04,2492017,38848436.00
20130326,5.00,5.05,4.87,4.94,1453556,22499826.00
20130327,4.95,5.22,4.95,5.19,2125965,34117224.00
20130328,5.17,5.17,4.89,4.97,1755527,27581270.00
20130329,4.97,5.04,4.71,4.79,1935889,29280980.00
20130401,4.80,4.89,4.78,4.86,783031,11907253.00
20130402,4.85,4.87,4.47,4.50,2454020,35760428.00
20130403,4.54,4.54,4.15,4.30,1919160,26067830.00
20130408,4.20,4.44,4.15,4.43,1451405,19751824.00
20130409,4.43,4.48,4.34,4.34,1407584,19538750.00
20130410,4.34,4.34,4.21,4.22,2249110,30178890.00
20130411,4.24,4.38,4.22,4.27,1885382,25644178.00
20130412,4.24,4.37,4.23,4.27,1006935,13646941.00
20130415,4.24,4.30,4.12,4.15,966916,12780877.00
20130416,4.13,4.29,4.11,4.29,1046941,13932512.00
20130417,4.27,4.45,4.25,4.43,1931925,26542338.00
20130418,4.39,4.56,4.34,4.49,2338190,33092304.00
20130419,4.51,4.60,4.45,4.55,1534923,21938716.00
20130423,4.55,4.84,4.37,4.74,4032112,59334264.00
20130424,4.71,5.01,4.62,4.93,3031282,46115040.00
20130425,4.95,5.14,4.77,4.79,3106945,48563192.00
20130426,4.79,4.80,4.51,4.62,2310440,33527590.00
20130502,4.57,4.69,4.53,4.64,1465829,21336194.00
20130503,4.65,4.87,4.62,4.83,1278727,19227190.00
20130506,4.88,5.09,4.78,5.03,2160782,33905696.00
20130507,5.02,5.18,4.96,4.97,1283636,20364734.00
20130508,4.97,5.13,4.80,4.90,3756493,57884452.00
20130509,4.91,5.41,4.89,5.41,6765605,108878496.00
20130510,5.33,5.50,5.24,5.39,4223862,71539920.00
20130513,5.39,5.49,5.31,5.48,1937547,32769906.00
20130514,5.50,5.50,5.17,5.22,2244717,37309140.00
20130515,5.23,5.53,5.14,5.53,2791918,46941376.00
20130516,5.53,5.53,5.17,5.24,4249256,70906664.00
20130517,5.18,5.28,5.11,5.20,2203227,35917708.00
20130520,5.21,5.43,5.16,5.39,3310075,54984924.00
20130521,5.39,5.49,5.25,5.45,3574750,60295360.00
20130522,5.42,5.43,5.08,5.13,3942926,64437664.00
20130523,5.09,5.21,5.01,5.06,2038093,32629686.00
20130524,5.06,5.20,5.01,5.16,2850401,45653564.00
20130527,5.12,5.24,5.10,5.24,2706710,43797048.00
20130528,5.21,5.23,4.87,4.89,2700476,42285384.00
20130529,4.89,5.03,4.89,4.97,1784206,27698092.00
20130530,4.98,5.18,4.97,5.16,2355109,37222848.00
20130531,5.13,5.19,5.00,5.01,1348491,21203396.00
20130603,5.01,5.10,4.84,4.88,1470984,22366678.00
20130604,4.90,4.93,4.50,4.57,2092705,30158020.00
20130605,4.57,4.70,4.57,4.63,1283987,18489842.00
20130606,4.65,4.65,4.44,4.48,1088329,15345371.00
20130607,4.50,4.63,4.48,4.55,1501809,21238434.00
20130613,4.49,4.55,4.17,4.46,970633,13193961.00
20130614,4.51,4.70,4.47,4.67,1620266,23339280.00
20130617,4.67,4.90,4.63,4.69,3230497,47643732.00
20130618,4.67,4.71,4.52,4.64,1020295,14653134.00
20130619,4.60,4.75,4.54,4.74,1182678,17009866.00
20130620,4.75,4.82,4.52,4.54,1474882,21540540.00
20130621,4.54,4.76,4.29,4.74,1744263,24982560.00
20130624,4.74,4.89,4.37,4.53,2665873,38833044.00
20130625,4.38,4.60,4.14,4.41,3335895,44837476.00
20130626,4.35,4.72,4.33,4.69,2902458,40983252.00
20130627,4.67,4.79,4.50,4.56,2767245,40122648.00
20130628,4.47,4.65,4.37,4.46,1932852,27010594.00
20130701,4.46,4.64,4.40,4.64,2348536,33115688.00
20130702,4.64,4.88,4.59,4.87,6126799,90357440.00
20130703,4.80,5.02,4.66,4.97,5314328,79854648.00
20130704,4.88,5.08,4.80,4.82,4636178,71472528.00
20130705,4.84,4.91,4.50,4.51,3734341,54817768.00
20130708,4.44,4.44,4.18,4.21,2714445,36036832.00
20130709,4.20,4.27,4.11,4.20,1504433,19619856.00
20130710,4.19,4.37,4.19,4.35,1854621,24819180.00
20130711,4.35,4.55,4.31,4.47,2065291,28587748.00
20130712,4.51,4.80,4.47,4.62,3426451,49852820.00
20130715,4.67,4.87,4.67,4.83,2661448,39613716.00
20130716,4.83,4.95,4.74,4.84,1888020,28306548.00
20130717,4.81,4.92,4.66,4.71,2425612,36034060.00
20130718,4.68,5.03,4.59,5.00,4978159,75624344.00
20130719,5.04,5.23,4.92,4.92,6304304,99363304.00
20130722,4.83,5.43,4.78,5.32,5809455,94237488.00
20130723,5.34,5.87,5.22,5.87,7692778,132782560.00
20130724,6.19,6.47,6.13,6.47,12486077,245398976.00
20130725,6.63,6.66,6.06,6.32,13662036,268904928.00
20130726,6.24,6.78,6.14,6.37,12741019,253685824.00
20130729,6.17,6.17,5.72,5.80,9310396,170665584.00
20130730,5.85,5.92,5.43,5.59,9090060,158768656.00
20130731,5.60,5.85,5.51,5.58,6396859,112406584.00
20130801,5.56,6.00,5.45,5.97,8661860,154968032.00
20130802,5.90,6.11,5.75,5.76,6797136,124358936.00
20130805,5.78,5.98,5.69,5.84,4552312,81926408.00
20130806,5.85,5.97,5.76,5.82,5351919,96786984.00
20130807,5.75,5.77,5.48,5.52,6341624,109350040.00
20130808,5.48,5.69,5.46,5.51,4246115,73023520.00
20130809,5.50,5.61,5.23,5.37,5058921,84513488.00
20130812,5.38,5.46,5.28,5.45,2840484,47405448.00
20130813,5.43,5.72,5.39,5.68,5105248,88552120.00
20130814,5.69,5.73,5.53,5.64,4289963,74979584.00
20130815,5.65,5.95,5.56,5.82,6042726,107458072.00
20130816,5.75,5.87,5.40,5.41,5068851,88493112.00
20130819,5.36,5.58,5.27,5.56,2569216,43697740.00
20130820,5.55,5.69,5.48,5.67,2808663,48776464.00
20130821,5.64,6.13,5.64,6.00,7076569,129653560.00
20130822,5.91,6.02,5.80,5.97,4244764,77532384.00
20130823,5.97,6.33,5.71,6.04,8793661,165050000.00
20130826,6.03,6.36,5.97,6.28,7270751,140194352.00
20130827,6.23,6.45,6.11,6.40,6509870,126906192.00
20130828,6.27,6.29,6.03,6.04,4764081,90551136.00
20130829,6.00,6.14,5.81,5.93,3352562,61434976.00
20130830,5.91,5.98,5.46,5.50,4610922,80785296.00
20130902,5.47,6.05,5.44,5.99,5043817,90296696.00
20130903,5.96,6.30,5.96,6.14,4188228,79099344.00
20130904,6.12,6.31,6.00,6.21,3823312,73096056.00
20130905,6.25,6.77,6.25,6.36,6395603,128331944.00
20130906,6.33,6.40,6.05,6.25,3666400,70014584.00
20130909,6.33,6.70,6.33,6.50,4766280,95587920.00
20130910,6.38,6.52,6.10,6.23,4022145,77434688.00
20130911,6.26,6.30,5.63,5.96,2975715,54116816.00
20130912,5.92,6.07,5.71,5.81,2943460,53227252.00
20130913,5.80,5.98,5.73,5.97,2655700,48166324.00
20130916,5.96,6.30,5.91,6.14,3954487,75076952.00
20130917,6.14,6.21,5.95,6.10,2553696,48020572.00
20130918,6.09,6.13,5.99,6.10,1518716,28309840.00
20130923,6.16,6.50,6.13,6.49,4444772,87149024.00
20130924,6.51,6.67,6.36,6.36,4908028,98099216.00
20130925,6.46,6.63,6.10,6.16,3833172,74411896.00
20130926,6.17,6.58,6.09,6.46,5789838,114207632.00
20130927,6.43,6.62,6.15,6.27,4230199,82737712.00
20130930,6.29,6.47,6.10,6.38,2678968,51977288.00
20131008,6.41,7.01,6.30,6.82,5723728,117864656.00
20131009,6.73,7.22,6.70,7.09,5468086,117264032.00
20131010,7.03,7.29,6.86,6.92,4170425,90697424.00
20131011,7.08,7.22,6.76,7.00,3212885,68923112.00
20131014,7.26,7.68,7.07,7.42,5221986,117741504.00
20131015,7.36,7.56,7.21,7.31,2695786,60917868.00
20131016,7.22,7.28,6.67,6.77,3163299,66835200.00
20131017,6.92,6.99,6.73,6.78,2492533,52524228.00
20131018,6.76,6.98,6.73,6.93,1438208,30374018.00
20131021,6.93,7.63,6.83,7.51,3666572,82297520.00
20131022,7.46,7.55,7.13,7.15,2594441,58383456.00
20131023,7.12,7.26,6.46,6.91,2980781,62304072.00
20131024,6.85,7.00,6.67,6.70,1684062,35345448.00
20131025,6.70,6.91,6.50,6.74,2107110,43670856.00
20131028,6.70,6.99,6.60,6.91,1672959,35493028.00
20131029,6.94,7.16,6.28,6.50,3455336,70946016.00
20131030,6.43,6.61,6.39,6.59,1753627,35192136.00
20131031,6.60,6.73,6.05,6.05,2640276,51545796.00
20131101,6.00,6.31,5.94,6.26,2465798,46708696.00
20131104,6.22,6.35,6.09,6.24,1291605,24919584.00
20131105,6.25,6.49,6.13,6.46,1348936,26416666.00
20131106,6.40,6.56,6.26,6.30,1245517,24578882.00
20131107,6.31,6.31,6.07,6.10,1225410,23300242.00
20131108,6.07,6.17,5.90,5.95,1257582,23330806.00
20131111,5.98,6.25,5.95,6.20,869492,16479029.00
20131112,6.26,6.45,6.14,6.30,1148495,22335722.00
20131113,6.33,6.56,6.29,6.29,1511702,29820466.00
20131114,6.29,6.66,6.25,6.65,2279896,45703656.00
20131115,6.86,6.96,6.70,6.76,2803560,58705040.00
20131118,6.87,7.16,6.87,6.96,3207335,68968960.00
20131119,6.88,6.98,6.80,6.84,1972217,41633784.00
20131120,6.94,7.08,6.87,6.99,2310420,49336492.00
20131121,6.95,7.28,6.93,7.10,2606589,57039224.00
20131122,7.11,7.30,6.82,6.86,1841663,39299492.00
20131125,6.85,7.08,6.76,6.88,1641984,34850560.00
20131126,6.88,7.20,6.82,7.13,2477301,53553212.00
20131127,7.13,7.40,7.01,7.25,2858527,63555360.00
20131128,7.23,7.38,7.15,7.32,1871878,41703244.00
20131129,7.32,7.76,7.26,7.76,3719259,86192344.00
20131202,7.27,7.56,6.97,6.97,3360126,73936416.00
20131203,6.65,6.96,6.26,6.80,3564303,72648680.00
20131204,6.76,6.97,6.43,6.45,3541615,72851792.00
20131205,6.40,6.49,6.11,6.23,2957455,57136520.00
20131206,6.23,6.45,6.18,6.41,1523102,29917544.00
20131209,6.46,6.55,6.38,6.53,1115415,22341454.00
20131210,6.57,6.71,6.56,6.62,1560982,31945406.00
20131211,6.60,6.78,6.54,6.66,1413100,28964798.00
20131212,6.61,6.93,6.61,6.89,1674656,35029908.00
20131213,6.88,6.88,6.69,6.74,1413865,29427942.00
20131216,6.74,6.99,6.57,6.58,2102911,43930264.00
20131217,6.58,6.76,6.33,6.40,1732431,34504620.00
20131218,6.43,6.61,6.43,6.46,726425,14521444.00
20131219,6.47,6.61,6.40,6.47,1196928,23970550.00
20131220,6.50,6.56,6.40,6.50,957985,19124676.00
20131223,6.54,6.55,6.34,6.36,1342596,26553294.00
20131224,6.36,6.58,6.33,6.46,1331244,26466932.00
20131225,6.42,7.00,6.42,6.99,3595288,74648544.00
20131226,6.90,6.97,6.63,6.65,2878448,59907980.00
20131227,6.59,6.81,6.59,6.77,1828851,37956968.00
20131230,6.82,6.83,6.40,6.62,2807817,57209652.00
20131231,6.58,6.62,6.40,6.45,1955025,38959096.00
20140102,6.43,6.83,6.34,6.78,3310625,67830032.00
20140103,6.73,7.43,6.73,7.16,7690176,166968672.00
20140106,7.10,7.39,6.84,6.91,5618455,123525888.00
20140107,6.87,7.08,6.66,6.82,3922137,82549232.00
20140108,6.86,7.33,6.86,7.33,5123242,112492656.00
20140109,7.29,7.37,6.93,7.00,3724424,81993200.00
20140110,6.96,7.71,6.88,7.46,7608348,175415120.00
20140113,7.26,7.54,7.05,7.53,4944493,110497752.00
20140114,7.77,8.29,7.69,8.29,7365484,181317376.00
20140115,8.56,9.01,8.44,8.65,12026684,318029728.00
20140116,8.66,8.94,8.43,8.74,6861706,182086480.00
20140117,8.64,9.24,8.49,8.73,6389196,173103776.00
20140120,8.60,8.72,8.33,8.58,5232649,136274096.00
20140121,8.50,9.05,8.42,9.05,5401892,144589552.00
20140122,9.05,9.41,8.69,8.88,6447109,177216272.00
20140123,8.77,9.10,8.66,8.89,5064859,137284640.00
20140124,8.83,9.20,8.72,9.20,6310449,172836208.00
20140127,9.10,9.74,9.06,9.43,6729379,195295216.00
20140128,9.28,9.49,8.75,9.09,4156375,115015520.00
20140129,8.99,9.99,8.99,9.75,5199332,151540128.00
20140130,9.58,9.99,9.39,9.51,2655202,77973384.00
20140207,9.28,9.99,9.20,9.77,2756183,81092024.00
20140210,9.76,9.85,9.49,9.80,3319853,98440568.00
20140211,9.71,9.76,8.99,9.03,6771908,191290608.00
20140212,9.09,9.28,8.89,9.23,3113274,86439536.00
20140213,9.17,9.19,8.46,8.49,4742896,127600088.00
20140214,8.52,8.90,8.40,8.79,3867228,102376528.00
20140217,8.96,9.49,8.91,9.38,4960555,140447936.00
20140218,9.47,9.67,9.36,9.47,3997915,116140816.00
20140219,9.53,9.83,9.34,9.46,3645230,106481736.00
20140220,9.36,9.45,8.76,8.94,3008965,83217944.00
20140221,8.92,9.15,8.66,9.04,1985745,54295292.00
20140224,8.96,8.96,8.56,8.71,3585622,95660136.00
20140225,8.66,8.81,7.83,7.89,5398800,137664032.00
20140226,7.80,8.06,7.50,8.06,3533255,84179672.00
20140227,8.56,8.63,8.13,8.20,5899710,151554416.00
20140228,7.98,8.33,7.82,8.33,3122680,77039528.00
20140303,8.60,8.70,8.42,8.57,3138434,82297888.00
20140304,8.49,8.78,8.36,8.66,2753952,72621280.00
20140305,8.65,8.76,8.47,8.59,1717293,45055924.00
20140306,8.55,8.66,8.23,8.51,1877921,48545080.00
20140307,8.49,8.56,8.13,8.16,2107316,53704440.00
20140310,8.07,8.26,7.73,7.73,1709181,41942996.00
20140311,7.76,7.92,7.42,7.56,2986518,70445240.00
20140312,7.62,7.71,7.41,7.55,2947505,68298784.00
20140313,7.56,7.72,7.50,7.71,2698829,63239020.00
20140314,7.66,7.83,7.60,7.72,2402653,56881780.00
20140317,7.72,8.06,7.71,8.03,3810537,92786504.00
20140318,8.10,8.24,7.93,7.97,3348639,83209088.00
20140319,7.97,8.00,7.80,7.93,2084127,50491104.00
20140320,7.92,8.00,7.46,7.46,2491299,58968436.00
20140321,7.46,7.67,7.22,7.67,2577100,58689232.00
20140324,7.66,7.71,7.28,7.38,2348746,53794976.00
20140325,7.41,7.46,7.23,7.28,2979672,67007368.00
20140326,7.31,7.63,7.30,7.55,3085599,70992544.00
20140327,7.50,7.53,7.19,7.20,2331014,52508068.00
20140328,7.17,7.26,6.73,6.77,2941420,62622432.00
20140331,6.78,6.97,6.75,6.87,1260455,26639010.00
20140401,6.89,7.12,6.89,7.12,1805864,39090708.00
20140402,7.13,7.14,6.80,6.85,2876162,61003036.00
20140403,6.80,7.10,6.77,6.95,1982286,42424060.00
20140404,6.96,7.15,6.83,7.13,1986406,43104992.00
20140408,7.10,7.32,6.94,7.25,2322697,51009516.00
20140409,7.25,7.39,7.20,7.34,2817862,63430452.00
20140410,7.37,7.58,7.32,7.41,3345587,76419384.00
20140411,7.32,7.32,7.13,7.16,2239154,49526580.00
20140414,7.17,7.36,7.10,7.34,1126622,25200520.00
20140415,7.33,7.48,7.30,7.37,1598597,36234560.00
20140416,7.40,7.41,7.20,7.25,1101692,24666186.00
20140417,7.26,7.43,7.26,7.36,1081471,24455014.00
20140418,7.37,7.43,7.29,7.40,1343297,30466876.00
20140421,7.24,7.49,7.23,7.29,1547942,35006320.00
20140422,7.18,7.29,6.86,7.02,2067611,44730428.00
20140423,6.97,7.10,6.90,6.97,967873,20779548.00
20140424,7.01,7.12,6.91,7.05,1444351,31313390.00
20140425,7.01,7.10,6.71,6.78,1546743,32595972.00
20140428,6.67,6.71,6.29,6.30,1756331,35122388.00
20140429,6.30,6.49,6.30,6.41,1364978,26899424.00
20140430,6.41,6.53,6.40,6.47,1013625,20208278.00
20140505,6.56,6.67,6.48,6.66,1174310,23819862.00
20140506,6.70,6.78,6.61,6.72,1651135,34031552.00
20140507,6.66,6.68,6.42,6.43,1604550,32323856.00
20140508,6.43,6.56,6.40,6.42,1375647,27492436.00
20140509,6.39,6.47,6.28,6.36,852358,16699396.00
20140512,6.41,6.60,6.34,6.60,1651198,33038846.00
20140513,6.58,6.68,6.49,6.52,1379654,27985068.00
20140514,6.50,6.55,6.45,6.50,942198,18867232.00
20140515,6.50,6.58,6.40,6.41,1144284,22838484.00
20140516,6.39,6.41,6.06,6.13,2039987,38916188.00
20140519,6.13,6.20,6.06,6.17,1001212,18962404.00
20140520,6.25,6.38,6.19,6.23,1418338,27456260.00
20140521,6.21,6.32,6.10,6.32,1137261,21871300.00
20140522,6.33,6.59,6.30,6.53,2892057,57804600.00
20140523,6.57,6.73,6.47,6.73,2707706,54947684.00
20140526,6.83,6.91,6.70,6.87,3616805,75571440.00
20140527,6.88,7.15,6.85,6.96,4291056,92246768.00
20140528,6.96,7.09,6.86,7.05,4612651,99237704.00
20140529,7.07,7.10,6.95,7.06,3115443,67218312.00
20140530,7.03,7.06,6.83,6.96,2758569,59112952.00
20140603,7.06,7.15,6.88,6.91,2728476,58611412.00
20140604,6.89,6.89,6.68,6.81,1867342,38829156.00
20140605,6.79,7.15,6.76,7.10,2682037,57305024.00
20140606,7.06,7.15,6.93,7.08,3155715,68383584.00
20140609,7.03,7.10,6.91,6.93,2183849,47140508.00
20140610,6.90,7.30,6.90,7.22,4152574,90723784.00
20140611,7.21,7.27,7.11,7.24,3379006,74764056.00
20140612,7.20,7.22,7.10,7.17,2012332,44240256.00
20140613,7.17,7.36,7.10,7.33,3471189,77661080.00
20140616,7.33,7.40,7.28,7.36,3064805,69057352.00
20140617,7.33,7.35,7.15,7.15,2389896,53026772.00
20140618,6.93,6.94,6.50,6.59,6008194,123617312.00
20140619,6.53,6.61,6.33,6.36,2643423,52739672.00
20140620,6.40,6.50,6.36,6.48,1626209,32240842.00
20140623,6.48,6.71,6.48,6.71,2460259,50175132.00
20140624,6.68,6.81,6.63,6.79,2353725,48691452.00
20140625,6.74,6.82,6.66,6.77,1635568,33861708.00
20140626,6.77,6.96,6.74,6.92,2753317,58306868.00
20140627,6.93,7.04,6.90,7.02,2466001,52853268.00
20140630,7.03,7.28,7.00,7.20,3402061,74776480.00
20140701,7.25,7.46,7.17,7.46,4614746,103701600.00
20140702,7.46,7.57,7.37,7.50,4050833,92758792.00
20140703,7.49,7.50,7.37,7.39,2342545,53419980.00
20140704,7.42,7.80,7.42,7.57,3843457,89773320.00
20140707,7.70,8.26,7.70,7.85,6663640,161441440.00
20140708,7.93,8.00,7.61,7.86,4770141,114322152.00
20140709,7.86,8.12,7.76,7.94,4984092,121944936.00
20140710,7.80,8.13,7.80,7.92,2915728,71572872.00
20140711,7.92,8.09,7.80,8.00,3703599,90381280.00
20140714,8.06,8.58,7.86,8.37,10684634,134578144.00
20140715,8.35,8.61,8.16,8.34,8780050,110927544.00
20140716,8.32,8.34,7.92,8.12,7376983,90400752.00
20140717,8.16,8.16,7.73,7.80,6304715,75084232.00
20140718,7.79,8.04,7.71,7.93,3855470,46272512.00
20140721,7.99,7.99,7.59,7.71,4329416,50772276.00
20140722,7.71,7.86,7.60,7.81,3479008,41018788.00
20140723,7.76,7.83,7.46,7.66,4450802,51474808.00
20140724,7.66,7.66,7.26,7.44,4254384,47962688.00
20140725,7.40,7.69,7.40,7.56,2152927,24668350.00
20140728,7.62,7.70,7.40,7.70,4643733,53309940.00
20140729,7.71,8.42,7.60,8.24,10847676,133005000.00
20140730,8.12,8.48,8.07,8.41,6761039,84855768.00
20140731,8.56,8.82,8.32,8.37,10087793,130782032.00
20140801,8.40,8.84,8.22,8.65,8636899,112163528.00
20140804,8.64,8.75,8.48,8.65,4462183,58027548.00
20140805,8.68,8.74,8.41,8.59,5277517,68440824.00
20140806,8.59,9.03,8.52,8.92,12520500,165578576.00
20140807,8.87,8.92,8.72,8.82,6934834,92435128.00
20140808,8.82,8.91,8.68,8.76,5917211,78440928.00
20140811,8.75,8.84,8.66,8.80,4666024,61923088.00
20140812,8.80,8.82,8.60,8.70,5798116,76207960.00
20140813,8.66,8.70,8.33,8.59,6102949,78637224.00
20140814,8.56,8.68,8.47,8.58,4085603,53087836.00
20140815,8.64,9.44,8.52,9.13,10486120,142425120.00
20140818,9.05,9.61,9.01,9.53,8501026,120122720.00
20140819,9.47,9.50,9.32,9.47,4183752,59559820.00
20140820,9.47,9.47,9.16,9.21,4498289,63268648.00
20140821,9.25,9.44,9.10,9.43,4927499,69181600.00
20140822,9.35,9.60,9.33,9.38,3691885,52725160.00
20140825,9.41,9.41,9.11,9.11,3725885,51798096.00
20140826,9.17,9.19,8.79,8.93,4561595,61627108.00
20140827,9.02,9.03,8.85,8.95,2608759,35317796.00
20140828,8.95,9.00,8.69,8.74,2940673,39165732.00
20140829,8.74,8.95,8.74,8.91,2558522,34413228.00
20140901,8.99,9.59,8.99,9.57,8654033,123139096.00
20140902,9.65,9.67,9.39,9.52,5710485,82221464.00
20140903,9.60,9.72,9.39,9.61,6788968,98439024.00
20140904,9.62,10.25,9.57,9.95,9551432,143208432.00
20140905,9.99,10.23,9.81,10.10,6003946,91148432.00
20140909,10.12,10.53,10.09,10.38,6423055,99432336.00
20140910,10.37,10.83,10.19,10.58,7662474,122707504.00
20140911,10.58,10.77,10.15,10.17,8350085,131420896.00
20140912,10.22,10.54,10.15,10.41,6846620,107257416.00
20140915,10.41,10.95,10.12,10.75,9647511,151846688.00
20140916,11.15,11.82,10.46,10.82,19599296,326496064.00
20140917,10.82,11.37,10.65,11.04,12250514,205379392.00
20140918,11.04,11.30,10.82,10.94,6228503,103994608.00
20140919,10.99,11.05,10.62,10.76,8276742,135001808.00
20140922,10.77,10.88,10.58,10.79,4581784,74389360.00
20140923,10.87,10.90,10.56,10.84,6121395,99417008.00
20140924,10.75,11.02,10.65,10.83,8145658,134034720.00
20140925,10.84,10.88,10.59,10.72,5469745,88658608.00
20140926,10.61,10.83,10.61,10.71,3107182,50403212.00
20140929,10.92,11.46,10.90,11.32,11968957,203847664.00
20140930,11.37,11.50,11.10,11.40,5518940,94295256.00
20141008,11.42,11.44,11.13,11.26,5054926,85682976.00
20141009,11.25,11.55,11.12,11.34,4581253,78353488.00
20141010,11.28,11.30,10.92,11.02,6307732,105567624.00
20141013,10.77,10.77,9.91,9.99,16084539,244472944.00
20141014,9.83,10.25,9.64,10.01,8203218,122716160.00
20141015,9.94,10.12,9.87,10.06,4914630,74326624.00
20141016,9.97,10.08,9.87,9.90,3706035,55853052.00
20141017,9.89,9.89,9.46,9.69,4220565,61753748.00
20141020,9.71,10.05,9.71,10.00,3181598,47704216.00
20141021,10.00,10.03,9.83,9.86,2489004,37328044.00
20141022,9.77,9.91,9.71,9.72,2416078,35791208.00
20141023,9.63,9.75,9.39,9.49,3111587,44800648.00
20141024,9.50,9.77,9.42,9.67,2378497,34677640.00
20141027,9.65,9.90,9.62,9.90,3476965,51613016.00
20141028,9.90,10.43,9.90,10.37,6946161,107093944.00
20141029,10.42,10.79,10.39,10.78,10409491,168167872.00
20141030,10.79,10.79,10.46,10.57,4671788,75081968.00
20141031,10.55,10.72,10.34,10.51,4766049,75780488.00
20141103,10.50,11.09,10.50,10.92,6616462,108856608.00
20141104,10.94,11.01,10.67,10.92,4060835,66599328.00
20141105,10.85,10.99,10.69,10.84,2911020,47832680.00
20141106,10.77,11.04,10.77,10.90,2730677,45060772.00
20141107,10.90,10.95,10.40,10.57,6454670,103666992.00
20141110,10.48,10.57,10.03,10.15,5044733,77415072.00
20141111,10.21,10.43,9.99,10.35,4912011,75860928.00
20141112,10.35,10.92,10.35,10.81,6709641,108421632.00
20141113,10.81,10.91,10.51,10.59,3930683,63467756.00
20141114,10.59,10.84,10.40,10.44,3135459,50369752.00
20141117,10.45,10.83,10.32,10.44,8417299,134037984.00
20141118,10.45,10.48,9.84,10.02,7114906,108174752.00
20141119,10.04,11.03,9.95,11.02,16513785,269593056.00
20141120,10.84,12.13,10.74,11.71,26509577,462264736.00
20141121,11.63,12.76,11.63,12.14,15983987,294548224.00
20141124,12.13,12.27,11.85,12.23,10182462,185418432.00
20141125,12.02,12.98,11.94,12.52,13298453,252542064.00
20141126,13.78,13.78,12.91,13.40,17536716,356032288.00
20141127,13.88,14.75,13.38,14.75,16636007,357957280.00
20141128,15.31,15.73,14.45,14.73,20723171,470123744.00
20141201,14.35,14.72,13.71,14.45,12143354,261245472.00
20141202,14.49,15.34,14.49,14.51,12076798,270324640.00
20141203,14.25,15.96,13.78,15.96,15872311,352178944.00
20141204,16.38,17.22,15.96,16.56,16299946,409526048.00
20141205,16.26,17.64,15.50,16.84,13291047,328826912.00
20141208,16.34,16.54,15.30,15.33,14174120,339388384.00
20141209,14.91,15.71,13.97,14.01,14593506,324561472.00
20141210,14.10,14.78,13.97,14.15,8903040,192968240.00
20141211,14.23,14.40,13.63,14.02,7633935,160768672.00
20141212,14.07,14.82,13.91,14.63,9370840,204961760.00
20141215,14.84,15.70,14.68,15.52,13451559,311628288.00
20141216,15.61,15.89,14.81,14.96,9900586,226666656.00
20141217,14.96,16.47,14.64,16.47,15231001,360535680.00
20141218,16.25,16.82,15.78,15.94,8985350,221017296.00
20141219,16.12,16.31,15.10,15.46,8374887,196514016.00
20141222,14.89,14.89,13.91,13.91,7787013,164934048.00
20141223,13.76,13.76,12.52,12.52,9179089,178188576.00
20141224,12.68,13.50,12.25,12.93,12542638,242383776.00
20141225,12.91,13.24,12.49,12.71,9376778,180570048.00
20141226,12.75,12.97,12.38,12.69,8826682,168600912.00
20141229,12.65,12.65,11.46,11.74,14879341,265602224.00
20141230,11.67,11.79,11.12,11.44,9800645,170314800.00
20141231,11.59,12.04,11.49,11.78,8587005,152317232.00
20150105,11.79,11.79,10.79,11.22,8491607,143989504.00
20150106,11.25,12.03,11.17,11.90,14907921,264167152.00
20150107,11.74,11.98,11.46,11.77,8440365,149361088.00
20150108,11.78,12.58,11.62,12.11,14255584,261113616.00
20150109,11.98,12.66,11.92,12.11,12175406,225811120.00
20150112,11.78,12.02,11.52,11.76,6973300,123631592.00
20150113,11.82,12.95,11.78,12.95,26758244,513855200.00
20150114,12.91,13.02,12.22,12.45,14222309,271299392.00
20150115,12.45,12.80,12.10,12.24,10909633,204474224.00
20150116,11.94,13.47,11.83,13.24,20341256,396327904.00
20150119,12.91,14.57,12.80,13.89,24076747,513073344.00
20150120,14.05,15.28,13.65,15.00,18754347,417785536.00
20150121,15.11,15.58,14.55,15.02,11793516,267347568.00
20150122,14.97,16.20,14.78,15.41,13454512,314925376.00
20150123,15.24,15.26,14.15,14.45,12117973,267879216.00
20150126,14.38,15.04,14.31,14.86,6100309,135850224.00
20150127,14.98,15.69,14.59,15.50,9747347,224099888.00
20150128,15.24,16.47,15.24,15.73,10328383,248458544.00
20150129,15.38,15.57,14.91,15.44,6404259,147180016.00
20150130,15.41,15.50,13.89,13.91,9337005,203903520.00
20150202,13.62,14.73,13.59,14.63,6595284,142990240.00
20150203,14.62,15.71,14.43,15.51,9358755,216462208.00
20150204,15.32,15.92,15.05,15.91,7958802,185070960.00
20150205,15.72,16.51,15.32,15.32,14603757,351690272.00
20150206,15.18,15.68,14.51,14.85,6709990,151426384.00
20150209,14.93,16.34,14.92,16.00,16098071,388925952.00
20150210,15.69,16.86,15.12,16.66,13485579,322728704.00
20150211,16.58,18.33,16.32,18.33,19724432,520532768.00
20150212,18.61,18.88,17.97,18.65,11210331,311462976.00
20150213,18.65,18.92,17.84,18.26,14217751,391604992.00
20150216,18.17,18.77,17.91,18.69,12065417,334850720.00
20150217,18.90,19.04,17.24,17.84,9864775,268319600.00
20150225,17.91,18.23,16.46,16.81,11606405,300395168.00
20150226,16.89,17.11,16.11,17.01,11829548,296268384.00
20150227,16.87,17.87,16.61,17.71,11237008,292750976.00
20150302,17.61,17.86,17.24,17.73,9179391,243094752.00
20150303,17.71,17.71,16.61,16.87,9989733,258826064.00
20150304,16.70,17.33,16.36,17.26,11079824,283359936.00
20150305,17.25,17.25,16.38,16.51,9921143,249107472.00
20150306,16.50,16.70,15.61,15.68,8703131,210266976.00
20150309,15.58,16.34,15.34,16.23,6077534,146987008.00
20150310,16.24,16.84,16.18,16.60,7506939,188668656.00
20150311,16.58,16.60,15.74,15.95,8254015,198435888.00
20150312,15.95,16.03,15.24,15.32,8776680,207011872.00
20150313,15.38,16.30,15.24,16.28,8295282,199169792.00
20150316,16.48,17.03,16.48,16.84,11900916,301232384.00
20150317,17.01,17.04,16.32,16.65,10412492,260890960.00
20150318,16.67,17.51,16.43,17.43,13758978,352082016.00
20150319,17.36,17.36,16.84,17.14,9771257,251442688.00
20150320,17.21,17.83,17.05,17.21,11703867,306357056.00
20150323,17.23,18.94,17.23,18.44,19676213,535388704.00
20150324,18.45,19.97,17.70,19.70,24550232,696761024.00
20150325,19.56,21.68,19.11,20.52,21107604,653663104.00
20150326,19.90,20.16,18.46,18.46,15695105,454107232.00
20150327,18.43,18.43,17.51,18.08,9969592,269968320.00
20150330,18.11,18.21,17.38,17.81,9709344,258984272.00
20150331,17.77,19.60,17.58,19.60,20506030,587910464.00
20150401,19.60,20.15,19.37,19.82,16990623,506007456.00
20150402,20.22,21.01,19.37,20.79,16369616,492892832.00
20150403,20.44,20.82,19.58,20.24,11823052,360498592.00
20150407,20.30,20.30,19.20,19.66,16739086,493606080.00
20150408,19.62,19.97,18.74,19.36,11111702,325570752.00
20150409,19.38,19.38,17.65,19.07,9582748,268572000.00
20150410,18.57,19.81,17.84,19.05,8996274,259450976.00
20150413,18.97,19.44,18.71,19.10,8513167,245101328.00
20150414,19.10,19.22,18.21,18.28,11216810,312611648.00
20150415,18.11,18.23,17.20,17.24,9305944,246060176.00
20150416,17.01,17.71,16.68,17.28,6851189,178839344.00
20150417,17.37,17.67,17.15,17.41,6733363,176558016.00
20150420,17.41,18.11,16.97,17.63,8239656,219363712.00
20150421,17.74,18.84,17.65,18.73,9509277,263606336.00
20150422,18.97,19.02,18.41,18.74,10183741,286333120.00
20150423,18.57,18.94,18.39,18.67,9082576,255407504.00
20150424,18.35,18.51,17.41,17.81,11113083,299080608.00
20150427,18.04,18.24,17.49,17.64,8630010,230635104.00
20150428,17.68,17.79,16.78,16.84,7370509,191116208.00
20150429,16.62,17.43,16.58,17.33,5744392,149181776.00
20150430,17.43,18.15,17.43,17.47,7160909,192200640.00
20150504,17.57,19.23,17.56,19.23,19585056,554686336.00
20150505,20.10,20.97,19.82,20.09,19747894,604983424.00
20150506,19.90,22.11,19.58,21.90,26147857,826708096.00
20150507,21.50,22.07,20.50,20.58,14831717,479900672.00
20150508,20.88,22.12,20.88,22.03,15366219,500551744.00
20150511,21.86,24.24,21.81,24.24,18019835,642817536.00
20150512,24.83,25.93,23.25,25.62,12094140,441251168.00
20150513,24.04,25.09,23.94,24.16,8111152,298624864.00
20150514,24.16,24.76,22.30,22.88,11053099,387685920.00
20150515,22.57,25.17,21.90,25.17,16081760,592692032.00
20150518,25.69,27.70,24.89,27.70,15327178,621895616.00
20150519,27.22,30.47,26.29,30.47,14065808,599787648.00
20150520,30.35,32.08,29.55,29.66,11506024,533342816.00
20150521,29.31,30.55,28.58,30.25,6878126,310562528.00
20150522,30.55,30.90,27.29,28.51,14434453,620189568.00
20150525,27.36,29.35,25.93,28.81,10101724,427682400.00
20150526,28.48,31.22,27.94,30.97,11255439,500117728.00
20150527,31.55,31.55,29.42,29.95,9086371,412570560.00
20150528,29.62,31.46,26.95,26.95,11761982,524458240.00
20150529,26.82,27.80,24.26,26.35,9372864,368200640.00
20150601,26.37,28.19,26.37,27.96,9829385,403957568.00
20150602,27.96,29.54,26.69,29.37,10437913,444615904.00
20150603,29.07,30.55,27.36,29.94,11759880,520901728.00
20150604,29.75,31.00,27.06,29.29,9756175,432827168.00
20150605,31.95,32.22,29.89,32.22,20821487,1001256896.00
20150608,31.12,31.75,28.99,28.99,9541446,430486560.00
20150609,27.76,30.42,26.49,29.15,12956452,563111232.00
20150610,29.22,32.08,28.90,32.08,16067228,748692672.00
20150611,33.65,35.29,33.55,35.29,11655015,610671040.00
20150612,37.21,37.67,33.88,36.12,17298571,932052096.00
20150720,32.51,32.51,32.51,32.51,448900,14607206.00
20150721,29.26,29.26,29.26,29.26,301700,8836793.00
20150722,26.33,26.33,26.33,26.33,1909900,50344964.00
20150723,25.07,28.97,24.87,28.97,65205436,1711215360.00
20150724,27.47,28.47,26.17,26.77,49887286,1375337088.00
20150727,25.76,26.45,24.09,24.09,27623476,691472896.00
20150728,21.68,23.59,21.68,21.68,23203974,507801472.00
20150729,21.97,22.33,19.51,21.95,38631175,788630464.00
20150730,20.97,21.38,19.75,19.75,27326788,564778816.00
20150731,18.50,19.95,17.89,18.22,23514505,440083392.00
20150803,18.97,19.02,16.57,17.16,27082466,490728832.00
20150804,17.37,18.88,16.65,18.88,30151131,539074496.00
20150805,18.57,19.27,17.68,17.87,26768928,494994816.00
20150806,17.17,17.57,16.80,17.26,19580708,336334176.00
20150807,17.47,18.99,17.47,18.99,41061016,770187776.00
20150810,19.62,20.47,18.70,20.15,44795801,872838144.00
20150811,19.77,21.37,19.63,20.33,38301368,785388288.00
20150812,20.57,21.33,20.15,20.20,31515954,656558336.00
20150813,19.92,20.58,19.02,20.42,24585983,489559008.00
20150814,20.52,20.77,19.82,19.97,20819565,423050368.00
20150817,19.69,19.90,19.27,19.71,16192325,316960704.00
20150818,19.62,20.44,17.74,17.74,23664359,457610080.00
20150819,16.96,18.62,15.98,18.10,20745971,355043200.00
20150820,17.49,18.28,16.95,16.97,14171079,248617728.00
20150821,16.57,16.75,15.27,15.28,15600679,249720336.00
20150824,14.27,14.55,13.75,13.75,8317332,115544792.00
20150825,12.37,12.67,12.37,12.37,9800257,121834848.00
20150826,12.37,12.55,11.13,11.13,18726142,221350336.00
20150827,11.47,11.97,10.38,11.42,15973509,179474048.00
20150828,11.67,12.57,11.41,12.57,18038194,214498544.00
20150831,12.61,13.22,12.17,12.57,22690365,289525664.00
20150901,11.97,12.23,11.31,11.31,12152095,140820400.00
20150902,10.18,11.85,10.18,10.32,16606929,179212656.00
20150907,10.57,11.36,10.53,11.03,20243109,223888368.00
20150908,10.77,12.11,10.63,12.07,17840496,201578704.00
20150909,12.17,12.97,11.92,12.82,23961890,301950784.00
20150910,12.55,12.86,12.07,12.15,14991777,188367312.00
20150911,12.27,13.13,12.18,12.97,19903521,253544656.00
20150914,12.85,13.27,11.67,11.67,17312654,217021312.00
20150915,11.03,11.34,10.50,10.50,12278263,132776480.00
20150916,10.65,11.55,10.39,11.55,14327538,158410144.00
20150917,11.65,12.30,11.33,11.34,19274499,227683984.00
20150918,11.50,11.62,10.93,11.48,17399227,196750480.00
20150921,11.33,12.63,11.18,12.63,22526785,274812160.00
20150922,12.97,13.51,12.52,12.98,34150423,445083616.00
20150923,12.67,13.86,12.50,13.40,34556138,460946656.00
20150924,14.74,14.74,14.74,14.74,7839944,115795976.00
20150925,14.66,14.66,13.26,13.31,39369333,549881984.00
20150928,12.97,14.30,12.58,14.15,27908861,382724096.00
20150929,13.61,13.95,13.07,13.43,19481288,264909664.00
20150930,13.65,13.97,13.17,13.33,12828198,174356976.00
20151008,13.92,14.67,13.62,14.17,25749920,370084032.00
20151009,13.97,14.44,13.82,14.23,25040852,352844512.00
20151012,14.30,15.66,14.18,15.45,41040537,629758016.00
20151013,14.97,15.89,14.92,15.69,31764613,491545344.00
20151014,15.54,15.66,14.97,15.04,20956826,319931136.00
20151015,14.75,15.87,14.74,15.87,23712051,367717344.00
20151016,15.87,16.24,15.28,15.79,22938908,361839584.00
20151019,15.75,15.87,14.96,15.23,18171946,278688832.00
20151020,15.26,16.16,15.17,15.91,23455928,371002048.00
20151021,15.96,15.97,14.32,14.32,24523058,371152704.00
20151022,14.13,15.18,14.13,14.99,15391308,226512032.00
20151023,15.04,16.19,14.97,16.05,24866725,389430528.00
20151026,16.17,16.32,15.37,15.97,22986097,363806880.00
20151027,15.66,16.87,14.77,16.43,22629253,356522560.00
20151028,16.25,18.08,16.11,17.02,41268177,718475904.00
20151029,17.43,17.52,16.12,16.77,29408249,492430656.00
20151030,16.42,17.19,15.97,16.49,20332406,338548864.00
20151102,15.85,16.45,15.05,15.26,17620559,278973760.00
20151103,15.43,15.67,14.87,15.13,10708606,163708080.00
20151104,15.27,16.38,15.27,16.27,17123248,272057888.00
20151105,16.15,16.51,15.77,15.96,17451861,281625984.00
20151106,15.97,16.75,15.97,16.58,19656073,324009920.00
20151109,16.30,17.51,15.88,17.17,23516121,395644992.00
20151110,16.89,17.52,16.72,17.01,21919375,375284032.00
20151111,17.02,18.26,16.77,17.92,28072927,498915776.00
20151112,17.82,18.65,17.23,18.17,29823303,535027104.00
20151113,17.70,19.73,17.58,18.91,40996455,768093056.00
20151116,18.91,20.76,18.27,20.39,45845876,898603136.00
20151117,20.40,20.42,19.27,19.42,40115538,798344384.00
20151118,19.33,19.57,18.14,18.21,23465393,441359456.00
20151119,18.47,19.13,18.20,19.06,18049305,337889344.00
20151120,19.08,19.77,18.60,19.75,27052331,522910848.00
20151123,19.60,20.62,19.32,20.49,31819251,636809920.00
20151124,20.27,20.27,19.43,19.98,20410254,405830048.00
20151125,19.97,20.38,19.57,20.17,21068912,423548032.00
20151126,20.28,20.46,19.32,19.33,18010477,356702464.00
20151127,19.14,19.14,17.39,17.65,17031509,312880544.00
20151130,17.59,17.90,15.96,17.33,13566800,232454784.00
20151201,17.19,17.42,16.77,17.05,10284885,175584032.00
20151202,17.12,17.19,15.75,16.59,8612977,142221584.00
20151203,16.77,17.27,16.77,17.19,9060738,155217296.00
20151204,17.20,17.72,17.03,17.32,11535039,201269792.00
20151207,17.20,17.74,17.03,17.55,9574362,166863168.00
20151208,17.27,17.42,16.57,16.70,9550105,161992960.00
20151209,16.39,16.96,16.38,16.62,6414911,107272496.00
20151210,16.57,17.20,16.48,16.92,8743650,148385456.00
20151211,17.11,17.41,16.87,17.02,8051851,138276656.00
20151214,16.52,17.35,16.37,17.35,9018681,151848624.00
20151215,17.38,17.73,17.28,17.51,9433145,165782160.00
20151216,17.74,17.74,17.31,17.36,8667684,151868832.00
20151217,17.47,18.48,17.43,18.36,17060058,306615616.00
20151218,18.32,18.43,17.78,17.94,11921911,215456272.00
20151221,17.71,18.34,17.49,18.27,12024457,216136064.00
20151222,18.66,18.87,18.09,18.56,13789778,254578688.00
20151223,18.74,18.92,17.98,18.04,16469279,306336864.00
20151224,17.76,18.07,17.15,17.85,8798466,155083136.00
20151225,17.77,18.00,17.27,17.53,7968598,140957120.00
20151228,17.57,17.91,17.04,17.04,10189548,178482640.00
20151229,16.91,17.23,16.83,17.19,6602834,112470512.00
20151230,17.21,18.14,17.19,17.96,11072518,196035328.00
20151231,17.98,18.32,17.47,17.97,16378035,294934144.00
20160104,18.10,18.31,16.17,16.17,12071791,204258416.00
20160105,14.57,15.90,14.55,15.02,13763451,207699792.00
20160106,15.02,15.47,14.77,15.34,9588259,145424336.00
20160107,14.95,14.95,13.80,13.80,2597800,36956732.00
20160108,14.17,14.37,12.47,13.31,10170504,138064368.00
20160111,12.97,13.06,11.98,11.98,8207621,102718104.00
20160112,11.97,12.27,11.37,12.07,7334397,87949136.00
20160113,12.18,12.23,11.07,11.10,6539364,77245264.00
20160114,10.47,11.96,10.37,11.72,8608917,97042112.00
20160115,11.53,11.69,10.83,10.97,7573454,85965816.00
20160118,10.87,11.72,10.67,11.41,7252935,82539352.00
20160119,11.31,12.05,11.31,12.00,8748486,102549136.00
20160120,11.81,12.35,11.77,12.02,9483017,114641928.00
20160121,11.82,12.47,11.67,11.76,10692581,129680648.00
20160122,11.98,12.15,11.36,11.93,7129836,84174712.00
20160125,12.15,12.46,12.07,12.27,10072955,123876384.00
20160126,12.12,12.15,11.04,11.04,7212981,84400352.00
20160127,10.96,11.23,9.99,10.83,8065538,85585552.00
20160128,10.65,10.81,9.87,10.00,5322605,55394668.00
20160129,10.12,10.95,10.01,10.72,6943140,73331632.00
20160201,10.97,11.80,10.78,11.80,8443883,97998848.00
20160202,12.09,12.98,11.97,12.98,22938690,289532928.00
20160203,12.67,14.28,12.47,14.28,31025405,414839744.00
20160204,14.43,15.71,14.30,15.71,26048017,395041952.00
20160205,16.43,16.43,14.60,14.97,38210107,588589824.00
20160215,14.63,15.51,14.37,14.96,28806785,431474944.00
20160216,14.75,16.46,14.67,16.26,36946788,582315968.00
20160217,15.64,15.95,15.06,15.60,29867393,465803904.00
20160218,15.62,16.22,15.34,15.57,24992685,393240320.00
20160219,15.42,16.95,15.22,16.06,33570727,545326400.00
20160222,15.97,16.63,15.78,16.41,26318373,426398624.00
20160223,16.20,17.47,15.57,17.07,36794863,605505728.00
20160224,16.67,16.86,16.06,16.26,21983429,361184000.00
20160225,16.15,16.15,14.63,14.63,19760309,299830784.00
20160226,14.44,14.71,13.46,13.86,19342481,271252416.00
20160229,13.80,14.09,12.47,12.47,10792103,137576576.00
20160301,12.28,13.20,11.82,12.95,16603202,208862176.00
20160302,12.69,14.15,12.67,13.96,20415023,274304096.00
20160303,13.77,14.48,13.64,13.69,20553221,288999136.00
20160304,13.53,13.76,12.32,12.37,17731660,229650688.00
20160307,12.66,13.33,12.47,12.86,11757960,151903808.00
20160308,12.77,13.92,11.75,13.60,20796181,268653120.00
20160309,12.97,13.63,12.87,12.99,13507077,178939376.00
20160310,12.82,14.20,12.68,13.23,19175169,257172240.00
20160311,12.77,13.25,12.57,12.90,12060981,155510096.00
20160314,13.26,13.97,13.00,13.57,17901737,244286464.00
20160315,13.45,14.44,13.32,13.94,24602419,342220416.00
20160316,14.17,14.35,13.51,13.77,24737910,344859104.00
20160317,13.68,14.60,13.65,14.53,27376275,389857312.00
20160318,14.47,15.44,14.40,15.09,29523795,442834656.00
20160321,15.27,16.55,14.88,16.15,35266121,553169792.00
20160322,15.87,16.00,15.32,15.57,24056576,379128064.00
20160323,15.67,16.02,15.23,15.66,19098902,298583072.00
20160324,15.40,15.52,14.87,14.89,18503887,282239520.00
20160325,14.83,15.72,14.79,15.42,17162653,263471824.00
20160328,15.37,15.66,14.87,14.92,15391364,235105472.00
20160329,14.78,14.93,14.21,14.49,11265061,163937504.00
20160330,15.13,15.17,14.79,15.12,12161428,182857136.00
20160331,15.22,15.43,14.99,14.99,12524361,190805808.00
20160401,14.77,14.86,14.44,14.73,9461328,138535392.00
20160405,14.87,15.35,14.66,15.25,11058424,167534976.00
20160406,15.18,15.45,15.02,15.25,10365299,158349504.00
20160407,15.31,15.42,14.61,14.62,10990085,164579872.00
20160408,14.47,14.55,13.79,14.08,12207067,173229072.00
20160411,14.17,14.57,14.17,14.47,8484972,122942056.00
20160412,14.51,14.66,14.14,14.39,7001430,101138928.00
20160413,14.60,14.93,14.41,14.58,11822384,174587280.00
20160414,14.65,14.80,14.47,14.72,9000202,131973272.00
20160415,14.73,15.39,14.44,15.32,18922807,283280928.00
20160418,15.08,15.09,14.64,14.69,11550313,171365136.00
20160419,14.70,14.89,14.45,14.74,8619519,126373864.00
20160420,14.67,14.79,13.26,13.37,18093292,249139344.00
20160421,13.30,13.46,12.87,12.90,7232438,95720560.00
20160422,12.90,13.19,12.85,13.19,6439605,84308000.00
20160425,13.07,13.15,12.67,13.00,5767333,74655280.00
20160426,12.99,13.24,12.87,13.24,4896518,64281164.00
20160427,13.27,13.75,13.15,13.28,8080161,108220144.00
20160428,13.19,13.30,12.82,13.13,6482406,84522088.00
20160429,13.10,13.16,12.90,12.91,3918042,51022248.00
20160503,12.90,13.47,12.87,13.47,7522382,99914336.00
20160504,13.41,13.64,13.30,13.40,6225889,83880784.00
20160505,13.37,13.60,13.28,13.54,6606424,89258912.00
20160506,13.57,13.87,12.93,12.95,10537062,141099632.00
20160509,12.89,12.89,11.97,12.18,6207079,76699008.00
20160510,12.17,12.45,12.08,12.13,4603170,56466792.00
20160511,12.25,12.36,11.97,12.02,3748943,45716016.00
20160512,11.82,11.91,11.47,11.90,4285848,50240440.00
20160513,11.96,12.13,11.67,11.75,4014426,47986704.00
20160516,11.64,12.02,11.62,12.02,3732961,44404932.00
20160517,12.07,12.22,11.71,12.10,5274758,63676512.00
20160518,12.02,12.02,11.49,11.55,4740002,55480680.00
20160519,11.72,12.25,11.58,11.85,7503765,89943968.00
20160520,11.60,12.06,11.60,12.02,5343712,63469036.00
20160523,12.05,12.24,12.03,12.22,5810474,70763000.00
20160524,12.17,12.17,11.86,11.98,4189020,50336928.00
20160525,12.14,12.32,11.97,11.97,5381266,65463248.00
20160526,11.99,12.18,11.61,12.08,5207422,61974764.00
20160527,11.96,12.48,11.90,12.28,8148859,99778072.00
20160530,12.18,12.93,12.02,12.69,13177011,166605312.00
20160531,12.52,13.19,12.52,13.17,14972052,193908048.00
20160601,13.19,13.45,12.95,13.30,14636610,192327216.00
20160602,13.39,13.39,13.09,13.23,9638601,127266800.00
20160603,13.28,13.38,12.99,13.17,10632861,139899456.00
20160606,13.87,14.49,13.37,13.42,15973238,219647632.00
20160607,13.38,13.49,13.16,13.25,7076355,94081696.00
20160608,13.19,13.65,13.03,13.52,10915851,146197216.00
20160613,13.29,13.49,12.43,12.43,10462766,136556096.00
20160614,12.19,12.49,12.06,12.27,6105617,74906520.00
20160615,12.07,12.83,12.04,12.75,8045968,101535480.00
20160616,12.44,12.66,12.19,12.37,12404697,154436496.00
20160617,12.37,12.85,12.35,12.54,9292343,117453904.00
20160620,12.54,13.29,12.21,13.06,14138738,182418384.00
20160621,13.08,13.79,13.07,13.38,17183983,231054064.00
20160622,13.30,14.29,13.17,14.29,23959221,330983200.00
20160623,14.39,15.19,13.99,14.17,35742081,524097792.00
20160624,14.00,14.20,13.00,13.58,21360386,293153504.00
20160627,13.57,14.81,13.47,14.48,17938800,254523232.00
20160628,14.29,15.49,14.19,15.23,23777262,353238496.00
20160629,14.99,15.14,14.67,14.77,14687928,217984848.00
20160630,14.69,14.96,14.54,14.67,8427842,124007752.00
20160701,14.95,15.41,14.60,14.74,12279306,183822128.00
20160704,14.61,15.38,14.48,14.95,13635258,204562048.00
20160705,14.87,15.09,14.69,14.75,8393031,124694696.00
20160706,14.57,14.85,14.33,14.45,10728873,156028720.00
20160707,14.51,14.64,14.04,14.44,10047484,143679072.00
20160708,14.36,14.51,14.00,14.20,11355158,161592752.00
20160711,14.22,14.39,14.10,14.20,6527544,93073136.00
20160712,14.11,14.45,14.04,14.44,8232056,117773792.00
20160713,14.59,14.75,14.42,14.57,9230888,135051712.00
20160714,14.54,14.62,14.29,14.39,6050613,87060400.00
20160715,14.48,14.55,13.99,14.01,8460219,119517528.00
20160718,13.86,14.14,13.79,14.04,4460352,62387700.00
20160719,14.04,14.12,13.60,13.83,12038265,165473600.00
20160720,13.85,14.55,13.81,14.21,12250933,173802992.00
20160721,14.16,14.16,13.70,13.76,14268543,197466224.00
20160722,13.69,13.85,13.49,13.66,6744155,92362672.00
20160725,13.59,13.80,13.49,13.64,5409538,73675000.00
20160726,13.64,13.87,13.59,13.84,5260183,72517032.00
20160727,13.90,13.90,12.46,12.93,11544643,152549664.00
20160728,12.79,13.06,12.56,12.77,5585959,71582304.00
20160729,12.75,12.90,12.50,12.81,4428553,56342040.00
20160801,12.83,12.83,12.34,12.57,3806080,47710488.00
20160802,12.55,12.83,12.50,12.79,2914921,37134856.00
20160803,12.84,12.89,12.62,12.81,2707385,34617196.00
20160804,12.86,12.87,12.68,12.85,2927484,37487332.00
20160805,12.84,13.14,12.75,12.84,4361011,56375144.00
20160808,12.79,12.96,12.67,12.87,3779313,48517092.00
20160809,12.97,13.04,12.82,13.00,4713994,60967600.00
20160810,13.00,13.24,12.80,13.03,7039031,91433600.00
20160811,12.90,12.97,12.70,12.80,4228668,54242956.00
20160812,12.82,12.94,12.72,12.86,2868647,36845724.00
20160815,12.88,13.35,12.81,13.13,7547722,98969592.00
20160816,13.13,13.29,13.10,13.19,5058956,66698356.00
20160817,13.15,13.34,13.08,13.25,6093887,80750016.00
20160818,13.24,13.31,13.10,13.14,4485919,59256932.00
20160819,13.15,13.29,13.09,13.26,3076231,40694768.00
20160822,13.29,13.38,13.04,13.09,4253876,55979472.00
20160823,13.04,13.29,13.04,13.17,4775795,62988512.00
20160824,13.29,13.36,13.17,13.18,3953351,52411340.00
20160825,13.15,13.46,13.06,13.44,7316959,97293880.00
20160826,13.44,13.56,13.30,13.33,6469624,86961048.00
20160829,13.25,13.44,13.24,13.34,3359480,44904676.00
20160830,13.39,13.49,13.18,13.39,4266613,56973124.00
20160831,13.43,13.43,13.23,13.34,3116275,41430920.00
20160901,13.36,13.66,13.25,13.44,7792914,105129872.00
20160902,13.49,14.19,13.40,13.87,14896163,206779184.00
20160905,13.84,14.05,13.71,13.74,6116872,84651688.00
20160906,13.77,14.01,13.51,13.94,7857762,108814816.00
20160907,14.01,14.15,13.79,13.82,6728864,93907872.00
20160908,13.85,13.88,13.64,13.72,4662133,64034568.00
20160909,13.84,13.84,13.53,13.61,4414602,60343648.00
20160912,13.19,13.53,13.18,13.21,9055356,120789840.00
20160913,13.39,13.43,13.23,13.30,3804971,50663180.00
20160914,13.30,13.30,13.02,13.11,3423041,45003820.00
20160919,12.91,13.19,12.87,13.11,5435512,71076288.00
20160920,13.04,13.27,12.99,13.19,5833897,76511456.00
20160921,13.19,13.33,13.15,13.27,3955873,52444556.00
20160922,13.34,13.36,13.14,13.28,3061012,40609980.00
20160923,13.25,13.75,13.24,13.63,7567635,102004056.00
20160926,13.69,13.69,13.44,13.55,5642242,76584624.00
20160927,13.48,13.61,13.33,13.47,4973810,66935444.00
20160928,13.53,13.84,13.31,13.65,8612773,117043440.00
20160929,13.71,13.77,13.56,13.72,5190125,71100272.00
20160930,13.75,14.09,13.66,13.96,8972631,124997296.00
20161010,13.93,13.97,13.66,13.86,9390252,129897952.00
20161011,13.89,13.89,13.66,13.80,5768407,79459872.00
20161012,13.70,13.91,13.69,13.81,5135971,71053216.00
20161013,13.87,13.88,13.67,13.71,4794450,65907108.00
20161014,13.71,13.87,13.65,13.75,4800374,66107220.00
20161017,13.74,13.81,13.46,13.47,5330276,72676184.00
20161018,13.50,13.94,13.43,13.91,5658052,77628904.00
20161019,13.92,13.92,13.66,13.71,5002794,68860048.00
20161020,13.77,13.77,13.63,13.72,2037568,27928248.00
20161021,13.74,13.77,13.49,13.74,4011864,54768340.00
20161024,13.84,13.84,13.69,13.78,4040491,55661940.00
20161025,13.73,13.85,13.65,13.77,3713671,51003652.00
20161026,13.74,13.83,13.66,13.83,4756802,65474908.00
20161027,13.83,13.83,13.68,13.73,2795361,38440204.00
20161028,13.72,13.72,13.46,13.49,5293821,72047760.00
20161031,13.49,13.59,13.40,13.47,2582106,34854968.00
20161101,13.49,13.65,13.42,13.54,4087452,55507724.00
20161102,13.59,13.61,13.49,13.51,2837239,38427244.00
20161103,13.59,13.63,13.44,13.49,3215104,43479140.00
20161104,13.51,13.51,13.35,13.40,4905187,65917040.00
20161107,13.41,13.41,13.19,13.25,4878208,64650920.00
20161108,13.32,13.48,13.23,13.37,4530818,60467164.00
20161109,13.36,13.36,12.87,13.06,6581654,86275624.00
20161110,13.24,13.24,13.09,13.19,3914323,51564232.00
20161111,13.19,13.32,13.04,13.27,4150177,54654784.00
20161114,13.25,13.45,13.21,13.37,4503887,60226292.00
20161115,13.38,13.46,13.23,13.43,3802303,50801384.00
20161116,13.48,13.59,13.36,13.37,4716989,63588044.00
20161117,13.39,13.51,13.19,13.40,6287801,84204480.00
20161118,13.39,13.45,13.21,13.22,3504597,46753536.00
20161121,13.28,13.41,13.21,13.34,4983932,66490816.00
20161122,13.39,13.45,13.27,13.41,4165666,55692568.00
20161123,13.44,13.67,13.41,13.44,7063502,95654856.00
20161124,13.47,13.51,13.16,13.24,4782369,63938268.00
20161125,13.22,13.33,13.04,13.26,3893222,51540912.00
20161128,13.28,13.32,13.19,13.21,3261748,43232756.00
20161129,13.17,13.19,11.89,12.71,7004084,91036456.00
20161130,12.74,13.29,12.74,13.28,6404912,83336784.00
20161201,13.22,13.74,13.18,13.25,13791476,184834080.00
20161202,13.17,13.32,12.79,12.95,4679911,61276016.00
20161205,12.85,13.03,12.70,12.76,3398072,43704272.00
20161206,12.72,12.88,12.72,12.78,1633053,20929542.00
20161207,12.76,12.87,12.64,12.81,1955737,24953870.00
20161208,12.83,12.98,12.71,12.71,2337004,30090126.00
20161209,12.75,12.82,12.59,12.61,2574454,32662926.00
20161212,12.55,12.65,11.90,12.23,4873300,59822608.00
20161213,12.18,12.53,12.11,12.42,4218354,52188080.00
20161214,12.31,12.42,12.20,12.22,1658038,20408014.00
20161215,12.13,12.38,12.11,12.31,1855321,22808768.00
20161216,12.29,12.42,12.23,12.30,1998818,24628020.00
20161219,12.30,12.37,12.20,12.23,1251081,15352531.00
20161220,12.23,12.41,12.18,12.31,3660926,44960476.00
20161221,12.28,12.97,12.24,12.54,11726015,146862000.00
20161222,12.41,12.87,12.33,12.69,7859887,99427464.00
20161223,12.62,12.76,12.26,12.27,5468573,67992760.00
20161226,12.25,12.57,12.00,12.55,4306834,53320684.00
20161227,12.51,13.09,12.44,12.55,3594255,45397988.00
20161228,12.69,12.71,12.39,12.46,2194650,27503928.00
20161229,12.41,12.59,12.40,12.44,1690802,21158968.00
20161230,12.46,12.70,12.46,12.58,3846542,48558184.00
20170103,12.62,12.69,12.51,12.62,2784723,35102776.00
20170104,12.65,12.71,12.56,12.63,2451165,31023378.00
20170105,12.64,12.70,12.58,12.63,2117599,26800150.00
20170106,12.60,12.65,12.51,12.51,1956298,24587954.00
20170109,12.51,12.57,12.39,12.45,1420502,17709256.00
20170110,12.46,12.52,12.41,12.44,1216000,15159722.00
20170111,12.40,12.49,12.27,12.28,1959200,24301144.00
20170112,12.28,12.40,12.08,12.11,2077873,25379748.00
20170113,12.05,12.34,12.01,12.12,2891108,35127424.00
20170116,12.13,12.13,10.91,10.99,5267300,59307268.00
20170117,10.99,11.27,10.69,11.08,3576125,39232488.00
20170118,11.07,11.08,10.90,10.90,1390479,15256713.00
20170119,10.89,10.94,10.82,10.82,1192785,12977226.00
20170120,10.84,11.29,10.82,11.08,3020985,33719612.00
20170123,11.27,11.34,11.12,11.25,1757240,19783572.00
20170124,11.24,11.29,11.15,11.21,1155402,12978989.00
20170125,11.25,11.33,11.15,11.16,1841992,20728294.00
20170126,11.17,11.32,11.17,11.26,1693201,19086668.00
20170203,11.26,11.35,11.19,11.26,796252,8964515.00
20170206,11.22,11.57,11.22,11.43,1758865,20069084.00
20170207,11.45,11.45,11.26,11.31,1459609,16563896.00
20170208,11.34,11.39,11.24,11.36,1397724,15838694.00
20170209,11.37,11.69,11.31,11.58,3265637,37620896.00
20170210,11.59,11.64,11.45,11.49,1692111,19512000.00
20170213,11.51,11.62,11.44,11.53,1187848,13710217.00
20170214,11.50,11.64,11.49,11.54,2313849,26747054.00
20170215,11.53,11.60,11.25,11.27,2743694,31365184.00
20170216,11.25,11.45,11.19,11.38,2657520,30196096.00
20170217,11.44,11.45,11.04,11.19,2544759,28592128.00
20170220,11.19,11.27,11.04,11.25,2982464,33295396.00
20170221,11.25,11.59,11.19,11.50,3697086,42364560.00
20170222,11.44,12.16,11.44,11.59,4229805,49356112.00
20170223,11.52,11.68,11.41,11.52,2284449,26254680.00
20170224,11.52,11.89,11.51,11.69,3259416,38257300.00
20170227,11.69,11.77,11.60,11.64,2144025,25074554.00
20170228,11.59,11.66,11.51,11.64,1352991,15697746.00
20170301,11.55,11.69,11.55,11.62,1950148,22674290.00
20170302,11.59,11.67,11.44,11.50,2115452,24393434.00
20170303,11.50,11.63,11.40,11.40,2572695,29540392.00
20170306,11.42,11.87,11.42,11.81,5209755,61117464.00
20170307,11.84,12.05,11.68,11.94,4511370,53701360.00
20170308,11.84,11.92,11.73,11.88,3215403,38055160.00
20170309,11.87,12.05,11.78,12.03,4249678,50891096.00
20170310,12.08,12.09,11.74,11.85,3433359,40742956.00
20170313,11.84,11.92,11.63,11.91,3052942,36096688.00
20170314,11.89,11.94,11.65,11.77,2374759,28139490.00
20170315,11.83,11.83,11.66,11.76,1583689,18647852.00
20170316,11.76,11.83,11.70,11.78,2877046,33855760.00
20170317,11.80,11.93,11.69,11.69,2215360,26191112.00
20170320,11.69,12.35,11.62,11.92,10230429,122555120.00
20170321,11.87,11.97,11.67,11.77,5092326,59814384.00
20170322,11.83,11.84,11.55,11.56,4436886,51679028.00
20170323,11.56,11.61,11.21,11.40,4232695,48454660.00
20170324,11.34,11.48,11.27,11.42,2376294,27028114.00
20170327,11.42,11.42,11.29,11.30,1812171,20545442.00
20170328,11.31,11.37,11.24,11.25,1450622,16377803.00
20170329,11.27,11.33,11.02,11.07,3046774,33846644.00
20170330,11.14,11.14,10.79,10.80,2713696,29538582.00
20170331,10.80,10.94,10.75,10.84,1694446,18352346.00
20170405,10.94,11.06,10.80,11.04,1705850,18729338.00
20170406,11.09,11.39,11.02,11.15,3801610,42484468.00
20170407,11.11,11.32,10.99,11.04,2585549,28695862.00
20170410,10.95,11.03,10.64,10.75,5022058,54323872.00
20170411,10.64,10.96,10.64,10.91,3278423,35573644.00
20170412,10.85,10.92,10.72,10.85,2905127,31370726.00
20170413,10.78,10.87,10.69,10.81,1725686,18679938.00
20170414,10.81,10.82,10.51,10.53,2040200,21773888.00
20170417,10.53,10.58,10.32,10.34,1845425,19246782.00
20170418,10.40,10.47,10.09,10.11,1849327,18951868.00
20170419,10.18,10.19,9.87,10.13,2792150,27927310.00
20170420,10.09,10.29,9.92,10.16,2541034,25716102.00
20170421,10.15,10.22,9.91,9.95,2257100,22638652.00
20170424,9.97,9.99,9.59,9.59,1453550,14150663.00
20170425,9.66,10.28,9.59,9.99,3726936,36798628.00
20170426,9.89,10.33,9.88,10.22,5328532,54109528.00
20170427,10.22,10.53,9.90,10.25,3971030,40128040.00
20170428,10.24,10.29,10.10,10.14,4146807,42247944.00
20170502,10.15,10.22,10.10,10.14,1285192,13039362.00
20170503,10.09,10.15,9.99,10.01,1101800,11095523.00
20170504,10.07,10.17,9.95,9.98,2497722,25092452.00
20170505,9.96,10.05,9.61,9.88,3165505,31127850.00
20170508,9.80,9.87,9.66,9.82,1622824,15861692.00
20170509,9.79,9.85,9.59,9.79,2620402,25561116.00
20170510,9.78,9.84,9.39,9.39,2578416,24920238.00
20170511,9.39,9.44,8.45,8.78,6148335,54450752.00
20170512,8.69,8.69,8.44,8.52,3495452,29851318.00
20170515,8.56,8.64,8.40,8.45,1967096,16838682.00
20170516,8.35,8.63,8.30,8.63,2776255,23644296.00
20170517,8.64,8.81,8.61,8.66,3020731,26285388.00
20170518,8.53,8.73,8.50,8.60,2457324,21236512.00
20170519,8.59,8.64,8.53,8.61,1578103,13568091.00
20170522,8.60,8.65,8.30,8.35,2011742,17090918.00
20170523,8.42,8.42,7.88,7.92,2841662,23341558.00
20170524,7.92,8.01,7.70,7.98,2142355,16881378.00
20170525,7.98,8.02,7.59,7.99,4396827,34655320.00
20170526,7.98,8.03,7.88,7.89,2365230,18820788.00
20170531,7.99,8.02,7.89,7.93,2154768,17136924.00
20170601,7.93,7.93,7.14,7.14,5792995,43230376.00
20170602,7.08,7.16,6.71,7.04,8487576,58893636.00
20170605,7.05,7.75,6.95,7.75,4645261,33904092.00
20170606,8.53,8.53,8.53,8.53,6691969,57149416.00
20170607,8.76,9.38,8.63,9.38,42413816,384780544.00
20170608,9.39,9.95,8.99,9.78,44290407,425871264.00
20170609,9.29,9.37,9.00,9.09,28947722,264805104.00
20170612,8.92,8.99,8.57,8.71,22234052,194066592.00
20170613,8.65,8.78,8.61,8.78,18753097,163744464.00
20170614,8.65,8.87,8.50,8.85,19216177,167302432.00
20170615,8.77,8.88,8.60,8.64,17207881,150850448.00
20170616,8.60,8.79,8.43,8.76,15720526,135539360.00
20170619,8.67,8.71,8.50,8.58,10182240,87546800.00
20170620,8.59,8.70,8.54,8.61,9274394,80046696.00
20170621,8.70,8.73,8.34,8.43,12979728,110583328.00
20170622,8.39,8.44,7.97,7.99,13721071,112083208.00
20170623,7.99,8.03,7.81,8.02,8484016,67484304.00
20170626,7.99,8.08,7.85,8.05,6754919,54102408.00
20170627,8.03,8.06,7.94,7.98,5562266,44508808.00
20170628,7.96,8.05,7.85,7.90,5395725,42977760.00
20170629,7.88,8.05,7.87,7.94,5682460,45133640.00
20170630,7.91,7.91,7.78,7.83,4998420,39182892.00
20170703,7.83,8.05,7.83,8.02,6186370,49187272.00
20170704,8.04,8.05,7.94,8.02,4693427,37454120.00
20170705,8.01,8.07,7.96,8.06,5325600,42763448.00
20170706,8.04,8.19,7.98,8.09,7194884,58034140.00
20170707,8.06,8.06,7.90,7.96,5537536,44235008.00
20170710,7.97,7.98,7.88,7.96,3971153,31477894.00
20170711,7.91,7.92,7.73,7.73,5336601,41816672.00
20170712,7.72,7.94,7.63,7.94,6910949,53888156.00
20170713,7.91,8.08,7.70,7.94,9414538,74598608.00
20170714,7.89,7.89,7.62,7.65,5393800,41833448.00
20170717,7.64,7.65,6.89,6.89,8263782,58932828.00
20170718,6.89,7.09,6.71,7.03,5122673,35440676.00
20170719,7.00,7.07,6.91,7.06,4889872,34269032.00
数据来源:通达信
