300105 龙源技术 日线 前复权
      日期	    开盘	    最高	    最低	    收盘	    成交量	    成交额
20100820,14.34,14.86,13.71,14.10,14716730,1220099456.00
20100823,14.52,14.66,13.45,13.92,6124346,504041344.00
20100824,14.21,15.01,13.94,14.86,6207006,529638272.00
20100825,14.58,14.90,13.97,14.09,3968243,337987104.00
20100826,14.48,15.18,14.37,14.64,3266037,284740832.00
20100827,14.37,15.01,14.27,14.88,2286106,199075456.00
20100830,14.87,15.77,14.77,15.58,2937644,265530416.00
20100831,15.37,15.94,15.11,15.54,2197599,201331856.00
20100901,15.66,15.71,14.67,14.98,2121495,189015728.00
20100902,14.91,15.23,14.77,14.91,1760981,156007648.00
20100903,15.11,15.30,14.40,14.66,2213915,194011488.00
20100906,14.76,15.03,14.43,14.63,1590189,138448416.00
20100907,14.72,15.30,14.56,15.25,1762838,156964752.00
20100908,15.04,15.46,15.03,15.39,963051,86721632.00
20100909,15.49,15.63,15.14,15.60,1048377,95671384.00
20100910,15.56,15.94,15.37,15.37,857475,79225096.00
20100913,15.30,15.41,15.09,15.29,579861,52254124.00
20100914,15.28,15.51,15.12,15.39,666279,60336176.00
20100915,15.39,15.68,14.46,14.57,1358513,120048264.00
20100916,14.52,14.72,14.17,14.64,831134,70980912.00
20100917,14.64,14.74,14.34,14.43,508903,44019796.00
20100920,14.44,14.45,13.15,13.93,986215,80368120.00
20100921,13.64,13.95,13.40,13.88,373039,30516420.00
20100927,13.88,14.11,13.52,13.98,386997,31653602.00
20100928,13.86,14.12,13.57,13.69,1010453,82303520.00
20100929,13.69,13.73,13.32,13.32,484520,39011092.00
20100930,13.24,13.88,13.24,13.66,455685,36626832.00
20101008,13.83,14.40,13.71,14.37,562158,47207976.00
20101011,14.37,14.37,13.80,13.97,275114,22928960.00
20101012,13.83,14.17,13.83,14.01,296818,24629276.00
20101013,14.12,14.33,13.88,14.33,335614,27980398.00
20101014,14.31,14.31,13.84,14.22,243129,20307632.00
20101015,14.02,14.38,13.85,14.34,602487,50273476.00
20101018,14.50,14.50,13.95,14.07,361614,30465202.00
20101019,14.07,14.93,14.07,14.79,445535,38946408.00
20101020,14.52,14.86,14.35,14.43,388225,33605012.00
20101021,14.17,14.67,14.00,14.60,222702,18960228.00
20101022,14.22,14.86,14.21,14.70,362932,31410548.00
20101025,14.69,15.27,14.69,15.10,527522,46836056.00
20101026,15.03,15.03,14.48,14.57,1655460,144846176.00
20101027,14.57,14.64,14.36,14.54,615804,52937892.00
20101028,14.51,14.85,14.51,14.72,332791,29011908.00
20101029,14.74,15.63,14.74,15.58,884549,80355904.00
20101101,15.42,17.16,15.42,17.16,929605,92638704.00
20101102,17.09,17.32,16.57,16.90,1147376,115350608.00
20101103,16.97,17.69,16.57,16.75,974480,98160792.00
20101104,16.59,17.43,16.59,17.01,475481,47587948.00
20101105,17.05,17.60,16.78,17.41,332408,33793676.00
20101108,18.18,18.63,17.60,17.77,506219,53752144.00
20101109,17.62,17.87,17.26,17.75,722793,74771936.00
20101110,17.67,18.57,17.44,17.89,554084,59024824.00
20101111,17.86,18.63,17.86,17.95,297161,31912654.00
20101112,17.84,17.90,16.92,17.04,786994,80491648.00
20101115,17.09,18.22,16.92,17.77,458843,47924752.00
20101116,17.77,18.21,17.17,17.43,515711,54276828.00
20101117,17.24,17.92,16.83,16.83,763258,77524320.00
20101118,16.75,17.23,16.75,16.96,396880,39804072.00
20101119,16.96,17.59,16.83,17.45,679772,69499760.00
20101122,17.60,18.41,17.47,17.60,1640793,174021728.00
20101123,17.45,18.32,17.45,18.29,1416872,150349648.00
20101124,18.32,19.31,18.15,19.15,682262,76607120.00
20101125,19.23,19.81,18.80,19.20,632626,72264384.00
20101126,19.06,19.62,19.06,19.16,648507,73850280.00
20101129,18.97,19.49,18.60,18.77,744056,82809800.00
20101130,18.77,18.93,17.09,17.74,886507,94104672.00
20101201,17.57,17.89,17.06,17.09,1434613,146325936.00
20101202,17.24,17.48,16.99,17.34,1023089,104291248.00
20101203,17.33,17.34,16.66,16.84,966425,96486344.00
20101206,16.78,17.17,16.10,16.23,1331584,129212880.00
20101207,16.23,17.09,15.97,16.97,515328,50656932.00
20101208,17.09,17.58,16.99,17.51,679727,69822128.00
20101209,17.27,17.46,16.92,17.23,247169,25175918.00
20101210,17.00,17.94,17.00,17.85,374014,39177692.00
20101213,17.86,18.86,17.86,18.63,1094473,120241808.00
20101214,18.80,18.82,18.35,18.46,374523,41126792.00
20101215,18.38,19.47,18.37,18.99,606145,67804600.00
20101216,19.00,19.29,18.77,18.91,357952,40195304.00
20101217,18.89,18.89,18.29,18.63,377187,41333384.00
20101220,18.96,19.64,18.65,19.26,831555,94448608.00
20101221,19.28,21.18,19.28,20.60,818691,97703352.00
20101223,20.20,21.51,19.92,20.00,1091979,134208144.00
20101224,20.00,20.69,19.15,20.01,839773,98210616.00
20101227,20.08,20.17,18.26,18.29,663825,75037168.00
20101228,18.14,19.30,17.43,18.46,1018074,110344776.00
20101229,18.22,19.65,18.22,19.54,566620,64408620.00
20101230,19.58,20.62,19.54,20.32,651217,77073376.00
20101231,20.17,20.76,20.11,20.67,381448,45964912.00
20110104,20.76,21.82,20.69,21.63,757620,95992256.00
20110105,21.60,21.97,20.87,21.25,486161,61312264.00
20110106,21.20,21.46,20.78,20.93,594264,73841064.00
20110107,20.77,21.46,20.76,21.01,426739,52892104.00
20110110,20.70,20.92,19.59,19.64,590338,69974488.00
20110111,19.40,20.17,19.40,20.10,321194,37591884.00
20110112,20.10,20.41,19.17,19.63,408659,47265472.00
20110113,19.60,19.66,19.21,19.49,272823,31272602.00
20110114,19.47,19.47,18.77,18.77,366189,41264420.00
20110117,18.77,19.57,18.25,18.32,608434,67425296.00
20110118,18.24,19.49,18.12,19.35,497465,56010808.00
20110119,19.33,20.33,19.33,19.83,470846,55337744.00
20110120,19.78,20.02,19.15,19.38,323908,37371540.00
20110121,19.32,19.66,18.60,18.85,489658,54625556.00
20110124,18.80,19.10,16.94,16.94,957636,100312160.00
20110125,16.87,17.23,16.40,16.80,668343,66259632.00
20110126,16.83,17.67,16.83,17.56,247345,25437566.00
20110127,17.35,17.77,16.80,17.43,365480,37483984.00
20110128,17.43,17.83,17.29,17.50,249128,25893194.00
20110131,17.44,18.29,17.38,18.06,277396,29127854.00
20110201,18.80,19.21,18.63,18.97,569632,63872236.00
20110209,18.97,19.15,18.55,18.66,320968,35722596.00
20110210,18.60,19.54,18.37,19.54,279978,31801512.00
20110211,19.64,20.04,19.42,19.64,439960,51310584.00
20110214,19.64,19.81,19.32,19.78,434037,50043796.00
20110215,19.66,19.74,19.32,19.68,401294,46256640.00
20110216,19.61,19.98,19.32,19.88,379703,43892716.00
20110217,19.80,19.83,19.41,19.45,227533,26243054.00
20110218,19.49,19.91,19.32,19.32,238179,27501210.00
20110221,19.32,19.49,18.63,19.35,583783,65413260.00
20110222,19.32,19.32,18.36,18.46,605942,66837352.00
20110223,18.45,19.15,18.32,18.86,196475,21757504.00
20110224,18.65,18.92,18.28,18.82,265937,29183450.00
20110225,18.55,18.77,18.19,18.46,243526,26468114.00
20110228,18.29,18.53,17.95,18.03,389767,41736536.00
20110301,18.08,18.70,17.78,18.63,512753,55102932.00
20110302,18.46,18.66,18.12,18.65,321833,34975324.00
20110303,18.71,18.71,18.31,18.36,212618,23231650.00
20110304,18.29,18.97,18.27,18.97,356921,39267620.00
20110307,19.15,19.15,18.70,18.89,256442,28530520.00
20110308,18.89,18.96,18.63,18.96,128450,14261687.00
20110309,18.79,18.96,18.55,18.68,114535,12662883.00
20110310,18.68,18.70,18.33,18.37,135251,14706420.00
20110311,18.39,18.49,17.95,18.02,273832,29359540.00
20110314,18.07,18.55,18.07,18.40,227002,24618288.00
20110315,18.29,18.34,17.95,18.07,220267,23477088.00
20110316,18.01,18.48,18.01,18.36,151768,16411059.00
20110317,18.16,18.27,17.87,17.91,161302,17213936.00
20110318,17.91,18.19,17.91,18.13,97205,10364808.00
20110321,18.12,18.38,18.03,18.24,138367,14933583.00
20110322,18.32,18.39,18.03,18.03,73970,7915342.00
20110323,18.23,18.35,18.06,18.31,151235,16323310.00
20110324,18.44,18.67,18.19,18.38,192357,21056208.00
20110325,18.38,18.61,18.12,18.18,205794,22127988.00
20110328,18.25,18.36,16.93,17.43,606964,62864304.00
20110329,17.43,17.59,16.66,16.71,279068,28060584.00
20110330,16.41,16.92,16.41,16.89,170249,16862406.00
20110331,16.59,17.03,16.59,16.72,116430,11583833.00
20110401,16.72,16.83,16.61,16.78,102541,10143535.00
20110406,16.72,16.84,15.63,15.78,506695,47888460.00
20110407,15.78,15.82,15.34,15.44,423191,38740436.00
20110408,15.48,16.22,15.41,16.00,326737,30797502.00
20110411,16.00,16.18,15.19,15.35,485555,44208132.00
20110412,15.34,15.58,15.01,15.40,120779,10900984.00
20110413,15.73,16.63,15.52,15.71,618288,58208712.00
20110414,15.85,16.14,15.57,16.02,360649,34052620.00
20110415,15.78,16.02,15.41,15.75,181395,16909756.00
20110418,15.75,15.75,15.20,15.52,151616,13888905.00
20110419,15.42,15.70,15.21,15.63,128591,11756038.00
20110421,15.66,15.94,15.63,15.86,153292,14388674.00
20110422,16.06,16.06,15.72,15.91,147758,13883232.00
20110425,15.89,15.89,15.29,15.35,92799,8489511.00
20110426,15.20,15.54,15.04,15.46,118661,10757119.00
20110427,14.34,15.61,14.05,15.61,954547,82598856.00
20110428,15.20,15.30,14.27,14.46,247736,21547432.00
20110429,14.34,14.65,14.10,14.50,138109,11872090.00
20110503,14.82,14.82,14.35,14.60,171983,14822267.00
20110504,14.65,15.03,14.43,14.60,137787,11979507.00
20110505,14.45,14.60,14.23,14.40,150701,7116506.50
20110506,14.26,14.91,14.18,14.91,157649,7553203.50
20110509,14.92,14.96,14.70,14.90,150053,7337216.50
20110510,14.98,14.98,14.76,14.90,67210,3274640.75
20110511,14.98,14.98,14.61,14.76,84633,4102929.75
20110512,14.74,14.77,14.51,14.51,170098,8178926.50
20110513,14.36,14.39,13.78,13.86,345732,15833205.00
20110516,13.86,13.98,13.70,13.81,209147,9518044.00
20110517,13.81,13.81,13.23,13.37,496458,21902624.00
20110518,13.37,13.44,13.25,13.37,164970,7243783.00
20110519,13.49,13.51,13.24,13.25,191300,8391120.00
20110520,13.32,13.68,13.32,13.62,311571,13875937.00
20110523,13.62,13.68,12.91,12.94,603274,26262332.00
20110524,12.76,13.67,12.76,13.22,582116,25425708.00
20110525,13.37,13.86,13.23,13.37,737558,32961598.00
20110526,13.37,13.68,13.09,13.15,377332,16626785.00
20110527,13.02,13.67,13.02,13.37,407648,17891340.00
20110530,13.30,14.23,13.30,14.05,746803,34125944.00
20110531,13.99,14.26,13.69,14.05,321219,14799340.00
20110601,13.99,14.22,13.93,14.08,256437,11862439.00
20110602,13.82,14.08,13.63,13.86,177503,8088981.50
20110603,13.77,14.09,13.77,13.99,167748,7707514.00
20110607,14.07,14.43,13.93,14.22,216086,10110919.00
20110608,14.31,14.77,14.29,14.77,334266,16034281.00
20110609,14.77,15.05,14.33,14.76,281164,13624497.00
20110610,14.75,14.76,14.17,14.54,223678,10595481.00
20110613,14.44,14.60,14.17,14.37,129099,6079892.00
20110614,14.30,14.61,14.30,14.44,210467,10004056.00
20110615,14.54,14.54,14.24,14.24,108018,5097331.00
20110616,14.14,14.36,13.72,14.09,249081,11470942.00
20110617,13.84,14.06,13.80,13.90,79946,3642998.75
20110620,13.81,13.95,13.76,13.90,78614,3585799.50
20110621,13.90,14.13,13.46,13.74,157723,7091919.50
20110622,13.69,14.23,13.43,13.51,153072,6867933.00
20110623,13.42,13.83,13.22,13.80,375626,16702850.00
20110624,13.70,14.54,13.58,14.39,451113,21091236.00
20110627,14.45,14.48,14.13,14.27,331375,15566292.00
20110628,14.27,14.38,14.10,14.20,214431,10001611.00
20110629,14.23,14.61,14.08,14.35,322259,15307622.00
20110630,14.35,14.45,14.21,14.38,252000,11898807.00
20110701,14.48,14.69,14.37,14.53,231333,11056113.00
20110704,14.69,14.91,14.57,14.88,330789,16062963.00
20110705,15.16,15.78,14.94,15.22,794442,39924168.00
20110706,14.92,15.26,14.91,15.22,306850,15155155.00
20110707,15.08,15.31,14.98,15.25,331745,16544321.00
20110708,15.22,15.22,14.62,14.77,421868,20527012.00
20110711,14.79,15.24,14.46,15.16,383767,18819154.00
20110712,15.01,15.07,14.74,14.77,136474,6665900.00
20110713,14.77,15.22,14.77,15.04,186631,9238979.00
20110714,15.09,15.22,14.92,15.20,266156,13188696.00
20110715,15.18,15.72,15.16,15.39,507290,25724822.00
20110718,15.38,15.71,15.35,15.52,523499,26663856.00
20110719,15.36,15.38,15.07,15.21,335477,16741468.00
20110720,15.43,15.75,15.40,15.53,931951,47657984.00
20110721,15.54,15.54,15.22,15.25,138327,6950836.00
20110722,15.25,15.47,15.14,15.38,141444,7141319.00
20110725,15.41,15.71,15.07,15.07,417302,21065560.00
20110726,15.28,15.50,14.92,15.48,235389,11852851.00
20110727,15.47,16.45,15.41,16.39,622303,33141290.00
20110728,16.20,17.03,16.15,16.92,790465,43552916.00
20110729,16.90,17.00,16.15,16.15,592364,32225356.00
20110801,16.32,16.44,15.94,16.05,398214,21095422.00
20110802,15.99,16.33,15.81,16.27,538301,28442898.00
20110803,16.26,16.92,16.00,16.78,717477,39090728.00
20110804,16.73,17.03,16.64,17.00,539159,29739166.00
20110805,16.46,18.15,16.46,17.86,1230382,70981232.00
20110808,17.86,18.93,17.15,18.12,1517973,90522016.00
20110809,17.84,18.35,17.41,17.97,901326,53227780.00
20110810,18.00,18.58,17.39,17.44,1044808,61451372.00
20110811,17.13,18.18,17.13,17.99,842669,49329216.00
20110812,17.94,18.28,17.88,17.97,579578,34311172.00
20110815,18.00,18.12,17.52,18.03,603620,35331680.00
20110816,18.06,18.06,17.07,17.56,807514,46402996.00
20110817,17.54,17.54,17.18,17.34,456984,25904888.00
20110818,17.35,17.48,16.86,16.95,624510,34963748.00
20110819,16.77,17.23,16.59,17.11,428633,23656402.00
20110822,17.23,17.95,16.77,17.07,497075,28508080.00
20110823,17.07,17.58,16.89,17.52,281568,15920792.00
20110824,17.80,17.92,17.59,17.77,319119,18561838.00
20110825,17.75,17.87,17.54,17.81,221483,12866233.00
20110826,17.72,18.15,17.61,18.06,254457,15022163.00
20110829,18.05,18.29,17.94,17.94,172217,10183231.00
20110830,18.12,18.15,17.25,17.31,347100,20093426.00
20110831,17.15,17.48,17.07,17.14,144200,8124479.50
20110901,17.20,17.32,16.83,16.86,102160,5712359.00
20110902,16.80,17.05,16.64,16.92,153110,8456069.00
20110905,16.89,16.89,16.26,16.50,174027,9418482.00
20110906,16.45,16.50,16.23,16.40,90732,4863768.00
20110907,16.30,18.00,16.30,17.38,593173,32849168.00
20110908,17.86,17.94,16.28,16.28,1169608,66281720.00
20110909,16.58,16.58,15.60,15.84,431622,22637518.00
20110913,15.47,15.78,15.07,15.22,331819,16782796.00
20110914,15.35,16.52,14.91,15.36,415336,20879968.00
20110915,15.41,15.49,15.25,15.34,110131,5562117.00
20110916,15.40,16.13,15.28,15.46,685381,35684744.00
20110919,15.29,15.68,15.09,15.62,372068,18848018.00
20110920,15.62,15.99,15.53,15.77,310671,16063877.00
20110921,15.94,16.24,15.69,16.15,392409,20584226.00
20110922,16.76,16.77,16.05,16.15,948182,51286480.00
20110923,15.84,16.39,15.69,15.96,471927,25078426.00
20110926,15.98,16.12,15.46,15.77,229207,11866337.00
20110927,15.97,15.97,15.69,15.84,111197,5761807.00
20110928,15.98,15.99,15.55,15.67,119592,6177198.00
20110929,15.30,15.47,14.98,15.07,326101,16311714.00
20110930,14.92,15.41,14.81,15.11,347393,17193102.00
20111010,15.11,15.34,15.10,15.13,47213,2351786.00
20111011,15.44,15.52,14.48,14.65,248416,12047755.00
20111012,14.61,15.16,14.44,15.10,131642,6437977.00
20111013,15.16,15.62,15.07,15.52,142970,7254564.50
20111014,15.48,15.67,15.19,15.67,101362,5132043.50
20111017,15.65,15.84,15.53,15.75,171187,8818932.00
20111018,15.74,15.78,15.26,15.49,79260,4048168.25
20111019,15.53,15.68,15.22,15.35,97592,4947306.50
20111020,15.16,15.22,14.61,15.16,173817,8515909.00
20111021,15.36,15.99,14.91,15.15,183910,9389474.00
20111024,15.16,15.47,14.63,15.07,411244,20391802.00
20111025,14.94,15.56,14.71,15.38,453568,22711094.00
20111026,15.18,16.04,15.18,16.02,604053,31526804.00
20111027,16.02,17.07,16.02,16.19,610881,32782582.00
20111028,16.19,17.01,16.19,16.96,646985,35552884.00
20111031,17.00,17.35,16.81,17.02,695257,38954572.00
20111101,17.02,17.18,16.57,16.87,526533,29124662.00
20111102,16.61,17.56,16.46,17.56,732379,41501136.00
20111103,17.57,17.91,17.31,17.69,751759,43453720.00
20111104,17.77,17.77,17.29,17.29,287977,16464087.00
20111107,17.20,17.44,17.14,17.33,202112,11470629.00
20111108,17.33,17.40,17.13,17.22,182261,10318024.00
20111109,17.37,17.77,16.81,17.66,519756,29137554.00
20111110,17.56,18.27,17.35,17.69,709055,41778320.00
20111111,17.69,17.83,17.20,17.51,262343,15102541.00
20111114,17.87,18.15,17.84,17.95,291041,17142166.00
20111115,18.02,18.40,17.81,18.25,624073,37205308.00
20111116,18.18,18.25,17.51,17.57,276823,16315917.00
20111117,17.78,18.06,17.45,17.71,273130,15901180.00
20111118,17.48,17.63,17.04,17.14,273698,15525870.00
20111121,17.31,17.32,16.78,16.90,191594,10645006.00
20111122,16.89,17.16,16.84,17.14,242353,13482742.00
20111123,17.21,17.71,17.11,17.51,388659,22302460.00
20111124,17.51,17.72,17.30,17.48,169029,9729351.00
20111125,17.67,17.69,17.01,17.18,164223,9361877.00
20111128,17.32,17.63,17.28,17.53,171009,9750591.00
20111129,17.69,17.78,17.47,17.63,139763,8062852.00
20111130,17.66,17.99,17.00,17.22,519300,29833704.00
20111201,17.63,17.89,17.45,17.54,655663,37991600.00
20111202,17.67,17.67,17.11,17.11,244806,13884339.00
20111205,17.32,17.32,16.40,16.40,399535,21872412.00
20111206,15.84,16.73,15.84,16.43,286248,15301926.00
20111207,16.32,16.58,16.31,16.45,153662,8283443.00
20111208,16.30,16.73,16.15,16.53,103454,5599680.00
20111209,16.66,16.75,16.39,16.49,134952,7339792.00
20111212,16.76,16.76,16.43,16.43,82416,4458023.50
20111213,16.54,16.54,15.53,15.75,391104,20377584.00
20111214,15.83,15.90,15.52,15.52,187323,9630672.00
20111215,15.52,15.77,15.17,15.47,335571,16988186.00
20111216,15.16,16.30,15.16,16.14,539862,27526914.00
20111219,16.08,16.09,15.48,15.87,534012,27547502.00
20111220,15.65,15.96,15.53,15.72,419100,21608034.00
20111221,15.87,16.02,15.19,15.22,574107,29025166.00
20111222,14.93,15.40,14.76,15.22,520137,25715798.00
20111223,15.15,15.37,14.97,15.18,341974,17101812.00
20111226,15.22,15.53,15.15,15.25,272813,13653654.00
20111227,15.14,15.36,14.92,15.10,416610,20761654.00
20111228,15.09,15.36,14.94,15.35,462387,23117726.00
20111229,15.31,15.34,15.10,15.34,574413,28690224.00
20111230,15.33,16.11,15.23,15.62,316567,16332640.00
20120104,16.06,16.06,14.86,14.91,190007,9506968.00
20120105,14.87,15.16,13.86,13.90,623252,29890388.00
20120106,13.90,14.21,13.28,13.63,453108,20183486.00
20120109,13.73,13.77,13.22,13.61,757707,33454778.00
20120110,13.62,14.21,13.51,13.98,625620,28381340.00
20120111,13.85,14.24,13.56,13.64,844306,38555872.00
20120112,13.90,14.08,13.38,13.52,650360,29329488.00
20120113,13.46,13.52,12.14,12.14,1516461,62606884.00
20120116,11.52,12.27,11.40,12.14,697920,27940500.00
20120117,11.88,12.41,11.88,12.25,753124,30305840.00
20120118,12.30,12.44,11.43,11.76,941691,36684156.00
20120119,11.44,11.95,11.44,11.69,440805,17000240.00
20120120,11.69,12.24,11.55,12.21,468984,18594746.00
20120130,12.21,12.27,12.01,12.03,225402,9009613.00
20120131,11.98,12.16,11.79,11.91,283760,11119306.00
20120201,11.95,12.28,11.92,11.98,439559,17588556.00
20120202,11.97,12.32,11.97,12.23,595534,24044748.00
20120203,12.31,12.94,12.19,12.80,397211,16621213.00
20120206,12.90,13.11,12.80,12.92,230404,9854887.00
20120207,12.75,12.91,12.45,12.46,203600,8432489.00
20120208,12.46,12.81,12.36,12.75,270063,11189357.00
20120209,12.71,12.97,12.71,12.97,366485,15509560.00
20120210,12.98,13.09,12.76,12.94,235225,10056565.00
20120213,12.94,13.21,12.94,13.05,480756,20631498.00
20120214,13.02,13.06,12.91,13.04,94186,4027713.50
20120215,12.94,13.26,12.94,13.23,376572,16214586.00
20120216,13.06,13.37,12.60,12.75,623594,26647174.00
20120217,12.75,12.91,12.38,12.60,1018542,42523328.00
20120220,12.66,12.85,12.48,12.48,613855,25544704.00
20120221,12.51,12.51,12.23,12.44,635024,25903446.00
20120222,12.44,13.37,12.44,13.18,1820535,78010824.00
20120223,13.16,13.54,13.07,13.37,1285894,56376052.00
20120224,13.37,13.63,13.28,13.37,1117971,49461132.00
20120227,13.51,13.62,13.25,13.37,1300878,57384952.00
20120228,13.25,13.28,12.74,13.05,1847696,78784328.00
20120229,12.94,13.48,12.91,13.42,1361992,59418084.00
20120301,13.44,14.02,13.43,13.98,1639716,74076672.00
20120302,13.98,14.11,13.58,13.98,1549640,70453224.00
20120305,14.14,14.33,13.74,13.83,1227513,56591244.00
20120306,13.79,13.94,13.52,13.57,678336,30466638.00
20120307,13.47,13.74,13.36,13.44,592118,26348362.00
20120308,13.62,13.83,13.44,13.83,1295700,57986160.00
20120309,13.90,14.01,13.77,14.00,684590,31303228.00
20120312,14.02,14.28,13.76,13.93,839992,38754224.00
20120313,13.96,14.23,13.96,14.09,663995,30670422.00
20120314,14.27,14.36,13.25,13.37,1275330,58006676.00
20120315,13.46,13.51,13.02,13.21,560004,24326822.00
20120316,13.22,13.57,13.22,13.56,541954,23987554.00
20120319,13.58,13.92,13.40,13.73,769481,34643332.00
20120320,13.62,13.69,13.05,13.06,638792,28004076.00
20120321,13.15,13.23,12.72,12.74,756716,32119902.00
20120322,12.78,12.84,12.69,12.76,681504,28634972.00
20120326,12.66,12.66,12.41,12.45,582581,24030392.00
20120327,12.58,12.65,12.40,12.44,442845,18240874.00
20120328,12.44,12.44,11.88,12.31,675584,26965978.00
20120329,12.11,12.23,12.00,12.04,618955,24628140.00
20120330,11.97,12.23,11.92,12.23,450040,17964048.00
20120405,12.24,12.46,12.14,12.45,472364,19236468.00
20120406,12.44,12.57,12.32,12.42,348471,14221404.00
20120409,12.32,12.38,12.08,12.14,532868,21350224.00
20120410,12.14,12.18,11.80,12.14,487632,19175050.00
20120411,11.89,12.15,11.88,12.04,253909,10064475.00
20120412,12.04,12.26,11.92,12.23,372890,14932141.00
20120413,12.34,12.54,12.23,12.41,510957,20926440.00
20120416,12.36,12.41,12.16,12.26,253329,10264817.00
20120417,12.18,12.29,12.05,12.06,340654,13627631.00
20120418,12.12,12.37,11.98,12.36,458977,18501558.00
20120419,12.35,12.54,12.32,12.42,385860,15811038.00
20120420,12.42,12.63,12.39,12.61,434433,17980476.00
20120423,12.61,12.61,12.10,12.14,808237,32695662.00
20120424,12.01,12.29,11.84,12.04,681911,27073034.00
20120425,11.96,12.12,11.89,12.03,338459,13398857.00
20120426,12.12,12.25,12.12,12.14,418611,16787608.00
20120427,12.14,12.22,12.07,12.18,283098,11335493.00
20120502,12.28,12.41,12.07,12.23,476095,19129090.00
20120503,12.18,12.32,12.17,12.28,270129,10884368.00
20120504,12.32,12.91,12.32,12.57,854341,35791216.00
20120507,12.63,13.33,12.60,13.23,1370476,58602760.00
20120508,13.12,13.48,13.12,13.31,1145452,50172184.00
20120509,13.29,13.29,12.87,12.87,654171,28015872.00
20120510,12.78,13.03,12.71,12.75,480222,20325478.00
20120511,12.75,13.04,12.69,12.77,424827,17956352.00
20120514,12.81,12.98,12.79,12.85,611680,26016640.00
20120515,12.79,12.79,12.32,12.46,886994,20344518.00
20120516,12.47,12.59,12.04,12.23,529894,11886122.00
20120517,12.18,12.54,12.07,12.39,646615,14547658.00
20120518,12.32,12.53,12.15,12.32,665790,14997901.00
20120521,12.82,12.82,12.16,12.30,425781,9642679.00
20120522,12.30,12.50,12.20,12.46,340250,7698992.00
20120523,12.40,12.60,12.27,12.48,366789,8337985.00
20120524,12.48,12.57,12.24,12.33,308856,6976294.50
20120525,12.52,13.09,12.41,12.72,1309346,30696184.00
20120528,12.63,13.04,12.55,13.00,1103611,26026914.00
20120529,13.08,13.42,13.03,13.21,1577855,38371112.00
20120530,13.12,14.20,13.12,13.88,2507010,63254120.00
20120531,13.88,14.70,13.88,14.27,2686884,69846680.00
20120601,14.20,14.43,13.88,14.24,1686867,43242120.00
20120604,13.98,14.26,13.65,13.81,1612613,41046028.00
20120605,13.78,13.88,13.40,13.52,817789,20224760.00
20120606,13.57,14.41,13.57,14.02,1300004,33277236.00
20120607,14.03,14.43,13.73,13.91,905187,23301894.00
20120608,14.04,14.07,13.60,13.70,985750,24893560.00
20120611,13.69,14.63,13.61,14.60,1800565,46946960.00
20120612,14.51,14.85,14.34,14.79,1369559,36466452.00
20120613,14.84,15.14,14.64,15.04,1360838,37072744.00
20120614,14.99,14.99,14.64,14.82,1420404,38301152.00
20120615,14.95,14.95,14.20,14.48,1766695,46546108.00
20120618,14.47,15.25,14.47,15.04,1350392,36841764.00
20120619,14.93,14.99,14.72,14.92,1359860,36742348.00
20120620,14.79,15.09,14.69,14.71,759608,20470550.00
20120621,14.72,14.82,14.16,14.44,795024,20910882.00
20120625,14.38,14.54,13.99,13.99,1047643,27330814.00
20120626,13.89,14.25,13.89,14.13,545882,13992029.00
20120627,14.27,14.90,14.27,14.65,1191220,31787040.00
20120628,14.76,14.88,14.43,14.65,709403,18951182.00
20120629,14.54,15.09,14.22,14.98,622305,16718245.00
20120702,15.27,15.73,14.98,15.54,2404995,67620368.00
20120703,15.63,15.97,15.22,15.49,1861336,53187496.00
20120704,15.38,15.68,15.10,15.12,847880,23708934.00
20120705,15.21,15.37,15.00,15.28,833377,23131480.00
20120706,15.26,15.38,14.66,15.12,1002729,27399972.00
20120709,15.12,15.36,14.54,14.56,703029,19083176.00
20120710,14.56,14.63,14.04,14.29,1148814,29835482.00
20120711,14.29,14.48,13.77,14.31,1494787,38354396.00
20120712,14.31,15.20,14.31,15.10,1971621,53050496.00
20120713,14.54,14.76,14.18,14.45,2429562,64034968.00
20120716,14.16,14.52,13.78,13.88,1150923,29650782.00
20120717,13.74,13.99,13.22,13.60,1266027,31379212.00
20120718,13.60,13.63,13.25,13.63,860241,20997436.00
20120719,13.65,13.98,13.60,13.88,750149,18982874.00
20120720,13.99,13.99,13.72,13.78,176100,4422160.50
20120723,13.71,14.28,13.71,14.14,684253,17542572.00
20120724,13.82,14.35,13.82,14.34,504599,13004072.00
20120725,14.19,14.74,14.19,14.61,828237,22051200.00
20120726,14.63,14.74,14.22,14.29,423400,11151593.00
20120727,14.32,14.48,14.04,14.44,547802,14271658.00
20120730,14.15,14.59,13.92,14.31,786497,20640170.00
20120731,14.14,14.25,13.15,13.22,1343858,33811832.00
20120801,13.43,13.90,13.15,13.77,1023544,25553634.00
20120802,13.48,14.07,13.48,13.83,655610,16643385.00
20120803,13.85,14.31,13.83,14.30,377084,9727782.00
20120806,14.45,14.88,14.15,14.79,1088745,29056096.00
20120807,14.86,14.90,14.43,14.78,776620,20818710.00
20120808,14.57,14.75,14.43,14.58,1266465,33495136.00
20120809,14.54,14.54,14.21,14.27,2191100,57176000.00
20120810,14.27,14.60,14.27,14.53,1160393,30558380.00
20120813,14.47,14.70,14.43,14.54,1349084,35837588.00
20120814,14.54,14.63,14.02,14.57,605914,15784366.00
20120815,14.44,14.79,14.33,14.73,774174,20664776.00
20120816,14.82,14.99,14.65,14.68,643620,17390702.00
20120817,14.71,14.71,14.00,14.40,500169,13045262.00
20120820,14.27,14.53,14.05,14.43,267350,6974980.00
20120821,14.38,14.98,14.38,14.81,1058798,28350614.00
20120822,15.28,15.29,14.77,14.82,673225,18402616.00
20120823,14.68,14.88,14.58,14.78,558694,14948159.00
20120824,14.78,14.93,14.40,14.40,451087,12008963.00
20120827,14.39,14.40,14.00,14.00,514944,13227730.00
20120828,13.85,14.15,13.85,14.00,619119,15803468.00
20120829,14.02,14.21,13.89,13.95,330414,8457320.00
20120830,13.93,14.03,13.15,13.67,945609,23213652.00
20120831,13.48,13.63,13.02,13.09,1665765,40002876.00
20120903,13.09,13.40,12.91,13.35,1301007,31074026.00
20120904,13.36,13.40,13.22,13.29,385139,9339405.00
20120905,13.19,13.58,13.19,13.51,202554,4948149.00
20120906,13.52,13.68,13.34,13.65,448059,11003236.00
20120907,13.68,14.32,13.65,14.18,1336727,34102240.00
20120910,14.18,14.28,13.94,14.13,1537636,39433748.00
20120911,13.96,14.27,13.96,14.27,622120,15965229.00
20120912,14.35,14.46,13.96,14.27,652731,16917198.00
20120913,14.38,14.38,13.99,13.99,615750,15797432.00
20120914,14.18,14.18,13.44,13.49,1066793,26587196.00
20120917,13.49,13.64,13.16,13.16,504342,12274780.00
20120918,13.13,13.26,13.06,13.14,243376,5841749.00
20120919,13.14,13.20,12.92,13.03,1166104,27575176.00
20120920,13.00,13.11,12.38,12.48,630742,14855289.00
20120921,12.48,12.79,11.88,12.49,1091309,24029492.00
20120924,12.27,12.47,11.98,12.34,926381,20605928.00
20120925,12.17,12.32,11.82,11.82,913522,19881624.00
20120926,11.82,11.82,11.10,11.15,834458,17398138.00
20120927,11.32,11.32,10.52,11.00,2750093,54622676.00
20120928,10.82,11.03,10.57,10.98,1886589,37254872.00
20121008,10.96,11.41,10.83,11.28,2240498,45851624.00
20121009,11.19,11.55,11.19,11.55,1100229,23035230.00
20121010,11.57,11.63,11.32,11.59,1112436,23311092.00
20121011,11.65,11.68,11.23,11.24,1179136,24642946.00
20121012,11.24,11.41,10.71,10.94,1359279,27315424.00
20121015,11.02,11.04,10.70,10.93,509277,10128152.00
20121016,10.93,11.42,10.85,11.15,830706,16950880.00
20121017,11.22,11.29,11.10,11.19,475167,9717396.00
20121018,11.18,11.41,11.18,11.40,699546,14506645.00
20121019,11.40,11.43,11.13,11.29,510389,10509880.00
20121022,11.24,11.25,10.83,11.24,1207360,24315604.00
20121023,11.26,11.39,11.04,11.12,891534,18369452.00
20121024,10.96,11.25,10.93,11.12,610499,12402347.00
20121025,11.12,11.12,10.83,10.85,520907,10441652.00
20121026,10.85,10.89,10.29,10.38,788168,15111008.00
20121029,10.38,10.38,9.99,10.06,827240,15340071.00
20121030,10.13,10.13,9.92,9.93,817488,14949314.00
20121031,9.99,9.99,9.60,9.70,1507548,26863092.00
20121101,9.74,10.08,9.73,9.97,1619116,29332238.00
20121102,9.97,9.98,9.52,9.71,2370735,42056520.00
20121105,9.69,9.80,9.53,9.68,1717590,30354616.00
20121106,9.70,9.79,9.55,9.79,923069,16335677.00
20121107,9.82,10.09,9.77,9.93,3359220,61163296.00
20121108,9.65,9.79,9.55,9.60,1215973,21521266.00
20121109,9.57,9.68,9.57,9.61,694887,12243867.00
20121112,9.70,9.97,9.45,9.85,1956951,34943224.00
20121113,9.85,10.24,9.84,10.06,4269170,78808976.00
20121114,9.91,10.37,9.91,10.29,1917118,35684716.00
20121115,10.25,10.60,10.13,10.56,2535658,48437676.00
20121116,10.87,11.37,10.63,10.89,4424846,89539072.00
20121119,10.79,11.09,10.36,10.65,2949031,57521276.00
20121120,10.55,11.21,10.55,11.07,2509016,50206316.00
20121121,10.94,11.04,10.60,10.95,1510675,29946414.00
20121122,10.68,10.95,10.54,10.70,862228,17053164.00
20121123,10.74,10.85,10.27,10.34,1464383,27932568.00
20121126,10.30,10.30,9.90,10.07,1884752,34575340.00
20121127,9.90,9.96,9.58,9.60,1285655,22875762.00
20121128,9.54,9.85,9.49,9.83,708768,12581543.00
20121129,9.83,10.01,9.70,9.88,704009,12715222.00
20121130,9.89,10.18,9.83,10.18,867448,15981110.00
20121203,10.21,10.51,9.67,9.82,908630,16746061.00
20121204,9.93,10.05,9.50,9.99,661011,11738566.00
20121205,9.99,10.65,9.93,10.65,1224789,23319302.00
20121206,10.65,10.88,10.40,10.52,1138032,22063848.00
20121207,10.53,10.82,10.35,10.78,1012340,19778582.00
20121210,10.78,11.04,10.60,10.85,1471069,29319082.00
20121211,10.68,10.84,10.44,10.52,1131859,21941226.00
20121212,10.51,10.99,9.83,10.99,1994787,38246736.00
20121213,10.92,11.31,10.66,10.72,2051670,41270380.00
20121214,10.70,11.15,10.55,10.99,2157058,43186316.00
20121217,11.04,11.09,10.73,10.80,1508946,30016524.00
20121218,10.81,10.81,10.33,10.40,1985023,38328292.00
20121219,10.28,10.63,10.28,10.42,1119537,21434638.00
20121220,10.32,10.67,10.18,10.66,1747129,33715980.00
20121221,10.67,11.20,10.54,11.13,2762673,55069976.00
20121224,11.18,11.51,10.99,11.38,2413837,50000152.00
20121225,11.26,11.69,11.21,11.45,1673154,35031132.00
20121226,11.45,11.87,11.29,11.74,1889254,39995568.00
20121227,11.74,11.85,11.22,11.27,2881302,60323676.00
20121228,11.22,11.52,11.02,11.51,1502246,30926584.00
20121231,11.45,12.03,11.29,12.03,2526426,54155456.00
20130104,12.00,12.18,11.76,11.90,1447736,31579038.00
20130107,11.82,11.93,11.68,11.82,1479292,31801798.00
20130108,11.81,12.28,11.63,12.27,2728920,59474604.00
20130109,12.27,12.48,11.88,12.38,2490219,55565260.00
20130110,12.52,12.87,12.32,12.50,3710621,85321424.00
20130111,12.44,12.67,12.11,12.22,2167232,49319448.00
20130114,13.09,13.09,12.48,12.81,2913239,67808752.00
20130115,12.97,14.04,12.95,13.88,4298892,106047744.00
20130116,13.82,13.88,13.18,13.57,2758047,67962256.00
20130117,13.60,13.70,13.33,13.46,1559824,38542104.00
20130118,13.46,14.03,13.46,13.87,1929836,48806632.00
20130121,13.88,14.41,13.69,13.85,2001530,51310680.00
20130122,13.87,13.87,12.49,13.10,2392765,57646936.00
20130123,12.99,13.43,12.96,13.40,1445171,34753876.00
20130124,13.53,13.53,12.95,13.07,1889384,45734244.00
20130125,13.07,13.49,12.92,13.44,1498704,36537052.00
20130128,13.44,13.91,13.43,13.82,1330910,33335094.00
20130129,13.88,14.22,13.54,13.84,1239642,31194402.00
20130130,13.85,13.99,13.25,13.43,1430372,35192516.00
20130131,13.41,13.83,13.18,13.74,1967536,48951524.00
20130201,13.72,13.90,13.54,13.88,1154254,28985046.00
20130204,13.72,14.55,13.72,14.30,2393256,62137868.00
20130205,14.12,14.54,13.88,14.42,1169506,30381220.00
20130206,14.40,15.12,14.37,14.91,2265316,61272824.00
20130207,14.98,14.98,14.43,14.59,1961092,52092124.00
20130208,14.49,14.82,14.49,14.58,990296,26474164.00
20130218,14.71,15.16,14.56,15.02,1778459,48359640.00
20130219,15.04,15.07,14.47,14.79,1229142,33092944.00
20130220,14.79,15.46,14.79,15.30,2187238,60859724.00
20130221,15.27,15.48,14.69,15.05,1508287,41425056.00
20130222,15.04,15.17,14.72,14.78,903716,24490948.00
20130225,14.79,15.63,14.78,15.60,2377615,66694716.00
20130226,15.54,15.54,14.35,14.50,3505035,95908168.00
20130227,14.49,14.87,13.90,14.21,2985071,77288344.00
20130228,14.22,14.65,14.07,14.62,1907173,50093868.00
20130301,14.51,15.57,14.51,15.55,3297664,90261344.00
20130304,15.38,15.54,14.24,15.09,5266786,143098032.00
20130305,15.37,15.37,14.38,14.73,4095836,109405696.00
20130306,14.76,14.93,13.99,14.10,5027291,131132696.00
20130307,14.20,14.24,13.13,13.39,5268228,130542312.00
20130308,13.41,13.53,13.08,13.21,3011992,72863888.00
20130311,13.25,13.60,13.22,13.40,2425674,59382160.00
20130312,13.59,13.62,12.52,12.91,3063549,72719768.00
20130313,13.52,13.52,12.58,12.76,1594982,37244072.00
20130314,12.77,12.91,12.64,12.88,1210270,28272286.00
20130315,12.88,13.28,12.62,13.07,2250851,53697152.00
20130318,13.59,13.59,12.58,12.60,3006284,71281424.00
20130319,12.64,12.74,12.09,12.19,2707976,60727412.00
20130320,12.22,12.74,12.20,12.71,2117874,48472700.00
20130321,12.74,13.40,12.71,13.35,3344774,80463480.00
20130322,13.31,13.40,13.12,13.28,1522886,36818632.00
20130325,13.22,13.40,12.99,13.08,1819726,43556060.00
20130326,12.99,13.04,12.54,12.63,1585386,36747044.00
20130327,12.68,12.97,12.60,12.71,1362098,31762206.00
20130328,12.70,12.96,12.32,12.58,1545268,35908328.00
20130329,12.50,12.73,12.38,12.40,1088187,24872056.00
20130401,12.40,13.14,12.37,13.12,2207468,52094880.00
20130402,13.00,13.64,13.00,13.13,3267732,79362000.00
20130403,13.07,13.26,12.42,12.98,2281968,52935280.00
20130408,12.49,13.10,12.38,13.00,1534900,36034216.00
20130409,13.00,13.11,12.79,12.98,1509352,35639684.00
20130410,13.27,13.27,12.69,12.80,984335,23026570.00
20130411,12.92,12.96,12.60,12.71,1231193,28617064.00
20130412,12.66,12.74,12.60,12.60,1263911,29194470.00
20130415,12.55,12.62,12.17,12.24,2030972,45601720.00
20130416,12.04,12.38,11.94,12.29,717298,15979317.00
20130417,12.50,12.50,12.13,12.33,735299,16462490.00
20130418,12.24,12.47,11.12,12.35,1483709,33131420.00
20130419,12.40,12.74,12.29,12.72,2029824,46535328.00
20130422,12.52,12.97,12.49,12.93,3212112,74680880.00
20130423,13.15,13.15,12.38,12.49,1466302,33947788.00
20130424,12.46,12.95,12.44,12.89,2413513,56003644.00
20130425,12.86,13.15,12.65,12.81,2417737,57088628.00
20130426,12.81,12.90,12.54,12.54,1502758,34933244.00
20130502,12.54,12.58,12.32,12.49,1225582,27805498.00
20130503,12.77,12.82,12.44,12.75,2169561,50032952.00
20130506,12.75,13.49,12.74,13.38,4098900,99192312.00
20130507,13.37,14.25,13.22,14.14,4863707,123768144.00
20130508,14.13,14.46,13.99,14.19,2749769,71518656.00
20130509,14.28,15.63,14.28,15.63,6642359,187278416.00
20130510,16.07,17.21,16.07,16.50,9122736,278372416.00
20130513,16.79,17.70,16.30,16.89,6143935,189872816.00
20130514,16.54,16.69,15.83,16.26,3324898,97790216.00
20130515,16.37,16.97,16.33,16.87,5597367,170127456.00
20130516,16.54,17.60,15.99,16.48,5071858,156720720.00
20130517,16.32,17.31,16.21,16.77,2363486,71873528.00
20130520,16.71,17.66,16.55,17.59,2549464,79923408.00
20130521,17.49,17.53,16.99,17.20,2527050,79126736.00
20130522,17.04,17.04,15.99,16.24,3815608,113380488.00
20130523,16.24,16.77,16.05,16.32,2928698,87014720.00
20130524,16.28,16.59,16.10,16.51,1571348,46797436.00
20130527,16.55,17.85,16.55,17.15,3530347,111846312.00
20130528,17.04,17.29,16.44,16.77,2325112,71351536.00
20130529,17.13,17.98,16.92,17.71,3802483,120699096.00
20130530,17.54,18.38,17.42,18.32,3986761,131319216.00
20130531,18.11,20.16,18.11,19.74,7917113,280233920.00
20130603,19.54,20.21,18.88,19.25,5590641,197721744.00
20130604,19.10,19.40,17.71,18.04,4074005,134550448.00
20130605,18.11,18.34,17.66,18.10,1692271,55204928.00
20130606,17.85,18.04,17.04,17.27,2219647,70265632.00
20130607,17.51,17.59,16.57,17.40,1532499,47753772.00
20130613,16.88,17.64,16.44,17.64,2194269,67999008.00
20130614,17.63,18.42,17.40,18.08,2462300,80560168.00
20130617,18.41,18.42,16.60,17.16,5325212,167776096.00
20130618,16.93,17.03,16.29,16.53,4391865,131746480.00
20130619,16.17,16.40,15.71,15.85,4847705,140266976.00
20130620,15.72,15.96,15.13,15.26,4681990,132455472.00
20130621,15.04,15.10,14.39,14.88,2582651,69168224.00
20130624,14.87,14.87,13.38,13.49,4802546,120585632.00
20130625,13.23,13.77,12.67,13.48,4618017,112112128.00
20130626,13.54,14.84,13.50,14.84,7215556,188814592.00
20130627,15.05,15.39,14.38,14.66,5505616,149692208.00
20130628,14.68,14.87,14.19,14.60,2261228,59763092.00
20130701,14.59,15.13,14.32,15.04,3214058,85937920.00
20130702,14.93,15.13,14.55,14.71,5488264,147307872.00
20130703,14.70,14.70,13.82,14.44,3672904,95372656.00
20130704,14.39,14.88,13.99,14.77,4715498,123928224.00
20130705,14.81,14.90,14.08,14.27,2796202,74277704.00
20130708,13.77,14.38,13.52,13.54,2987142,74864432.00
20130709,13.40,13.82,13.22,13.62,2361282,57860660.00
20130710,12.25,12.25,12.25,12.25,2624000,58436480.00
20130711,11.89,12.32,11.77,12.07,10337168,225576048.00
20130712,12.04,12.53,11.97,12.24,6164975,137928688.00
20130715,12.32,12.87,12.32,12.80,5038567,115978296.00
20130716,12.82,12.84,12.38,12.75,2877630,66008164.00
20130717,12.79,12.98,12.52,12.61,3122255,72154416.00
20130718,12.58,12.65,12.31,12.34,4215171,95475888.00
20130719,12.32,12.73,11.82,12.44,4182153,94595968.00
20130722,12.38,12.93,12.27,12.92,4040378,93351424.00
20130723,12.99,13.39,12.97,13.36,5789017,138983536.00
20130724,13.22,14.18,12.97,14.02,4900128,120405576.00
20130725,13.93,13.96,13.21,13.28,2958187,72749904.00
20130726,13.21,13.53,12.94,13.44,2434515,58692172.00
20130729,13.43,13.43,12.78,12.88,1724521,40806052.00
20130730,13.02,13.07,12.11,12.43,2047570,46439168.00
20130731,12.34,12.96,12.20,12.43,2118120,48852080.00
20130801,12.49,13.69,12.49,13.44,5351515,129224656.00
20130802,13.38,13.82,13.38,13.42,3448370,85067528.00
20130805,13.45,13.86,13.29,13.80,2795784,69155832.00
20130806,13.81,13.87,13.43,13.68,2339375,57972560.00
20130807,13.64,13.72,13.27,13.38,1864012,45500420.00
20130808,13.29,13.73,13.29,13.46,1899163,46737212.00
20130809,13.59,13.64,12.94,13.27,2051107,49352396.00
20130812,13.52,13.73,13.27,13.40,2797523,68464920.00
20130813,13.43,13.95,13.22,13.89,4212127,104526736.00
20130814,13.76,13.76,13.41,13.61,2420103,59812440.00
20130815,13.53,13.69,13.38,13.43,1427835,35036464.00
20130816,13.44,13.68,12.94,12.95,2024358,49127936.00
20130819,12.82,13.03,12.59,12.99,1724863,40301972.00
20130820,12.92,13.13,12.72,12.79,1288161,30188812.00
20130821,12.78,13.10,12.60,12.72,3028717,70825896.00
20130822,12.63,12.77,12.54,12.64,1790345,41201056.00
20130823,12.65,12.90,12.58,12.90,2424092,56011640.00
20130826,12.99,13.15,12.90,13.06,2279305,53976356.00
20130827,13.09,13.18,12.84,13.03,1923389,45425952.00
20130828,12.93,12.94,12.62,12.71,1829250,42319996.00
20130829,12.69,12.82,12.63,12.74,884444,20411476.00
20130830,12.59,12.79,12.13,12.21,2034942,45638364.00
20130902,12.14,12.29,11.88,11.90,3288762,71579008.00
20130903,11.90,11.98,11.52,11.82,7180388,152552400.00
20130904,11.76,11.84,11.52,11.79,3210905,68283088.00
20130905,11.75,12.03,11.63,12.00,2708673,58816716.00
20130906,12.02,12.03,11.74,11.88,2400782,51818680.00
20130909,11.91,12.08,11.71,11.95,4501692,97298952.00
20130910,11.99,12.37,11.99,12.35,4549515,101072784.00
20130911,12.32,12.32,11.91,12.05,3222773,70681640.00
20130912,12.05,12.27,11.88,12.07,1877627,41364760.00
20130913,12.35,12.52,12.07,12.22,3062228,68197152.00
20130916,12.34,12.34,11.98,12.02,1957326,43030996.00
20130917,12.04,12.09,11.69,11.87,1793253,38615376.00
20130918,11.87,12.02,11.71,11.99,1507282,32485252.00
20130923,12.10,12.21,12.00,12.15,1495146,32956286.00
20130924,12.15,12.46,12.08,12.12,2384154,53076556.00
20130925,12.10,12.10,11.77,11.77,2515271,54270980.00
20130926,11.79,11.79,11.59,11.62,1530441,32439934.00
20130927,11.61,11.73,11.55,11.65,964026,20467366.00
20130930,11.66,12.09,11.66,11.97,1781966,38506624.00
20131008,12.24,12.93,12.24,12.57,5313558,121864056.00
20131009,12.59,12.91,12.37,12.77,3236105,74804272.00
20131010,12.82,12.83,12.32,12.43,2234014,50686028.00
20131011,12.49,12.82,12.43,12.56,2414311,55297044.00
20131014,12.58,13.26,12.54,13.25,5049559,119282816.00
20131015,13.49,13.57,12.90,13.10,3793272,91038544.00
20131016,13.11,13.12,12.59,12.74,2757300,64169984.00
20131017,12.80,13.68,12.79,13.19,4764252,115362256.00
20131018,13.19,14.52,13.03,14.09,6133702,155192272.00
20131021,14.35,15.43,14.35,14.92,7399475,200309872.00
20131022,14.98,15.64,14.26,14.26,7157111,193692736.00
20131023,13.99,15.35,13.97,14.69,6167967,163324960.00
20131024,14.52,14.52,13.80,13.82,3328937,85089280.00
20131025,13.87,14.32,13.47,13.58,3098291,78619528.00
20131028,13.75,13.95,13.12,13.67,3034809,74989792.00
20131029,13.67,13.75,12.54,12.94,3996346,94637864.00
20131030,12.88,13.06,12.60,12.97,2209495,51615672.00
20131031,12.82,12.82,11.93,11.98,4693084,104691936.00
20131101,11.96,12.08,11.57,11.83,2489654,53417692.00
20131104,11.94,12.48,11.94,12.23,2529934,56184772.00
20131105,12.11,12.53,11.90,12.37,3598825,79728720.00
20131106,12.34,12.60,11.99,12.07,3985471,89314904.00
20131107,11.96,12.63,11.80,12.33,3778963,83916376.00
20131108,12.31,12.64,12.22,12.55,3251736,73779216.00
20131111,12.58,12.62,12.12,12.52,2113141,47743468.00
20131112,12.43,12.74,12.21,12.64,1988559,45239056.00
20131113,12.54,12.73,12.29,12.29,1787338,40551376.00
20131114,12.29,12.43,11.99,12.28,1823363,40569084.00
20131115,12.37,12.74,12.28,12.60,2664412,60946832.00
20131118,12.74,12.90,12.54,12.89,2773478,64244556.00
20131119,12.89,13.27,12.79,13.00,2085645,49365708.00
20131120,13.00,13.13,12.77,12.99,2038634,47670884.00
20131121,12.93,12.94,12.42,12.56,3543242,81222240.00
20131122,12.54,12.74,12.40,12.47,1773304,40458400.00
20131125,12.47,12.64,12.38,12.48,1410503,32148356.00
20131126,12.47,12.57,12.27,12.34,1729129,39010280.00
20131127,12.34,12.71,12.16,12.63,2139491,48420752.00
20131128,12.62,12.64,12.47,12.55,2957194,67427520.00
20131129,12.47,12.91,12.39,12.87,3506735,80738656.00
20131202,12.35,12.35,11.57,11.57,4524053,97672048.00
20131203,11.38,11.38,10.58,11.16,3165037,63582888.00
20131204,11.20,11.40,10.94,11.07,2162219,44207712.00
20131205,11.04,11.53,10.96,11.10,3144514,64229304.00
20131206,11.18,11.32,11.10,11.21,1420794,28991292.00
20131209,11.39,11.75,11.33,11.63,2794225,58612424.00
20131210,11.64,11.64,11.40,11.45,1896873,39658660.00
20131211,11.57,11.75,11.40,11.48,2123376,44704276.00
20131212,11.46,11.67,11.40,11.51,1094782,22958836.00
20131213,11.51,11.73,11.37,11.57,1231401,25934424.00
20131216,11.57,11.70,11.27,11.28,1366832,28380386.00
20131217,11.27,11.38,11.09,11.11,852480,17319386.00
20131218,11.11,11.25,11.06,11.19,595946,12096654.00
20131219,11.35,11.47,11.10,11.13,1014015,20883038.00
20131220,11.13,11.27,10.99,11.07,917113,18533166.00
20131223,11.02,11.19,10.77,10.93,861417,17146444.00
20131224,11.08,11.43,10.94,11.29,1548662,31699558.00
20131225,11.39,11.54,11.03,11.33,1818611,37607076.00
20131226,11.35,11.50,11.08,11.15,1306532,26884162.00
20131227,11.13,11.37,11.09,11.32,1629221,33333174.00
20131230,11.35,11.53,11.33,11.39,988867,20545084.00
20131231,11.34,11.37,11.10,11.24,907753,18524838.00
20140102,11.23,11.52,11.17,11.48,1244281,25803794.00
20140103,11.43,11.80,11.35,11.62,1968285,41672220.00
20140106,11.62,11.67,10.97,11.02,2078563,42479204.00
20140107,11.02,11.07,10.85,10.88,1719540,34205916.00
20140108,11.00,11.38,11.00,11.34,2776751,56640852.00
20140109,11.34,11.47,10.91,10.93,2170010,44482532.00
20140110,10.84,10.84,10.27,10.37,2317756,44612264.00
20140113,10.37,10.50,10.15,10.15,1506201,28335448.00
20140114,10.15,10.43,10.13,10.42,1094336,20614510.00
20140115,10.42,10.62,10.40,10.53,1124705,21550986.00
20140116,10.62,10.62,10.43,10.49,894332,17131542.00
20140117,10.40,11.55,10.40,11.17,3825277,77568360.00
20140120,11.13,11.54,11.00,11.32,3462710,71523328.00
20140121,11.30,11.68,11.15,11.60,2815771,58660860.00
20140122,11.60,11.69,11.38,11.60,2576256,54128292.00
20140123,11.52,11.88,11.52,11.73,2717964,58153792.00
20140124,11.75,12.00,11.59,11.66,2085691,44665816.00
20140127,11.65,11.81,11.38,11.44,1897940,39816132.00
20140128,11.44,11.99,11.42,11.79,2072697,44255352.00
20140129,11.79,11.93,11.67,11.82,1654248,35646688.00
20140130,11.83,11.83,11.43,11.52,1288341,27225768.00
20140207,11.46,12.00,11.32,11.91,1953869,41713416.00
20140210,11.94,12.47,11.87,12.39,3066957,67893080.00
20140211,12.33,12.62,11.83,12.07,5256951,116920072.00
20140212,12.10,12.60,12.10,12.49,3455360,77979296.00
20140213,12.63,12.86,11.97,11.99,5718979,129162400.00
20140214,12.05,12.12,11.67,12.03,3922951,85102696.00
20140217,12.04,12.52,11.94,12.48,5234076,116602360.00
20140218,12.48,12.55,12.25,12.43,3202123,72200776.00
20140219,12.35,12.73,12.32,12.56,3832165,87083256.00
20140220,12.56,12.62,12.09,12.15,2634722,58875888.00
20140221,12.17,12.45,11.96,12.22,2604813,57872304.00
20140224,12.31,12.42,11.99,12.42,2711029,60416748.00
20140225,12.41,12.69,11.37,11.40,5209406,114223528.00
20140226,11.23,11.40,10.92,11.13,3383980,68393568.00
20140227,11.15,11.37,10.67,10.77,3083101,62138992.00
20140228,10.77,10.98,10.71,10.96,1682366,33231918.00
20140303,11.05,11.65,11.05,11.60,2831331,58567824.00
20140304,11.50,11.60,11.32,11.47,1856335,38603684.00
20140305,11.54,11.60,11.38,11.46,1135267,23724740.00
20140306,11.40,11.53,11.09,11.32,1149472,23620342.00
20140307,11.29,11.44,11.10,11.23,1521561,31110046.00
20140310,11.15,11.61,10.93,10.99,2663953,54876192.00
20140311,10.88,11.08,10.72,10.84,1704479,33731264.00
20140312,10.79,11.02,10.69,10.85,1279177,25211052.00
20140313,10.85,11.07,10.80,11.05,1028938,20556288.00
20140314,11.05,11.09,10.72,10.85,1320221,26230166.00
20140317,10.85,11.09,10.79,11.09,1412203,28146536.00
20140318,11.05,11.32,11.02,11.18,1799857,36585140.00
20140319,11.13,11.18,10.93,11.07,1238917,24892594.00
20140320,11.03,11.09,10.70,10.70,1172543,23288516.00
20140321,10.59,10.93,10.44,10.90,2149867,41656272.00
20140324,10.88,10.91,10.74,10.77,1525593,29951744.00
20140325,10.80,10.86,10.73,10.82,980362,19240616.00
20140326,11.52,11.92,11.52,11.92,5677121,122689064.00
20140327,12.08,12.22,11.82,12.04,9557727,209336512.00
20140328,11.93,12.02,11.42,11.43,5108583,107941184.00
20140331,11.42,11.49,11.15,11.22,2434546,50101836.00
20140401,11.24,11.49,11.17,11.45,2349339,48611188.00
20140402,11.38,11.55,11.05,11.24,2267174,46463604.00
20140403,11.25,11.41,11.10,11.31,1822735,37401284.00
20140404,11.46,11.46,11.24,11.38,2044762,42258040.00
20140408,11.27,11.53,11.15,11.53,2612193,53832416.00
20140409,11.53,11.76,11.48,11.55,2931832,61813416.00
20140410,11.54,11.74,11.50,11.54,2710997,57311016.00
20140411,11.44,11.46,11.09,11.14,3172070,64492544.00
20140414,11.15,11.26,11.15,11.25,1379201,28139996.00
20140415,11.25,11.30,11.11,11.15,1159589,23629052.00
20140416,11.15,11.24,10.92,11.05,1821490,36528656.00
20140417,11.05,11.14,10.99,11.07,1108747,22361314.00
20140418,11.05,11.43,11.02,11.38,2234040,45760364.00
20140421,11.27,11.58,11.20,11.39,2421387,50336956.00
20140422,11.36,11.49,11.08,11.17,1766014,36146344.00
20140423,11.17,11.59,11.13,11.58,2592610,53781408.00
20140424,11.46,11.53,11.26,11.26,2244143,46460740.00
20140425,11.32,11.37,10.80,10.80,2481768,49790072.00
20140428,10.72,10.72,10.25,10.32,1551654,29419640.00
20140429,10.32,10.47,10.28,10.47,955374,18062688.00
20140430,10.47,10.54,10.37,10.45,906498,17261912.00
20140505,10.43,10.59,10.34,10.56,813207,15537170.00
20140506,10.55,10.69,10.51,10.63,1038212,20063758.00
20140507,10.60,10.60,10.32,10.33,1071525,20331864.00
20140508,10.27,10.53,10.27,10.34,779225,14747000.00
20140509,10.40,10.40,10.21,10.24,855807,16036292.00
20140512,10.38,10.63,10.30,10.55,1088373,20736376.00
20140513,10.51,10.71,10.49,10.54,899331,17334162.00
20140514,10.54,10.58,10.49,10.52,733150,14070722.00
20140515,10.50,10.56,10.21,10.23,1077336,20328404.00
20140516,10.20,10.29,9.82,10.05,1579007,28928416.00
20140519,10.02,10.10,9.88,9.99,890059,16185644.00
20140520,10.14,10.21,9.98,10.03,1035464,19056088.00
20140521,10.00,10.13,9.88,10.10,944817,17209294.00
20140522,10.14,10.29,10.07,10.13,1189656,22047968.00
20140523,10.10,10.35,10.06,10.34,1271548,23602210.00
20140526,10.29,10.44,10.27,10.44,1317683,24913056.00
20140527,10.46,10.46,10.33,10.36,999800,18889414.00
20140528,10.40,10.52,10.35,10.49,1188623,22608664.00
20140529,10.48,10.48,10.23,10.23,1150496,21678900.00
20140530,10.22,10.32,10.13,10.19,853280,15912715.00
20140603,10.18,10.30,10.17,10.17,675941,12611713.00
20140604,10.21,10.58,10.20,10.55,3104537,59202472.00
20140605,10.50,10.65,10.44,10.61,2276870,43774196.00
20140606,10.64,10.74,10.47,10.52,1485831,28685472.00
20140609,10.48,10.58,10.35,10.37,917554,17440760.00
20140610,10.42,10.69,10.25,10.60,1913871,36660756.00
20140611,10.60,10.85,10.55,10.63,2145350,41918900.00
20140612,10.63,10.67,10.53,10.62,972962,18784804.00
20140613,10.62,10.87,10.56,10.80,1593475,31245114.00
20140616,10.98,11.08,10.80,10.89,2032803,40514848.00
20140617,10.82,10.83,10.60,10.68,1689108,32934250.00
20140618,10.69,10.77,10.48,10.69,2094201,40466484.00
20140619,10.71,10.73,10.38,10.43,2715573,52137936.00
20140620,10.42,10.56,10.22,10.41,2095088,21780492.00
20140623,10.34,10.58,10.34,10.43,2000271,21033608.00
20140624,10.43,10.64,10.42,10.53,2534604,26834480.00
20140625,10.53,10.57,10.36,10.56,2471774,25884984.00
20140626,10.56,10.81,10.51,10.72,4884534,52244376.00
20140627,10.71,10.76,10.58,10.66,3326044,35581856.00
20140630,10.61,10.76,10.57,10.76,4341148,46443088.00
20140701,10.76,10.78,10.63,10.74,2565342,27558020.00
20140702,10.71,10.78,10.46,10.64,5288091,56420624.00
20140703,10.61,10.84,10.54,10.84,5267885,56573024.00
20140704,10.82,10.84,10.68,10.74,3944255,42545592.00
20140707,10.69,10.79,10.60,10.78,2792655,30008562.00
20140708,10.69,11.13,10.64,11.06,6229966,68147376.00
20140709,10.99,11.35,10.92,10.93,8097480,90353640.00
20140710,10.89,11.07,10.87,10.94,3399901,37395064.00
20140711,10.92,10.94,10.76,10.82,4092514,44493996.00
20140714,10.91,11.20,10.76,11.18,5047298,55743912.00
20140715,11.53,11.69,11.22,11.47,10318085,118122360.00
20140716,11.43,12.62,11.28,12.30,18129980,220534464.00
20140717,12.09,12.22,11.74,12.06,9228750,110944064.00
20140718,11.95,12.30,11.72,11.85,7078012,84861200.00
20140721,11.77,11.93,11.49,11.78,4870951,57187100.00
20140722,11.64,11.95,11.64,11.83,3906588,46305156.00
20140723,11.91,11.91,11.42,11.44,4567060,53156164.00
20140724,11.38,11.56,11.21,11.31,4052683,46049984.00
20140725,11.40,11.69,11.31,11.53,3882713,44919156.00
20140728,11.62,11.71,11.44,11.66,4933059,57374488.00
20140729,11.66,11.85,11.62,11.72,4067180,47982520.00
20140730,11.71,12.12,11.67,12.01,5559435,66593528.00
20140731,12.17,12.27,11.95,12.02,6056574,73376416.00
20140801,12.12,12.21,11.77,11.77,4791839,57686696.00
20140804,11.74,11.99,11.64,11.96,4566276,54132292.00
20140805,11.89,12.15,11.65,11.97,8378565,99778416.00
20140806,11.77,11.85,11.66,11.82,7671933,90720608.00
20140807,11.80,11.80,11.27,11.34,11894792,137497872.00
20140808,11.36,11.51,11.34,11.48,5228769,59948584.00
20140811,11.46,11.63,11.44,11.58,7978439,92467408.00
20140812,11.51,11.56,11.40,11.45,7998711,91912128.00
20140813,11.45,11.53,11.34,11.43,6899054,79066056.00
20140814,11.41,11.68,11.40,11.47,6981646,81010000.00
20140815,11.48,11.67,11.47,11.64,5582953,65039416.00
20140818,11.64,11.91,11.64,11.88,8593553,101865664.00
20140819,11.83,12.12,11.79,11.98,13281318,159747632.00
20140820,11.95,12.05,11.77,11.85,10367813,123563864.00
20140821,11.83,12.01,11.72,12.00,8023533,95592256.00
20140822,12.02,12.21,11.97,12.11,9636332,117018512.00
20140825,12.11,12.16,11.78,11.79,9436180,112573448.00
20140826,11.72,11.77,11.38,11.45,7986647,92619560.00
20140827,11.45,11.61,11.43,11.51,5168245,59756876.00
20140828,11.48,11.59,11.32,11.42,4512488,51684448.00
20140829,11.42,11.66,11.36,11.66,3969510,46070880.00
20140901,11.62,11.86,11.57,11.83,7265371,85737576.00
20140902,11.84,11.95,11.77,11.95,10120827,120322872.00
20140903,11.89,12.02,11.82,11.93,11347529,135651200.00
20140904,11.90,12.74,11.90,12.48,22857022,283746976.00
20140905,12.41,12.84,12.30,12.72,19194442,242365968.00
20140909,12.71,13.36,12.64,13.18,22323517,292529632.00
20140910,13.01,13.89,13.01,13.77,22171974,300343104.00
20140911,13.76,13.82,13.27,13.38,23160953,314324640.00
20140912,13.38,13.61,13.31,13.52,11326546,152968256.00
20140915,13.38,13.43,13.08,13.22,17534647,232219888.00
20140916,13.21,13.24,12.70,12.75,16399011,214372176.00
20140917,12.68,13.05,12.68,12.93,11162232,144294240.00
20140918,12.94,13.26,12.88,13.07,8855610,116405112.00
20140919,13.24,13.37,13.03,13.14,8326142,110215872.00
20140922,13.06,13.12,12.81,12.88,7112669,92327816.00
20140923,12.93,13.41,12.86,13.40,11722648,155624128.00
20140924,13.36,13.64,13.26,13.50,9181409,123984176.00
20140925,13.50,13.55,13.16,13.23,9969743,133165552.00
20140926,13.23,13.28,13.02,13.25,5140026,67983184.00
20140929,13.31,13.47,13.21,13.43,8258961,110392952.00
20140930,13.44,13.49,13.29,13.36,6068447,81266384.00
20141008,13.35,13.88,13.33,13.84,11640648,158992672.00
20141009,13.85,14.62,13.85,14.34,17265778,247544336.00
20141010,14.31,14.88,14.12,14.74,17607450,258590880.00
20141013,14.74,14.74,14.31,14.64,10101922,146806880.00
20141014,14.56,14.81,14.10,14.26,10614723,153074800.00
20141015,14.16,14.39,13.92,14.39,8931509,126467736.00
20141016,14.21,14.81,14.09,14.52,11671449,170035248.00
20141017,14.38,14.64,13.64,14.06,10071878,143066752.00
20141020,14.02,14.54,14.02,14.49,7116723,102479288.00
20141021,14.56,14.57,14.13,14.14,5426961,77780720.00
20141022,14.19,14.26,13.70,13.76,5731019,80455456.00
20141023,13.70,13.86,13.36,13.41,6631900,90321744.00
20141024,13.36,13.53,13.14,13.16,5335181,71411376.00
20141027,13.24,13.57,13.23,13.49,4518646,60970212.00
20141028,13.47,13.87,13.47,13.82,5000434,68839400.00
20141029,13.86,14.02,13.66,13.93,8079645,112089528.00
20141030,13.93,14.05,13.69,13.73,5734123,79611600.00
20141031,13.81,13.81,13.21,13.50,9466913,127552312.00
20141103,13.50,13.64,13.41,13.64,4632869,62807204.00
20141104,13.64,13.64,13.24,13.32,6824770,91690176.00
20141105,13.24,13.46,13.22,13.33,4755180,63765956.00
20141106,13.41,13.52,13.30,13.50,6529246,87803360.00
20141107,13.66,13.90,13.26,13.31,11261993,154228768.00
20141110,13.23,13.40,12.94,13.08,9935786,130485256.00
20141111,13.13,13.17,12.13,12.26,13885712,175382416.00
20141112,12.27,12.50,12.17,12.49,8051552,99354464.00
20141113,12.43,12.43,12.01,12.11,7920496,96616104.00
20141114,12.08,12.28,11.96,12.07,6681703,81155608.00
20141117,12.08,12.26,11.97,12.25,8422586,102967648.00
20141118,12.22,12.42,12.16,12.30,6321163,77966360.00
20141119,12.36,12.38,12.16,12.29,7203585,88617888.00
20141120,12.25,12.27,12.06,12.14,5724477,69751544.00
20141121,12.14,12.46,12.13,12.40,7022085,86645120.00
20141124,12.60,12.75,12.43,12.73,11334573,142983488.00
20141125,12.66,12.92,12.62,12.79,9393656,120644680.00
20141126,12.87,12.95,12.62,12.89,8770988,112688024.00
20141127,13.16,13.45,12.85,12.99,13620646,178952048.00
20141128,13.02,13.07,12.62,12.80,9545253,122595608.00
20141201,12.73,12.75,12.26,12.30,10053451,125311536.00
20141202,12.37,12.80,12.36,12.78,11493828,145719664.00
20141203,12.81,13.15,12.59,13.10,12969524,167259232.00
20141204,13.12,13.19,12.97,13.02,13948216,182673024.00
20141205,12.96,12.96,12.03,12.30,13587825,170133648.00
20141208,12.30,12.66,12.07,12.35,8146461,100943752.00
20141209,12.20,13.04,12.06,12.58,21908403,277043488.00
20141210,12.55,13.62,12.46,13.53,30158966,398003360.00
20141211,13.44,13.71,13.17,13.46,23237079,313128544.00
20141212,13.47,13.92,13.47,13.77,22987724,316039040.00
20141215,13.72,14.26,13.64,14.02,21061343,294963680.00
20141216,14.13,14.65,14.02,14.37,39514453,567545792.00
20141217,14.12,14.21,13.51,13.65,26546396,368476832.00
20141218,13.56,14.44,13.55,13.88,22999067,325203264.00
20141219,13.77,13.77,12.91,13.38,20742485,277157760.00
20141222,13.26,13.26,12.45,12.50,16509084,211354752.00
20141223,12.50,12.82,12.38,12.50,9494968,120013600.00
20141224,12.52,12.90,12.52,12.76,10322890,131760504.00
20141225,12.77,12.83,12.64,12.80,9473841,120984336.00
20141226,12.81,12.91,12.70,12.91,8154180,104859024.00
20141229,12.96,13.04,12.38,12.46,9997296,126550952.00
20141230,12.44,12.44,12.11,12.20,7610692,93371968.00
20141231,12.26,12.50,12.21,12.47,6139640,76226224.00
20150105,12.46,12.58,12.11,12.52,8663352,107251216.00
20150106,12.38,13.10,12.34,13.05,13735702,176711104.00
20150107,13.17,13.17,12.76,12.86,9604009,124420416.00
20150108,12.79,13.08,12.70,12.83,8882257,114968872.00
20150109,12.78,12.91,12.41,12.45,10659630,136544960.00
20150112,12.35,12.40,12.07,12.16,7116160,87289176.00
20150113,12.20,12.41,12.14,12.38,4966828,61252376.00
20150114,12.36,12.43,12.14,12.26,5186989,63811984.00
20150115,12.27,12.58,12.27,12.37,5531151,68983968.00
20150116,12.38,12.65,12.34,12.64,5788890,72615352.00
20150119,12.31,12.63,11.98,12.06,10558134,130445024.00
20150120,12.15,12.46,12.15,12.46,6742360,83446984.00
20150121,12.52,12.80,12.48,12.70,11373286,144130144.00
20150122,12.70,12.92,12.61,12.90,11496095,147167744.00
20150123,12.92,12.97,12.58,12.63,9700650,123680032.00
20150126,12.66,12.93,12.63,12.91,9299960,119485736.00
20150127,13.04,13.13,12.67,12.86,9898950,127746352.00
20150128,12.71,13.01,12.65,12.71,10558157,135479520.00
20150129,12.58,12.81,12.57,12.71,5501259,70182952.00
20150130,12.74,12.93,12.51,12.54,10433752,133257504.00
20150202,12.42,12.44,12.22,12.27,6649806,82198248.00
20150203,12.34,12.52,12.31,12.47,6377520,79499480.00
20150204,12.45,12.51,12.26,12.27,8635680,107345072.00
20150205,12.43,12.53,12.23,12.51,9440868,117372752.00
20150206,12.43,12.49,12.18,12.35,6899397,85278144.00
20150209,12.23,12.38,12.18,12.20,3893002,47961536.00
20150210,12.18,12.43,12.17,12.37,4012369,49697716.00
20150211,12.36,12.52,12.34,12.40,4545083,56765832.00
20150212,12.47,12.60,12.43,12.55,5086405,63968140.00
20150213,12.56,12.87,12.52,12.77,14180644,181584928.00
20150216,12.74,13.02,12.74,12.90,11555165,149569424.00
20150217,12.89,12.99,12.74,12.81,8713333,111979656.00
20150225,12.86,13.34,12.84,13.03,17876833,235123936.00
20150226,13.07,13.16,12.86,12.96,12073499,156907264.00
20150227,12.96,13.30,12.94,13.28,16849222,221898624.00
20150302,14.21,14.60,13.86,14.20,51515626,729941952.00
20150303,14.21,14.93,14.07,14.35,39923447,581557760.00
20150304,14.37,14.51,14.06,14.26,23237696,331427616.00
20150305,14.34,14.53,14.16,14.39,17378248,250186160.00
20150306,14.32,14.35,13.76,13.81,20557611,288107680.00
20150309,13.64,14.08,13.62,14.01,13320732,186595568.00
20150310,14.01,14.17,13.92,14.06,11325511,159643808.00
20150311,14.10,14.16,13.82,13.97,10165562,142097488.00
20150312,13.95,14.51,13.87,14.42,22487736,322097312.00
20150313,14.56,15.48,14.51,15.16,29715963,446735552.00
20150316,15.18,15.81,15.06,15.28,25754106,397127776.00
20150317,15.21,15.45,14.87,15.11,18970429,288784128.00
20150318,15.19,15.31,14.91,15.26,20128542,305953728.00
20150319,14.86,15.11,14.66,14.91,25136773,374912352.00
20150320,14.80,15.35,14.80,15.21,20730869,314037632.00
20150323,15.30,15.56,15.14,15.53,23779951,365546528.00
20150324,15.46,15.46,14.68,15.19,25146607,381788864.00
20150325,15.08,16.06,14.81,15.69,34890394,541150784.00
20150326,15.52,15.85,15.06,15.27,23984242,370948704.00
20150327,15.20,16.79,15.17,16.61,34986286,566171968.00
20150330,16.59,17.08,16.32,16.49,29467604,490833088.00
20150331,16.56,17.04,16.24,16.86,24728666,413493792.00
20150401,16.69,17.76,16.69,17.30,24234910,419385216.00
20150402,17.33,18.16,17.30,17.69,21623257,384369664.00
20150403,17.66,18.05,17.19,17.75,20703153,365934432.00
20150407,17.74,17.92,17.26,17.70,17563147,309504384.00
20150408,17.71,17.74,16.46,16.96,25052588,427265376.00
20150409,16.96,17.01,15.54,16.29,20940052,339069536.00
20150410,16.24,16.81,16.05,16.69,14368810,239135008.00
20150413,16.70,17.46,16.56,17.22,17242583,295008512.00
20150414,17.19,18.95,17.11,18.95,27243043,502047008.00
20150415,19.45,19.92,18.16,18.63,28752428,552601216.00
20150416,18.29,19.07,17.77,18.47,17472595,323831392.00
20150417,18.68,18.76,17.84,17.85,21773203,397280544.00
20150420,17.81,19.06,17.78,18.03,22414476,413161120.00
20150421,18.09,18.76,17.78,18.66,16164132,297744960.00
20150422,18.96,19.34,18.61,19.24,20948875,398460640.00
20150423,19.16,19.21,18.51,19.12,21758032,410827840.00
20150424,18.80,18.90,18.18,18.74,14691592,273844544.00
20150427,18.71,19.10,18.46,18.75,15721193,295253376.00
20150428,18.74,18.93,17.06,17.36,17458167,313782080.00
20150429,17.46,17.94,17.21,17.66,10901566,193407280.00
20150430,17.66,18.36,17.61,17.96,10393631,187380320.00
20150504,17.98,18.62,17.96,18.37,11577577,212432016.00
20150505,18.36,18.36,17.46,17.46,9369322,167909120.00
20150506,17.75,18.06,16.47,16.73,14634620,257152080.00
20150507,16.73,16.76,15.98,16.23,11306488,183709168.00
20150508,16.46,17.11,16.37,17.09,11785748,195975664.00
20150511,17.04,17.71,16.76,17.53,17553686,303469120.00
20150512,17.51,17.55,16.96,17.21,17711220,305625696.00
20150513,16.96,17.15,16.57,17.07,18854007,318057696.00
20150514,17.13,18.36,17.06,18.06,21576110,385998400.00
20150515,17.76,18.20,17.35,17.90,15629307,277401984.00
20150518,17.83,18.58,17.62,18.18,18371550,334796640.00
20150519,18.34,19.08,17.90,18.82,21549194,398279200.00
20150520,18.86,19.85,18.68,19.01,22405444,435282400.00
20150521,18.97,19.44,18.76,19.35,20731535,397063744.00
20150522,19.55,20.15,18.74,19.14,23044594,446283264.00
20150525,18.86,20.06,18.36,19.85,24286276,469365760.00
20150526,19.85,20.96,19.73,20.25,20734924,421894208.00
20150527,20.24,22.28,19.76,22.28,28458558,599130752.00
20150528,22.94,24.51,22.26,22.26,47373477,1129285632.00
20150529,22.50,24.49,20.88,24.49,32499035,759435968.00
20150601,23.00,24.50,22.68,24.20,58692009,1381996288.00
20150602,23.80,23.95,22.80,23.50,40663642,954864448.00
20150603,23.28,23.46,22.00,22.40,33028689,745027648.00
20150604,22.30,23.00,20.61,22.00,27244176,597510976.00
20150605,22.48,22.84,21.70,22.13,27101733,604127488.00
20150608,22.16,22.22,21.30,21.78,22729030,493979616.00
20150609,21.61,22.43,21.40,21.96,21490935,471274752.00
20150610,21.77,22.79,21.60,22.40,25501926,569780736.00
20150611,22.39,22.55,21.76,22.27,21355948,472396320.00
20150612,22.40,23.38,22.20,23.14,32813109,753658304.00
20150615,23.01,23.79,21.88,21.89,28175722,644630464.00
20150616,21.10,21.34,20.00,20.30,27256277,560685056.00
20150617,20.17,20.97,19.70,20.96,18142188,369061248.00
20150618,20.79,21.38,19.88,19.88,16604880,346822880.00
20150619,19.16,19.67,17.89,17.94,18393347,345839040.00
20150623,18.00,18.45,16.65,18.37,15104607,270834368.00
20150624,18.49,19.10,18.48,18.91,16978714,318529888.00
20150625,18.91,19.18,17.60,17.91,14758404,274863712.00
20150626,17.12,17.70,16.12,16.12,18176987,303569088.00
20150629,16.50,16.59,14.51,14.51,20310979,311331360.00
20150630,14.31,15.50,13.08,15.40,22742452,325947296.00
20150701,15.01,15.67,13.92,14.03,19670999,296524000.00
20150702,14.09,14.39,12.63,12.63,18900970,252667104.00
20150703,12.00,12.88,11.37,11.37,23206042,275335744.00
20150706,12.51,12.51,10.23,10.39,28256570,312067968.00
20150707,9.90,10.00,9.35,9.35,12808300,122672120.00
20150708,8.42,8.84,8.42,8.44,46199996,394747136.00
20150709,8.22,9.28,8.22,9.28,25609665,229678880.00
20150710,9.69,10.21,9.40,10.21,17393076,173977664.00
20150713,11.00,11.23,10.05,11.23,29697908,327752192.00
20150714,11.50,12.35,11.15,11.75,49146170,581027968.00
20150715,11.28,11.56,10.58,10.58,22172948,242090368.00
20150716,10.20,11.19,9.57,10.77,28179811,295933408.00
20150717,10.89,11.70,10.77,11.59,22758735,256183056.00
20150720,11.50,12.06,11.16,11.71,29203994,340260800.00
20150721,11.37,12.30,11.21,11.99,26473682,314493664.00
20150722,11.84,12.94,11.73,12.79,34779442,426608768.00
20150723,12.70,14.07,12.33,13.69,37650009,491201632.00
20150724,13.53,13.81,12.80,12.94,28964485,387492800.00
20150727,12.48,13.20,11.65,11.65,23035539,288427808.00
20150728,10.50,11.65,10.49,10.56,30877786,332677600.00
20150729,10.78,11.37,10.10,11.30,22905780,246160288.00
20150730,11.09,11.58,10.65,10.76,23094817,260152320.00
20150731,10.51,11.05,10.25,10.51,15692730,166914144.00
20150803,10.32,10.55,9.47,9.75,17363307,173291200.00
20150804,9.88,10.73,9.86,10.73,18995882,195541472.00
20150805,10.80,11.50,10.65,11.05,28229700,311275296.00
20150806,10.70,11.35,10.66,11.12,17607558,195047680.00
20150807,11.33,11.70,11.22,11.61,19593998,224983776.00
20150810,11.94,12.77,11.77,12.55,25288504,310151744.00
20150811,12.58,12.83,12.22,12.43,27804520,348753024.00
20150812,12.26,12.60,12.13,12.18,17689246,218437312.00
20150813,12.05,12.87,12.05,12.87,21244733,264854528.00
20150814,12.85,13.37,12.80,12.93,22421909,292907072.00
20150817,12.76,13.52,12.73,13.38,21978212,289240320.00
20150818,13.32,13.46,12.04,12.04,24806834,315410688.00
20150819,11.50,12.29,10.85,12.12,26468735,303779136.00
20150820,11.93,12.06,11.20,11.30,20982517,245079664.00
20150821,11.01,11.20,10.22,10.25,17539465,187923552.00
20150824,9.76,9.80,9.23,9.23,11423581,106695616.00
20150825,8.33,8.62,8.31,8.31,15147766,126821256.00
20150826,8.32,8.78,7.81,7.88,25030826,207509424.00
20150827,8.09,8.45,7.86,8.43,19592002,160239808.00
20150828,8.61,9.27,8.45,9.24,23600014,206945744.00
20150831,9.11,9.11,8.56,8.56,16307165,143659408.00
20150901,8.49,8.49,7.76,7.85,15853573,127431344.00
20150902,7.30,8.24,7.20,7.50,14014922,107968496.00
20150907,7.69,8.25,7.69,7.97,13401139,106966448.00
20150908,7.80,8.66,7.80,8.61,15165933,124162968.00
20150909,8.72,9.03,8.55,8.95,21991914,194381536.00
20150910,8.74,8.87,8.55,8.59,14796976,129181904.00
20150911,8.59,8.82,8.50,8.74,11418200,99101720.00
20150914,8.90,9.15,7.87,7.89,24734207,212906112.00
20150915,7.72,8.09,7.31,7.45,17721815,137024288.00
20150916,7.62,8.20,7.56,8.20,17978185,140890720.00
20150917,8.35,8.60,8.09,8.09,23373941,195272912.00
20150918,8.15,8.31,8.01,8.25,16379894,133639952.00
20150921,8.18,8.87,8.05,8.81,19507876,165746320.00
20150922,8.79,8.97,8.52,8.75,21197012,185824528.00
20150923,8.49,8.88,8.40,8.70,16275521,141088912.00
20150924,8.82,8.90,8.63,8.85,13517851,118667344.00
20150925,8.80,8.88,8.22,8.50,18065126,155073616.00
20150928,8.61,8.84,8.32,8.77,14290395,123121480.00
20150929,8.57,8.67,8.38,8.42,11567836,98694224.00
20150930,8.53,8.58,8.39,8.44,9560763,81087576.00
20151008,8.76,9.05,8.67,9.00,18535138,164169280.00
20151009,8.90,9.18,8.84,9.11,16102291,144970032.00
20151012,9.27,9.72,9.14,9.54,20716278,195860544.00
20151013,9.45,9.76,9.37,9.64,17588587,167563872.00
20151014,9.54,9.65,9.30,9.30,16097046,152763280.00
20151015,9.21,9.85,9.16,9.82,22072560,210784624.00
20151016,9.90,10.22,9.71,10.09,25137638,250701952.00
20151019,10.14,10.27,9.71,9.82,21789004,218120240.00
20151020,9.80,10.29,9.76,10.29,19974491,201160928.00
20151021,10.34,10.60,9.26,9.26,28113400,281184480.00
20151022,9.30,9.74,9.16,9.64,17405561,164828848.00
20151023,9.66,10.60,9.61,10.60,28438363,287901888.00
20151026,11.00,11.04,10.24,10.54,33825022,362759008.00
20151027,10.28,10.78,9.70,10.68,24539080,251541984.00
20151028,10.51,11.15,10.48,10.59,24947399,269237632.00
20151029,10.82,10.90,10.20,10.67,16140748,171565984.00
20151030,10.71,10.93,10.31,10.50,14942299,158894800.00
20151102,10.25,10.64,10.06,10.09,12722885,131028728.00
20151103,10.19,10.32,10.00,10.15,10125455,103008016.00
20151104,10.24,11.09,10.22,10.98,18283068,194484160.00
20151105,10.85,11.04,10.55,10.92,24776607,268753088.00
20151106,10.93,11.34,10.78,11.24,20949387,233735744.00
20151109,11.11,11.49,10.84,11.18,23368790,260404336.00
20151110,11.12,11.61,11.03,11.52,28140845,319691328.00
20151111,11.45,11.98,11.26,11.90,27220254,315316896.00
20151112,11.76,12.34,11.52,12.08,30519727,362326976.00
20151113,11.88,12.35,11.72,11.80,27802473,332911008.00
20151116,11.36,12.17,11.20,12.17,22608651,265600048.00
20151117,12.42,13.39,12.12,12.69,60359259,774635328.00
20151118,12.61,12.70,11.87,12.32,32962709,405615520.00
20151119,12.21,12.36,11.83,12.32,31546919,380795104.00
20151120,12.27,12.32,11.93,12.22,22154288,269820832.00
20151123,12.15,12.48,11.81,11.91,18803543,228666464.00
20151124,11.81,12.20,11.70,12.11,12775413,152421376.00
20151125,12.10,12.59,12.02,12.46,23438907,290105888.00
20151126,12.47,12.76,12.37,12.60,22507113,282772832.00
20151127,12.45,12.79,11.34,11.54,22606222,274985760.00
20151130,11.76,11.97,10.39,11.80,25271950,287049120.00
20151201,11.69,12.33,11.37,11.86,27921942,331730016.00
20151202,11.83,11.86,10.80,11.24,22086887,250316000.00
20151203,11.39,11.53,10.99,11.47,26758138,302649312.00
20151204,11.35,11.44,11.01,11.16,16854670,189616512.00
20151207,11.30,11.45,11.21,11.33,13820177,156539888.00
20151208,11.30,11.54,10.90,10.90,15860851,177332544.00
20151209,10.80,10.95,10.56,10.71,12062938,129488216.00
20151210,10.75,10.99,10.65,10.73,11963264,129291288.00
20151211,10.73,10.75,10.49,10.65,9764032,103730064.00
20151214,10.58,11.06,10.50,11.00,12794967,137575872.00
20151215,11.03,11.16,10.93,11.03,11026099,121837688.00
20151216,11.12,11.25,10.99,11.11,9890454,109938072.00
20151217,11.12,11.44,11.11,11.41,14174907,160359264.00
20151218,11.33,11.58,11.18,11.24,14297233,162439504.00
20151221,11.20,11.45,11.11,11.34,11016228,124218736.00
20151222,11.34,11.68,11.30,11.62,16506200,188808272.00
20151223,11.68,11.69,11.26,11.27,12785587,146638352.00
20151224,11.31,11.36,10.89,11.26,12699188,141246528.00
20151225,11.28,11.35,11.15,11.27,9140176,102946048.00
20151228,11.32,11.55,11.07,11.19,17194324,195454160.00
20151229,11.15,11.30,10.96,11.30,10002578,111352272.00
20151230,11.36,11.58,11.26,11.58,13300786,152003040.00
20151231,11.59,11.68,11.20,11.20,12640319,143942608.00
20160104,11.17,11.27,10.08,10.08,12774873,134921664.00
20160105,9.52,9.93,9.21,9.62,15462406,148388576.00
20160106,9.64,9.88,9.51,9.84,12059194,117118128.00
20160107,9.63,9.63,8.86,8.86,3032700,27922118.00
20160108,9.02,9.27,8.33,8.80,11758946,104755648.00
20160111,8.50,8.71,7.92,7.94,13133166,109767080.00
20160112,7.95,8.21,7.83,8.12,8786223,70717504.00
20160113,8.23,8.50,7.92,7.98,11735584,97257728.00
20160114,7.70,8.50,7.60,8.38,11774086,95393952.00
20160115,8.20,8.36,7.83,7.98,10107227,82167360.00
20160118,7.83,8.35,7.75,8.21,8946257,72574160.00
20160119,8.19,8.49,8.08,8.46,13124148,109156368.00
20160120,8.40,8.63,8.22,8.38,11402954,96215512.00
20160121,8.25,8.56,8.03,8.06,11136338,92842152.00
20160122,8.11,8.26,7.94,8.24,7893058,64325548.00
20160125,8.29,8.46,8.24,8.33,7718743,64469636.00
20160126,8.20,8.48,7.55,7.65,11792989,95754920.00
20160127,7.69,7.80,7.24,7.67,11116755,83644376.00
20160128,7.51,7.67,7.29,7.39,7255595,54468524.00
20160129,7.39,7.84,7.35,7.71,7975479,60771528.00
20160201,7.67,7.72,7.45,7.63,5999800,45646128.00
20160202,7.60,7.98,7.60,7.89,6764682,53102412.00
20160203,7.79,7.93,7.62,7.83,6372900,49376240.00
20160204,7.84,8.06,7.84,8.00,7259794,57851064.00
20160205,7.97,8.05,7.86,7.88,5151187,40922320.00
20160215,7.57,7.88,7.56,7.79,4885900,37681000.00
20160216,7.85,8.30,7.85,8.30,9735669,79006536.00
20160217,8.23,8.33,8.12,8.32,8995500,74028064.00
20160218,8.37,9.05,8.37,8.64,20019321,174006016.00
20160219,8.46,8.66,8.40,8.57,11234707,95825528.00
20160222,8.69,8.87,8.62,8.70,11050257,96485128.00
20160223,8.73,8.89,8.58,8.82,11686802,102430200.00
20160224,8.75,9.25,8.70,9.04,17100312,154019136.00
20160225,8.98,8.98,8.14,8.14,17028883,144290624.00
20160226,8.23,8.28,7.95,8.17,11327281,92266352.00
20160229,8.09,8.11,7.35,7.38,12211959,92031512.00
20160301,7.43,7.72,7.29,7.59,9465828,70812776.00
20160302,7.61,8.04,7.48,7.97,11959974,93106520.00
20160303,7.96,8.18,7.93,7.99,10446714,84163200.00
20160304,7.93,8.03,7.52,7.70,11078640,86373672.00
20160307,7.80,7.98,7.78,7.96,8700185,68772256.00
20160308,7.94,8.04,7.52,8.04,10802311,84174808.00
20160309,7.80,7.99,7.65,7.82,7356077,57672424.00
20160310,7.76,7.90,7.60,7.63,6185444,48046828.00
20160311,7.51,7.62,7.38,7.59,6135457,46156476.00
20160314,7.67,7.98,7.67,7.89,8925340,70178288.00
20160315,7.86,7.97,7.77,7.88,8489917,66893068.00
20160316,8.00,8.09,7.67,7.77,7102471,55728036.00
20160317,7.85,8.13,7.79,8.11,11210862,89701032.00
20160318,8.13,8.46,8.10,8.37,15637701,129888424.00
20160321,8.40,8.70,8.37,8.56,16239896,138140960.00
20160322,8.47,8.77,8.42,8.52,14261677,122397808.00
20160323,8.44,8.60,8.41,8.58,8612379,73210368.00
20160324,8.48,8.50,8.26,8.27,9728764,81892792.00
20160325,8.27,8.53,8.25,8.45,8406212,70651256.00
20160328,8.45,8.60,8.27,8.34,7838179,66436552.00
20160329,8.35,8.35,8.03,8.10,8542273,69636984.00
20160330,8.20,8.40,8.15,8.40,8324519,68878536.00
20160331,8.43,8.52,8.37,8.40,9990946,84319592.00
20160401,8.34,8.41,8.10,8.29,8148322,67225096.00
20160405,8.30,8.61,8.26,8.55,12215404,103616488.00
20160406,8.52,8.71,8.47,8.66,12439194,107136704.00
20160407,8.66,8.73,8.40,8.41,10954043,93413000.00
20160408,8.34,8.68,8.27,8.59,14333368,121699688.00
20160411,8.60,8.86,8.57,8.68,14735408,128534016.00
20160412,8.66,8.70,8.46,8.58,9966902,85294664.00
20160413,8.63,8.93,8.60,8.72,16312976,143266336.00
20160414,8.78,8.92,8.72,8.92,12203117,107714296.00
20160415,8.90,8.95,8.76,8.85,9731110,85946400.00
20160418,8.81,8.81,8.58,8.64,8180975,70806256.00
20160419,8.70,8.78,8.55,8.72,9552595,82845216.00
20160420,8.73,8.77,7.89,8.12,19189646,158866080.00
20160421,8.09,8.19,7.98,8.00,9854256,79898712.00
20160422,7.95,8.11,7.92,8.07,7032184,56582060.00
20160425,8.05,8.05,7.83,8.03,5376952,42821988.00
20160426,8.04,8.18,7.98,8.17,5661153,45690076.00
20160427,8.13,8.24,8.08,8.15,7272805,59402180.00
20160428,8.16,8.28,8.01,8.26,8904044,72841112.00
20160429,8.20,8.31,8.11,8.17,8079229,66234444.00
20160503,8.12,8.42,8.10,8.40,8307453,68853968.00
20160504,8.35,8.47,8.30,8.37,8828936,73974040.00
20160505,8.38,8.50,8.32,8.48,7729223,64979220.00
20160506,8.44,8.51,7.99,8.02,10955268,90121416.00
20160509,8.00,8.01,7.60,7.67,8029615,62646584.00
20160510,7.67,7.74,7.62,7.67,4548845,34950268.00
20160511,7.73,7.75,7.58,7.61,5172728,39695652.00
20160512,7.50,7.65,7.42,7.62,5265477,39606932.00
20160513,7.60,7.68,7.45,7.51,4712031,35748748.00
20160516,7.51,7.64,7.46,7.63,4638477,35075168.00
20160517,7.64,7.85,7.58,7.74,7439190,57459608.00
20160518,7.69,7.70,7.35,7.46,6734519,50478976.00
20160519,7.47,7.66,7.42,7.49,4887763,36871612.00
20160520,7.48,7.59,7.41,7.59,4346319,32662086.00
20160523,7.62,7.72,7.60,7.68,5066697,38819196.00
20160524,7.75,7.75,7.51,7.55,4666879,35366436.00
20160525,7.61,7.68,7.52,7.57,4350222,33109024.00
20160526,7.55,7.63,7.39,7.63,5356841,40195364.00
20160527,7.57,7.69,7.51,7.59,5174359,39324496.00
20160530,7.57,7.65,7.48,7.57,3630149,27458202.00
20160531,7.56,7.89,7.56,7.89,8901424,69374528.00
20160601,7.89,8.01,7.85,7.89,8075302,63878136.00
20160602,8.00,8.00,7.88,7.97,7405707,58829640.00
20160603,7.98,8.07,7.95,7.98,6241384,49967320.00
20160606,8.01,8.08,7.96,8.06,7148169,57235224.00
20160607,8.02,8.06,7.91,8.03,6704974,53473188.00
20160608,7.98,8.03,7.88,8.00,6119884,48709224.00
20160613,7.90,7.95,7.64,7.65,7412840,57906300.00
20160614,7.61,7.69,7.58,7.68,4550201,34771436.00
20160615,7.61,7.97,7.55,7.95,7742510,60726572.00
20160616,7.91,8.06,7.87,7.91,6722484,53451376.00
20160617,7.95,8.10,7.93,8.00,6298249,50562940.00
20160620,8.00,8.05,7.85,8.02,4936508,39244860.00
20160621,8.03,8.16,7.89,7.93,6755025,54316108.00
20160622,7.92,8.33,7.90,8.28,15962420,130741488.00
20160623,8.24,8.33,8.07,8.13,9560997,78142952.00
20160624,8.10,8.55,8.05,8.37,23005142,191473200.00
20160627,8.31,8.58,8.27,8.55,15757568,133182040.00
20160628,8.48,8.59,8.39,8.56,12676410,107416352.00
20160629,8.54,8.57,8.36,8.40,10942881,92328880.00
20160630,8.40,8.45,8.32,8.41,6865903,57562220.00
20160701,8.43,8.44,8.32,8.33,5496333,46042120.00
20160704,8.32,8.52,8.28,8.50,9582029,81003744.00
20160705,8.51,8.74,8.47,8.53,9710782,83190600.00
20160706,8.48,8.52,8.42,8.51,6294887,53339156.00
20160707,8.54,8.67,8.44,8.54,9526240,81470040.00
20160708,8.48,8.79,8.46,8.68,14054793,121664840.00
20160711,8.61,8.91,8.61,8.73,14409408,126928568.00
20160712,8.78,8.84,8.46,8.79,11277384,97864176.00
20160713,8.78,8.90,8.73,8.83,10158598,89769216.00
20160714,8.80,8.85,8.67,8.79,8182722,71501720.00
20160715,8.75,8.79,8.57,8.60,8836914,76637320.00
20160718,8.54,8.66,8.50,8.58,4962027,42530496.00
20160719,8.57,8.67,8.54,8.66,5203734,44760108.00
20160720,8.67,8.69,8.57,8.57,4742562,40857100.00
20160721,8.57,8.68,8.56,8.58,4741842,40887056.00
20160722,8.57,8.75,8.51,8.53,6763030,58435636.00
20160725,8.52,8.59,8.47,8.52,4510943,38439536.00
20160726,8.52,8.66,8.52,8.66,4367703,37572332.00
20160727,8.70,8.70,8.14,8.18,10574016,88426440.00
20160728,8.21,8.24,7.93,8.10,8385349,67667400.00
20160729,8.10,8.16,7.95,7.99,4233540,33943852.00
20160801,7.95,7.95,7.76,7.86,4990226,39107544.00
20160802,7.87,7.95,7.82,7.92,3141814,24784572.00
20160803,7.88,7.98,7.86,7.93,3391250,26864346.00
20160804,7.94,8.10,7.86,8.00,4794410,38341512.00
20160805,7.99,8.05,7.95,8.02,3055445,24439038.00
20160808,8.01,8.19,7.93,8.11,3933407,31694174.00
20160809,8.11,8.21,8.07,8.16,4172764,33921860.00
20160810,8.14,8.20,8.08,8.14,4059145,33027668.00
20160811,8.11,8.16,8.01,8.01,3824722,30877966.00
20160812,8.01,8.11,7.96,8.10,3768162,30308426.00
20160815,8.12,8.29,8.07,8.25,5635478,46169584.00
20160816,8.25,8.29,8.21,8.26,4546777,37515548.00
20160817,8.28,8.34,8.20,8.30,4922939,40738908.00
20160818,8.27,8.33,8.24,8.31,5084720,42138792.00
20160819,8.30,8.35,8.25,8.30,4585909,38020376.00
20160822,8.29,8.36,8.24,8.33,5750923,47680848.00
20160823,8.30,8.40,8.28,8.37,5362027,44779784.00
20160824,8.39,8.44,8.32,8.38,4216583,35294852.00
20160825,8.38,8.38,8.13,8.18,5886653,48316628.00
20160826,8.21,8.34,8.18,8.29,5026176,41537264.00
20160829,8.28,8.53,8.26,8.38,7597063,63778960.00
20160830,8.36,8.43,8.31,8.32,4193837,35077732.00
20160831,8.30,8.35,8.23,8.34,3614059,29963574.00
20160901,8.33,8.47,8.31,8.35,6487711,54458780.00
20160902,8.29,9.19,8.28,8.86,34202056,302662144.00
20160905,8.75,8.93,8.72,8.84,20808159,183872544.00
20160906,8.78,9.31,8.61,9.20,33856168,305730112.00
20160907,9.17,9.33,9.02,9.11,22577554,206720032.00
20160908,9.16,9.22,9.05,9.21,15390657,140819648.00
20160909,9.23,9.23,8.95,8.95,12862901,116640832.00
20160912,8.80,8.85,8.60,8.60,12365881,107784032.00
20160913,8.67,8.78,8.62,8.76,9059513,78812384.00
20160914,8.70,8.78,8.63,8.67,6413646,55811680.00
20160919,8.68,8.81,8.65,8.76,5900343,51642368.00
20160920,8.79,8.86,8.70,8.75,5704128,49933900.00
20160921,8.78,8.83,8.67,8.67,7319174,63936592.00
20160922,8.72,8.79,8.66,8.70,6771311,58934208.00
20160923,8.71,8.75,8.67,8.67,4977540,43330372.00
20160926,8.60,8.64,8.30,8.31,9196141,77668880.00
20160927,8.28,8.45,8.25,8.42,5436014,45413156.00
20160928,8.42,8.46,8.32,8.33,4155287,34830176.00
20160929,8.33,8.45,8.33,8.36,4714577,39551000.00
20160930,8.37,8.51,8.35,8.51,5367290,45218892.00
20161010,8.51,8.64,8.50,8.63,7765499,66561880.00
20161011,8.60,8.70,8.58,8.63,6391211,55206584.00
20161012,8.60,8.78,8.55,8.77,8477969,73603280.00
20161013,8.75,8.75,8.66,8.72,5235702,45545772.00
20161014,8.71,8.74,8.55,8.73,6940708,59983220.00
20161017,8.68,8.79,8.62,8.78,8090996,70620560.00
20161018,8.74,8.90,8.69,8.86,7854471,69074248.00
20161019,8.88,8.95,8.75,8.78,7691167,67876728.00
20161020,8.76,9.04,8.76,8.96,11247037,100641584.00
20161021,8.92,9.01,8.72,8.83,7151729,63209968.00
20161024,8.84,8.92,8.81,8.85,6834132,60585852.00
20161025,8.85,8.89,8.76,8.79,6345470,55921716.00
20161026,8.76,9.12,8.75,8.99,13070619,116794864.00
20161027,8.94,8.98,8.85,8.90,5820029,51794320.00
20161028,8.93,8.93,8.68,8.70,7242346,63577236.00
20161031,8.65,8.72,8.63,8.70,3176705,27560562.00
20161101,8.71,8.82,8.68,8.81,4573405,40113852.00
20161102,8.80,8.81,8.63,8.64,5475380,47737132.00
20161103,8.67,9.50,8.67,9.50,13382645,124857680.00
20161104,10.00,10.26,9.68,9.82,54939281,547843392.00
20161107,10.00,10.80,10.00,10.00,45170125,464822560.00
20161108,10.01,10.69,9.89,10.35,42670297,438815904.00
20161109,10.12,10.35,9.96,10.08,29539633,298541760.00
20161110,10.17,10.28,10.01,10.09,23677548,239769968.00
20161111,10.09,10.19,9.83,10.01,21198826,212118992.00
20161114,10.01,10.27,9.93,10.19,19666937,198906096.00
20161115,10.12,10.23,10.00,10.20,14535729,146823760.00
20161116,10.18,10.32,10.03,10.06,14131399,142842768.00
20161117,9.98,10.02,9.75,9.80,13709739,134854288.00
20161118,9.81,9.92,9.74,9.85,7592608,74728768.00
20161121,9.83,10.00,9.76,9.97,9539923,94238208.00
20161122,9.96,10.01,9.86,9.99,7957539,78974192.00
20161123,9.92,9.97,9.72,9.80,9693811,95624792.00
20161124,9.79,9.91,9.64,9.66,7553054,73822960.00
20161125,9.61,9.72,9.37,9.69,10093786,96528616.00
20161128,9.66,9.74,9.61,9.70,4970125,48132276.00
20161129,9.70,9.77,9.57,9.58,5550276,53687892.00
20161130,9.54,9.76,9.53,9.65,6115301,59236640.00
20161201,9.65,9.87,9.61,9.79,5877441,57281792.00
20161202,9.76,9.85,9.20,9.31,9630843,91724856.00
20161205,9.30,9.47,9.20,9.32,4643744,43501188.00
20161206,9.35,9.41,9.26,9.29,4231953,39436232.00
20161207,9.29,9.39,9.26,9.38,3834292,35765240.00
20161208,9.39,9.40,9.26,9.35,4273138,39841900.00
20161209,9.35,9.43,9.27,9.31,5271675,49276020.00
20161212,9.31,9.35,8.65,8.69,10825481,96750256.00
20161213,8.64,8.72,8.49,8.65,6842438,58905084.00
20161214,8.66,8.70,8.51,8.57,6300788,54149064.00
20161215,8.52,8.77,8.50,8.75,6409332,55665484.00
20161216,8.73,8.97,8.69,8.91,6664051,59215544.00
20161219,8.97,9.00,8.82,8.95,4321227,38431684.00
20161220,8.94,8.97,8.86,8.94,3773080,33669472.00
20161221,8.97,9.09,8.94,9.04,4598081,41486796.00
20161222,9.02,9.17,8.96,9.08,4682551,42444504.00
20161223,9.09,9.12,8.84,8.88,4306552,38652000.00
20161226,8.86,9.46,8.71,9.30,9748425,89342456.00
20161227,9.32,9.36,9.20,9.29,4655888,43170128.00
20161228,9.25,9.32,9.12,9.15,4231563,39052484.00
20161229,9.00,9.20,8.91,8.97,6667884,60385668.00
20161230,8.99,9.55,8.98,9.39,12738655,118959920.00
20170103,9.31,9.49,9.25,9.40,7594065,71385816.00
20170104,9.34,9.64,9.34,9.51,8959097,85218776.00
20170105,9.52,9.55,9.40,9.53,7326371,69478480.00
20170106,9.59,9.84,9.49,9.59,11862769,114297456.00
20170109,9.58,9.58,9.42,9.54,7202633,68383136.00
20170110,9.49,9.67,9.41,9.44,7796873,74267024.00
20170111,9.41,9.50,9.34,9.42,4522015,42607840.00
20170112,9.40,9.43,9.15,9.16,6422521,59606588.00
20170113,9.08,9.30,9.02,9.08,5235218,47876248.00
20170116,8.85,8.99,8.17,8.38,10505804,89948728.00
20170117,8.33,8.62,8.30,8.58,5586470,47247488.00
20170118,8.48,8.62,8.47,8.49,3231894,27514994.00
20170119,8.49,8.57,8.40,8.43,3663325,31055398.00
20170120,8.43,8.63,8.37,8.55,4135797,35367776.00
20170123,8.55,8.79,8.52,8.69,3940899,34226000.00
20170124,8.64,8.74,8.63,8.70,2131103,18525822.00
20170125,8.65,8.74,8.50,8.69,3313231,28586496.00
20170126,8.67,8.82,8.67,8.71,2614449,22814906.00
20170203,8.72,8.74,8.57,8.58,2314102,19969030.00
20170206,8.63,8.80,8.60,8.80,4541575,39686828.00
20170207,8.77,8.84,8.72,8.76,3839056,33643416.00
20170208,8.72,8.83,8.64,8.82,4118667,35939452.00
20170209,8.80,9.01,8.78,8.92,5234975,46712108.00
20170210,8.92,8.97,8.85,8.93,4511855,40202780.00
20170213,8.93,9.00,8.85,8.96,5165795,46081372.00
20170214,8.89,8.95,8.79,8.82,6101034,53987280.00
20170215,8.83,8.86,8.55,8.60,9440540,82239016.00
20170216,8.56,8.69,8.56,8.67,7064678,61012796.00
20170217,8.66,8.68,8.45,8.47,7365145,63064132.00
20170220,8.45,8.76,8.45,8.74,7519400,64878340.00
20170221,8.71,8.83,8.69,8.82,5091633,44662844.00
20170222,8.83,8.88,8.75,8.88,5319264,46852024.00
20170223,8.87,8.89,8.76,8.86,5075761,44720528.00
20170224,8.88,8.91,8.81,8.90,4557871,40374888.00
20170227,8.90,8.90,8.68,8.73,6215079,54654788.00
20170228,8.70,8.77,8.66,8.76,3362439,29381384.00
20170301,8.75,8.93,8.68,8.84,6073599,53619620.00
20170302,8.88,8.91,8.77,8.83,5276288,46699724.00
20170303,8.74,8.82,8.61,8.78,5499035,47903224.00
20170306,8.77,8.93,8.77,8.93,6045404,53740040.00
20170307,8.95,8.96,8.87,8.93,3942638,35125252.00
20170308,8.90,8.94,8.80,8.87,4367898,38646224.00
20170309,8.87,9.36,8.83,9.08,14034015,128150856.00
20170310,9.03,9.06,8.91,8.96,7218756,64747212.00
20170313,8.97,9.04,8.87,9.04,6002842,53732608.00
20170314,9.04,9.05,8.88,8.93,4529548,40545804.00
20170315,8.90,8.97,8.84,8.92,4619395,41051660.00
20170316,8.92,8.97,8.88,8.95,6696371,59793876.00
20170317,8.95,9.04,8.87,8.88,6494954,58300968.00
20170320,8.87,8.93,8.77,8.91,6115900,54120564.00
20170321,8.92,8.93,8.80,8.83,4536900,40215216.00
20170322,8.78,8.78,8.55,8.59,9299827,80364960.00
20170323,8.60,8.85,8.57,8.67,8664165,75417736.00
20170324,8.63,8.69,8.50,8.59,6414345,55087820.00
20170327,8.60,8.64,8.42,8.48,6518419,55402076.00
20170328,8.47,8.53,8.45,8.51,4469971,37961624.00
20170329,8.51,8.53,8.31,8.32,6028507,50639752.00
20170330,8.28,8.33,7.96,8.00,10013503,81182776.00
20170331,8.03,8.08,7.96,8.00,6640812,53246972.00
20170405,8.05,8.16,7.98,8.15,6180729,49968248.00
20170406,8.13,8.23,8.11,8.18,4250317,34725588.00
20170407,8.18,8.31,8.11,8.22,5727929,47010432.00
20170410,8.21,8.21,8.01,8.06,5940280,48125124.00
20170411,8.04,8.18,8.04,8.17,4856411,39442228.00
20170412,8.14,8.23,8.10,8.14,3950712,32263164.00
20170413,8.12,8.53,8.10,8.33,9329916,78135440.00
20170414,8.28,8.32,8.14,8.19,4651431,38167740.00
20170417,8.16,8.16,7.94,7.99,6409350,51432524.00
20170418,7.99,8.05,7.61,7.68,8480101,66229248.00
20170419,7.68,7.68,7.30,7.49,6508380,48642580.00
20170420,7.49,7.53,7.32,7.39,4576312,33941112.00
20170421,7.39,7.45,7.36,7.42,3664029,27137830.00
20170424,7.42,7.42,7.04,7.05,6885253,49205788.00
20170425,7.04,7.24,7.02,7.15,5667000,40556332.00
20170426,7.15,7.22,7.11,7.20,3416999,24558696.00
20170427,7.15,7.40,7.03,7.34,6899863,49699768.00
20170428,7.25,7.43,7.25,7.36,3867802,28379546.00
20170502,7.37,7.39,7.29,7.32,2598772,19077574.00
20170503,7.30,7.41,7.29,7.40,2934300,21540324.00
20170504,7.38,7.42,7.25,7.26,3184700,23420012.00
20170505,7.26,7.28,6.98,7.00,6103709,43396964.00
20170508,6.96,7.03,6.83,6.96,4408011,30639026.00
20170509,6.92,7.04,6.82,7.01,3249775,22547834.00
20170510,7.01,7.04,6.70,6.73,5918747,40862300.00
20170511,6.70,6.72,6.36,6.58,6411479,42019864.00
20170512,6.55,6.72,6.44,6.67,4324980,28470266.00
20170515,6.65,6.73,6.60,6.64,2609139,17368940.00
20170516,6.64,6.87,6.54,6.86,5230563,35145948.00
20170517,6.85,6.94,6.81,6.83,4207156,28948402.00
20170518,6.81,6.93,6.76,6.80,2822679,19322210.00
20170519,6.79,6.80,6.68,6.70,4750936,31952372.00
20170522,6.70,6.77,6.45,6.52,4830118,32031800.00
20170523,6.55,6.55,6.15,6.18,5672600,36023132.00
20170524,6.18,6.29,6.04,6.28,4063210,25162470.00
20170525,6.24,6.40,6.13,6.36,4693858,29414990.00
20170526,6.34,6.42,6.30,6.36,3045523,19398784.00
20170531,6.43,6.50,6.32,6.32,2892361,18506942.00
20170601,6.25,6.31,5.94,5.96,4946143,30354256.00
20170602,5.93,6.17,5.89,6.12,4802503,28877222.00
20170605,6.45,6.73,6.38,6.73,3638202,24138168.00
20170606,7.00,7.36,6.79,6.85,23669520,166352464.00
20170607,6.89,7.06,6.63,6.99,15929854,108768640.00
20170608,6.90,6.95,6.77,6.81,9095595,62265720.00
20170609,6.76,6.87,6.66,6.72,7667509,51623576.00
20170612,6.60,6.70,6.59,6.63,4981524,33058312.00
20170613,6.63,6.76,6.58,6.68,4803142,32192836.00
20170614,6.67,6.79,6.58,6.74,5371078,35917396.00
20170615,6.70,6.84,6.68,6.78,5904085,40078756.00
20170616,6.75,6.79,6.65,6.69,3868195,25910320.00
20170619,6.72,6.75,6.67,6.74,2992992,20083012.00
20170620,6.78,6.82,6.70,6.72,3652856,24624534.00
20170621,6.74,6.80,6.63,6.68,3780292,25271506.00
20170622,6.71,6.76,6.44,6.49,4564513,30354090.00
20170623,6.45,6.57,6.25,6.44,4570040,29353646.00
20170626,6.41,6.56,6.35,6.56,3692721,23818316.00
20170627,6.56,6.64,6.51,6.58,3007524,19769102.00
20170628,6.60,6.60,6.48,6.52,2897700,18916480.00
20170629,6.54,6.59,6.51,6.52,2390283,15672907.00
20170630,6.53,7.17,6.52,6.81,11490724,79495320.00
20170703,6.87,6.87,6.72,6.81,5133562,34834668.00
20170704,6.77,6.79,6.71,6.72,3328302,22441940.00
20170705,6.73,6.79,6.72,6.78,2483700,16785138.00
20170706,6.80,7.16,6.76,6.97,8692201,60652516.00
20170707,6.91,7.04,6.85,7.00,4358901,30212094.00
20170710,7.00,7.15,6.94,7.00,5750956,40519188.00
20170711,7.00,7.20,6.93,6.97,6606704,46780440.00
20170712,7.03,7.18,6.85,7.13,7979275,56041412.00
20170713,7.09,7.11,7.00,7.06,4143680,29169782.00
20170714,7.06,7.09,6.87,6.91,3819000,26527500.00
20170717,6.89,6.89,6.22,6.22,9124697,59163588.00
20170718,6.11,6.39,6.10,6.36,4935875,30818376.00
20170719,6.35,6.49,6.30,6.45,4494900,28791680.00
数据来源:通达信
