300144 宋城演艺 日线 前复权
      日期	    开盘	    最高	    最低	    收盘	    成交量	    成交额
20101209,7.63,7.89,7.20,7.69,28027414,1782854656.00
20101210,7.69,7.82,7.44,7.70,12758467,819276288.00
20101213,7.73,7.94,7.54,7.87,10822177,703236544.00
20101214,7.74,7.85,7.48,7.49,8996278,574343936.00
20101215,7.59,7.81,7.48,7.48,6469856,414231360.00
20101216,7.36,7.69,7.36,7.57,4670137,295137632.00
20101217,7.50,7.82,7.46,7.78,4709387,302318944.00
20101220,7.78,7.81,7.46,7.55,5210676,333686528.00
20101221,7.64,7.66,7.50,7.56,2682010,170367904.00
20101222,7.50,7.56,7.23,7.31,4706868,290794176.00
20101223,7.38,7.47,7.11,7.13,2794005,171926384.00
20101224,7.00,7.12,6.75,6.81,2919591,169545008.00
20101227,6.82,6.91,6.63,6.71,1999196,114675880.00
20101228,6.61,6.76,6.50,6.54,1985477,111558000.00
20101229,6.54,6.73,6.54,6.67,1652622,92747448.00
20101230,6.67,6.68,6.58,6.60,1345030,75318384.00
20101231,6.61,6.71,6.49,6.66,1623758,91023440.00
20110104,6.67,6.87,6.63,6.81,1833452,105062616.00
20110105,6.76,6.92,6.70,6.83,1708392,98563080.00
20110106,6.83,6.86,6.62,6.62,1267255,71885256.00
20110107,6.62,6.70,6.54,6.59,1261389,70606816.00
20110110,6.60,6.63,6.43,6.45,1360338,75077744.00
20110111,6.42,6.44,6.12,6.22,1687748,89697216.00
20110112,6.25,6.31,6.18,6.29,1198203,63444964.00
20110113,6.34,6.34,6.17,6.17,1101843,58305304.00
20110114,6.20,6.20,5.89,5.99,1817535,92711424.00
20110117,5.93,5.96,5.73,5.76,1229219,61120680.00
20110118,5.73,5.80,5.68,5.73,572893,28047076.00
20110119,5.76,5.86,5.69,5.81,1460462,71978024.00
20110120,5.79,5.79,5.40,5.40,1713153,81732120.00
20110121,5.36,5.45,5.26,5.34,1318482,60554548.00
20110124,5.32,5.39,5.20,5.31,1109261,50520704.00
20110125,5.31,5.53,5.18,5.49,1490246,68428704.00
20110126,5.45,5.53,5.36,5.46,1203405,56259760.00
20110127,5.37,5.49,5.30,5.45,1463957,67960704.00
20110128,5.46,5.54,5.43,5.49,1081941,50859592.00
20110131,5.49,5.65,5.46,5.60,1277949,61115828.00
20110201,5.54,5.61,5.44,5.50,923788,43558724.00
20110209,5.45,5.48,5.32,5.35,942967,43643804.00
20110210,5.36,5.59,5.29,5.59,1331112,62641032.00
20110211,5.59,5.72,5.55,5.66,1369165,66204108.00
20110214,5.65,5.73,5.63,5.72,1550812,75475296.00
20110215,5.71,5.75,5.68,5.69,1109639,54047696.00
20110216,5.69,5.77,5.63,5.76,1202884,58708360.00
20110217,5.76,5.79,5.66,5.73,993775,48542408.00
20110218,5.71,5.71,5.59,5.59,1211847,58478336.00
20110221,5.60,6.10,5.59,5.96,2493972,124577152.00
20110222,5.90,5.96,5.70,5.70,1667563,82779704.00
20110223,5.74,6.00,5.69,5.92,1808050,91048448.00
20110224,5.92,6.04,5.85,5.88,1030616,52113784.00
20110225,5.89,5.93,5.74,5.81,949516,46944484.00
20110228,5.86,5.97,5.82,5.95,1418726,71673872.00
20110301,5.97,6.02,5.90,5.96,932479,47353968.00
20110302,5.90,5.95,5.77,5.83,974831,48569252.00
20110303,5.79,5.86,5.63,5.63,981504,48026916.00
20110304,5.66,5.71,5.56,5.64,898263,43091984.00
20110307,5.65,5.75,5.61,5.72,1618327,78391424.00
20110308,5.71,5.74,5.66,5.72,793556,38679304.00
20110309,5.72,5.86,5.69,5.72,1615515,79492400.00
20110310,5.74,5.81,5.69,5.73,1489683,73084408.00
20110311,5.73,5.77,5.69,5.70,873414,42699364.00
20110314,5.66,5.70,5.57,5.60,1863870,89307136.00
20110315,5.59,5.60,5.36,5.44,1934160,90911256.00
20110316,5.44,5.54,5.44,5.52,889644,41950564.00
20110317,5.51,5.51,5.41,5.46,1500067,69994904.00
20110318,5.46,5.52,5.45,5.48,744548,35018812.00
20110321,5.47,5.54,5.44,5.51,695313,32759102.00
20110322,5.51,5.53,5.47,5.50,597954,28133990.00
20110323,5.52,5.62,5.51,5.61,1210747,57609224.00
20110324,5.62,5.64,5.55,5.59,1026373,49131376.00
20110325,5.59,5.62,5.54,5.57,895709,42648768.00
20110328,5.57,5.60,5.43,5.46,1327479,62415664.00
20110329,5.43,5.51,5.30,5.32,1720305,79044632.00
20110330,5.33,5.35,5.26,5.28,1010504,45913784.00
20110331,5.30,5.36,5.28,5.29,603103,27524740.00
20110401,5.27,5.38,5.27,5.36,633948,29085764.00
20110406,5.37,5.42,5.31,5.38,627143,28823026.00
20110407,5.41,5.55,5.36,5.55,1150224,54119172.00
20110408,5.57,5.58,5.51,5.55,737894,35002200.00
20110411,5.55,5.56,5.46,5.49,1061998,49978348.00
20110412,5.64,5.72,5.55,5.60,2749064,132665856.00
20110413,5.59,5.85,5.57,5.78,2109450,103517784.00
20110414,5.80,5.80,5.70,5.71,1060939,51983904.00
20110415,5.68,5.73,5.60,5.64,1017207,49092564.00
20110418,5.66,5.77,5.62,5.73,1110215,54184724.00
20110419,5.67,5.73,5.58,5.59,1012785,48787572.00
20110420,5.60,5.65,5.59,5.61,1044974,50226388.00
20110421,5.69,5.83,5.64,5.79,1921216,94509008.00
20110422,5.74,5.86,5.69,5.78,1667859,82294992.00
20110425,5.83,5.92,5.76,5.76,1992210,99456256.00
20110426,5.74,5.77,5.57,5.58,1307676,62906464.00
20110427,5.56,5.66,5.46,5.56,942854,45021484.00
20110428,5.60,5.60,5.19,5.19,1232609,56851864.00
20110429,5.21,5.30,5.12,5.25,669406,30023212.00
20110503,5.25,5.28,5.19,5.26,758374,34238476.00
20110505,5.12,5.34,5.11,5.27,1051226,47250696.00
20110506,5.24,5.31,5.18,5.29,531851,24005386.00
20110509,5.34,5.43,5.31,5.37,842076,38881084.00
20110510,5.40,5.40,5.34,5.37,525154,24174992.00
20110511,5.37,5.47,5.34,5.44,600478,27832402.00
20110512,5.42,5.44,5.36,5.38,744445,34429476.00
20110513,5.29,5.36,5.25,5.31,958122,19687690.00
20110516,5.40,5.52,5.35,5.39,863909,18156134.00
20110517,5.38,5.52,5.37,5.43,937669,19820462.00
20110518,5.37,5.54,5.37,5.52,1100558,23363684.00
20110519,5.56,5.56,5.41,5.41,1330238,28133628.00
20110520,5.42,5.45,5.37,5.37,864988,18074614.00
20110523,5.37,5.46,5.20,5.23,1535745,31656092.00
20110524,5.16,5.33,5.09,5.27,1811949,36845184.00
20110525,5.19,5.24,4.91,4.92,1711127,33721232.00
20110526,4.93,5.01,4.83,4.85,1448036,27707450.00
20110527,4.87,4.91,4.72,4.84,2117077,40030388.00
20110530,4.82,5.08,4.78,4.96,1451871,28126440.00
20110531,4.98,5.04,4.92,5.04,990172,19314692.00
20110601,5.03,5.30,5.01,5.30,2416950,48765176.00
20110602,5.20,5.37,5.20,5.29,2174703,44605088.00
20110603,5.29,5.41,5.26,5.35,1331340,27624950.00
20110607,5.36,5.37,5.24,5.32,1110504,22849416.00
20110608,5.32,5.33,5.18,5.27,898731,18271568.00
20110609,5.25,5.25,5.15,5.15,985615,19864144.00
20110610,5.15,5.18,5.05,5.14,919452,18236834.00
20110613,5.14,5.24,4.99,5.17,834260,16688638.00
20110614,5.16,5.29,5.15,5.21,1094476,22178558.00
20110615,5.23,5.24,5.12,5.17,975356,19588182.00
20110616,5.12,5.16,4.94,4.94,811928,15901908.00
20110617,4.93,4.95,4.86,4.87,1153490,21984492.00
20110620,4.87,4.95,4.75,4.81,1053213,19839758.00
20110621,4.85,4.89,4.79,4.85,1250443,23626056.00
20110622,4.81,4.88,4.76,4.78,1027892,19235374.00
20110623,4.76,4.99,4.74,4.94,1004226,19203648.00
20110624,4.92,5.08,4.90,5.04,1470646,28748614.00
20110627,5.15,5.22,5.08,5.13,1556745,31200576.00
20110628,5.14,5.14,5.03,5.07,1034776,20393652.00
20110629,5.07,5.11,4.99,5.01,650596,12769553.00
20110630,5.01,5.09,4.98,5.07,1034440,20327298.00
20110701,5.10,5.16,5.07,5.12,934022,18622178.00
20110704,5.16,5.38,5.16,5.34,2090550,43052200.00
20110705,5.29,5.62,5.29,5.54,3517820,75093776.00
20110706,5.53,5.69,5.44,5.64,3021447,65270660.00
20110707,5.59,5.66,5.53,5.58,1757217,37948708.00
20110708,5.58,5.73,5.54,5.70,1939863,42023968.00
20110711,5.69,5.88,5.65,5.86,2448729,54807660.00
20110712,5.75,5.83,5.58,5.58,2323634,51486760.00
20110713,5.64,5.76,5.60,5.73,1528749,33653692.00
20110714,5.77,5.85,5.67,5.80,1591742,35383636.00
20110715,5.78,5.85,5.70,5.83,1871623,41909668.00
20110719,5.76,5.78,5.58,5.59,2172394,47466828.00
20110720,5.63,5.68,5.47,5.55,1708775,36649804.00
20110721,5.58,5.64,5.51,5.57,1101321,23736790.00
20110722,5.57,5.63,5.55,5.62,1401916,30283568.00
20110725,5.58,5.84,5.57,5.66,3459738,76229088.00
20110726,5.70,6.08,5.70,6.05,4972991,113959784.00
20110727,5.98,6.17,5.97,6.11,4822639,113229584.00
20110728,5.98,6.38,5.98,6.30,5857070,140236464.00
20110729,6.30,6.35,6.10,6.10,3874917,92151464.00
20110801,6.08,6.28,5.97,6.25,2791402,65902124.00
20110802,6.20,6.29,6.00,6.27,2389018,56541044.00
20110803,6.19,6.44,6.09,6.26,3453458,84152552.00
20110804,6.22,6.34,6.15,6.18,2433657,58053608.00
20110805,5.98,6.22,5.91,6.13,2629220,61826888.00
20110808,6.06,6.21,5.71,5.86,3917644,90176456.00
20110809,5.70,6.12,5.57,6.05,3802881,86525808.00
20110810,6.14,6.23,6.06,6.09,2611825,61634336.00
20110811,5.96,6.42,5.96,6.38,4486093,108330272.00
20110812,6.40,6.52,6.31,6.48,4221194,104108384.00
20110815,6.54,7.17,6.54,6.75,8760307,229329424.00
20110816,6.73,6.84,6.61,6.68,3679814,93982112.00
20110817,6.59,6.96,6.53,6.78,3524003,91685208.00
20110818,6.73,6.89,6.60,6.68,2928936,75397264.00
20110819,6.56,6.83,6.52,6.77,2535810,65048852.00
20110822,6.81,7.07,6.53,6.58,5129902,132096104.00
20110823,6.55,6.69,6.37,6.66,2747101,68552008.00
20110824,6.67,6.77,6.57,6.59,3087828,78896624.00
20110825,6.56,6.64,6.35,6.51,4096866,101406912.00
20110826,6.48,6.67,6.44,6.63,3353235,84495160.00
20110829,6.61,6.78,6.55,6.65,3436640,87986872.00
20110830,6.68,6.73,6.39,6.41,2647704,66357796.00
20110831,6.40,6.48,6.18,6.20,2347486,56649848.00
20110901,6.25,6.39,6.17,6.26,1595214,38392896.00
20110902,6.18,6.28,6.09,6.16,1170244,27702114.00
20110905,6.11,6.11,5.91,5.97,1910360,43903832.00
20110906,5.89,6.04,5.87,5.98,941892,21675936.00
20110907,6.04,6.23,6.01,6.21,1547649,36433564.00
20110909,6.12,6.24,6.01,6.03,1335069,31310962.00
20110913,5.94,5.98,5.71,5.73,2242573,50143248.00
20110914,5.81,5.92,5.66,5.89,1251732,27861620.00
20110915,5.88,6.16,5.84,5.96,2955604,68687432.00
20110916,6.00,6.14,5.95,5.99,1534690,35654108.00
20110919,6.05,6.06,5.91,5.96,940809,21725020.00
20110920,5.96,6.02,5.74,5.84,1487979,33528252.00
20110921,5.86,6.14,5.79,6.09,1531850,35334576.00
20110922,6.05,6.14,5.77,5.84,2503067,57218160.00
20110923,5.71,5.92,5.68,5.76,1207690,26792464.00
20110926,5.73,5.86,5.59,5.61,831655,18280140.00
20110927,5.65,5.76,5.53,5.71,891539,19502816.00
20110928,5.73,5.78,5.56,5.58,716891,15709436.00
20110929,5.54,5.56,5.22,5.23,1576741,32598570.00
20110930,5.24,5.27,5.06,5.11,1840597,36624252.00
20111010,5.18,5.24,5.09,5.16,937627,18826494.00
20111011,5.24,5.38,5.15,5.26,1072920,22000092.00
20111012,5.22,5.59,5.19,5.54,1322581,27900060.00
20111013,5.55,5.86,5.51,5.83,2043355,45468816.00
20111014,5.81,5.88,5.67,5.85,1047384,23294502.00
20111017,5.84,6.00,5.81,5.85,1083630,24659364.00
20111018,5.81,5.81,5.65,5.65,736335,16304820.00
20111019,5.70,5.94,5.70,5.84,1477015,33394912.00
20111020,5.70,5.82,5.67,5.74,998482,22138042.00
20111021,5.74,5.89,5.70,5.89,829995,18541086.00
20111024,5.91,6.12,5.87,6.08,3114099,72246944.00
20111025,6.01,6.19,6.01,6.11,3236774,76092376.00
20111026,6.12,6.37,6.02,6.31,4192699,100527312.00
20111027,6.31,6.42,6.20,6.25,2383624,57406160.00
20111028,6.32,6.50,6.20,6.50,3485319,84964600.00
20111031,6.47,6.60,6.39,6.39,2634968,65225432.00
20111101,6.30,6.40,6.22,6.23,2506537,60588856.00
20111102,6.12,6.89,6.11,6.83,6197672,156317536.00
20111103,6.95,6.95,6.67,6.68,6080418,158047648.00
20111104,6.81,6.99,6.64,6.71,3495112,91052752.00
20111107,6.71,6.73,6.47,6.53,3510054,87884408.00
20111108,6.53,6.57,6.41,6.42,1784485,44269900.00
20111109,6.53,6.82,6.52,6.82,4500085,114749104.00
20111110,6.70,6.78,6.54,6.61,3921450,100021568.00
20111111,6.58,6.74,6.50,6.57,2338246,59092856.00
20111114,6.67,6.73,6.55,6.65,2228206,56373684.00
20111115,6.68,6.79,6.64,6.79,2583256,66385112.00
20111116,6.76,6.80,6.45,6.48,2288787,57727572.00
20111117,6.52,6.62,6.47,6.48,1418478,35394532.00
20111118,6.39,6.42,6.20,6.28,2342547,56431320.00
20111121,6.23,6.28,6.14,6.25,1060889,25276866.00
20111122,6.20,6.37,6.17,6.37,1840450,44292308.00
20111123,6.40,6.58,6.34,6.50,1823417,44994624.00
20111124,6.41,6.69,6.38,6.66,2351229,59312540.00
20111125,6.63,6.72,6.55,6.70,1636484,41691252.00
20111128,6.66,6.73,6.59,6.71,1315731,33467260.00
20111129,6.77,6.77,6.60,6.66,1181751,30056438.00
20111130,6.65,6.65,6.23,6.42,2194700,54022536.00
20111201,6.60,6.70,6.39,6.40,1556733,39181504.00
20111202,6.38,6.38,6.17,6.23,1658455,39758804.00
20111205,6.11,6.30,5.84,6.10,1065253,24990288.00
20111206,5.99,6.12,5.92,6.02,1385798,32003196.00
20111207,6.07,6.07,5.69,5.78,2223572,50366396.00
20111208,5.70,5.90,5.65,5.77,1787200,39813376.00
20111209,5.71,5.84,5.69,5.78,823927,18327110.00
20111212,5.78,5.86,5.70,5.81,807277,18038796.00
20111213,5.81,5.81,5.67,5.78,1071966,23683302.00
20111214,5.72,5.79,5.67,5.70,887512,19555438.00
20111215,5.71,5.85,5.65,5.81,1618050,35951376.00
20111216,5.74,6.06,5.74,6.06,953526,21641134.00
20111219,5.99,6.17,5.95,6.14,3055450,70947904.00
20111220,6.14,6.21,6.04,6.14,2119674,49826860.00
20111221,6.08,6.28,6.08,6.17,1398856,33315268.00
20111222,6.08,6.17,5.81,6.16,1078152,24969638.00
20111223,6.16,6.29,6.08,6.27,886894,21144736.00
20111226,6.25,6.46,6.15,6.39,1073454,26180324.00
20111227,6.34,6.38,6.17,6.30,1471228,35296804.00
20111228,6.20,6.28,5.90,6.24,1526252,35625656.00
20111229,6.16,6.41,6.16,6.39,1118702,27027866.00
20111230,6.53,6.62,6.40,6.61,2087692,52392284.00
20120104,6.61,6.71,6.16,6.16,1184814,29343246.00
20120105,6.06,6.13,5.70,5.73,1689070,38336756.00
20120106,5.58,5.70,5.45,5.57,1825514,39233720.00
20120109,5.58,5.75,5.45,5.72,3019464,65711524.00
20120110,5.72,5.94,5.66,5.94,2400576,53649180.00
20120111,5.89,6.01,5.82,5.90,1419093,32257054.00
20120112,5.82,5.94,5.67,5.69,1533655,34443384.00
20120113,5.70,5.74,5.28,5.29,2272015,47791728.00
20120116,5.17,5.34,4.98,5.03,1452025,29111158.00
20120117,5.05,5.35,4.98,5.30,1803224,36188160.00
20120118,5.20,5.33,5.05,5.14,1227047,24668860.00
20120119,5.12,5.29,5.06,5.26,1046695,21265796.00
20120120,5.26,5.48,5.26,5.43,899236,18853560.00
20120130,5.47,5.48,5.36,5.41,694335,14607055.00
20120131,5.41,5.45,5.26,5.28,755786,15533773.00
20120201,5.24,5.47,5.20,5.23,877708,18123850.00
20120202,5.24,5.41,5.24,5.41,1505207,31103096.00
20120203,5.40,5.52,5.37,5.46,1266863,26707866.00
20120206,5.48,5.58,5.40,5.52,1074106,22841216.00
20120207,5.51,5.51,5.42,5.42,602928,12710632.00
20120208,5.42,5.56,5.34,5.55,743168,15681072.00
20120209,5.52,5.60,5.49,5.58,1015683,21862804.00
20120210,5.54,5.60,5.42,5.51,584048,12514696.00
20120213,5.48,5.65,5.44,5.65,1180559,25500002.00
20120214,5.65,5.69,5.60,5.63,614360,13354828.00
20120215,5.62,5.69,5.58,5.68,712111,15553586.00
20120216,5.73,5.83,5.65,5.68,1701749,37675260.00
20120217,5.73,5.81,5.72,5.75,1011156,22482512.00
20120220,5.81,5.81,5.71,5.76,989858,21969912.00
20120221,5.76,5.81,5.68,5.80,845748,18779298.00
20120222,5.80,6.07,5.80,6.06,2260658,51782572.00
20120223,6.06,6.12,5.90,5.98,1392650,32169652.00
20120224,5.97,6.25,5.97,6.20,3187333,74939536.00
20120227,6.20,6.29,6.09,6.17,2366748,56499152.00
20120228,6.14,6.14,5.84,5.98,3763214,86266888.00
20120229,5.98,6.06,5.84,5.92,3048452,69472568.00
20120301,5.89,5.95,5.76,5.84,3257789,73050048.00
20120302,5.84,5.96,5.83,5.96,2467903,56065816.00
20120305,5.98,6.02,5.84,5.86,2866530,65443972.00
20120306,5.86,5.89,5.73,5.81,1712162,38287148.00
20120307,5.74,5.87,5.73,5.76,1658826,37060540.00
20120308,5.81,6.02,5.80,6.01,2790714,63797872.00
20120309,6.01,6.10,5.99,6.08,1979727,46119744.00
20120312,6.15,6.19,6.08,6.16,2514947,59471204.00
20120313,6.11,6.19,6.05,6.16,1492531,35134932.00
20120314,6.20,6.20,5.73,5.77,2567934,59325536.00
20120315,5.76,5.86,5.62,5.72,2120752,46762884.00
20120316,5.76,6.07,5.75,6.04,2802592,63823748.00
20120319,6.01,6.25,5.99,6.22,2930373,69457640.00
20120321,6.06,6.13,5.81,6.00,2610371,59891104.00
20120322,5.98,6.02,5.87,5.96,1004747,22980450.00
20120323,5.95,6.09,5.84,5.88,1637300,37693444.00
20120326,5.84,5.94,5.84,5.93,860446,19538996.00
20120327,5.98,5.99,5.88,5.89,1004558,22954244.00
20120328,5.89,5.89,5.60,5.68,1400468,30954918.00
20120329,5.63,5.77,5.48,5.52,1313818,28486080.00
20120330,5.52,5.59,5.47,5.50,926693,19786958.00
20120405,5.54,5.69,5.48,5.68,1864308,40233980.00
20120406,5.72,5.75,5.56,5.71,1476459,32388366.00
20120409,5.73,5.77,5.65,5.70,1134130,24963270.00
20120410,5.70,5.97,5.60,5.80,1466714,32240388.00
20120411,5.71,5.95,5.68,5.89,1840147,41576512.00
20120412,5.92,5.97,5.87,5.94,1771372,40389576.00
20120413,5.94,6.02,5.85,5.94,3015800,45418472.00
20120416,5.91,5.99,5.86,5.95,2120836,32030796.00
20120417,5.97,5.98,5.86,5.87,1700066,25499818.00
20120418,5.90,6.11,5.87,6.07,3483156,53178572.00
20120419,6.05,6.09,5.95,5.97,2451909,37428836.00
20120420,5.93,6.01,5.90,6.01,2380510,36099860.00
20120423,6.01,6.01,5.77,5.78,3451037,51630412.00
20120424,5.78,5.87,5.56,5.82,2960101,43296032.00
20120425,5.82,5.84,5.73,5.75,2051086,30210606.00
20120426,5.78,5.81,5.66,5.70,1471582,21531214.00
20120427,5.72,5.75,5.62,5.66,1944166,28109802.00
20120502,5.70,5.80,5.58,5.67,2803445,40435748.00
20120503,5.65,5.70,5.61,5.65,2061522,29712402.00
20120504,5.67,5.78,5.64,5.77,2047716,29881122.00
20120507,5.75,5.91,5.72,5.88,2720161,40394036.00
20120508,5.89,5.93,5.82,5.84,1882449,28107860.00
20120509,5.78,5.79,5.66,5.69,1524152,22209230.00
20120510,5.68,5.75,5.65,5.67,2341332,33886780.00
20120511,5.71,5.73,5.64,5.69,2265792,32795854.00
20120514,5.75,5.77,5.65,5.69,1815069,26376232.00
20120515,5.64,5.82,5.62,5.80,1741411,25403172.00
20120516,5.77,5.79,5.63,5.66,1085983,15763144.00
20120517,5.66,5.73,5.65,5.70,1111965,16153668.00
20120518,5.66,5.75,5.65,5.67,1009945,14651638.00
20120521,5.65,5.75,5.62,5.69,1175495,17112306.00
20120522,5.69,5.79,5.69,5.73,1034638,15117630.00
20120523,5.75,5.81,5.67,5.72,1169128,17114742.00
20120524,5.70,5.73,5.48,5.54,2250345,32300078.00
20120525,5.55,5.57,5.35,5.35,2162603,30092504.00
20120528,5.35,5.49,5.31,5.48,1254358,17362082.00
20120529,5.51,5.55,5.43,5.51,1558593,21852396.00
20120530,5.51,5.62,5.51,5.56,1166848,16584303.00
20120531,5.53,5.58,5.48,5.52,1522584,21491224.00
20120601,5.52,5.57,5.51,5.54,1640787,23199922.00
20120604,5.51,5.57,5.43,5.53,1910372,26903160.00
20120605,5.55,5.57,5.50,5.57,1050675,14853358.00
20120606,5.60,5.61,5.50,5.52,677050,9583533.00
20120607,5.59,5.59,5.46,5.48,539250,7610746.50
20120608,5.51,5.55,5.46,5.48,494391,6946252.50
20120611,5.50,5.62,5.46,5.55,908812,12901427.00
20120612,5.52,5.62,5.49,5.60,927426,13229755.00
20120613,5.61,5.67,5.53,5.58,2068447,29476138.00
20120614,5.54,5.59,5.45,5.47,2014846,28393992.00
20120615,5.48,5.61,5.43,5.55,1125544,15867788.00
20120618,5.57,5.66,5.53,5.65,1725048,24709960.00
20120619,5.70,5.75,5.65,5.69,2701743,39257904.00
20120620,5.66,5.70,5.61,5.67,968315,13950654.00
20120621,5.62,5.67,5.56,5.63,855373,12226218.00
20120625,5.63,5.72,5.56,5.60,1252095,18066874.00
20120626,5.55,5.63,5.47,5.52,1324837,18686138.00
20120627,5.50,5.60,5.50,5.52,714593,10118378.00
20120628,5.52,5.57,5.44,5.50,893625,12591968.00
20120629,5.50,5.64,5.44,5.63,1122716,15940242.00
20120702,5.66,5.72,5.59,5.68,1291267,18601316.00
20120703,5.66,5.92,5.66,5.85,4324904,64212136.00
20120704,5.85,5.87,5.75,5.79,2417196,35669412.00
20120705,5.72,5.75,5.56,5.57,2208306,31684070.00
20120706,5.59,5.76,5.59,5.76,2115957,30649792.00
20120709,5.71,5.99,5.71,5.86,5272755,79140768.00
20120710,5.81,5.99,5.80,5.87,3855332,57949108.00
20120711,5.85,5.94,5.76,5.90,2166774,32301190.00
20120712,5.89,6.21,5.87,6.05,7300715,112245656.00
20120713,6.00,6.21,5.93,5.97,3454325,52844120.00
20120716,6.00,6.09,5.78,5.78,2968797,44627256.00
20120717,5.77,5.87,5.73,5.87,1604391,23795456.00
20120718,5.84,5.87,5.67,5.83,2383234,34886324.00
20120719,5.78,6.08,5.74,5.99,3533223,53565748.00
20120720,5.97,6.08,5.92,5.99,1484310,22653332.00
20120723,6.01,6.02,5.88,5.92,1302998,19662562.00
20120724,5.88,6.00,5.88,5.94,1391571,21041352.00
20120725,5.91,5.96,5.82,5.83,1263424,18932062.00
20120726,5.82,5.87,5.76,5.76,1144289,16908500.00
20120727,5.81,5.83,5.57,5.60,1923866,27842200.00
20120730,5.59,5.67,5.58,5.59,819750,11740030.00
20120731,5.62,5.62,5.48,5.51,1231082,17378238.00
20120801,5.51,5.71,5.51,5.61,871742,12525647.00
20120802,5.60,5.65,5.48,5.56,864741,12285756.00
20120803,5.63,5.74,5.61,5.72,1575053,22831724.00
20120806,5.69,5.86,5.67,5.85,3116683,45801084.00
20120807,5.85,5.87,5.78,5.81,2008335,29777360.00
20120808,5.83,5.84,5.68,5.75,1949065,28480072.00
20120809,5.75,5.83,5.71,5.82,1708218,25201248.00
20120810,5.85,5.85,5.70,5.72,1281744,18794730.00
20120813,5.72,5.72,5.63,5.66,1732794,25008292.00
20120814,5.65,5.69,5.58,5.69,1246769,17941416.00
20120815,5.70,5.70,5.59,5.64,801209,11489393.00
20120816,5.61,5.65,5.58,5.59,586389,8398667.00
20120817,5.57,5.63,5.50,5.55,801657,11374780.00
20120820,5.55,5.65,5.50,5.64,566819,8038111.00
20120821,5.63,5.72,5.60,5.68,921696,13360826.00
20120822,5.72,5.73,5.58,5.61,845221,12159805.00
20120823,5.57,5.62,5.35,5.47,3085566,43132644.00
20120824,5.42,5.45,5.38,5.40,1036825,14323231.00
20120827,5.40,5.45,5.38,5.43,843452,11665022.00
20120828,5.43,5.47,5.38,5.47,861904,11963216.00
20120829,5.41,5.48,5.40,5.44,678348,9424550.00
20120830,5.43,5.43,5.17,5.19,3232930,43349924.00
20120831,5.18,5.23,5.14,5.16,1274914,16939130.00
20120903,5.13,5.23,5.11,5.19,1719581,22870670.00
20120904,5.19,5.25,5.11,5.11,1387529,18431866.00
20120905,5.13,5.22,5.11,5.16,1132409,14968457.00
20120906,5.19,5.30,5.18,5.29,1635205,21984482.00
20120907,5.33,5.50,5.30,5.44,5522460,76205816.00
20120910,5.45,5.47,5.39,5.43,2984774,41381728.00
20120911,5.42,5.43,5.37,5.43,1907684,26312700.00
20120912,5.45,5.50,5.41,5.46,2440837,34044728.00
20120913,5.48,5.60,5.47,5.48,4563839,64532832.00
20120914,5.53,5.56,5.36,5.41,2221037,30823034.00
20120917,5.45,5.51,5.28,5.33,1978669,27355454.00
20120918,5.27,5.33,5.23,5.30,1642849,22184130.00
20120919,5.31,5.41,5.29,5.33,1777199,24283378.00
20120920,5.32,5.33,5.11,5.19,1836854,24456728.00
20120921,5.18,5.21,4.86,4.97,2643563,34141320.00
20120924,4.86,5.06,4.84,5.06,1762510,22333586.00
20120925,4.96,5.06,4.93,5.04,826395,10593993.00
20120926,4.97,5.02,4.92,5.00,1131715,14451635.00
20120927,4.92,5.11,4.92,5.06,1023504,13266335.00
20120928,5.05,5.15,5.01,5.14,1856678,24406688.00
20121008,5.23,5.26,5.10,5.12,1085082,14376203.00
20121009,5.12,5.23,5.12,5.19,2155516,28612960.00
20121010,5.19,5.21,5.12,5.18,1686531,22352168.00
20121011,5.17,5.17,5.00,5.02,1183699,15474078.00
20121012,5.01,5.11,4.96,5.00,880322,11360670.00
20121015,4.97,5.04,4.89,4.94,1177610,14942621.00
20121016,4.94,5.01,4.91,4.94,1057606,13522682.00
20121017,4.99,5.01,4.88,4.99,778445,9876038.00
20121018,4.95,5.05,4.95,5.03,1525753,19625008.00
20121019,5.03,5.05,4.96,4.98,916209,11756832.00
20121022,4.93,4.99,4.93,4.98,671187,8563900.00
20121023,5.04,5.04,4.94,4.95,1192441,15235258.00
20121024,4.90,4.94,4.82,4.83,1990164,24921478.00
20121025,4.84,4.86,4.79,4.79,1060088,13152955.00
20121026,4.78,4.81,4.54,4.72,2677311,32124774.00
20121029,4.74,4.75,4.67,4.73,1405048,17116772.00
20121030,4.84,4.91,4.81,4.86,2007571,25080296.00
20121031,4.86,4.89,4.81,4.84,802711,9978057.00
20121101,4.88,4.94,4.88,4.91,1541769,19479996.00
20121102,4.95,5.01,4.86,4.97,1418872,18039324.00
20121105,4.94,4.97,4.90,4.92,794568,10072846.00
20121106,4.94,4.94,4.83,4.92,1134254,14217336.00
20121107,4.87,4.94,4.80,4.81,636754,7972872.00
20121108,4.78,4.83,4.70,4.77,823753,10143768.00
20121109,4.77,4.81,4.74,4.81,447188,5497348.50
20121112,4.81,4.84,4.75,4.83,387806,4793583.00
20121113,4.82,4.82,4.65,4.76,1044048,12728002.00
20121114,4.72,4.76,4.66,4.74,727149,8824154.00
20121115,4.73,4.73,4.64,4.69,592001,7134401.00
20121116,4.67,4.71,4.59,4.71,677913,8145312.00
20121119,4.66,4.71,4.64,4.71,473921,5720757.00
20121120,4.73,4.79,4.71,4.74,895912,10989474.00
20121121,4.76,4.79,4.70,4.76,431491,5278315.00
20121122,4.77,4.77,4.69,4.71,194812,2369877.25
20121123,4.71,4.73,4.67,4.69,290320,3528875.25
20121126,4.67,4.70,4.61,4.68,480882,5770906.00
20121127,4.67,4.67,4.52,4.57,1254306,14823969.00
20121128,4.58,4.58,4.36,4.44,755952,8687458.00
20121129,4.38,4.46,4.21,4.21,992295,11077819.00
20121130,4.21,4.27,4.17,4.24,509223,5584840.00
20121203,4.21,4.23,4.10,4.16,846870,9158844.00
20121204,4.18,4.25,4.08,4.25,684749,7464315.50
20121205,4.23,4.44,4.21,4.35,1373564,15587555.00
20121206,4.32,4.41,4.28,4.32,455401,5143181.50
20121207,4.28,4.44,4.28,4.40,883052,10044880.00
20121210,4.43,4.53,4.37,4.48,1694230,19477428.00
20121211,4.48,4.61,4.48,4.50,1437471,16941008.00
20121212,4.52,4.52,4.40,4.45,609877,7023732.00
20121213,4.47,4.57,4.39,4.40,891986,10342120.00
20121214,4.40,4.59,4.39,4.52,3638632,42340792.00
20121217,4.55,4.55,4.45,4.49,1903165,22103458.00
20121218,4.49,4.52,4.44,4.47,1187156,13748043.00
20121219,4.47,4.55,4.42,4.49,1980272,22998736.00
20121220,4.45,4.51,4.43,4.50,1078059,12496748.00
20121221,4.50,4.62,4.48,4.60,2603980,30695174.00
20121224,4.54,4.66,4.53,4.65,1816031,21656382.00
20121225,4.64,4.74,4.64,4.72,2334698,28336352.00
20121226,4.73,4.89,4.73,4.85,3224892,40073772.00
20121227,4.86,4.90,4.74,4.81,2433348,30125618.00
20121228,4.82,4.89,4.78,4.89,1898326,23653590.00
20121231,4.88,4.98,4.84,4.98,2327602,29428702.00
20130104,4.98,5.00,4.78,4.88,1977117,24762182.00
20130107,4.86,4.88,4.73,4.88,1930522,23929058.00
20130108,4.84,4.99,4.82,4.94,2304034,29110260.00
20130109,4.92,4.97,4.86,4.89,1436599,18162512.00
20130110,4.92,5.01,4.89,4.96,2038077,25930916.00
20130111,4.99,5.08,4.84,4.88,2803751,35893104.00
20130114,4.84,5.00,4.80,5.00,3137500,39805788.00
20130115,4.98,5.11,4.95,5.09,3452541,44753296.00
20130116,5.10,5.11,4.93,5.02,2693544,34650472.00
20130117,5.02,5.08,4.93,5.00,1980382,25439382.00
20130118,4.99,5.26,4.99,5.25,5355973,70972056.00
20130122,5.35,5.35,5.11,5.26,5309960,71615536.00
20130123,5.25,5.27,5.05,5.14,2074142,27341524.00
20130124,5.16,5.27,4.90,4.99,2321257,30436578.00
20130125,4.98,5.02,4.89,4.90,1921814,24416272.00
20130128,4.92,5.06,4.92,5.04,1657942,21245058.00
20130129,5.06,5.13,5.02,5.09,2330781,30394344.00
20130130,5.08,5.11,4.94,5.02,2613811,33698260.00
20130131,5.01,5.21,4.99,5.17,3338785,44002436.00
20130201,5.13,5.21,5.07,5.17,1386516,18386980.00
20130204,5.18,5.31,5.12,5.22,2390922,32074658.00
20130205,5.25,5.30,5.17,5.24,1582601,21215830.00
20130206,5.26,5.30,5.17,5.18,1711458,22883176.00
20130207,5.15,5.29,5.15,5.23,1493023,19987650.00
20130208,5.24,5.35,5.24,5.30,2057829,27921752.00
20130218,5.30,5.30,5.15,5.19,2771724,36957640.00
20130219,5.23,5.29,5.11,5.25,2779771,37182140.00
20130220,5.25,5.55,5.19,5.51,4944201,68592160.00
20130221,5.48,5.65,5.40,5.58,4648216,65560564.00
20130222,5.53,5.65,5.47,5.59,1736675,24656016.00
20130225,5.59,5.61,5.46,5.52,1936173,27277158.00
20130226,5.51,5.51,5.20,5.26,3599673,49417628.00
20130227,5.30,5.30,5.02,5.10,4519339,59213508.00
20130228,5.10,5.38,5.09,5.33,2747621,36839376.00
20130301,5.33,5.58,5.31,5.53,4235129,59539196.00
20130304,5.50,5.75,5.40,5.47,3457866,49138452.00
20130305,5.40,5.81,5.40,5.77,4284738,62305652.00
20130306,5.75,5.93,5.75,5.86,3736937,55862600.00
20130307,5.86,5.86,5.61,5.61,2616205,38032992.00
20130308,5.61,5.73,5.54,5.60,1014026,14545367.00
20130311,5.56,5.68,5.45,5.63,2063870,29502620.00
20130312,5.64,5.77,5.43,5.45,2843211,40375036.00
20130313,5.44,5.54,5.28,5.39,1785647,24565086.00
20130314,5.39,5.46,5.34,5.39,1357939,18739586.00
20130315,5.40,5.64,5.37,5.53,1650040,23255650.00
20130318,5.49,5.63,5.49,5.57,1469957,20907138.00
20130319,5.57,5.64,5.46,5.58,978475,13844825.00
20130320,5.58,5.83,5.58,5.80,2031638,29774346.00
20130321,5.81,5.89,5.76,5.85,2007403,29779224.00
20130322,5.84,5.84,5.71,5.77,1046385,15383224.00
20130325,5.79,5.97,5.79,5.89,2851602,42750084.00
20130326,5.89,5.97,5.81,5.92,1622187,24268364.00
20130327,5.92,5.96,5.74,5.80,2363883,34980764.00
20130328,5.71,5.89,5.67,5.73,1366936,20102414.00
20130329,5.75,5.87,5.71,5.87,1613680,23849866.00
20130401,5.81,6.09,5.73,6.06,2792573,42587440.00
20130402,6.03,6.11,5.84,5.87,1854354,28232698.00
20130403,5.85,5.87,5.55,5.70,3028467,44007132.00
20130408,5.48,5.58,5.38,5.57,3462856,48667940.00
20130409,5.53,5.68,5.44,5.58,1411005,20154342.00
20130410,5.60,5.61,5.40,5.41,1806690,25251942.00
20130411,5.50,5.71,5.48,5.65,2023862,28745816.00
20130412,5.63,5.67,5.54,5.54,1364893,19171162.00
20130415,5.54,5.54,5.26,5.43,1788356,24265022.00
20130416,5.40,5.50,5.35,5.48,703181,9656239.00
20130417,5.48,5.60,5.42,5.58,682233,9530176.00
20130418,5.58,5.65,5.54,5.58,762304,10756419.00
20130419,5.62,5.84,5.55,5.77,1726842,25048484.00
20130422,5.76,5.86,5.71,5.84,1345132,19682750.00
20130423,5.84,5.87,5.69,5.83,1422090,20666844.00
20130424,5.91,6.00,5.78,5.87,1596550,23697304.00
20130425,5.87,6.01,5.54,5.78,1332393,19664558.00
20130426,5.91,5.91,5.38,5.57,2233708,31892342.00
20130502,5.51,5.75,5.49,5.67,1277713,18229478.00
20130503,5.70,6.00,5.70,5.82,1773024,26192890.00
20130506,5.83,6.10,5.83,6.08,2635298,40037036.00
20130507,6.04,6.11,5.98,5.99,1302056,19834754.00
20130508,6.01,6.22,5.97,6.16,3193225,49316052.00
20130509,6.16,6.31,6.04,6.14,3146378,48816464.00
20130510,6.16,6.24,6.04,6.16,1486250,23031408.00
20130513,6.11,6.16,5.95,6.05,1463173,22130514.00
20130514,6.00,6.09,5.83,5.96,1068212,15987454.00
20130515,5.96,6.10,5.86,6.09,1036162,15649132.00
20130516,6.04,6.08,5.87,6.04,2518855,37828236.00
20130517,6.02,6.07,5.89,5.99,2026485,30560512.00
20130520,5.99,6.14,5.96,6.08,3028970,46049444.00
20130521,6.08,6.16,5.89,6.14,4691097,71046216.00
20130522,6.14,6.14,5.88,5.99,3432037,51833520.00
20130523,5.96,6.02,5.87,5.90,1396224,20900794.00
20130524,5.87,6.01,5.87,5.95,1246794,18688930.00
20130527,5.95,6.13,5.95,6.13,3171227,48408660.00
20130528,6.12,6.12,6.00,6.07,1634028,24943592.00
20130529,6.07,6.29,6.07,6.22,2607706,40603348.00
20130530,6.21,6.31,6.09,6.25,2394958,37422680.00
20130531,6.21,6.29,6.02,6.04,2468098,38219168.00
20130603,6.04,6.08,5.87,5.88,2372347,35575536.00
20130604,5.87,6.06,5.69,5.81,2081338,30484816.00
20130605,5.81,5.89,5.70,5.82,840384,12290686.00
20130606,5.79,5.88,5.73,5.84,1708183,25083250.00
20130607,5.78,5.87,5.61,5.72,1926877,27823314.00
20130613,5.72,5.72,5.46,5.65,1081363,15218705.00
20130614,5.71,5.87,5.62,5.87,1027799,15019231.00
20130617,5.86,5.92,5.76,5.77,1205952,17728262.00
20130618,5.75,5.83,5.69,5.77,583293,8468257.00
20130619,5.77,5.77,5.59,5.60,1382274,19619300.00
20130620,5.60,5.65,5.33,5.45,2017806,27783060.00
20130621,5.37,5.41,5.21,5.38,2218458,29754492.00
20130624,5.31,5.36,5.04,5.11,2026448,26375004.00
20130625,5.04,5.26,4.86,5.21,1812634,23505898.00
20130626,5.20,5.41,5.20,5.41,1093723,14751528.00
20130627,5.36,5.53,5.21,5.21,1688947,23034860.00
20130628,5.21,5.53,5.13,5.25,1197237,16078720.00
20130701,5.20,5.53,5.20,5.48,1362364,18741660.00
20130702,5.46,5.67,5.42,5.65,1653654,23240428.00
20130703,5.66,5.76,5.57,5.66,1791910,25590934.00
20130704,5.70,5.70,5.53,5.67,1145258,16224218.00
20130705,5.67,5.67,5.47,5.48,655460,9224944.00
20130708,5.48,5.48,5.15,5.25,2967969,39700440.00
20130709,5.25,5.45,4.99,5.41,5903467,77253784.00
20130710,5.43,5.45,5.23,5.33,5258128,70842808.00
20130711,5.31,5.62,5.25,5.62,3525514,48482660.00
20130712,5.61,5.92,5.55,5.82,3625461,52917976.00
20130715,5.89,5.93,5.79,5.84,1479553,21833426.00
20130716,5.82,6.12,5.81,5.95,2263690,34200768.00
20130717,5.96,6.24,5.95,6.06,3339901,51398892.00
20130718,6.14,6.39,5.99,6.32,3899637,61501988.00
20130719,6.43,6.98,6.36,6.79,7987484,137038496.00
20130722,6.82,7.00,6.63,6.82,4167227,71284616.00
20130723,6.75,7.00,6.68,6.79,3502939,59731396.00
20130724,6.79,7.12,6.69,7.00,4118920,71018968.00
20130725,6.97,7.07,6.50,6.55,4684795,78102872.00
20130726,6.59,7.07,6.56,6.93,4982435,85441936.00
20130729,7.00,7.29,6.73,7.24,6179600,109748136.00
20130730,7.11,7.20,6.54,6.78,5775833,98308968.00
20130731,6.75,7.00,6.56,6.92,3025728,51610072.00
20130801,6.83,7.12,6.79,7.07,3186769,56026672.00
20130802,6.92,7.13,6.75,6.83,3764267,64774412.00
20130805,6.75,6.95,6.75,6.86,1901094,32584854.00
20130806,6.92,7.49,6.84,7.35,6184903,111180080.00
20130807,7.32,7.36,6.92,7.19,5762645,103083360.00
20130808,7.04,7.13,6.94,7.08,1349265,23756140.00
20130809,7.05,7.20,6.58,6.83,3992041,68580800.00
20130812,6.78,6.79,6.54,6.62,3943440,65612408.00
20130813,6.62,6.70,6.54,6.64,1883256,31230534.00
20130814,6.62,6.66,6.48,6.59,2478682,40829760.00
20130815,6.59,6.66,6.52,6.58,2124916,35049632.00
20130816,6.56,6.73,6.25,6.29,1969654,32077880.00
20130819,6.21,6.64,6.19,6.52,3896863,63707404.00
20130820,6.52,6.63,6.45,6.49,1638520,26839696.00
20130821,6.38,6.50,6.21,6.46,1808514,28993618.00
20130822,6.47,6.74,6.43,6.64,2190576,36171244.00
20130823,6.69,6.94,6.55,6.91,4235014,72046952.00
20130826,6.91,6.98,6.76,6.95,3088309,53039704.00
20130827,6.91,7.04,6.70,6.93,2476984,42502432.00
20130828,6.91,7.32,6.79,6.79,4361987,77528536.00
20130829,6.78,6.94,6.60,6.77,3323260,56114428.00
20130830,6.62,6.80,6.34,6.37,4655414,76466336.00
20130902,6.37,6.66,6.37,6.46,2915821,47869880.00
20130903,6.46,7.13,6.46,7.00,5048584,87014304.00
20130904,6.95,7.37,6.82,7.26,5092730,90964992.00
20130905,7.33,7.49,7.14,7.34,4282861,78089088.00
20130906,7.35,7.49,7.15,7.35,3648186,66374332.00
20130909,7.35,7.51,7.18,7.26,2473216,45240432.00
20130910,7.28,7.35,6.98,7.07,3784396,67152408.00
20130911,7.07,7.07,6.76,6.83,3183759,54748380.00
20130912,6.73,6.95,6.71,6.87,1853277,31891550.00
20130913,6.87,7.59,6.83,7.59,6360845,117149320.00
20130916,7.54,8.12,7.43,7.85,9789664,189450064.00
20130917,7.86,8.03,7.56,7.66,4778142,91792616.00
20130918,7.66,8.05,7.54,8.05,5314687,102850248.00
20130923,8.03,8.03,7.81,7.93,5384311,106041712.00
20130924,7.92,8.59,7.68,8.45,5877485,118490192.00
20130925,8.32,8.84,8.23,8.28,6460616,136727264.00
20130926,8.32,8.65,7.77,8.04,6283166,128273240.00
20130927,8.10,8.23,7.91,7.99,2223972,44468604.00
20130930,7.99,8.32,7.70,8.23,4976788,99788104.00
20131008,8.22,8.22,7.85,7.86,5109533,101550352.00
20131009,7.81,8.15,7.66,7.93,5973385,117592208.00
20131010,7.95,7.97,7.64,7.74,3241726,62664348.00
20131011,7.75,8.11,7.74,8.06,3460304,68200520.00
20131014,8.06,8.37,8.00,8.24,3506889,71498016.00
20131015,8.24,8.36,7.95,8.02,3100478,63185572.00
20131016,8.02,8.20,7.58,8.10,2746642,53730792.00
20131017,8.04,8.19,7.87,7.89,2170660,43074040.00
20131018,7.84,8.45,7.84,8.34,3650742,74732392.00
20131021,8.38,8.70,8.27,8.57,3850360,82193920.00
20131022,8.61,8.64,8.15,8.21,2865544,59387988.00
20131023,8.21,8.22,7.73,7.92,3550305,70294696.00
20131024,7.97,8.10,7.77,7.93,1559798,30766426.00
20131025,7.94,8.03,7.69,7.71,977672,19018080.00
20131028,7.72,7.85,7.45,7.78,1901716,36422876.00
20131029,7.71,7.86,7.14,7.53,1844807,34544556.00
20131030,7.54,7.61,7.33,7.45,1039406,19261730.00
20131031,7.45,7.66,7.29,7.50,1395010,26108642.00
20131101,7.53,7.58,7.18,7.32,2291748,41638752.00
20131104,7.33,7.49,7.25,7.47,1325581,24361944.00
20131105,7.54,7.79,7.41,7.69,1969819,37480248.00
20131106,7.69,7.85,7.50,7.50,1088881,20816058.00
20131107,7.46,7.64,7.20,7.25,1006522,18664142.00
20131108,7.20,7.34,7.00,7.06,1169106,20824748.00
20131111,7.04,7.18,7.00,7.18,445069,7887573.50
20131112,7.20,7.32,7.12,7.16,748457,13482059.00
20131113,7.09,7.26,7.01,7.01,587986,10438995.00
20131114,7.00,7.15,6.97,7.08,710285,12556221.00
20131115,7.08,7.29,7.08,7.19,1931169,34802572.00
20131118,7.20,7.59,7.08,7.56,5332869,97878624.00
20131119,7.57,7.57,7.24,7.27,3291069,60410744.00
20131120,7.25,7.28,6.97,7.10,3826609,67969832.00
20131121,7.03,7.14,6.91,7.02,2614359,45893516.00
20131122,7.02,7.20,6.91,6.97,1893144,33161798.00
20131125,6.96,7.11,6.92,6.94,3431377,60220476.00
20131126,6.93,7.00,6.85,6.95,2752592,47775228.00
20131127,6.96,7.18,6.90,7.16,3665590,65002484.00
20131128,7.16,7.46,7.14,7.37,4922604,90522448.00
20131129,7.37,7.39,7.00,7.20,5403902,96563464.00
20131202,6.91,7.03,6.63,6.75,6666419,114174368.00
20131203,6.71,6.78,6.41,6.72,2851691,47458292.00
20131204,6.66,6.95,6.63,6.71,2596511,44072420.00
20131205,6.71,7.15,6.50,6.58,3010022,49911772.00
20131206,6.53,6.72,6.49,6.61,2322386,38697164.00
20131210,7.20,7.20,6.91,7.13,5712139,100983176.00
20131211,7.05,7.87,7.00,7.87,9253460,175567328.00
20131212,7.87,8.03,7.61,7.69,7304370,143135824.00
20131213,7.64,7.84,7.54,7.64,3274084,62376120.00
20131216,7.62,7.86,7.32,7.37,5816756,109548648.00
20131217,7.46,7.62,7.29,7.62,2731125,51047936.00
20131218,7.62,7.72,7.37,7.51,3162686,59589668.00
20131219,7.45,7.86,7.44,7.68,3179383,60918568.00
20131220,7.64,7.64,7.37,7.37,3053074,57170828.00
20131223,7.42,7.49,7.20,7.37,1648815,30285624.00
20131224,7.38,7.56,7.35,7.48,1299785,24191690.00
20131225,7.42,7.66,7.42,7.62,2047068,38707868.00
20131226,7.55,7.69,7.44,7.44,1667602,31461924.00
20131227,7.38,7.65,7.37,7.50,1775470,33391332.00
20131230,7.56,7.88,7.54,7.69,2176910,41801976.00
20131231,7.70,7.84,7.64,7.71,1702878,32829846.00
20140102,7.83,8.00,7.72,7.90,2233906,43933192.00
20140103,7.87,8.10,7.77,8.07,2531418,50097264.00
20140106,8.06,8.15,7.81,7.83,2711544,53967324.00
20140107,7.75,8.05,7.61,7.99,3173789,61965588.00
20140108,8.03,8.28,7.95,8.25,4364419,88883400.00
20140109,8.21,8.49,7.99,8.04,4745932,97681416.00
20140110,7.99,8.14,7.87,8.06,2735596,54468076.00
20140113,7.98,8.12,7.83,7.90,1949816,38664384.00
20140114,7.91,8.03,7.82,8.00,1634363,32255714.00
20140115,7.99,8.17,7.90,8.15,2114553,42442100.00
20140116,8.13,8.22,7.91,7.93,2589748,52071204.00
20140117,7.84,7.97,7.69,7.75,1766201,34341652.00
20140120,7.68,7.70,7.35,7.37,3052523,56974712.00
20140121,7.37,7.60,7.36,7.54,1788696,33344126.00
20140122,7.52,7.97,7.52,7.93,3130672,61380240.00
20140123,8.19,8.76,8.09,8.43,8770812,183297648.00
20140124,8.31,8.82,8.31,8.63,7306382,155407504.00
20140127,8.57,9.28,8.55,8.79,6448873,143116560.00
20140128,8.80,9.03,8.55,8.95,3888464,85363144.00
20140129,8.86,9.04,8.77,8.89,3586505,79157936.00
20140130,8.90,9.21,8.86,8.96,3449958,77288840.00
20140207,8.86,9.13,8.85,8.99,3742338,83379112.00
20140210,8.95,9.78,8.90,9.51,5842877,135344464.00
20140211,9.45,9.66,9.20,9.32,4580087,106746136.00
20140212,9.25,10.14,9.25,10.01,5503130,132970864.00
20140213,9.85,10.02,9.50,9.53,2883297,69882360.00
20140214,9.57,10.44,9.57,10.33,3871068,95941160.00
20140217,10.32,10.72,10.21,10.34,3680018,94220920.00
20140218,10.36,10.44,10.10,10.32,2759622,70103592.00
20140219,10.24,10.48,10.08,10.19,2404065,61017556.00
20140220,10.26,10.31,9.57,9.82,3834271,93766272.00
20140221,9.75,10.31,9.60,9.94,3179171,78173336.00
20140224,9.87,9.94,9.70,9.86,2269652,55084928.00
20140225,9.93,10.70,9.30,9.40,6448788,160605328.00
20140226,9.24,9.78,9.24,9.45,8706254,205545616.00
20140227,9.55,10.21,9.45,9.70,5968529,145695616.00
20140228,9.70,10.02,9.28,9.88,5507947,129980048.00
20140303,9.83,9.94,9.49,9.61,4519247,108239776.00
20140304,9.53,9.61,9.30,9.40,1976710,46233944.00
20140305,9.44,9.48,9.15,9.29,3141572,72555256.00
20140306,9.24,9.45,8.99,9.45,3033007,69333056.00
20140307,9.45,9.67,9.33,9.50,3500373,82392712.00
20140310,9.51,9.53,9.16,9.24,3030419,70095040.00
20140311,9.23,9.47,8.96,9.09,3359670,76679824.00
20140312,9.07,9.48,8.99,9.33,2699568,62197892.00
20140313,9.41,9.88,9.28,9.81,3519044,84081520.00
20140314,9.72,9.87,9.49,9.70,2490590,59526992.00
20140317,9.82,10.25,9.65,10.06,2980203,73185024.00
20140318,10.04,10.38,9.86,10.09,3654213,92228056.00
20140319,10.09,10.09,9.78,9.98,1881977,46216172.00
20140320,9.89,10.09,9.49,9.49,2241631,54416716.00
20140321,9.45,9.82,9.33,9.74,1730194,40856668.00
20140324,9.78,10.50,9.78,10.30,3117138,78979560.00
20140325,10.41,10.85,10.31,10.48,3448995,90614744.00
20140326,10.44,10.78,10.28,10.44,2917736,76157624.00
20140327,10.44,11.33,10.44,10.98,5409078,146445808.00
20140328,10.88,11.02,10.32,10.44,4106661,107306056.00
20140331,10.36,10.48,9.63,9.84,6597678,161447024.00
20140401,9.88,10.30,9.84,10.26,3002750,74637440.00
20140402,10.26,10.38,9.67,10.12,3180194,77764712.00
20140403,10.03,10.18,9.79,9.97,2483150,60903312.00
20140404,9.88,10.36,9.88,10.14,2068905,51994972.00
20140408,10.10,10.15,9.75,9.87,2879985,70139240.00
20140409,9.92,10.07,9.86,9.94,1436748,35233192.00
20140410,9.96,10.11,9.96,10.01,1936278,47801756.00
20140411,9.92,9.94,9.40,9.64,3837133,90819272.00
20140414,9.53,9.77,9.47,9.77,1660603,39498364.00
20140415,9.73,9.82,9.69,9.78,1286628,30949602.00
20140416,9.71,9.81,9.42,9.70,1754352,41488948.00
20140417,9.67,9.80,9.65,9.77,1018161,24413126.00
20140418,9.76,10.19,9.70,10.15,1838980,45477224.00
20140421,10.10,10.14,9.97,10.13,1616579,40044204.00
20140422,10.19,10.19,9.71,9.97,1662574,40606004.00
20140423,9.97,10.26,9.70,10.00,2709615,66707560.00
20140424,9.92,9.99,9.59,9.61,2187927,52519992.00
20140425,9.61,9.68,9.27,9.30,3735345,86679696.00
20140428,9.28,9.29,8.69,8.87,2964115,65177512.00
20140429,8.82,9.06,8.70,8.95,1400491,30746910.00
20140430,8.89,9.11,8.89,8.99,1068236,23685216.00
20140505,9.03,9.50,8.99,9.28,2565085,58874652.00
20140506,9.32,9.49,9.23,9.36,2245995,52143260.00
20140507,9.32,9.43,9.17,9.31,1647191,37817980.00
20140508,9.24,9.36,8.99,9.09,1398209,31770926.00
20140509,9.11,9.18,8.70,8.86,1714568,37583404.00
20140512,8.95,9.20,8.73,9.17,1493503,33126632.00
20140513,9.11,9.32,9.10,9.25,1238074,28154128.00
20140514,9.24,9.31,9.20,9.22,568494,12988179.00
20140515,9.22,9.30,9.12,9.13,838155,18999486.00
20140516,9.11,9.15,8.73,9.03,1237132,27211404.00
20140519,9.03,9.12,8.86,9.03,1037183,23004460.00
20140520,9.06,9.44,9.06,9.24,1200070,27405906.00
20140521,9.24,9.40,9.13,9.30,702695,16132480.00
20140522,9.31,9.65,9.31,9.34,1583950,37049276.00
20140523,9.36,9.61,9.33,9.57,815154,19077620.00
20140526,9.56,9.77,9.56,9.61,1805983,43256892.00
20140527,9.58,9.61,9.32,9.36,2169059,50682836.00
20140528,9.38,9.71,9.38,9.69,1650941,39081344.00
20140529,9.72,9.73,9.53,9.63,2217416,52411528.00
20140530,9.65,9.73,9.53,9.73,1299817,30981954.00
20140603,9.74,9.87,9.66,9.78,1060830,25591682.00
20140604,9.78,10.04,9.68,9.92,1245018,30411948.00
20140605,9.89,10.24,9.89,10.18,2356619,58797756.00
20140606,10.17,10.23,9.99,10.03,1320199,32822880.00
20140609,10.03,10.23,9.97,10.21,2062166,51435856.00
20140610,10.19,10.25,9.85,10.07,2664179,65764220.00
20140611,10.07,10.12,9.86,9.89,1958255,48056208.00
20140612,9.89,10.10,9.88,9.95,1577523,39001976.00
20140613,9.97,10.09,9.88,9.91,1795308,44195008.00
20140616,9.89,10.04,9.88,10.01,1690438,41458112.00
20140617,10.00,10.06,9.82,9.87,1505655,36666772.00
20140618,9.87,9.89,9.66,9.78,1474361,35505644.00
20140619,9.74,9.94,9.48,9.59,1417921,34011684.00
20140620,9.70,9.81,9.54,9.74,935890,22420998.00
20140623,9.84,10.04,9.75,9.98,1360712,33496322.00
20140624,9.98,10.19,9.94,10.15,1810906,45162008.00
20140625,10.15,10.22,10.05,10.15,701695,17471694.00
20140626,10.19,10.22,10.09,10.11,947804,23679052.00
20140627,10.07,11.07,10.07,10.80,3329681,88045784.00
20140630,10.73,10.84,10.53,10.81,2593194,68187136.00
20140701,10.75,10.90,10.59,10.82,2026075,53647464.00
20140702,10.82,11.26,10.70,11.11,3354078,90761272.00
20140703,11.23,11.29,10.87,11.06,2748738,74913712.00
20140704,10.98,11.15,10.68,10.79,1854852,49341000.00
20140707,10.78,10.78,10.53,10.68,1338852,35006048.00
20140708,10.73,10.84,10.58,10.72,1207933,31897508.00
20140709,10.73,10.84,10.31,10.40,1852266,47779708.00
20140710,10.45,10.61,10.40,10.48,1377727,35652064.00
20140711,10.51,10.68,10.44,10.50,931271,24144088.00
20140714,10.53,10.72,10.45,10.65,1643260,42852172.00
20140715,10.66,10.82,10.59,10.67,1499036,39477116.00
20140716,10.70,10.79,10.40,10.46,1874451,48441236.00
20140717,10.44,10.54,9.98,10.16,2434865,61289980.00
20140718,10.15,10.33,10.01,10.16,1884945,47110456.00
20140721,10.16,10.22,10.00,10.11,990915,24650104.00
20140722,10.06,10.26,10.04,10.24,1399279,35061092.00
20140723,10.24,10.27,9.75,9.80,2020844,49929976.00
20140724,9.85,9.85,9.31,9.60,2908202,68502312.00
20140725,9.61,9.79,9.56,9.72,972186,23215758.00
20140728,9.74,10.09,9.69,10.02,1391143,33938556.00
20140729,10.14,10.36,10.07,10.20,2091427,52700580.00
20140730,10.19,10.25,10.05,10.20,693580,17394996.00
20140731,10.20,10.27,10.12,10.16,786510,19710598.00
20140801,10.16,10.24,10.06,10.18,1409780,35335232.00
20140804,10.18,10.23,10.02,10.14,1793579,44702804.00
20140805,10.19,10.32,10.02,10.22,1995140,49957800.00
20140806,10.22,10.57,10.19,10.55,3022037,77664896.00
20140807,10.50,10.69,10.43,10.43,1730976,45070600.00
20140808,10.43,10.54,10.36,10.41,807084,20708802.00
20140811,10.43,10.65,10.37,10.65,1406354,36363312.00
20140812,10.68,10.71,10.56,10.64,1493622,39079892.00
20140813,10.66,10.70,10.52,10.58,1371392,35779920.00
20140814,10.53,10.68,10.49,10.51,1232469,32032218.00
20140815,10.51,10.52,10.32,10.39,1581961,40462396.00
20140818,10.39,10.57,10.32,10.57,1733895,44596344.00
20140819,10.57,10.87,10.57,10.68,3133031,82679456.00
20140820,10.65,10.68,10.34,10.40,2024132,52217184.00
20140821,10.40,10.71,10.36,10.57,2999754,77947152.00
20140822,10.68,10.98,10.68,10.81,3810869,101745696.00
20140825,10.81,10.90,10.66,10.81,1982790,52737876.00
20140826,10.78,10.85,10.42,10.46,1385038,35970700.00
20140827,10.47,10.54,10.32,10.34,1504733,38572120.00
20140828,10.34,10.34,10.03,10.06,2203407,54989524.00
20140829,10.06,10.27,9.99,10.07,2572459,64068844.00
20140901,10.14,10.24,10.09,10.13,1872522,46834988.00
20140902,10.20,10.44,10.20,10.36,2891859,73415576.00
20140903,10.36,10.57,10.27,10.57,3486834,89149344.00
20140904,10.57,10.59,10.47,10.56,1791307,46401032.00
20140905,10.58,10.58,10.37,10.45,2402471,61750208.00
20140909,10.41,10.47,10.11,10.26,3340688,84205456.00
20140910,10.28,10.46,10.25,10.41,1966119,50166564.00
20140911,10.41,10.73,10.39,10.58,4015635,104463248.00
20140912,10.56,10.75,10.52,10.71,2179078,57133520.00
20140915,10.72,10.78,10.53,10.69,2591339,67830520.00
20140916,10.70,10.73,10.12,10.16,5228086,133520016.00
20140917,10.16,10.43,10.04,10.39,3910630,98520664.00
20140918,10.37,10.38,10.24,10.36,2189513,55604020.00
20140919,10.36,10.45,10.31,10.44,1810349,46362216.00
20140922,10.45,10.56,10.29,10.53,1981630,51079032.00
20140923,10.53,10.82,10.48,10.74,2273303,59559436.00
20140924,10.74,11.05,10.66,10.90,2908619,77716472.00
20140925,10.90,10.98,10.74,10.84,1518613,40541552.00
20140926,10.85,10.90,10.67,10.80,1759596,46512000.00
20140929,10.73,11.04,10.73,10.85,2819455,75339384.00
20140930,10.82,11.04,10.81,10.86,2982300,79984576.00
20141008,10.92,10.93,10.44,10.65,3167730,82512320.00
20141009,10.62,10.76,10.36,10.43,2747813,70857944.00
20141010,10.42,10.56,10.34,10.36,2197424,56351568.00
20141013,10.36,10.36,10.07,10.13,3842200,96018144.00
20141014,10.21,10.30,10.10,10.18,3039850,76335688.00
20141015,10.24,10.64,10.18,10.59,4094347,104758536.00
20141016,10.60,10.61,10.18,10.21,4088788,104212096.00
20141017,10.21,10.26,9.94,10.06,2547719,63189396.00
20141020,10.09,10.34,10.09,10.23,2374921,59841192.00
20141021,10.23,10.31,10.16,10.28,1703008,42892260.00
20141022,10.30,10.31,10.03,10.03,1675119,41953400.00
20141023,10.03,10.09,9.89,9.95,1787277,43993712.00
20141024,9.94,10.42,9.94,10.35,4274272,108162624.00
20141027,10.35,10.97,10.21,10.64,4377126,115217136.00
20141028,10.64,11.27,10.63,11.17,6212249,168790368.00
20141029,11.11,11.15,10.93,11.06,4609512,124768688.00
20141030,11.05,11.39,11.03,11.28,4493549,124300584.00
20141031,11.28,11.28,10.65,10.78,4558488,121700616.00
20141103,10.73,11.12,10.70,10.90,3065794,82559224.00
20141104,10.85,11.02,10.68,10.77,1580378,42023752.00
20141105,10.77,10.83,10.47,10.52,2991601,77866696.00
20141106,10.44,10.68,10.37,10.64,2031498,52307992.00
20141107,10.67,11.05,10.60,10.97,5346166,142750992.00
20141110,10.97,11.03,10.61,10.87,2674281,70825288.00
20141111,10.88,10.88,10.36,10.68,2893675,75443688.00
20141112,10.65,10.73,10.53,10.70,1407823,36914824.00
20141113,10.73,10.79,10.15,10.33,2602018,66522248.00
20141114,10.24,10.55,10.24,10.44,1197906,30822312.00
20141117,10.40,10.82,10.40,10.70,2256455,59346792.00
20141118,10.69,10.93,10.66,10.80,2022967,53924176.00
20141119,10.78,10.94,10.72,10.94,2090073,55717076.00
20141120,10.89,10.98,10.73,10.80,1668432,44370824.00
20141121,10.75,10.90,10.72,10.75,1097388,29058098.00
20141124,10.85,10.93,10.59,10.61,2457398,64636148.00
20141125,10.61,10.74,10.53,10.61,2342502,61172592.00
20141126,10.65,10.73,10.36,10.63,3783071,97924488.00
20141127,10.57,10.63,10.32,10.41,5478548,140398464.00
20141128,10.41,10.57,10.31,10.36,6642494,170373904.00
20141201,10.35,10.44,10.26,10.36,3709386,94434560.00
20141202,10.36,10.56,10.32,10.40,4691255,120327072.00
20141203,10.40,10.51,10.12,10.48,6031813,153075024.00
20141204,10.48,10.98,10.43,10.93,6377954,169580528.00
20141209,10.93,11.19,10.16,10.31,11023487,289374912.00
20141210,10.32,11.22,10.32,11.08,7439381,199155312.00
20141211,11.22,11.27,10.86,11.09,5221096,141230272.00
20141212,11.13,11.81,10.98,11.74,6974959,194848672.00
20141215,11.71,12.56,11.61,12.32,8809140,264894032.00
20141216,12.25,12.45,12.15,12.36,5202454,157246176.00
20141217,12.31,12.60,12.05,12.25,3655015,110416360.00
20141218,12.17,12.35,12.13,12.28,1648828,49551028.00
20150318,13.53,13.53,13.53,13.53,24556,813540.25
20150319,14.90,14.90,14.90,14.90,80798,2944279.00
20150320,16.42,16.42,16.42,16.42,741750,29729340.00
20150323,18.08,18.08,18.08,18.08,751766,33145362.00
20150324,19.91,19.91,19.91,19.91,852925,41366864.00
20150325,21.93,21.93,21.93,21.93,1642744,87640392.00
20150326,24.15,24.15,24.15,24.15,22423978,1316063232.00
20150327,24.28,25.11,22.82,24.19,33084175,1917947136.00
20150330,24.28,24.32,21.75,21.75,18924847,1040277312.00
20150331,22.06,23.95,22.05,23.67,23694407,1338247936.00
20150401,23.17,23.96,22.40,23.57,13376772,754707584.00
20150402,23.25,25.95,22.68,25.52,20537941,1234492032.00
20150403,24.91,26.15,24.55,24.96,11020027,670834240.00
20150407,24.75,24.82,23.74,24.28,14886196,869565632.00
20150408,25.73,25.73,23.86,24.03,13679676,819495104.00
20150409,23.86,23.86,21.65,23.02,11776488,650756992.00
20150410,23.24,23.78,22.61,23.04,9286107,522173920.00
20150413,22.90,24.11,22.66,22.91,16207158,915337152.00
20150414,22.95,25.22,22.66,24.69,16709136,973669760.00
20150415,24.51,24.98,22.20,22.20,15789929,887940160.00
20150416,21.82,23.97,21.58,23.03,13251688,745912448.00
20150417,23.03,23.15,21.93,22.14,9808939,532251904.00
20150420,21.78,21.78,20.70,20.91,9541370,495591296.00
20150421,20.77,22.48,20.77,22.36,10137337,536905472.00
20150422,22.61,23.43,22.41,23.19,8529384,479363776.00
20150423,22.99,23.24,22.49,23.04,5827045,324209440.00
20150424,22.70,24.19,22.54,24.01,9610881,546358976.00
20150427,25.44,26.44,24.52,26.44,17578211,1116744448.00
20150428,25.95,26.94,23.77,24.48,14252808,869412160.00
20150429,24.69,26.95,23.86,26.95,14741860,929555840.00
20150430,27.02,29.68,27.02,29.67,14393580,1009891456.00
20150504,28.80,31.13,27.58,28.77,12237401,880701632.00
20150505,28.84,29.51,27.31,27.46,8081445,551040448.00
20150506,27.47,30.23,27.47,28.64,12794346,910275712.00
20150507,28.26,29.84,27.91,28.84,7503364,525578496.00
20150508,29.63,30.44,27.97,29.61,11750312,836147392.00
20150511,28.89,31.75,28.70,31.48,11823375,864911040.00
20150512,31.34,32.43,30.04,31.09,9118058,689032832.00
20150513,29.68,31.29,29.38,29.74,8050571,588836800.00
20150514,29.26,29.72,26.77,28.55,7326469,513903488.00
20150515,27.60,29.38,27.47,29.18,7288834,498459136.00
20150518,29.61,30.24,28.67,28.94,7333386,521253632.00
20150519,29.33,31.86,28.11,31.86,11770690,856749824.00
20150520,31.86,33.83,31.35,31.82,9529405,750656832.00
20150521,31.42,32.38,31.02,31.79,6938455,532426816.00
20150522,31.75,32.53,29.68,30.09,11300789,843200256.00
20150525,29.18,29.51,28.00,28.84,8603370,599345664.00
20150526,28.84,30.87,28.73,30.46,6643228,485074624.00
20150527,30.57,33.49,29.74,33.02,10355521,795547968.00
20150528,33.02,35.55,31.94,32.65,10901444,893896960.00
20150529,32.82,35.93,31.29,35.93,11836545,1001422464.00
20150601,37.51,39.54,35.92,39.53,10262562,942427584.00
20150602,39.57,40.49,38.05,39.33,9223527,873022144.00
20150603,38.96,39.04,35.97,38.00,11405505,1042235904.00
20150604,37.63,38.05,34.19,35.42,10881872,943979200.00
20150605,36.00,38.46,35.36,35.97,8913273,793896832.00
20150608,35.28,35.35,32.56,34.43,7815303,636435776.00
20150609,33.93,35.26,33.06,33.87,6384216,526213216.00
20150610,33.77,35.39,33.27,34.90,6905151,572058112.00
20150611,35.61,35.67,33.65,34.02,6707014,554500224.00
20150612,34.31,34.88,32.98,34.35,7703352,629205312.00
20150615,34.68,34.72,31.77,32.64,7628111,611754560.00
20150616,32.24,32.24,29.83,30.28,6301080,469783520.00
20150617,30.45,32.14,29.65,31.59,5286435,396693184.00
20150720,28.42,28.42,28.42,28.42,622400,42833568.00
20150721,25.56,28.02,25.56,26.21,28724917,1828873728.00
20150722,25.59,27.49,25.38,26.88,14451128,932814848.00
20150723,27.24,27.86,26.37,27.04,8859087,581626048.00
20150724,27.12,28.78,26.91,27.45,11007058,736888640.00
20150727,27.45,29.18,24.69,24.69,13559136,901477056.00
20150728,24.19,25.17,22.26,24.06,16491523,953458880.00
20150729,24.70,25.16,22.18,24.87,9991242,574751168.00
20150730,25.17,26.21,23.72,23.80,8623661,528239104.00
20150731,23.32,24.13,23.32,23.89,6722556,385848416.00
20150803,23.12,23.58,22.47,23.58,10840816,599376640.00
20150804,23.49,25.43,23.47,25.43,6704250,394353216.00
20150805,25.48,26.32,25.17,26.21,7785180,487243808.00
20150806,26.76,27.49,26.24,26.62,7356343,480655776.00
20150807,26.79,27.20,25.65,26.91,8211364,528256384.00
20150810,27.15,28.08,26.83,27.74,9100672,603500864.00
20150811,27.74,28.89,27.08,27.66,9140342,616049280.00
20150812,26.81,26.82,24.91,24.92,11430477,719884608.00
20150813,24.34,25.46,24.33,24.91,7116781,426600704.00
20150814,25.37,26.00,25.25,25.38,6626824,412200512.00
20150817,25.58,25.58,24.17,24.68,4928699,295988928.00
20150818,24.82,25.29,22.19,22.39,6581750,383106560.00
20150819,22.12,22.76,20.20,22.17,8216367,434016160.00
20150820,21.97,22.77,21.43,21.85,5582499,298759776.00
20150821,21.43,21.71,19.67,19.69,5955426,296173664.00
20150824,18.61,18.94,17.71,17.71,3775015,164474128.00
20150825,15.95,16.78,15.92,15.92,10296516,404244192.00
20150826,15.99,16.57,14.55,14.99,12006080,459487936.00
20150827,15.41,16.51,15.41,16.51,14730493,584961088.00
20150828,16.86,18.18,16.86,18.18,14657216,623222784.00
20150831,18.11,18.43,17.17,17.37,9862173,423479616.00
20150901,16.80,17.03,15.62,15.62,13463845,221085728.00
20150902,14.83,17.20,14.44,17.20,29498758,492063744.00
20150907,17.61,18.41,17.33,17.93,21948076,396036320.00
20150908,17.58,19.74,17.44,19.74,20336030,384122720.00
20150909,20.10,21.02,19.76,20.38,22800730,470889568.00
20150910,19.77,21.00,19.63,20.18,16951933,350099200.00
20150911,20.05,20.65,19.09,19.91,18366638,366082208.00
20150914,19.82,20.77,17.90,18.05,22446569,438250784.00
20150915,17.73,19.50,17.20,18.55,25055498,465056032.00
20150916,18.63,20.42,18.59,20.40,31021991,609575360.00
20150917,20.73,21.83,20.23,20.23,29578407,628377536.00
20150918,20.63,21.16,20.07,20.72,16656173,347444128.00
20150921,20.63,22.81,20.43,22.81,24983386,558287296.00
20150922,23.13,23.28,22.06,22.28,22403429,510072704.00
20150923,21.83,22.90,21.56,22.12,17472612,392082560.00
20150924,22.33,23.23,22.31,22.68,14437926,331243584.00
20150925,22.62,22.62,20.89,21.17,14493758,315964768.00
20150928,21.17,23.02,21.17,22.68,14991737,337727712.00
20150929,22.28,23.82,22.19,22.73,19818394,458159328.00
20150930,22.72,23.28,21.99,22.41,11454726,260658624.00
20151008,23.49,23.71,22.73,23.28,16851464,394018496.00
20151009,23.20,23.43,22.63,23.10,10991952,254562048.00
20151012,23.10,24.23,22.97,24.02,17681751,422130912.00
20151013,23.78,23.93,23.19,23.69,14390777,340891648.00
20151014,23.15,23.50,22.73,22.78,13627568,316409664.00
20151015,23.20,24.73,22.93,24.39,19582132,470462272.00
20151016,24.68,26.22,24.64,24.94,22619634,573978112.00
20151019,25.01,25.23,23.93,24.25,17815901,438814048.00
20151020,24.04,25.21,23.90,24.82,13153215,327134400.00
20151021,24.82,24.83,22.32,22.33,18523340,440083328.00
20151022,22.33,23.62,22.33,23.55,17956715,418089536.00
20151023,23.54,24.33,23.16,24.22,14734844,352886336.00
20151026,24.35,24.59,23.73,24.47,11000068,268093872.00
20151027,24.03,24.60,22.95,24.13,15206274,364154944.00
20151028,24.10,25.02,23.54,23.93,14294660,351061248.00
20151029,23.78,24.13,23.13,23.62,9389146,224133408.00
20151030,23.73,24.31,23.08,23.71,10562921,252788352.00
20151102,23.08,24.42,22.84,23.62,10676953,255923632.00
20151103,23.52,23.83,22.45,22.65,12513126,289122944.00
20151104,22.68,24.03,22.68,23.96,13111178,311412640.00
20151105,24.03,26.37,23.83,26.37,29763669,777714176.00
20151106,26.37,29.02,26.24,29.02,33767149,948757248.00
20151109,28.51,31.93,28.29,30.08,36209904,1102816640.00
20151110,30.17,32.40,29.40,31.45,22431088,696398464.00
20151111,30.83,31.95,30.35,31.38,14958891,468463360.00
20151112,31.81,31.81,29.52,30.56,25230785,766427968.00
20151113,29.81,30.48,28.42,28.73,21118308,621605248.00
20151118,30.83,31.43,29.63,30.54,34423884,1057212864.00
20151119,30.19,32.39,29.53,32.08,23117863,727825664.00
20151120,32.09,32.31,30.96,31.50,18416488,584485504.00
20151126,32.81,33.39,30.83,30.88,19641772,629572544.00
20151127,30.43,30.68,28.51,29.13,16008391,477061344.00
20151130,29.63,29.63,26.84,28.39,16077660,453063040.00
20151201,28.36,29.29,27.83,28.83,10859305,313880960.00
20151202,28.63,28.82,26.83,27.63,10024335,280834496.00
20151203,27.94,29.16,27.56,28.83,12495185,357030720.00
20151204,28.72,29.43,28.40,28.62,9720912,281996960.00
20151207,28.35,31.23,28.27,30.47,14349680,435010304.00
20151208,30.52,30.52,29.44,29.78,10527188,315566592.00
20151209,29.62,29.95,28.83,29.13,9747485,287527040.00
20151210,29.01,30.08,28.65,29.77,8422300,249918528.00
20151211,29.53,29.98,28.43,28.82,9170156,267546576.00
20151214,28.03,28.91,27.43,28.78,11412404,322969376.00
20151215,28.98,30.45,28.93,29.82,12508880,377698432.00
20151216,29.93,30.43,29.54,29.65,6581749,197864816.00
20151217,29.93,32.20,29.93,30.83,16256153,512236096.00
20151218,31.18,32.83,30.70,31.73,16205100,516647968.00
20151221,31.59,31.94,31.18,31.43,11250717,355106496.00
20151222,31.23,31.74,30.63,31.23,10807633,337156000.00
20151223,31.24,31.43,30.63,30.83,10489592,326168096.00
20151224,30.33,31.01,29.79,30.83,7694549,234357552.00
20151225,30.82,32.13,30.60,30.93,12066482,378527968.00
20151228,31.21,31.21,30.00,30.00,12654227,389154016.00
20151229,30.03,30.81,29.23,29.82,11050592,330053408.00
20151230,29.81,30.02,29.02,29.29,10973257,323739392.00
20151231,29.30,29.68,28.11,28.13,15807125,452758304.00
20160104,27.99,28.03,25.83,25.90,10582738,287073248.00
20160105,24.85,26.53,23.73,24.73,23253490,587911936.00
20160106,24.93,25.72,24.83,25.47,16634542,424510912.00
20160107,24.83,24.93,22.91,22.92,3540000,84120728.00
20160108,22.88,25.08,22.75,24.24,22846449,551055744.00
20160111,23.66,25.28,23.38,23.53,23212764,571038144.00
20160112,23.93,25.08,23.44,24.68,17188836,417137728.00
20160113,24.93,25.82,23.82,24.05,15998919,402577472.00
20160114,22.88,25.63,22.88,25.34,14198775,349434912.00
20160115,24.87,25.91,24.73,25.08,12846267,326876352.00
20160118,24.73,26.30,24.51,25.88,11479371,297487808.00
20160119,25.63,26.59,25.30,26.08,15732000,412193440.00
20160120,25.98,26.19,24.73,25.40,16128362,414495456.00
20160121,24.75,25.32,23.49,23.63,11070554,274229312.00
20160122,23.83,24.22,22.83,23.82,8666248,205634896.00
20160125,24.03,24.93,23.83,24.01,7634701,187136960.00
20160126,24.03,24.51,21.73,21.78,13399314,314570304.00
20160127,21.78,22.28,20.01,22.17,12630788,270326720.00
20160128,21.52,22.85,21.18,21.63,8943285,199409760.00
20160129,21.93,23.22,21.65,22.93,8549002,194329264.00
20160201,22.91,24.83,22.63,24.31,14221232,343522720.00
20160202,24.32,25.81,24.13,25.38,10593884,270077728.00
20160203,24.83,25.63,24.63,25.33,7621917,193625712.00
20160204,25.36,27.81,25.36,26.82,11394466,308977408.00
20160205,26.61,27.13,26.28,26.48,5824394,155798576.00
20160215,25.88,27.52,25.49,26.81,9490360,255510080.00
20160216,27.18,27.58,26.49,26.68,11444610,309563552.00
20160217,26.63,26.63,25.94,26.62,10580056,279915936.00
20160218,26.78,26.80,25.30,26.03,14851225,385761568.00
20160219,25.78,25.92,25.33,25.58,9897056,254870160.00
20160222,26.01,26.11,25.35,25.98,11100112,288061920.00
20160223,25.98,27.03,25.73,26.78,15053631,399058304.00
20160224,26.46,26.98,25.53,26.18,12294365,323113856.00
20160225,25.83,25.99,23.55,23.55,13824403,341125472.00
20160226,23.43,23.93,22.05,22.62,15038825,348596384.00
20160229,22.63,23.84,21.33,22.13,19640192,447443552.00
20160301,22.11,23.79,22.02,23.63,15436145,359085312.00
20160302,23.62,24.62,23.54,24.52,11445480,278067200.00
20160303,26.68,26.68,25.14,25.35,13947832,360228448.00
20160304,25.28,25.86,23.64,23.92,13962823,343893952.00
20160307,24.18,25.02,23.53,24.03,9818736,239878080.00
20160308,23.84,25.43,22.43,25.41,14148492,344409120.00
20160309,24.82,25.99,24.38,25.01,11598517,296379872.00
20160310,24.85,25.57,24.13,24.20,6772395,169233328.00
20160311,23.83,24.71,23.69,24.11,4611248,112326184.00
20160314,24.71,26.11,24.66,25.74,11351420,292367872.00
20160315,25.42,26.66,25.42,26.00,13059589,344202816.00
20160316,26.00,26.33,25.16,25.43,7618807,196854000.00
20160317,25.54,27.81,25.54,27.62,18481305,501804032.00
20160318,27.64,28.58,27.33,28.20,22565067,634652480.00
20160321,28.41,28.58,27.55,28.09,15908693,446927648.00
20160322,27.83,28.25,27.49,27.93,13185311,368647072.00
20160323,27.66,28.55,27.52,27.94,12624513,355638176.00
20160324,27.53,27.81,26.90,27.07,10173459,280658240.00
20160325,27.09,27.76,26.54,27.18,11807692,322529248.00
20160328,27.29,27.93,27.11,27.19,8602554,238431680.00
20160329,27.13,28.25,26.83,26.83,14364394,398004064.00
20160330,27.18,27.91,26.93,27.63,10776669,297970368.00
20160331,28.08,29.71,28.05,29.09,21034029,615071744.00
20160401,29.03,29.38,27.85,29.03,11067700,317824672.00
20160405,29.00,29.61,28.54,29.50,9707746,285219040.00
20160406,29.43,29.43,28.33,28.65,13429974,388322944.00
20160407,28.70,28.80,27.55,27.59,11826803,331645056.00
20160408,27.40,28.10,27.03,28.05,9773367,269583040.00
20160411,28.21,29.20,27.81,28.31,20126699,575661952.00
20160412,28.04,28.09,27.23,27.63,8541187,235990672.00
20160413,27.80,28.55,27.80,27.91,12003729,340379360.00
20160414,28.88,29.40,28.21,28.65,17344495,501644480.00
20160415,28.25,28.32,27.65,27.95,13444026,376073408.00
20160418,28.26,29.20,27.87,28.94,19667183,564472192.00
20160419,29.00,29.09,28.00,28.61,13492088,386461568.00
20160420,28.58,28.58,26.16,27.17,21595825,591989184.00
20160421,26.58,27.47,26.20,26.30,10006575,270099872.00
20160422,26.25,26.84,26.06,26.75,8305747,220238320.00
20160425,26.45,26.69,25.80,26.49,7542280,198693936.00
20160427,27.10,27.81,26.80,26.95,12505490,343652544.00
20160428,26.93,27.28,26.70,27.13,6809219,184826256.00
20160429,26.98,27.61,26.95,27.20,8752175,240437152.00
20160503,27.49,27.78,26.93,27.71,12616169,347853792.00
20160504,27.59,28.00,27.52,27.60,8750428,244243712.00
20160505,27.69,27.90,27.41,27.83,6059094,168098480.00
20160506,27.83,27.98,26.42,26.43,9928849,269828096.00
20160509,26.00,26.45,25.30,25.50,10863098,282424032.00
20160510,25.59,26.29,25.59,26.05,6923108,181009520.00
20160511,25.97,26.28,25.51,25.74,7563210,196675424.00
20160512,25.52,25.66,25.00,25.42,8007452,203581760.00
20160513,25.42,25.94,25.02,25.40,4758154,122191592.00
20160516,25.20,25.78,25.10,25.65,8388878,215208480.00
20160517,25.45,25.90,25.28,25.66,7722666,198506192.00
20160518,25.50,25.50,24.68,24.72,6693482,167734000.00
20160519,25.10,25.46,24.82,24.95,9435844,238007536.00
20160520,24.64,25.00,24.48,24.95,6611170,163817536.00
20160523,25.02,25.65,25.02,25.53,8056866,205444784.00
20160524,25.35,25.41,24.98,25.13,5178416,130924640.00
20160525,25.37,25.65,24.79,24.94,6150987,156022576.00
20160526,24.81,24.93,23.90,24.73,7238892,177254592.00
20160527,24.40,24.85,24.31,24.52,4838986,119177840.00
20160530,24.48,24.48,23.94,23.98,5555648,135024256.00
20160531,23.98,25.00,23.97,24.99,15837921,391218848.00
20160601,24.98,25.35,24.82,24.93,12991807,327061280.00
20160602,24.80,25.05,24.65,25.03,8262022,206037232.00
20160603,24.96,25.88,24.88,25.60,14119478,360483520.00
20160606,25.78,25.80,25.07,25.15,12889348,326776352.00
20160607,25.12,25.35,24.94,25.13,6056583,152687888.00
20160608,25.20,25.20,24.54,24.76,7993877,199436928.00
20160613,24.27,24.47,23.60,23.60,10120071,245256016.00
20160614,23.40,23.90,23.40,23.53,6587057,156729440.00
20160615,23.34,24.34,23.23,23.90,11679453,280685344.00
20160616,23.80,24.04,23.40,23.42,12010936,286273664.00
20160617,23.57,24.14,23.57,23.71,8202638,196543824.00
20160620,23.73,23.85,23.25,23.52,4915516,115652480.00
20160622,23.90,24.46,23.90,24.23,11158916,270950304.00
20160623,24.10,24.25,23.85,23.97,6725652,161885136.00
20160624,24.02,24.38,23.10,24.02,9274043,223532448.00
20160627,23.81,24.48,23.75,24.40,9241489,224501280.00
20160628,24.20,25.45,24.12,25.16,16669564,414403168.00
20160629,25.07,25.39,24.84,24.98,8965261,225807344.00
20160630,24.87,25.07,24.70,24.81,6917394,172739488.00
20160701,24.82,25.55,24.82,24.98,9621420,243258928.00
20160704,24.82,25.10,24.71,25.01,9730698,243670800.00
20160705,25.05,25.07,24.70,24.72,9373423,233231120.00
20160706,24.73,24.88,24.38,24.42,10984657,270584832.00
20160707,24.42,24.87,24.22,24.53,9465984,233929456.00
20160708,24.69,24.69,24.13,24.17,10985215,267826288.00
20160711,24.20,24.38,23.94,24.13,9017389,218217376.00
20160712,24.10,24.43,23.81,24.37,10309741,249529296.00
20160713,24.44,25.38,24.21,25.06,21164209,527642752.00
20160714,25.10,25.24,24.14,24.29,23951257,585664000.00
20160715,24.33,24.44,23.90,24.10,12294876,296971296.00
20160718,23.96,24.19,23.62,23.98,9963184,239545152.00
20160719,23.85,24.06,23.78,24.00,7321042,175775680.00
20160720,24.08,24.30,24.00,24.11,10454592,253693856.00
20160721,24.00,24.18,23.80,23.91,10065118,242007248.00
20160722,23.93,23.98,23.70,23.73,7782615,186333440.00
20160725,23.70,24.04,23.60,23.72,6006428,143580272.00
20160726,23.72,23.95,23.72,23.90,5283783,126467992.00
20160727,23.95,23.98,22.43,23.00,14526227,338466528.00
20160728,23.00,23.10,22.55,22.78,8626264,197880784.00
20160729,22.62,23.09,22.61,22.78,5688091,130805760.00
20160801,22.68,23.24,22.20,23.23,12068059,274690016.00
20160802,23.10,23.37,22.95,23.23,5444278,126698416.00
20160803,23.05,23.16,22.85,23.02,6341748,146317760.00
20160804,23.00,23.18,22.87,23.04,4004280,92668784.00
20160805,23.15,23.15,22.77,22.78,4482756,103101024.00
20160808,22.68,22.98,22.31,22.89,5808250,132010232.00
20160809,22.83,23.26,22.81,23.10,5123648,118845680.00
20160810,23.20,23.35,22.99,23.00,5243139,121880704.00
20160811,23.05,23.78,22.97,23.28,11431404,269102368.00
20160812,23.27,23.70,23.13,23.52,7096662,166866016.00
20160815,23.52,24.11,23.31,24.07,16552971,396938112.00
20160816,24.17,24.24,23.98,24.18,9073960,219619472.00
20160817,24.10,24.15,23.81,23.86,8787956,211276176.00
20160818,23.81,24.03,23.66,23.88,7458325,178228224.00
20160819,23.79,24.10,23.62,23.90,8388771,201707872.00
20160822,23.92,24.25,23.75,24.06,9842529,238114816.00
20160823,24.06,24.10,23.79,23.89,5376326,129093960.00
20160824,23.92,24.24,23.80,24.18,10913258,264164064.00
20160825,24.08,24.09,23.40,23.76,10792215,256989728.00
20160826,23.75,24.02,23.60,23.76,6028143,144213744.00
20160829,23.76,24.19,23.75,23.91,10173190,245102576.00
20160830,23.87,24.06,23.60,23.70,6404700,152826016.00
20160831,23.70,23.87,23.62,23.82,4529114,107988512.00
20160901,23.89,24.28,23.79,23.92,9677629,233646752.00
20160902,23.97,24.18,23.60,23.73,10213876,244832528.00
20160905,23.89,23.99,23.65,23.68,7830877,187289344.00
20160906,23.70,23.95,23.10,23.91,12775307,302700224.00
20160907,24.00,24.10,23.74,23.86,8718293,209490112.00
20160908,23.90,23.99,23.68,23.83,4485453,107294888.00
20160909,23.89,24.09,23.72,24.02,8148849,195976864.00
20160912,23.80,24.79,23.59,24.31,24189924,591498112.00
20160913,24.37,25.10,24.20,24.58,21357834,530390656.00
20160914,24.44,24.84,24.34,24.43,11631851,286975648.00
20160919,24.70,24.97,24.30,24.70,11393496,282024064.00
20160920,24.70,25.08,24.56,24.97,11526519,287854080.00
20160921,24.98,25.55,24.90,25.43,15317814,389799744.00
20160922,25.52,25.69,25.11,25.14,11471702,291073312.00
20160923,25.10,25.25,24.70,24.75,9539186,238422416.00
20160926,24.60,25.00,24.15,24.25,9892427,244707984.00
20160927,24.37,24.74,24.18,24.52,7555978,185526208.00
20160928,24.57,24.68,24.29,24.48,5972229,147114512.00
20160929,24.41,24.58,24.12,24.14,7920132,193623552.00
20160930,24.19,24.41,24.13,24.40,5088474,124166296.00
20161010,24.90,25.00,24.50,24.98,9240738,230125088.00
20161011,25.30,25.67,25.12,25.31,16776300,427986816.00
20161012,25.28,25.51,24.93,25.13,8177791,206346608.00
20161013,25.18,25.54,24.94,25.41,8691622,220492832.00
20161014,25.33,25.33,24.94,25.10,5939545,149758080.00
20161017,25.00,25.28,24.58,24.58,6973013,174645840.00
20161018,24.65,24.95,24.46,24.83,8227649,203955600.00
20161019,24.84,24.91,24.50,24.67,7250826,179382624.00
20161020,24.67,24.71,24.40,24.45,6066704,149635312.00
20161021,24.45,24.55,24.04,24.43,7639825,186287152.00
20161024,24.34,24.77,24.33,24.60,7405563,182800112.00
20161025,24.60,24.65,24.33,24.40,5164714,126559008.00
20161026,24.53,24.56,24.13,24.35,7382601,180209040.00
20161027,24.30,24.45,24.25,24.40,3151646,77140072.00
20161028,24.35,24.67,24.30,24.52,5939358,146242160.00
20161031,24.49,24.66,24.13,24.55,5484035,134244464.00
20161101,24.55,24.60,24.18,24.40,8703332,212662720.00
20161102,24.26,24.40,24.01,24.25,6270448,152355296.00
20161103,24.18,24.43,24.02,24.34,8749725,212900432.00
20161104,24.30,25.08,24.28,25.02,15078607,376696512.00
20161107,24.90,24.99,24.52,24.61,6532746,161854464.00
20161108,24.81,25.18,24.60,24.91,7572088,189792096.00
20161109,24.91,25.38,24.63,24.84,9593880,240904960.00
20161110,25.35,25.42,24.82,25.06,9024514,227087984.00
20161111,25.06,25.14,24.62,24.62,8729006,217390032.00
20161114,24.60,24.95,24.03,24.40,12706684,312471712.00
20161115,24.32,24.57,24.24,24.56,6520215,159751008.00
20161116,24.56,24.77,24.43,24.46,5845894,144333568.00
20161117,24.46,24.51,24.15,24.20,6134537,149585472.00
20161118,24.19,24.35,24.12,24.15,4672111,113728920.00
20161121,24.15,24.27,24.01,24.08,6382620,154353728.00
20161122,24.08,24.25,24.03,24.20,6556629,158748448.00
20161123,24.21,24.22,22.78,23.04,34469983,800503744.00
20161124,22.95,23.02,22.71,22.79,12514612,287382464.00
20161125,22.81,22.95,22.71,22.89,8833872,202618240.00
20161128,22.97,22.97,22.58,22.60,14010886,319641248.00
20161129,22.69,22.74,22.55,22.62,5968192,135703456.00
20161130,22.63,22.90,22.59,22.70,9833923,224584368.00
20161201,22.69,22.91,22.59,22.88,8583443,196746832.00
20161202,22.82,22.86,22.47,22.57,7834651,177782448.00
20161205,22.45,22.64,22.12,22.20,8040391,180503360.00
20161206,22.24,22.42,22.16,22.23,6315358,141254768.00
20161207,22.26,22.42,22.19,22.31,5071340,113516000.00
20161208,22.32,22.37,22.18,22.19,3701956,82730680.00
20161209,22.20,22.29,21.40,21.70,12489708,272696160.00
20161212,21.60,21.69,20.30,20.50,14333028,302337600.00
20161213,20.50,20.85,20.11,20.77,9974150,206467712.00
20161214,20.60,20.75,20.23,20.23,5806666,119475072.00
20161215,20.25,20.45,19.90,20.16,9296723,188496064.00
20161216,20.15,21.18,20.15,20.90,11412615,238963664.00
20161219,20.90,20.95,20.70,20.79,3183110,66555220.00
20161220,20.77,20.87,20.60,20.68,3126333,65099476.00
20161221,20.85,21.52,20.85,21.03,6150412,130773784.00
20161222,21.08,21.08,20.77,20.80,4700507,98584184.00
20161223,20.76,20.89,20.56,20.71,3782594,78590000.00
20161226,20.69,20.86,20.32,20.75,5126992,105945664.00
20161227,20.77,20.98,20.67,20.78,3970503,83303048.00
20161228,20.75,20.93,20.57,20.58,5370404,111683336.00
20161229,20.59,20.87,20.45,20.74,6090845,126553552.00
20161230,20.73,21.00,20.64,20.84,7614737,158925120.00
20170103,20.85,21.01,20.71,20.89,5634878,117935856.00
20170104,20.87,21.48,20.82,21.38,9613469,205737664.00
20170105,21.40,21.42,21.04,21.11,6113656,130083296.00
20170106,21.05,21.11,20.79,20.89,4911917,103215952.00
20170109,20.94,20.99,20.75,20.95,3321197,69785200.00
20170110,21.00,21.07,20.79,21.02,4006324,84334024.00
20170111,20.90,21.06,20.83,20.90,3963620,83364120.00
20170112,20.90,20.96,20.45,20.45,5341812,110729320.00
20170113,20.43,20.55,20.03,20.07,4253757,86462920.00
20170116,20.09,20.09,18.05,19.31,10001949,196590240.00
20170117,19.35,19.83,19.27,19.68,8118246,159007408.00
20170118,19.60,19.60,19.36,19.43,3962968,77617344.00
20170119,19.55,19.86,19.49,19.52,5070289,100335304.00
20170120,19.64,20.05,19.55,19.90,4837682,96516760.00
20170123,20.00,20.26,19.88,20.10,4698463,95157304.00
20170124,20.09,20.10,19.90,19.93,2055362,41264316.00
20170125,20.00,20.29,19.90,20.18,4329843,87712752.00
20170126,20.24,20.61,20.16,20.55,5354030,110156000.00
20170203,20.80,20.87,20.51,20.70,3725741,77434576.00
20170206,20.60,20.89,20.60,20.88,4428383,92555608.00
20170207,20.85,20.98,20.72,20.84,3559765,74481912.00
20170208,20.80,20.88,20.49,20.73,4143137,86065328.00
20170209,20.79,20.80,20.57,20.66,3327171,69032456.00
20170210,20.88,20.88,20.46,20.54,2845260,58924172.00
20170213,20.69,20.69,20.36,20.56,5154631,106415824.00
20170214,20.60,20.64,20.45,20.54,2637557,54417208.00
20170215,20.54,20.62,20.31,20.40,3349579,68890960.00
20170216,20.42,20.48,20.25,20.28,3940226,80642952.00
20170217,20.31,20.35,19.94,19.96,4852504,98301424.00
20170220,19.98,20.25,19.89,20.01,4244529,85410568.00
20170221,20.10,20.70,20.08,20.58,8520452,175414336.00
20170222,20.65,20.72,20.44,20.60,5356354,110893672.00
20170223,20.68,20.74,20.41,20.53,3196275,65928116.00
20170224,20.54,21.14,20.52,20.90,10242792,215611616.00
20170227,20.91,21.50,20.83,21.25,9879311,210822160.00
20170228,21.01,21.48,21.01,21.17,8881772,189657280.00
20170301,21.30,21.77,21.20,21.40,14526104,314524608.00
20170302,21.38,21.52,20.98,21.10,8927782,189886128.00
20170303,21.00,21.29,20.87,21.15,6213093,131595136.00
20170306,21.25,21.63,21.20,21.38,8235245,177169840.00
20170307,21.44,22.08,21.39,21.97,13509201,295773216.00
20170308,22.20,22.29,21.38,21.40,14171104,309387968.00
20170309,21.39,21.39,20.82,21.05,12363448,260834624.00
20170310,21.00,21.25,20.93,21.00,8374098,177019488.00
20170313,21.10,21.85,20.98,21.60,13190599,285242432.00
20170314,21.30,21.30,19.95,20.15,38393383,788963136.00
20170315,20.10,20.10,19.56,19.77,18742000,373241952.00
20170316,19.81,20.02,19.80,19.85,9945879,198814880.00
20170317,19.89,20.10,19.75,19.77,7696827,153910576.00
20170320,19.80,19.89,19.45,19.65,10316946,203157728.00
20170321,19.67,19.78,19.57,19.74,6157738,121940120.00
20170322,19.68,20.05,19.59,19.82,11935017,237932864.00
20170323,19.82,19.91,19.60,19.80,10934906,217516512.00
20170324,19.81,19.92,19.73,19.85,5728723,114157664.00
20170327,19.89,20.12,19.88,19.96,7432228,149423920.00
20170328,19.97,20.02,19.56,19.56,10248707,202698960.00
20170329,19.58,19.65,19.21,19.33,9326669,181333440.00
20170330,19.30,19.40,19.11,19.13,7931943,153209424.00
20170331,19.13,19.44,19.12,19.42,5888797,114524960.00
20170405,19.45,19.57,19.28,19.49,8269459,161517648.00
20170406,19.50,20.17,19.45,19.98,12695194,253434368.00
20170407,19.90,20.25,19.84,19.93,10592282,213555872.00
20170410,20.04,20.09,19.80,19.88,5595782,111507880.00
20170411,19.98,20.08,19.67,20.04,6237748,123898512.00
20170412,20.04,20.17,19.86,20.00,5585437,111840712.00
20170413,20.02,20.02,19.70,19.82,4022174,79753816.00
20170414,19.79,19.82,19.40,19.52,4913358,95901240.00
20170417,19.52,19.65,19.41,19.44,3105013,60630896.00
20170418,19.57,19.60,19.42,19.42,4096760,80014144.00
20170419,19.39,19.70,18.90,19.67,8240854,158742464.00
20170420,19.59,19.73,19.34,19.44,4346788,85033976.00
20170421,19.40,19.76,19.29,19.36,3727186,72792376.00
20170424,19.35,19.49,18.98,19.44,4429347,85085000.00
20170425,19.42,20.15,19.41,20.00,8438276,167235824.00
20170426,19.89,20.05,19.71,19.89,4616355,91805032.00
20170427,19.80,20.11,19.42,19.93,7380831,146366544.00
20170428,19.93,20.36,19.85,20.14,8285208,167279216.00
20170502,20.15,20.45,20.02,20.26,6971285,141492128.00
20170503,20.21,20.22,19.84,20.10,5154959,103197856.00
20170504,20.00,20.22,19.85,20.06,5015646,100417216.00
20170505,19.99,20.09,19.78,19.80,4047367,80537096.00
20170508,19.81,19.99,19.58,19.80,3967512,78719600.00
20170509,19.65,20.40,19.61,20.37,9458165,190488496.00
20170510,20.23,20.57,20.13,20.19,5741404,117034048.00
20170511,20.08,20.50,19.81,20.50,11322156,229024304.00
20170512,20.46,20.90,20.23,20.90,8799765,181484176.00
20170515,20.72,21.18,20.72,21.16,8071675,169302064.00
20170516,21.10,21.24,20.83,21.15,6751542,142328912.00
20170517,21.06,21.53,21.05,21.15,6777443,144330032.00
20170518,20.90,21.38,20.81,21.00,6713226,142102192.00
20170519,21.00,21.14,20.55,20.66,5885034,122098352.00
20170522,20.55,20.84,20.41,20.72,3721583,76987784.00
20170523,20.70,21.01,20.51,20.80,4994387,104032968.00
20170524,20.70,21.22,20.52,21.18,5266455,110738096.00
20170525,21.15,21.37,20.85,21.14,4843165,102446352.00
20170526,21.12,21.36,21.03,21.31,3967286,84409712.00
20170531,21.50,21.72,21.23,21.27,6820749,146045808.00
20170601,21.27,21.35,20.73,20.85,5753657,120260072.00
20170602,20.79,21.25,20.70,21.19,4328515,91091848.00
20170605,21.28,21.50,21.24,21.48,6075071,130065680.00
20170606,21.49,21.63,21.30,21.36,4596660,98578016.00
20170607,21.47,21.99,21.28,21.78,8261159,179454640.00
20170608,21.78,21.88,21.60,21.73,3778831,82007920.00
20170609,21.73,21.96,21.60,21.87,6199226,134907024.00
20170612,21.74,21.84,21.23,21.36,4896373,105472752.00
20170613,21.34,21.83,21.34,21.60,3802500,82112856.00
20170614,21.64,21.83,21.34,21.36,3147159,67708672.00
20170615,21.53,21.86,21.26,21.30,8195822,176631520.00
20170616,21.34,21.45,21.02,21.04,5572881,117985080.00
20170619,21.00,21.30,20.87,21.15,5346692,112581984.00
20170620,21.22,21.42,21.01,21.11,4004018,85098448.00
20170621,21.13,21.35,21.03,21.35,2898916,61442228.00
20170622,21.34,21.35,20.74,20.80,6232800,131121776.00
20170623,20.80,20.94,20.51,20.82,4556925,94349120.00
20170626,20.72,21.15,20.60,21.09,6481531,135405984.00
20170627,20.98,21.26,20.81,21.12,3756625,79454136.00
20170628,21.10,21.50,21.02,21.13,4896695,104170984.00
20170629,21.07,21.26,20.80,20.92,4145981,86873240.00
20170630,20.90,21.00,20.72,20.87,3787355,78801712.00
20170703,20.82,21.44,20.77,21.40,6548623,138786464.00
20170704,21.42,21.48,21.20,21.21,4198217,89226544.00
20170705,21.13,21.55,21.13,21.37,4269588,91291664.00
20170706,21.45,21.46,20.81,20.94,6894538,145108368.00
20170707,20.90,21.02,20.74,20.77,4475605,93097096.00
20170710,20.70,20.79,19.84,20.05,11567352,234317584.00
20170711,19.92,20.04,19.65,19.71,7569183,150008384.00
20170712,19.71,19.99,19.71,19.86,3844850,76282048.00
20170713,19.88,19.95,19.57,19.74,5353263,105504768.00
20170714,19.67,19.74,19.38,19.41,4668051,91054896.00
20170717,19.41,19.50,18.85,19.02,5776896,110834992.00
20170718,18.91,19.18,18.90,19.17,3999352,76066688.00
20170719,19.18,19.39,18.88,19.31,5582743,106430344.00
数据来源:通达信
