300135 宝利国际 日线 前复权
      日期	    开盘	    最高	    最低	    收盘	    成交量	    成交额
20101026,3.29,3.44,3.29,3.32,11286979,463667584.00
20101027,3.22,3.40,3.20,3.28,4429599,178700832.00
20101028,3.26,3.63,3.26,3.58,6605179,280127232.00
20101029,3.54,3.73,3.51,3.63,4880395,215780320.00
20101101,3.67,3.86,3.57,3.75,3976473,181709280.00
20101102,3.70,3.74,3.53,3.53,3965989,174588048.00
20101103,3.49,3.52,3.36,3.38,2201583,92068472.00
20101104,3.41,3.55,3.39,3.54,1790817,75607680.00
20101105,3.54,3.60,3.48,3.56,1627382,70209880.00
20101108,3.56,3.85,3.54,3.79,3035787,137002304.00
20101109,3.77,3.99,3.70,3.95,3334118,156334624.00
20101110,3.97,4.13,3.97,4.01,2297663,111974024.00
20101111,3.96,4.28,3.96,4.12,2693267,135232464.00
20101112,4.10,4.29,3.89,3.99,2893488,143319440.00
20101115,4.02,4.27,4.02,4.24,2356206,118498216.00
20101116,4.18,4.66,4.18,4.58,2850486,151289904.00
20101117,4.51,4.66,4.11,4.25,1717151,91912280.00
20101119,4.33,4.54,4.31,4.47,1586289,84344936.00
20101122,4.44,4.72,4.29,4.38,2111698,114727840.00
20101123,4.31,4.60,4.31,4.55,1106693,59169236.00
20101124,4.55,4.59,4.45,4.54,880801,47875728.00
20101125,4.54,4.70,4.31,4.38,1671694,89899088.00
20101126,4.31,4.43,4.31,4.36,876006,46022864.00
20101129,4.39,4.42,4.34,4.37,1256843,66483196.00
20101130,4.39,4.39,3.96,4.05,2508557,124757640.00
20101201,4.05,4.11,3.96,4.06,972002,47334240.00
20101202,4.09,4.21,4.07,4.08,1182831,59170372.00
20101203,4.07,4.07,3.96,4.06,730198,35426544.00
20101206,4.06,4.06,3.92,3.94,615424,29581494.00
20101207,3.94,4.14,3.94,4.13,793612,38887876.00
20101208,4.11,4.16,4.04,4.06,604989,29969244.00
20101209,4.05,4.11,3.97,3.98,548866,26754178.00
20101210,3.98,4.07,3.92,4.05,490584,23792242.00
20101213,4.12,4.30,4.07,4.26,919482,46814884.00
20101214,4.26,4.30,4.19,4.24,609591,31166314.00
20101215,4.22,4.25,4.13,4.16,560902,28369132.00
20101216,4.14,4.19,4.14,4.16,490866,24738192.00
20101220,4.23,4.29,3.94,4.11,956452,48126636.00
20101221,4.11,4.14,4.01,4.02,1515609,74106968.00
20101222,4.03,4.08,4.00,4.03,982743,47995544.00
20101223,4.05,4.05,3.89,3.90,865840,41526444.00
20101224,3.91,3.91,3.72,3.75,1256345,57685868.00
20101227,3.75,3.83,3.58,3.58,732485,32941286.00
20101228,3.54,3.69,3.54,3.65,541004,23893986.00
20101229,3.69,3.73,3.64,3.72,425146,19054876.00
20101230,3.72,3.73,3.63,3.69,392451,17602028.00
20101231,3.69,3.78,3.66,3.78,360718,16387945.00
20110104,3.79,3.93,3.77,3.88,839740,39365456.00
20110105,3.92,3.92,3.84,3.88,525579,24707970.00
20110106,3.88,3.88,3.78,3.78,537291,24846098.00
20110107,3.77,3.80,3.70,3.70,516590,23539800.00
20110110,3.72,3.72,3.60,3.60,450572,20025078.00
20110111,3.51,3.58,3.51,3.56,548807,23732020.00
20110112,3.56,3.66,3.56,3.66,567957,25026402.00
20110113,3.67,3.70,3.64,3.65,269948,12004252.00
20110114,3.65,3.66,3.49,3.53,530447,22964540.00
20110117,3.50,3.57,3.42,3.42,410809,17415056.00
20110118,3.43,3.45,3.37,3.44,276698,11554371.00
20110119,3.43,3.52,3.41,3.52,367988,15569042.00
20110120,3.52,3.53,3.39,3.40,507699,21385690.00
20110121,3.37,3.48,3.37,3.45,225303,9433756.00
20110124,3.45,3.46,3.28,3.29,324200,13377742.00
20110125,3.28,3.29,3.18,3.25,339456,13411649.00
20110126,3.23,3.25,3.09,3.21,2285085,88566560.00
20110127,3.17,3.34,3.14,3.32,1394692,55199684.00
20110128,3.32,3.35,3.26,3.32,735128,29636440.00
20110131,3.30,3.42,3.28,3.39,705634,28881424.00
20110201,3.39,3.40,3.32,3.33,542521,22144978.00
20110209,3.28,3.38,3.28,3.30,432507,17647218.00
20110210,3.30,3.44,3.28,3.43,675471,27942764.00
20110211,3.44,3.79,3.43,3.79,2172007,97069504.00
20110214,3.86,4.09,3.80,3.96,2911178,137563712.00
20110215,3.92,4.05,3.90,4.00,1444592,69781536.00
20110216,4.00,4.13,3.95,4.10,1358380,66435620.00
20110217,4.14,4.15,3.96,4.02,1311544,64216412.00
20110218,4.02,4.02,3.89,3.92,1112731,53001260.00
20110221,4.01,4.17,3.94,4.12,1353193,66523928.00
20110222,4.14,4.14,3.79,3.92,1827972,86866672.00
20110223,3.94,4.11,3.92,3.98,1252414,60633736.00
20110224,3.98,4.05,3.90,3.91,1048715,49994324.00
20110225,3.91,3.95,3.81,3.95,556079,26302672.00
20110301,4.04,4.04,3.86,3.88,726237,34713792.00
20110302,3.83,3.86,3.74,3.79,955702,43939328.00
20110303,3.82,4.19,3.82,4.03,3254246,160864864.00
20110304,4.09,4.14,3.96,4.03,1839201,89978800.00
20110307,4.02,4.06,3.96,4.05,1282161,62326872.00
20110308,4.04,4.05,3.96,4.01,818229,39729660.00
20110309,4.01,4.18,3.98,4.06,1389518,68956680.00
20110310,4.05,4.31,4.05,4.24,2198776,112060736.00
20110311,4.20,4.26,4.14,4.17,880614,44674628.00
20110314,4.14,4.24,4.05,4.17,674461,33757116.00
20110315,4.17,4.30,4.08,4.22,1055389,53277208.00
20110316,4.22,4.27,4.16,4.22,585127,29854370.00
20110317,4.21,4.21,4.06,4.08,1141520,56952052.00
20110318,4.13,4.18,4.08,4.09,451083,22426174.00
20110321,4.06,4.12,3.97,4.09,482550,23746546.00
20110322,4.10,4.27,4.10,4.19,895037,45325124.00
20110323,4.16,4.22,4.09,4.10,783422,38972352.00
20110324,4.12,4.19,4.08,4.11,369556,18469054.00
20110325,4.10,4.17,4.10,4.14,506267,25287876.00
20110328,4.19,4.22,4.06,4.06,504343,25045934.00
20110329,4.06,4.12,3.81,3.81,1106508,52241892.00
20110330,3.82,3.82,3.66,3.79,758520,34248552.00
20110331,3.78,3.79,3.65,3.79,422303,19239264.00
20110401,3.74,3.84,3.74,3.81,324058,14897253.00
20110406,3.79,3.85,3.63,3.69,516843,23386056.00
20110407,3.69,3.72,3.63,3.68,542900,24145868.00
20110408,3.67,3.73,3.64,3.70,372507,16674394.00
20110411,3.70,3.73,3.66,3.66,380470,17042472.00
20110412,3.64,3.67,3.62,3.62,304704,13477601.00
20110413,3.57,3.66,3.57,3.64,438688,19254376.00
20110414,3.63,3.65,3.49,3.50,794932,34133500.00
20110415,3.50,3.61,3.50,3.52,505653,21956246.00
20110418,3.52,3.59,3.52,3.58,346425,15020227.00
20110419,3.64,3.64,3.49,3.49,911046,39239068.00
20110420,3.51,3.57,3.49,3.53,454502,19577612.00
20110421,3.51,3.63,3.51,3.56,723906,31549468.00
20110422,3.56,3.62,3.51,3.53,566318,24358448.00
20110425,3.54,3.54,3.28,3.40,1042255,43289492.00
20110426,3.40,3.40,3.27,3.28,568711,22960132.00
20110427,3.27,3.32,3.25,3.27,313029,12565221.00
20110428,3.27,3.30,3.11,3.14,585695,22919080.00
20110429,3.12,3.17,3.10,3.15,304999,11757178.00
20110503,3.14,3.22,3.13,3.21,314571,12265718.00
20110504,3.21,3.22,3.16,3.16,221625,8659544.00
20110505,3.16,3.29,3.16,3.26,309836,12340844.00
20110506,3.26,3.29,3.20,3.27,229441,9136534.00
20110510,3.28,3.35,3.23,3.27,255248,10212679.00
20110511,3.27,3.28,3.23,3.26,186255,7418080.50
20110512,3.26,3.26,3.14,3.14,356967,13888890.00
20110513,3.14,3.16,3.10,3.16,181570,6971128.50
20110516,3.15,3.18,3.01,3.09,365613,13915706.00
20110517,3.09,3.19,3.07,3.17,365234,14078591.00
20110518,3.17,3.19,3.11,3.15,129630,4998872.00
20110519,3.16,3.19,3.14,3.17,229718,8916240.00
20110520,3.18,3.18,3.10,3.15,206463,7974297.00
20110523,3.08,3.10,2.82,2.82,701544,12382531.00
20110524,2.80,3.02,2.72,2.89,956360,16462637.00
20110525,2.84,2.88,2.66,2.71,654001,10999493.00
20110526,2.74,2.75,2.60,2.62,701258,11341829.00
20110527,2.63,2.63,2.52,2.56,544856,8549132.00
20110530,2.57,2.70,2.57,2.59,783068,12538805.00
20110531,2.63,2.72,2.63,2.70,763576,12412739.00
20110601,2.71,2.72,2.64,2.68,700450,11443259.00
20110602,2.65,2.66,2.60,2.64,398696,6364762.50
20110603,2.68,2.68,2.59,2.67,418169,6777837.00
20110607,2.68,2.74,2.65,2.68,396140,6454764.00
20110608,2.66,2.70,2.59,2.63,463336,7396829.00
20110609,2.61,2.65,2.53,2.54,649347,10160349.00
20110610,2.55,2.55,2.43,2.48,530995,8064444.50
20110613,2.48,2.50,2.41,2.46,545819,8171501.50
20110614,2.45,2.51,2.44,2.50,531568,8078462.00
20110615,2.50,2.50,2.44,2.44,277628,4195902.00
20110616,2.41,2.47,2.39,2.42,497491,7368519.50
20110617,2.42,2.44,2.35,2.35,409205,6000441.00
20110620,2.36,2.38,2.27,2.31,636700,9017646.00
20110621,2.32,2.39,2.27,2.32,568664,8072352.50
20110622,2.31,2.33,2.28,2.29,418560,5914214.00
20110623,2.27,2.39,2.25,2.38,1060515,15302422.00
20110624,2.37,2.47,2.36,2.45,1413955,21077596.00
20110627,2.47,2.54,2.47,2.50,904451,13836761.00
20110628,2.50,2.56,2.44,2.54,865371,13225942.00
20110629,2.54,2.71,2.51,2.62,1811196,28998524.00
20110630,2.61,2.65,2.59,2.61,907770,14464912.00
20110701,2.62,2.69,2.61,2.62,895740,14445247.00
20110704,2.67,2.67,2.62,2.65,1027027,16520525.00
20110705,2.66,2.67,2.60,2.64,1039043,16643912.00
20110706,2.64,2.70,2.59,2.69,1371015,22085670.00
20110707,2.69,2.77,2.67,2.69,1444926,23860054.00
20110708,2.67,2.74,2.63,2.63,1097807,17822936.00
20110711,2.63,2.77,2.61,2.72,1042818,17083030.00
20110712,2.69,2.69,2.62,2.63,653774,10578001.00
20110713,2.63,2.71,2.63,2.70,876310,14214625.00
20110714,2.70,2.83,2.68,2.82,1797299,30259764.00
20110715,2.80,2.95,2.79,2.87,1648818,28821318.00
20110718,2.88,2.92,2.77,2.78,1646990,28254046.00
20110719,2.76,2.78,2.72,2.73,723354,12000484.00
20110720,2.73,2.80,2.65,2.80,1169417,19383680.00
20110721,2.79,2.79,2.71,2.71,588200,9836490.00
20110725,2.62,2.62,2.42,2.42,3575410,53592844.00
20110726,2.35,2.39,2.29,2.35,2026368,29002958.00
20110727,2.31,2.42,2.30,2.38,1492530,21544412.00
20110728,2.38,2.38,2.31,2.34,1348222,19255652.00
20110729,2.33,2.37,2.31,2.33,784280,11217614.00
20110801,2.33,2.37,2.31,2.35,825397,11861834.00
20110802,2.34,2.52,2.29,2.52,2449518,36350224.00
20110803,2.45,2.63,2.42,2.55,2776221,43433104.00
20110804,2.52,2.58,2.46,2.48,1694990,25883238.00
20110805,2.35,2.44,2.33,2.39,992553,14591909.00
20110808,2.35,2.36,2.16,2.18,1579198,21875454.00
20110809,2.09,2.21,2.07,2.17,930622,12279244.00
20110810,2.23,2.24,2.18,2.19,700252,9530863.00
20110811,2.12,2.31,2.12,2.30,1098435,15081687.00
20110812,2.30,2.39,2.27,2.38,1614213,23238034.00
20110815,2.38,2.44,2.38,2.43,1070254,15807130.00
20110816,2.43,2.48,2.39,2.43,1158429,17268288.00
20110817,2.44,2.51,2.40,2.49,1443023,21834674.00
20110818,2.48,2.48,2.37,2.38,851888,12572571.00
20110819,2.30,2.39,2.30,2.39,684013,9796591.00
20110822,2.37,2.44,2.37,2.42,972632,14337803.00
20110823,2.43,2.59,2.43,2.58,2414574,36915852.00
20110824,2.58,2.62,2.54,2.57,2071100,32576076.00
20110825,2.58,2.59,2.48,2.51,2344936,36033676.00
20110826,2.51,2.57,2.51,2.56,1278364,19857816.00
20110829,2.55,2.57,2.50,2.51,1290616,19911906.00
20110830,2.54,2.55,2.41,2.41,1442119,21789074.00
20110831,2.41,2.44,2.33,2.41,891109,12954407.00
20110902,2.37,2.41,2.35,2.38,472974,6849607.00
20110905,2.33,2.36,2.28,2.29,462280,6568566.00
20110906,2.29,2.33,2.24,2.29,354523,4954818.50
20110907,2.28,2.36,2.28,2.36,590185,8395978.00
20110908,2.38,2.38,2.30,2.30,609719,8733278.00
20110909,2.30,2.33,2.29,2.29,215461,3046784.25
20110913,2.21,2.28,2.21,2.27,300432,4146511.50
20110914,2.27,2.29,2.21,2.28,254415,3535270.75
20110915,2.29,2.34,2.26,2.28,428007,6056698.50
20110916,2.31,2.32,2.27,2.29,326898,4614307.50
20110919,2.29,2.29,2.19,2.19,428812,5846485.00
20110920,2.23,2.23,2.17,2.19,153845,2074171.38
20110921,2.21,2.28,2.17,2.28,727371,10010974.00
20110922,2.25,2.27,2.20,2.21,557658,7653783.50
20110923,2.15,2.19,2.14,2.15,529610,7039322.50
20110926,2.14,2.17,2.12,2.12,254024,3353482.50
20110927,2.15,2.16,2.11,2.14,343629,4529056.00
20110928,2.18,2.18,2.11,2.11,295012,3889322.00
20110929,2.11,2.11,2.01,2.02,611363,7725332.50
20110930,2.04,2.04,1.97,2.00,297638,3683201.75
20111010,2.02,2.02,2.00,2.01,245777,3054700.00
20111011,2.07,2.07,1.97,2.01,274918,3469698.00
20111012,1.99,2.08,1.98,2.08,524567,6669802.00
20111013,2.08,2.13,2.06,2.09,536098,6958062.00
20111014,2.09,2.10,2.06,2.09,477458,6132489.50
20111017,2.11,2.15,2.09,2.15,752825,9844723.00
20111018,2.14,2.15,2.06,2.06,539025,7037626.00
20111019,2.07,2.11,2.05,2.07,391536,5016531.50
20111020,2.04,2.08,1.98,1.98,387790,4818089.00
20111021,2.00,2.01,1.86,1.88,407441,4897210.50
20111024,1.93,1.93,1.79,1.86,789630,9047084.00
20111025,1.86,1.93,1.83,1.91,1128429,13175093.00
20111026,1.89,2.00,1.88,1.95,1582686,19041328.00
20111027,1.95,1.98,1.93,1.93,837142,10141500.00
20111028,1.96,1.99,1.94,1.99,953560,11635582.00
20111031,1.99,2.09,1.99,2.09,2020583,25709562.00
20111101,2.11,2.31,2.11,2.31,1954010,27177406.00
20111102,2.38,2.45,2.35,2.42,7407111,108920648.00
20111103,2.39,2.61,2.37,2.46,6132473,92707424.00
20111104,2.43,2.53,2.39,2.53,5880629,88741176.00
20111107,2.56,2.77,2.51,2.69,8122454,130736600.00
20111108,2.69,2.69,2.51,2.54,7016266,109984120.00
20111109,2.51,2.60,2.46,2.59,5858597,89953520.00
20111110,2.54,2.62,2.51,2.53,5547335,86449888.00
20111111,2.53,2.56,2.46,2.49,3430015,52606960.00
20111114,2.52,2.58,2.49,2.55,4314137,66827256.00
20111115,2.55,2.60,2.52,2.58,3830401,59817572.00
20111116,2.56,2.60,2.41,2.43,3919616,59597484.00
20111117,2.43,2.48,2.39,2.44,2282700,33934440.00
20111118,2.43,2.44,2.35,2.35,1823354,26605062.00
20111121,2.35,2.40,2.34,2.40,1650163,24002708.00
20111122,2.38,2.59,2.36,2.58,8019944,122609192.00
20111123,2.57,2.71,2.53,2.66,9006768,144673184.00
20111124,2.61,2.92,2.59,2.82,10775829,181887392.00
20111125,2.79,2.87,2.74,2.76,6427609,108963064.00
20111128,2.76,2.79,2.63,2.77,4899622,80763840.00
20111129,2.77,2.88,2.70,2.78,5406399,92075264.00
20111130,2.77,2.84,2.58,2.69,4985749,82262016.00
20111201,2.77,2.88,2.73,2.86,6958704,119006456.00
20111202,2.84,2.86,2.64,2.66,4319280,72010872.00
20111205,2.60,2.64,2.44,2.47,3630055,55607480.00
20111206,2.47,2.60,2.45,2.58,3460477,53464784.00
20111207,2.55,2.59,2.53,2.58,2581376,40428680.00
20111208,2.57,2.64,2.44,2.57,3367712,52058004.00
20111209,2.52,2.57,2.46,2.49,2185659,33385126.00
20111212,2.46,2.51,2.44,2.45,1396401,21114302.00
20111213,2.43,2.44,2.31,2.31,2230897,31997122.00
20111214,2.28,2.40,2.28,2.30,1835630,26226822.00
20111215,2.28,2.38,2.23,2.33,2132414,30390702.00
20111216,2.32,2.55,2.28,2.50,2945612,43511784.00
20111220,2.51,2.62,2.47,2.49,5392333,84158392.00
20111221,2.50,2.52,2.37,2.37,3046743,45140600.00
20111222,2.37,2.37,2.14,2.19,3519260,47865364.00
20111223,2.19,2.26,2.16,2.18,1621270,21959920.00
20111226,2.13,2.22,2.10,2.15,1412656,18755754.00
20111227,2.11,2.25,2.09,2.18,2511318,33841004.00
20111228,2.14,2.17,1.94,2.00,3507985,43707172.00
20111229,1.94,2.01,1.94,1.97,1433454,17563188.00
20111230,2.00,2.04,1.97,2.00,1289064,16029021.00
20120104,2.02,2.07,1.96,1.96,1273359,15882912.00
20120105,1.96,1.99,1.79,1.80,2020086,23667718.00
20120106,1.76,1.86,1.76,1.84,1509326,16977166.00
20120109,1.84,2.04,1.81,2.04,2785139,34071712.00
20120110,2.05,2.14,2.03,2.10,3656429,47098912.00
20120111,2.16,2.20,2.10,2.17,3191491,42243312.00
20120112,2.13,2.19,2.10,2.13,2326274,30638252.00
20120113,2.12,2.14,1.98,2.02,2271444,28762290.00
20120116,2.01,2.06,1.98,1.99,1610430,20173582.00
20120117,1.96,2.17,1.96,2.17,2739262,35473596.00
20120118,2.18,2.21,2.05,2.07,1978354,25977916.00
20120119,2.07,2.14,2.07,2.13,1378646,17895320.00
20120120,2.13,2.16,2.12,2.14,1407215,18604406.00
20120130,2.14,2.17,2.11,2.11,802754,10543639.00
20120131,2.07,2.09,1.95,2.05,1861909,23068514.00
20120201,2.02,2.13,1.99,2.06,1361563,17424096.00
20120202,2.05,2.13,2.04,2.13,822379,10592276.00
20120203,2.11,2.25,2.10,2.21,2672899,35949716.00
20120206,2.19,2.30,2.16,2.29,3249516,44817656.00
20120207,2.26,2.30,2.21,2.29,1959977,27117126.00
20120208,2.26,2.33,2.25,2.30,1929960,27167210.00
20120209,2.31,2.39,2.29,2.31,2864529,41092840.00
20120210,2.27,2.37,2.27,2.33,1474319,21113784.00
20120213,2.31,2.39,2.29,2.37,1856615,26765824.00
20120214,2.36,2.43,2.34,2.41,3512716,51415032.00
20120215,2.42,2.52,2.40,2.51,5489075,82860568.00
20120216,2.58,2.58,2.43,2.47,4009543,60878472.00
20120217,2.48,2.69,2.47,2.47,12924329,200889456.00
20120220,2.54,2.54,2.47,2.48,5476410,83789056.00
20120221,2.47,2.60,2.47,2.59,7617327,118254696.00
20120222,2.61,2.87,2.59,2.75,11220012,184525152.00
20120223,2.71,2.80,2.66,2.71,6439244,106365136.00
20120224,2.71,2.77,2.68,2.72,4352944,72273080.00
20120227,2.73,2.77,2.68,2.70,7131099,117920760.00
20120228,2.68,2.71,2.61,2.67,4610944,74584616.00
20120229,2.64,2.66,2.50,2.52,5737443,89876952.00
20120301,2.51,2.54,2.50,2.52,3299840,50724836.00
20120302,2.52,2.57,2.52,2.57,4907442,76281928.00
20120305,2.57,2.62,2.54,2.57,4176649,65771252.00
20120306,2.58,2.71,2.55,2.70,7671157,123741656.00
20120307,2.66,2.77,2.66,2.67,7688330,127131368.00
20120308,2.67,2.72,2.66,2.69,3353025,54889444.00
20120309,2.70,2.78,2.70,2.76,3878901,64494792.00
20120312,2.80,2.83,2.72,2.78,4272593,71923896.00
20120313,2.78,2.78,2.70,2.74,3680369,61212344.00
20120314,2.76,2.87,2.61,2.65,7370180,124102432.00
20120315,2.66,2.69,2.58,2.65,4182403,67038804.00
20120316,2.65,2.72,2.60,2.72,5246977,85062600.00
20120319,2.72,2.75,2.66,2.72,4196068,68917488.00
20120320,2.71,2.71,2.58,2.58,3533186,56378060.00
20120321,2.60,2.62,2.51,2.56,2452702,38262172.00
20120322,2.54,2.60,2.52,2.56,2057005,32201726.00
20120326,2.52,2.53,2.44,2.48,2052055,31200612.00
20120327,2.49,2.52,2.46,2.48,1542708,23491650.00
20120328,2.47,2.49,2.33,2.33,2027399,29687928.00
20120329,2.32,2.34,2.21,2.24,2350886,32858372.00
20120330,2.22,2.27,2.19,2.24,1920427,26307296.00
20120405,2.30,2.48,2.26,2.48,5764512,85491488.00
20120406,2.46,2.49,2.42,2.47,3550258,53423520.00
20120409,2.47,2.48,2.42,2.43,2164254,32443698.00
20120410,2.41,2.51,2.40,2.50,2919909,43753756.00
20120411,2.49,2.55,2.47,2.51,2991431,45932116.00
20120412,2.47,2.55,2.47,2.54,2547597,39178860.00
20120413,2.56,2.56,2.51,2.52,2654394,41059760.00
20120416,2.50,2.57,2.47,2.57,2500580,38498532.00
20120417,2.57,2.62,2.52,2.56,2856405,44844220.00
20120418,2.57,2.60,2.54,2.60,1913558,30079430.00
20120419,2.60,2.65,2.58,2.65,2394216,38340684.00
20120423,2.64,2.67,2.45,2.46,4095002,63411740.00
20120424,2.47,2.55,2.41,2.52,2815963,42877672.00
20120425,2.50,2.54,2.48,2.51,1555044,23820012.00
20120426,2.53,2.53,2.44,2.48,1519836,22985372.00
20120427,2.49,2.53,2.46,2.51,937659,14331074.00
20120502,2.55,2.55,2.50,2.52,1521515,23475906.00
20120503,2.51,2.55,2.50,2.53,927558,14291710.00
20120504,2.51,2.65,2.51,2.63,2513029,39856892.00
20120507,2.63,2.79,2.61,2.77,4246510,70406624.00
20120508,2.75,2.81,2.71,2.79,3601385,60648448.00
20120509,2.81,2.87,2.71,2.72,4224387,71181832.00
20120510,2.68,2.75,2.68,2.72,1988251,32892932.00
20120511,2.71,2.75,2.68,2.70,1485164,24528272.00
20120514,2.70,2.75,2.62,2.64,2238272,36133688.00
20120515,2.60,2.62,2.39,2.55,6807091,51009164.00
20120516,2.52,2.54,2.46,2.48,3477071,26073808.00
20120517,2.48,2.57,2.46,2.53,2876139,21881350.00
20120518,2.52,2.58,2.49,2.53,2166393,16534676.00
20120521,2.53,2.56,2.47,2.54,2620141,19817682.00
20120522,2.57,2.62,2.53,2.57,2892476,22315410.00
20120523,2.54,2.58,2.52,2.53,2277683,17484870.00
20120524,2.57,2.57,2.42,2.42,3935753,29380096.00
20120525,2.38,2.47,2.36,2.43,2193062,15991390.00
20120528,2.43,2.69,2.38,2.63,8188453,64143344.00
20120529,2.63,2.66,2.53,2.63,6882084,53913024.00
20120530,2.65,2.67,2.58,2.62,5129084,40542152.00
20120531,2.59,2.66,2.58,2.62,3359745,26447022.00
20120601,2.62,2.65,2.59,2.64,3421456,26977244.00
20120604,2.59,2.64,2.47,2.48,4834424,37212044.00
20120605,2.50,2.51,2.44,2.45,2354291,17561794.00
20120606,2.48,2.50,2.44,2.48,2679732,19999598.00
20120607,2.52,2.54,2.41,2.43,2283614,16927482.00
20120608,2.46,2.48,2.35,2.36,2314342,16828988.00
20120611,2.39,2.46,2.37,2.45,1802707,13147228.00
20120612,2.44,2.51,2.39,2.49,2211218,16435346.00
20120613,2.55,2.57,2.52,2.56,3830383,29381906.00
20120614,2.53,2.59,2.51,2.53,3250522,24875758.00
20120615,2.53,2.55,2.47,2.54,2162659,16361785.00
20120618,2.54,2.61,2.51,2.58,2843854,22054596.00
20120619,2.56,2.59,2.53,2.57,2656113,20481602.00
20120620,2.57,2.68,2.53,2.63,7034972,55239368.00
20120621,2.62,2.63,2.51,2.60,4266319,32856560.00
20120625,2.59,2.69,2.55,2.61,5967116,46983260.00
20120626,2.59,2.59,2.43,2.44,6183373,46540900.00
20120627,2.46,2.51,2.42,2.44,3217527,23863110.00
20120628,2.45,2.47,2.41,2.42,2098826,15468495.00
20120629,2.42,2.47,2.40,2.46,3507532,25733984.00
20120702,2.45,2.50,2.45,2.47,2680807,20026704.00
20120703,2.47,2.58,2.45,2.56,5584460,42584368.00
20120704,2.56,2.59,2.49,2.51,4001425,30523766.00
20120705,2.50,2.50,2.42,2.42,3035095,22323196.00
20120706,2.45,2.55,2.39,2.53,3816695,28363950.00
20120709,2.51,2.55,2.43,2.44,3014483,22737176.00
20120710,2.44,2.46,2.42,2.45,1494030,11011035.00
20120711,2.42,2.47,2.39,2.45,1729831,12699254.00
20120712,2.45,2.51,2.41,2.48,2613076,19464510.00
20120713,2.48,2.51,2.43,2.43,1998230,14868149.00
20120716,2.43,2.44,2.29,2.29,3485687,24881614.00
20120717,2.29,2.34,2.28,2.33,1441912,10093584.00
20120718,2.33,2.34,2.28,2.33,1035945,7230654.00
20120719,2.35,2.39,2.33,2.36,1627868,11629784.00
20120720,2.35,2.37,2.35,2.35,903275,6443984.00
20120723,2.35,2.35,2.29,2.31,1135273,7936044.50
20120724,2.30,2.35,2.29,2.34,1005703,7082223.50
20120725,2.35,2.38,2.31,2.31,1306798,9225471.00
20120726,2.30,2.34,2.30,2.31,954620,6698520.00
20120727,2.33,2.37,2.31,2.32,1218282,8601088.00
20120730,2.34,2.34,2.24,2.25,1203222,8304788.50
20120731,2.25,2.26,2.20,2.20,971971,6542157.50
20120801,2.21,2.29,2.18,2.27,1244468,8523288.00
20120802,2.27,2.29,2.24,2.25,683197,4668249.50
20120803,2.27,2.30,2.24,2.30,1046644,7185113.00
20120806,2.31,2.41,2.27,2.40,2304526,16405927.00
20120807,2.39,2.42,2.37,2.39,1620542,11674668.00
20120808,2.39,2.42,2.35,2.36,1638238,11750516.00
20120809,2.36,2.39,2.33,2.38,2055431,14673052.00
20120810,2.38,2.41,2.36,2.37,1328589,9562573.00
20120813,2.36,2.36,2.28,2.30,1943945,13696139.00
20120814,2.35,2.35,2.25,2.31,1159495,8021261.50
20120815,2.32,2.32,2.28,2.31,949802,6612566.50
20120816,2.31,2.33,2.30,2.32,1080308,7559724.00
20120817,2.31,2.33,2.29,2.32,598350,4169016.75
20120820,2.42,2.56,2.41,2.56,25098759,191438256.00
20120821,2.56,2.70,2.51,2.65,26228094,206506608.00
20120822,2.64,2.93,2.60,2.93,28147821,236443088.00
20120823,3.03,3.23,2.94,3.10,50072677,462493472.00
20120824,3.01,3.06,2.88,2.96,28367560,253123248.00
20120827,2.99,3.03,2.86,2.92,22702483,200186384.00
20120828,2.89,2.96,2.80,2.94,18675383,161035056.00
20120829,2.91,3.03,2.87,2.95,23875964,211021088.00
20120830,2.89,3.06,2.73,2.76,27282796,237610944.00
20120831,2.72,2.84,2.70,2.78,14640140,122079336.00
20120903,2.77,2.89,2.74,2.86,15121435,127654184.00
20120904,2.83,3.15,2.80,2.97,26934179,239805072.00
20120905,2.92,3.05,2.86,2.91,17878410,157893728.00
20120906,2.89,3.08,2.88,3.04,19950351,178225296.00
20120907,3.10,3.36,3.05,3.36,40682652,399897664.00
20120910,3.49,3.71,3.43,3.46,54048585,578607232.00
20120911,3.52,3.74,3.43,3.56,52262428,553508480.00
20120912,3.52,3.55,3.38,3.50,27800275,286390688.00
20120913,3.45,3.46,3.29,3.29,19372276,194970272.00
20120914,3.30,3.48,3.27,3.38,24079036,242907264.00
20120917,3.29,3.34,3.14,3.18,15191666,146343440.00
20120918,3.16,3.27,3.14,3.17,9338212,89325520.00
20120919,3.18,3.34,3.16,3.25,14348742,139775984.00
20120920,3.21,3.21,2.97,3.08,15138278,139457840.00
20120921,3.05,3.09,2.94,2.97,8851789,79563312.00
20120924,2.90,3.08,2.87,3.02,9531620,85346840.00
20120925,3.13,3.24,3.02,3.02,15214297,142512576.00
20120926,2.97,2.97,2.78,2.80,11347692,97848376.00
20120927,2.81,2.99,2.79,2.90,10064329,87058176.00
20120928,2.85,2.99,2.85,2.98,9289526,81915032.00
20121008,2.99,3.10,2.97,3.04,9452346,85990584.00
20121009,3.04,3.18,3.04,3.17,12621291,118194440.00
20121010,3.14,3.28,3.10,3.22,13736595,130830352.00
20121011,3.17,3.24,3.02,3.07,12480371,116165512.00
20121012,3.06,3.34,3.03,3.24,16760071,159317088.00
20121015,3.25,3.35,3.19,3.32,15553616,151966496.00
20121016,3.37,3.42,3.23,3.27,14701578,145186288.00
20121017,3.26,3.33,3.17,3.28,10414315,100751360.00
20121018,3.28,3.35,3.21,3.30,10762262,105463320.00
20121019,3.31,3.31,3.22,3.24,6925063,67274208.00
20121022,3.21,3.29,3.13,3.25,5919729,56885360.00
20121023,3.24,3.27,3.15,3.17,5943565,56770340.00
20121024,3.09,3.17,3.03,3.05,7022818,64928540.00
20121025,3.01,3.01,2.92,2.95,8153619,72120608.00
20121026,2.94,3.00,2.92,2.95,5293484,46934128.00
20121029,2.95,2.97,2.83,2.85,6431223,55699788.00
20121030,2.86,2.91,2.82,2.87,4677984,40168140.00
20121031,2.86,2.95,2.86,2.95,4762992,41573592.00
20121101,2.96,3.04,2.95,3.00,6287477,56342732.00
20121102,3.07,3.07,2.95,2.98,4671985,41829160.00
20121105,2.96,2.98,2.86,2.91,5712743,49709016.00
20121106,2.90,2.90,2.76,2.83,5120878,43336304.00
20121107,2.84,2.87,2.79,2.85,3647041,30984472.00
20121108,2.81,2.81,2.67,2.70,5399421,44448244.00
20121109,2.67,2.71,2.60,2.66,5318615,42410752.00
20121112,2.68,2.72,2.64,2.69,2606529,20986886.00
20121113,2.69,2.69,2.55,2.55,3936399,30736552.00
20121114,2.54,2.62,2.53,2.60,3162984,24493610.00
20121115,2.58,2.68,2.55,2.58,3969429,31291156.00
20121116,2.58,2.60,2.52,2.59,2644128,20294160.00
20121119,2.59,2.64,2.54,2.61,2679609,20881768.00
20121120,2.62,2.65,2.55,2.55,3095650,24160410.00
20121121,2.56,2.66,2.55,2.66,6366202,50242884.00
20121122,2.63,2.67,2.60,2.62,3554615,28144714.00
20121123,2.63,2.64,2.59,2.60,3427402,27007724.00
20121126,2.60,2.62,2.46,2.47,4615183,35020032.00
20121127,2.45,2.46,2.34,2.34,4540844,32582374.00
20121128,2.31,2.33,2.27,2.30,2367457,16454761.00
20121129,2.30,2.35,2.27,2.27,2395683,16739689.00
20121130,2.26,2.46,2.26,2.37,5747162,41264164.00
20121203,2.34,2.43,2.27,2.27,4029055,28621300.00
20121204,2.25,2.44,2.23,2.44,8279888,59423828.00
20121205,2.44,2.69,2.41,2.69,10532611,81982968.00
20121206,2.91,2.97,2.81,2.87,30121143,262211408.00
20121207,2.91,3.09,2.85,3.04,33769332,298653568.00
20121210,2.94,3.16,2.91,3.06,28740433,258532768.00
20121211,2.98,3.02,2.84,2.87,17625412,155706272.00
20121212,2.86,3.00,2.86,2.93,13973239,122554128.00
20121213,2.90,3.13,2.87,2.99,21567822,194679104.00
20121214,2.96,3.27,2.94,3.16,28739366,269004736.00
20121217,3.11,3.17,3.03,3.12,17423322,161522768.00
20121218,3.11,3.23,3.04,3.09,16103939,150772944.00
20121219,3.09,3.11,2.98,3.05,11200354,101928904.00
20121220,3.04,3.31,3.01,3.23,21587075,204268480.00
20121221,3.22,3.31,3.13,3.17,17964136,171876800.00
20121224,3.13,3.26,3.11,3.15,12412036,118266248.00
20121225,3.12,3.27,3.09,3.20,14472084,138362304.00
20121226,3.23,3.46,3.20,3.38,22079326,218601552.00
20121227,3.41,3.46,3.29,3.30,17462730,174604256.00
20121228,3.33,3.39,3.27,3.34,11050638,109317896.00
20121231,3.32,3.37,3.28,3.29,8662940,85475200.00
20130104,3.35,3.37,3.26,3.30,9567525,94636856.00
20130107,3.27,3.43,3.26,3.43,13048333,130181992.00
20130108,3.41,3.41,3.32,3.35,12210788,122156552.00
20130109,3.34,3.38,3.30,3.32,10503386,104375656.00
20130110,3.33,3.35,3.27,3.30,9116283,89835104.00
20130111,3.31,3.42,3.23,3.25,12633838,125440344.00
20130114,3.22,3.40,3.22,3.37,11248884,111473816.00
20130115,3.38,3.53,3.34,3.53,20199169,206242576.00
20130116,3.50,3.52,3.38,3.42,11738918,120455032.00
20130117,3.43,3.45,3.34,3.34,8410728,84862400.00
20130118,3.38,3.46,3.35,3.42,8845186,89609224.00
20130121,3.41,3.42,3.34,3.39,7821727,78659776.00
20130122,3.37,3.48,3.34,3.39,11641736,117883656.00
20130123,3.41,3.41,3.23,3.32,11089886,109129424.00
20130124,3.31,3.31,2.98,3.04,20686547,195166064.00
20130125,3.04,3.10,3.01,3.03,6197408,56586868.00
20130128,3.00,3.10,3.00,3.10,7222560,66159936.00
20130129,3.11,3.16,3.09,3.12,6994509,65140624.00
20130130,3.12,3.13,3.03,3.09,6722738,61767072.00
20130131,3.10,3.13,3.04,3.10,4800804,44331840.00
20130201,3.09,3.12,3.06,3.10,4530621,41904996.00
20130204,3.11,3.16,3.08,3.12,6526977,60941052.00
20130205,3.09,3.14,3.05,3.12,5183217,47891412.00
20130206,3.10,3.16,3.10,3.11,6387712,59465988.00
20130207,3.12,3.13,3.07,3.10,3805006,35171552.00
20130208,3.11,3.18,3.10,3.16,6709488,63146724.00
20130218,3.18,3.25,3.14,3.21,8297878,79320984.00
20130219,3.20,3.21,3.10,3.10,6103257,57223540.00
20130220,3.10,3.15,3.08,3.15,4913292,45773048.00
20130221,3.11,3.20,3.09,3.17,7710127,72537344.00
20130222,3.13,3.20,3.11,3.15,5154754,48737712.00
20130225,3.13,3.34,3.12,3.27,10173577,99006720.00
20130226,3.25,3.35,3.20,3.27,12480929,122352536.00
20130227,3.29,3.34,3.23,3.29,7482576,73137984.00
20130228,3.31,3.32,3.25,3.32,8038705,78987296.00
20130301,3.32,3.42,3.30,3.38,11677316,116949488.00
20130304,3.35,3.35,3.12,3.17,10549229,101715784.00
20130305,3.17,3.33,3.14,3.31,7903663,76612792.00
20130306,3.29,3.38,3.27,3.37,8996365,89199024.00
20130307,3.36,3.41,3.23,3.28,7893001,78427472.00
20130308,3.62,3.62,3.35,3.38,22971829,238480000.00
20130311,3.32,3.32,3.22,3.26,10401748,101191840.00
20130312,3.26,3.29,3.06,3.16,7940497,75457312.00
20130313,3.15,3.19,3.06,3.13,4576217,42586516.00
20130314,3.13,3.16,3.10,3.11,3379837,31496598.00
20130315,3.10,3.16,3.05,3.08,4849063,45006956.00
20130318,3.09,3.11,3.01,3.01,3556300,32510512.00
20130319,2.98,3.06,2.97,3.04,3436629,31105636.00
20130320,3.04,3.13,3.03,3.12,3625034,33539718.00
20130321,3.12,3.18,3.10,3.14,4725091,44307280.00
20130322,3.20,3.24,3.15,3.19,7044268,67292672.00
20130325,3.20,3.26,3.18,3.21,4488729,43137520.00
20130326,3.18,3.33,3.12,3.29,7750953,74551416.00
20130327,3.29,3.41,3.27,3.37,13330566,132861408.00
20130328,3.31,3.40,3.22,3.23,10820837,106965776.00
20130329,3.25,3.26,3.17,3.21,4933924,47184732.00
20130401,3.21,3.23,3.12,3.14,4583240,43402924.00
20130402,3.14,3.22,3.11,3.12,4161932,39356836.00
20130403,3.12,3.15,3.04,3.08,3715792,34172048.00
20130408,3.02,3.13,2.98,3.13,4025902,36807156.00
20130409,3.13,3.18,3.12,3.16,3319189,31178006.00
20130410,3.16,3.17,3.07,3.13,2758329,25612742.00
20130411,3.14,3.16,3.07,3.08,2392015,22085834.00
20130412,3.08,3.10,2.85,2.87,8470304,74891400.00
20130415,2.94,2.94,2.84,2.86,4546794,39484296.00
20130416,2.84,2.95,2.83,2.93,4658904,40296760.00
20130417,2.91,2.98,2.91,2.97,3628123,32027060.00
20130418,2.95,3.02,2.94,3.01,3443121,30793384.00
20130419,2.98,3.06,2.97,3.04,4437836,40180300.00
20130422,3.04,3.10,3.04,3.06,4140762,37894832.00
20130423,3.05,3.05,2.87,2.88,5019627,44207920.00
20130424,2.92,2.97,2.87,2.95,3014421,26491326.00
20130425,2.95,2.99,2.91,2.91,2961027,26108106.00
20130426,2.92,2.95,2.85,2.86,1949629,16905610.00
20130502,2.87,2.96,2.87,2.93,2062873,18028724.00
20130503,2.96,3.01,2.94,2.97,3309577,29578634.00
20130506,2.99,3.03,2.97,3.02,2760624,24846336.00
20130507,3.01,3.03,2.98,3.00,2426645,21783302.00
20130508,3.01,3.04,3.00,3.03,3148774,28419244.00
20130509,3.03,3.07,3.00,3.05,4154117,37701440.00
20130510,3.05,3.07,3.01,3.01,3339046,30272698.00
20130513,3.02,3.03,2.97,2.98,3729175,33294396.00
20130514,3.00,3.00,2.91,2.93,2706803,23849370.00
20130515,2.96,3.06,2.95,3.06,5724988,51783492.00
20130516,3.04,3.09,3.03,3.04,5097838,46635548.00
20130517,3.03,3.21,3.03,3.12,8860608,83014840.00
20130520,3.15,3.20,3.12,3.19,8742234,82701064.00
20130521,3.19,3.21,3.13,3.17,6313143,59747984.00
20130522,3.21,3.32,3.11,3.20,16525084,98441744.00
20130523,3.16,3.22,3.13,3.15,10556023,61831412.00
20130524,3.16,3.22,3.14,3.21,7973972,46768220.00
20130527,3.20,3.28,3.18,3.22,9499639,56679660.00
20130528,3.25,3.25,3.13,3.16,7957223,46395044.00
20130529,3.17,3.21,3.14,3.17,6847339,40105976.00
20130530,3.16,3.18,3.13,3.14,7702243,44735688.00
20130531,3.15,3.23,3.10,3.21,13947191,81557416.00
20130603,3.19,3.40,3.17,3.35,23358370,141534192.00
20130604,3.31,3.46,3.29,3.36,26504375,165855136.00
20130605,3.31,3.52,3.31,3.46,28227612,179376464.00
20130606,3.42,3.46,3.26,3.29,15649393,96362896.00
20130607,3.34,3.63,3.33,3.42,33529543,215427776.00
20130613,3.25,3.25,3.07,3.17,20585778,119651912.00
20130614,3.19,3.32,3.10,3.31,14391542,85496472.00
20130617,3.29,3.29,3.20,3.21,10053097,60070392.00
20130618,3.20,3.23,3.07,3.12,12151832,70095048.00
20130619,3.11,3.27,3.01,3.21,13628762,79522688.00
20130620,3.15,3.33,3.14,3.19,17247990,102889160.00
20130621,3.27,3.50,3.27,3.44,36718439,230972784.00
20130624,3.36,3.52,3.15,3.39,36965787,231025280.00
20130625,3.36,3.69,3.09,3.62,46812247,299262112.00
20130626,3.67,3.72,3.47,3.63,41437552,274385824.00
20130627,3.58,3.67,3.37,3.40,31673878,204492320.00
20130628,3.30,3.44,3.22,3.30,19657099,120339784.00
20130701,3.30,3.37,3.22,3.35,15820841,96375672.00
20130702,3.35,3.47,3.27,3.45,20966912,130427736.00
20130703,3.43,3.47,3.29,3.37,17444523,108437872.00
20130704,3.31,3.40,3.29,3.30,16226566,99945048.00
20130705,3.31,3.34,3.17,3.19,17431984,104881408.00
20130708,3.10,3.10,2.89,2.90,17582348,96829120.00
20130709,2.95,3.12,2.94,3.06,15686487,87650352.00
20130710,3.04,3.10,3.01,3.07,11084097,62658704.00
20130711,3.08,3.24,3.05,3.16,15399965,89804144.00
20130712,3.14,3.20,3.09,3.09,10957887,63725396.00
20130715,3.11,3.17,3.06,3.13,10336040,59459848.00
20130716,3.12,3.32,3.11,3.29,17413898,103323792.00
20130717,3.24,3.29,3.17,3.19,13047893,77887048.00
20130718,3.21,3.30,3.19,3.22,11902061,71158568.00
20130719,3.22,3.25,3.06,3.08,11400916,66861656.00
20130722,3.14,3.17,3.10,3.16,6634967,38437824.00
20130723,3.18,3.30,3.16,3.27,13944906,83184416.00
20130724,3.26,3.29,3.20,3.26,12869139,76983256.00
20130725,3.25,3.42,3.24,3.29,19421484,119540536.00
20130726,3.34,3.39,3.26,3.32,13553832,83032888.00
20130729,3.27,3.41,3.27,3.32,12995882,80271528.00
20130730,3.31,3.32,3.10,3.22,12910293,76313112.00
20130731,3.20,3.27,3.17,3.19,7321972,43566936.00
20130801,3.25,3.50,3.20,3.50,30786964,191369920.00
20130802,3.47,3.62,3.44,3.59,31254416,203380112.00
20130805,3.56,3.60,3.49,3.57,12988230,84970016.00
20130806,3.57,3.67,3.52,3.59,12702160,83701856.00
20130807,3.57,3.59,3.42,3.46,15277195,97710016.00
20130808,3.44,3.82,3.42,3.75,38803777,263280736.00
20130809,3.70,3.76,3.59,3.73,24983431,168740592.00
20130812,3.71,3.77,3.59,3.68,23000282,155749280.00
20130813,3.65,3.79,3.65,3.70,18199626,124841440.00
20130814,3.69,3.71,3.54,3.64,27649738,184083872.00
20130815,3.60,3.62,3.47,3.49,18646792,121758488.00
20130816,3.45,3.57,3.35,3.36,16415023,104675168.00
20130819,3.30,3.47,3.30,3.45,11125245,69934112.00
20130820,3.42,3.46,3.35,3.39,11064826,69428400.00
20130821,3.39,3.47,3.37,3.47,9268569,58599504.00
20130822,3.46,3.49,3.41,3.42,7992778,50701944.00
20130823,3.44,3.47,3.34,3.40,10194612,64154976.00
20130826,3.41,3.45,3.38,3.44,6826296,43010196.00
20130827,3.45,3.53,3.43,3.51,12349953,79611888.00
20130828,3.47,3.49,3.39,3.39,10001931,63155184.00
20130829,3.39,3.42,3.25,3.29,12711922,77823928.00
20130830,3.27,3.39,3.27,3.31,10418661,63795396.00
20130902,3.34,3.39,3.28,3.37,7711171,47667148.00
20130903,3.36,3.41,3.33,3.39,7474037,46378752.00
20130904,3.37,3.39,3.32,3.34,6174590,38028692.00
20130905,3.34,3.38,3.32,3.33,5887234,36388068.00
20130906,3.32,3.36,3.29,3.34,6536704,39974744.00
20130909,3.42,3.54,3.40,3.47,17715483,112730808.00
20130910,3.45,3.73,3.42,3.62,28863399,189385344.00
20130911,3.57,3.67,3.48,3.59,22029444,145397776.00
20130912,3.55,3.69,3.54,3.66,21403193,142987040.00
20130913,3.66,3.66,3.59,3.61,12001112,79895128.00
20130916,3.60,3.66,3.55,3.58,11172361,74121872.00
20130917,3.65,3.74,3.56,3.57,21701268,146252672.00
20130918,3.61,3.84,3.58,3.81,34177116,236075456.00
20130923,3.81,3.82,3.69,3.78,22178528,153465040.00
20130924,3.79,3.91,3.73,3.82,23565543,165463168.00
20130925,3.82,3.82,3.63,3.67,16318557,111886464.00
20130926,3.64,3.69,3.57,3.60,10406240,69556976.00
20130927,3.60,3.69,3.57,3.60,8127167,54179116.00
20130930,3.60,3.70,3.59,3.70,6509070,43769708.00
20131008,3.70,3.86,3.66,3.83,13152854,91694912.00
20131009,3.84,3.86,3.74,3.78,11910820,82814472.00
20131010,3.80,3.82,3.71,3.74,10705020,74044144.00
20131011,3.78,3.79,3.65,3.70,12000713,81858792.00
20131014,3.74,3.75,3.67,3.71,8107325,55287776.00
20131015,3.65,3.65,3.54,3.59,14293867,94417144.00
20131016,3.57,3.74,3.57,3.63,14397733,97363984.00
20131017,3.63,3.66,3.54,3.55,8735267,57844820.00
20131018,3.56,3.60,3.53,3.56,4790613,31395080.00
20131021,3.57,3.69,3.57,3.65,8718893,58460540.00
20131022,3.64,3.72,3.60,3.65,8496275,57174824.00
20131023,3.65,3.67,3.44,3.45,8882566,57825288.00
20131024,3.51,3.52,3.43,3.47,4234812,27121424.00
20131025,3.47,3.50,3.41,3.42,4390892,27832522.00
20131028,3.43,3.60,3.42,3.57,7847012,50806564.00
20131029,3.61,3.61,3.29,3.44,10059016,63705388.00
20131030,3.38,3.49,3.37,3.47,4853893,30762840.00
20131031,3.47,3.49,3.39,3.43,3814486,24163084.00
20131101,3.43,3.45,3.36,3.39,2677565,16751229.00
20131104,3.41,3.57,3.41,3.52,7907694,51135788.00
20131105,3.53,3.63,3.47,3.59,7082058,46492152.00
20131106,3.59,3.72,3.56,3.71,15788425,106573840.00
20131107,3.66,3.69,3.58,3.60,7237666,48325072.00
20131108,3.60,3.72,3.60,3.72,13519283,91670528.00
20131112,3.86,3.97,3.53,3.57,23416927,161033168.00
20131113,3.54,3.54,3.36,3.36,10231780,64753580.00
20131114,3.35,3.47,3.31,3.41,6393332,40033300.00
20131115,3.41,3.59,3.40,3.51,7785014,50247040.00
20131118,3.55,3.67,3.52,3.62,7682437,50801228.00
20131119,3.64,3.83,3.60,3.69,14105629,96495176.00
20131120,3.67,3.74,3.64,3.72,8879376,60393884.00
20131121,3.74,3.89,3.70,3.75,14917817,104006536.00
20131122,3.77,3.87,3.71,3.75,13669600,94948848.00
20131125,3.75,3.86,3.70,3.72,13204241,91602952.00
20131126,3.74,3.77,3.67,3.74,6675233,45648308.00
20131127,3.72,3.77,3.69,3.71,7263954,49758240.00
20131128,3.71,3.85,3.71,3.85,13993461,97649248.00
20131129,3.86,3.94,3.82,3.86,14383517,102616232.00
20131202,3.69,3.71,3.46,3.46,15862196,103554112.00
20131203,3.39,3.55,3.36,3.53,7344796,46672008.00
20131204,3.59,3.63,3.53,3.60,7952955,52502964.00
20131205,3.59,3.61,3.52,3.55,5678345,37144244.00
20131206,3.55,3.58,3.45,3.54,5864172,37978572.00
20131209,3.56,3.70,3.56,3.66,8320856,55371280.00
20131210,3.66,3.84,3.64,3.75,14435402,99960600.00
20131211,3.74,3.79,3.70,3.77,6879644,47430700.00
20131212,3.75,4.15,3.74,4.14,40691903,301429472.00
20131213,4.01,4.15,3.99,4.05,21195417,158104512.00
20131216,4.12,4.13,3.84,3.90,19546870,143270304.00
20131217,3.86,3.94,3.82,3.91,9959985,70929872.00
20131218,3.90,3.94,3.83,3.86,7680053,54758168.00
20131219,3.89,3.90,3.75,3.75,7714524,54187524.00
20131220,3.77,3.77,3.64,3.70,5856146,39801132.00
20131223,3.70,3.86,3.67,3.84,7395812,51157676.00
20131224,3.82,3.88,3.77,3.84,4903131,34511092.00
20131225,3.85,4.03,3.82,4.00,8184912,59053072.00
20131226,3.97,4.00,3.90,3.91,7151116,52006780.00
20131227,3.89,4.11,3.89,4.03,9673071,71572648.00
20131230,4.02,4.11,3.97,4.10,8233155,61002692.00
20131231,4.09,4.25,4.04,4.05,12873123,98014848.00
20140102,4.00,4.14,3.95,4.14,7274411,54215932.00
20140103,4.11,4.29,4.09,4.24,12516886,96514480.00
20140106,4.25,4.27,4.06,4.06,9676599,73646600.00
20140107,4.02,4.41,3.99,4.21,14928071,116194360.00
20140108,4.23,4.37,4.20,4.27,12132973,95672240.00
20140109,4.26,4.32,4.04,4.06,14568798,111476896.00
20140408,4.29,4.29,3.75,3.87,47181952,340626016.00
20140409,3.80,3.89,3.78,3.84,17780988,125335056.00
20140410,3.85,3.87,3.77,3.83,18255221,127880664.00
20140411,3.79,3.80,3.68,3.69,15658413,107093440.00
20140414,3.70,3.82,3.67,3.81,13879910,95780544.00
20140415,3.78,3.79,3.71,3.74,10378822,71559456.00
20140416,3.72,3.76,3.70,3.74,5999850,41152576.00
20140417,3.74,3.79,3.72,3.75,7148387,49410552.00
20140418,3.72,3.74,3.62,3.66,12905776,86975640.00
20140421,3.60,3.66,3.56,3.58,8405902,55814888.00
20140422,3.56,3.62,3.48,3.54,7162599,46870928.00
20140423,3.55,3.58,3.53,3.57,4178515,27391660.00
20140424,3.56,3.56,3.45,3.49,6322744,40811516.00
20140425,3.48,3.49,3.36,3.37,5752589,36340624.00
20140428,3.36,3.36,3.11,3.11,8000183,47600688.00
20140429,3.11,3.17,3.10,3.16,5137633,29765820.00
20140430,3.17,3.24,3.13,3.20,5175334,30523510.00
20140505,3.20,3.24,3.18,3.23,3036705,17994060.00
20140506,3.24,3.28,3.23,3.24,4136827,24821806.00
20140507,3.23,3.24,3.14,3.14,4402429,25803390.00
20140508,3.12,3.19,3.12,3.14,4127035,24011700.00
20140509,3.14,3.15,3.02,3.06,4137273,23552668.00
20140512,3.09,3.16,3.07,3.15,5474967,31564164.00
20140513,3.16,3.21,3.13,3.17,4799032,28056596.00
20140514,3.17,3.19,3.14,3.16,2818406,16417515.00
20140515,3.16,3.17,3.08,3.09,4043758,23349276.00
20140516,3.09,3.10,2.94,2.99,6360725,35081696.00
20140519,2.99,3.02,2.96,3.00,3478892,19041692.00
20140520,3.01,3.05,2.99,3.00,3704420,20483482.00
20140521,2.98,3.04,2.96,3.02,3344083,18455016.00
20140522,3.03,3.07,3.02,3.03,4136989,23094140.00
20140523,3.03,3.07,3.02,3.06,3719357,20701206.00
20140526,3.07,3.11,3.05,3.10,4710237,26615926.00
20140527,3.10,3.10,3.07,3.07,2897994,16353723.00
20140528,3.08,3.13,3.06,3.11,4591747,26067234.00
20140529,3.12,3.13,3.04,3.05,3443299,19434914.00
20140530,3.06,3.12,3.03,3.10,5027278,28299968.00
20140603,3.09,3.21,3.07,3.15,8786190,50965788.00
20140604,3.11,3.28,3.11,3.19,11718396,68632632.00
20140605,3.20,3.25,3.14,3.23,8226806,48229668.00
20140606,3.17,3.26,3.17,3.24,5781457,34173224.00
20140609,3.23,3.34,3.20,3.32,9748010,58565216.00
20140610,3.32,3.36,3.29,3.30,8319654,50428828.00
20140611,3.30,3.38,3.28,3.31,6674040,40661588.00
20140612,3.31,3.31,3.22,3.22,7649492,45354796.00
20140613,3.23,3.30,3.21,3.26,6107731,36480388.00
20140616,3.28,3.32,3.26,3.30,5450464,32853634.00
20140617,3.30,3.30,3.26,3.26,4213334,25245964.00
20140618,3.25,3.25,3.15,3.17,6415895,37432736.00
20140619,3.19,3.24,3.02,3.09,6221194,35605216.00
20140620,3.10,3.12,3.07,3.12,2891951,16407874.00
20140623,3.10,3.20,3.10,3.17,3388152,19610536.00
20140624,3.19,3.20,3.15,3.16,2486905,14428997.00
20140625,3.15,3.18,3.11,3.15,2847963,16372536.00
20140626,3.14,3.21,3.12,3.20,5499415,32001796.00
20140627,3.21,3.27,3.18,3.24,6366238,37627192.00
20140630,3.23,3.32,3.21,3.29,7840039,47050600.00
20140701,3.29,3.34,3.26,3.33,6205035,37506380.00
20140702,3.34,3.49,3.30,3.46,14791289,91997680.00
20140703,3.46,3.57,3.41,3.44,15218946,97018088.00
20140704,3.45,3.50,3.40,3.45,7005910,44155760.00
20140707,3.45,3.47,3.42,3.43,5499814,34584812.00
20140708,3.43,3.50,3.41,3.46,8060902,51024972.00
20140709,3.45,3.49,3.40,3.41,7939604,49902976.00
20140710,3.41,3.45,3.40,3.45,3961573,24825508.00
20140711,3.45,3.65,3.42,3.61,13156150,85566712.00
20140714,3.60,3.68,3.57,3.62,6283125,41529852.00
20140715,3.61,3.72,3.57,3.67,9370203,62552396.00
20140716,3.66,3.70,3.61,3.66,5438544,36151712.00
20140717,3.64,3.66,3.54,3.60,5032322,32925616.00
20140718,3.60,3.83,3.57,3.76,13376658,90815968.00
20140721,3.74,3.86,3.72,3.76,8648927,59923064.00
20140722,3.78,3.84,3.69,3.75,11329094,77854912.00
20140723,3.75,3.82,3.68,3.71,5780248,39325472.00
20140724,3.68,3.96,3.68,3.80,23115628,161416464.00
20140725,3.75,3.99,3.72,3.99,18664488,133314432.00
20140728,3.99,4.12,3.92,4.10,20743409,153082592.00
20140729,4.06,4.17,4.03,4.10,12483829,93388368.00
20140730,4.10,4.14,4.03,4.11,7705257,57364528.00
20140731,4.11,4.14,4.05,4.09,5993020,44679064.00
20140801,4.09,4.11,4.00,4.04,8476186,62607192.00
20140804,4.04,4.24,3.99,4.13,12154854,92216248.00
20140805,4.09,4.19,4.06,4.16,7356173,55506436.00
20140806,4.16,4.26,4.09,4.20,8130753,61973156.00
20140807,4.21,4.29,4.04,4.06,9803224,74627568.00
20140808,4.10,4.20,4.01,4.20,7907336,59577660.00
20140811,4.22,4.26,4.13,4.14,10353767,79145328.00
20140812,4.14,4.15,3.99,4.06,16323824,121380064.00
20140813,4.06,4.17,4.00,4.09,8613760,64327268.00
20140814,4.07,4.19,4.07,4.10,10134832,76355504.00
20140815,4.11,4.22,4.07,4.21,10506157,79773104.00
20140818,4.25,4.60,4.19,4.47,22307146,176600784.00
20140819,4.47,4.67,4.40,4.67,19012741,157489104.00
20140820,4.61,4.71,4.50,4.57,11473930,96228328.00
20140821,4.56,4.99,4.56,4.77,20673388,180161264.00
20140822,4.77,4.91,4.71,4.78,15103318,131722768.00
20140825,4.70,4.79,4.50,4.59,16003596,135593408.00
20140826,4.57,4.70,4.50,4.57,10472872,87223592.00
20140827,4.56,4.64,4.48,4.52,7034161,58410956.00
20140828,4.52,4.69,4.50,4.55,6522641,54414740.00
20140829,4.59,4.72,4.54,4.67,13417838,113341696.00
20140901,4.67,4.81,4.61,4.78,11686065,100507984.00
20140902,4.76,4.89,4.71,4.84,16739794,146130672.00
20140903,4.86,4.90,4.73,4.88,17152957,150438432.00
20140904,4.83,4.91,4.81,4.84,8987171,79286664.00
20140905,4.84,4.84,4.59,4.65,17277145,147656640.00
20140909,4.65,4.75,4.58,4.71,9576815,81635400.00
20140910,4.73,4.82,4.66,4.81,11609895,100464056.00
20140911,4.82,4.87,4.72,4.75,11598003,101439168.00
20140912,4.76,4.87,4.74,4.78,10060051,87768656.00
20140915,4.76,4.79,4.66,4.68,15208533,130186440.00
20140916,4.69,4.69,4.28,4.37,20369597,166909616.00
20140917,4.34,4.43,4.25,4.36,8962080,70736560.00
20140918,4.36,4.36,4.25,4.30,6334759,49600368.00
20140919,4.30,4.42,4.26,4.39,9812909,77603360.00
20140922,4.38,4.50,4.31,4.42,11239786,90412384.00
20140923,4.42,4.49,4.37,4.43,7015835,56483856.00
20140924,4.42,4.54,4.37,4.52,14304305,115968296.00
20140925,4.52,4.60,4.44,4.52,11468132,94317488.00
20140926,4.50,4.56,4.48,4.54,8206132,67734160.00
20140929,4.54,4.70,4.54,4.69,13860614,117256144.00
20140930,4.74,4.75,4.64,4.69,6217147,52994376.00
20141008,4.69,4.69,4.58,4.64,7978446,67109768.00
20141009,4.64,4.67,4.54,4.60,8563971,71657744.00
20141010,4.59,4.66,4.56,4.62,7308955,61320968.00
20141013,4.62,4.62,4.42,4.47,10044355,81982896.00
20141014,4.47,4.50,4.42,4.46,7233832,58849856.00
20141015,4.47,4.51,4.45,4.49,5737028,46783800.00
20141016,4.49,4.50,4.36,4.47,13070352,105490328.00
20141017,4.44,4.47,4.23,4.40,6753711,53805420.00
20141020,4.39,4.49,4.36,4.49,6360655,51646976.00
20141021,4.49,4.50,4.44,4.44,5736141,46708284.00
20141022,4.45,4.65,4.44,4.60,15766578,131046416.00
20141023,4.57,4.72,4.52,4.60,11421726,96210784.00
20141024,4.61,4.83,4.59,4.81,19153877,164461408.00
20141027,4.72,4.84,4.70,4.82,13978696,121258400.00
20141028,4.82,5.05,4.81,5.02,26135902,236264192.00
20141029,5.01,5.16,4.97,5.12,20206235,186116928.00
20141030,5.12,5.22,5.03,5.19,20138266,187940640.00
20141031,5.14,5.19,5.03,5.09,10435672,96566936.00
20141103,5.06,5.40,4.99,5.22,15322269,146296816.00
20141104,5.22,5.29,5.10,5.21,6871538,64806108.00
20141105,5.16,5.30,5.11,5.11,5305064,49987700.00
20141106,5.06,5.17,4.96,5.12,8644304,79742712.00
20141107,5.12,5.16,4.99,5.00,7430147,68448440.00
20141110,4.97,5.10,4.89,5.06,6837341,62510436.00
20141111,5.06,5.06,4.64,4.76,12051615,105820224.00
20141112,4.75,4.85,4.69,4.82,6153358,53775016.00
20141113,4.82,4.89,4.45,4.55,11042451,93484584.00
20141114,4.51,4.67,4.39,4.58,7542182,62725364.00
20141117,4.59,4.67,4.57,4.60,6466608,54456360.00
20141118,4.60,4.64,4.57,4.61,3943376,33020844.00
20141119,4.61,4.77,4.61,4.72,9416852,80592048.00
20141120,4.71,4.78,4.67,4.70,5423705,46648576.00
20141121,4.70,4.75,4.61,4.69,6382265,54532344.00
20141124,4.72,4.74,4.63,4.67,7000620,59400412.00
20141125,4.67,4.82,4.66,4.78,9263755,79920952.00
20141126,4.78,4.81,4.65,4.70,9447412,81112008.00
20141127,4.69,4.99,4.67,4.97,15776430,137679056.00
20141128,4.97,4.97,4.83,4.89,12488822,110963832.00
20141201,4.90,4.93,4.72,4.75,8035090,70459792.00
20141202,4.69,5.01,4.67,4.81,10440642,92444968.00
20141203,4.79,4.86,4.72,4.84,7698391,67007612.00
20141204,4.84,4.94,4.81,4.88,12397321,109757928.00
20141205,4.84,4.87,4.50,4.60,17716519,149950864.00
20141208,4.56,4.56,4.32,4.34,19460404,155410992.00
20141209,4.34,4.36,3.94,4.00,22829051,173016208.00
20141210,4.00,4.26,3.72,4.20,12266501,92733088.00
20141211,4.15,4.47,4.12,4.34,13723685,109158000.00
20141212,4.36,4.41,4.28,4.36,7862160,62056816.00
20141215,4.35,4.50,4.30,4.44,9821017,78994096.00
20141216,4.44,4.46,4.34,4.38,7365745,58885224.00
20141217,4.27,4.40,4.04,4.11,16734903,128147776.00
20141218,4.14,4.14,3.99,4.01,12729469,93582296.00
20141219,4.02,4.20,3.84,4.20,15851286,116883912.00
20141222,4.15,4.25,3.89,3.99,9026476,66621448.00
20141223,3.98,4.09,3.88,3.90,5316336,38741248.00
20141224,3.97,4.04,3.92,4.00,4286068,31144398.00
20141225,4.00,4.07,3.97,4.01,4600659,33590948.00
20141226,4.01,4.08,3.95,4.03,11077092,81229696.00
20141229,4.15,4.15,4.03,4.05,7871841,58541204.00
20141230,4.06,4.10,3.91,3.98,4890981,35659608.00
20141231,3.95,4.19,3.94,4.10,7553141,55750812.00
20150105,4.11,4.45,4.05,4.32,19720634,154684816.00
20150106,4.31,4.49,4.20,4.44,13481971,108185808.00
20150107,4.41,4.52,4.31,4.42,12573882,101092712.00
20150108,4.41,4.50,4.33,4.33,6074204,48829488.00
20150109,4.33,4.51,4.26,4.41,15489381,125421344.00
20150112,4.45,4.49,4.41,4.46,19141273,154915728.00
20150113,4.47,4.50,4.42,4.44,6399918,52001376.00
20150114,4.44,4.49,4.40,4.45,10603021,86144216.00
20150115,4.46,4.67,4.42,4.61,19808522,164066400.00
20150116,4.58,4.96,4.58,4.95,20923269,183634464.00
20150119,4.81,5.15,4.70,4.87,17342060,157611328.00
20150120,4.87,5.37,4.87,5.37,25873564,245830896.00
20150121,5.37,5.49,5.29,5.39,21077620,205806704.00
20150122,5.34,5.43,5.30,5.40,15543105,151709984.00
20150123,5.39,5.94,5.29,5.94,31674470,328941120.00
20150126,5.92,6.32,5.74,5.93,23716204,255839232.00
20150127,5.94,6.21,5.84,6.17,17049623,187703536.00
20150128,6.10,6.30,6.07,6.24,23025427,260126960.00
20150129,6.24,6.26,5.85,6.11,27742414,306001696.00
20150130,6.11,6.11,5.79,5.89,12471805,133803352.00
20150202,5.88,6.07,5.75,6.05,8520181,92224312.00
20150203,6.04,6.23,6.04,6.20,6650213,74301160.00
20150204,6.26,6.50,6.18,6.19,7259121,83043376.00
20150205,6.21,6.33,6.09,6.17,7179039,81190272.00
20150206,6.12,6.27,6.06,6.11,4834519,53849072.00
20150209,6.11,6.22,6.01,6.06,5094271,56495868.00
20150210,6.06,6.59,6.06,6.43,11483173,132657096.00
20150211,6.47,6.58,6.33,6.47,6966009,81767064.00
20150212,6.49,6.69,6.43,6.50,11082574,131456464.00
20150213,6.50,6.96,6.50,6.80,10026426,122755232.00
20150216,6.87,7.02,6.67,6.80,7466796,92168280.00
20150217,6.85,6.86,6.70,6.79,3065181,37708788.00
20150225,6.78,6.97,6.61,6.89,5462593,67279792.00
20150226,6.89,7.02,6.78,7.00,4002882,50543344.00
20150227,6.98,7.12,6.87,6.96,5424967,68360392.00
20150302,6.95,7.30,6.95,7.14,6972046,90101024.00
20150303,7.10,7.20,6.95,7.04,5212403,66662508.00
20150304,7.05,7.14,6.78,7.07,5536336,70233400.00
20150305,7.21,7.37,6.95,7.06,9796036,126852248.00
20150306,7.10,7.17,6.61,7.09,10221591,128669480.00
20150309,7.04,7.28,6.91,7.16,4833030,62436580.00
20150310,7.15,7.29,7.11,7.12,4704925,61345628.00
20150311,7.09,7.18,6.86,7.11,6018558,76897976.00
20150312,7.11,7.13,6.95,6.97,3535259,45003740.00
20150313,6.97,7.50,6.89,7.19,5792697,74522744.00
20150316,7.17,7.45,7.05,7.19,10209494,134409680.00
20150317,7.28,7.41,7.19,7.27,8162674,108065272.00
20150318,7.39,7.77,7.32,7.72,13328562,182695808.00
20150319,7.72,8.39,7.67,7.93,15657604,227555760.00
20150320,7.90,8.06,7.78,7.87,7749587,111105376.00
20150323,7.87,8.27,7.84,8.16,9964892,144622864.00
20150324,8.14,8.66,7.98,8.54,16738279,252951872.00
20150325,8.53,8.99,8.36,8.73,14293986,225357104.00
20150326,8.70,8.89,8.17,8.21,16843020,258039216.00
20150327,8.25,8.34,7.82,8.16,10993299,160514560.00
20150330,8.42,8.47,8.07,8.45,14467111,218021696.00
20150331,8.42,8.77,8.39,8.58,9160804,142026384.00
20150401,8.59,8.99,8.45,8.97,9763512,154082336.00
20150402,9.11,9.67,8.97,9.67,13596268,230811952.00
20150403,9.56,10.56,9.47,10.32,14061829,256340752.00
20150407,10.22,10.40,9.92,10.34,10088912,184424448.00
20150408,10.12,10.50,9.77,10.35,13140139,242158960.00
20150409,10.28,10.38,9.54,9.91,10163190,180288016.00
20150410,9.83,10.25,9.67,10.11,18973108,342562752.00
20150413,9.97,10.60,9.97,10.29,12753191,239066320.00
20150414,10.29,10.89,10.27,10.37,8255798,158029248.00
20150415,10.37,10.37,9.56,9.95,7988246,144419472.00
20150416,9.84,10.19,9.39,9.84,7843877,138649760.00
20150420,10.21,10.21,9.36,9.55,12742771,223652816.00
20150421,9.57,9.78,9.57,9.77,6603748,115673016.00
20150422,9.84,10.26,9.84,9.95,7446489,134965712.00
20150423,9.94,10.06,9.75,9.84,8584943,153267712.00
20150424,9.67,9.94,9.42,9.51,6435433,112348840.00
20150427,9.64,9.89,9.50,9.59,7623343,132895328.00
20150428,9.58,9.67,8.96,9.39,5505054,93286392.00
20150429,9.34,9.82,9.34,9.71,4762462,83154664.00
20150430,9.65,10.21,9.62,9.89,6852854,123759776.00
20150504,10.06,10.88,9.95,10.82,14814759,279617280.00
20150505,10.99,11.70,10.88,11.47,14079125,292494432.00
20150506,11.61,12.17,11.09,11.16,7967038,165582720.00
20150507,11.06,11.67,11.03,11.37,6707510,137036192.00
20150508,11.40,12.27,11.40,12.23,8997346,194498912.00
20150511,12.40,12.81,12.29,12.47,8538359,193873744.00
20150512,12.51,13.25,12.38,13.01,12398430,287565312.00
20150513,12.72,12.89,12.17,12.70,10257685,233327088.00
20150514,12.72,13.24,12.66,12.83,10969199,255549840.00
20150515,12.83,13.94,12.39,13.27,13002192,306616544.00
20150518,13.02,13.26,12.94,13.13,7917441,187362768.00
20150519,12.99,13.44,12.72,13.07,6366531,149457392.00
20150520,13.11,13.78,13.06,13.50,9488814,229321120.00
20150521,13.86,14.80,12.83,14.69,33023230,463966304.00
20150522,14.69,15.55,14.19,14.62,30914541,462072288.00
20150525,14.28,14.98,13.59,14.81,24420752,355291616.00
20150526,14.97,15.28,14.71,15.18,21168436,319942304.00
20150527,15.48,16.70,15.26,16.70,28735110,463946720.00
20150528,16.98,17.13,15.03,15.03,52028240,820573504.00
20150529,14.23,14.66,13.53,13.99,49642291,695741120.00
20150601,14.04,14.53,13.69,14.35,34161057,485887680.00
20150602,14.30,14.78,14.08,14.78,42685064,613702336.00
20150603,14.79,15.53,14.50,15.27,33343193,504870912.00
20150604,15.35,15.35,14.16,14.92,22875781,340427136.00
20150605,15.08,15.73,14.43,15.66,71994611,1095663744.00
20150608,15.88,15.96,14.87,15.09,29187148,448395232.00
20150609,15.06,15.23,14.46,14.62,21607153,319698432.00
20150610,14.62,15.15,14.47,14.98,20268962,300990720.00
20150611,14.98,15.88,14.98,15.48,35999104,560661696.00
20150612,15.63,15.78,15.27,15.42,23289416,362050432.00
20150615,15.43,15.59,14.87,14.92,25452568,385675744.00
20150616,14.88,14.88,13.96,14.15,16739958,240225504.00
20150617,14.13,15.28,13.57,15.08,19255187,276253536.00
20150618,15.28,15.87,14.98,15.13,32671626,506765120.00
20150619,14.88,14.97,13.78,13.98,17659039,255791952.00
20150623,14.01,14.68,12.58,14.31,16599373,232190768.00
20150624,14.48,14.90,14.00,14.71,17881390,260994880.00
20150625,14.68,14.78,13.87,14.03,14048459,202614560.00
20150626,13.64,13.64,12.63,12.63,17623949,228883344.00
20151015,11.37,11.37,11.37,11.37,11135900,126837904.00
20151016,10.23,10.23,10.23,10.23,4896300,50187076.00
20151019,9.29,11.26,9.29,10.05,178404607,1776850304.00
20151020,9.58,10.03,9.56,9.78,104502994,1025979904.00
20151021,9.89,10.16,9.08,9.12,85595062,836681856.00
20151022,9.02,9.79,9.02,9.67,53282281,500998656.00
20151023,9.68,10.11,9.42,9.65,82056928,797297024.00
20151026,9.76,10.08,9.53,10.06,79990048,786174336.00
20151027,10.04,10.06,9.56,9.92,74605064,735726400.00
20151028,9.78,9.90,9.28,9.38,60565279,581413376.00
20151029,9.39,9.50,9.16,9.32,28753260,269051072.00
20151030,9.32,9.43,9.13,9.39,25207996,234145440.00
20151102,9.20,9.23,8.48,8.68,54164929,489117184.00
20151103,8.67,8.77,7.84,8.08,67589734,560010816.00
20151104,8.16,8.70,8.08,8.67,53180864,448633600.00
20151105,8.80,9.29,8.74,9.10,66533571,605700352.00
20151106,9.04,9.26,9.00,9.18,52418404,479489440.00
20151109,9.06,9.61,9.00,9.44,52025688,487277952.00
20151110,9.34,9.57,9.19,9.45,46101690,433350560.00
20151111,9.45,9.84,9.33,9.68,47895244,460079936.00
20151112,9.68,10.65,9.68,10.65,81515318,834375232.00
20151113,10.72,10.73,9.96,10.14,69583962,718268800.00
20151116,9.84,11.15,9.78,10.97,65918818,708227392.00
20151117,11.04,11.15,10.44,10.44,74416970,804281792.00
20151118,10.46,10.64,10.18,10.23,35576297,371586976.00
20151119,10.25,10.85,10.11,10.60,44099939,462067488.00
20151120,10.66,10.74,10.38,10.63,45808679,484951552.00
20151123,10.56,10.56,10.26,10.31,44077192,458682752.00
20151124,10.18,10.47,9.99,10.41,33807083,345876384.00
20151125,9.43,10.11,9.37,9.88,189718325,1806842368.00
20151126,9.48,9.76,9.40,9.48,120520192,1154855168.00
20151127,9.38,9.91,9.03,9.20,91187961,872802944.00
20151130,9.25,9.31,8.28,8.80,74566551,652348160.00
20151201,8.68,9.00,8.58,8.73,49307282,433743808.00
20151202,8.84,8.98,8.29,8.78,42908219,372790560.00
20151203,8.78,8.97,8.71,8.90,40677997,360263872.00
20151204,8.86,9.16,8.76,9.09,51818203,464700800.00
20151207,9.00,9.08,8.84,8.98,40476908,363430048.00
20151208,8.94,8.94,8.49,8.61,41521829,360586880.00
20151209,8.60,8.61,8.38,8.40,26917658,228413888.00
20151210,8.43,8.53,8.30,8.35,27161322,228743920.00
20151211,8.30,8.46,8.30,8.37,20882439,175594320.00
20151214,8.28,8.40,8.03,8.39,25980644,213662896.00
20151215,8.37,8.63,8.31,8.51,31837074,270704544.00
20151216,8.52,8.67,8.46,8.53,28322116,242763248.00
20151217,8.56,8.96,8.55,8.91,50223865,441849760.00
20151218,9.43,9.77,9.09,9.12,79482578,745720960.00
20151221,8.88,9.29,8.83,9.11,48767448,442729280.00
20151222,9.08,9.10,8.91,9.00,31739670,286122944.00
20151223,9.01,9.03,8.70,8.73,34182312,304008224.00
20151224,8.73,8.77,8.49,8.65,22473760,193745440.00
20151225,8.68,8.83,8.64,8.77,18188043,159331152.00
20151228,8.81,8.93,8.61,8.64,30358310,267828192.00
20151229,8.56,8.70,8.50,8.66,17248387,148409472.00
20151230,8.65,8.81,8.62,8.77,20124846,176078512.00
20151231,8.75,9.05,8.73,8.82,32519603,289932160.00
20160104,8.63,8.63,7.94,7.94,43227294,352796800.00
20160105,7.30,7.72,7.14,7.27,46635374,344954336.00
20160106,7.37,7.41,7.12,7.38,39196860,285613056.00
20160107,7.18,7.19,6.64,6.64,10751612,73805600.00
20160108,6.68,6.83,6.00,6.37,54150655,347446880.00
20160111,6.17,6.22,5.73,5.73,37026738,221904032.00
20160112,5.73,5.81,5.51,5.73,31397798,179194944.00
20160113,5.77,5.82,5.44,5.46,26326776,150331152.00
20160114,5.20,5.73,5.18,5.68,32341550,177839008.00
20160115,5.59,5.67,5.24,5.31,27010379,148391696.00
20160118,5.18,5.61,5.11,5.47,28372892,154306336.00
20160119,5.46,5.84,5.40,5.77,38380485,216670320.00
20160120,5.76,5.97,5.68,5.88,41871191,244940688.00
20160121,5.75,6.04,5.53,5.53,38031038,221405120.00
20160122,5.62,5.68,5.33,5.64,33438134,184577808.00
20160125,5.67,5.80,5.62,5.73,23990513,137138368.00
20160126,5.63,5.66,5.16,5.16,31074106,167399696.00
20160127,5.16,5.23,4.70,5.06,24372921,121845864.00
20160128,5.00,5.11,4.68,4.75,18789585,93221424.00
20160129,4.76,5.06,4.74,5.00,22123752,109575152.00
20160201,4.89,4.96,4.68,4.81,24533829,119134384.00
20160202,4.83,5.07,4.78,5.05,26625751,133189160.00
20160203,4.98,5.10,4.86,5.05,22165488,110511456.00
20160204,5.05,5.23,5.01,5.20,25315083,130626824.00
20160205,5.19,5.26,5.04,5.04,24369464,124675624.00
20160215,4.83,5.07,4.76,4.98,19982488,98364680.00
20160216,4.99,5.48,4.99,5.48,30179566,161210256.00
20160217,5.53,5.62,5.32,5.59,47383927,260210240.00
20160218,5.53,5.63,5.46,5.49,34502611,191673728.00
20160219,5.42,5.58,5.42,5.50,27445030,151297488.00
20160222,5.39,5.98,5.07,5.91,126371686,681067328.00
20160223,5.67,5.82,5.52,5.58,85342184,483867808.00
20160224,5.44,5.56,5.26,5.49,62193701,338703104.00
20160225,5.45,5.59,4.94,4.94,76124478,405632928.00
20160226,4.95,5.04,4.71,4.86,47079308,231615344.00
20160229,4.79,4.81,4.37,4.37,46192841,206666112.00
20160301,4.36,4.50,4.24,4.46,33255415,146939616.00
20160302,4.43,4.90,4.41,4.82,52811524,248077472.00
20160303,4.76,4.97,4.74,4.82,49104730,239793488.00
20160304,4.78,4.82,4.40,4.46,42433640,196148960.00
20160307,4.58,4.91,4.58,4.91,36443953,176073600.00
20160308,5.12,5.40,4.88,5.33,140873451,731643200.00
20160309,4.98,5.11,4.88,4.96,74721445,375055872.00
20160310,4.98,5.04,4.73,4.77,44483706,217150784.00
20160311,4.65,4.79,4.60,4.75,26803835,126739696.00
20160314,4.83,5.09,4.82,4.99,49462654,247410496.00
20160315,4.94,5.07,4.83,5.03,45324923,225605104.00
20160316,5.05,5.11,4.90,4.92,31554200,157804096.00
20160317,4.99,5.22,4.95,5.18,66766383,341600896.00
20160318,5.22,5.53,5.14,5.43,96642611,513604288.00
20160321,5.51,5.67,5.38,5.60,82218024,455886080.00
20160322,5.41,5.52,5.37,5.43,70266289,383796352.00
20160323,5.35,5.56,5.29,5.52,64099625,350024768.00
20160324,5.50,5.50,5.23,5.25,59510920,319412832.00
20160325,5.17,5.34,5.15,5.30,40997845,215365040.00
20160328,5.33,5.48,5.28,5.32,51918597,280769472.00
20160329,5.27,5.34,5.11,5.18,32216462,168512752.00
20160330,5.22,5.43,5.21,5.39,40332538,215542416.00
20160331,5.37,5.45,5.26,5.29,43264828,231715120.00
20160401,5.25,5.27,5.12,5.21,33497683,174263408.00
20160405,5.22,5.45,5.16,5.41,49954757,266780736.00
20160406,5.38,5.44,5.31,5.40,46001927,248517072.00
20160407,5.42,5.61,5.42,5.44,76504019,422534272.00
20160408,5.33,5.38,5.26,5.36,40156229,214497504.00
20160411,5.46,5.54,5.41,5.51,52327739,288178720.00
20160412,5.50,5.61,5.34,5.50,42275961,232056080.00
20160413,5.53,6.05,5.52,5.89,139677721,831608512.00
20160414,5.78,5.90,5.69,5.86,81370992,472777504.00
20160415,5.79,5.86,5.75,5.82,43629552,253923232.00
20160418,5.78,5.78,5.62,5.66,37586903,214107376.00
20160419,5.74,5.82,5.63,5.76,35383217,203000064.00
20160420,5.83,5.83,5.20,5.36,54058623,298490368.00
20160421,5.40,5.90,5.35,5.90,94485220,541527488.00
20160422,5.92,6.33,5.86,6.13,153403642,944137216.00
20160425,6.01,6.08,5.84,5.99,76448327,456331392.00
20160426,5.86,5.92,5.65,5.82,81694046,472679552.00
20160427,5.80,6.40,5.76,6.31,176530179,1109752448.00
20160428,6.20,6.40,5.98,6.28,132986955,825219776.00
20160429,6.16,6.29,6.10,6.10,60798448,376280832.00
20160503,6.12,6.52,6.03,6.46,85177957,541852352.00
20160504,6.43,7.06,6.36,6.63,122236748,822062400.00
20160505,6.59,6.94,6.53,6.82,94806887,640415616.00
20160506,6.74,6.80,6.31,6.38,95293141,630713152.00
20160509,6.29,6.55,6.03,6.55,82238860,519357120.00
20160510,6.43,6.60,6.28,6.35,55358783,357926464.00
20160511,6.33,6.51,6.18,6.33,56574872,360090720.00
20160512,6.17,6.36,6.02,6.27,47779413,297157120.00
20160513,6.20,6.39,6.09,6.16,42085976,263805104.00
20160516,6.13,6.31,6.00,6.31,48223414,298544672.00
20160517,6.29,6.68,6.29,6.57,93542020,612835008.00
20160518,6.46,6.64,6.13,6.30,68913137,444427168.00
20160519,6.28,6.50,6.11,6.18,51526823,325609184.00
20160520,6.09,6.23,6.03,6.18,43894220,269852672.00
20160523,6.16,6.31,6.14,6.26,36000606,225467424.00
20160524,6.23,6.33,6.03,6.04,38219976,235783408.00
20160525,6.10,6.23,6.05,6.07,33941002,208510448.00
20160526,6.06,6.14,5.76,5.94,46463894,274941152.00
20160527,5.93,5.93,5.77,5.78,34142576,199901728.00
20160530,5.73,5.80,5.63,5.63,24926849,142566256.00
20160531,5.60,5.87,5.58,5.86,48459599,280647648.00
20160601,5.85,5.92,5.79,5.81,45526797,266704432.00
20160602,5.78,6.08,5.70,6.01,65027228,384630976.00
20160603,5.96,6.01,5.84,5.88,46218025,274554240.00
20160606,5.89,6.01,5.85,5.93,28405330,168560544.00
20160607,5.95,5.99,5.83,5.86,30436048,180444176.00
20160608,5.82,5.84,5.65,5.68,37311540,213875744.00
20160613,5.58,5.59,5.15,5.18,35414679,192765184.00
20160614,5.12,5.18,5.04,5.12,23766950,121995176.00
20160615,5.06,5.40,5.04,5.33,35142256,184742992.00
20160616,5.28,5.39,5.21,5.25,27856185,148059632.00
20160617,5.24,5.34,5.23,5.26,19028362,101000912.00
20160620,5.28,5.32,5.14,5.20,15427447,80426016.00
20160621,5.23,5.33,5.11,5.14,23485804,123094984.00
20160622,5.13,5.21,5.10,5.20,14664604,75955288.00
20160623,5.18,5.24,5.16,5.19,16170810,84477904.00
20160624,5.21,5.24,4.98,5.11,22878140,117810432.00
20160627,5.04,5.20,5.04,5.20,20534907,106161864.00
20160628,5.17,5.27,5.14,5.27,23448148,122720888.00
20160629,5.29,5.41,5.28,5.33,26464337,141782352.00
20160630,5.30,5.38,5.23,5.28,25680192,136434688.00
20160701,5.28,5.30,5.23,5.25,18208127,96166384.00
20160704,5.21,5.47,5.17,5.44,39352963,212189040.00
20160705,5.41,5.45,5.36,5.42,28926662,156984768.00
20160706,5.38,5.48,5.34,5.46,25980312,141047712.00
20160707,5.46,5.46,5.32,5.38,24219753,131231288.00
20160708,5.38,5.40,5.32,5.35,15121813,81435800.00
20160711,5.23,5.27,5.10,5.13,47574940,247291456.00
20160712,5.06,5.06,4.64,4.91,82464272,399711520.00
20160713,4.85,4.91,4.75,4.88,45156764,219279120.00
20160714,4.87,4.91,4.80,4.87,28942255,141309440.00
20160715,4.86,4.97,4.84,4.94,33378571,164258736.00
20160718,4.92,4.93,4.82,4.85,19740042,96317352.00
20160719,4.88,4.89,4.82,4.89,18376834,89647944.00
20160720,4.88,4.91,4.85,4.86,15709193,76982048.00
20160721,4.86,4.93,4.84,4.90,21023485,103403160.00
20160722,4.90,4.90,4.83,4.86,15618660,76263544.00
20160725,4.91,5.35,4.91,5.35,47324096,248492160.00
20160726,5.40,5.56,5.29,5.32,95972661,523102080.00
20160727,5.23,5.27,4.85,4.99,69999737,359405216.00
20160728,4.97,5.36,4.93,5.31,81011984,425692224.00
20160729,5.23,5.24,5.10,5.17,36629693,189927840.00
20160801,5.00,5.01,4.65,4.81,51289483,247566624.00
20160802,4.78,4.84,4.73,4.82,21382665,102831464.00
20160803,4.80,4.89,4.74,4.83,24726679,119518296.00
20160804,4.82,4.86,4.78,4.83,17689661,85577568.00
20160805,4.82,4.84,4.78,4.78,14908445,71870176.00
20160808,4.78,4.86,4.73,4.84,17185443,82946832.00
20160809,4.85,5.05,4.82,4.94,30059973,148874336.00
20160810,4.94,5.01,4.92,4.94,17837664,88750640.00
20160811,4.91,4.94,4.84,4.86,15892885,77970096.00
20160812,4.88,4.94,4.87,4.93,16596583,81797792.00
20160815,4.95,5.13,4.93,5.07,34787983,176380112.00
20160816,5.08,5.09,5.00,5.05,22795392,115486784.00
20160817,5.06,5.12,5.03,5.07,18172653,92419616.00
20160818,5.06,5.16,5.05,5.11,23960121,122765112.00
20160819,5.13,5.15,5.06,5.08,18795085,96324016.00
20160822,5.10,5.11,4.97,4.98,15524534,78440736.00
20160823,4.98,5.18,4.97,5.14,28272792,144354256.00
20160824,5.12,5.20,5.09,5.10,18203792,93781496.00
20160825,5.10,5.10,4.92,5.04,18994887,95945992.00
20160826,5.04,5.10,5.01,5.04,12676310,64346556.00
20160829,5.07,5.20,5.06,5.20,26355959,135970096.00
20160830,5.20,5.26,5.12,5.13,20375732,105870576.00
20160831,5.12,5.15,5.05,5.10,19353804,98889552.00
20160901,5.10,5.12,5.05,5.05,13331387,67933912.00
20160902,5.04,5.17,5.02,5.14,19699474,100757656.00
20160905,5.13,5.14,5.06,5.08,16222117,83010968.00
20160906,5.08,5.16,5.03,5.14,18653456,95468736.00
20160907,5.14,5.21,5.07,5.12,23453977,121429328.00
20160908,5.11,5.23,5.10,5.21,23378482,121667904.00
20160909,5.19,5.23,5.14,5.14,16089730,83729696.00
20160912,5.06,5.07,4.83,4.93,29956585,149496640.00
20160913,4.94,5.05,4.93,5.01,12401420,62165004.00
20160914,5.00,5.01,4.92,4.94,10210497,50854828.00
20160919,4.95,5.02,4.95,4.98,8479407,42394924.00
20160920,4.98,5.09,4.93,5.03,16968288,85570648.00
20160921,5.02,5.05,4.98,5.03,8213700,41358196.00
20160922,5.05,5.07,5.00,5.02,9020187,45593804.00
20160923,5.03,5.03,4.95,4.96,9217470,46154352.00
20160926,4.95,4.97,4.86,4.86,13163738,64992180.00
20160927,4.87,4.93,4.84,4.92,8305411,40757268.00
20160928,4.91,4.93,4.88,4.91,5823120,28684132.00
20160929,4.91,4.95,4.91,4.91,7074221,34989800.00
20160930,4.91,5.21,4.89,5.11,38611649,197209536.00
20161010,5.10,5.30,5.08,5.24,44441660,232318608.00
20161011,5.24,5.24,5.14,5.22,26664387,138944592.00
20161012,5.18,5.37,5.18,5.25,26244273,139040000.00
20161013,5.26,5.28,5.21,5.23,15543985,81809328.00
20161014,5.22,5.22,5.14,5.18,15479050,80277336.00
20161017,5.18,5.21,5.10,5.13,11780528,60977408.00
20161018,5.12,5.20,5.10,5.20,18052310,93581640.00
20161019,5.22,5.22,5.13,5.14,10878648,56496440.00
20161020,5.16,5.29,5.16,5.22,22768824,119759032.00
20161021,5.19,5.21,5.08,5.14,20394176,105305808.00
20161024,5.13,5.19,5.11,5.17,18480090,95543320.00
20161025,5.15,5.20,5.14,5.19,16224125,84231816.00
20161026,5.18,5.31,5.16,5.27,33930315,178268144.00
20161027,5.24,5.25,5.20,5.24,16481261,86443312.00
20161028,5.23,5.31,5.19,5.19,18814599,98973464.00
20161031,5.19,5.19,5.10,5.12,15290440,78717248.00
20161101,5.13,5.18,5.12,5.17,10594409,54718096.00
20161102,5.15,5.16,5.10,5.10,14658992,75431016.00
20161103,5.09,5.31,5.06,5.26,29792348,156204352.00
20161104,5.25,5.30,5.18,5.23,18163284,95320288.00
20161107,5.27,5.27,5.18,5.23,12456511,65388840.00
20161108,5.23,5.31,5.20,5.28,28872012,152534400.00
20161109,5.27,5.43,5.24,5.37,49272850,264644976.00
20161110,5.40,5.44,5.36,5.42,31726408,171961328.00
20161111,5.43,5.85,5.35,5.65,59732243,333568224.00
20161114,5.54,5.67,5.50,5.60,34566870,194075072.00
20161115,5.57,5.83,5.56,5.65,38836158,221920304.00
20161116,5.68,5.91,5.66,5.80,46963892,273592672.00
20161117,5.73,5.77,5.59,5.69,30307235,172382416.00
20161118,5.66,5.67,5.49,5.55,29624180,165699552.00
20161121,5.53,5.66,5.50,5.62,21622262,121279792.00
20161122,5.70,5.77,5.63,5.73,27202016,155709520.00
20161123,5.71,5.92,5.68,5.76,41855074,243348720.00
20161124,5.73,5.84,5.63,5.76,28497873,164243728.00
20161125,5.71,5.75,5.53,5.75,22012880,125128656.00
20161128,5.70,5.85,5.65,5.81,25685702,148800960.00
20161129,5.76,6.04,5.73,5.92,48793308,289762784.00
20161130,5.80,5.86,5.60,5.65,43830563,251112080.00
20161201,5.77,5.86,5.65,5.69,22703813,130140328.00
20161202,5.64,5.68,5.34,5.38,40895200,224655760.00
20161205,5.31,5.49,5.29,5.35,19865368,107651088.00
20161206,5.36,5.42,5.33,5.34,12001800,64696616.00
20161207,5.33,5.46,5.32,5.43,11377059,61649716.00
20161208,5.43,5.57,5.42,5.51,20929642,115718120.00
20161209,5.52,5.57,5.48,5.52,12094124,67021316.00
20161212,5.59,5.59,5.17,5.21,21958158,118451712.00
20161213,5.21,5.31,5.09,5.28,17991982,93676080.00
20161214,5.23,5.36,5.19,5.28,11911502,63097184.00
20161215,5.25,5.45,5.23,5.37,17141376,92202008.00
20161216,5.39,5.49,5.33,5.46,22340303,121208360.00
20161219,5.42,5.52,5.37,5.43,14478266,78889048.00
20161220,5.47,5.58,5.40,5.53,23681305,130750352.00
20161221,5.53,5.61,5.47,5.55,16374424,91010880.00
20161222,5.52,5.52,5.41,5.50,15659284,86030904.00
20161223,5.53,5.58,5.43,5.46,13710246,75724120.00
20161226,5.43,5.43,5.20,5.40,12769317,68467168.00
20161227,5.41,5.65,5.39,5.62,20280910,112256464.00
20161228,5.75,6.18,5.71,6.18,130936904,800665728.00
20161229,6.15,6.15,5.89,5.98,89867567,541122432.00
20161230,5.91,6.04,5.86,5.95,53281966,317335168.00
20170103,6.09,6.17,5.74,5.84,71041665,419057536.00
20170104,5.79,5.93,5.73,5.90,46033331,268954624.00
20170105,5.85,5.88,5.76,5.77,35045000,204019440.00
20170106,5.78,5.90,5.71,5.71,38929271,226821792.00
20170109,5.65,5.66,5.50,5.58,42087462,235462336.00
20170110,5.56,5.63,5.52,5.58,21627920,121194016.00
20170111,5.55,5.78,5.53,5.74,44461850,253361424.00
20170112,5.70,5.73,5.53,5.56,24045280,135591616.00
20170113,5.53,5.59,5.26,5.31,25216822,138012816.00
20170116,5.22,5.29,4.84,5.06,29392536,151507968.00
20170117,4.98,5.16,4.89,5.13,18349233,93391520.00
20170118,5.12,5.12,5.01,5.03,12452681,63286212.00
20170119,5.01,5.06,4.99,5.03,10723579,54104720.00
20170120,5.03,5.17,5.00,5.11,13661204,69904496.00
20170123,5.12,5.18,5.09,5.14,13529716,69888424.00
20170124,5.13,5.22,5.07,5.14,17018522,87688992.00
20170125,5.09,5.15,5.08,5.12,10049781,51593912.00
20170126,5.14,5.24,5.13,5.23,14430990,75084744.00
20170203,5.22,5.22,5.11,5.15,12096100,62405408.00
20170206,5.13,5.20,5.13,5.19,11665109,60608380.00
20170207,5.18,5.19,5.13,5.17,9403721,48737536.00
20170208,5.14,5.29,5.13,5.26,16469481,86138712.00
20170209,5.27,5.51,5.23,5.40,31341004,168834944.00
20170210,5.38,5.65,5.30,5.57,49123434,270211232.00
20170213,6.06,6.13,6.06,6.13,43948850,270040640.00
20170214,6.08,6.08,5.79,5.88,98161494,581824320.00
20170215,5.77,5.89,5.66,5.68,62528663,361958272.00
20170216,5.68,6.25,5.67,6.20,137373179,846879232.00
20170217,6.06,6.13,5.83,5.86,115160145,693043904.00
20170220,5.81,6.03,5.81,5.92,50884264,302526016.00
20170221,5.92,6.20,5.81,6.11,68383785,414876960.00
20170222,6.06,6.64,6.03,6.31,90801497,573802048.00
20170223,6.25,6.30,6.04,6.08,61105490,377201408.00
20170224,6.03,6.15,6.01,6.13,31363855,191612800.00
20170227,6.18,6.23,6.05,6.14,35897114,220794064.00
20170228,6.14,6.14,5.97,5.99,43714669,264629232.00
20170301,5.96,6.22,5.94,6.08,47943402,293210304.00
20170302,6.03,6.08,5.85,5.89,39883302,238925568.00
20170303,5.83,5.89,5.74,5.79,24468658,142455504.00
20170306,5.76,5.89,5.76,5.86,20532180,120237352.00
20170307,5.85,5.91,5.80,5.88,17297336,101492608.00
20170308,5.85,6.06,5.81,5.90,27876400,165398672.00
20170309,5.82,5.86,5.77,5.79,22357602,130166264.00
20170310,5.77,5.82,5.75,5.75,12705980,73657032.00
20170313,5.75,5.81,5.65,5.79,15341426,88371680.00
20170314,5.81,5.83,5.74,5.75,11712825,68019328.00
20170315,5.75,5.82,5.70,5.76,15545050,89972360.00
20170316,5.77,5.87,5.77,5.85,19200325,112463848.00
20170317,5.85,5.88,5.72,5.73,19977450,116600792.00
20170320,5.73,5.76,5.69,5.76,14468796,83075744.00
20170321,5.70,5.74,5.68,5.69,13669126,78302464.00
20170322,5.66,5.85,5.62,5.80,32017840,185713440.00
20170323,5.76,5.97,5.75,5.86,35010910,206199344.00
20170324,5.88,6.08,5.78,6.05,52384159,314002816.00
20170327,6.00,6.11,5.95,5.95,36687247,220985696.00
20170328,5.94,6.07,5.93,5.99,26041680,156808928.00
20170329,5.99,6.59,5.95,6.17,102177221,647468736.00
20170330,6.11,6.25,5.90,5.92,66489555,403309568.00
20170331,5.93,6.06,5.72,5.78,44659479,264490560.00
20170405,5.88,6.26,5.83,6.19,67798202,413481280.00
20170406,6.26,6.26,6.10,6.24,51159720,316891296.00
20170407,6.16,6.23,6.10,6.12,35661832,220176560.00
20170410,6.10,6.44,6.09,6.28,64874985,408838848.00
20170411,6.25,6.58,6.21,6.42,74582436,479490752.00
20170412,6.30,6.34,5.99,6.06,51904092,321900192.00
20170413,6.06,6.23,6.03,6.23,30419034,188152752.00
20170414,6.18,6.34,6.03,6.10,36869341,228561792.00
20170417,6.08,6.08,5.86,5.91,30479387,181438272.00
20170418,5.92,5.95,5.83,5.83,17055706,100784056.00
20170419,5.80,5.85,5.63,5.73,24183011,138799360.00
20170420,5.73,5.78,5.40,5.54,28098404,157523504.00
20170421,5.57,5.61,5.45,5.47,14634702,81111304.00
20170424,5.49,5.50,5.19,5.42,18420270,98456200.00
20170425,5.41,5.67,5.38,5.55,20375789,113451752.00
20170426,5.55,5.67,5.53,5.57,14122580,79402664.00
20170427,5.57,5.82,5.49,5.75,26082956,148585584.00
20170428,5.72,5.84,5.70,5.76,16180740,93781872.00
20170502,5.75,5.80,5.68,5.70,10884340,62544508.00
20170503,5.72,5.76,5.53,5.62,14676820,83174424.00
20170504,5.56,5.82,5.53,5.77,20995564,120191272.00
20170505,5.73,5.82,5.64,5.64,16928342,97654704.00
20170508,5.63,5.63,5.45,5.46,15648167,86815608.00
20170509,5.53,5.75,5.47,5.74,21067859,118811384.00
20170510,5.72,5.76,5.38,5.38,21619800,122066184.00
20170511,5.28,5.40,5.06,5.34,22872678,120425064.00
20170512,5.30,5.39,5.17,5.26,12796800,68003056.00
20170515,5.28,5.36,5.22,5.26,8241100,43755352.00
20170516,5.26,5.40,5.11,5.38,15978270,84678360.00
20170517,5.34,5.48,5.34,5.37,13959869,75655864.00
20170518,5.28,5.44,5.25,5.29,13023082,69472880.00
20170519,5.29,5.82,5.26,5.64,41654970,232364016.00
20170522,5.58,5.66,5.44,5.45,18652952,103865264.00
20170523,5.45,5.49,5.22,5.23,15480241,82882512.00
20170524,5.23,5.63,5.13,5.50,26154054,142679600.00
20170525,5.47,5.66,5.44,5.60,21027345,117044136.00
20170526,5.57,5.62,5.49,5.56,13322398,74374096.00
20170531,5.63,5.66,5.50,5.51,11069360,61770300.00
20170601,5.49,5.66,5.28,5.31,15898963,87922552.00
20170602,5.26,5.59,5.12,5.54,19672698,106262496.00
20170605,5.54,5.63,5.50,5.56,12369777,68974592.00
20170606,5.53,5.56,5.33,5.45,15425479,84253064.00
20170607,5.45,5.60,5.42,5.57,17402906,96791032.00
20170608,5.57,5.70,5.55,5.58,20150784,113650616.00
20170609,5.59,5.73,5.44,5.68,25487808,143161904.00
20170612,5.64,5.64,5.52,5.52,16494036,92264744.00
20170613,5.51,5.66,5.48,5.59,10803083,60599152.00
20170614,5.58,5.59,5.50,5.56,9091383,50597772.00
20170615,5.56,5.66,5.55,5.58,14718978,82837072.00
20170616,5.57,5.59,5.42,5.45,20730680,114294000.00
20170619,5.44,5.47,5.33,5.39,15768500,85367576.00
20170620,5.40,5.47,5.35,5.36,11534600,62595336.00
20170621,5.38,5.43,5.31,5.36,11122458,59824540.00
20170622,5.38,5.42,5.27,5.28,13095663,70387280.00
20170623,5.31,5.32,5.17,5.27,14277500,74980304.00
20170626,5.26,5.32,5.24,5.31,8196404,43501240.00
20170627,5.31,5.43,5.29,5.36,11647343,62645668.00
20170628,5.34,5.36,5.29,5.30,7112838,38042496.00
20170629,5.34,5.36,5.27,5.29,6941780,36927004.00
20170630,5.28,5.28,5.19,5.23,7993800,41990244.00
20170703,5.24,5.26,5.18,5.26,12236319,64032908.00
20170704,5.27,5.36,5.24,5.30,11882843,62940440.00
20170705,5.29,5.32,5.24,5.29,8028060,42401176.00
20170706,5.29,5.32,5.22,5.25,9988620,52639268.00
20170707,5.25,5.26,5.21,5.26,8745510,45754540.00
20170710,5.25,5.25,5.00,5.06,34761303,177439312.00
20170711,5.03,5.04,4.88,4.88,21899811,108616912.00
20170712,4.85,4.90,4.66,4.76,25227619,119831400.00
20170713,4.76,5.01,4.72,4.93,28976727,142099264.00
20170714,4.90,4.90,4.77,4.80,18249296,87817288.00
20170717,4.75,4.77,4.39,4.39,23298550,105407160.00
20170718,4.33,4.47,4.33,4.44,11648846,51403880.00
20170719,4.44,4.61,4.37,4.61,17953768,81160816.00
数据来源:通达信
