300164 通源石油 日线 前复权
      日期	    开盘	    最高	    最低	    收盘	    成交量	    成交额
20110113,9.49,10.05,9.26,9.89,10825154,626364288.00
20110114,9.44,9.47,8.87,8.87,6344591,337741856.00
20110117,8.55,8.80,8.31,8.57,3279010,165847600.00
20110118,8.40,8.40,8.05,8.22,2287376,112105360.00
20110119,8.22,8.41,8.20,8.38,1615372,79809744.00
20110120,8.36,8.36,8.01,8.05,1357977,66291132.00
20110121,7.88,8.20,7.88,8.00,1345482,64308588.00
20110124,8.02,8.15,7.67,7.67,1069737,50417020.00
20110125,7.67,7.77,7.59,7.70,645705,29612270.00
20110126,7.70,8.01,7.70,7.84,816859,38389780.00
20110127,7.86,8.11,7.82,8.00,586211,27884666.00
20110128,7.97,8.02,7.85,7.93,611752,28921070.00
20110131,7.88,8.42,7.88,8.40,1664934,81724408.00
20110201,8.33,8.34,8.17,8.21,730422,35862936.00
20110209,8.05,8.15,7.93,8.05,642516,30854638.00
20110210,8.09,8.31,7.99,8.30,779164,37982560.00
20110211,8.31,8.37,8.23,8.36,739327,36546980.00
20110214,8.40,8.44,8.26,8.41,773193,38559592.00
20110215,8.39,8.64,8.37,8.39,900866,45530192.00
20110216,8.37,8.56,8.33,8.53,621280,31246584.00
20110217,8.55,8.66,8.48,8.66,863373,44112940.00
20110218,8.79,8.79,8.50,8.54,1049700,53869688.00
20110221,8.55,8.68,8.55,8.64,854054,43789204.00
20110222,8.76,8.85,8.34,8.35,1002683,51110332.00
20110223,8.31,8.45,8.31,8.38,434711,21695652.00
20110224,8.43,8.44,8.22,8.38,650255,32262678.00
20110225,8.38,8.40,8.22,8.33,393738,19443516.00
20110228,8.31,8.45,8.26,8.41,494280,24617832.00
20110301,8.45,8.55,8.35,8.40,652782,32779882.00
20110302,8.41,8.51,8.38,8.48,563397,28319472.00
20110303,8.45,8.65,8.38,8.56,1275054,64826212.00
20110304,8.57,8.65,8.47,8.60,706559,35979440.00
20110307,8.67,8.80,8.51,8.80,1298036,66644440.00
20110308,8.81,9.09,8.81,8.92,2005820,106890248.00
20110309,8.86,8.91,8.75,8.79,625491,32734292.00
20110310,8.76,8.89,8.67,8.68,565841,29530052.00
20110311,8.68,8.78,8.61,8.65,450544,23249384.00
20110314,8.63,8.77,8.61,8.76,367178,19014484.00
20110315,8.78,8.78,8.48,8.59,684621,35081732.00
20110316,8.54,8.64,8.52,8.62,276342,14143961.00
20110317,8.53,8.69,8.49,8.51,409621,20950126.00
20110318,8.57,8.61,8.50,8.51,207282,10524712.00
20110321,8.52,8.68,8.49,8.61,329782,16913716.00
20110322,8.61,8.61,8.44,8.46,348601,17587026.00
20110323,8.51,8.54,8.42,8.52,205343,10375944.00
20110324,8.53,8.64,8.49,8.57,404507,20659026.00
20110325,8.53,8.65,8.49,8.59,301287,15387633.00
20110328,8.59,8.60,8.21,8.22,714494,35691292.00
20110329,8.22,8.22,7.86,7.89,723041,34512044.00
20110330,7.88,7.94,7.78,7.85,230952,10799059.00
20110331,7.81,8.00,7.79,7.96,307367,14559137.00
20110401,7.96,8.01,7.90,8.01,141827,6742073.50
20110406,7.99,8.03,7.88,7.96,182070,8650488.00
20110407,7.98,8.13,7.96,8.05,193560,9306062.00
20110408,8.05,8.11,8.02,8.08,166115,7999657.00
20110411,8.09,8.14,8.04,8.05,224709,10833123.00
20110412,7.96,8.05,7.88,7.88,188139,8874549.00
20110413,7.91,8.01,7.88,8.00,176749,8391173.00
20110414,8.03,8.03,7.86,7.86,161680,7630233.00
20110415,7.86,7.90,7.82,7.88,152931,7174654.00
20110418,7.84,8.00,7.82,7.96,170606,8069918.00
20110419,7.90,7.93,7.68,7.75,412657,19118200.00
20110420,7.79,7.79,7.61,7.74,383709,17545862.00
20110421,7.73,7.75,7.53,7.58,647259,29443822.00
20110422,7.44,7.44,6.81,6.88,2296185,96800704.00
20110425,6.84,6.92,6.77,6.83,785276,32291866.00
20110426,6.82,6.87,6.72,6.77,330449,13472479.00
20110427,6.83,6.89,6.67,6.74,241323,9829797.00
20110428,6.74,6.76,6.46,6.46,485550,19150602.00
20110429,6.51,6.55,6.14,6.53,409101,15732673.00
20110503,6.54,6.59,6.47,6.58,246661,9681548.00
20110504,6.49,6.52,6.33,6.38,188249,7275359.50
20110505,6.34,6.43,6.31,6.37,200005,7663675.00
20110506,6.27,6.36,6.22,6.30,357242,13521108.00
20110509,6.30,6.41,6.28,6.36,184678,7077868.50
20110510,6.35,6.42,6.34,6.42,140309,5385161.50
20110511,6.42,6.48,6.35,6.45,171986,6636979.50
20110512,6.38,6.45,6.30,6.30,203348,7789454.50
20110513,6.31,6.37,6.21,6.35,182051,6881441.50
20110516,6.35,6.37,6.31,6.32,95899,3655727.75
20110517,6.37,6.37,6.28,6.31,118570,4510991.50
20110518,6.35,6.35,6.28,6.33,93900,3577925.50
20110519,6.33,6.37,6.28,6.30,115565,4394310.00
20110520,6.31,6.35,6.22,6.22,156683,5894479.00
20110523,6.21,6.21,5.90,5.96,344763,12474462.00
20110524,5.88,6.12,5.79,6.04,358966,12911343.00
20110526,5.91,5.95,5.79,5.83,268958,9524203.00
20110527,5.84,5.84,5.71,5.73,184378,6408377.00
20110530,5.72,5.83,5.65,5.70,224900,7808621.50
20110531,5.71,5.86,5.70,5.79,125859,4376090.50
20110601,5.76,5.85,5.76,5.85,139439,4902698.00
20110602,5.79,5.85,5.69,5.84,149929,5232637.50
20110603,5.84,5.93,5.83,5.90,125666,4469309.00
20110607,5.85,5.91,5.85,5.90,65349,2322910.75
20110608,5.91,5.91,5.79,5.89,65660,2316697.75
20110609,5.89,5.91,5.82,5.83,224055,7906984.00
20110610,5.84,5.84,5.64,5.74,114038,3254021.00
20110613,5.70,5.77,5.62,5.76,195215,5520972.00
20110614,5.70,5.78,5.70,5.76,93810,2678291.75
20110615,5.74,5.77,5.70,5.73,140029,3980336.00
20110616,5.72,5.72,5.53,5.55,265671,7374970.00
20110617,5.55,5.59,5.45,5.47,73749,2023472.50
20110620,5.47,5.54,5.43,5.47,110820,3014291.75
20110621,5.53,5.59,5.45,5.54,133459,3651239.75
20110622,5.53,5.54,5.43,5.44,72831,1985167.75
20110623,5.47,5.71,5.44,5.68,337421,9442766.00
20110624,5.67,5.82,5.64,5.80,333929,9554776.00
20110627,5.82,6.02,5.75,5.96,444088,13074524.00
20110628,5.85,5.96,5.85,5.93,172497,5042468.00
20110629,5.96,6.04,5.91,5.96,352884,10500340.00
20110630,5.89,6.12,5.86,6.11,301003,9027254.00
20110701,6.03,6.22,6.03,6.16,304845,9267735.00
20110705,6.30,6.36,6.20,6.24,429611,13305678.00
20110706,6.21,6.30,6.16,6.26,229260,7066827.50
20110707,6.23,6.45,6.21,6.29,530876,16566663.00
20110708,6.26,6.32,6.24,6.28,220660,6849296.00
20110711,6.27,6.27,6.13,6.23,470542,14409740.00
20110712,6.20,6.37,6.10,6.29,636027,19902586.00
20110713,6.38,6.44,6.29,6.40,451728,14294489.00
20110714,6.41,6.55,6.41,6.54,443403,14235866.00
20110715,6.55,6.62,6.45,6.55,278838,9045243.00
20110718,6.67,6.75,6.47,6.48,487734,15839649.00
20110719,6.47,6.51,6.35,6.37,427063,13521235.00
20110720,6.39,6.57,6.39,6.56,504827,16189440.00
20110721,6.57,6.99,6.51,6.97,1049632,35221052.00
20110722,6.87,6.97,6.77,6.87,713451,24084688.00
20110725,6.86,6.90,6.66,6.68,869255,28967556.00
20110726,6.68,6.68,6.42,6.52,363529,11694239.00
20110727,6.52,6.74,6.43,6.69,301877,9888309.00
20110728,6.58,6.77,6.57,6.73,276051,9133784.00
20110729,6.74,6.76,6.60,6.65,196719,6467263.00
20110801,6.52,6.73,6.52,6.68,272872,8974241.00
20110802,6.71,6.71,6.47,6.71,254033,8276902.50
20110803,6.66,6.79,6.62,6.76,192211,6404095.00
20110804,6.79,6.79,6.68,6.76,273192,9113655.00
20110805,6.59,6.88,6.49,6.85,500876,16609815.00
20110808,6.69,6.83,6.38,6.71,598017,19672516.00
20110809,6.49,6.67,6.18,6.56,305551,9839324.00
20110810,6.56,6.89,6.56,6.79,636320,21313938.00
20110811,6.78,7.13,6.70,7.10,651206,22374744.00
20110812,7.14,7.15,6.98,6.99,509033,17688126.00
20110815,6.97,7.11,6.90,7.01,758650,26143974.00
20110816,7.05,7.06,6.91,6.95,255760,8813920.00
20110817,7.00,7.00,6.90,6.96,384015,13137834.00
20110818,6.99,6.99,6.82,6.87,276260,9408537.00
20110819,6.59,6.84,6.53,6.76,526932,17515438.00
20110822,6.76,7.01,6.76,6.85,403149,13724858.00
20110823,6.89,6.99,6.80,6.96,180953,6169096.00
20110824,7.03,7.31,7.03,7.24,857399,30487938.00
20110825,7.24,7.27,7.05,7.14,467686,16471237.00
20110826,7.14,7.24,7.05,7.22,205214,7280187.00
20110829,7.14,7.39,7.14,7.33,502828,18073418.00
20110830,7.40,7.41,7.05,7.15,314811,11205752.00
20110831,7.09,7.18,6.91,6.97,366862,12616950.00
20110901,7.09,7.09,6.89,6.95,177144,6082971.50
20110902,6.90,6.91,6.81,6.90,112061,3799666.75
20110905,6.82,6.99,6.79,6.86,253603,8587516.00
20110906,6.88,6.93,6.82,6.87,113061,3835327.75
20110907,6.93,7.09,6.88,7.09,143399,4961650.00
20110908,7.09,7.17,6.90,7.01,115000,3991676.00
20110909,6.92,7.07,6.78,6.86,190174,6462853.00
20110913,6.76,6.84,6.52,6.65,141106,4668203.00
20110914,6.68,6.75,6.51,6.68,148146,4852739.00
20110915,6.68,6.78,6.63,6.63,109588,3619675.75
20110916,6.70,6.72,6.63,6.66,59480,1958919.38
20110919,6.64,6.64,6.53,6.53,69020,2242391.25
20110920,6.57,6.78,6.53,6.72,150600,4959282.00
20110921,6.63,6.90,6.63,6.85,342101,11470462.00
20110922,6.87,6.87,6.52,6.59,191561,6301735.00
20110923,6.51,6.51,6.26,6.42,367435,11591849.00
20110926,6.31,6.44,6.18,6.32,415419,12963048.00
20110927,6.33,6.36,6.18,6.22,249891,7721954.00
20110928,6.28,6.34,6.09,6.12,110842,3396462.75
20110929,6.05,6.11,5.74,6.11,319197,9336224.00
20110930,5.95,6.05,5.84,6.04,143820,4231348.50
20111010,6.02,6.02,5.84,5.84,84839,2484279.50
20111011,6.05,6.05,5.78,5.84,68780,2006118.25
20111012,5.73,6.09,5.73,5.99,259599,7695197.50
20111013,6.05,6.31,6.03,6.21,307870,9456066.00
20111014,6.22,6.26,6.06,6.16,123073,3739226.75
20111017,6.30,6.30,6.10,6.19,62620,1913258.38
20111018,6.18,6.18,6.02,6.07,107430,3242296.75
20111019,6.13,6.13,5.95,6.01,94720,2821342.75
20111020,5.96,6.05,5.92,6.01,202691,6033241.00
20111021,5.99,6.01,5.78,5.84,165870,4823873.00
20111024,5.91,5.98,5.81,5.97,199792,5836566.00
20111025,6.01,6.22,5.97,6.17,222905,6749943.50
20111026,6.26,6.26,6.02,6.20,515440,15667776.00
20111027,6.13,6.20,6.06,6.10,227490,6893179.00
20111028,6.18,6.21,6.07,6.15,260888,7945066.00
20111031,6.24,6.24,6.16,6.23,203381,6246149.50
20111101,6.14,6.26,6.09,6.20,179350,5498759.50
20111102,6.14,6.37,6.06,6.37,551793,16971146.00
20111103,6.37,6.77,6.34,6.56,911941,29562154.00
20111104,6.57,6.67,6.52,6.61,290587,9444137.00
20111107,6.66,6.77,6.37,6.62,398243,13160573.00
20111108,6.63,6.76,6.58,6.66,429358,14192328.00
20111109,6.67,6.94,6.67,6.93,673417,22736624.00
20111110,6.85,6.93,6.77,6.81,501639,16950388.00
20111111,6.87,6.87,6.72,6.79,348785,11701981.00
20111114,6.86,6.96,6.79,6.95,413556,14089591.00
20111115,6.97,7.13,6.89,7.08,515371,17915668.00
20111116,7.07,7.08,6.79,6.89,390282,13323849.00
20111117,6.84,7.08,6.83,7.00,336202,11553453.00
20111118,7.00,7.00,6.59,6.78,308568,10316978.00
20111121,6.76,6.78,6.57,6.69,184149,6049026.00
20111122,6.67,6.72,6.51,6.60,470889,15346816.00
20111123,6.63,6.67,6.57,6.62,284300,9287072.00
20111124,6.45,6.65,6.37,6.61,232669,7507325.00
20111125,6.61,6.67,6.55,6.61,180576,5901681.50
20111128,6.61,6.67,6.53,6.64,126466,4134922.50
20111129,6.68,6.71,6.58,6.71,201856,6638703.50
20111130,6.66,6.74,6.31,6.46,362172,11709666.00
20111201,6.59,6.68,6.48,6.50,284390,9279691.00
20111202,6.49,6.54,6.37,6.50,182533,5829125.50
20111205,6.49,6.63,6.26,6.32,129283,4081717.50
20111206,6.25,6.41,6.07,6.36,117690,3659108.50
20111207,6.39,6.41,6.26,6.34,73431,2291367.00
20111208,6.27,6.47,6.27,6.42,106430,3353200.75
20111209,6.42,6.42,6.17,6.29,142200,4452699.50
20111212,6.32,6.32,6.08,6.08,117330,3586405.00
20111213,5.95,6.04,5.74,5.74,311264,9013127.00
20111214,5.78,5.78,5.46,5.49,497062,13868066.00
20111215,5.44,5.53,5.38,5.45,224140,6049105.50
20111216,5.46,5.65,5.43,5.64,222893,6130604.50
20111219,5.63,5.64,5.47,5.62,233262,6412519.00
20111220,5.57,5.70,5.55,5.64,140049,3925076.00
20111221,5.68,5.75,5.48,5.48,184700,5161382.00
20111222,5.48,5.52,5.14,5.33,336939,8827943.00
20111223,5.29,5.47,5.29,5.41,116686,3131461.00
20111226,5.33,5.48,5.32,5.40,152336,4097194.50
20111227,5.21,5.41,5.21,5.22,94977,2498362.75
20111228,5.11,5.31,5.05,5.15,125501,3209072.00
20111229,5.19,5.30,5.19,5.24,130221,3396479.25
20111230,5.24,5.36,5.24,5.29,161022,4235913.50
20120104,5.39,5.58,5.27,5.27,218519,5930342.00
20120105,5.25,5.38,4.97,5.19,279020,7155290.50
20120106,5.13,5.22,5.05,5.19,104488,2668449.50
20120109,5.24,5.39,5.08,5.36,376670,9961236.00
20120110,5.29,5.51,5.29,5.50,482619,13049601.00
20120111,5.43,5.72,5.43,5.63,607813,16689874.00
20120112,5.59,5.64,5.47,5.49,440915,12104497.00
20120113,5.55,5.80,5.45,5.49,738859,20573846.00
20120116,5.24,5.48,5.19,5.19,385518,10151328.00
20120117,5.12,5.39,4.73,5.36,700149,17931828.00
20120118,5.44,5.84,5.12,5.43,752764,20098874.00
20120119,5.30,5.40,5.02,5.14,883371,22716210.00
20120120,5.14,5.14,4.95,5.12,799175,20088902.00
20120130,5.13,5.32,5.08,5.25,895847,23282816.00
20120131,5.20,5.24,5.12,5.20,235166,6063276.00
20120201,5.20,5.35,5.16,5.22,381111,9999402.00
20120202,5.17,5.32,5.17,5.32,308678,8078059.00
20120203,5.32,5.54,5.28,5.52,573549,15520163.00
20120206,5.47,5.72,5.47,5.64,736655,20634956.00
20120207,5.63,5.63,5.47,5.52,421953,11581375.00
20120208,5.53,5.70,5.53,5.68,445380,12499965.00
20120209,5.66,5.76,5.43,5.64,896765,25154490.00
20120210,5.59,5.74,5.58,5.73,513676,14503686.00
20120213,5.66,6.04,5.64,5.94,834069,24560334.00
20120214,5.95,5.99,5.87,5.92,382676,11221986.00
20120215,5.89,5.98,5.89,5.93,466422,13740024.00
20120216,5.96,5.97,5.71,5.82,1019920,29523726.00
20120217,5.82,5.84,5.66,5.81,510038,14554657.00
20120220,5.89,5.92,5.80,5.86,691653,20147122.00
20120221,5.87,6.03,5.86,6.03,943745,27920134.00
20120222,6.06,6.24,6.05,6.16,1021693,31138122.00
20120223,6.19,6.33,6.17,6.21,999892,30867718.00
20120224,6.18,6.39,6.18,6.30,814126,25433092.00
20120227,6.36,6.59,6.30,6.50,1499291,47852340.00
20120228,6.47,6.57,6.39,6.47,1056945,33849376.00
20120229,6.48,6.50,6.24,6.26,993562,31022974.00
20120301,6.28,6.44,6.20,6.39,977123,30579354.00
20120302,6.44,6.44,6.16,6.34,2585899,80171944.00
20120305,6.29,6.37,6.22,6.25,1649975,51225172.00
20120306,6.22,6.31,6.21,6.26,951843,29543696.00
20120307,6.17,6.29,6.16,6.16,828954,25609148.00
20120308,6.16,6.26,6.16,6.24,629530,19417386.00
20120309,6.30,6.31,6.21,6.30,687307,21329064.00
20120312,6.32,6.34,6.24,6.34,955952,29796538.00
20120313,6.34,6.37,6.29,6.36,704505,22097440.00
20120314,6.40,6.46,5.86,6.02,1527070,47541484.00
20120315,6.05,6.13,5.97,6.04,646395,19438900.00
20120316,6.04,6.30,6.04,6.27,961432,29295436.00
20120319,6.57,6.68,6.30,6.54,2619740,84172328.00
20120320,6.57,6.59,6.38,6.40,1678015,53727800.00
20120321,6.40,6.61,6.33,6.60,1691523,54105892.00
20120322,6.59,6.84,6.51,6.75,2489627,82836328.00
20120323,6.74,6.74,6.43,6.50,1088533,35562400.00
20120326,6.44,6.50,6.37,6.45,477957,15213717.00
20120327,6.50,6.53,6.37,6.39,472263,15044321.00
20120329,5.97,6.02,5.74,5.74,1091608,31654980.00
20120330,5.64,5.74,5.33,5.50,1143998,31458950.00
20120405,5.51,5.72,5.48,5.72,658989,18435964.00
20120406,5.75,5.78,5.67,5.73,448061,12748499.00
20120409,5.71,5.88,5.53,5.70,493067,14067856.00
20120410,5.64,5.72,5.49,5.71,335033,9306468.00
20120411,5.67,5.72,5.50,5.66,217105,6097626.00
20120412,5.69,5.84,5.68,5.83,559614,16054124.00
20120413,5.80,5.95,5.79,5.94,640969,18767420.00
20120416,5.95,5.95,5.85,5.88,269124,7878838.50
20120417,5.86,5.97,5.78,5.80,396085,11498197.00
20120418,5.83,5.97,5.83,5.97,280550,8236072.00
20120419,5.97,6.24,5.91,6.13,1262419,38176080.00
20120420,6.10,6.21,6.09,6.16,494088,15070361.00
20120423,6.05,6.11,5.95,5.99,649455,19390678.00
20120424,5.84,6.14,5.74,5.86,430983,12534687.00
20120425,5.84,5.92,5.80,5.89,291708,8484065.00
20120426,5.90,5.92,5.82,5.82,324169,9461738.00
20120427,5.84,6.02,5.79,5.92,278224,8154109.00
20120502,6.13,6.14,5.92,6.07,527625,15787920.00
20120503,5.97,6.13,5.97,6.01,512918,15357951.00
20120504,6.02,6.26,6.01,6.21,422158,12910109.00
20120507,6.22,6.36,6.08,6.33,721502,22219156.00
20120508,6.32,6.59,6.23,6.39,1050896,33512962.00
20120509,6.39,6.41,6.22,6.30,432458,13496197.00
20120510,6.42,6.42,6.30,6.35,348730,10965161.00
20120511,6.32,6.36,6.23,6.27,270210,8422932.00
20120514,6.30,6.41,6.22,6.36,336368,10521562.00
20120515,6.24,6.36,6.23,6.35,364771,11429904.00
20120516,6.38,6.38,6.26,6.36,453860,14286478.00
20120517,6.27,6.45,6.27,6.38,899814,14099949.00
20120518,6.35,6.37,5.99,6.11,897487,13467900.00
20120521,6.08,6.25,6.07,6.20,562467,8508135.00
20120522,6.16,6.27,6.16,6.20,362096,5514518.00
20120523,6.21,6.26,6.09,6.17,361800,5504802.50
20120524,6.12,6.18,6.08,6.11,421291,6318832.50
20120525,6.11,6.12,5.82,5.82,676600,9838415.00
20120528,5.74,5.95,5.62,5.91,470107,6644852.50
20120529,5.89,5.99,5.87,5.97,589523,8554092.00
20120530,5.96,5.98,5.89,5.92,185350,2699124.00
20120531,5.87,5.99,5.84,5.96,518909,7510727.00
20120601,5.97,6.32,5.92,6.03,307908,4581482.50
20120604,5.89,5.89,5.75,5.80,261497,3738826.75
20120605,5.78,5.86,5.68,5.70,272140,3841663.00
20120606,5.82,5.87,5.62,5.67,220600,3070405.25
20120607,5.70,5.72,5.62,5.65,152101,2112862.75
20120608,5.62,5.74,5.62,5.72,301215,4217201.00
20120611,5.70,5.90,5.70,5.80,262800,3762132.75
20120612,5.76,5.88,5.59,5.87,649357,9214776.00
20120613,5.84,6.10,5.77,6.09,445499,6526517.50
20120614,6.09,6.18,5.91,6.02,470801,7028722.00
20120615,5.98,6.12,5.95,6.05,176224,2607089.50
20120618,6.05,6.31,6.05,6.19,1017583,15488522.00
20120619,6.19,6.32,6.12,6.16,297327,4514824.50
20120620,6.12,6.28,6.10,6.17,916022,13850482.00
20120621,6.16,6.16,6.01,6.10,398399,5927784.00
20120625,6.05,6.05,5.82,5.93,365027,5286901.00
20120626,5.75,6.11,5.74,5.99,538954,7928699.00
20120627,6.01,6.60,6.01,6.43,6171389,97429040.00
20120628,6.31,6.36,6.04,6.04,3105700,47309296.00
20120629,6.07,6.07,5.78,5.95,1529521,22189378.00
20120702,6.03,6.07,5.91,5.95,1105804,16256609.00
20120703,5.99,6.33,5.96,6.33,3319666,50693536.00
20120704,6.41,6.44,6.07,6.12,2086091,31863870.00
20120705,6.17,6.26,6.02,6.18,939160,14180137.00
20120706,6.30,6.30,5.88,6.18,1254597,18792228.00
20120709,6.14,6.14,5.80,5.80,1323762,19323456.00
20120710,5.78,5.85,5.63,5.64,695493,9746980.00
20120711,5.66,5.74,5.62,5.74,469873,6563939.00
20120712,5.70,5.89,5.65,5.83,368619,5265964.00
20120713,5.83,5.94,5.83,5.84,419281,6072038.50
20120716,5.99,6.09,5.70,5.84,953924,13920209.00
20120717,5.72,6.04,5.72,5.99,790079,11422617.00
20120718,5.92,6.32,5.83,6.20,2169480,32749582.00
20120719,6.19,6.42,6.13,6.36,1653236,25534394.00
20120720,6.34,6.62,6.24,6.37,1964490,31223300.00
20120723,6.24,6.45,6.18,6.29,961755,14897028.00
20120724,6.24,6.57,6.23,6.48,1178544,18659280.00
20120725,6.42,6.73,6.34,6.62,1904984,30661906.00
20120726,6.72,6.72,6.29,6.37,1644758,26114878.00
20120727,6.43,6.47,6.29,6.34,596444,9311305.00
20120730,6.28,6.47,6.18,6.24,946173,14546168.00
20120731,6.24,6.24,6.09,6.14,657533,9908906.00
20120801,6.21,6.65,6.19,6.65,1647134,26243242.00
20120802,6.53,6.66,6.50,6.60,1451541,23414734.00
20120803,6.60,7.10,6.59,6.95,3904716,66018180.00
20120806,6.91,7.19,6.82,7.12,2617039,44978828.00
20120807,7.09,7.42,7.03,7.29,3820472,68118488.00
20120808,7.22,7.28,7.07,7.17,1294267,22624200.00
20120809,7.15,7.65,7.14,7.52,2966114,53828060.00
20120810,7.47,7.82,7.47,7.63,2457979,46164792.00
20120813,7.61,7.61,7.24,7.25,2072419,37502704.00
20120814,7.25,7.70,7.20,7.57,3660846,66490180.00
20120815,7.56,7.72,7.32,7.34,2469287,45304256.00
20120816,7.23,7.30,7.16,7.16,969886,17087076.00
20120817,7.11,7.34,7.03,7.17,2173562,38333144.00
20120820,7.07,7.40,7.02,7.36,1340768,23778132.00
20120821,7.34,7.64,7.27,7.39,2819151,51726784.00
20120822,7.40,7.81,7.37,7.71,3102621,57720984.00
20120823,7.57,7.70,7.42,7.51,2125046,39090728.00
20120824,7.46,7.46,7.18,7.18,1669174,29605976.00
20120827,7.18,7.48,7.01,7.12,2155798,38214496.00
20120828,7.02,7.32,7.01,7.25,1000624,17425874.00
20120829,7.23,7.41,7.11,7.14,537004,9520131.00
20120830,7.14,7.14,6.56,6.68,2504568,41875792.00
20120831,6.67,6.90,6.67,6.83,951826,15848056.00
20120903,6.83,7.20,6.78,7.19,1036619,17883778.00
20120904,7.19,7.40,7.10,7.10,731392,12915943.00
20120905,7.03,7.28,7.01,7.12,524045,9160307.00
20120906,7.19,7.32,7.03,7.12,666942,11621765.00
20120907,7.22,7.53,7.15,7.44,2038190,36748360.00
20120910,7.28,7.71,7.23,7.65,2684248,49258852.00
20120911,7.67,7.78,7.36,7.43,2174385,40125756.00
20120912,7.43,7.53,7.37,7.46,1457345,26515478.00
20120913,7.46,7.66,7.37,7.45,1705838,31439410.00
20120914,7.57,7.64,7.04,7.19,1869930,33120136.00
20120917,7.22,7.22,6.97,6.99,960617,16504999.00
20120918,6.95,7.06,6.92,6.99,530880,9059799.00
20120919,7.12,7.19,6.98,7.07,728869,12625141.00
20120920,7.07,7.08,6.70,6.76,830851,13915094.00
20120921,6.74,6.89,6.47,6.49,1088612,17922616.00
20120924,6.46,6.60,6.46,6.57,922425,14759869.00
20120925,6.49,6.68,6.49,6.60,422622,6842800.50
20120926,6.60,6.60,6.15,6.29,1442999,22330580.00
20120927,6.27,6.52,6.19,6.49,1400791,21989504.00
20120928,6.44,6.53,6.37,6.52,849291,13416362.00
20121008,6.51,6.86,6.46,6.83,1343889,22110438.00
20121009,6.82,7.08,6.79,6.91,1013531,17206952.00
20121010,6.84,7.02,6.83,6.97,816771,13935612.00
20121011,6.97,6.97,6.72,6.76,906390,15133527.00
20121012,6.82,6.94,6.77,6.92,407194,6822754.50
20121015,6.83,6.86,6.54,6.72,638003,10393395.00
20121016,6.72,6.84,6.67,6.84,646588,10727797.00
20121017,6.82,6.87,6.68,6.78,814697,13444199.00
20121018,6.80,6.93,6.80,6.91,659859,11136348.00
20121019,6.91,6.99,6.89,6.97,591284,10050231.00
20121022,6.95,7.19,6.87,7.07,1366600,23516424.00
20121023,7.11,7.14,6.95,6.97,646613,11118293.00
20121024,6.83,7.00,6.49,6.51,1098727,17993668.00
20121025,6.57,6.65,6.50,6.54,696875,11194237.00
20121026,6.51,6.54,6.19,6.44,701620,10998509.00
20121029,6.44,6.61,6.44,6.54,399304,6411756.50
20121030,6.64,6.89,6.51,6.85,708547,11646563.00
20121031,6.87,6.87,6.57,6.63,721860,11806812.00
20121101,6.69,6.73,6.54,6.67,555722,9080586.00
20121102,6.66,6.72,6.61,6.69,368636,6008194.00
20121105,6.61,6.70,6.56,6.59,360168,5841650.50
20121106,6.72,6.90,6.68,6.78,2055852,34264664.00
20121107,6.79,6.80,6.66,6.78,563039,9294388.00
20121108,6.70,6.77,6.45,6.56,573488,9251396.00
20121109,6.52,6.62,6.48,6.54,136742,2197244.50
20121112,6.47,6.67,6.47,6.66,266605,4303457.50
20121113,6.69,6.69,6.39,6.44,205640,3281287.75
20121114,6.23,6.44,6.23,6.41,476108,7379942.50
20121115,6.32,6.58,6.26,6.44,430780,6820452.50
20121116,6.52,6.64,6.33,6.47,300636,4788549.00
20121119,6.49,6.56,6.39,6.45,236499,3746260.75
20121120,6.49,6.51,6.42,6.46,269702,4270675.50
20121121,6.48,6.48,6.31,6.38,330209,5162451.00
20121122,6.43,6.47,6.28,6.36,209911,3280804.25
20121123,6.37,6.57,6.28,6.30,294347,4600850.50
20121126,6.19,6.32,6.00,6.00,339957,5097321.50
20121127,5.95,5.95,5.70,5.71,628001,8925410.00
20121128,5.64,5.82,5.49,5.66,318813,4443475.00
20121129,5.64,5.76,5.45,5.48,235602,3232230.25
20121130,5.51,5.70,5.51,5.66,453712,6298299.00
20121203,5.70,5.70,5.49,5.50,172100,2376501.25
20121204,5.53,5.62,5.43,5.61,378207,5110768.00
20121205,5.61,5.87,5.53,5.78,656114,9283876.00
20121206,5.72,5.82,5.64,5.68,378399,5302127.50
20121207,5.74,5.78,5.64,5.75,897305,12597459.00
20121210,5.79,5.95,5.73,5.92,1742104,24906796.00
20121211,5.80,5.87,5.77,5.79,619227,8842415.00
20121212,5.78,5.88,5.71,5.83,694744,9847364.00
20121213,5.79,5.82,5.59,5.62,1002186,13978334.00
20121214,5.62,5.88,5.61,5.87,1362170,19349084.00
20121217,5.87,5.99,5.82,5.96,952125,13794324.00
20121218,5.97,6.10,5.91,6.05,939467,13857094.00
20121219,6.01,6.31,5.99,6.12,1020748,15428559.00
20121220,6.07,6.26,5.96,6.18,753613,11339025.00
20121221,6.18,6.32,6.12,6.27,926657,14162919.00
20121224,6.24,6.34,6.16,6.19,649468,9951190.00
20121225,6.19,6.35,6.09,6.32,1550148,23753656.00
20121226,6.29,6.57,6.29,6.51,789068,12468644.00
20121227,6.62,6.67,6.44,6.49,824479,13184784.00
20121228,6.45,6.49,6.24,6.39,1267485,19698634.00
20121231,6.39,6.44,6.17,6.28,2108677,32275274.00
20130104,6.32,6.39,6.26,6.37,928725,14420785.00
20130107,6.34,6.49,6.28,6.47,544960,8527576.00
20130108,6.44,6.62,6.41,6.59,1060113,16974674.00
20130109,6.60,6.73,6.46,6.49,1818238,29429872.00
20130110,6.49,6.53,6.32,6.37,1253960,19723238.00
20130111,6.44,6.58,6.17,6.22,1921438,29950504.00
20130114,6.22,6.60,6.15,6.56,5407610,84987928.00
20130115,6.53,6.76,6.49,6.64,3841656,62069412.00
20130116,6.62,6.66,6.44,6.50,2036785,32446500.00
20130117,6.53,6.96,6.53,6.84,4788550,79226672.00
20130118,6.92,6.92,6.68,6.87,2719127,45380628.00
20130121,6.84,6.91,6.75,6.85,1855432,31021440.00
20130122,6.85,7.14,6.68,6.71,3485845,59060628.00
20130123,6.72,6.90,6.66,6.80,1906229,31561734.00
20130124,6.73,6.82,6.49,6.50,1620973,26435922.00
20130125,6.52,6.71,6.47,6.65,765804,12408190.00
20130128,6.12,6.60,6.12,6.49,5095059,80409264.00
20130129,6.46,6.72,6.42,6.58,2296642,36935232.00
20130130,6.62,6.89,6.62,6.77,2661226,44054884.00
20130131,6.74,6.76,6.56,6.72,1104577,17949920.00
20130201,6.74,7.09,6.66,7.02,3699337,62772144.00
20130603,7.72,7.72,7.72,7.72,281256,3498824.75
20130604,8.50,8.50,8.50,8.50,626860,8575445.00
20130605,9.36,9.36,9.36,9.36,4481742,67450216.00
20130606,9.64,10.13,9.53,10.04,27615650,433831968.00
20130607,9.91,10.26,9.69,9.79,16566423,264297472.00
20130613,9.49,9.49,8.81,9.21,10026845,147299184.00
20130614,9.17,9.79,9.10,9.64,8271250,125100760.00
20130617,9.53,9.75,9.40,9.61,6063282,93086280.00
20130618,9.49,9.61,8.87,9.02,5676928,83124080.00
20130619,9.01,9.02,8.51,8.89,3892297,54647456.00
20130620,8.76,9.07,8.54,8.89,4207277,59556412.00
20130621,8.64,9.24,8.52,9.06,3389834,48664752.00
20130624,9.01,9.01,8.15,8.51,5443639,73782352.00
20130625,8.38,8.66,7.67,8.64,4708409,62844792.00
20130626,8.55,9.51,8.45,9.32,5908156,86057120.00
20130627,9.26,9.45,8.89,9.40,3636909,54087676.00
20130628,9.31,9.56,8.62,9.22,2657080,39520176.00
20130701,9.08,9.32,8.95,9.22,2566835,37817680.00
20130702,9.27,9.37,9.14,9.20,2398962,35704532.00
20130703,9.17,9.19,8.59,8.81,2904439,41178516.00
20130704,8.74,8.82,8.39,8.64,4028045,55499132.00
20130705,8.57,9.06,8.50,8.72,3249910,45832352.00
20130708,8.52,8.58,7.98,8.23,2445048,32570810.00
20130709,8.22,8.42,8.20,8.36,1189235,15878608.00
20130710,8.34,8.82,8.26,8.66,2238654,31255186.00
20130711,8.58,9.25,8.58,9.09,2480975,36070440.00
20130712,9.03,9.32,8.95,9.15,2616540,38443304.00
20130715,9.12,9.84,9.07,9.76,5155485,79909120.00
20130716,9.76,10.25,9.64,9.98,3181012,51264680.00
20130717,9.82,9.94,9.54,9.64,3571507,55603760.00
20130718,9.67,9.67,9.34,9.57,1815672,27705844.00
20130719,9.51,9.81,9.37,9.56,3219301,49445052.00
20130722,9.82,10.19,9.57,10.14,4539785,72753928.00
20130723,10.14,10.76,9.89,10.57,7032788,118702304.00
20130724,10.45,10.67,10.32,10.47,3350710,56627636.00
20130725,10.39,10.55,9.64,9.90,4111677,66450376.00
20130726,9.69,9.92,9.38,9.75,1988470,30765152.00
20130729,9.70,9.91,9.46,9.57,1338568,20723308.00
20130730,9.65,9.65,8.84,9.31,1999554,29610184.00
20130731,9.32,9.51,9.23,9.34,1153898,17438838.00
20130801,9.75,10.28,9.58,9.97,7129749,114532800.00
20130802,9.71,9.94,9.59,9.81,3878730,60916024.00
20130805,9.70,9.86,9.39,9.76,2515960,38964596.00
20130806,9.59,9.90,9.55,9.81,2295554,35867376.00
20130807,9.81,9.81,9.41,9.72,2864199,44025560.00
20130808,9.72,9.92,9.56,9.72,1985354,31035250.00
20130809,9.64,9.79,9.39,9.61,1704674,26187692.00
20130812,9.57,9.76,9.34,9.61,2321119,35352300.00
20130813,9.60,9.60,9.39,9.45,1123970,17083860.00
20130814,9.47,9.50,9.20,9.45,1908523,28681012.00
20130815,9.39,9.62,9.39,9.47,1687520,25828716.00
20130816,9.47,9.56,9.04,9.05,2951265,43611992.00
20130819,9.00,9.26,8.67,9.14,1926500,28075628.00
20130820,9.07,9.47,9.06,9.45,2186631,32882034.00
20130821,9.41,9.66,9.37,9.62,1240750,19041724.00
20130822,9.51,9.74,9.43,9.51,733102,11224908.00
20130823,9.49,9.74,9.43,9.59,2022208,31268594.00
20130826,9.72,9.92,9.59,9.81,2345262,36947732.00
20130827,9.70,9.88,9.61,9.74,1426890,22296878.00
20130828,9.62,9.76,9.42,9.64,1939222,30061062.00
20130829,9.52,9.74,9.50,9.59,1136769,17500022.00
20130830,9.64,9.73,9.25,9.39,1349185,20529722.00
20130902,9.32,9.32,8.87,9.06,3718604,53972900.00
20130903,9.06,9.19,8.98,9.19,1883044,27435974.00
20130904,9.11,9.27,9.10,9.26,1025756,15131161.00
20130905,9.20,9.42,9.14,9.41,1277482,18999086.00
20130906,9.32,9.46,9.17,9.26,1097360,16341260.00
20130909,9.27,9.34,9.12,9.27,2160561,32144308.00
20130910,9.31,9.64,8.92,9.37,2669507,39801148.00
20130911,9.37,9.51,9.06,9.17,1558473,22954458.00
20130912,9.17,9.31,8.98,9.08,1265950,18598502.00
20130913,9.08,9.22,9.04,9.14,680164,9997984.00
20130916,9.14,9.23,9.04,9.09,1140457,16751462.00
20130917,9.20,9.23,8.95,9.05,565556,8246965.00
20130918,9.01,9.13,9.01,9.13,648383,9481626.00
20130923,9.19,9.48,9.19,9.39,2188263,32941132.00
20130924,9.34,9.48,9.27,9.37,1262152,19035240.00
20130925,9.34,9.95,9.31,9.85,4096979,63243036.00
20130926,9.82,10.84,9.70,10.84,12082576,208856144.00
20130927,10.89,11.16,10.28,10.58,9936201,169498048.00
20130930,10.36,10.79,10.20,10.46,5123832,85812464.00
20131008,10.44,11.19,10.29,10.88,5315001,91652312.00
20131009,10.75,11.97,10.64,11.56,8311226,155380288.00
20131010,11.49,11.64,10.89,11.45,7098184,129183016.00
20131011,11.35,12.39,11.20,11.96,6469065,124926776.00
20131014,11.94,13.16,11.71,13.16,10500502,217093392.00
20131015,12.94,13.20,12.26,12.57,6684497,135914016.00
20131016,12.32,12.67,11.31,12.00,5557764,107139432.00
20131017,12.06,12.26,11.48,11.49,6715731,128205968.00
20131018,11.44,11.70,11.09,11.45,5330382,97220464.00
20131021,11.39,12.36,11.26,12.04,4844662,92036536.00
20131022,11.87,13.01,11.82,12.45,7813414,157088464.00
20131023,12.30,12.39,11.39,11.76,5461394,105105960.00
20131024,11.63,12.14,11.40,11.76,2073145,39299084.00
20131025,11.61,11.94,11.42,11.54,2005770,37468152.00
20131028,11.39,11.86,10.98,11.20,2843823,51512592.00
20131029,11.21,11.82,10.89,11.69,4131637,76004984.00
20131030,11.70,12.69,11.69,12.26,5541754,109433016.00
20131031,12.41,12.41,11.45,11.57,2780646,53229624.00
20131101,11.35,11.69,11.00,11.61,3549099,64269324.00
20131104,11.66,12.57,11.51,12.19,4578545,89731448.00
20131105,12.01,12.93,11.92,12.44,4139030,83131384.00
20131106,12.32,13.39,12.23,12.81,6613744,137528224.00
20131107,12.55,12.92,12.19,12.60,5063532,102244432.00
20131108,12.51,12.59,11.82,12.17,2579201,50199040.00
20131111,11.84,13.04,11.52,12.86,4088733,81679224.00
20131112,12.86,12.89,12.37,12.70,3737453,75570896.00
20131113,12.49,12.49,12.07,12.10,1546698,30350408.00
20131114,12.14,12.76,12.14,12.61,3494769,70262176.00
20131115,12.32,12.65,11.75,11.87,11981647,230861952.00
20131118,11.70,11.92,11.14,11.70,9189654,170355664.00
20131119,11.57,11.81,11.39,11.59,4842290,90083000.00
20131120,11.51,11.66,11.27,11.42,3094682,56796304.00
20131121,11.20,11.39,10.90,11.04,6542616,116859784.00
20131122,9.96,10.19,9.93,9.93,8893118,142218784.00
20131125,9.58,9.97,9.53,9.82,9310636,146095008.00
20131126,9.73,9.94,9.70,9.91,3578798,56705520.00
20131127,9.89,10.56,9.86,10.25,8309892,136463504.00
20131128,10.25,10.35,10.01,10.23,5855029,95542768.00
20131129,10.19,10.36,10.14,10.21,5895097,96992336.00
20131202,9.76,9.76,9.19,9.21,7385208,112024560.00
20131203,9.11,9.42,8.61,9.39,5625151,81456424.00
20131204,9.31,9.51,9.23,9.34,2909501,44122676.00
20131205,9.36,9.39,9.02,9.04,3228336,47663316.00
20131206,9.04,9.16,8.94,9.12,2446483,35701736.00
20131209,9.11,9.20,9.04,9.16,1622592,23853058.00
20131210,9.23,9.24,8.98,9.02,2108765,30728164.00
20131211,9.03,9.82,9.03,9.70,7669861,117538704.00
20131212,9.67,10.09,9.58,9.81,5314460,84493752.00
20131213,9.64,9.93,9.61,9.87,2863660,45115036.00
20131216,9.81,9.81,9.61,9.74,2296718,35838036.00
20131217,9.74,9.74,9.46,9.46,1825126,28180830.00
20131218,9.46,10.05,9.45,9.78,4661600,73725192.00
20131219,9.71,9.82,9.64,9.65,1639856,25569486.00
20131220,9.62,9.87,9.58,9.76,1510647,23646494.00
20131223,9.76,9.93,9.54,9.82,3530157,55279132.00
20131224,9.75,10.09,9.74,9.92,3596147,57492980.00
20131225,9.92,10.14,9.71,10.04,3514922,56705400.00
20131226,10.05,10.11,9.73,9.73,2439283,38941308.00
20131227,9.66,10.03,9.58,9.97,2065784,32718968.00
20131230,9.94,10.30,9.89,10.28,3963156,64844308.00
20131231,10.19,10.52,10.09,10.27,4038867,67182632.00
20140102,10.17,10.45,9.95,10.08,4263358,69519168.00
20140103,10.13,10.69,10.06,10.57,6131775,103194064.00
20140106,10.47,11.19,10.45,10.79,6505104,114601280.00
20140107,10.57,11.26,10.48,11.19,3926477,69684120.00
20140108,11.20,11.64,11.17,11.62,5245921,96522296.00
20140109,11.60,12.14,11.29,11.42,4626282,87634776.00
20140110,11.20,11.31,10.96,11.15,3075440,55040100.00
20140113,11.15,11.42,10.88,10.88,1847566,33000408.00
20140114,10.67,11.61,10.67,11.57,3050376,54937016.00
20140115,11.70,12.14,11.45,11.54,2654793,50181704.00
20140116,11.45,11.82,11.33,11.51,2089782,38861556.00
20140117,11.51,11.76,11.34,11.60,1049622,19498920.00
20140120,11.64,11.65,11.24,11.35,812569,14864820.00
20140121,11.26,11.70,11.26,11.46,1012560,18723486.00
20140122,11.42,11.78,11.42,11.56,2652388,49361068.00
20140123,11.57,11.76,11.48,11.73,1591493,29830758.00
20140124,11.74,11.81,11.32,11.42,3753827,69348000.00
20140127,11.37,11.50,10.95,11.00,2534573,45372848.00
20140128,11.00,12.01,11.00,11.84,3320184,61419480.00
20140129,11.51,11.94,11.50,11.62,2667768,50063140.00
20140130,11.54,11.89,11.54,11.62,1907876,35980892.00
20140207,11.98,11.98,11.60,11.74,1689188,31759438.00
20140210,11.74,12.48,11.74,12.42,5332310,104835656.00
20140211,12.34,13.08,12.21,13.00,3970909,81701208.00
20140212,12.89,13.38,12.63,13.09,3981466,83045864.00
20140213,12.89,13.19,12.65,12.89,3283917,68010040.00
20140214,12.70,13.05,12.56,12.70,2526529,51660432.00
20140217,12.71,12.92,12.34,12.71,3322549,67248824.00
20140218,12.69,12.85,12.51,12.85,2356340,48071412.00
20140219,12.81,13.36,12.76,13.02,1737265,36208024.00
20140220,13.70,14.32,13.70,13.84,7455497,168008384.00
20140221,13.39,13.81,13.11,13.47,3911459,84328888.00
20140224,13.11,14.24,13.03,14.09,4591854,101170088.00
20140225,14.11,15.50,13.89,14.66,10182798,240563312.00
20140304,16.06,16.12,15.22,15.30,8557130,214933792.00
20140305,14.64,15.68,14.36,15.50,5888963,141862816.00
20140306,15.19,15.44,14.11,14.20,5075995,118676240.00
20140307,14.34,14.87,14.15,14.64,2850331,66570528.00
20140310,14.39,14.76,13.64,14.37,2355732,53855452.00
20140311,14.37,14.79,13.86,14.66,1599577,36798480.00
20140312,14.59,14.95,14.08,14.57,1527790,35732028.00
20140313,14.62,15.99,14.26,15.98,5406556,133405672.00
20140314,15.89,15.89,15.01,15.32,1970456,48584532.00
20140317,15.31,15.73,15.02,15.36,2162315,53371240.00
20140318,15.09,15.45,15.09,15.14,1558693,38272580.00
20140319,15.14,15.25,13.71,14.53,2971596,68751288.00
20140320,14.44,14.51,13.84,13.86,2029502,45779320.00
20140321,13.80,14.32,13.72,14.14,916831,20705444.00
20140324,14.21,14.48,14.01,14.19,915328,21024614.00
20140325,14.19,14.67,14.14,14.19,2430331,55933900.00
20140326,14.18,14.34,14.04,14.31,860742,19687902.00
20140327,14.24,14.31,13.44,13.57,1817678,40239088.00
20140328,13.46,13.46,12.21,12.95,2688609,54653216.00
20140331,12.52,13.38,12.37,12.76,1792319,36995120.00
20140401,12.74,13.24,12.53,12.79,1169642,24094878.00
20140402,12.86,13.37,12.76,12.77,1362345,28371268.00
20140403,12.71,13.12,12.71,12.82,676098,14003164.00
20140404,12.86,13.31,12.69,12.94,985255,20501714.00
20140408,12.84,13.29,12.76,13.04,785003,16480303.00
20140409,13.12,13.62,13.08,13.51,1298043,27711392.00
20140410,13.47,14.14,13.36,13.94,2008780,44605924.00
20140411,13.82,14.01,13.69,13.99,1227112,27422588.00
20140414,14.01,14.47,13.94,14.44,1888890,43207184.00
20140415,14.43,14.43,13.82,13.99,1889688,42761784.00
20140416,13.99,14.16,13.77,14.04,712802,16000576.00
20140417,14.07,14.57,14.07,14.27,847272,19550582.00
20140418,14.16,14.64,14.11,14.61,1353310,31444760.00
20140421,14.54,14.64,14.07,14.19,1649925,38244468.00
20140422,14.07,14.07,13.09,13.70,2177905,47013332.00
20140423,13.57,13.73,13.40,13.66,513443,11169485.00
20140424,13.66,13.76,13.51,13.64,354602,7761863.50
20140425,13.54,13.87,13.46,13.76,1530655,33700704.00
20140428,13.76,13.76,13.18,13.32,1184397,25363948.00
20140429,13.22,13.31,12.61,12.92,932016,19340232.00
20140430,12.88,13.26,12.76,13.02,1093453,22877602.00
20140505,13.02,13.11,12.83,12.95,1071439,22271000.00
20140506,12.85,13.13,12.79,12.94,1157005,24093656.00
20140507,12.94,12.97,12.59,12.69,776799,15985567.00
20140508,12.69,12.93,12.45,12.93,792803,16176699.00
20140509,12.93,13.05,11.64,12.96,1687387,33702596.00
20140512,12.93,12.99,12.45,12.89,801591,16453235.00
20140513,12.86,13.66,12.82,12.92,1858585,39170704.00
20140514,12.88,13.04,12.52,12.76,830997,17081574.00
20140515,12.66,13.04,12.32,12.43,906564,18527848.00
20140516,12.37,12.66,11.82,12.37,2345561,46302172.00
20140519,12.21,12.62,11.90,12.51,1215987,24172648.00
20140520,12.66,13.18,12.38,12.66,1498332,19069404.00
20140521,12.52,12.73,12.40,12.40,1408979,17705870.00
20140522,12.40,12.60,12.31,12.45,1484506,18539914.00
20140523,12.44,12.66,12.28,12.66,1044947,13079288.00
20140526,12.63,12.97,12.48,12.68,2175596,27552418.00
20140527,12.53,12.69,12.36,12.43,1277024,15968762.00
20140528,12.42,12.75,12.30,12.67,1479241,18622230.00
20140529,12.69,13.01,12.63,12.74,1453562,18719212.00
20140530,12.78,12.88,12.61,12.63,776545,9877034.00
20140603,12.73,12.98,12.66,12.85,1278038,16465508.00
20140604,12.85,12.92,12.34,12.79,1515694,19131154.00
20140605,12.78,13.85,12.40,13.68,3067287,40997260.00
20140606,13.58,14.18,13.31,13.98,3120950,43226296.00
20140609,13.98,14.25,13.59,14.18,3803836,53621176.00
20140610,14.18,14.56,13.84,14.11,4196250,59270136.00
20140611,14.16,14.20,13.93,14.18,1512490,21391684.00
20140612,14.10,14.60,14.08,14.38,1638013,23619118.00
20140613,14.46,14.48,14.26,14.46,1134654,16374420.00
20140616,14.76,15.91,14.76,15.90,9985298,157244960.00
20140617,15.57,15.90,15.03,15.43,7263440,112199384.00
20140618,15.43,15.46,14.78,14.98,3381021,50846532.00
20140619,14.96,15.35,14.38,14.67,1915022,28398652.00
20140620,14.67,14.97,14.29,14.69,1849445,27044392.00
20140623,14.72,15.20,14.70,15.03,2122579,31854276.00
20140624,14.89,15.17,14.71,14.98,1670330,24927114.00
20140625,14.81,15.11,14.74,15.01,802028,11994988.00
20140626,15.02,15.28,15.01,15.21,1577893,23939514.00
20140627,15.11,15.60,15.07,15.58,1802565,27772136.00
20140630,15.58,16.47,15.57,16.28,3723440,59501496.00
20140701,16.15,16.18,15.78,15.88,2370901,37833100.00
20140702,15.88,16.21,15.68,15.92,2138506,34133888.00
20140703,15.92,15.92,15.48,15.48,2368417,37086488.00
20140704,15.56,15.61,14.83,15.38,5440637,82364128.00
20140707,15.30,15.30,14.68,14.87,3128008,46574848.00
20140708,14.87,15.07,14.73,15.07,1124630,16805514.00
20140709,14.98,15.28,14.98,15.11,2212805,33584780.00
20140710,15.13,15.17,14.84,15.11,899398,13552414.00
20140711,14.91,15.27,14.88,15.21,1056145,15938467.00
20140714,15.08,15.17,14.49,14.67,3625966,53113456.00
20140715,14.48,14.48,13.20,13.20,7066454,95637416.00
20140716,13.20,13.20,12.54,13.07,6554578,84705352.00
20140717,12.95,13.07,12.71,12.88,3631565,46988668.00
20140718,12.85,12.96,12.64,12.93,2806507,36016608.00
20140721,12.79,13.42,12.79,13.23,2747873,35996536.00
20140722,13.27,13.73,13.12,13.46,2809210,37638916.00
20140723,13.46,13.46,12.94,13.05,1869119,24750886.00
20140724,12.99,12.99,12.54,12.86,1743020,22249728.00
20140725,12.87,13.21,12.58,13.21,2772834,35943784.00
20140728,13.08,13.40,12.93,13.26,3668659,48141596.00
20140729,13.20,13.50,13.08,13.40,2916156,38932020.00
20140730,13.89,14.74,13.89,14.19,12289818,178214192.00
20140731,13.74,14.16,13.48,14.11,5416878,74281704.00
20140801,13.74,13.98,13.53,13.66,4439358,61194148.00
20140804,13.73,13.94,13.61,13.88,2903811,40214048.00
20140805,13.88,14.08,13.66,13.91,3628243,50385724.00
20140806,13.86,14.08,13.66,13.98,3225630,44812648.00
20140807,13.92,14.60,13.88,14.06,4492981,63930348.00
20140808,14.06,14.16,13.73,13.97,3773842,52372224.00
20140811,14.02,14.02,13.56,13.71,5701184,78513912.00
20140812,13.71,13.76,13.54,13.72,3812764,52026628.00
20140813,13.72,13.74,13.54,13.66,3133214,42665948.00
20140814,13.64,13.66,13.53,13.53,2309196,31443448.00
20140815,13.49,13.80,13.49,13.74,2993964,40987404.00
20140818,13.77,13.94,13.63,13.89,4032617,55703900.00
20140819,13.86,14.14,13.73,13.98,4714565,65835236.00
20140820,14.00,14.07,13.79,13.91,3613283,50434440.00
20140821,13.91,13.94,13.68,13.85,2704929,37318176.00
20140822,13.84,13.95,13.78,13.91,2899466,40305268.00
20140825,13.96,14.20,13.73,13.86,3689510,51751016.00
20140826,13.86,14.11,13.56,13.58,3733681,51922640.00
20140827,13.59,13.60,13.03,13.08,6084102,80137248.00
20140828,13.08,13.37,12.99,13.02,4114889,54153240.00
20140829,13.02,13.10,12.57,12.78,4204930,53638152.00
20140901,12.78,13.16,12.75,13.16,3988195,51701300.00
20140902,13.18,13.32,13.16,13.30,3212888,42643220.00
20140903,13.31,13.36,13.17,13.31,4325464,57464900.00
20140904,13.37,13.53,13.27,13.39,6071297,81194976.00
20140905,13.47,13.53,13.09,13.31,6534411,86803944.00
20140909,13.39,13.39,13.18,13.32,3457098,45980140.00
20140910,13.28,13.62,13.17,13.59,6682233,89633640.00
20140911,13.61,13.65,13.33,13.58,5894213,79824032.00
20140912,13.53,13.76,13.44,13.68,6482717,88601456.00
20140915,13.68,14.08,13.63,13.75,10551719,146311344.00
20140916,13.79,13.80,12.99,13.06,6777440,91166488.00
20140917,13.08,13.57,12.82,13.52,4452111,58317588.00
20140918,13.55,13.73,13.32,13.58,6733026,91218032.00
20140919,13.56,13.58,13.29,13.42,3355776,45094220.00
20140922,13.42,13.42,13.15,13.33,3222412,42787976.00
20140923,13.30,13.52,13.26,13.43,4463480,59950280.00
20140924,13.44,13.65,13.28,13.60,5985699,81165784.00
20140925,13.60,13.94,13.53,13.82,8893664,122518488.00
20140926,13.78,13.92,13.71,13.78,5967651,82687736.00
20140929,13.07,13.75,12.68,13.65,16897250,223200128.00
20140930,13.35,13.81,13.29,13.64,9496417,128201544.00
20141008,13.58,14.01,13.56,13.91,9239619,128013400.00
20141009,13.93,14.32,13.86,14.22,9975870,140852304.00
20141010,14.21,14.44,13.95,13.98,8393152,119074168.00
20141013,13.89,13.99,13.58,13.84,6914154,95319224.00
20141014,13.89,14.38,13.89,14.23,8724519,123905424.00
20141015,14.21,14.35,14.00,14.28,8401209,119476576.00
20141016,14.24,14.33,13.80,14.09,6108766,86524704.00
20141017,14.02,14.12,13.34,13.82,6008479,82891040.00
20141020,13.82,13.90,13.70,13.89,2472144,34172560.00
20141021,13.86,13.95,13.58,13.60,1519901,20935100.00
20141027,13.77,13.77,12.48,12.71,10760686,139813792.00
20141028,12.61,12.98,12.58,12.98,5193623,66717288.00
20141029,12.98,13.03,12.66,12.75,11368691,145382096.00
20141030,12.75,13.08,12.64,12.95,7447277,96109592.00
20141031,12.96,12.97,12.69,12.79,5844836,74895232.00
20141103,12.74,12.91,12.66,12.83,3998514,51313012.00
20141104,12.83,12.83,12.53,12.69,6536682,82724008.00
20141105,12.68,12.80,12.51,12.74,4956550,62968592.00
20141106,12.77,12.78,12.63,12.70,2896601,36811852.00
20141107,12.70,12.82,12.70,12.72,4969220,63401604.00
20141110,12.73,12.81,12.71,12.78,3320893,42434392.00
20141111,12.78,12.98,12.29,12.56,5824225,74013632.00
20141112,12.48,12.53,12.33,12.37,5456614,67734240.00
20141113,12.38,12.38,11.18,11.26,13737929,158128784.00
20141114,11.13,11.29,10.71,11.18,11356453,123790704.00
20141117,11.04,11.21,10.85,11.05,9520861,105316720.00
20141118,11.06,11.12,10.80,10.87,7474189,81853288.00
20141119,10.87,11.04,10.82,10.97,9954264,108926296.00
20141120,10.98,11.09,10.92,10.97,5312639,58465916.00
20141121,10.97,11.28,10.93,11.09,8201597,90984344.00
20141124,11.13,11.18,10.78,10.85,15353032,168181024.00
20141125,10.83,11.17,10.67,11.15,18739335,203873536.00
20141126,11.07,11.43,10.93,11.40,21170833,235778880.00
20141127,11.47,11.58,11.18,11.48,21125435,240058768.00
20141128,11.27,11.66,11.21,11.49,21397322,245458544.00
20141201,11.49,11.49,11.19,11.25,10500998,118553304.00
20141202,11.30,11.36,11.25,11.28,8530546,96614504.00
20141203,11.28,11.37,10.96,11.23,11826053,132116672.00
20141204,11.24,11.92,11.23,11.76,22749113,265073024.00
20141205,11.80,12.06,11.14,11.66,22393712,262233664.00
20141208,11.67,11.86,11.16,11.24,23256551,266556928.00
20141209,11.06,11.06,10.24,10.24,23844959,254842080.00
20141210,10.03,10.78,10.03,10.73,12659553,132969656.00
20141211,10.51,10.68,10.44,10.55,6694772,70697096.00
20141212,10.55,10.64,10.42,10.56,8756136,92402776.00
20141215,10.56,10.93,10.52,10.84,8442527,90936880.00
20141216,10.74,10.94,10.71,10.88,8325789,90481088.00
20141217,10.88,10.88,10.58,10.68,6420690,69098504.00
20141218,10.68,10.91,10.56,10.91,8498536,91545648.00
20141219,10.80,10.93,10.58,10.68,5842043,62875028.00
20141222,10.31,10.60,9.89,9.91,6967480,70712736.00
20141223,9.94,9.94,9.59,9.68,4298893,41993952.00
20141224,9.82,9.98,9.71,9.93,5378087,53024848.00
20141225,9.89,9.96,9.81,9.89,3998994,39567468.00
20141226,9.89,9.92,9.81,9.83,3730952,36839392.00
20141229,9.90,9.91,9.34,9.40,7077718,67328104.00
20141230,9.40,9.40,8.89,8.92,7079756,64567628.00
20141231,8.88,9.04,8.88,8.99,4678968,42155580.00
20150105,8.97,9.46,8.58,9.32,11212350,101410872.00
20150106,9.13,9.64,8.99,9.49,10083318,94622928.00
20150107,9.37,9.55,9.29,9.43,4877390,45790216.00
20150108,9.39,9.98,9.34,9.62,10600123,103266224.00
20150109,9.52,9.80,9.41,9.41,5914118,56582312.00
20150112,9.39,9.39,8.96,9.03,6022585,54902292.00
20150113,8.97,9.21,8.91,9.14,4121187,37658600.00
20150114,9.14,9.22,9.04,9.08,3497931,32036574.00
20150122,9.99,9.99,9.99,9.99,634027,6346610.50
20150123,10.78,10.98,10.33,10.83,28845678,306469504.00
20150126,10.48,10.76,10.43,10.63,12379208,131186280.00
20150127,10.58,10.59,10.24,10.32,10599691,110238520.00
20150128,10.35,10.58,10.27,10.43,6490431,67939096.00
20150129,10.38,10.50,10.28,10.42,4257198,44333792.00
20150130,10.30,10.55,10.28,10.29,4908590,51291616.00
20150202,10.32,10.73,10.19,10.37,7165565,75342368.00
20150203,10.38,11.03,10.38,10.98,17440740,188615792.00
20150204,11.09,11.54,10.78,10.80,14032673,156889264.00
20150205,10.78,10.78,10.48,10.48,7974481,84496800.00
20150206,10.45,10.60,10.32,10.36,4527895,47359980.00
20150209,10.40,10.59,10.23,10.29,4044163,42205184.00
20150210,10.37,10.43,10.21,10.41,2678147,27629410.00
20150211,10.40,10.53,10.34,10.43,3656073,38221704.00
20150212,10.44,10.53,10.21,10.52,7010820,72899424.00
20150213,10.54,10.87,10.48,10.64,8205164,87442592.00
20150216,10.69,11.07,10.61,10.91,7214924,78500528.00
20150217,10.92,11.03,10.81,10.92,5038663,55047608.00
20150225,10.98,11.08,10.78,10.80,5538722,60396540.00
20150226,10.82,10.93,10.68,10.90,4366866,47182748.00
20150227,10.88,11.02,10.74,10.93,6622687,72183056.00
20150302,10.90,11.10,10.76,11.06,8621679,94759824.00
20150303,10.99,11.07,10.83,10.84,7527103,82716864.00
20150304,10.84,11.01,10.76,11.01,8941844,97450008.00
20150305,11.14,11.46,11.04,11.38,12601854,141868848.00
20150306,11.48,11.48,10.99,11.06,7849133,88109736.00
20150309,11.08,11.17,10.79,11.09,4514317,49877004.00
20150310,11.14,11.27,11.08,11.18,6469806,72625504.00
20150311,11.18,11.24,10.84,10.91,7010843,77447176.00
20150312,10.93,11.04,10.73,10.78,6165128,67138208.00
20150313,10.86,10.96,10.74,10.95,5477740,59571884.00
20150316,10.96,11.21,10.85,11.21,10615865,117958504.00
20150317,11.44,11.53,11.14,11.46,16956116,192238160.00
20150318,11.38,12.50,11.34,12.09,22686580,270604672.00
20150319,12.02,12.48,11.85,12.35,19345337,235483376.00
20150320,12.19,12.29,11.99,12.10,16079761,195280336.00
20150323,12.13,12.46,12.04,12.35,18831132,230103680.00
20150324,12.34,12.34,11.65,12.08,16906352,203799648.00
20150325,12.07,12.42,11.88,12.32,16796898,206322592.00
20150326,12.18,13.04,12.04,12.68,26732234,338707552.00
20150327,12.60,13.23,12.60,12.87,23407378,303024672.00
20150330,12.86,12.86,12.46,12.73,13761880,174052624.00
20150331,12.72,13.00,12.48,12.75,13310967,169556928.00
20150401,12.67,12.88,12.63,12.84,11637692,148904336.00
20150402,12.94,13.31,12.74,13.15,17246202,224550896.00
20150403,12.99,13.32,12.93,13.08,13529495,177380400.00
20150407,13.14,14.39,13.14,14.02,27996381,385908160.00
20150408,14.03,14.24,13.17,13.68,20173602,276397536.00
20150409,13.53,13.63,12.38,13.11,19951136,259934928.00
20150410,12.97,13.33,12.83,13.17,14262919,186969776.00
20150413,13.19,13.72,13.11,13.37,15129047,203050416.00
20150414,13.34,13.34,12.93,13.14,11793783,155458928.00
20150415,13.08,13.56,12.67,12.69,19755310,260781664.00
20150416,12.67,13.13,12.47,12.81,16011049,205149504.00
20150417,12.94,13.32,12.83,13.03,18448224,241450608.00
20150420,12.84,13.04,12.68,12.83,15382046,198085024.00
20150421,12.88,13.45,12.86,13.34,17653313,233021792.00
20150422,13.34,13.67,13.34,13.56,17439082,236069536.00
20150423,13.57,14.22,13.38,13.82,20943958,287346144.00
20150424,13.58,14.68,13.42,14.42,26161945,369494688.00
20150427,14.47,15.48,14.23,14.83,29817545,441890080.00
20150428,14.63,14.63,13.53,13.71,19391351,272824992.00
20150429,13.80,14.20,13.64,13.95,12626341,176376000.00
20150430,14.08,14.22,13.78,13.81,12461263,174438848.00
20150504,13.67,13.85,13.28,13.67,12991060,176805392.00
20150505,13.42,14.07,13.00,13.20,15150763,205797344.00
20150506,13.27,13.42,12.78,12.83,11115940,146824224.00
20150507,12.95,12.98,12.08,12.13,11173280,138658912.00
20150508,12.28,12.56,12.05,12.47,12353099,152509648.00
20150511,12.56,13.03,12.47,12.99,12767850,163362048.00
20150512,13.11,13.57,13.08,13.21,14831956,197103088.00
20150513,13.03,13.62,12.79,13.51,17817888,237885888.00
20150514,13.48,13.85,13.11,13.70,17706584,241296352.00
20150515,13.50,13.96,13.39,13.86,14912023,204203328.00
20150518,13.87,14.55,13.61,14.40,26480584,375093408.00
20150519,14.29,14.63,13.80,14.41,19171098,273542656.00
20150520,14.27,14.98,14.27,14.78,24811864,364531264.00
20150521,14.76,15.28,14.48,14.94,22228691,331190752.00
20150522,15.04,15.38,14.37,14.68,24247126,357618176.00
20150525,14.41,15.26,14.28,15.26,25563544,382133792.00
20150526,15.36,15.92,15.18,15.80,23720890,370887296.00
20150527,15.80,17.38,15.36,17.13,36095404,594151104.00
20151013,15.42,15.42,15.42,15.42,107500,1658725.00
20151014,13.88,13.88,13.88,13.88,109100,1515399.00
20151015,12.49,12.49,12.49,12.49,1180700,14758750.00
20151016,12.10,12.85,11.72,11.89,69315778,831439168.00
20151019,11.88,11.96,11.44,11.89,41535629,487019616.00
20151020,11.74,11.88,11.62,11.83,25457229,299718496.00
20151021,11.89,12.27,10.82,10.87,35133178,413020512.00
20151022,10.81,11.39,10.60,11.34,21787077,240171328.00
20151023,11.34,11.58,11.13,11.44,18469523,209498656.00
20151026,11.59,11.64,11.23,11.29,15274889,174938656.00
20151027,11.30,11.76,11.14,11.66,20627058,238093936.00
20151028,11.59,11.59,11.09,11.11,16107909,183264608.00
20151029,11.20,11.32,11.07,11.12,10167351,113754048.00
20151030,11.12,11.47,10.95,11.40,13597155,153266704.00
20151102,11.19,11.41,10.99,11.03,11536307,129447224.00
20151103,11.08,11.12,10.55,10.61,11271767,121940400.00
20151104,10.64,11.06,10.64,11.03,11164299,121594264.00
20151105,11.07,11.15,10.93,11.08,12625375,139419888.00
20151106,11.00,11.29,11.00,11.22,13969272,156540064.00
20151109,11.08,11.46,11.04,11.36,14340971,162078016.00
20151110,11.32,11.53,11.22,11.43,15937187,181435488.00
20151111,11.46,11.75,11.33,11.72,18165752,209866304.00
20151112,11.69,11.99,11.54,11.89,20148628,236653120.00
20151113,11.77,11.95,11.42,11.45,14051139,163877664.00
20151116,11.19,11.43,11.05,11.43,14022901,158472832.00
20151117,11.46,11.82,11.35,11.38,17430038,202127584.00
20151118,11.34,11.61,11.10,11.33,11926846,135370400.00
20151119,11.37,11.73,11.32,11.67,14600430,168940624.00
20151120,11.63,11.86,11.51,11.69,14166630,166044944.00
20151123,11.74,11.91,11.59,11.80,17881451,210523584.00
20151124,11.75,11.96,11.59,11.90,15287688,180119312.00
20151125,12.02,12.08,11.84,12.00,17074412,204261456.00
20151126,11.99,12.05,11.60,11.64,16147793,190666352.00
20151127,11.69,11.79,10.49,10.70,15757542,178136640.00
20151130,10.66,10.85,9.67,10.31,16341822,168531920.00
20151201,10.32,10.44,10.09,10.31,9918966,101975632.00
20151202,10.30,10.42,9.87,10.18,9815980,99850472.00
20151203,10.18,10.49,10.18,10.49,11631180,120347360.00
20151204,10.49,10.67,10.31,10.40,11424115,119922088.00
20151207,10.42,10.59,10.34,10.59,9601339,100751808.00
20151208,10.51,10.53,10.13,10.16,8499059,87540328.00
20151209,10.09,10.34,9.97,10.19,8211085,83537048.00
20151210,10.11,10.28,10.01,10.03,7172576,72699872.00
20151211,10.02,10.07,9.70,9.85,8362978,82459624.00
20151214,9.68,10.11,9.59,10.11,9110780,89779584.00
20151215,10.08,10.19,10.03,10.12,8259082,83588328.00
20151216,10.17,10.46,10.13,10.30,13946332,144095888.00
20151217,10.26,10.64,10.24,10.49,18839132,196934624.00
20151218,10.47,10.62,10.33,10.39,12029019,125991344.00
20151221,10.40,10.64,10.34,10.57,9924617,104113264.00
20151222,10.62,11.48,10.52,11.35,25577048,285909152.00
20151223,11.17,11.43,10.88,10.94,14882059,164834320.00
20151224,10.94,11.08,10.57,10.86,9297768,100503088.00
20151225,10.88,11.10,10.87,11.02,8046777,88490112.00
20151228,11.05,11.26,10.80,11.09,14331703,157753024.00
20151229,11.03,11.23,10.91,11.14,13091763,144904064.00
20151230,11.13,11.15,10.79,10.94,10658164,117293832.00
20151231,10.94,11.03,10.66,10.72,8289455,89927832.00
20160104,10.71,10.75,9.65,9.65,9731786,98152648.00
20160105,8.93,9.47,8.71,9.11,14132995,129700168.00
20160106,9.17,9.45,9.15,9.41,8572711,79901936.00
20160107,9.23,9.23,8.48,8.52,2073700,18477528.00
20160108,8.72,8.87,8.07,8.71,10952260,93815888.00
20160111,8.50,8.57,7.84,7.84,11190127,92097320.00
20160112,7.87,7.98,7.54,7.74,10975822,84883080.00
20160113,7.74,7.88,7.39,7.49,7412742,57045908.00
20160114,7.28,7.82,7.09,7.65,9611387,71836776.00
20160115,7.57,7.74,7.14,7.29,9407837,70019248.00
20160118,7.04,7.51,6.93,7.38,9149318,66838384.00
20160119,7.39,7.68,7.34,7.65,9998763,75464616.00
20160120,7.55,7.78,7.44,7.58,12664830,96432760.00
20160121,7.48,7.93,7.40,7.41,12777927,98527856.00
20160122,7.53,7.58,7.16,7.54,9306613,69187408.00
20160125,7.64,8.04,7.60,7.84,15232797,119918920.00
20160126,7.66,7.73,7.06,7.06,13675220,101211672.00
20160127,7.16,7.18,6.66,7.07,9591784,66548200.00
20160128,6.92,7.02,6.59,6.67,6616425,45469032.00
20160129,6.74,7.18,6.74,7.06,9675978,67689672.00
20160328,7.77,7.77,7.77,7.77,663088,5158824.50
20160329,8.55,8.55,8.09,8.15,42535798,356646720.00
20160330,8.09,8.28,7.85,8.26,26968147,217231888.00
20160331,8.18,8.23,7.99,8.05,15887334,128733312.00
20160401,8.02,8.09,7.80,7.96,11524461,91612976.00
20160405,7.99,8.10,7.88,8.08,12396376,99483336.00
20160406,8.02,8.18,8.00,8.13,15202556,123167664.00
20160407,8.16,8.24,7.95,7.99,13153459,106478392.00
20160408,7.96,7.96,7.70,7.84,9910214,77501240.00
20160411,7.90,8.03,7.85,7.99,12118542,96841704.00
20160412,7.99,8.07,7.84,8.05,10032191,79937800.00
20160413,8.13,8.46,8.11,8.21,19279422,159665536.00
20160414,8.22,8.29,8.14,8.28,11553846,94907600.00
20160415,8.25,8.44,8.22,8.35,13280862,110891840.00
20160418,8.21,8.22,7.99,8.06,12784270,103324288.00
20160419,8.12,8.32,8.03,8.30,12493267,102180576.00
20160420,8.36,8.38,7.62,7.89,14631634,116903136.00
20160429,7.83,8.18,7.83,8.10,10524261,83924824.00
20160503,7.99,8.25,7.97,8.24,10204943,83317400.00
20160504,8.17,8.31,8.15,8.20,8221142,67654824.00
20160505,8.20,8.26,8.12,8.24,6212127,50994996.00
20160506,8.26,8.31,7.81,7.82,10857398,87195912.00
20160509,7.78,7.78,7.22,7.27,8326641,62113380.00
20160510,7.20,7.32,7.20,7.28,4014654,29245678.00
20160511,7.32,7.39,7.19,7.26,4350350,31856084.00
20160512,7.18,7.37,7.06,7.36,5808709,41835008.00
20160513,7.28,7.35,7.09,7.18,3709911,26933914.00
20160516,7.10,7.32,7.09,7.29,4488143,32463448.00
20160517,7.33,7.55,7.29,7.44,6415887,47693756.00
20160518,7.36,7.39,7.14,7.18,6691805,48443528.00
20160519,7.17,7.31,7.14,7.20,5149187,37342584.00
20160520,7.11,7.28,7.09,7.28,3486145,25148042.00
20160523,7.24,7.40,7.24,7.37,4612784,33965656.00
20160524,7.34,7.36,7.21,7.27,2908700,21193736.00
20160525,7.31,7.38,7.22,7.25,3060725,22409082.00
20160526,7.28,7.35,7.04,7.34,5366869,38760744.00
20160527,7.29,7.36,7.25,7.30,3743272,27361120.00
20160530,7.26,7.33,7.19,7.25,2812472,20478958.00
20160531,7.23,7.58,7.23,7.53,8104420,60563440.00
20160601,7.54,7.77,7.51,7.73,8875917,68311688.00
20160602,7.74,7.85,7.55,7.76,8715270,67277360.00
20160603,7.68,7.82,7.66,7.75,5364884,41558636.00
20160606,7.76,7.84,7.68,7.82,4606911,35784052.00
20160607,7.87,7.91,7.71,7.72,4171121,32515180.00
20160608,7.79,8.10,7.74,7.91,8960726,71197224.00
20160613,7.74,7.75,7.34,7.51,8526800,64962184.00
20160614,7.48,7.49,7.34,7.42,4349458,32225778.00
20160615,7.35,7.72,7.32,7.69,5208543,39556460.00
20160616,7.62,7.67,7.54,7.58,6152736,46822360.00
20160617,7.62,7.79,7.61,7.74,5361664,41345912.00
20160620,7.75,7.78,7.58,7.69,5037155,38537908.00
20160621,7.78,7.80,7.45,7.50,7246969,55635576.00
20160622,7.52,7.71,7.47,7.67,5403160,41034296.00
20160623,7.66,7.76,7.55,7.66,5020583,38535128.00
20160624,7.67,7.75,7.33,7.49,8421812,63384756.00
20160627,7.45,7.78,7.44,7.76,8845324,67682352.00
20160628,7.73,7.83,7.66,7.83,7056727,54786852.00
20160629,7.86,8.17,7.79,7.99,12695219,101462840.00
20160630,7.98,8.02,7.88,7.95,6434977,51052212.00
20160701,7.95,7.99,7.84,7.89,4369429,34668368.00
20160704,7.79,8.12,7.77,8.08,7035411,56441792.00
20160705,8.08,8.12,8.00,8.10,6204254,50094196.00
20160706,8.06,8.14,7.96,8.08,6554392,52844112.00
20160707,8.09,8.19,7.99,8.15,7193315,58422600.00
20160708,8.12,8.16,8.01,8.08,5519879,44614972.00
20160711,8.07,8.13,8.00,8.02,5598360,45228564.00
20160712,8.00,8.82,7.90,8.39,14498039,120588920.00
20160713,8.44,8.53,8.31,8.36,8073860,67917560.00
20160714,8.32,8.71,8.22,8.48,11336223,95365576.00
20160715,8.47,8.56,8.39,8.51,7571171,64375648.00
20160718,8.46,8.49,8.24,8.24,6886479,57454848.00
20160719,8.22,8.27,8.12,8.22,6039421,49531312.00
20160720,8.23,8.31,8.18,8.20,4234465,34912720.00
20160721,8.17,8.42,8.14,8.22,6642661,54961944.00
20160722,8.21,8.28,8.18,8.19,4503756,37084172.00
20160725,8.19,8.23,8.09,8.14,3909717,31909560.00
20160726,8.13,8.22,8.10,8.21,4519914,37029800.00
20160727,8.23,8.26,7.54,7.66,9219908,72777216.00
20160728,7.66,7.69,7.48,7.52,7627527,57907368.00
20160729,7.55,7.58,7.40,7.46,4592183,34393068.00
20160801,7.33,7.43,7.20,7.34,4704241,34308504.00
20160802,7.38,7.41,7.30,7.41,3750718,27675362.00
20160803,7.41,7.47,7.35,7.43,2975365,22086658.00
20160804,7.49,7.85,7.44,7.62,7750775,59597712.00
20160805,7.54,7.60,7.49,7.53,4002036,30208936.00
20160808,7.48,7.71,7.40,7.62,3806319,28749256.00
20160809,7.59,7.74,7.58,7.69,4512965,34667020.00
20160810,7.65,7.77,7.64,7.69,4063868,31330218.00
20160811,7.65,7.68,7.54,7.57,3929511,29882934.00
20160812,7.62,7.67,7.56,7.65,3426541,26155280.00
20160815,7.64,7.85,7.64,7.79,5996569,46561408.00
20160816,7.79,7.89,7.79,7.85,4174748,32797268.00
20160817,7.84,7.92,7.78,7.90,4318557,33993704.00
20160818,7.91,7.97,7.86,7.90,4500930,35652224.00
20160819,7.94,8.05,7.88,7.91,4704600,37504368.00
20160822,7.89,7.89,7.72,7.73,4658272,36288004.00
20160823,7.76,7.83,7.70,7.77,4035985,31454612.00
20160824,7.75,7.90,7.75,7.89,3938785,30985494.00
20160825,7.82,7.87,7.70,7.75,4171291,32395394.00
20160826,7.77,7.89,7.76,7.79,5200268,40812268.00
20160829,7.80,7.90,7.77,7.85,3642048,28614702.00
20160830,7.88,7.98,7.81,7.96,5488038,43614036.00
20160831,7.96,8.01,7.87,7.93,3601778,28590368.00
20160901,7.93,8.06,7.86,7.92,7881825,63001820.00
20160902,7.95,8.05,7.72,8.02,6347802,50435972.00
20160905,8.06,8.07,7.91,7.96,4678371,37474396.00
20160906,8.02,8.08,7.90,8.07,5921669,47424412.00
20160907,8.06,8.11,7.99,8.01,6825515,55085384.00
20160908,8.01,8.16,7.99,8.12,9782461,79138712.00
20160909,8.14,8.23,7.99,8.03,5590867,45419016.00
20160912,7.87,7.87,7.65,7.65,7344845,57039580.00
20160913,7.69,7.78,7.68,7.75,3924754,30391226.00
20160914,7.71,7.84,7.65,7.79,4489025,34907924.00
20160919,7.82,7.91,7.79,7.87,3861319,30423672.00
20160920,7.86,7.93,7.84,7.90,3826923,30203292.00
20160921,7.89,8.04,7.89,7.99,4308809,34462100.00
20160922,8.01,8.05,7.96,8.00,4908259,39315528.00
20160923,7.98,8.12,7.98,8.01,4409915,35520980.00
20160926,8.00,8.06,7.80,7.84,4758889,37942756.00
20160927,7.92,7.92,7.79,7.90,5159460,40606604.00
20160928,7.87,7.92,7.79,7.88,3919831,30810844.00
20160929,7.97,8.23,7.94,8.06,10046230,81603552.00
20160930,8.00,8.15,7.94,8.10,6181909,49902980.00
20161010,8.43,8.49,8.23,8.29,10024011,83315456.00
20161011,8.34,9.12,8.32,9.12,43875860,394642656.00
20161012,9.04,9.15,8.84,8.92,30589265,274559904.00
20161013,8.84,8.91,8.78,8.88,17043938,150785136.00
20161014,8.87,8.94,8.62,8.71,14824551,129858176.00
20161017,8.73,8.79,8.50,8.64,9645652,83640864.00
20161018,8.64,8.76,8.60,8.74,9512276,82830656.00
20161019,8.76,8.94,8.69,8.77,11034169,97168280.00
20161020,8.86,8.87,8.67,8.67,8022266,70203504.00
20161021,8.60,8.63,8.37,8.50,10654913,90727144.00
20161024,8.56,8.90,8.53,8.78,15933136,139807696.00
20161025,8.73,8.81,8.59,8.62,10601717,92000000.00
20161026,8.61,8.77,8.56,8.65,10047381,87462576.00
20161027,8.62,8.71,8.56,8.69,5181503,44691168.00
20161028,8.71,8.71,8.49,8.49,5603816,48279172.00
20161031,8.43,8.47,8.28,8.37,9443942,78915400.00
20161101,8.34,8.42,8.28,8.41,8110724,67882360.00
20161102,8.36,8.42,8.26,8.27,7615351,63575384.00
20161103,8.25,8.41,8.23,8.34,7086477,59123408.00
20161104,8.34,8.45,8.31,8.38,6399047,53768624.00
20161107,8.38,8.47,8.31,8.42,8614346,72377616.00
20161108,8.45,8.69,8.45,8.55,12365556,106382496.00
20161109,8.54,8.57,8.35,8.47,11563286,98211392.00
20161110,8.53,8.89,8.53,8.80,17856184,156589456.00
20161111,8.74,9.06,8.68,8.94,15241107,134565616.00
20161114,8.79,9.05,8.74,8.85,11173285,98917672.00
20161115,8.82,8.91,8.77,8.89,7034068,62187400.00
20161116,8.99,9.11,8.86,8.88,10997980,98693440.00
20161117,8.84,8.85,8.73,8.79,8949596,78700208.00
20161118,8.76,8.84,8.74,8.74,5637702,49618268.00
20161121,8.83,9.03,8.73,9.01,15181401,135734832.00
20161122,9.21,9.46,9.12,9.38,25130924,234103232.00
20161123,9.44,10.19,9.38,9.67,38392060,374844576.00
20161124,9.64,9.95,9.42,9.67,20278736,196890496.00
20161125,9.55,9.86,9.32,9.81,13006613,124849304.00
20161128,9.79,9.79,9.34,9.69,16094536,154700512.00
20161129,9.62,9.92,9.56,9.80,12646861,123594816.00
20161130,9.60,9.76,9.34,9.49,9915162,94709280.00
20161201,10.34,10.44,9.92,10.11,35201396,360464800.00
20161202,9.98,10.38,9.62,9.74,28414684,285731968.00
20161205,9.41,9.66,9.30,9.53,11954876,113397856.00
20161206,9.50,10.48,9.50,10.18,48851001,506264096.00
20161207,9.99,10.64,9.85,10.49,39059575,402252992.00
20161208,10.49,10.77,10.22,10.29,18907104,197633328.00
20161209,10.45,10.87,10.27,10.83,24134812,255709152.00
20161212,10.98,11.91,10.98,11.18,39283044,449613056.00
20161213,11.34,11.96,10.50,11.75,34793740,392001184.00
20161214,11.59,11.91,11.11,11.17,26180428,301074080.00
20161215,10.79,11.55,10.61,11.46,19497791,217452864.00
20161216,11.29,11.39,10.99,11.09,12434372,138868368.00
20161219,11.13,11.57,10.97,11.54,16711186,189969136.00
20161220,11.35,11.49,11.05,11.10,11374031,127793784.00
20161221,11.25,11.67,11.19,11.24,16714713,191037808.00
20161222,11.09,11.17,10.74,10.91,13017684,142699856.00
20161223,10.84,11.09,10.42,10.58,11624913,125393424.00
20161226,10.62,10.64,9.97,10.39,15917689,163526640.00
20161227,10.37,10.56,10.28,10.40,6845525,71512384.00
20161228,10.46,10.83,10.21,10.34,10922409,115116096.00
20161229,10.28,10.49,10.09,10.33,7102504,73241912.00
20161230,10.38,10.46,10.15,10.33,5546770,57113936.00
20170103,10.33,10.70,10.24,10.61,8937447,94297016.00
20170104,10.54,11.56,10.49,11.20,16561106,184751584.00
20170105,11.34,11.64,11.01,11.40,11572286,132073672.00
20170106,11.51,11.54,11.16,11.30,9656927,110028104.00
20170109,11.27,11.27,10.89,11.19,9147771,101358192.00
20170110,11.04,11.22,10.80,10.82,9279600,101328264.00
20170111,10.79,10.79,10.31,10.52,13530309,141992416.00
20170112,10.48,10.65,10.29,10.49,7591895,79666840.00
20170113,10.49,10.65,10.09,10.11,5516121,57156208.00
20170116,10.06,10.24,9.39,9.84,10251925,102102464.00
20170117,9.84,10.22,9.69,10.18,5695586,56880224.00
20170118,10.18,10.39,9.96,10.02,4994022,50788104.00
20170119,9.89,10.09,9.82,9.87,3724436,36930176.00
20170120,9.91,10.07,9.84,9.99,4035921,40328012.00
20170123,10.20,10.67,10.14,10.32,9042438,93763152.00
20170124,10.25,10.53,10.11,10.41,4951227,51437680.00
20170125,10.39,10.54,10.22,10.28,3641290,37905624.00
20170126,10.30,10.34,10.00,10.17,5582300,56819344.00
20170203,10.18,10.31,10.09,10.17,2767600,28183640.00
20170206,10.17,10.47,10.13,10.40,7237129,75010112.00
20170207,10.37,10.40,10.20,10.29,4744100,48882576.00
20170208,10.24,10.24,9.86,10.15,9648605,96563224.00
20170209,10.07,10.17,9.90,10.16,6378908,64059960.00
20170210,10.09,10.22,9.96,10.03,8517491,85832672.00
20170213,10.02,10.34,10.02,10.21,11977071,122532912.00
20170214,10.22,10.24,10.05,10.13,7031176,71354952.00
20170215,10.15,10.16,9.49,9.62,15681765,153754336.00
20170216,9.60,9.73,9.51,9.67,8313096,79959424.00
20170217,9.64,9.68,9.03,9.18,14040850,131008536.00
20170220,9.18,9.28,9.10,9.19,13490574,123951256.00
20170221,9.20,9.71,9.16,9.69,15069869,143093584.00
20170222,9.64,9.94,9.63,9.71,9542073,93772072.00
20170223,9.71,9.82,9.59,9.71,4788072,46535792.00
20170224,9.71,10.11,9.71,9.90,7724964,76961456.00
20170227,9.85,10.09,9.53,9.65,6644171,65152216.00
20170228,9.61,9.90,9.60,9.71,5645979,54898832.00
20170301,9.69,9.80,9.57,9.59,5613673,54455344.00
20170302,9.65,9.69,9.44,9.52,10236302,97945152.00
20170303,9.44,9.64,9.44,9.58,4445037,42567048.00
20170306,9.57,9.80,9.57,9.65,5522193,53584152.00
20170307,9.68,9.89,9.65,9.85,7640700,75027408.00
20170308,9.87,10.05,9.70,9.93,6968645,69426504.00
20170309,9.77,9.81,9.32,9.68,5898837,56837536.00
20170310,9.64,9.83,9.39,9.43,7779574,74293696.00
20170313,9.43,9.55,9.29,9.47,5820325,54899288.00
20170314,9.44,9.51,9.42,9.44,4196538,39748292.00
20170315,9.40,9.48,9.33,9.43,4382977,41276176.00
20170316,9.48,9.65,9.48,9.58,5057611,48445384.00
20170317,9.61,9.69,9.50,9.55,3616691,34800100.00
20170320,9.46,9.69,9.46,9.69,4275669,41179032.00
20170321,9.70,9.77,9.55,9.59,4007739,38631664.00
20170322,9.59,9.85,9.59,9.77,6858450,66957668.00
20170323,9.71,9.79,9.42,9.53,7350821,70316616.00
20170324,9.53,9.55,8.87,9.19,14371165,131667368.00
20170327,9.10,9.17,8.98,9.11,5732279,52001012.00
20170328,9.09,9.16,9.02,9.10,3869128,35183708.00
20170329,9.10,9.15,8.88,9.04,4230957,38290084.00
20170330,9.01,9.14,8.89,9.05,5830158,52603408.00
20170331,9.02,9.24,8.60,8.72,11004495,98858384.00
20170405,8.60,8.89,8.60,8.79,9136468,80130288.00
20170406,8.80,8.92,8.71,8.85,5085443,44924756.00
20170407,8.85,9.41,8.79,9.24,15118391,139346976.00
20170410,9.19,9.19,8.92,9.02,10262816,92653480.00
20170411,9.20,9.25,9.02,9.16,6279195,57409636.00
20170412,9.10,9.24,8.96,8.97,5521733,50318916.00
20170413,9.00,9.34,8.85,9.34,10025048,90533592.00
20170414,9.24,9.81,9.24,9.59,23363903,223119904.00
20170417,9.51,9.64,9.14,9.42,11993659,112831440.00
20170418,9.29,9.39,8.93,9.00,14741649,135788768.00
20170419,8.95,9.03,8.11,8.40,12570097,106860024.00
20170420,8.31,8.31,7.93,7.97,14471160,117037488.00
20170421,7.95,8.04,7.91,7.99,5169346,41234092.00
20170424,7.99,7.99,7.61,7.64,4034244,31136326.00
20170425,7.69,7.75,7.38,7.38,8531851,64301260.00
20170426,7.38,7.43,6.82,7.24,24318746,172780992.00
20170427,7.18,7.33,7.00,7.29,8956920,64456072.00
20170428,7.23,7.47,7.19,7.43,6727565,49779228.00
20170502,7.43,7.51,7.32,7.45,6002976,44456496.00
20170503,7.39,7.40,7.13,7.31,10221293,74276440.00
20170504,7.25,7.48,7.19,7.31,7419546,54696944.00
20170505,7.20,7.37,7.14,7.21,5226735,37943580.00
20170508,7.22,7.28,7.05,7.05,4698100,33867520.00
20170509,7.04,7.47,6.87,7.41,11948376,86626072.00
20170510,7.39,7.42,7.19,7.22,6137716,44866188.00
20170511,7.19,7.38,6.98,7.22,6710432,48389264.00
20170512,7.20,7.28,7.04,7.14,4054694,29148052.00
20170515,7.15,7.37,7.15,7.35,5695056,41535304.00
20170516,7.30,7.46,7.30,7.44,5804554,42899396.00
20170517,7.40,7.91,7.40,7.74,10076251,77419728.00
20170518,7.60,8.19,7.59,8.14,16579997,131638848.00
20170519,8.40,8.95,8.23,8.37,44072003,375300768.00
20170522,8.27,8.27,7.70,7.77,24064688,193545472.00
20170523,7.85,7.85,7.11,7.26,20844165,154997776.00
20170524,7.08,7.45,6.91,7.29,12847938,93129704.00
20170525,7.28,7.36,7.05,7.26,10316672,74209400.00
20170526,7.19,7.43,7.10,7.30,12738406,92520608.00
20170531,7.35,7.38,7.10,7.10,7291701,52719804.00
20170601,7.04,7.11,6.63,6.63,14694411,100888672.00
20170602,6.60,6.76,6.33,6.67,10343539,67675632.00
20170605,6.67,6.94,6.64,6.74,6757260,45982832.00
20170606,6.73,6.83,6.67,6.78,4570104,30799352.00
20170607,6.80,6.98,6.74,6.95,9828043,67604432.00
20170608,6.90,6.94,6.80,6.82,8217774,56358784.00
20170609,6.80,6.85,6.71,6.77,6114220,41330252.00
20170612,6.77,6.77,6.55,6.56,7503043,49807200.00
20170613,6.60,6.78,6.53,6.73,7979572,53317220.00
20170614,6.74,6.81,6.70,6.78,5328596,35997420.00
20170615,6.74,6.92,6.68,6.87,7777180,53178180.00
20170616,6.86,6.88,6.80,6.84,4472300,30603520.00
20170619,6.82,6.94,6.82,6.94,5499809,37951276.00
20170620,6.94,7.04,6.91,6.97,5535019,38579324.00
20170621,6.98,7.01,6.85,6.98,4985373,34461812.00
20170622,6.96,6.99,6.70,6.73,5462700,37571476.00
20170623,6.65,6.75,6.58,6.74,5046575,33691100.00
20170626,6.74,6.85,6.67,6.76,7765178,52430344.00
20170627,6.75,6.96,6.75,6.92,7941263,54675256.00
20170628,6.88,6.92,6.79,6.82,5267972,36023236.00
20170629,6.89,6.95,6.80,6.88,4206911,28854010.00
20170630,6.83,6.88,6.78,6.85,3726844,25483712.00
20170703,6.88,6.97,6.88,6.94,5683482,39387520.00
20170704,6.95,7.08,6.90,7.06,8087250,56701708.00
20170705,7.03,7.09,6.98,7.07,6043344,42529432.00
20170706,7.02,7.07,6.99,7.02,3936400,27649986.00
20170707,7.02,7.06,6.98,7.03,3733715,26202480.00
20170710,7.03,7.10,6.98,7.04,5887806,41447668.00
20170711,7.04,7.04,6.89,6.92,4618720,32111944.00
20170712,6.92,6.95,6.72,6.86,3350559,22817942.00
20170713,6.88,6.90,6.82,6.86,2611918,17916094.00
20170714,6.89,6.93,6.80,6.81,2331464,15951883.00
20170717,6.81,6.82,6.13,6.13,11375244,72350576.00
20170718,6.13,6.15,5.83,6.04,14673792,88102312.00
20170719,6.01,6.07,5.93,6.06,10628224,63770556.00
数据来源:通达信
