300175 朗源股份 日线 前复权
      日期	    开盘	    最高	    最低	    收盘	    成交量	    成交额
20110215,5.12,5.19,4.71,4.81,16817600,365815648.00
20110216,4.87,5.29,4.86,5.29,9482171,216634176.00
20110217,5.44,5.54,5.14,5.16,13496794,321294816.00
20110218,5.00,5.13,4.94,5.01,7458148,166902704.00
20110221,5.01,5.14,4.99,5.06,4705395,105869800.00
20110222,5.02,5.04,4.65,4.66,6011759,128935984.00
20110223,4.62,4.73,4.60,4.65,2434313,50470984.00
20110224,4.67,4.74,4.63,4.68,1980545,41274828.00
20110225,4.64,4.66,4.53,4.63,2196154,44897352.00
20110228,4.63,4.74,4.61,4.72,2189316,45739984.00
20110301,4.73,4.77,4.65,4.71,2053140,42971860.00
20110302,4.67,4.70,4.58,4.65,1856173,38274144.00
20110303,4.65,4.67,4.55,4.55,1358829,27938354.00
20110304,4.56,4.62,4.53,4.62,967544,19741292.00
20110307,4.59,4.65,4.59,4.64,1136460,23444518.00
20110308,4.64,4.64,4.59,4.63,1155482,23756468.00
20110309,4.64,4.68,4.60,4.67,1167185,24111302.00
20110310,4.64,4.74,4.64,4.67,1654845,34558184.00
20110311,4.66,4.84,4.64,4.77,3852397,81919512.00
20110314,4.74,5.02,4.74,5.01,4615032,101185808.00
20110315,5.03,5.04,4.83,4.99,3455741,76368944.00
20110316,4.95,5.03,4.90,4.94,2335840,51492904.00
20110317,4.87,4.99,4.83,4.94,1528328,33298156.00
20110318,5.00,5.04,4.74,4.78,2392282,51459848.00
20110321,4.76,4.79,4.69,4.73,983024,20702050.00
20110322,4.72,4.72,4.62,4.65,1444148,29848474.00
20110323,4.64,4.68,4.63,4.68,915630,19006542.00
20110324,4.78,5.06,4.76,4.86,4986974,108780592.00
20110325,4.74,4.78,4.69,4.73,2966607,62596268.00
20110328,4.77,4.86,4.72,4.84,2791381,59639456.00
20110329,4.82,4.86,4.62,4.67,2260013,47389496.00
20110330,4.66,4.69,4.60,4.66,1003297,20784660.00
20110331,4.66,4.71,4.61,4.61,860884,17834528.00
20110401,4.65,4.66,4.56,4.64,769774,15831618.00
20110406,4.63,4.64,4.52,4.56,978623,19923954.00
20110407,4.62,4.74,4.61,4.66,1791349,37397612.00
20110408,4.64,4.72,4.64,4.68,1125743,23500166.00
20110411,4.69,4.74,4.66,4.69,1305836,27365966.00
20110412,4.70,4.72,4.55,4.64,1393274,28682818.00
20110413,4.62,4.68,4.58,4.67,714256,14807043.00
20110414,4.71,4.72,4.66,4.68,905158,18935562.00
20110415,4.65,4.67,4.55,4.59,785670,16084673.00
20110418,4.55,4.59,4.53,4.56,815529,16529996.00
20110419,4.56,4.56,4.42,4.42,1190951,23689002.00
20110420,4.41,4.47,4.41,4.44,505772,10021444.00
20110421,4.46,4.48,4.42,4.46,730293,14489611.00
20110422,4.48,4.50,4.28,4.30,1286325,25005216.00
20110425,4.27,4.28,4.10,4.10,924506,17196930.00
20110426,4.10,4.13,4.03,4.07,441428,8015288.00
20110427,4.10,4.10,3.94,3.97,658548,11798289.00
20110428,3.99,4.00,3.87,3.88,489250,8610171.00
20110429,3.88,3.93,3.87,3.92,323770,5649505.50
20110503,3.90,3.96,3.90,3.94,286546,5037867.50
20110504,3.92,3.92,3.82,3.82,320293,5539744.50
20110505,3.81,3.89,3.79,3.89,386426,6648450.00
20110506,3.83,3.91,3.82,3.87,186780,3227835.00
20110509,3.86,3.94,3.86,3.89,273734,4774674.50
20110510,3.89,3.89,3.87,3.89,232102,4027022.25
20110511,3.91,3.91,3.87,3.89,297659,5173338.00
20110512,3.87,3.88,3.76,3.76,548520,9359952.00
20110513,3.75,3.80,3.73,3.80,452862,7627533.50
20110516,3.80,3.84,3.76,3.81,798719,13604662.00
20110517,3.81,3.81,3.68,3.75,751537,12515923.00
20110518,3.71,3.76,3.71,3.75,411434,6882761.00
20110520,3.71,3.73,3.62,3.67,690691,11303556.00
20110523,3.67,3.67,3.51,3.51,781322,12434938.00
20110524,3.49,3.59,3.45,3.56,1682280,26582458.00
20110525,3.54,3.55,3.40,3.41,717298,11144032.00
20110526,3.44,3.51,3.44,3.46,812435,12634402.00
20110527,3.48,3.48,3.42,3.44,479693,7419403.00
20110530,3.39,3.52,3.39,3.46,574361,8932702.00
20110531,3.50,3.57,3.49,3.57,855851,13576041.00
20110601,3.57,3.59,3.52,3.57,747163,11909570.00
20110602,3.55,3.85,3.53,3.77,3437950,57723432.00
20110603,3.72,3.78,3.69,3.78,1058846,17676402.00
20110607,3.74,3.78,3.70,3.75,722843,12074646.00
20110608,3.76,3.84,3.72,3.80,941012,15924190.00
20110609,3.78,3.82,3.66,3.66,730129,12141017.00
20110610,3.62,3.70,3.62,3.66,298200,4870375.00
20110613,3.62,3.72,3.58,3.67,355082,5774448.00
20110614,3.65,3.79,3.65,3.76,360731,6039580.00
20110615,3.75,3.80,3.72,3.72,172599,2885838.50
20110616,3.67,3.74,3.66,3.69,148307,2446379.00
20110617,3.65,3.71,3.65,3.69,252900,4170538.00
20110620,3.62,3.68,3.60,3.62,188723,3057541.00
20110621,3.66,3.76,3.65,3.73,296591,4914805.50
20110622,3.75,3.76,3.67,3.67,163651,2709476.75
20110623,3.67,3.90,3.63,3.84,1351779,23112390.00
20110624,3.85,3.99,3.80,3.94,1516669,26428842.00
20110627,3.90,3.97,3.83,3.89,840650,14610896.00
20110628,3.91,3.91,3.79,3.86,1044289,17860206.00
20110629,3.84,3.86,3.81,3.83,388796,6656285.00
20110630,3.83,3.89,3.82,3.87,713777,12294278.00
20110701,3.92,3.96,3.87,3.96,1036726,18227686.00
20110704,4.00,4.17,3.93,4.14,1726852,31530256.00
20110705,4.10,4.21,4.10,4.18,899988,16652130.00
20110706,4.20,4.28,4.03,4.20,1076840,20227676.00
20110707,4.17,4.31,4.17,4.24,940210,17885858.00
20110708,4.33,4.36,4.22,4.26,1527511,29245100.00
20110711,4.20,4.33,4.15,4.27,787190,15092593.00
20110712,4.24,4.38,4.19,4.30,980974,18776860.00
20110713,4.26,4.46,4.26,4.46,1315947,25716480.00
20110714,4.46,4.68,4.40,4.64,1872733,38469208.00
20110715,4.67,4.97,4.67,4.89,3765274,80946256.00
20110718,4.87,5.00,4.74,4.89,2830962,62026596.00
20110719,4.91,4.95,4.80,4.90,1648065,35974536.00
20110720,4.92,5.25,4.85,5.20,4149382,94680600.00
20110722,5.73,5.73,5.73,5.73,10849208,276437760.00
20110725,5.85,6.16,5.76,5.87,15079609,397203104.00
20110726,5.86,6.04,5.74,5.82,8789256,230023472.00
20110727,5.75,6.21,5.75,6.05,8882012,236631024.00
20110728,5.95,6.04,5.88,5.94,5454921,144194144.00
20110729,5.88,5.93,5.67,5.71,5213653,134424400.00
20110801,5.68,5.85,5.68,5.84,3711825,95415552.00
20110802,5.77,6.12,5.72,5.96,5802137,153279856.00
20110803,5.92,6.57,5.92,6.17,10110065,285907552.00
20110804,6.17,6.27,6.01,6.22,5221141,142493520.00
20110805,6.01,6.49,5.96,6.25,5174698,143422896.00
20110808,6.17,6.44,5.78,6.12,6539366,179293232.00
20110809,5.94,6.16,5.71,5.87,4438395,117825176.00
20110810,5.99,6.47,5.92,6.47,8294501,232770240.00
20110811,6.44,6.66,6.38,6.58,7066353,204185760.00
20110812,6.55,6.62,6.50,6.54,3703968,107746368.00
20110815,6.57,6.91,6.50,6.57,5514285,163706496.00
20110816,6.58,6.63,6.44,6.54,3293864,95594408.00
20110817,6.57,6.69,6.52,6.65,3421154,100269376.00
20110818,6.62,6.65,6.30,6.30,4084855,116992152.00
20110819,6.15,6.26,5.97,6.12,3226422,87583264.00
20110823,6.05,6.74,6.04,6.74,8022674,230510000.00
20110824,6.73,7.14,6.72,6.88,6717823,205107296.00
20110825,6.97,7.04,6.61,6.72,6274453,189749856.00
20110826,6.68,7.12,6.67,7.09,7816097,239641216.00
20110829,7.03,7.29,6.96,6.96,7357994,232079904.00
20110830,6.96,6.99,6.52,6.55,6937276,207892320.00
20110831,6.43,6.92,6.11,6.20,16538185,217395488.00
20110901,6.21,6.82,6.21,6.82,27892033,376429888.00
20110902,6.79,6.93,6.13,6.16,29663542,388950656.00
20110905,5.88,6.04,5.75,5.77,13945372,165918848.00
20110906,5.73,6.07,5.73,5.89,12254788,145752800.00
20110907,5.92,6.04,5.70,5.99,12663722,150482256.00
20110908,5.99,6.00,5.66,5.67,11604852,136195984.00
20110909,5.62,5.81,5.50,5.52,9026899,102201288.00
20110913,5.47,5.50,5.32,5.38,7117502,77533096.00
20110914,5.46,5.54,5.18,5.42,8578446,92898120.00
20110915,5.39,5.47,5.33,5.41,6943790,75813584.00
20110916,5.45,5.49,5.10,5.14,7359746,78259152.00
20110919,5.07,5.08,4.85,4.89,6392224,63995016.00
20110920,4.90,5.00,4.85,4.93,4761033,47456908.00
20110921,4.95,5.43,4.93,5.43,18204319,195129840.00
20110922,5.30,5.53,5.20,5.26,15677888,170721456.00
20110923,5.23,5.61,5.19,5.58,15973485,175074112.00
20110926,5.47,5.53,5.29,5.38,9890273,107791896.00
20110927,5.35,5.43,4.87,4.97,12349079,126906448.00
20110928,4.99,5.07,4.79,4.82,7355607,73645272.00
20110929,4.74,4.74,4.43,4.44,7536932,69416768.00
20110930,4.48,4.69,4.43,4.62,6504847,60577236.00
20111010,4.61,4.61,4.47,4.53,3233218,29671284.00
20111011,4.73,4.76,4.48,4.53,4530334,42511264.00
20111012,4.49,4.89,4.45,4.81,6711587,64145268.00
20111013,4.76,5.08,4.74,5.08,9132062,91470672.00
20111014,4.98,5.06,4.89,4.94,6669718,66996908.00
20111017,4.94,5.24,4.93,5.09,7206655,74321872.00
20111018,5.02,5.06,4.79,4.81,5250550,52665964.00
20111019,4.83,4.89,4.60,4.68,4447396,42371880.00
20111020,4.66,4.68,4.44,4.54,3509354,32192482.00
20111021,4.48,4.56,4.40,4.46,2439914,22159320.00
20111024,4.53,4.57,4.27,4.53,3915624,35050376.00
20111025,4.52,4.72,4.49,4.66,5836126,54656940.00
20111026,4.59,4.77,4.53,4.63,5730948,54125680.00
20111027,4.66,4.73,4.58,4.60,4609076,43477908.00
20111028,4.69,4.71,4.53,4.67,6269755,58792532.00
20111031,4.69,4.83,4.62,4.80,6681920,64093788.00
20111101,4.77,5.24,4.74,5.10,13296921,134830992.00
20111102,4.94,5.27,4.90,5.19,10475212,107867360.00
20111103,5.19,5.29,5.03,5.04,9507693,99009584.00
20111104,5.06,5.14,4.99,5.08,4788627,49058056.00
20111107,5.10,5.10,4.95,4.99,3375554,34216804.00
20111108,4.99,5.23,4.97,5.03,5704304,58954848.00
20111109,5.06,5.17,4.93,5.17,4621696,47112240.00
20111110,5.06,5.69,5.04,5.69,22185865,248229024.00
20111111,5.65,6.19,5.59,5.92,26004723,308880416.00
20111114,5.87,6.06,5.80,6.03,13314912,159738384.00
20111115,5.94,5.98,5.82,5.87,10090167,119819792.00
20111116,5.87,5.88,5.52,5.57,10261203,117618848.00
20111117,5.63,5.83,5.51,5.64,9273105,106088608.00
20111118,5.54,5.62,5.34,5.40,6160432,67762368.00
20111121,5.37,5.46,5.19,5.40,4051232,43432432.00
20111122,5.32,5.59,5.31,5.59,7628500,84524960.00
20111123,5.54,5.69,5.39,5.44,5977844,67078352.00
20111124,5.29,5.57,5.20,5.57,6920848,75980688.00
20111125,5.58,5.72,5.43,5.50,7040290,79436120.00
20111128,5.54,5.56,5.32,5.38,4685298,51334252.00
20111129,5.44,5.54,5.26,5.49,7138031,77963928.00
20111130,5.44,5.47,4.94,4.94,7143410,74548856.00
20111201,5.15,5.17,4.95,4.99,4974572,50798736.00
20111202,4.99,5.03,4.60,4.64,5710611,54742232.00
20111205,4.62,4.63,4.36,4.39,3838229,34472364.00
20111206,4.39,4.52,4.33,4.46,2348730,21053552.00
20111207,4.46,4.49,4.39,4.48,1929513,17370558.00
20111208,4.47,4.72,4.33,4.61,4574324,42033940.00
20111209,4.53,4.64,4.48,4.49,2203076,20260462.00
20111212,4.48,4.59,4.47,4.48,1946990,17862076.00
20111213,4.42,4.46,4.22,4.25,3375873,29321488.00
20111214,4.20,4.32,4.15,4.19,1465410,12582190.00
20111215,4.18,4.18,3.95,3.97,3127892,25595254.00
20111216,3.99,4.20,3.99,4.19,2943670,24386888.00
20111219,4.17,4.31,4.06,4.27,2823679,23820070.00
20111220,4.27,4.38,4.22,4.27,3195229,27968498.00
20111221,4.29,4.47,4.19,4.21,3925059,34640468.00
20111222,4.14,4.22,3.89,4.15,3709020,30325134.00
20111223,4.09,4.24,4.07,4.17,2074310,17520682.00
20111226,4.14,4.25,4.11,4.12,1737332,14725617.00
20111227,4.10,4.14,3.96,3.96,1474154,12050254.00
20111228,3.94,3.96,3.78,3.93,1569604,12399754.00
20111229,3.93,4.01,3.87,3.95,1417220,11414716.00
20111230,3.97,4.07,3.97,4.04,1133339,9247273.00
20120104,4.10,4.12,3.93,3.93,1079537,8819919.00
20120105,3.89,3.90,3.65,3.66,1593639,12221002.00
20120106,3.58,3.71,3.42,3.67,1892284,13688876.00
20120109,3.61,3.84,3.57,3.84,1999164,15292741.00
20120110,3.84,4.06,3.83,4.01,2836047,22922726.00
20120111,4.02,4.12,3.95,4.02,2247769,18392138.00
20120112,4.01,4.07,3.95,3.98,1549687,12571713.00
20120113,3.97,4.01,3.65,3.67,2588826,19908586.00
20120116,3.61,3.66,3.49,3.49,1143920,8312318.00
20120117,3.51,3.72,3.44,3.71,1850529,13617892.00
20120118,3.69,3.76,3.49,3.52,2384842,17460974.00
20120119,3.51,3.61,3.47,3.57,1120682,8094064.00
20120120,3.58,3.68,3.55,3.67,1379272,10208361.00
20120130,3.69,3.72,3.63,3.65,1299948,9705468.00
20120131,3.64,3.67,3.56,3.60,934617,6822310.00
20120201,3.60,3.70,3.60,3.63,1575767,11656251.00
20120202,3.68,3.73,3.63,3.73,1801640,13500504.00
20120203,3.73,3.93,3.70,3.87,2954300,22811034.00
20120206,3.85,3.94,3.79,3.90,2473222,19431512.00
20120207,3.88,3.89,3.72,3.75,2231174,17135622.00
20120208,3.75,3.86,3.72,3.85,1898113,14685668.00
20120209,3.85,4.02,3.83,3.92,3898888,31199998.00
20120210,3.92,3.97,3.86,3.93,2855264,22665798.00
20120213,3.87,4.01,3.86,3.97,2729095,21890150.00
20120214,3.94,4.12,3.89,3.91,2248177,17922762.00
20120215,3.89,4.00,3.89,4.00,2929230,23530102.00
20120216,3.99,4.24,3.98,4.20,6209446,51990880.00
20120217,4.16,4.31,4.00,4.21,6570972,55502968.00
20120220,4.33,4.44,4.17,4.34,5856591,50967712.00
20120221,4.32,4.42,4.22,4.37,4808063,42139864.00
20120222,4.41,4.44,4.30,4.42,4114330,36561060.00
20120223,4.42,4.53,4.37,4.46,3950396,35623640.00
20120224,4.41,4.46,4.33,4.40,4509632,40049708.00
20120227,4.40,4.43,4.33,4.42,5347729,47437552.00
20120228,4.41,4.41,4.18,4.25,4299683,37420248.00
20120229,4.21,4.29,4.10,4.11,2871991,24256396.00
20120301,4.09,4.16,4.07,4.12,1569393,13124396.00
20120302,4.13,4.19,4.12,4.18,2807235,23671280.00
20120305,4.18,4.27,4.17,4.22,3294517,28165922.00
20120306,4.27,4.27,4.16,4.20,3002421,25677394.00
20120307,4.15,4.24,4.11,4.17,2370519,19982936.00
20120308,4.15,4.23,4.12,4.23,2514888,21319340.00
20120309,4.22,4.32,4.20,4.31,3671787,31812266.00
20120312,4.32,4.32,4.21,4.27,3011639,26021444.00
20120313,4.29,4.39,4.26,4.38,3998053,35239192.00
20120314,4.40,4.59,4.27,4.33,10428196,93765032.00
20120315,4.33,4.43,4.12,4.42,5381481,46689684.00
20120316,4.39,4.78,4.39,4.78,11589459,107909056.00
20120319,4.74,4.90,4.63,4.89,9546569,91527360.00
20120320,4.83,4.83,4.58,4.58,5738006,54627640.00
20120321,4.61,4.63,4.39,4.56,4457073,40690232.00
20120322,4.54,4.68,4.43,4.55,3917245,36084096.00
20120323,4.54,4.54,4.25,4.32,3171336,28258078.00
20120326,4.29,4.30,4.16,4.23,2894687,24835596.00
20120327,4.30,4.31,4.19,4.21,1320877,11386270.00
20120328,4.19,4.19,3.85,3.87,2687384,21802496.00
20120329,3.85,3.88,3.73,3.76,1448220,11169930.00
20120330,3.78,3.82,3.67,3.73,1150958,8760655.00
20120405,3.73,3.85,3.73,3.82,2186199,16941140.00
20120406,3.83,3.94,3.80,3.93,2405697,18962490.00
20120409,3.94,4.06,3.90,3.91,3024061,24498564.00
20120410,3.77,3.90,3.69,3.89,3133900,24164204.00
20120411,3.83,3.88,3.76,3.85,1881908,14632435.00
20120412,3.85,3.98,3.82,3.97,2316061,18330034.00
20120413,3.98,4.04,3.94,3.98,2457199,19860192.00
20120416,3.94,4.12,3.88,4.07,3663951,29728094.00
20120417,4.04,4.24,4.03,4.12,4131424,34685736.00
20120418,4.23,4.33,4.14,4.28,4576830,39422396.00
20120419,4.29,4.36,4.21,4.34,4179138,36362916.00
20120420,4.34,4.38,4.30,4.35,4475414,39436096.00
20120423,4.32,4.37,4.10,4.33,4726717,40431536.00
20120424,4.24,4.31,4.10,4.25,2299368,19631540.00
20120425,4.23,4.31,4.14,4.22,2721112,23262680.00
20120426,4.24,4.31,4.05,4.27,4832948,41156144.00
20120427,4.26,4.29,4.14,4.19,2612605,22327482.00
20120502,4.23,4.24,4.10,4.17,3848296,32587402.00
20120503,4.13,4.21,4.13,4.17,1989453,16855942.00
20120504,4.16,4.59,4.16,4.59,9908804,90245096.00
20120507,4.69,5.04,4.69,4.95,14877457,146797968.00
20120508,4.88,5.05,4.87,5.05,8380472,84363928.00
20120509,5.04,5.24,4.98,5.07,9762699,100497864.00
20120510,4.99,5.19,4.99,5.17,4954344,51041700.00
20120511,5.13,5.49,5.10,5.44,5268752,56439712.00
20120514,5.45,5.50,5.29,5.29,6468784,70326248.00
20120515,5.18,5.33,5.03,5.30,6079608,64038212.00
20120516,5.26,5.33,5.14,5.24,2493699,26332020.00
20120517,5.24,5.33,5.12,5.24,2861992,30395814.00
20120518,5.21,5.34,5.17,5.27,2535454,26961888.00
20120521,5.21,5.53,5.21,5.39,3338337,36587612.00
20120522,5.47,5.47,5.21,5.24,7300745,78220088.00
20120523,5.22,5.37,5.09,5.23,8446609,89590768.00
20120524,5.29,5.30,5.16,5.24,3659886,38560896.00
20120525,5.44,5.44,4.94,5.25,17764305,186166576.00
20120528,5.14,5.30,5.04,5.23,7487452,78949952.00
20120529,5.18,5.27,5.13,5.21,5611050,59021500.00
20120530,5.18,5.33,5.15,5.31,4152379,44113320.00
20120531,5.34,5.34,5.13,5.24,4169790,43965104.00
20120601,5.23,5.38,5.20,5.36,6503216,69565024.00
20120604,5.32,5.43,5.12,5.12,4426790,47170688.00
20120605,5.04,5.13,4.88,4.91,3477159,35024656.00
20120606,4.89,4.98,4.79,4.86,2452480,24216550.00
20120607,5.03,5.03,4.80,4.93,2546606,25275418.00
20120608,4.92,5.09,4.89,5.04,2435335,24646148.00
20120611,5.00,5.12,4.93,5.04,1566828,15973175.00
20120612,5.05,5.12,4.99,4.99,1274901,13007769.00
20120613,4.98,5.02,4.84,4.99,2533552,25349676.00
20120614,4.99,5.26,4.94,5.16,2444107,25371668.00
20120615,5.19,5.22,5.02,5.17,1681145,17402234.00
20120618,5.17,5.21,5.04,5.14,1536494,15934662.00
20120619,5.14,5.19,5.04,5.14,2158634,22353818.00
20120620,5.12,5.19,5.05,5.07,998060,10288959.00
20120621,5.06,5.09,4.92,4.97,1383576,13965817.00
20120625,4.97,5.02,4.82,4.87,947219,9354609.00
20120626,4.82,4.96,4.77,4.93,1068163,10600579.00
20120627,4.95,4.95,4.83,4.88,725208,7186561.00
20120628,4.88,4.90,4.81,4.85,770505,7577300.00
20120629,4.77,5.34,4.69,5.34,5604709,58123492.00
20120702,5.33,5.60,5.29,5.49,5374658,59257540.00
20120703,5.50,5.67,5.48,5.50,3864472,43503764.00
20120704,5.51,5.60,5.36,5.59,3471075,38548672.00
20120705,5.59,5.59,5.44,5.59,2040749,22874478.00
20120706,5.64,5.76,5.53,5.69,2763594,31516898.00
20120709,5.68,5.97,5.64,5.74,3140436,37058480.00
20120710,5.65,5.84,5.45,5.52,2190122,24718130.00
20120711,5.52,5.67,5.47,5.62,1506021,16988170.00
20120712,5.59,5.79,5.52,5.61,1660349,19036452.00
20120713,5.57,5.64,5.54,5.59,1177802,13288277.00
20120716,5.62,5.62,5.36,5.39,1382738,15213249.00
20120717,5.30,5.50,5.30,5.46,782432,8554084.00
20120718,5.44,5.61,5.40,5.46,1698032,18829318.00
20120719,5.47,5.59,5.45,5.49,3177050,35389288.00
20120720,5.59,6.04,5.49,6.04,18012961,209137840.00
20120723,5.89,6.39,5.74,6.12,13889137,169070592.00
20120724,5.99,6.18,5.89,5.99,6304012,76457256.00
20120725,5.95,6.25,5.94,6.00,6845290,83999936.00
20120726,5.91,6.00,5.79,5.80,5227253,61989736.00
20120727,5.83,5.89,5.51,5.52,5765134,66334912.00
20120730,5.45,5.52,4.96,4.96,5789351,60804812.00
20120731,4.92,4.94,4.76,4.86,3591005,35044896.00
20120801,4.82,5.17,4.81,5.07,6079025,61786936.00
20120802,5.02,5.17,4.93,4.99,3162217,32166968.00
20120803,4.99,5.17,4.95,5.16,3497773,36039936.00
20120806,5.10,5.32,5.08,5.29,3707313,38873944.00
20120807,5.29,5.38,5.26,5.35,3077861,33104706.00
20120808,5.34,5.59,5.29,5.56,5111730,56307576.00
20120809,5.54,5.57,5.40,5.56,4103640,45575256.00
20120810,5.56,5.72,5.52,5.63,4720305,53673576.00
20120813,5.59,5.68,5.33,5.36,3809880,42172768.00
20120814,5.43,5.77,5.40,5.74,4875793,54897316.00
20120815,5.70,5.78,5.60,5.62,3471005,39804160.00
20120816,5.74,5.93,5.50,5.54,5158448,59798708.00
20120817,5.39,5.54,5.35,5.49,2429242,26718638.00
20120820,5.45,5.68,5.37,5.66,2761962,31005196.00
20120821,5.69,5.82,5.55,5.62,6267619,72017072.00
20120822,5.61,5.64,5.39,5.42,5225193,57958256.00
20120823,5.44,5.74,5.37,5.38,8960496,49924448.00
20120824,5.21,5.25,4.97,5.02,9327996,48061536.00
20120827,4.94,5.08,4.92,5.06,4870493,24777808.00
20120828,5.02,5.11,5.02,5.06,2944511,15064758.00
20120829,5.04,5.57,5.03,5.39,18671732,103417128.00
20120830,5.27,5.36,4.85,5.01,13169137,67774920.00
20120831,4.99,5.28,4.90,5.19,5836924,30121580.00
20120903,5.15,5.41,5.15,5.34,3274898,17605486.00
20120905,5.74,5.88,5.34,5.36,13328360,75987160.00
20120906,5.30,5.48,5.23,5.26,6758515,36288124.00
20120907,5.32,5.59,5.25,5.44,17752184,96660184.00
20120910,5.42,5.47,5.36,5.46,8802091,48209640.00
20120911,5.45,5.59,5.37,5.48,7916578,43909032.00
20120912,5.47,5.54,5.37,5.44,6354302,34859892.00
20120913,5.39,5.60,5.36,5.47,18825461,104219896.00
20120914,5.40,5.46,5.14,5.24,14180775,75731336.00
20120917,5.19,5.20,4.98,4.99,8035299,41309400.00
20120918,4.99,5.07,4.91,5.00,5071548,25615216.00
20120919,5.06,5.14,5.00,5.09,4665254,23928378.00
20120920,5.09,5.11,4.92,4.92,3418189,17328616.00
20120921,4.93,4.99,4.83,4.84,2949564,14674957.00
20120924,4.84,4.94,4.74,4.92,3208828,15861990.00
20120925,4.88,4.91,4.84,4.86,2101022,10349972.00
20120926,4.84,4.93,4.75,4.89,4953692,24217820.00
20120927,4.89,5.11,4.86,4.89,17229874,86796560.00
20120928,4.86,5.02,4.80,4.93,12664225,63203160.00
20121008,4.93,4.96,4.77,4.84,10083429,49755212.00
20121009,4.85,5.02,4.84,5.00,11320645,56514436.00
20121010,4.98,5.00,4.87,4.95,8543722,42748956.00
20121011,4.96,4.97,4.85,4.87,4727568,23514448.00
20121012,4.87,4.92,4.80,4.85,3983751,19579584.00
20121015,4.78,4.88,4.76,4.84,4082444,19983774.00
20121016,4.82,4.87,4.77,4.84,4275349,20889686.00
20121017,4.85,4.85,4.77,4.79,2698213,13114474.00
20121018,4.79,4.87,4.74,4.83,3432895,16772602.00
20121019,4.84,4.84,4.79,4.83,2720878,13253514.00
20121022,4.81,4.84,4.77,4.82,2258614,10974992.00
20121023,4.82,4.91,4.82,4.84,3202580,15772207.00
20121024,4.83,4.89,4.79,4.85,2242203,10995122.00
20121025,4.85,4.88,4.63,4.72,5027881,24237974.00
20121026,4.70,4.70,4.48,4.50,4695819,21679778.00
20121029,4.44,4.54,4.44,4.50,1362527,6216923.50
20121030,4.46,4.55,4.46,4.49,1469712,6698481.00
20121031,4.49,4.55,4.47,4.53,1642370,7514174.00
20121101,4.50,4.59,4.50,4.58,1686514,7790404.00
20121102,4.57,4.60,4.56,4.58,1555620,7221864.00
20121105,4.56,4.58,4.49,4.50,1580557,7237979.50
20121106,4.51,4.51,4.31,4.35,3552114,15774001.00
20121107,4.35,4.41,4.32,4.33,2095653,9242434.00
20121108,4.33,4.34,4.24,4.29,4094827,17796494.00
20121109,4.29,4.29,4.12,4.17,2323478,9925142.00
20121112,4.17,4.21,4.11,4.15,2047721,8651694.00
20121113,4.16,4.17,3.90,4.03,3806175,15593950.00
20121114,4.02,4.22,3.99,4.17,3298944,13755854.00
20121115,4.12,4.16,4.01,4.05,1976421,8179597.00
20121116,3.94,4.12,3.94,4.11,1886439,7802050.00
20121119,4.12,4.15,4.06,4.13,1234479,5126946.00
20121120,4.14,4.17,4.07,4.09,905711,3790214.00
20121121,4.08,4.13,3.85,4.10,2175986,8945652.00
20121122,4.07,4.17,4.04,4.08,1957222,8172749.00
20121123,4.06,4.13,4.06,4.09,1097196,4557240.00
20121126,4.08,4.09,3.98,4.01,1624101,6628061.50
20121127,4.00,4.00,3.75,3.76,1546730,6087458.50
20121128,3.76,3.76,3.65,3.70,1356206,5106726.50
20121129,3.70,3.79,3.65,3.67,1026437,3871165.50
20121130,3.70,3.74,3.68,3.71,1106596,4169233.75
20121203,3.73,4.09,3.66,3.96,15658855,64148184.00
20121204,3.85,3.96,3.69,3.91,7608201,29545676.00
20121205,3.85,4.11,3.84,4.06,6525475,26535962.00
20121206,4.01,4.09,3.97,4.07,4466795,18319348.00
20121207,4.04,4.21,4.00,4.16,7187600,30048114.00
20121210,4.17,4.29,4.03,4.25,6888152,29052896.00
20121211,4.23,4.27,4.15,4.17,6118660,26086850.00
20121212,4.17,4.28,4.14,4.19,4931052,21004562.00
20121213,4.24,4.24,4.03,4.04,4453356,18548332.00
20121214,4.03,4.30,4.02,4.26,6780119,28784262.00
20121217,4.25,4.28,4.16,4.20,5314595,22635544.00
20121218,4.19,4.31,4.13,4.21,6081000,26136548.00
20121219,4.26,4.40,4.20,4.30,5537240,24151236.00
20121220,4.28,4.29,4.16,4.24,4974044,21254444.00
20121221,4.26,4.47,4.19,4.38,10321521,45389144.00
20121224,4.34,4.51,4.29,4.51,7573635,34093056.00
20121225,4.49,4.57,4.41,4.53,7314992,33427400.00
20121226,4.52,4.67,4.50,4.64,6743580,31264678.00
20121227,4.64,4.74,4.52,4.52,5777763,27041596.00
20121228,4.49,4.73,4.49,4.55,4483049,20719530.00
20121231,4.55,4.56,4.49,4.55,3124859,14315109.00
20130104,4.55,4.64,4.49,4.56,5771893,26713024.00
20130107,4.57,5.02,4.55,4.87,17271080,84719672.00
20130108,4.94,4.98,4.69,4.82,12068501,58499672.00
20130109,4.84,4.84,4.52,4.64,19582624,92502264.00
20130110,4.59,4.63,4.47,4.57,23072862,106233576.00
20130111,4.56,4.64,4.50,4.58,14496977,67316264.00
20130114,4.57,4.72,4.50,4.69,13854392,64837464.00
20130115,4.78,5.17,4.69,5.17,30295154,152933840.00
20130116,5.24,5.39,4.87,5.02,47476776,244746784.00
20130117,5.02,5.02,4.82,4.87,16317812,80780560.00
20130118,4.79,4.82,4.59,4.79,34779422,165918496.00
20130121,4.74,4.95,4.69,4.92,23315117,113791504.00
20130122,4.89,4.90,4.67,4.74,16562936,80164768.00
20130123,4.69,4.74,4.54,4.69,11118652,52294352.00
20130124,4.66,4.72,4.45,4.47,12557305,58455996.00
20130125,4.42,4.42,4.15,4.18,24096856,104254456.00
20130128,4.11,4.29,4.10,4.28,24498647,104539664.00
20130129,4.25,4.28,4.19,4.25,14060570,60383584.00
20130130,4.26,4.37,4.19,4.35,17278410,75072720.00
20130131,4.30,4.34,4.22,4.26,11132976,48091472.00
20130201,4.24,4.33,4.22,4.27,8179935,35492700.00
20130204,4.30,4.41,4.19,4.24,31719703,137333840.00
20130205,4.18,4.21,4.06,4.15,20248695,84705464.00
20130206,4.14,4.18,4.11,4.17,11098690,46709540.00
20130207,4.17,4.28,4.12,4.24,13818848,58778460.00
20130208,4.22,4.33,4.20,4.29,16007425,69375200.00
20130218,4.31,4.38,4.25,4.33,36291388,158463632.00
20130219,4.31,4.32,4.24,4.26,17177077,74436840.00
20130220,4.27,4.34,4.23,4.32,16793399,73307848.00
20130221,4.30,4.76,4.29,4.76,70186476,331803296.00
20130222,4.76,4.88,4.57,4.59,69545517,334423072.00
20130225,4.51,4.73,4.51,4.66,25925678,121088312.00
20130226,4.59,4.61,4.46,4.46,19880137,91652088.00
20130227,4.48,4.53,4.36,4.42,18482422,82910016.00
20130228,4.43,4.54,4.38,4.54,15926134,72113152.00
20130301,4.50,4.69,4.49,4.61,19868683,92540184.00
20130304,4.60,4.87,4.53,4.60,30835555,146098400.00
20130305,4.59,4.81,4.56,4.72,23314833,110982072.00
20130306,4.74,4.90,4.65,4.87,33791187,164664320.00
20130307,4.85,4.91,4.64,4.72,21576841,104211664.00
20130308,4.72,4.77,4.58,4.74,14927298,70879840.00
20130311,4.70,4.77,4.68,4.70,8627896,41262104.00
20130312,4.72,4.88,4.54,4.65,16534927,78913800.00
20130313,4.64,4.67,4.48,4.50,8865771,40909268.00
20130314,4.46,4.59,4.43,4.51,6914280,31649098.00
20130315,4.52,4.54,4.36,4.51,8093539,36645112.00
20130318,4.46,4.49,4.30,4.31,31344913,138593200.00
20130319,4.26,4.35,4.25,4.33,13150388,57562348.00
20130320,4.29,4.39,4.27,4.38,13562105,59872800.00
20130321,4.38,4.51,4.36,4.41,12447342,55957932.00
20130322,4.41,4.43,4.35,4.42,8058924,35906084.00
20130325,4.40,4.45,4.34,4.41,9093393,40449056.00
20130326,4.39,4.41,4.29,4.32,7857388,34435192.00
20130327,4.31,4.36,4.29,4.30,6207597,27203596.00
20130328,4.29,4.29,4.09,4.11,10452618,44289084.00
20130329,4.12,4.21,4.12,4.18,6230106,26297758.00
20130401,4.18,4.34,4.16,4.32,9295137,40231816.00
20130402,4.33,4.48,4.27,4.39,19597604,86988328.00
20130403,4.39,4.42,4.23,4.28,9676704,42156788.00
20130408,4.23,4.34,4.16,4.33,6081753,26313278.00
20130409,4.33,4.37,4.30,4.34,6268293,27590574.00
20130410,4.34,4.35,4.18,4.28,7164340,30944910.00
20130411,4.27,4.29,4.19,4.20,7348732,31508916.00
20130412,4.19,4.22,4.13,4.14,3976961,16818132.00
20130415,4.10,4.16,4.09,4.12,4190503,17512562.00
20130416,4.09,4.15,4.05,4.14,5374197,22326714.00
20130417,4.15,4.16,4.09,4.15,4650758,19456282.00
20130418,4.12,4.17,4.10,4.15,4398317,18495812.00
20130419,4.13,4.32,4.13,4.30,12911189,55689692.00
20130422,4.25,4.27,4.20,4.26,7114244,30613440.00
20130423,4.27,4.27,4.08,4.12,6420240,27152490.00
20130424,4.12,4.24,4.10,4.24,8293590,35228060.00
20130425,4.20,4.23,4.12,4.12,6609992,28001590.00
20130426,4.12,4.17,4.02,4.03,5152123,21368138.00
20130502,4.01,4.09,3.99,4.03,2791873,11462580.00
20130503,4.07,4.14,4.04,4.09,4523611,18817282.00
20130506,4.10,4.18,4.09,4.16,5428152,22872386.00
20130507,4.16,4.17,4.12,4.14,4597432,19334378.00
20130508,4.17,4.19,4.11,4.18,8113764,34198188.00
20130509,4.18,4.24,4.14,4.20,7484394,31779042.00
20130510,4.19,4.22,4.15,4.21,6540610,27771354.00
20130513,4.21,4.22,4.16,4.20,6116006,25943334.00
20130514,4.21,4.21,4.11,4.13,5657660,23762528.00
20130515,4.13,4.28,4.12,4.23,10621935,45487124.00
20130516,4.24,4.31,4.20,4.25,11156501,48223476.00
20130517,4.25,4.32,4.21,4.30,10908480,47196888.00
20130520,4.30,4.60,4.27,4.46,24550817,111121472.00
20130521,4.44,4.81,4.39,4.70,35896343,167773104.00
20130522,4.70,4.79,4.54,4.63,26285831,123519160.00
20130523,4.60,4.66,4.49,4.51,17030047,78927928.00
20130524,4.52,4.58,4.49,4.56,10367415,47583912.00
20130527,4.56,4.67,4.53,4.60,13764435,64221108.00
20130528,4.58,4.64,4.47,4.51,21267102,97904088.00
20130529,4.52,4.60,4.47,4.57,14593837,67257504.00
20130530,4.54,4.60,4.49,4.53,10612887,48846932.00
20130531,4.53,4.58,4.48,4.49,11537519,52945792.00
20130603,4.47,4.55,4.46,4.48,8694357,39691604.00
20130604,4.49,4.49,4.25,4.28,12806887,56428984.00
20130605,4.27,4.31,4.21,4.25,6615201,28584632.00
20130606,4.24,4.25,4.14,4.15,7141363,30299490.00
20130607,4.16,4.22,4.10,4.15,5921163,24939122.00
20130613,4.14,4.14,3.95,4.01,6462104,26235588.00
20130614,4.01,4.11,4.00,4.07,5552243,22868138.00
20130617,4.09,4.09,4.02,4.04,4257528,17512556.00
20130618,4.04,4.11,4.03,4.09,5303546,21939826.00
20130619,4.09,4.10,3.97,4.04,4489653,18307968.00
20130620,4.04,4.04,3.88,3.89,5285516,21251456.00
20130621,3.82,3.91,3.76,3.87,4647176,18084604.00
20130624,3.87,3.93,3.50,3.58,7962566,30086854.00
20130625,3.55,3.61,3.25,3.53,8551368,30084538.00
20130626,3.51,3.64,3.44,3.61,6532195,23546186.00
20130627,3.60,3.66,3.48,3.50,7056363,25606354.00
20130628,3.51,3.57,3.42,3.51,4115248,14701205.00
20130701,3.52,3.60,3.48,3.60,3806065,13766827.00
20130702,3.58,3.68,3.55,3.63,8110355,29830774.00
20130703,3.63,3.66,3.55,3.61,6399881,23446058.00
20130704,3.59,3.68,3.55,3.63,7358056,27170024.00
20130705,3.65,3.66,3.60,3.62,4685486,17283524.00
20130708,3.55,3.56,3.37,3.37,6807675,24015606.00
20130709,3.41,3.41,3.35,3.39,3135698,10794230.00
20130710,3.39,3.51,3.37,3.50,4830754,16924632.00
20130711,3.50,3.63,3.48,3.58,6819103,24784558.00
20130712,3.58,3.65,3.56,3.58,5810968,21306354.00
20130715,3.54,3.65,3.52,3.62,6951510,25504928.00
20130716,3.62,3.67,3.59,3.66,7758194,28606428.00
20130717,3.67,3.68,3.55,3.57,6757449,24881162.00
20130718,3.57,3.59,3.49,3.53,5438950,19569228.00
20130719,3.54,3.58,3.42,3.42,6053051,21633816.00
20130722,3.39,3.47,3.37,3.45,8930035,30980794.00
20130723,3.46,3.71,3.45,3.60,17353167,63261448.00
20130724,3.58,3.62,3.52,3.60,10288141,37193000.00
20130725,3.65,3.66,3.51,3.52,8230107,29753938.00
20130726,3.52,3.53,3.43,3.45,7643790,26925900.00
20130729,3.44,3.49,3.39,3.43,6006558,20967680.00
20130730,3.44,3.47,3.37,3.45,4491527,15611628.00
20130731,3.49,3.49,3.43,3.46,6120152,21477380.00
20130801,3.46,3.62,3.45,3.62,13904745,50077808.00
20130802,3.60,3.65,3.58,3.60,9246148,33865640.00
20130805,3.60,3.68,3.58,3.68,10753469,39696984.00
20130806,3.69,3.69,3.62,3.67,8238161,30563360.00
20130807,3.66,3.70,3.60,3.62,11441196,42205500.00
20130808,3.61,3.65,3.59,3.62,5349768,19634028.00
20130809,3.63,3.73,3.60,3.71,12196658,45287888.00
20130812,3.72,3.74,3.67,3.73,11839473,44485372.00
20130813,3.72,3.83,3.71,3.77,12587025,48169932.00
20130814,3.75,4.09,3.75,3.91,28570217,113539696.00
20130815,3.94,4.31,3.90,4.31,43487927,185803648.00
20130816,4.42,4.43,4.14,4.20,50562143,217966368.00
20130819,4.10,4.58,4.06,4.50,46018618,203355760.00
20130820,4.44,4.57,4.31,4.47,32073188,144652752.00
20130821,4.43,4.46,4.30,4.36,18750989,83110176.00
20130822,4.35,4.42,4.22,4.36,13984046,61447320.00
20130823,4.35,4.41,4.13,4.21,17408699,75488832.00
20130826,4.24,4.35,4.16,4.32,15221655,65528288.00
20130827,4.32,4.49,4.28,4.44,19604712,87488352.00
20130828,4.40,4.61,4.35,4.55,26724103,122008536.00
20130829,4.56,4.69,4.40,4.42,20602212,94636744.00
20130830,4.39,4.47,4.13,4.19,16364917,70979168.00
20130902,4.17,4.45,4.17,4.37,11068594,48281484.00
20130903,4.39,4.57,4.29,4.55,18575300,83883472.00
20130904,4.53,4.79,4.51,4.61,29674024,139495264.00
20130905,4.57,4.71,4.54,4.65,14063233,65776756.00
20130906,4.67,4.77,4.60,4.72,11339562,53892112.00
20130909,4.71,4.90,4.61,4.66,15925745,76058328.00
20130910,4.72,4.88,4.63,4.72,11561797,55399452.00
20130911,4.65,4.75,4.43,4.66,17965903,83601712.00
20130912,4.61,4.72,4.55,4.59,9070899,42137020.00
20130913,4.59,4.68,4.48,4.65,8179152,37756576.00
20130916,4.61,4.79,4.61,4.67,10083377,48026496.00
20130917,4.68,4.83,4.66,4.72,12664251,60547380.00
20130918,4.74,5.12,4.69,5.08,22266668,111567344.00
20130923,5.06,5.08,4.80,4.95,22710480,113590856.00
20130924,4.91,4.99,4.79,4.85,11269539,55457344.00
20130925,4.85,5.06,4.80,4.95,13520740,67354872.00
20130926,4.92,5.00,4.71,4.74,9295400,45406328.00
20130927,4.75,4.83,4.57,4.61,8223651,38764760.00
20130930,4.63,4.69,4.53,4.59,5631043,26124088.00
20131008,4.59,4.85,4.56,4.67,7281581,34790836.00
20131009,4.70,4.75,4.59,4.64,7184279,33659832.00
20131010,4.63,5.11,4.57,4.91,23378648,115772304.00
20131011,4.84,4.92,4.77,4.88,12399866,60624848.00
20131014,4.87,4.99,4.83,4.99,12535805,62463512.00
20131015,4.94,5.03,4.82,4.85,12554975,62341800.00
20131016,4.84,4.86,4.59,4.63,7609657,36079004.00
20131017,4.66,4.90,4.65,4.73,10095355,48707864.00
20131018,4.73,4.82,4.69,4.79,4906340,23628216.00
20131021,4.82,5.11,4.81,5.04,20786176,104840512.00
20131022,5.04,5.36,4.97,5.20,22844050,120088584.00
20131023,5.25,5.39,5.09,5.26,19354640,102756600.00
20131024,5.20,5.32,5.05,5.12,10416029,54123784.00
20131025,5.15,5.25,5.00,5.07,7763491,40104236.00
20131028,5.07,5.24,5.03,5.24,6393276,33146588.00
20131029,5.30,5.39,4.83,5.06,12769290,66421300.00
20131030,4.98,5.13,4.90,5.10,5761071,29272492.00
20131031,5.06,5.23,5.06,5.12,5327427,27633710.00
20131101,5.13,5.15,4.98,5.11,4045080,20741562.00
20131104,5.13,5.23,5.00,5.21,8471095,43864436.00
20131105,5.30,5.33,5.11,5.25,7476243,39417360.00
20131106,5.23,5.24,5.03,5.05,8626620,44580040.00
20131107,5.00,5.05,4.88,4.89,5140561,25710562.00
20131108,4.84,4.91,4.58,4.63,9331641,44437940.00
20131111,4.60,4.98,4.51,4.83,13792965,66610148.00
20131112,4.78,4.95,4.75,4.85,8791503,43192464.00
20131113,4.84,4.87,4.65,4.67,3756882,18014402.00
20131114,4.67,4.73,4.61,4.70,3161221,14982116.00
20131115,4.71,4.90,4.71,4.83,6489550,31640096.00
20131118,4.89,4.91,4.77,4.84,8076593,39372956.00
20131119,4.84,4.97,4.80,4.84,7853166,38751988.00
20131120,4.91,4.91,4.79,4.89,7179678,35166956.00
20131121,4.86,4.87,4.65,4.76,6835657,32967788.00
20131122,4.78,4.78,4.56,4.64,9086575,42629964.00
20131125,4.65,4.68,4.56,4.64,5389572,25145290.00
20131126,4.64,4.68,4.58,4.63,5199853,24359124.00
20131127,4.61,4.67,4.56,4.65,6312883,29530332.00
20131128,4.63,4.69,4.60,4.61,12394369,58089408.00
20131129,4.61,4.64,4.44,4.52,20625759,94128696.00
20131202,4.35,4.39,4.06,4.10,16408737,70454168.00
20131203,4.08,4.15,4.02,4.13,10527627,43824280.00
20131204,4.11,4.21,4.10,4.14,9688621,40835944.00
20131205,4.13,4.30,4.12,4.24,10510747,44859476.00
20131206,4.27,4.29,4.21,4.23,5972879,25679566.00
20131209,4.23,4.25,4.21,4.25,3462897,14828531.00
20131210,4.25,4.26,4.16,4.21,7106685,30221290.00
20131211,4.21,4.27,4.16,4.21,5149156,22026024.00
20131212,4.21,4.28,4.19,4.22,4891045,20963178.00
20131213,4.23,4.26,4.19,4.22,3913565,16759711.00
20131216,4.23,4.37,4.23,4.36,10921254,47622872.00
20131217,4.37,4.38,4.27,4.33,7254044,31748656.00
20131218,4.33,4.36,4.26,4.28,3956028,17217140.00
20131219,4.28,4.35,4.27,4.29,3028974,13192975.00
20131220,4.27,4.30,4.09,4.11,5922757,24872160.00
20131223,4.11,4.12,3.93,4.00,3762545,15242532.00
20131224,3.99,4.08,3.99,4.02,3749589,15320354.00
20131225,4.04,4.18,4.01,4.14,6070348,25085054.00
20131226,4.15,4.15,4.00,4.01,4903012,20117636.00
20131227,3.99,4.11,3.99,4.09,4143148,17034636.00
20131230,4.11,4.16,4.08,4.15,5237582,21799920.00
20131231,4.12,4.16,4.08,4.13,3342853,13955596.00
20140102,4.13,4.24,4.11,4.21,4710713,19956262.00
20140103,4.21,4.27,4.19,4.23,5299350,22679304.00
20140106,4.22,4.23,4.03,4.03,4889827,20270856.00
20140107,4.03,4.12,3.98,4.10,3588591,14748147.00
20140108,4.10,4.27,4.10,4.20,7254514,30874880.00
20140109,4.20,4.23,4.06,4.07,5482122,23105004.00
20140110,4.05,4.08,3.80,3.87,9621887,38294084.00
20140113,3.87,3.93,3.84,3.88,3987552,15717621.00
20140114,3.88,4.00,3.88,3.99,4048635,16150444.00
20140115,3.97,4.10,3.96,4.07,5792850,23706098.00
20140116,4.08,4.14,4.02,4.05,5165613,21362768.00
20140117,4.06,4.08,4.01,4.05,3489232,14294877.00
20140120,4.04,4.09,3.95,3.97,3443211,13988418.00
20140121,3.95,4.05,3.94,4.05,3641762,14831136.00
20140122,4.07,4.12,4.04,4.10,6362924,26320438.00
20140123,4.11,4.22,4.06,4.16,9214874,38843776.00
20140124,4.15,4.20,4.13,4.19,7350642,31062452.00
20140127,4.16,4.19,4.09,4.12,7149756,29903252.00
20140128,4.11,4.21,4.11,4.13,5355354,22541402.00
20140129,4.13,4.20,4.09,4.18,6220061,26084854.00
20140130,4.16,4.18,4.09,4.13,4197118,17530502.00
20140207,4.12,4.18,4.08,4.18,5664581,23747752.00
20140210,4.18,4.30,4.18,4.27,13950824,59829684.00
20140211,4.26,4.32,4.22,4.27,11632598,50287676.00
20140212,4.27,4.36,4.23,4.35,11809381,51368344.00
20140213,4.34,4.35,4.25,4.25,10511584,45687232.00
20140214,4.23,4.28,4.17,4.27,15593743,66590108.00
20140217,4.26,4.42,4.25,4.40,18696630,82205800.00
20140218,4.41,4.47,4.34,4.43,14758695,65729852.00
20140219,4.44,4.47,4.36,4.42,11835915,52892724.00
20140220,4.43,4.44,4.30,4.31,10231302,44984488.00
20140221,4.30,4.49,4.25,4.46,15745504,69649576.00
20140224,4.43,4.53,4.38,4.46,11587662,52167412.00
20140225,4.46,4.57,4.18,4.27,16114229,72182264.00
20140226,4.17,4.26,4.10,4.19,8552032,36103760.00
20140227,4.19,4.26,4.05,4.05,8293328,34940952.00
20140228,4.03,4.09,3.96,4.08,5432940,22121470.00
20140303,4.06,4.15,4.03,4.15,6707037,27841514.00
20140304,4.11,4.14,4.05,4.10,5704281,23623728.00
20140305,4.11,4.16,4.08,4.11,7239480,30145156.00
20140306,4.11,4.11,4.04,4.09,5203598,21472530.00
20140307,4.08,4.11,4.01,4.04,5756720,23671564.00
20140310,3.99,4.02,3.89,3.91,7064219,28300978.00
20140311,3.92,3.95,3.88,3.91,3419454,13566569.00
20140312,3.91,3.98,3.85,3.92,4953924,19610208.00
20140313,3.93,4.01,3.90,3.99,6190631,24794980.00
20140314,3.98,4.02,3.95,3.98,4401901,17751376.00
20140317,3.99,4.09,3.98,4.07,6476380,26496046.00
20140318,4.07,4.10,4.04,4.06,6584100,27126994.00
20140319,4.05,4.08,4.01,4.07,4457479,18266592.00
20140320,4.08,4.12,4.00,4.00,5212596,21443050.00
20140321,3.98,4.08,3.96,4.08,4738432,19311912.00
20140324,4.06,4.11,4.05,4.09,5159596,21338802.00
20140325,4.07,4.13,4.06,4.09,4510301,18688228.00
20140326,4.10,4.12,4.07,4.10,4160183,17243472.00
20140327,4.10,4.10,4.01,4.02,4815389,19708382.00
20140328,4.01,4.04,3.89,3.92,7756909,31103894.00
20140331,3.89,3.99,3.88,3.91,2410095,9573765.00
20140401,3.91,3.99,3.87,3.96,3226534,12927305.00
20140402,3.96,3.98,3.93,3.94,3252378,13007905.00
20140403,3.94,3.96,3.89,3.93,4083894,16255023.00
20140404,3.92,3.95,3.89,3.95,3169776,12616677.00
20140408,3.94,3.98,3.92,3.96,3553839,14219134.00
20140409,3.96,4.02,3.95,4.01,4399139,17807470.00
20140410,3.99,4.03,3.98,4.00,3590457,14566114.00
20140411,3.98,3.99,3.95,3.96,3185186,12781868.00
20140414,3.96,3.97,3.93,3.97,4026647,16099932.00
20140415,3.97,3.97,3.94,3.95,3281696,13135112.00
20140416,3.95,3.97,3.92,3.95,3255781,13014380.00
20140417,3.95,3.97,3.94,3.96,2791978,11176222.00
20140418,3.95,3.97,3.93,3.97,2647677,10591852.00
20140421,3.95,3.95,3.88,3.89,4350936,17277808.00
20140422,3.86,3.91,3.82,3.86,3685912,14394649.00
20140423,3.86,3.88,3.85,3.87,1923926,7529725.00
20140424,3.87,3.88,3.79,3.80,2995900,11624871.00
20140425,3.79,3.80,3.64,3.64,4688820,17688660.00
20140428,3.65,3.66,3.49,3.50,4139558,14915988.00
20140429,3.50,3.59,3.48,3.55,2479552,8919825.00
20140430,3.54,3.62,3.54,3.62,2317509,8431306.00
20140505,3.61,3.68,3.59,3.67,2191392,8077598.00
20140506,3.67,3.71,3.63,3.65,2103298,7844371.00
20140507,3.66,3.66,3.54,3.55,2402149,8745144.00
20140508,3.55,3.63,3.54,3.57,2382923,8640203.00
20140509,3.57,3.57,3.52,3.55,2404515,8636579.00
20140512,3.56,3.65,3.56,3.63,2650917,9696503.00
20140513,3.64,3.69,3.62,3.64,2449716,9081508.00
20140514,3.65,3.68,3.63,3.67,2039466,7569901.50
20140515,3.67,3.67,3.51,3.57,3539548,12869141.00
20140516,3.58,3.60,3.53,3.59,1977890,7139059.50
20140519,3.58,3.62,3.54,3.61,2495006,9047166.00
20140520,3.62,3.67,3.59,3.62,1749874,6459225.00
20140521,3.61,3.67,3.59,3.66,1933153,7137088.00
20140522,3.65,3.70,3.63,3.64,2648114,9852371.00
20140523,3.64,3.66,3.60,3.66,2062848,7592896.00
20140526,3.66,3.70,3.66,3.69,2531083,9434853.00
20140527,3.68,3.69,3.65,3.67,2334144,8685472.00
20140528,3.69,3.92,3.69,3.88,15443226,59985320.00
20140529,3.84,3.98,3.81,3.90,11948400,47124792.00
20140530,4.01,4.09,3.90,3.94,11028529,44317500.00
20140603,3.92,3.96,3.87,3.91,5803558,22969048.00
20140604,3.92,3.96,3.88,3.95,5083627,20199030.00
20140605,3.94,3.97,3.92,3.95,4215050,16809436.00
20140606,3.95,3.97,3.90,3.92,4074588,16198243.00
20140609,3.94,3.95,3.90,3.90,2525272,10029189.00
20140610,3.92,3.97,3.89,3.96,3842702,15330150.00
20140611,3.94,4.23,3.92,4.20,17058366,70602656.00
20140612,4.19,4.23,4.09,4.12,12641700,53107832.00
20140613,4.12,4.20,4.09,4.12,6704309,28161236.00
20140616,4.15,4.18,4.12,4.14,5689506,23865338.00
20140617,4.17,4.24,4.15,4.17,9728475,41340308.00
20140618,4.17,4.20,4.06,4.09,4764016,19819186.00
20140619,4.07,4.10,3.96,3.97,4211525,17228988.00
20140620,3.98,4.09,3.97,4.05,3318195,13547448.00
20140623,4.03,4.16,4.03,4.13,3201878,13356251.00
20140624,4.11,4.20,4.10,4.17,4490934,18943304.00
20140625,4.17,4.20,4.12,4.17,2840047,11942707.00
20140626,4.17,4.23,4.16,4.17,5532544,23450494.00
20140627,4.19,4.20,4.11,4.16,4380736,18343478.00
20140630,4.14,4.16,4.12,4.13,3800365,15916062.00
20140701,4.14,4.18,4.10,4.17,4391549,18388710.00
20140702,4.16,4.36,4.14,4.27,10328227,44614072.00
20140703,4.26,4.33,4.23,4.31,6485528,28167056.00
20140704,4.31,4.31,4.24,4.29,4270787,18477756.00
20140707,4.28,4.35,4.24,4.31,4312102,18684620.00
20140708,4.32,4.33,4.24,4.31,4228118,18345060.00
20140709,4.34,4.56,4.30,4.38,12540511,55970524.00
20140710,4.35,4.39,4.32,4.33,5021880,22081478.00
20140711,4.33,4.44,4.32,4.39,6911946,30618998.00
20140714,4.38,4.77,4.38,4.55,15137010,69548592.00
20140715,4.53,4.56,4.44,4.51,10649889,48543856.00
20140716,4.53,4.63,4.42,4.48,8073484,36751712.00
20140717,4.48,4.48,4.41,4.45,4120290,18458300.00
20140718,4.41,4.48,4.31,4.41,6751927,29919412.00
20140721,4.37,4.40,4.25,4.32,7108336,30920186.00
20140722,4.32,4.38,4.28,4.38,6167599,27066436.00
20140723,4.38,4.39,4.25,4.31,5424979,23591590.00
20140724,4.31,4.34,4.25,4.30,4592272,19920698.00
20140725,4.32,4.35,4.30,4.34,2660878,11610845.00
20140728,4.34,4.40,4.34,4.39,6209631,27390678.00
20140729,4.41,4.49,4.39,4.45,6959744,31249522.00
20140730,4.45,4.46,4.38,4.43,4468963,19935470.00
20140731,4.44,4.49,4.42,4.47,4913574,22116050.00
20140801,4.45,4.49,4.39,4.46,6947036,31184992.00
20140804,4.47,4.54,4.46,4.51,6813755,30934376.00
20140805,4.52,4.65,4.48,4.61,11203208,51659408.00
20140806,4.60,4.70,4.57,4.61,7873370,36692156.00
20140807,4.61,4.64,4.55,4.62,8591346,39870444.00
20140808,4.75,4.88,4.62,4.66,31164823,148643568.00
20140811,4.73,5.13,4.66,5.03,47621272,235297440.00
20140812,4.96,5.16,4.95,5.01,27552672,140340864.00
20140813,5.16,5.35,5.02,5.27,38048740,200449632.00
20140814,5.26,5.38,5.16,5.24,24660538,130936864.00
20140815,5.28,5.34,5.17,5.22,17260976,90750696.00
20140818,5.23,5.26,5.20,5.22,16669857,87742672.00
20140819,5.20,5.25,5.08,5.14,22644922,117495240.00
20140820,5.12,5.64,5.10,5.46,35365145,191682208.00
20140821,5.43,5.56,5.32,5.43,16069318,87705760.00
20140822,5.42,5.74,5.39,5.66,22122515,123872016.00
20140825,5.66,6.06,5.60,5.92,25983939,153679264.00
20140826,5.87,5.94,5.46,5.56,25031941,143271712.00
20140827,5.55,5.68,5.50,5.64,10884314,61529404.00
20140828,5.63,5.80,5.48,5.67,13869720,79031344.00
20140829,5.66,5.81,5.61,5.80,9464721,54627020.00
20140901,5.79,5.96,5.76,5.83,10550586,62590312.00
20140902,5.84,5.87,5.73,5.83,18822344,109614904.00
20140903,5.84,5.89,5.66,5.78,17017101,98760040.00
20140904,5.79,5.87,5.69,5.78,16044308,93590072.00
20140905,5.79,5.80,5.57,5.67,21643495,123278752.00
20140909,5.70,5.77,5.62,5.74,14286822,82205448.00
20140910,5.70,5.88,5.68,5.85,16650185,96909560.00
20140911,5.84,5.98,5.77,5.80,16854000,99904848.00
20140912,5.78,5.86,5.76,5.84,9169302,53672392.00
20140915,5.81,5.94,5.81,5.88,12506807,74012440.00
20140916,5.87,5.93,5.54,5.55,15973415,92469440.00
20140917,5.57,5.62,5.37,5.48,13742298,75869448.00
20140918,5.46,5.58,5.42,5.50,10507614,58231372.00
20140919,5.51,5.58,5.48,5.56,7921346,44108580.00
20140922,5.55,5.61,5.41,5.43,8786926,48617044.00
20140923,5.43,5.62,5.43,5.59,10957615,61376048.00
20140924,5.67,5.92,5.65,5.86,19245604,112546448.00
20140925,5.86,5.92,5.73,5.75,12043805,70479128.00
20140926,5.73,5.91,5.71,5.90,12806909,75477944.00
20140929,5.96,6.41,5.96,6.29,26695048,166825488.00
20140930,6.26,6.38,6.14,6.30,14093925,89110088.00
20141008,6.32,6.93,6.30,6.93,33185798,226363136.00
20141009,7.04,7.63,6.94,7.63,65365007,476575680.00
20141010,8.06,8.40,7.99,8.40,33886528,280165152.00
20141013,8.73,8.76,8.06,8.38,60460636,508256032.00
20141014,8.70,9.04,8.11,8.23,74690516,637758208.00
20141015,7.99,8.09,7.77,7.93,52497301,417234784.00
20141016,7.82,8.07,7.72,7.79,44059334,349463488.00
20141017,7.74,7.92,7.64,7.78,32918280,257394224.00
20141020,7.85,7.88,7.64,7.76,23355809,182385792.00
20141021,7.75,7.86,7.43,7.61,30833760,236576320.00
20141022,7.66,7.69,7.32,7.35,22910488,173006880.00
20141023,7.33,7.41,7.07,7.10,22943698,166142768.00
20141024,7.10,7.24,7.07,7.12,17876809,128768248.00
20141027,7.19,7.45,7.13,7.34,20064949,147638800.00
20141028,7.41,7.60,7.34,7.58,24212043,182466080.00
20141029,7.64,7.69,7.49,7.59,26759096,203498784.00
20141030,7.61,7.64,7.43,7.45,23716408,179286032.00
20141031,7.42,7.48,7.15,7.21,27161694,198526592.00
20141103,7.20,7.35,7.18,7.35,15083506,110228600.00
20141104,7.36,7.55,7.32,7.54,20797336,156257440.00
20141105,7.45,7.54,7.36,7.44,10644717,79434096.00
20141106,7.46,7.51,7.27,7.42,10146965,75254432.00
20141107,7.48,7.48,7.24,7.28,10628275,78782360.00
20141110,7.26,7.54,7.16,7.46,18488876,136991616.00
20141111,7.40,7.48,6.94,7.13,18297180,132351640.00
20141112,7.05,7.26,7.01,7.20,8704449,62619436.00
20141113,7.16,7.17,6.95,6.96,10222136,72305128.00
20141114,6.96,7.02,6.86,6.95,8465380,59082520.00
20141117,6.97,7.29,6.92,7.19,10669348,76988472.00
20141118,7.12,7.32,7.11,7.26,10189149,74098392.00
20141119,7.31,7.33,7.21,7.26,7382586,53933904.00
20141120,7.26,7.28,7.12,7.16,6166361,44584056.00
20141121,7.17,7.23,7.12,7.19,7335378,53001436.00
20141124,7.23,7.27,7.18,7.23,10801294,78490448.00
20141125,7.24,7.54,7.23,7.54,20304819,151836272.00
20141126,7.59,7.63,7.37,7.44,15710289,117873888.00
20141127,7.49,7.59,7.42,7.51,14879450,112253240.00
20141128,7.54,7.58,7.31,7.39,15180358,113461624.00
20141201,7.41,7.44,7.12,7.14,13590951,98479936.00
20141202,7.16,7.27,7.08,7.21,8350764,60562068.00
20141203,7.17,7.36,7.05,7.34,16934572,122256456.00
20141204,7.34,7.44,7.32,7.35,17213571,127617304.00
20141205,7.36,7.36,7.00,7.04,20337353,145468480.00
20141208,7.02,7.11,7.00,7.05,10128347,71920856.00
20141209,7.05,7.05,6.49,6.50,23166521,158680848.00
20141210,6.49,6.82,6.39,6.78,11959015,80250536.00
20141211,6.72,7.10,6.66,7.07,13390591,93126952.00
20141212,7.08,7.12,6.98,7.07,7353735,52141168.00
20141215,7.07,7.30,6.97,7.27,13150554,95109400.00
20141216,7.29,7.31,7.10,7.16,9002257,65062144.00
20141217,7.17,7.17,6.98,7.02,8873019,62823368.00
20141218,6.99,7.06,6.91,6.93,7899831,55460292.00
20141219,6.94,6.96,6.68,6.73,9643881,65656188.00
20141222,6.79,6.81,6.31,6.36,12098488,78412184.00
20141223,6.44,6.58,6.36,6.45,5987482,38890996.00
20141224,6.70,6.94,6.67,6.78,10161616,69255352.00
20141225,6.71,6.85,6.69,6.79,6569760,44739120.00
20141226,6.74,6.77,6.72,6.73,5488734,37184820.00
20141229,6.73,6.75,6.51,6.58,6810887,45025248.00
20141230,6.60,6.63,6.44,6.46,5790662,37937396.00
20141231,6.49,6.56,6.45,6.56,5068902,33184822.00
20150105,6.53,6.55,6.35,6.52,8348842,54250848.00
20150106,6.48,6.78,6.45,6.76,13096072,87724416.00
20150107,6.92,7.03,6.80,6.95,15142248,105041904.00
20150108,6.86,6.99,6.83,6.91,11893956,82555496.00
20150109,6.95,7.12,6.94,6.94,18838355,133397144.00
20150112,6.98,7.07,6.77,6.81,9949555,69252144.00
20150113,6.71,6.85,6.64,6.76,7846148,53243028.00
20150114,6.76,6.94,6.61,6.91,11790212,80415696.00
20150115,6.89,7.05,6.86,6.91,11023319,77209656.00
20150116,6.92,7.28,6.90,7.26,19241600,137706784.00
20150119,7.11,7.46,7.01,7.23,30273542,221775312.00
20150120,7.26,7.84,7.23,7.76,32441716,245889792.00
20150121,7.66,7.84,7.56,7.73,36709416,284101568.00
20150122,7.78,8.34,7.67,8.10,38923452,311257280.00
20150123,8.09,8.23,7.98,8.02,27264685,221724368.00
20150126,8.07,8.37,8.06,8.23,25262535,209501008.00
20150127,8.20,8.34,7.97,8.05,23576804,193026304.00
20150128,8.04,8.14,7.83,7.86,16830524,135532336.00
20150129,7.86,8.45,7.63,8.27,25391050,205812752.00
20150130,8.36,8.59,8.22,8.36,27779120,234141504.00
20150202,8.36,8.71,8.16,8.48,20964062,179461952.00
20150203,8.47,8.58,8.29,8.40,17063261,144039296.00
20150204,8.36,8.76,8.36,8.76,25251361,219042672.00
20150205,8.96,9.64,8.79,9.64,29735792,281765024.00
20150206,9.64,10.26,8.95,9.36,47612393,450921216.00
20150323,10.30,10.30,10.30,10.30,260986,2698595.25
20150324,11.33,11.33,11.33,11.33,423449,4814615.00
20150325,12.47,12.47,12.47,12.47,547006,6843045.00
20150326,13.72,13.72,13.72,13.72,1109669,15269045.00
20150327,15.10,15.10,14.97,15.10,43938530,665018176.00
20150330,15.21,15.21,13.59,13.59,86755900,1221320448.00
20150331,13.16,14.13,12.97,13.64,51684714,707042752.00
20150401,13.47,14.06,13.39,13.70,35262469,485670880.00
20150402,13.86,14.54,13.77,14.31,40855929,579828416.00
20150403,14.07,14.21,13.78,13.94,34936370,488793728.00
20150407,14.10,15.34,13.94,15.34,48594195,713397184.00
20150408,15.46,16.62,15.41,15.81,51524005,823750400.00
20150409,15.34,15.54,14.23,14.71,43693705,643162176.00
20150410,14.47,15.16,14.37,14.77,29224052,434140224.00
20150413,15.16,15.76,14.96,15.21,35621127,546706240.00
20150414,15.26,15.26,14.53,14.65,28344096,420265376.00
20150415,14.46,14.46,13.57,13.66,27987851,392836128.00
20150416,13.36,14.21,13.31,13.91,17976246,250646112.00
20150417,13.82,14.15,13.76,13.77,21655804,302539520.00
20150420,13.89,13.89,13.02,13.15,19305611,260481504.00
20150421,13.28,14.46,13.18,14.28,22493271,314592096.00
20150422,14.27,14.72,14.18,14.33,24554324,354208032.00
20150423,14.35,14.56,14.10,14.17,20287642,290713760.00
20150424,13.93,14.02,13.53,13.84,15062208,207901632.00
20150427,14.03,14.54,13.87,13.93,18355955,259629856.00
20150428,13.94,13.94,13.09,13.29,15057113,203230016.00
20150429,13.14,13.70,12.96,13.55,10076096,136363008.00
20150430,13.64,14.24,13.63,13.74,14329231,200171616.00
20150504,13.59,14.14,13.28,13.94,13182240,182716240.00
20150505,13.96,13.96,13.34,13.49,10982518,149376368.00
20150506,13.62,14.04,13.36,13.56,15437421,213292752.00
20150507,13.46,13.52,12.58,12.63,12824963,166857728.00
20150508,13.02,13.41,12.86,13.36,15140504,198972128.00
20150511,13.55,14.31,13.36,14.27,25734734,359497056.00
20150512,14.48,15.21,14.06,15.14,38197800,562103872.00
20150513,14.86,16.53,14.40,15.65,40582355,625180224.00
20150514,15.56,16.47,15.36,15.52,27713107,441054528.00
20150515,15.63,15.81,14.89,15.29,23264329,357365600.00
20150518,15.56,16.82,15.34,16.82,19629247,322328672.00
20150519,17.83,18.42,16.86,17.31,44366321,780123520.00
20150520,17.54,18.93,17.31,17.66,31177494,566457536.00
20150521,17.36,18.64,17.16,18.03,29898811,536757600.00
20150522,18.09,18.64,17.26,17.62,30507743,543547456.00
20150525,16.95,17.22,16.46,17.04,26603614,451216928.00
20150526,16.86,17.86,16.76,17.64,27091656,474630272.00
20150527,17.50,17.94,16.96,17.42,24683050,427696416.00
20150528,17.42,18.61,16.24,16.24,34057483,602802688.00
20150529,16.31,16.82,15.17,16.15,22941548,370708736.00
20150601,16.26,17.77,16.26,17.77,29461697,510554496.00
20150602,18.12,18.96,17.56,18.94,40846515,751562816.00
20150603,19.08,19.24,17.86,18.26,29038905,535434784.00
20150604,18.39,19.22,16.76,18.76,31885222,589437056.00
20150605,19.47,19.96,18.17,18.62,30683865,585851968.00
20150608,18.16,18.41,17.26,17.55,25136977,445529312.00
20150609,17.35,17.94,17.00,17.39,19141498,334370688.00
20150610,17.39,18.46,17.06,17.98,23224393,416828160.00
20150611,17.99,18.24,17.64,18.09,22580048,407472800.00
20150612,18.13,19.90,17.71,19.90,30029727,551980352.00
20150615,19.52,21.81,19.31,20.69,47240573,975984256.00
20150616,20.14,21.46,19.26,20.46,35930270,730811392.00
20150617,19.79,21.46,19.26,21.11,27135389,552498880.00
20150618,21.24,23.09,20.81,21.29,30684810,676776000.00
20150619,20.17,20.91,19.16,19.16,22006569,438620192.00
20150623,18.47,19.13,17.24,18.51,23370125,419927072.00
20150624,18.81,19.31,17.84,18.71,19655137,367814784.00
20150625,18.76,19.38,16.96,18.09,20075818,377806048.00
20150626,16.96,17.78,16.28,16.28,17817255,298378592.00
20150629,16.57,16.81,14.65,14.65,19634112,297408448.00
20150630,13.50,15.16,13.18,14.96,22577570,319007040.00
20150701,14.56,15.22,13.46,13.46,16943908,245764944.00
20150702,13.44,13.44,12.11,12.11,16291357,202027360.00
20150703,10.90,11.91,10.90,10.90,16238768,179871680.00
20150706,11.99,11.99,9.81,9.81,19384431,206353248.00
20150707,8.84,8.86,8.83,8.83,1776900,15767756.00
20150708,7.95,8.34,7.95,7.95,49450198,396771680.00
20150709,7.74,8.75,7.74,8.75,23223701,195522016.00
20150710,9.26,9.63,8.99,9.63,7950440,75632096.00
20150713,10.56,10.60,10.27,10.60,20807284,218867856.00
20150714,10.72,11.63,10.46,10.94,41085433,456853024.00
20150715,10.78,10.78,9.84,9.84,18459334,189223312.00
20150716,8.85,10.38,8.85,9.86,23118583,223109216.00
20150717,9.94,10.80,9.76,10.63,21487599,222593808.00
20150720,10.45,10.97,10.31,10.76,26665172,285161824.00
20150721,10.53,11.37,10.23,11.09,26159095,286731616.00
20150722,11.20,11.28,10.49,10.99,24789004,272024160.00
20150723,11.14,12.09,10.98,12.09,25436022,294513760.00
20150724,12.09,12.36,11.39,11.53,32664969,393500448.00
20150727,11.14,11.72,10.38,10.38,25277246,280620000.00
20150728,9.35,10.35,9.34,9.39,23104913,222568832.00
20150729,9.68,10.33,9.08,10.29,18182148,175132400.00
20150730,10.08,10.38,9.52,9.61,16623049,168662928.00
20150731,9.39,9.81,9.12,9.27,12109394,114771928.00
20150803,9.18,9.18,8.34,8.35,13707876,118545280.00
20150804,8.42,9.19,8.35,9.19,15135013,133346832.00
20150805,9.19,9.58,8.86,9.07,17536324,162543376.00
20150806,8.79,9.34,8.78,9.26,10846233,98707424.00
20150807,9.38,10.19,9.31,10.19,15470307,152205376.00
20150810,10.48,10.97,10.25,10.77,20645861,218223776.00
20150811,10.68,11.06,10.53,10.68,19646919,212461552.00
20150812,10.53,11.07,10.38,10.69,18423543,198856352.00
20150813,10.70,11.33,10.43,11.27,19469487,212654096.00
20150814,11.26,11.44,10.98,11.03,15894377,178975648.00
20150817,10.93,11.47,10.49,11.23,18625064,203545040.00
20150818,11.24,11.33,10.11,10.11,15266713,163521568.00
20150819,9.49,10.35,9.16,10.21,15918047,155367168.00
20150820,10.13,11.23,9.79,10.35,28847649,308085984.00
20150821,10.24,10.24,9.31,9.31,20028174,194332112.00
20150824,8.63,8.97,8.38,8.38,16345221,138511008.00
20150825,7.58,7.99,7.54,7.54,17674561,136119136.00
20150826,7.62,7.98,7.08,7.13,15727344,119727672.00
20150827,7.48,7.66,6.89,7.55,10603316,77856192.00
20150828,7.76,8.18,7.58,8.17,12384727,97002064.00
20150831,8.06,8.07,7.64,7.65,8871203,69497144.00
20150901,7.52,7.63,6.88,6.88,9325931,66546420.00
20150902,6.60,7.16,6.26,6.46,11846449,79633984.00
20150907,6.69,7.11,6.66,7.11,12358192,87028336.00
20150908,7.27,7.77,6.88,7.71,17305546,124255904.00
20150909,7.60,8.08,7.44,7.95,19196193,151120576.00
20150910,7.68,7.94,7.60,7.67,8878703,69284088.00
20150911,7.77,7.98,7.55,7.81,9544342,74577280.00
20150914,7.80,7.91,7.03,7.03,12295143,90069592.00
20150915,6.63,6.83,6.33,6.33,10801424,70748656.00
20150916,6.43,6.97,6.40,6.97,9509738,65210632.00
20150917,7.53,7.67,7.37,7.67,10024925,76666056.00
20150918,8.01,8.26,7.43,7.63,27778536,215901200.00
20150921,7.39,8.04,7.22,8.01,22523063,171965040.00
20150922,7.90,8.08,7.73,7.85,19085268,150950496.00
20150923,7.59,7.97,7.49,7.85,14962294,116513144.00
20150924,7.91,8.07,7.79,8.04,15705568,125046944.00
20150925,7.96,8.04,7.30,7.40,15007940,114880480.00
20150928,7.40,7.83,7.26,7.77,10463469,79907760.00
20150929,7.48,7.75,7.48,7.59,8409108,64067976.00
20150930,7.65,7.81,7.50,7.60,7030262,53966924.00
20151008,7.92,8.14,7.80,8.05,13649402,109452136.00
20151009,8.06,8.22,7.94,8.15,14507376,117585960.00
20151012,8.08,8.73,8.01,8.54,22571716,190711840.00
20151013,8.44,9.07,8.34,8.77,23602527,205768096.00
20151014,8.78,8.91,8.46,8.51,17390687,151506048.00
20151015,8.45,9.06,8.41,9.03,18543885,163707968.00
20151016,9.08,9.19,8.66,8.98,21148818,188832896.00
20151019,8.94,9.00,8.73,8.90,14244346,126508496.00
20151020,8.97,9.38,8.89,9.24,22418475,207143088.00
20151021,9.19,9.66,8.40,8.66,32603145,296540672.00
20151022,8.72,9.02,8.61,8.98,19265467,171290480.00
20151023,8.98,9.41,8.90,9.37,28870048,264242864.00
20151026,9.42,9.55,9.11,9.27,25540108,237686496.00
20151027,9.16,9.35,8.59,9.21,22030527,198274736.00
20151028,9.13,9.46,8.98,9.03,18793587,173739504.00
20151029,9.11,9.40,8.98,9.25,16114139,148874928.00
20151030,9.33,10.18,9.20,10.18,30982164,305747808.00
20151102,9.80,9.94,9.31,9.38,36001135,348668320.00
20151103,9.28,9.58,8.93,9.06,20426038,188862976.00
20151104,9.12,9.65,9.12,9.60,21294691,200344672.00
20151105,9.58,9.75,9.36,9.45,23527810,224999696.00
20151106,9.49,10.37,9.46,9.87,30577354,303363584.00
20151109,9.77,10.67,9.67,10.48,31275729,317750784.00
20151110,10.35,10.63,10.17,10.41,21183687,220057696.00
20151111,10.36,10.98,10.25,10.86,21853013,234259312.00
20151112,10.79,10.91,10.34,10.56,23539937,249346048.00
20151113,10.36,10.49,10.08,10.13,17527927,180571072.00
20151116,9.81,10.47,9.78,10.44,11356828,115632336.00
20151117,10.68,10.76,10.08,10.13,19059091,197996208.00
20151118,10.13,10.33,9.81,9.84,14873920,150051088.00
20151119,9.94,10.18,9.84,10.18,13373245,134108136.00
20151120,10.15,10.59,10.08,10.47,21898036,226513568.00
20151123,10.38,10.98,10.33,10.68,28377833,304283680.00
20151124,10.70,11.43,10.53,11.20,28155676,311942624.00
20151125,11.13,11.40,10.98,11.23,22949615,256816352.00
20151126,11.48,12.36,11.02,11.85,39223720,457788672.00
20151127,11.86,12.84,11.59,12.33,45247415,554509632.00
20151130,12.38,12.39,11.10,12.20,40131997,482015072.00
20151201,12.31,12.93,11.78,12.30,34953448,435315072.00
20151202,12.56,12.66,11.08,11.47,24455043,285030400.00
20151203,11.38,11.93,11.31,11.88,17617115,205563328.00
20151204,11.70,11.98,11.38,11.57,16924703,197983616.00
20151207,11.76,11.83,11.51,11.67,12044585,140808304.00
20151208,11.52,11.52,11.16,11.24,11585508,131125520.00
20151209,11.04,11.18,10.80,11.02,11487520,126862856.00
20151210,11.18,12.10,11.02,11.58,20815654,242181856.00
20151211,11.38,11.77,11.22,11.36,12185512,139702752.00
20151214,11.15,11.73,11.09,11.70,8286257,95175480.00
20151215,11.72,12.00,11.70,11.79,10343100,122565896.00
20151216,11.96,12.04,11.77,11.82,10243742,121934192.00
20151217,12.00,12.48,11.99,12.28,16439781,201758624.00
20151218,12.26,12.60,12.16,12.41,13918424,172573344.00
20151221,12.49,12.91,12.41,12.53,13100033,166154944.00
20151222,12.50,12.78,12.03,12.28,15022799,183807472.00
20151223,12.23,12.33,11.98,11.98,10578630,128508080.00
20151224,12.33,12.64,11.98,12.38,31402568,387594656.00
20151225,12.17,12.40,11.87,12.21,19030375,230739152.00
20151228,12.22,12.85,12.18,12.61,27796592,348010720.00
20151229,12.58,13.87,12.48,13.87,17200637,232563568.00
20151230,14.49,14.93,13.98,14.77,43024133,620670848.00
20151231,14.52,15.06,14.38,14.68,28880867,426320000.00
20160104,14.53,15.08,13.22,13.24,21277624,301816672.00
20160105,12.49,13.63,12.13,13.12,21787799,282611840.00
20160106,13.11,13.56,12.59,13.55,17847234,234574080.00
20160107,13.13,13.18,12.19,12.19,4169400,52696856.00
20160108,12.48,12.64,11.06,11.61,15085522,179339296.00
20160111,11.28,11.33,10.45,10.45,11651345,124935224.00
20160112,10.13,10.48,9.69,9.93,10653336,106713816.00
20160113,10.14,10.44,9.54,9.59,9129076,93085424.00
20160114,8.99,10.08,8.76,9.99,9759054,92964592.00
20160115,10.03,10.07,9.11,9.13,9631687,93012288.00
20160118,8.78,9.62,8.58,9.38,7202703,67067004.00
20160119,9.33,9.87,9.19,9.83,8544266,81780696.00
20160120,9.78,10.14,9.65,9.84,9584937,95027512.00
20160121,9.61,9.92,9.08,9.08,7459502,71569336.00
20160122,9.31,9.42,8.89,9.37,5931227,54708916.00
20160125,9.52,9.68,9.29,9.63,4792215,45768076.00
20160126,9.42,9.53,8.67,8.67,8005267,72353544.00
20160127,8.67,8.80,7.98,8.42,8268502,69140304.00
20160128,8.30,8.36,7.66,7.66,5216320,42061496.00
20160129,7.69,8.09,7.69,7.88,9316382,74002824.00
20160201,7.84,7.92,7.39,7.62,5890683,45551568.00
20160202,7.62,8.06,7.62,7.99,6518500,51697252.00
20160203,7.84,8.21,7.78,8.13,5669011,44988512.00
20160204,8.11,8.49,8.10,8.36,6872385,57330020.00
20160205,8.29,8.58,8.24,8.33,5790221,48588208.00
20160215,7.81,8.40,7.81,8.28,4464370,36293600.00
20160216,8.38,8.71,8.37,8.66,5771350,49565640.00
20160217,8.64,8.98,8.46,8.96,8277485,71947608.00
20160218,8.99,9.04,8.71,8.76,6798200,60376648.00
20160219,8.74,8.95,8.58,8.84,6689418,58743348.00
20160222,8.95,8.98,8.76,8.90,15637202,138743184.00
20160223,8.89,8.92,8.53,8.68,9176897,79929224.00
20160224,8.98,9.47,8.68,8.88,33451136,302211424.00
20160225,8.72,8.76,7.99,7.99,20803568,173109872.00
20160226,8.03,8.04,7.47,7.68,12140915,94339408.00
20160229,7.69,7.76,6.91,6.91,11517709,81892176.00
20160301,6.94,7.17,6.52,7.05,12053771,83318264.00
20160302,6.97,7.46,6.95,7.44,12885500,93397112.00
20160303,7.38,7.64,7.32,7.36,11103494,83446864.00
20160304,7.34,7.47,6.88,7.16,11853181,85434192.00
20160307,7.26,7.55,7.17,7.39,9527550,70356488.00
20160308,7.43,7.53,7.06,7.53,9452325,69272224.00
20160309,7.38,7.68,7.27,7.57,9339345,70474368.00
20160310,7.53,7.87,7.37,7.57,11011592,83868040.00
20160311,7.43,7.60,7.35,7.45,7524679,56331300.00
20160314,7.53,7.98,7.49,7.82,11249603,87755504.00
20160315,7.78,7.88,7.63,7.72,8307317,64291728.00
20160316,7.77,7.88,7.58,7.61,7017309,54304700.00
20160317,7.68,7.99,7.56,7.92,11659872,91535800.00
20160318,7.99,8.32,7.93,8.28,14018697,114435320.00
20160321,8.37,8.63,8.28,8.56,14827283,125200160.00
20160322,8.46,8.71,8.29,8.62,12617753,107253104.00
20160323,8.54,8.72,8.44,8.53,11207163,95890984.00
20160324,8.46,8.50,8.23,8.26,12471928,104396920.00
20160325,8.21,8.47,8.19,8.39,7272901,60786456.00
20160328,8.42,8.75,8.39,8.49,12460148,107123056.00
20160329,8.49,8.54,8.16,8.23,8160670,68294848.00
20160330,8.30,8.55,8.30,8.55,6839405,57829060.00
20160331,8.57,8.74,8.18,8.64,11648232,100595120.00
20160401,8.53,8.60,8.29,8.41,7814283,65836968.00
20160405,8.46,8.78,8.38,8.76,10582132,91536840.00
20160406,8.72,8.83,8.62,8.77,9043888,79069648.00
20160407,8.72,9.12,8.50,8.92,18501807,163158640.00
20160408,8.76,9.49,8.68,9.38,23989353,219379376.00
20160413,9.46,10.17,9.14,9.75,29422476,282364448.00
20160414,9.69,9.77,9.39,9.57,16026655,153499056.00
20160415,9.58,9.66,9.38,9.47,10875975,103497744.00
20160418,9.34,9.38,8.98,9.16,12071365,110392944.00
20160419,9.23,9.36,9.03,9.32,8919869,82364392.00
20160420,9.32,9.37,8.40,8.48,14904808,130764904.00
20160421,8.47,8.72,8.28,8.33,8912955,76518200.00
20160422,8.28,8.49,8.24,8.44,5570558,46841216.00
20160425,8.38,8.50,8.20,8.46,5815732,48710860.00
20160426,8.38,8.75,8.31,8.72,8418040,72544448.00
20160427,8.72,8.78,8.55,8.57,6311647,54835936.00
20160428,8.60,8.65,8.08,8.52,6176927,52004544.00
20160429,8.43,8.52,8.28,8.36,5753710,48353388.00
20160503,8.37,8.67,8.29,8.67,7365215,63056568.00
20160504,8.61,8.84,8.58,8.77,8303017,72647728.00
20160505,8.71,8.83,8.63,8.77,5697854,49820112.00
20160506,8.77,8.87,8.25,8.27,9240402,78712896.00
20160509,8.11,8.22,7.59,7.69,8891817,70353680.00
20160510,7.73,7.88,7.56,7.79,7367369,57258724.00
20160511,7.89,8.08,7.71,7.85,6650905,52401504.00
20160512,7.69,7.69,7.40,7.64,5762786,43640572.00
20160513,7.58,7.75,7.51,7.61,3975725,30481772.00
20160516,7.64,7.92,7.52,7.92,5432516,41996764.00
20160517,7.92,8.06,7.73,7.93,5474663,43191432.00
20160518,7.84,7.91,7.54,7.63,5289289,40777344.00
20160519,7.64,7.87,7.63,7.69,4158456,32286048.00
20160520,7.71,7.87,7.61,7.87,4426886,34324604.00
20160523,7.84,8.00,7.84,7.92,5107090,40367044.00
20160524,7.90,7.96,7.62,7.81,6354066,49225340.00
20160525,7.87,7.93,7.70,7.72,4606916,36059376.00
20160526,7.75,7.78,7.52,7.74,4682984,35786432.00
20160527,7.79,7.81,7.68,7.75,3191220,24743630.00
20160530,7.69,8.05,7.59,8.00,8421975,66762280.00
20160531,8.02,8.29,7.94,8.29,10059184,82358304.00
20160601,8.29,8.36,8.13,8.19,12963552,106627864.00
20160602,8.18,8.25,8.11,8.25,8250441,67556344.00
20160603,8.24,8.28,8.14,8.21,7153981,58789684.00
20160606,8.23,8.23,8.03,8.10,7969425,64887052.00
20160607,8.10,8.19,8.01,8.15,6759827,54812008.00
20160608,8.14,8.27,8.04,8.23,7478389,61085380.00
20160613,8.12,8.19,7.63,7.71,7608042,60831952.00
20160614,7.69,7.85,7.63,7.79,6660421,51626476.00
20160615,7.69,8.15,7.69,8.11,8911250,71464928.00
20160616,8.19,8.48,8.16,8.34,16852516,140841920.00
20160617,8.27,8.48,8.20,8.29,8785821,73334328.00
20160620,8.24,8.45,8.24,8.35,7251523,60660796.00
20160621,8.40,8.45,8.09,8.18,8371410,69106112.00
20160622,8.13,8.44,8.12,8.43,7610220,63211544.00
20160623,8.43,8.78,8.40,8.64,13857663,119848824.00
20160624,8.65,8.69,8.17,8.54,10438582,88899064.00
20160627,8.51,8.84,8.51,8.83,7782730,68165056.00
20160628,8.82,8.82,8.65,8.75,8345647,72932728.00
20160629,8.76,8.89,8.70,8.86,7570484,66638184.00
20160630,8.86,9.30,8.86,9.03,15589475,141430624.00
20160701,9.03,9.20,8.87,8.89,9068683,81427224.00
20160704,8.89,9.08,8.60,9.01,8408882,75198472.00
20160705,8.99,9.04,8.94,8.99,5673850,51014920.00
20160706,8.99,9.31,8.95,9.24,11788474,108095368.00
20160707,9.24,9.26,9.03,9.20,7849911,72090024.00
20160708,9.20,10.12,9.09,10.12,32013185,316238176.00
20160711,10.12,10.57,9.79,9.97,43454036,443355744.00
20160712,9.84,10.31,9.49,10.21,27084519,270129152.00
20160713,10.10,10.31,10.05,10.18,14823870,150765808.00
20160714,10.18,10.29,9.97,10.20,10788660,109239968.00
20160715,10.00,10.09,9.18,10.03,11270766,112158840.00
20160718,9.94,10.38,9.85,10.08,20020920,203069648.00
20160719,10.04,10.16,9.90,10.07,9938211,99733944.00
20160720,10.14,10.54,10.03,10.39,39073431,404461632.00
20160721,10.29,10.54,10.20,10.41,26677297,277999840.00
20160722,10.39,10.44,10.04,10.19,13521494,137708848.00
20160725,10.14,10.28,9.83,9.98,11239261,113176176.00
20160726,10.10,10.78,10.10,10.59,29444394,308058816.00
20160727,10.52,10.54,9.66,9.85,19475160,197391312.00
20160728,9.74,9.95,9.40,9.74,13515562,131257344.00
20160729,9.71,10.02,9.62,9.80,8931097,87967008.00
20160801,9.75,10.06,9.26,9.89,13512921,133085192.00
20160802,9.94,10.08,9.84,10.00,7469464,74613040.00
20160803,9.91,10.03,9.83,9.97,4213438,41944864.00
20160804,9.92,9.98,9.76,9.85,6054687,59938936.00
20160805,9.92,9.92,9.62,9.63,4946700,48342768.00
20160808,9.50,9.73,9.41,9.70,5343915,51208516.00
20160809,9.70,10.67,9.69,10.67,45508486,478357344.00
20160810,10.64,10.91,10.51,10.56,42068541,451103104.00
20160811,10.52,10.75,10.30,10.55,20030108,211527648.00
20160812,10.49,10.61,10.15,10.33,15883211,164561744.00
20160815,10.54,10.65,10.37,10.49,17015983,178963872.00
20160816,10.43,10.68,10.30,10.44,17214661,180437792.00
20160817,10.48,10.60,10.29,10.57,15993489,167569952.00
20160818,10.50,10.64,10.38,10.54,8971519,94127176.00
20160819,10.49,10.91,10.39,10.67,17331728,184957968.00
20160822,10.67,10.79,10.31,10.73,19464264,205503008.00
20160823,10.61,11.12,10.59,10.93,23285452,252868544.00
20160824,10.97,11.55,10.76,11.45,31668134,356124032.00
20160825,11.31,11.38,11.02,11.29,17607681,197349776.00
20160826,11.39,11.64,11.04,11.07,15906389,180070128.00
20160829,11.10,11.21,10.89,11.18,13722366,152091392.00
20160830,11.18,11.27,10.95,11.00,8063901,89274784.00
20160831,11.09,11.09,10.66,10.78,11115309,119993920.00
20160901,10.81,11.24,10.64,10.99,12514000,137798848.00
20160902,10.96,11.18,10.89,11.12,8139536,89876928.00
20160905,11.17,11.34,10.99,11.19,9322874,104350576.00
20160906,11.21,11.28,11.04,11.19,8086902,90464104.00
20160907,11.23,11.41,11.10,11.19,10992614,123649856.00
20160908,11.21,11.23,10.91,11.03,7824310,86598744.00
20160909,11.02,11.44,10.95,11.31,13539044,152567024.00
20160912,11.08,11.19,10.92,11.03,11502114,127119384.00
20160913,11.10,11.14,10.74,10.95,12058064,132359568.00
20160914,10.89,11.02,10.81,11.01,6695100,73214496.00
20160919,11.04,11.54,11.04,11.43,16991248,192877856.00
20160920,11.41,12.15,11.35,11.84,26769428,315692672.00
20160921,11.79,12.05,11.74,11.85,12404661,147449552.00
20160922,11.97,12.56,11.87,12.35,18591097,228820336.00
20160923,12.28,12.46,11.94,12.21,17428185,212933008.00
20160926,12.14,12.17,11.65,11.89,11410301,136087952.00
20160927,11.78,11.98,11.68,11.87,8233048,97214328.00
20160928,11.79,11.96,11.72,11.77,5342701,63181916.00
20160929,11.79,11.92,11.65,11.69,5019500,59159696.00
20160930,11.68,12.07,11.60,12.07,5691471,67688280.00
20161010,12.09,12.25,12.00,12.17,9341391,113426544.00
20161011,12.17,12.30,12.05,12.15,9490839,115563832.00
20161012,12.17,12.67,12.04,12.46,14819606,183682272.00
20161013,12.46,12.54,12.12,12.17,7977940,97791336.00
20161014,12.13,12.35,11.79,12.26,12557936,151989440.00
20161017,12.09,12.53,12.09,12.19,9278775,114785696.00
20161018,12.10,12.33,12.09,12.29,4806764,58920500.00
20161019,12.27,12.53,12.18,12.24,6776231,83816928.00
20161020,12.22,12.49,12.10,12.38,7130322,87810704.00
20161021,12.44,12.61,12.20,12.58,11185259,139385968.00
20161024,12.57,12.87,12.42,12.79,8307675,105240424.00
20161025,12.68,12.74,12.52,12.52,6847510,86276312.00
20161026,12.54,12.58,12.33,12.47,4980637,62077352.00
20161027,12.44,12.61,12.37,12.49,3164201,39577440.00
20161028,12.49,12.52,12.11,12.19,4045186,49890656.00
20161031,12.19,12.25,11.86,11.99,6409583,76907864.00
20161101,11.62,12.27,11.10,12.01,24807463,286986112.00
20161102,11.80,12.39,11.79,12.16,20401404,247571616.00
20161103,12.19,12.86,12.13,12.46,19311256,242701264.00
20161104,12.48,12.82,12.35,12.46,9645643,121208616.00
20161107,12.50,13.07,12.44,13.01,20879795,267650192.00
20161108,13.02,13.41,12.90,13.03,13020444,171374848.00
20161109,12.96,14.33,12.35,14.33,60310242,842812992.00
20161110,14.07,14.44,13.99,14.09,29544451,421180096.00
20161111,13.95,14.77,13.95,14.19,32489031,468002048.00
20161114,14.10,14.50,14.03,14.49,14625383,209537200.00
20161115,14.42,14.74,14.16,14.47,20113433,290978304.00
20161116,14.46,14.74,14.20,14.35,24734472,358735520.00
20161117,14.35,14.44,14.03,14.22,14371514,204708208.00
20161118,14.15,14.37,14.00,14.01,8253582,116608880.00
20161121,13.90,14.24,13.72,13.97,8640972,120893296.00
20161122,14.18,14.36,13.88,14.15,6915389,98033656.00
20161123,14.06,14.24,14.06,14.15,8148226,115224856.00
20161124,14.04,14.35,14.01,14.31,16064104,228549184.00
20161125,14.23,14.84,12.99,14.49,27628770,397386816.00
20161128,14.50,14.72,14.29,14.40,8982060,130369328.00
20161129,14.35,14.51,13.15,13.35,24566814,342567072.00
20161130,13.29,13.79,12.51,13.64,19817218,260974400.00
20161201,13.59,13.84,13.44,13.84,9568037,130857032.00
20161202,13.85,14.03,13.67,13.86,7544624,104782416.00
20161205,13.74,13.78,12.47,12.47,24130572,311999328.00
20161206,11.72,13.07,11.72,12.86,23374478,292025248.00
20161207,12.68,13.05,12.50,12.85,11469308,147302608.00
20161208,12.78,13.04,12.69,12.85,7775891,99981896.00
20161209,12.86,12.95,12.50,12.63,10632201,135196560.00
20161212,12.80,12.94,11.37,11.37,15156620,181288624.00
20161213,10.23,12.19,10.23,11.69,38604714,421239776.00
20161214,11.69,11.96,11.41,11.79,14952496,175951168.00
20161215,11.66,11.89,11.49,11.70,7128100,83615296.00
20161216,11.76,12.87,11.54,12.87,29845725,374654944.00
20161219,12.82,14.16,12.82,14.16,46180049,641350720.00
20161220,14.16,15.22,13.79,14.43,32718588,473380224.00
20161221,14.39,14.59,13.87,14.44,22647541,324574624.00
20161222,14.45,14.69,14.29,14.32,23346010,338409600.00
20161223,14.12,14.32,13.74,14.09,11156527,156555312.00
20161226,14.13,14.59,13.85,14.22,15921682,227080304.00
20161227,14.09,14.46,14.06,14.42,8090029,115579112.00
20161228,14.39,14.40,13.25,13.45,23571152,326377120.00
20161229,13.02,13.56,12.77,13.28,12877134,170869392.00
20161230,13.39,13.68,12.99,13.29,7872448,105889688.00
20170103,13.18,13.64,12.64,12.80,9470622,124456872.00
20170104,12.99,14.08,12.79,14.08,32922526,455825600.00
20170105,14.16,14.23,13.72,14.09,38240354,538595840.00
20170106,13.82,14.05,13.38,13.77,16052595,220634704.00
20170109,13.89,14.04,13.55,13.87,13934702,192192080.00
20170110,13.79,14.15,13.70,13.95,12641751,176117840.00
20170111,13.84,14.03,13.45,13.72,9576351,131931736.00
20170112,13.75,14.64,13.72,14.17,32777864,469189696.00
20170113,13.89,14.31,13.69,13.76,20099550,281522016.00
20170116,13.79,13.79,12.38,12.38,14733116,187992640.00
20170117,12.09,13.08,12.04,12.87,13217969,170200752.00
20170118,12.87,12.96,12.70,12.89,3621744,46574716.00
20170119,12.86,13.07,12.69,12.88,4320678,55812292.00
20170120,12.89,13.33,12.80,13.13,6239448,81900792.00
20170123,13.28,13.34,12.97,13.01,4849519,63827336.00
20170124,12.98,13.86,12.69,13.62,20265419,271275104.00
20170125,13.49,13.99,13.29,13.63,16683640,229481024.00
20170126,13.57,13.79,13.19,13.59,7639852,103229592.00
20170203,13.49,13.70,13.41,13.49,4417100,59860012.00
20170206,13.49,13.72,13.43,13.56,4567940,62015152.00
20170207,13.44,13.67,13.35,13.53,4775610,64559208.00
20170208,13.49,14.19,13.49,13.89,23039526,320863008.00
20170209,13.87,14.17,13.71,13.94,12195838,171159664.00
20170210,13.92,14.12,13.85,13.94,5921102,82753344.00
20170213,13.96,14.67,13.96,14.13,22053967,313965344.00
20170214,14.00,14.17,13.69,13.94,10030509,139704944.00
20170215,13.95,14.24,13.79,13.96,10779503,151875616.00
20170216,13.87,14.14,13.75,13.97,7099176,99022696.00
20170217,14.09,14.09,13.75,13.83,4784817,66443704.00
20170220,13.79,14.59,13.64,14.44,23526050,336806528.00
20170221,14.45,15.89,14.40,15.89,55405983,856920384.00
20170222,15.99,16.34,15.66,16.04,39169288,630402688.00
20170223,15.99,16.83,15.29,15.52,34666335,559661632.00
20170224,15.79,16.23,15.55,15.88,21773796,345631936.00
20170227,15.71,16.24,15.61,15.76,16986637,271741728.00
20170228,15.79,16.14,15.58,16.00,13700214,217995632.00
20170301,16.00,16.14,15.82,16.03,10991967,175459024.00
20170302,15.99,16.14,15.82,15.94,10090553,161271568.00
20170303,15.87,15.95,15.56,15.79,6982501,110173112.00
20170306,15.67,16.33,15.61,16.20,15981046,257067200.00
20170307,16.22,16.64,16.12,16.24,14667345,238578064.00
20170308,16.15,16.27,15.78,15.96,7112133,114104616.00
20170309,15.94,17.56,15.94,17.56,53922339,921370688.00
20170310,17.58,19.29,15.80,15.80,61341784,1073577600.00
20170313,15.89,17.09,15.89,16.67,38616774,640774208.00
20170314,16.51,16.56,15.09,15.91,37051791,588845888.00
20170315,15.73,15.84,15.28,15.28,20562200,318085280.00
20170316,15.44,15.63,15.19,15.42,18077744,279377984.00
20170317,15.40,15.64,15.30,15.44,9106500,140673584.00
20170320,15.42,15.57,15.15,15.47,8996300,138381344.00
20170321,15.37,16.04,15.37,15.88,19336940,305216224.00
20170322,15.73,15.88,15.49,15.75,7320813,114771176.00
20170323,15.90,16.39,15.69,15.77,29917933,479076928.00
20170324,15.64,15.69,15.30,15.42,18978967,294426336.00
20170327,15.59,15.63,15.29,15.54,11238863,174119040.00
20170328,15.62,15.68,15.47,15.59,5766732,89849584.00
20170329,15.63,15.96,15.48,15.86,11783632,185741648.00
20170330,15.88,15.88,15.39,15.43,8464805,132140448.00
20170331,15.64,15.67,15.40,15.47,5248900,81501200.00
20170405,15.69,15.92,15.49,15.81,7297332,115142096.00
20170406,15.98,16.34,15.80,16.13,13392299,215014704.00
20170407,16.14,16.28,15.86,15.90,7475249,120190256.00
20170410,15.90,16.01,15.14,15.23,9776058,150667264.00
20170411,15.24,15.41,13.71,13.71,10801100,153203696.00
20170412,12.34,12.34,12.34,12.34,2369600,29264560.00
20170413,11.11,11.81,11.11,11.11,119767356,1333587072.00
20170414,10.59,10.79,10.12,10.24,70960932,740167488.00
20170417,10.16,10.17,9.22,9.29,54803363,521666944.00
20170418,9.36,9.71,9.29,9.40,32713412,310679040.00
20170419,9.53,9.57,9.29,9.52,17896532,169562160.00
20170420,9.57,9.58,8.90,9.08,25970452,239702944.00
20170421,9.08,9.14,8.80,8.86,17816033,159333360.00
20170424,8.81,8.83,8.19,8.22,30745697,259091936.00
20170425,8.29,8.43,8.27,8.36,23368626,194697152.00
20170426,8.34,8.71,8.29,8.48,22384633,191064880.00
20170427,8.48,8.95,8.12,8.77,29531794,253918816.00
20170428,8.72,8.98,8.68,8.87,20441285,181192208.00
20170502,8.92,8.92,8.65,8.78,14472336,127237576.00
20170503,8.74,9.10,8.73,9.06,25384180,227897200.00
20170504,8.97,9.29,8.83,9.08,23630270,213606048.00
20170505,9.14,9.27,8.89,8.89,23850443,217352144.00
20170508,8.75,8.84,8.34,8.41,19482948,167859696.00
20170509,8.29,8.64,8.26,8.58,14780837,124866520.00
20170510,8.59,8.73,8.32,8.33,15239260,130511784.00
20170511,8.20,8.42,8.02,8.38,14934129,123007528.00
20170512,8.35,8.46,8.26,8.35,10108332,84659160.00
20170515,8.37,8.44,8.22,8.23,10162548,84756992.00
20170516,8.18,8.49,7.89,8.45,17615534,144187424.00
20170517,8.42,8.74,8.42,8.71,23491140,201720672.00
20170518,8.59,8.74,8.47,8.52,15661996,134929440.00
20170519,8.48,8.64,8.42,8.47,10333931,88004296.00
20170522,8.48,8.49,8.06,8.10,14142775,116619112.00
20170523,8.00,8.10,7.50,7.57,15584835,122903296.00
20170524,7.46,7.78,7.34,7.69,11809481,89703872.00
20170525,7.66,7.86,7.50,7.79,11252591,86750328.00
20170526,7.79,7.87,7.72,7.74,9116388,71091776.00
20170531,7.86,7.93,7.67,7.67,9510300,74345192.00
20170601,7.62,7.76,7.26,7.26,11101425,83535992.00
20170602,7.29,7.51,7.09,7.43,12494979,91730472.00
20170605,7.49,7.63,7.44,7.52,11135328,83912944.00
20170606,7.52,7.91,7.45,7.70,15656258,120850416.00
20170607,7.65,7.97,7.64,7.90,16047702,126030816.00
20170608,7.90,7.96,7.75,7.80,13214121,104004552.00
20170609,7.83,8.07,7.67,7.98,17828571,140731152.00
20170612,7.90,7.90,7.66,7.69,11705740,90987624.00
20170613,7.64,7.96,7.64,7.87,10057215,78772912.00
20170614,7.86,8.25,7.85,8.10,22438183,180592448.00
20170615,8.12,8.67,8.10,8.64,34648942,290840896.00
20170616,8.60,8.62,8.36,8.37,22542358,190280928.00
20170619,8.33,8.48,8.30,8.44,11598979,97484432.00
20170620,8.45,8.54,8.32,8.32,14942615,126167664.00
20170621,8.38,8.38,8.15,8.33,12479950,103141080.00
20170622,8.32,8.38,8.03,8.05,13276667,109168160.00
20170623,7.99,8.10,7.81,8.03,11862049,94471928.00
20170626,8.04,8.24,8.01,8.20,9661479,78643616.00
20170627,8.15,8.25,8.11,8.15,8948281,73140528.00
20170628,8.09,8.18,8.01,8.07,8621602,69599320.00
20170629,8.14,8.17,8.07,8.10,6779202,55051060.00
20170630,8.08,8.27,8.01,8.22,10599350,86392200.00
20170703,8.21,8.35,8.17,8.29,10655646,88190264.00
20170704,8.30,8.33,8.14,8.22,8312278,68320736.00
20170705,8.21,8.28,8.17,8.26,7275699,59906616.00
20170706,8.26,8.33,8.19,8.25,9812579,81056408.00
20170707,8.25,8.35,8.21,8.32,9540578,79023320.00
20170710,8.29,8.48,8.27,8.43,15893741,132937088.00
20170711,8.53,8.83,8.38,8.65,30747832,265709536.00
20170712,8.60,8.62,8.20,8.45,18131587,152513888.00
20170713,8.32,8.61,8.27,8.55,15400516,130114176.00
20170714,8.56,8.56,8.29,8.33,13649231,114454144.00
20170717,8.21,8.24,7.50,7.50,19247400,148586080.00
20170718,7.38,7.65,7.26,7.53,11313051,84334504.00
20170719,7.53,7.61,7.41,7.59,8199531,61566248.00
数据来源:通达信
