300201 海伦哲 日线 前复权
      日期	    开盘	    最高	    最低	    收盘	    成交量	    成交额
20110407,2.15,2.22,2.10,2.15,12656349,290235968.00
20110408,2.08,2.21,2.05,2.17,6810747,154016304.00
20110411,2.14,2.14,2.05,2.05,4293980,95275256.00
20110412,2.04,2.10,2.03,2.08,2423502,53304848.00
20110413,2.07,2.09,2.05,2.08,2033541,44683068.00
20110414,2.08,2.08,2.01,2.02,2694580,58297636.00
20110415,2.02,2.06,2.01,2.04,1469687,31746484.00
20110418,2.03,2.07,2.02,2.07,1661341,36175100.00
20110419,2.04,2.04,1.99,2.00,1518712,32534444.00
20110420,2.01,2.02,1.99,2.00,904205,19240498.00
20110421,2.01,2.01,1.99,2.00,694065,14753582.00
20110422,1.98,1.98,1.86,1.88,2829665,57054488.00
20110425,1.85,1.87,1.84,1.85,837855,16490277.00
20110426,1.85,1.85,1.79,1.80,823474,15853859.00
20110427,1.80,1.82,1.77,1.79,571937,10956458.00
20110428,1.79,1.80,1.70,1.71,637004,11820413.00
20110429,1.72,1.73,1.70,1.73,341325,6249732.00
20110503,1.73,1.75,1.72,1.74,298027,5497960.50
20110504,1.74,1.74,1.69,1.70,357192,6507626.50
20110505,1.70,1.71,1.68,1.71,324486,5883053.50
20110506,1.69,1.72,1.69,1.70,316858,5745489.00
20110509,1.70,1.74,1.70,1.73,390048,7148245.50
20110510,1.72,1.74,1.70,1.73,362920,6659536.50
20110511,1.73,1.73,1.71,1.72,365132,6673905.00
20110512,1.72,1.72,1.69,1.70,320596,5834051.50
20110513,1.71,1.73,1.70,1.73,324000,5897599.00
20110516,1.73,1.78,1.73,1.77,668052,12520086.00
20110517,1.76,1.77,1.74,1.76,308860,5773490.50
20110518,1.76,1.78,1.75,1.77,326365,6146481.50
20110519,1.77,1.77,1.73,1.74,274265,5140795.50
20110520,1.74,1.74,1.71,1.71,170370,3121327.75
20110523,1.71,1.71,1.65,1.66,298110,5318527.00
20110524,1.66,1.70,1.63,1.68,346388,6133829.50
20110525,1.67,1.68,1.63,1.65,226778,3987775.25
20110526,1.66,1.67,1.63,1.63,175100,3079497.00
20110527,1.63,1.64,1.60,1.60,182700,3147002.50
20110530,1.60,1.63,1.57,1.60,239300,4086141.75
20110531,1.60,1.62,1.59,1.62,209219,3575455.75
20110601,1.61,1.63,1.61,1.62,202699,3498678.50
20110602,1.61,1.61,1.58,1.59,321810,5466583.00
20110603,1.60,1.65,1.59,1.64,361226,6294305.50
20110607,1.64,1.66,1.63,1.66,314257,5531012.00
20110608,1.66,1.66,1.63,1.65,145333,2541360.25
20110609,1.64,1.66,1.62,1.63,196571,3426574.25
20110610,1.63,1.63,1.59,1.62,131048,2249754.75
20110613,1.62,1.62,1.59,1.62,57360,981702.44
20110614,1.60,1.64,1.60,1.63,93768,1625660.25
20110615,1.62,1.64,1.60,1.61,64800,1117826.88
20110616,1.61,1.61,1.58,1.59,138407,2355535.75
20110617,1.58,1.60,1.58,1.58,89744,1518118.25
20110620,1.59,1.59,1.56,1.56,165409,2759756.50
20110621,1.57,1.59,1.55,1.59,132686,2226494.50
20110622,1.58,1.59,1.56,1.56,112915,1886655.75
20110623,1.56,1.61,1.55,1.60,210411,3556936.75
20110624,1.59,1.63,1.59,1.63,349934,6035824.00
20110627,1.63,1.65,1.62,1.63,363663,6343168.00
20110628,1.64,1.64,1.60,1.62,321874,5540970.50
20110629,1.62,1.63,1.61,1.62,173270,2986853.25
20110630,1.62,1.66,1.61,1.66,432305,7577518.00
20110701,1.66,1.69,1.64,1.68,303285,5401180.00
20110704,1.68,1.70,1.68,1.69,280480,5031285.50
20110705,1.69,1.70,1.68,1.70,289440,5217310.00
20110706,1.69,1.71,1.68,1.70,273807,4947655.50
20110707,1.70,1.74,1.70,1.72,531199,9763348.00
20110708,1.71,1.74,1.69,1.69,278599,5062706.00
20110711,1.69,1.71,1.67,1.71,282538,5106487.50
20110712,1.67,1.70,1.65,1.69,1008457,17996066.00
20110713,1.68,1.70,1.67,1.70,490959,8851939.00
20110714,1.70,1.72,1.70,1.72,518420,9440681.00
20110715,1.72,1.76,1.71,1.74,677387,12560409.00
20110718,1.74,1.75,1.72,1.73,351968,6482982.50
20110719,1.71,1.73,1.68,1.69,289194,5226633.00
20110720,1.70,1.72,1.67,1.69,185201,3328658.75
20110721,1.69,1.69,1.66,1.66,165370,2943655.00
20110722,1.67,1.72,1.66,1.72,375123,6784772.50
20110725,1.72,1.73,1.68,1.69,411807,7473582.00
20110726,1.68,1.69,1.66,1.68,190573,3403474.75
20110727,1.68,1.76,1.67,1.75,417511,7678368.00
20110728,1.73,1.82,1.72,1.82,1170498,22259356.00
20110729,1.80,1.82,1.78,1.79,770165,14750801.00
20110801,1.77,1.81,1.75,1.80,387705,7386166.50
20110802,1.79,1.81,1.75,1.80,380668,7208614.50
20110803,1.78,1.84,1.77,1.81,482193,9319990.00
20110804,1.82,1.82,1.79,1.79,271050,5199434.00
20110805,1.73,1.79,1.72,1.77,1407872,26435266.00
20110808,1.74,1.76,1.66,1.70,446061,8079052.00
20110809,1.67,1.72,1.66,1.71,380414,6837724.00
20110810,1.72,1.76,1.72,1.75,201502,3727820.50
20110811,1.72,1.77,1.71,1.77,299353,5561948.50
20110812,1.77,1.84,1.77,1.79,255081,4889706.00
20110815,1.79,1.82,1.78,1.82,246797,4749046.50
20110816,1.83,1.83,1.81,1.82,284576,5507165.00
20110817,1.79,1.91,1.79,1.89,888568,17716796.00
20110818,1.89,1.98,1.87,1.94,1983530,41077544.00
20110819,1.90,1.92,1.85,1.91,736423,14741546.00
20110822,1.87,1.90,1.85,1.86,355669,7088444.50
20110823,1.86,1.93,1.85,1.93,564971,11271862.00
20110824,1.92,1.92,1.88,1.89,376089,7580787.00
20110825,1.88,1.88,1.83,1.86,507814,10006412.00
20110826,1.85,1.89,1.85,1.88,270819,5378975.50
20110829,1.88,1.93,1.88,1.89,563617,11392238.00
20110830,1.90,1.91,1.81,1.83,443369,8765753.00
20110831,1.83,1.85,1.74,1.78,1022876,19398608.00
20110901,1.77,1.81,1.74,1.76,308687,5802059.00
20110902,1.76,1.78,1.74,1.78,176790,3318369.00
20110905,1.75,1.78,1.74,1.77,143269,2686565.25
20110906,1.76,1.82,1.75,1.80,486506,9301292.00
20110907,1.80,1.83,1.79,1.82,310004,5964495.00
20110908,1.82,1.82,1.77,1.77,187094,3580198.50
20110909,1.77,1.80,1.75,1.76,104100,1954589.50
20110913,1.72,1.74,1.71,1.73,163449,2985147.25
20110914,1.73,1.75,1.71,1.74,74799,1374616.75
20110915,1.76,1.77,1.75,1.76,83499,1563156.25
20110916,1.76,1.77,1.75,1.77,96822,1812910.00
20110919,1.77,1.86,1.77,1.79,217597,4157107.00
20110920,1.79,1.80,1.77,1.80,88038,1669779.00
20110921,1.81,1.85,1.80,1.82,216847,4196737.50
20110922,1.81,1.82,1.76,1.76,187500,3551492.75
20110923,1.74,1.74,1.72,1.73,90910,1673888.00
20110926,1.74,1.78,1.70,1.70,106600,1958920.50
20110927,1.71,1.72,1.68,1.70,104990,1894342.25
20110928,1.72,1.72,1.68,1.71,73400,1330256.00
20110929,1.66,1.69,1.64,1.66,82449,1459432.25
20110930,1.69,1.72,1.66,1.66,80269,1433941.88
20111010,1.66,1.69,1.62,1.66,64209,1125021.75
20111011,1.65,1.71,1.65,1.66,34900,619396.00
20111012,1.66,1.72,1.61,1.70,108940,1945375.75
20111013,1.72,1.72,1.70,1.72,79625,1453771.25
20111014,1.70,1.71,1.67,1.70,335451,6014811.50
20111017,1.71,1.71,1.69,1.69,81208,1468715.00
20111018,1.68,1.68,1.64,1.64,81220,1429561.63
20111019,1.67,1.67,1.63,1.63,81800,1424319.75
20111020,1.62,1.64,1.57,1.58,131140,2229277.00
20111021,1.59,1.59,1.55,1.55,67978,1140277.25
20111024,1.57,1.57,1.51,1.54,155801,2569196.75
20111025,1.56,1.61,1.53,1.60,289042,4810794.00
20111026,1.59,1.62,1.57,1.61,246700,4230895.00
20111027,1.62,1.62,1.61,1.61,68701,1181630.25
20111028,1.63,1.64,1.60,1.63,153316,2646075.00
20111031,1.62,1.67,1.62,1.65,134036,2345419.50
20111101,1.64,1.65,1.63,1.65,73702,1286834.13
20111102,1.63,1.67,1.60,1.66,180164,3122728.50
20111103,1.66,1.69,1.66,1.66,256740,4587317.00
20111104,1.68,1.68,1.66,1.67,144320,2555158.75
20111107,1.66,1.68,1.66,1.67,73301,1300931.75
20111108,1.67,1.67,1.65,1.66,100670,1785140.88
20111109,1.66,1.70,1.64,1.69,153261,2707334.75
20111110,1.67,1.71,1.66,1.69,278669,5003619.50
20111111,1.67,1.71,1.66,1.68,208243,3742117.25
20111114,1.69,1.74,1.69,1.73,404681,7397357.50
20111115,1.73,1.78,1.73,1.75,348508,6512956.00
20111116,1.77,1.79,1.69,1.69,400427,7431016.50
20111117,1.69,1.74,1.69,1.71,143290,2609094.00
20111118,1.70,1.71,1.65,1.66,167100,2970425.25
20111121,1.66,1.66,1.60,1.65,236130,4078192.50
20111122,1.62,1.66,1.62,1.66,177039,3095404.50
20111123,1.66,1.66,1.63,1.65,79800,1394973.00
20111124,1.65,1.65,1.61,1.64,72100,1246509.00
20111125,1.66,1.66,1.62,1.63,125600,2201829.75
20111128,1.62,1.64,1.62,1.62,118690,2055815.13
20111129,1.63,1.67,1.62,1.67,123485,2160006.75
20111130,1.65,1.66,1.56,1.60,175337,3005005.25
20111202,1.61,1.61,1.57,1.57,120000,2028634.00
20111205,1.57,1.59,1.55,1.56,95924,1608250.38
20111206,1.59,1.59,1.56,1.57,39100,653267.00
20111207,1.55,1.60,1.55,1.58,45300,761051.00
20111208,1.57,1.61,1.55,1.59,50200,847497.00
20111209,1.60,1.60,1.55,1.57,31200,523897.00
20111212,1.56,1.58,1.55,1.58,25400,425126.00
20111213,1.57,1.59,1.56,1.57,47350,791213.00
20111214,1.56,1.57,1.54,1.55,83300,1374907.00
20111215,1.55,1.55,1.46,1.48,132910,2132031.00
20111216,1.50,1.50,1.43,1.48,125799,1966091.38
20111219,1.46,1.48,1.45,1.48,183938,2884398.75
20111220,1.48,1.50,1.47,1.47,71420,1127342.38
20111221,1.49,1.50,1.44,1.44,207000,3239775.00
20111222,1.43,1.46,1.39,1.44,163489,2496534.50
20111223,1.44,1.47,1.41,1.45,69208,1072235.63
20111226,1.46,1.46,1.43,1.46,67400,1042065.00
20111227,1.46,1.46,1.43,1.43,76302,1170170.63
20111228,1.42,1.43,1.38,1.41,59902,901954.50
20111229,1.42,1.44,1.40,1.42,22600,342893.00
20111230,1.44,1.44,1.42,1.43,98812,1505123.00
20120104,1.44,1.47,1.40,1.40,89402,1352546.75
20120105,1.39,1.39,1.26,1.30,159721,2272051.25
20120106,1.33,1.36,1.28,1.32,147198,2079958.38
20120109,1.32,1.37,1.32,1.37,141798,2026749.00
20120110,1.39,1.41,1.35,1.41,136490,2022712.00
20120111,1.40,1.41,1.39,1.41,86519,1291544.88
20120112,1.41,1.41,1.38,1.40,74100,1103820.00
20120113,1.39,1.40,1.33,1.33,59100,851195.00
20120116,1.33,1.33,1.27,1.28,171600,2376392.00
20120117,1.27,1.34,1.27,1.30,395959,5518689.00
20120118,1.30,1.31,1.23,1.23,262964,3573390.75
20120119,1.26,1.26,1.22,1.24,108736,1445847.25
20120120,1.25,1.26,1.24,1.25,125637,1684869.38
20120130,1.25,1.27,1.23,1.25,194201,2613546.50
20120131,1.25,1.27,1.24,1.26,100333,1344189.88
20120201,1.33,1.33,1.25,1.26,132900,1837365.63
20120202,1.26,1.30,1.26,1.30,147082,2015614.75
20120206,1.32,1.43,1.30,1.42,831213,12430133.00
20120207,1.41,1.43,1.38,1.42,290036,4363818.50
20120208,1.42,1.44,1.41,1.43,252154,3841098.25
20120209,1.44,1.45,1.41,1.43,215089,3282684.75
20120210,1.41,1.43,1.41,1.41,514139,7803986.50
20120213,1.41,1.45,1.41,1.44,226964,3477569.00
20120214,1.44,1.44,1.39,1.43,95213,1440625.25
20120215,1.42,1.45,1.40,1.44,171191,2620167.25
20120216,1.45,1.47,1.44,1.46,217564,3388924.75
20120217,1.47,1.57,1.45,1.55,575620,9450426.00
20120220,1.55,1.57,1.52,1.53,145217,2380562.00
20120221,1.53,1.56,1.53,1.55,208568,3440263.50
20120222,1.53,1.56,1.53,1.55,128588,2120345.00
20120223,1.57,1.57,1.54,1.56,171053,2832269.50
20120224,1.56,1.57,1.54,1.56,81816,1356535.75
20120227,1.56,1.62,1.55,1.59,421977,7185010.50
20120228,1.75,1.75,1.75,1.75,834938,15538196.00
20120229,1.89,1.91,1.81,1.83,4173385,82865448.00
20120301,1.79,1.80,1.76,1.77,1327963,25119412.00
20120302,1.76,1.82,1.76,1.79,1124889,21429934.00
20120305,1.79,1.88,1.77,1.84,1529390,29768530.00
20120306,1.82,1.84,1.77,1.78,1053581,20042320.00
20120307,1.76,1.80,1.76,1.76,717665,13528185.00
20120308,1.78,1.78,1.76,1.77,553146,10411922.00
20120309,1.77,1.80,1.77,1.80,869446,16464160.00
20120312,1.80,1.85,1.78,1.83,1287894,24872382.00
20120313,1.82,2.01,1.81,1.97,2621244,53097200.00
20120314,1.94,1.98,1.78,1.83,2281555,46406488.00
20120315,1.85,1.86,1.77,1.80,1319588,25300224.00
20120316,1.79,1.92,1.79,1.92,1250171,24725868.00
20120319,2.03,2.11,1.98,1.99,3789504,81745984.00
20120320,1.95,1.96,1.91,1.91,1799111,36765736.00
20120321,1.91,1.95,1.86,1.92,1134719,23091630.00
20120322,1.90,1.92,1.87,1.90,623179,12559715.00
20120323,1.90,1.95,1.85,1.86,1051132,21255842.00
20120326,1.86,1.86,1.78,1.81,1038961,19866066.00
20120327,1.81,1.83,1.76,1.77,686806,13081017.00
20120328,1.71,1.74,1.66,1.68,950348,17094616.00
20120329,1.64,1.68,1.63,1.64,855484,15048532.00
20120330,1.65,1.69,1.64,1.69,1189107,21087586.00
20120405,1.69,1.72,1.65,1.72,683720,12406708.00
20120406,1.70,1.70,1.67,1.68,722206,12947180.00
20120409,1.68,1.72,1.66,1.71,613923,11059518.00
20120411,1.70,1.70,1.67,1.70,761206,13677305.00
20120412,1.69,1.69,1.62,1.67,2766296,48706164.00
20120413,1.66,1.68,1.64,1.65,2208535,38905308.00
20120416,1.63,1.64,1.61,1.63,1434620,24820130.00
20120417,1.63,1.70,1.62,1.66,1935443,34179104.00
20120418,1.66,1.68,1.63,1.67,1887033,33237362.00
20120419,1.65,1.68,1.65,1.67,1074434,19076024.00
20120420,1.67,1.70,1.66,1.68,1595925,28642640.00
20120423,1.68,1.68,1.51,1.56,3165772,52581280.00
20120424,1.54,1.55,1.46,1.50,1583722,25371598.00
20120425,1.50,1.53,1.49,1.52,844634,13699248.00
20120426,1.53,1.53,1.51,1.52,601635,9744036.00
20120427,1.52,1.55,1.51,1.53,897707,14673831.00
20120502,1.54,1.55,1.48,1.49,1828032,13215831.00
20120503,1.48,1.50,1.47,1.49,1144098,8164477.00
20120504,1.48,1.55,1.48,1.54,2369002,17412262.00
20120507,1.53,1.58,1.50,1.57,2932863,21798088.00
20120508,1.55,1.59,1.55,1.57,1707139,12851774.00
20120509,1.54,1.56,1.51,1.52,1366276,10023858.00
20120510,1.51,1.56,1.51,1.54,1108273,8224327.00
20120511,1.54,1.54,1.50,1.50,1080990,7894443.50
20120514,1.52,1.53,1.49,1.50,1280604,9310583.00
20120515,1.48,1.49,1.48,1.49,862014,6157130.50
20120516,1.49,1.50,1.48,1.48,570357,4083271.75
20120517,1.48,1.54,1.47,1.51,1709443,12428547.00
20120518,1.49,1.51,1.45,1.46,1789674,12721861.00
20120521,1.45,1.47,1.41,1.43,1108180,7659690.00
20120522,1.43,1.45,1.42,1.45,899824,6227690.00
20120523,1.44,1.44,1.41,1.42,849733,5826488.00
20120524,1.41,1.44,1.41,1.42,570653,3902973.25
20120525,1.40,1.42,1.39,1.39,616861,4159675.00
20120528,1.38,1.40,1.33,1.39,1493699,9795815.00
20120529,1.40,1.43,1.39,1.42,1470408,10004494.00
20120530,1.42,1.44,1.40,1.43,1025160,7013279.00
20120531,1.43,1.44,1.41,1.43,1462571,10069317.00
20120601,1.43,1.44,1.41,1.42,1181192,8111953.50
20120604,1.40,1.40,1.34,1.34,1273709,8437583.00
20120605,1.35,1.36,1.33,1.34,688842,4455802.50
20120606,1.34,1.36,1.33,1.33,646590,4184107.25
20120607,1.35,1.36,1.33,1.34,802665,5215173.00
20120608,1.35,1.36,1.33,1.35,525023,3402620.25
20120611,1.35,1.40,1.34,1.39,1191065,7898215.50
20120612,1.38,1.39,1.36,1.38,875467,5802053.00
20120613,1.39,1.40,1.37,1.40,1102413,7372233.00
20120614,1.39,1.41,1.38,1.38,1011480,6781347.50
20120615,1.39,1.40,1.37,1.38,935199,6224707.00
20120618,1.39,1.41,1.38,1.40,935582,6304370.50
20120619,1.41,1.42,1.39,1.41,1101463,7453504.50
20120620,1.42,1.52,1.41,1.47,4135794,29326918.00
20120621,1.46,1.46,1.41,1.42,1997011,13768470.00
20120626,1.39,1.39,1.31,1.35,1317279,8521134.00
20120627,1.34,1.37,1.34,1.35,699077,4572655.00
20120628,1.33,1.36,1.33,1.34,548269,3556944.25
20120629,1.33,1.37,1.32,1.37,777923,5054806.50
20120702,1.37,1.39,1.36,1.37,639038,4227277.00
20120703,1.35,1.40,1.35,1.38,942744,6263829.50
20120704,1.38,1.42,1.37,1.42,1140120,7701814.50
20120705,1.41,1.49,1.36,1.36,991351,6597096.00
20120706,1.36,1.37,1.33,1.37,942758,6132410.00
20120709,1.37,1.37,1.33,1.34,576272,3739498.25
20120710,1.34,1.40,1.34,1.35,722381,4741461.00
20120711,1.35,1.35,1.31,1.33,776280,4944224.50
20120712,1.33,1.34,1.31,1.34,531264,3402041.75
20120713,1.34,1.36,1.33,1.35,751831,4891720.50
20120716,1.37,1.40,1.34,1.35,2234693,14877658.00
20120717,1.35,1.38,1.28,1.31,957623,6042400.00
20120718,1.30,1.33,1.29,1.32,394615,2493193.25
20120719,1.32,1.35,1.31,1.34,1484320,9512191.00
20120720,1.32,1.34,1.30,1.30,1372223,8664072.00
20120723,1.29,1.30,1.26,1.26,997361,6144618.50
20120724,1.26,1.28,1.26,1.27,968620,5940880.00
20120725,1.29,1.29,1.26,1.26,1099439,6755791.00
20120726,1.26,1.27,1.23,1.23,1230079,7423276.00
20120727,1.24,1.24,1.19,1.21,1683374,9849718.00
20120730,1.21,1.21,1.17,1.18,632154,3629054.25
20120731,1.18,1.18,1.15,1.16,457212,2565225.25
20120801,1.16,1.19,1.15,1.18,496998,2820168.75
20120802,1.17,1.18,1.16,1.16,326288,1841869.00
20120803,1.17,1.19,1.17,1.19,656379,3742771.50
20120806,1.19,1.22,1.18,1.22,980360,5693974.50
20120807,1.22,1.25,1.21,1.24,1305609,7765914.00
20120808,1.24,1.25,1.21,1.23,941131,5608861.50
20120809,1.23,1.25,1.22,1.25,900376,5378380.50
20120810,1.25,1.26,1.24,1.25,879791,5300086.00
20120813,1.25,1.25,1.21,1.22,822240,4885983.00
20120814,1.22,1.23,1.19,1.23,976831,5742457.00
20120815,1.23,1.25,1.22,1.24,722271,4300103.00
20120816,1.23,1.25,1.22,1.23,518468,3092202.25
20120817,1.24,1.24,1.21,1.23,592242,3498270.75
20120820,1.23,1.24,1.21,1.23,507727,2996365.00
20120821,1.23,1.28,1.22,1.26,1712611,10363049.00
20120822,1.26,1.27,1.24,1.25,872456,5301592.00
20120823,1.27,1.31,1.27,1.31,2889915,18006910.00
20120824,1.30,1.44,1.29,1.37,6905828,46630348.00
20120827,1.32,1.34,1.27,1.28,3392667,21280612.00
20120828,1.27,1.33,1.27,1.31,1774489,11178516.00
20120829,1.30,1.33,1.28,1.30,1448436,9136064.00
20120830,1.30,1.31,1.22,1.25,1663388,10154120.00
20120831,1.24,1.25,1.21,1.23,1127688,6693721.50
20120903,1.23,1.26,1.22,1.26,936777,5663135.00
20120904,1.26,1.28,1.25,1.26,978216,5985922.50
20120905,1.25,1.32,1.24,1.31,1946207,12142775.00
20120906,1.32,1.36,1.31,1.32,2167783,13894906.00
20120907,1.33,1.39,1.33,1.38,3242553,21351772.00
20120910,1.37,1.43,1.37,1.40,2815452,18877012.00
20120911,1.38,1.39,1.36,1.37,1397352,9253591.00
20120912,1.39,1.45,1.38,1.41,2689783,18370274.00
20120913,1.45,1.45,1.39,1.39,2328817,15862235.00
20120914,1.39,1.41,1.36,1.37,1782211,11851996.00
20120917,1.39,1.39,1.32,1.33,889410,5758088.00
20120918,1.35,1.35,1.32,1.32,790845,5066893.00
20120919,1.31,1.34,1.31,1.34,719266,4597402.50
20120920,1.32,1.34,1.29,1.30,762220,4799324.00
20120921,1.30,1.30,1.27,1.27,625843,3885264.25
20120924,1.27,1.30,1.24,1.28,536470,3302308.00
20120925,1.27,1.29,1.26,1.27,222200,1362261.00
20120926,1.26,1.26,1.20,1.21,779828,4612759.50
20120927,1.21,1.28,1.21,1.26,864188,5202248.50
20120928,1.26,1.29,1.25,1.28,476240,2928848.75
20121008,1.30,1.31,1.28,1.31,454131,2845777.00
20121009,1.31,1.34,1.30,1.33,742622,4740871.00
20121010,1.33,1.34,1.32,1.33,622242,3984084.25
20121011,1.34,1.34,1.29,1.29,649962,4096924.25
20121012,1.28,1.32,1.28,1.32,876521,5509689.00
20121015,1.32,1.32,1.27,1.30,677435,4208403.00
20121016,1.30,1.31,1.29,1.30,392141,2466750.50
20121017,1.30,1.32,1.30,1.32,1003548,6364816.00
20121018,1.32,1.35,1.32,1.34,1065955,6873201.00
20121019,1.34,1.34,1.31,1.32,727801,4656470.50
20121022,1.31,1.34,1.30,1.33,529839,3386089.00
20121023,1.33,1.34,1.31,1.31,613101,3917353.75
20121024,1.30,1.32,1.29,1.30,490800,3102118.25
20121025,1.30,1.32,1.29,1.29,565682,3552393.25
20121026,1.28,1.30,1.25,1.25,710167,4339856.00
20121029,1.24,1.26,1.24,1.25,425931,2569595.25
20121030,1.25,1.27,1.24,1.26,373980,2274563.75
20121031,1.28,1.29,1.25,1.29,381591,2338365.50
20121101,1.29,1.31,1.29,1.31,842601,5293312.00
20121102,1.31,1.32,1.30,1.31,477041,3008530.25
20121105,1.32,1.32,1.31,1.32,587900,3740429.00
20121106,1.32,1.42,1.31,1.37,3299572,21693328.00
20121107,1.37,1.44,1.37,1.43,4649211,31492178.00
20121108,1.43,1.43,1.36,1.36,2633991,17665456.00
20121109,1.34,1.43,1.34,1.42,2178863,14585328.00
20121112,1.41,1.45,1.39,1.40,1506037,10176880.00
20121113,1.38,1.43,1.38,1.39,1667449,11249703.00
20121114,1.39,1.40,1.36,1.38,1062890,7047350.50
20121115,1.37,1.44,1.37,1.40,1782037,12106492.00
20121116,1.39,1.42,1.39,1.42,2199425,14984264.00
20121119,1.43,1.57,1.41,1.49,7007983,51002908.00
20121120,1.47,1.53,1.45,1.52,4217138,30269452.00
20121121,1.51,1.52,1.47,1.51,2844326,20489562.00
20121122,1.51,1.52,1.46,1.46,2618021,18667182.00
20121123,1.46,1.51,1.46,1.48,1982241,14149703.00
20121126,1.48,1.49,1.40,1.41,2150336,14951837.00
20121127,1.39,1.42,1.35,1.36,1557973,10303804.00
20121128,1.36,1.39,1.35,1.38,1241411,8233180.50
20121129,1.38,1.41,1.33,1.36,801238,5262187.00
20121130,1.36,1.39,1.34,1.37,734646,4843931.00
20121203,1.36,1.38,1.23,1.24,2916320,18045978.00
20121204,1.24,1.24,1.18,1.21,2242770,13080972.00
20121205,1.22,1.28,1.21,1.26,3137132,18950904.00
20121206,1.26,1.26,1.22,1.26,1775688,10675392.00
20121207,1.27,1.30,1.25,1.28,1419844,8775604.00
20121210,1.30,1.34,1.28,1.32,1617008,10269294.00
20121211,1.32,1.33,1.30,1.31,1013659,6405748.50
20121212,1.30,1.31,1.26,1.30,1142385,7092461.00
20121213,1.29,1.30,1.27,1.27,807270,4990241.00
20121214,1.27,1.35,1.27,1.34,1852200,11789812.00
20121217,1.34,1.36,1.32,1.35,1650560,10692417.00
20121218,1.35,1.36,1.33,1.33,1080330,6988197.00
20121219,1.33,1.36,1.33,1.35,1032889,6688177.50
20121220,1.34,1.38,1.34,1.36,1307453,8569510.00
20121221,1.35,1.38,1.35,1.36,1076052,7054199.50
20121224,1.36,1.40,1.36,1.37,1058443,7019058.00
20121225,1.38,1.42,1.36,1.40,2230078,15016142.00
20121226,1.40,1.47,1.40,1.47,2457483,17082376.00
20121227,1.47,1.49,1.43,1.48,2371770,16650784.00
20121228,1.47,1.54,1.46,1.53,2638919,18909134.00
20121231,1.51,1.60,1.49,1.60,3369778,25103010.00
20130104,1.60,1.62,1.54,1.55,2650209,20061908.00
20130107,1.53,1.55,1.47,1.51,2225341,16072137.00
20130108,1.50,1.53,1.50,1.52,3113569,22770910.00
20130109,1.52,1.56,1.51,1.52,1795115,13240921.00
20130110,1.51,1.55,1.49,1.50,1306922,9513818.00
20130111,1.50,1.52,1.45,1.45,1542462,10967965.00
20130114,1.46,1.51,1.45,1.50,1480517,10634587.00
20130115,1.50,1.54,1.49,1.53,2531128,18497092.00
20130116,1.53,1.54,1.49,1.50,2548707,18622554.00
20130117,1.49,1.55,1.48,1.53,3478062,25658412.00
20130118,1.55,1.56,1.52,1.54,2008549,14938945.00
20130121,1.53,1.56,1.48,1.50,2602964,18923684.00
20130122,1.50,1.51,1.45,1.46,1916322,13611497.00
20130123,1.46,1.47,1.44,1.47,1080478,7600599.50
20130124,1.48,1.48,1.40,1.41,1778033,12307584.00
20130125,1.42,1.44,1.41,1.43,715360,4922927.00
20130128,1.43,1.46,1.43,1.45,1071970,7472636.00
20130129,1.47,1.49,1.44,1.49,1969039,13850029.00
20130130,1.48,1.55,1.47,1.53,3661981,26954672.00
20130131,1.53,1.59,1.51,1.55,2176216,16170001.00
20130201,1.55,1.66,1.54,1.64,4674127,36486404.00
20130204,1.63,1.72,1.60,1.65,4809793,38974524.00
20130205,1.62,1.69,1.62,1.68,2434246,19374318.00
20130206,1.69,1.71,1.64,1.65,1700761,13663502.00
20130207,1.64,1.68,1.64,1.66,1800242,14351891.00
20130208,1.68,1.73,1.66,1.68,2604436,21279540.00
20130218,1.68,1.71,1.67,1.69,978351,7933953.00
20130219,1.68,1.70,1.65,1.68,1536401,12381967.00
20130220,1.65,1.78,1.64,1.77,4239823,35203200.00
20130221,1.75,1.83,1.74,1.79,4569323,39537704.00
20130222,1.80,1.90,1.80,1.88,4979775,44700344.00
20130225,1.87,1.93,1.83,1.90,3211436,29153090.00
20130226,1.88,1.94,1.83,1.84,2558626,23114982.00
20130227,1.87,1.98,1.85,1.98,6992709,64615200.00
20130228,1.97,2.02,1.91,1.92,9688811,90572536.00
20130301,1.94,1.94,1.88,1.92,6113427,56073820.00
20130304,1.91,1.94,1.84,1.90,5137036,46689940.00
20130305,1.94,1.97,1.90,1.95,4637672,43122304.00
20130306,1.96,2.00,1.91,1.98,5495665,51955948.00
20130307,1.97,1.99,1.90,1.92,4173940,38929208.00
20130308,1.90,1.93,1.87,1.88,2052840,18660664.00
20130311,1.89,1.90,1.88,1.89,970642,8800060.00
20130312,1.88,1.90,1.81,1.84,2442046,21687212.00
20130313,1.84,1.85,1.83,1.85,1374516,12156130.00
20130314,1.84,1.87,1.84,1.85,651882,5818283.00
20130315,1.81,1.92,1.79,1.89,1970493,17866872.00
20130318,1.87,1.89,1.84,1.85,1239050,11055207.00
20130319,1.85,1.88,1.78,1.82,2095754,18253862.00
20130320,1.79,1.86,1.79,1.86,1869173,16441334.00
20130321,1.84,1.93,1.84,1.89,2061616,18666078.00
20130322,1.87,1.93,1.85,1.91,1850448,16880296.00
20130325,1.91,1.92,1.87,1.89,973603,8830269.00
20130326,1.90,1.90,1.86,1.89,969036,8739137.00
20130327,1.89,1.90,1.87,1.88,1051744,9510157.00
20130328,1.87,1.87,1.83,1.83,1145619,10167374.00
20130329,1.83,1.86,1.79,1.83,728420,6453725.50
20130401,1.83,1.89,1.83,1.87,876879,7855023.50
20130402,1.88,1.90,1.81,1.85,1215147,10823400.00
20130403,1.85,1.86,1.81,1.85,754347,6675174.50
20130408,1.74,1.83,1.67,1.82,1918170,16193910.00
20130409,1.79,1.84,1.79,1.83,669089,5874550.50
20130410,1.83,1.84,1.79,1.83,601920,5277935.00
20130411,1.82,1.85,1.81,1.83,442832,3890229.50
20130412,1.82,1.83,1.79,1.79,411710,3572858.50
20130415,1.80,1.80,1.76,1.77,413340,3546847.25
20130416,1.77,1.79,1.75,1.79,695737,5911252.50
20130417,1.76,1.80,1.76,1.79,372140,3197049.25
20130418,1.79,1.81,1.77,1.79,855558,7347179.50
20130419,1.79,1.88,1.79,1.88,1641302,14573824.00
20130422,1.95,1.97,1.88,1.91,2810311,25844666.00
20130423,1.95,2.11,1.94,1.96,11722798,113767320.00
20130424,1.99,2.02,1.95,2.00,8058668,77289576.00
20130425,1.98,2.17,1.97,2.10,9175847,91537568.00
20130426,2.07,2.12,2.01,2.03,5103943,50066860.00
20130502,2.03,2.05,1.97,2.04,2168763,21010516.00
20130503,2.05,2.12,2.05,2.06,3701525,36981476.00
20130506,2.07,2.17,2.05,2.15,4551113,46009748.00
20130507,2.15,2.16,2.08,2.10,3580090,36320660.00
20130508,2.08,2.15,2.08,2.13,2576579,26238000.00
20130509,2.11,2.15,2.07,2.11,2651746,26878534.00
20130510,2.11,2.22,2.09,2.16,4570300,47432972.00
20130513,2.16,2.20,2.15,2.16,2705461,28158726.00
20130514,2.17,2.22,2.14,2.19,3052727,31973626.00
20130515,2.19,2.24,2.16,2.20,2764231,29120928.00
20130516,2.20,2.22,2.07,2.10,7782308,79727992.00
20130517,2.08,2.10,2.04,2.07,6487538,64541380.00
20130520,2.08,2.27,2.08,2.24,8773090,91159568.00
20130521,2.25,2.25,2.15,2.20,14127327,73909752.00
20130522,2.19,2.20,2.14,2.16,9925016,51478460.00
20130523,2.18,2.23,2.16,2.17,13060200,68552320.00
20130524,2.17,2.19,2.10,2.15,11914417,60838964.00
20130527,2.15,2.19,2.12,2.17,8431385,43420600.00
20130528,2.17,2.17,2.08,2.09,11241214,56620904.00
20130529,2.08,2.10,2.06,2.09,5084879,25391502.00
20130530,2.09,2.13,2.03,2.09,10999596,54618664.00
20130531,2.08,2.10,2.06,2.08,4796330,23890956.00
20130603,2.08,2.13,2.05,2.09,7971872,39794704.00
20130604,2.09,2.12,2.05,2.09,8532011,42601280.00
20130605,2.08,2.11,2.07,2.10,4119413,20662102.00
20130606,2.10,2.18,2.07,2.11,15370632,78713128.00
20130607,2.11,2.17,1.94,1.95,19297950,93230600.00
20130613,1.90,1.90,1.76,1.81,6770965,29389954.00
20130614,1.84,1.90,1.82,1.88,4920308,22000256.00
20130617,1.89,1.91,1.86,1.89,4164596,18754176.00
20130618,1.89,1.94,1.86,1.92,7993149,36498140.00
20130619,1.90,1.95,1.85,1.90,6300194,28632276.00
20130620,1.89,1.93,1.82,1.82,4021590,18049420.00
20130621,1.81,1.89,1.76,1.86,6712198,29759706.00
20130624,1.84,1.86,1.68,1.73,5152066,21778032.00
20130625,1.72,1.75,1.59,1.72,5829736,23442096.00
20130626,1.82,1.90,1.72,1.82,13861656,60555324.00
20130627,1.80,1.86,1.74,1.77,10003473,43242648.00
20130628,1.75,1.81,1.71,1.77,4446241,18805926.00
20130701,1.75,1.80,1.73,1.79,7247714,30617716.00
20130702,1.78,1.81,1.75,1.81,6711519,28673906.00
20130703,1.79,1.80,1.76,1.79,4154229,17710238.00
20130704,1.77,1.97,1.77,1.84,21593733,95133968.00
20130705,1.79,1.80,1.74,1.74,12875795,54634428.00
20130708,1.70,1.70,1.60,1.60,7041940,27841170.00
20130709,1.60,1.63,1.58,1.61,3926866,15093600.00
20130710,1.57,1.61,1.53,1.60,9098820,34164656.00
20130711,1.59,1.64,1.59,1.62,6503178,25172820.00
20130712,1.61,1.65,1.59,1.60,4834167,18836782.00
20130715,1.60,1.66,1.60,1.64,5163016,20270790.00
20130716,1.64,1.74,1.63,1.72,7989342,32597226.00
20130717,1.71,1.73,1.66,1.68,6242310,25448346.00
20130718,1.68,1.83,1.67,1.76,12444180,52354796.00
20130719,1.77,1.83,1.74,1.75,13651595,58351472.00
20130722,1.75,1.78,1.72,1.78,6528991,27358786.00
20130723,1.96,1.96,1.96,1.96,7561171,35461892.00
20130724,1.99,2.09,1.98,2.02,33820550,164165488.00
20130725,1.97,2.01,1.86,1.87,17987362,82759560.00
20130726,1.83,1.92,1.80,1.85,8499583,37591968.00
20130729,1.85,1.90,1.82,1.84,6896213,30799690.00
20130730,1.83,1.86,1.74,1.77,6849779,29348314.00
20130731,1.77,1.82,1.77,1.78,4449456,19056962.00
20130801,1.79,1.85,1.78,1.84,7195519,31474232.00
20130802,1.85,1.93,1.84,1.87,10056260,45598132.00
20130805,1.87,1.95,1.87,1.93,8193202,37852168.00
20130806,1.93,2.03,1.90,2.02,12898043,60848640.00
20130807,2.00,2.02,1.91,1.92,9160646,42874632.00
20130808,1.91,1.95,1.90,1.92,5095112,23520806.00
20130809,1.92,1.94,1.85,1.92,4769335,21628090.00
20130812,1.92,1.94,1.88,1.92,5277335,24155242.00
20130813,1.92,1.98,1.89,1.97,6311500,29535566.00
20130814,1.97,2.01,1.95,1.96,6765302,32001440.00
20130815,1.96,1.98,1.92,1.93,4106618,19108450.00
20130816,1.92,1.97,1.88,1.88,5628612,25847468.00
20130819,1.88,1.95,1.88,1.95,4741158,21905182.00
20130820,1.95,2.00,1.92,1.95,6000380,28193100.00
20130821,1.95,1.99,1.94,1.97,4666424,21974512.00
20130822,1.98,1.98,1.94,1.95,4642144,21745814.00
20130823,1.95,1.97,1.85,1.89,7617479,34703544.00
20130826,1.89,1.98,1.89,1.95,5543362,25667704.00
20130827,1.95,1.95,1.92,1.93,4608834,21264150.00
20130828,1.93,2.01,1.89,2.00,12916029,60599104.00
20130829,2.03,2.18,2.03,2.07,18078820,90514848.00
20130830,2.04,2.15,1.99,2.00,17012627,84560968.00
20130902,1.97,2.03,1.92,1.95,8770048,41161940.00
20130903,1.94,1.98,1.92,1.96,6255546,29167012.00
20130904,1.95,1.98,1.93,1.95,5366426,25127118.00
20130905,1.95,1.99,1.93,1.98,5637928,26509060.00
20130906,1.97,2.00,1.95,1.95,4940191,23177490.00
20130909,1.97,1.97,1.91,1.95,6243491,28863994.00
20130910,1.93,1.94,1.91,1.92,6338000,29190360.00
20130911,1.92,1.93,1.87,1.89,6933768,31399812.00
20130912,1.89,1.92,1.88,1.89,3939863,17901908.00
20130913,1.90,1.93,1.87,1.91,4997009,22650282.00
20130916,1.90,1.92,1.89,1.90,3321341,15177761.00
20130917,1.90,1.91,1.87,1.88,2596850,11723374.00
20130918,1.88,1.89,1.85,1.87,2610530,11650958.00
20130923,1.88,1.93,1.87,1.93,4786156,21834274.00
20130924,1.93,1.93,1.88,1.90,3194571,14531886.00
20130925,1.90,2.08,1.88,1.95,13794843,65770324.00
20130926,1.93,1.96,1.88,1.91,8896800,41033412.00
20130927,1.90,1.92,1.87,1.90,4155155,18797858.00
20130930,1.92,1.92,1.87,1.90,3796929,17154886.00
20131008,1.89,1.90,1.87,1.90,4827162,21803912.00
20131009,1.90,1.90,1.87,1.90,4427154,20043498.00
20131010,1.90,1.99,1.90,1.93,8946942,41681412.00
20131011,1.94,1.95,1.91,1.93,4384861,20263312.00
20131014,1.93,1.99,1.92,1.98,6605941,31029784.00
20131015,1.96,1.97,1.93,1.94,5021628,23340448.00
20131016,1.94,1.95,1.86,1.86,4796804,21715172.00
20131017,1.86,1.95,1.83,1.83,5620796,25218184.00
20131018,1.83,1.85,1.78,1.81,8612763,37259520.00
20131021,1.81,1.85,1.80,1.83,4253633,18630728.00
20131022,1.85,1.88,1.83,1.86,4678504,20853486.00
20131023,1.85,1.87,1.80,1.81,3428023,14995069.00
20131024,1.81,1.83,1.79,1.79,2360398,10207344.00
20131025,1.79,1.82,1.78,1.81,2792196,12056632.00
20131028,1.82,1.82,1.73,1.74,3548274,14969778.00
20131029,1.77,1.77,1.62,1.66,4249824,17130828.00
20131030,1.67,1.70,1.64,1.69,2288948,9143510.00
20131031,1.71,1.71,1.68,1.69,1885866,7627075.50
20131101,1.69,1.70,1.67,1.70,1994916,8085614.00
20131104,1.70,1.72,1.69,1.71,1396000,5704797.50
20131105,1.70,1.74,1.69,1.73,2246342,9279993.00
20131106,1.74,1.74,1.71,1.72,1817245,7529654.00
20131107,1.72,1.72,1.68,1.69,1853134,7556570.50
20131108,1.68,1.69,1.64,1.64,2130729,8478997.00
20131111,1.64,1.68,1.64,1.67,1341655,5325892.50
20131112,1.68,1.69,1.66,1.69,1397684,5618522.00
20131113,1.69,1.75,1.68,1.69,3793466,15655643.00
20131114,1.67,1.72,1.67,1.71,2440942,9938187.00
20131115,1.71,1.75,1.71,1.73,3724765,15509882.00
20131118,1.73,1.77,1.72,1.77,3701295,15576685.00
20131119,1.77,1.77,1.75,1.76,2946331,12421777.00
20131120,1.76,1.90,1.76,1.88,12888123,56727728.00
20131121,1.86,1.89,1.83,1.86,6732540,29870454.00
20131122,1.86,1.87,1.82,1.83,3212453,14180674.00
20131125,1.94,2.01,1.87,1.87,8206825,37377688.00
20131126,1.84,1.87,1.81,1.84,4315540,19006022.00
20131127,1.84,1.88,1.83,1.87,3769164,16811872.00
20131128,1.87,1.90,1.86,1.87,4482919,20147844.00
20131129,1.87,1.89,1.85,1.88,3960673,17762244.00
20131202,1.84,1.84,1.69,1.70,6884768,28924254.00
20131203,1.67,1.74,1.67,1.74,3159122,12939327.00
20131204,1.73,1.78,1.72,1.74,3244880,13665000.00
20131205,1.74,1.77,1.73,1.75,2797614,11726460.00
20131206,1.74,1.79,1.74,1.77,1956791,8292811.00
20131209,1.77,1.80,1.76,1.79,1766964,7557289.50
20131210,1.83,1.90,1.78,1.85,7282160,32274828.00
20131211,1.83,1.85,1.79,1.81,4132307,17992378.00
20131212,1.80,1.86,1.79,1.83,3489055,15370128.00
20131213,1.84,1.87,1.83,1.86,3082977,13673897.00
20131216,1.86,2.03,1.86,1.91,13159908,61100752.00
20131217,1.88,1.99,1.84,1.95,11871223,54420724.00
20131218,1.92,2.02,1.91,1.95,9338618,44058404.00
20131219,1.95,1.98,1.87,1.87,6341822,29124218.00
20131220,1.86,1.90,1.84,1.87,3726911,16653181.00
20131223,1.87,1.87,1.73,1.79,4533298,19505390.00
20131224,1.79,1.82,1.77,1.80,2707448,11637671.00
20131225,1.80,1.98,1.77,1.98,14986468,69367720.00
20131226,2.00,2.17,1.96,2.03,34432435,170373760.00
20131227,2.00,2.23,1.98,2.23,46523664,241691664.00
20131230,2.21,2.45,2.19,2.45,53272411,297372000.00
20131231,2.46,2.49,2.25,2.32,45685024,256497760.00
20140102,2.30,2.55,2.27,2.55,28765853,167772464.00
20140103,2.69,2.81,2.64,2.79,69838347,458455648.00
20140106,2.68,2.71,2.54,2.63,38620810,242953488.00
20140107,2.59,2.74,2.45,2.64,38128172,238145728.00
20140108,2.59,2.72,2.58,2.61,32498778,205299728.00
20140109,2.58,2.63,2.37,2.39,31961336,191621056.00
20140110,2.37,2.46,2.35,2.42,23384486,134237712.00
20140113,2.45,2.49,2.39,2.43,17076592,99738280.00
20140114,2.45,2.68,2.45,2.68,40710707,252549504.00
20140115,2.68,2.87,2.66,2.76,46537089,306291904.00
20140116,2.73,3.04,2.70,2.93,49470783,346558144.00
20140117,2.87,2.95,2.79,2.86,32611854,222973040.00
20140120,2.82,2.92,2.71,2.76,24786114,165582144.00
20140121,2.73,2.99,2.70,2.96,32340794,220199616.00
20140122,2.90,3.12,2.84,2.94,36849336,260164640.00
20140123,2.92,3.00,2.86,2.96,24622103,172170624.00
20140124,2.90,2.93,2.84,2.85,21527896,148110880.00
20140127,2.80,2.90,2.72,2.84,18597605,125494816.00
20140128,2.82,2.91,2.75,2.90,18802543,127694264.00
20140129,2.87,2.90,2.79,2.81,14077039,95179392.00
20140130,2.80,2.84,2.63,2.66,12765945,83485264.00
20140207,2.61,2.75,2.60,2.73,9185817,59424984.00
20140210,2.73,2.82,2.70,2.80,13899828,92111992.00
20140211,2.82,3.01,2.77,2.89,26235893,182195744.00
20140212,2.87,2.95,2.81,2.92,18887434,129684832.00
20140213,2.93,2.94,2.74,2.74,16722935,113215568.00
20140214,2.73,2.78,2.68,2.76,10699868,70115136.00
20140217,2.77,2.95,2.74,2.94,21157166,144657408.00
20140218,2.93,2.94,2.84,2.89,17271605,119129888.00
20140219,2.89,3.18,2.85,3.03,31510858,228432240.00
20140220,3.00,3.05,2.89,2.91,19620347,138702560.00
20140221,2.87,2.93,2.82,2.85,9877664,67776920.00
20140224,2.82,2.91,2.80,2.89,8000118,54804676.00
20140225,2.89,3.01,2.60,2.64,18091808,123388864.00
20140226,2.59,2.62,2.39,2.61,13441118,81386648.00
20140227,2.61,2.66,2.48,2.49,11097496,68200376.00
20140228,2.50,2.52,2.42,2.52,8684460,51376124.00
20140303,2.50,2.55,2.50,2.55,7279799,44012936.00
20140304,2.53,2.54,2.45,2.52,7972255,47654024.00
20140305,2.52,2.58,2.51,2.51,7264566,44242900.00
20140306,2.52,2.55,2.48,2.55,6091575,36797940.00
20140307,2.59,2.72,2.58,2.60,14680117,92867824.00
20140310,2.55,2.65,2.49,2.60,12244899,75640472.00
20140311,2.56,2.61,2.44,2.53,6610707,40182048.00
20140312,2.52,2.55,2.46,2.49,5602176,33480200.00
20140313,2.50,2.53,2.47,2.52,3644553,21823882.00
20140314,2.52,2.52,2.35,2.38,9847275,57057072.00
20140317,2.34,2.49,2.34,2.41,24913104,142239616.00
20140318,2.38,2.42,2.37,2.38,11558962,66043996.00
20140319,2.37,2.40,2.36,2.40,7371871,42013900.00
20140320,2.40,2.40,2.26,2.26,10213576,57136292.00
20140321,2.28,2.32,2.21,2.32,7413249,40159792.00
20140324,2.32,2.32,2.27,2.29,6178218,33860456.00
20140325,2.27,2.32,2.26,2.32,5536694,30466874.00
20140326,2.31,2.37,2.31,2.33,6511760,36436936.00
20140327,2.32,2.32,2.24,2.24,7029544,38244544.00
20140328,2.24,2.26,2.11,2.13,7366748,38307636.00
20140331,2.14,2.15,2.10,2.14,3765780,19185160.00
20140401,2.14,2.19,2.13,2.18,3734922,19375724.00
20140402,2.19,2.22,2.15,2.16,4288520,22385570.00
20140403,2.15,2.21,2.14,2.16,4209646,21874342.00
20140404,2.14,2.19,2.14,2.18,4285614,22221346.00
20140408,2.16,2.22,2.15,2.21,5146815,26994132.00
20140409,2.21,2.31,2.21,2.29,10139353,55096804.00
20140410,2.27,2.29,2.26,2.26,6921031,37629232.00
20140411,2.25,2.25,2.20,2.21,4653739,24725582.00
20140414,2.22,2.25,2.21,2.24,3750225,20082626.00
20140415,2.24,2.32,2.23,2.29,8811890,48218548.00
20140416,2.27,2.29,2.25,2.28,4310917,23384626.00
20140417,2.29,2.29,2.26,2.27,3653230,19917920.00
20140418,2.28,2.34,2.26,2.31,7490782,41301916.00
20140421,2.28,2.29,2.20,2.21,5707030,30784308.00
20140422,2.22,2.24,2.13,2.17,4985485,25905236.00
20140423,2.17,2.19,2.14,2.16,2692897,13909619.00
20140424,2.16,2.18,2.14,2.16,2230285,11528655.00
20140425,2.16,2.23,2.13,2.15,5144565,26952890.00
20140428,2.10,2.10,1.99,2.00,5038386,24560642.00
20140429,2.03,2.04,1.96,2.03,2948645,14185199.00
20140430,2.03,2.06,2.02,2.05,2323734,11371448.00
20140505,2.04,2.15,2.03,2.13,4614828,23265676.00
20140506,2.12,2.18,2.11,2.14,4326391,22230530.00
20140507,2.14,2.15,2.10,2.11,3050736,15513578.00
20140508,2.11,2.16,2.07,2.15,3055696,15638381.00
20140509,2.12,2.14,2.10,2.11,2109567,10653873.00
20140512,2.11,2.16,2.11,2.15,2665209,13613806.00
20140513,2.14,2.16,2.12,2.14,2504897,12839911.00
20140514,2.15,2.16,2.13,2.14,1252708,6420358.00
20140515,2.15,2.15,2.06,2.06,2587214,13034042.00
20140516,2.06,2.08,2.02,2.06,2128634,10469553.00
20140519,2.08,2.11,2.05,2.09,1716531,8537489.00
20140520,2.09,2.14,2.09,2.12,2413327,12276315.00
20140521,2.13,2.14,2.08,2.14,1940858,9834828.00
20140522,2.14,2.17,2.13,2.14,3278597,16893852.00
20140523,2.13,2.16,2.11,2.16,2803136,14314571.00
20140526,2.16,2.23,2.15,2.23,7271303,38321120.00
20140527,2.23,2.24,2.19,2.21,4823942,25519340.00
20140528,2.21,2.28,2.21,2.27,6854555,36897772.00
20140529,2.28,2.28,2.19,2.20,4941531,26402204.00
20140530,2.20,2.26,2.20,2.24,4107561,21977850.00
20140603,2.24,2.32,2.24,2.25,6658737,36374456.00
20140604,2.26,2.32,2.24,2.31,7622959,41678428.00
20140605,2.30,2.53,2.29,2.48,20036637,116604224.00
20140606,2.45,2.60,2.42,2.53,24634418,148331920.00
20140904,2.79,2.79,2.79,2.79,1508180,10059561.00
20140905,3.07,3.07,3.07,3.07,399183,2930003.25
20140909,3.38,3.38,3.11,3.23,47086890,366806752.00
20140910,3.18,3.31,3.13,3.20,23942295,184184560.00
20140911,3.14,3.24,3.11,3.12,19317304,145758528.00
20140912,3.11,3.16,3.02,3.08,18334117,134732688.00
20140915,3.08,3.22,3.08,3.21,21764995,164834656.00
20140916,3.21,3.34,3.08,3.11,26734797,206772464.00
20140917,3.10,3.19,2.98,3.14,16602755,121952824.00
20140918,3.18,3.45,3.16,3.24,33780953,267322496.00
20140919,3.18,3.23,3.12,3.17,15223041,115313576.00
20140922,3.15,3.15,3.04,3.08,10681830,78636184.00
20140923,3.06,3.18,3.05,3.11,11928137,88896224.00
20140924,3.10,3.18,3.07,3.13,9737005,72750176.00
20140925,3.14,3.24,3.11,3.14,14196542,107683112.00
20140926,3.12,3.19,3.10,3.14,7049189,53077700.00
20140929,3.25,3.29,3.18,3.19,15720103,120917128.00
20140930,3.18,3.40,3.17,3.28,24109278,190049440.00
20141008,3.33,3.56,3.29,3.43,22795659,186904528.00
20141009,3.46,3.48,3.31,3.40,16665485,135034992.00
20141010,3.40,3.44,3.34,3.36,11935601,96538264.00
20141013,3.31,3.50,3.22,3.43,14331750,114208792.00
20141014,3.42,3.55,3.39,3.47,19645320,163138544.00
20141015,3.43,3.60,3.42,3.50,29768680,248605536.00
20141016,3.47,3.53,3.29,3.29,28508455,231358880.00
20141017,3.26,3.33,3.14,3.21,11699727,90072968.00
20141020,3.22,3.37,3.18,3.30,8638173,67757000.00
20141021,3.28,3.36,3.24,3.27,8477102,66656624.00
20141022,3.27,3.39,3.25,3.29,14210407,113002368.00
20141023,3.26,3.38,3.19,3.20,13427162,105312888.00
20141024,3.22,3.26,3.06,3.09,12717296,95827696.00
20141027,3.10,3.12,3.05,3.10,8187470,60389252.00
20141028,3.11,3.21,3.10,3.20,7323231,55473600.00
20141029,3.22,3.38,3.21,3.35,21560210,170720048.00
20141030,3.37,3.37,3.30,3.34,13174001,105234216.00
20141031,3.34,3.37,3.26,3.28,7528509,59397708.00
20141103,3.29,3.43,3.28,3.39,13424759,108098144.00
20141104,3.39,3.47,3.31,3.34,16142029,131029584.00
20141105,3.31,3.34,3.26,3.29,8056046,63289624.00
20141106,3.29,3.34,3.24,3.33,8140752,64208184.00
20141107,3.34,3.40,3.26,3.28,9768817,77997136.00
20141110,3.28,3.31,3.19,3.25,7045106,54408192.00
20141111,3.21,3.29,3.01,3.07,13863684,103883976.00
20141112,3.07,3.11,3.05,3.11,4655305,34273452.00
20141113,3.11,3.11,2.91,2.96,8675625,61850156.00
20141114,2.95,2.96,2.89,2.95,5123062,35843060.00
20141117,2.94,3.08,2.91,3.03,6269183,45342828.00
20141118,3.03,3.07,3.01,3.05,3622382,26357014.00
20141119,3.06,3.18,3.06,3.14,7993569,59917580.00
20141120,3.13,3.18,3.08,3.11,4211413,31426158.00
20141121,3.11,3.15,3.10,3.12,4772025,35657352.00
20141124,3.18,3.18,3.12,3.15,5177023,38918872.00
20141125,3.16,3.29,3.13,3.28,11030073,85454384.00
20141126,3.30,3.34,3.19,3.22,8317738,64505804.00
20141127,3.26,3.37,3.24,3.34,13299228,105279152.00
20141128,3.34,3.42,3.29,3.39,20427489,164965072.00
20141201,3.39,3.39,3.22,3.24,13832199,108166776.00
20141202,3.24,3.35,3.22,3.34,9802280,77228960.00
20141203,3.34,3.36,3.22,3.32,12991366,101976120.00
20141212,3.34,3.34,3.07,3.16,16927277,128207496.00
20141215,3.15,3.25,3.12,3.22,9684808,74084392.00
20141216,3.23,3.30,3.22,3.23,10868088,84514472.00
20141217,3.20,3.21,3.10,3.12,10179066,76274752.00
20141218,3.10,3.15,3.07,3.09,6207112,45951716.00
20141219,3.08,3.10,2.93,2.97,11578561,82463312.00
20141222,2.97,2.97,2.67,2.77,12149693,80891816.00
20141223,2.84,2.92,2.78,2.81,7081766,48440896.00
20141224,2.83,2.87,2.82,2.86,3598469,24503820.00
20141225,2.91,2.92,2.84,2.87,3408120,23367166.00
20141226,2.85,2.88,2.79,2.83,5161640,34782180.00
20141229,2.82,2.82,2.71,2.73,5516570,36151092.00
20141230,2.83,3.00,2.83,2.90,16091335,112700672.00
20141231,2.84,2.85,2.76,2.84,6468633,43514824.00
20150105,2.83,2.91,2.82,2.89,5470009,37496292.00
20150106,2.85,3.00,2.84,2.98,8308156,58430404.00
20150107,3.02,3.02,2.93,2.97,4764397,33691900.00
20150108,2.96,2.97,2.92,2.92,5053501,35565676.00
20150109,2.92,2.96,2.88,2.88,4382783,30503872.00
20150112,2.87,2.88,2.80,2.83,4233075,28643730.00
20150113,2.83,2.90,2.83,2.88,2905487,19839120.00
20150114,2.92,2.99,2.89,2.92,6056017,42623932.00
20150115,2.93,2.95,2.88,2.91,3634652,25297916.00
20150116,2.92,2.96,2.91,2.92,4055314,28390762.00
20150119,2.90,3.00,2.84,2.90,7993204,55951620.00
20150120,2.96,3.05,2.93,3.04,9916418,71075952.00
20150121,3.03,3.08,3.01,3.06,10071671,73471680.00
20150122,3.05,3.08,3.03,3.07,8111934,59197124.00
20150123,3.08,3.17,3.08,3.11,10963393,81931024.00
20150126,3.11,3.18,3.11,3.16,7379296,55562288.00
20150127,3.16,3.17,3.07,3.12,6742637,50294740.00
20150128,3.12,3.16,3.10,3.11,4420125,33017718.00
20150129,3.10,3.13,3.07,3.08,4324411,31933612.00
20150130,3.08,3.13,3.05,3.07,4054008,29831138.00
20150202,3.03,3.12,3.01,3.08,4189716,30749724.00
20150203,3.09,3.14,3.09,3.13,4602067,34351780.00
20150204,3.13,3.20,3.13,3.15,6803687,51459808.00
20150205,3.16,3.21,3.13,3.16,7658341,57955920.00
20150206,3.17,3.26,3.15,3.15,9794349,75157176.00
20150209,3.14,3.14,3.00,3.01,5289470,38719992.00
20150210,3.01,3.06,3.00,3.05,3517912,25455702.00
20150211,3.06,3.10,3.05,3.07,2809025,20666124.00
20150212,3.08,3.16,3.08,3.16,5020052,37475604.00
20150213,3.16,3.42,3.15,3.32,14363641,114288840.00
20150216,3.39,3.52,3.37,3.50,12969868,107598840.00
20150217,3.52,3.55,3.40,3.46,8982883,74017272.00
20150428,3.81,3.81,3.81,3.81,117229,1065611.63
20150429,4.19,4.19,4.19,4.19,115640,1156400.00
20150430,4.61,4.61,4.61,4.61,86793,954723.00
20150504,5.07,5.07,5.07,5.07,6238168,75481832.00
20150505,5.45,5.58,5.17,5.58,44708760,573804352.00
20150506,5.69,5.99,5.34,5.59,58949044,801750592.00
20150507,5.24,5.36,5.04,5.04,27594364,340326368.00
20150508,5.01,5.16,4.91,5.09,30798627,370875200.00
20150511,5.11,5.59,5.05,5.59,23474467,300099456.00
20150512,5.85,6.16,5.72,6.13,44951641,642199040.00
20150513,5.83,6.37,5.52,5.99,34796394,507784928.00
20150514,5.99,6.59,5.91,6.59,36045302,551333568.00
20150515,6.83,7.25,6.58,7.25,42646149,700403392.00
20150518,7.61,7.98,7.55,7.98,18651358,351424480.00
20150519,8.78,8.78,8.09,8.78,42250434,860976448.00
20150520,9.35,9.65,8.93,9.65,21959868,496088800.00
20150521,10.09,10.62,10.07,10.62,12833972,321053440.00
20150522,11.68,11.68,9.90,10.20,67361436,1769037952.00
20150525,9.52,10.65,9.18,9.99,40815834,954681152.00
20150526,9.83,10.99,9.80,10.99,32893859,828617408.00
20150527,11.62,11.67,10.57,10.91,35706317,958841536.00
20150528,10.49,10.68,9.82,9.82,36274072,884645312.00
20150529,9.36,10.07,8.89,9.40,30884043,685279104.00
20150601,9.29,9.89,9.15,9.68,28298868,642985152.00
20150602,9.44,9.86,9.21,9.84,29137934,663992768.00
20150603,9.76,10.74,9.68,10.33,33053969,813030016.00
20150604,9.81,10.19,9.29,9.45,26787740,613202688.00
20150605,9.54,9.78,8.84,9.22,25961425,574294528.00
20150608,9.23,9.23,8.39,8.57,21654528,449552192.00
20150609,8.50,9.23,8.22,8.98,20288599,430034656.00
20150610,8.94,9.46,8.71,9.25,18554952,408097632.00
20150611,9.18,9.35,8.93,9.02,13343846,288420480.00
20150612,9.08,9.44,8.89,9.32,18066766,395542592.00
20150615,9.21,9.23,8.73,8.76,14868822,317273088.00
20150616,8.52,8.60,7.97,8.05,15377952,302151168.00
20150617,7.97,8.26,7.58,8.26,13431098,256120640.00
20150618,8.26,8.56,7.98,8.05,11695049,233051760.00
20150619,7.97,7.97,7.25,7.25,10057650,182378864.00
20150623,7.20,7.70,6.80,7.66,14513532,252256832.00
20150624,7.81,8.09,7.66,7.93,13380839,251991984.00
20150625,8.01,8.11,7.34,7.51,11795426,221781872.00
20150626,7.13,7.34,6.76,6.76,15774581,261840528.00
20150629,7.13,7.13,6.08,6.12,15041766,231820640.00
20150630,5.96,6.71,5.51,6.67,17330739,253771968.00
20150701,6.62,6.95,6.01,6.19,16429782,260825856.00
20150702,6.27,6.33,5.57,5.57,14671348,206600752.00
20150703,5.45,5.85,5.01,5.03,16920658,211542912.00
20150706,5.53,5.53,4.52,4.55,17144580,201337616.00
20150707,4.31,4.38,4.10,4.10,6977455,68922832.00
20150715,4.51,4.51,4.51,4.51,1167749,12553302.00
20150716,4.51,4.96,4.06,4.96,37241976,423093472.00
20150717,4.93,5.46,4.93,5.46,29245289,363612000.00
20150720,5.45,6.00,5.40,5.92,30249939,416415168.00
20150721,5.87,6.17,5.63,5.83,31174180,443870816.00
20150722,5.70,6.33,5.61,6.23,26211933,370900896.00
20150723,6.12,6.58,5.98,6.35,21536496,323620384.00
20150724,6.39,6.46,6.04,6.11,22758386,341414048.00
20150727,5.79,6.13,5.50,5.50,18057326,250299712.00
20150728,4.98,5.51,4.95,5.06,18656918,227133296.00
20150729,5.20,5.49,4.85,5.45,13652896,167759584.00
20150730,5.40,5.75,5.28,5.30,17874790,237036976.00
20150731,5.17,5.83,5.17,5.83,26991063,368170240.00
20150803,5.83,5.85,5.25,5.33,26853528,357393824.00
20150804,5.20,5.86,5.20,5.86,23819738,326198784.00
20150805,6.45,6.45,6.23,6.44,52914829,809978304.00
20150806,6.13,6.34,5.87,6.17,38242308,560554496.00
20150807,6.30,6.62,6.14,6.40,34216131,520962944.00
20150810,6.42,6.95,6.30,6.71,33700725,527390208.00
20150811,6.54,6.69,6.38,6.42,27877653,434054624.00
20150812,6.21,6.88,6.17,6.43,27750572,434564288.00
20150813,6.71,7.07,6.61,7.07,31109196,511899104.00
20150814,7.68,7.70,6.92,7.05,50812175,874274880.00
20150817,6.94,7.24,6.88,7.05,24149607,406909792.00
20150818,6.94,7.68,6.40,6.65,41559174,708784512.00
20150819,6.29,7.13,5.99,7.06,31803921,497421312.00
20150820,6.88,6.95,6.35,6.35,23003786,368021664.00
20150821,6.23,6.49,5.87,5.96,18038601,266246096.00
20150824,5.54,5.66,5.36,5.36,11159197,143793568.00
20150825,4.82,4.95,4.82,4.82,9314023,107456680.00
20150826,4.89,5.07,4.36,4.46,16883712,190721776.00
20150827,4.69,4.91,4.48,4.91,16166585,179592448.00
20150828,5.03,5.40,5.03,5.40,17067876,211409504.00
20150831,5.34,5.34,5.04,5.07,11769560,145035296.00
20150901,5.07,5.08,4.56,4.56,11334218,127461352.00
20150902,4.21,4.91,4.10,4.22,13828574,144282352.00
20150907,4.39,4.58,4.23,4.39,8879185,93631096.00
20150908,4.35,4.82,4.28,4.80,8508253,91837352.00
20150909,4.87,5.11,4.87,5.07,12570362,149959888.00
20150910,4.91,5.07,4.83,4.86,8243760,97408656.00
20150911,4.82,5.09,4.82,4.95,7994001,94363336.00
20150914,4.97,5.03,4.45,4.45,9702196,107250616.00
20150915,4.29,4.40,4.01,4.01,8471242,83472552.00
20150916,4.23,4.41,4.10,4.41,9757816,98677696.00
20150917,4.36,4.85,4.36,4.64,18354935,203420624.00
20150918,4.64,4.75,4.45,4.67,13417412,146800144.00
20150921,4.53,4.88,4.49,4.84,11177162,126312560.00
20150922,4.88,5.02,4.74,4.83,12854016,149763008.00
20150923,4.72,4.88,4.66,4.74,9219757,104553584.00
20150924,4.69,5.01,4.69,4.88,10637030,123727744.00
20150925,4.78,4.86,4.39,4.53,11440905,125418760.00
20150928,4.62,4.76,4.55,4.74,7846872,87642744.00
20150929,4.57,4.73,4.48,4.61,6516360,71297592.00
20150930,4.95,5.07,4.95,5.07,7304210,88255432.00
20151008,5.58,5.58,5.41,5.58,33511813,444702432.00
20151009,5.58,6.02,5.52,5.84,37031313,505734016.00
20151012,5.77,6.28,5.72,6.01,34542685,491066528.00
20151013,5.83,6.16,5.83,6.04,23612414,335693728.00
20151014,5.87,6.52,5.78,6.25,30091022,439268192.00
20151015,6.12,6.44,6.08,6.34,24270637,363091104.00
20151016,6.32,6.65,6.23,6.44,26035149,397483488.00
20151019,6.44,6.48,6.14,6.23,20572312,308540160.00
20151020,6.41,6.85,6.38,6.52,33395505,531067904.00
20151021,6.31,6.42,5.87,5.87,31045297,453834304.00
20151022,5.73,6.19,5.73,6.14,20700870,297733216.00
20151023,6.13,6.63,6.13,6.43,26368199,400628416.00
20151026,6.65,6.99,6.44,6.80,32783354,526049344.00
20151027,6.64,6.72,6.29,6.64,22002396,341593472.00
20151028,6.54,6.94,6.48,6.65,29150797,468049248.00
20151029,6.75,6.84,6.46,6.56,18999879,300371264.00
20151030,6.50,6.51,6.21,6.29,16855852,255723584.00
20151102,6.06,6.35,5.88,5.96,12471171,182010368.00
20151103,6.09,6.12,5.84,5.91,8445312,119877032.00
20151104,5.91,6.37,5.91,6.37,13353917,197464304.00
20151105,6.35,6.43,6.22,6.25,12714671,191181088.00
20151106,6.26,6.63,6.26,6.43,13191038,203564416.00
20151109,6.30,6.70,6.17,6.63,20222103,312523200.00
20151110,6.54,6.83,6.48,6.59,16952317,268736000.00
20151111,6.71,6.82,6.55,6.79,20139737,322210560.00
20151112,6.86,6.88,6.51,6.59,17756885,280948288.00
20151113,6.46,6.51,6.26,6.38,12782720,194915232.00
20151116,6.25,7.01,6.21,7.01,15044785,243783696.00
20151117,7.71,7.71,7.71,7.71,19813724,364374400.00
20151118,7.76,8.45,7.71,8.17,76623783,1455579776.00
20151119,8.03,8.99,7.89,8.99,78655467,1596958848.00
20151120,8.81,8.93,8.39,8.76,63952322,1321047808.00
20151123,8.62,8.80,8.18,8.21,44269163,896752704.00
20151124,8.42,8.47,8.13,8.31,27767487,549114240.00
20151125,8.21,8.77,8.10,8.57,35182767,709776448.00
20151126,8.43,8.52,8.09,8.17,29982800,589854976.00
20151127,8.18,8.31,7.35,7.45,24890617,467317440.00
20151130,7.37,7.61,6.89,7.53,21673898,378616320.00
20151201,7.49,7.59,7.13,7.34,17905449,315347488.00
20151202,7.34,7.38,6.75,7.30,14370920,243444112.00
20151203,7.44,7.60,7.35,7.57,16570008,295986080.00
20151204,7.60,7.74,7.36,7.45,15679981,282684000.00
20151207,7.37,7.74,7.22,7.72,16498591,295759200.00
20151208,7.73,8.07,7.63,7.84,28421192,536388352.00
20151209,7.70,7.70,7.51,7.56,13587005,245960800.00
20151210,7.55,7.77,7.52,7.56,10427012,189848080.00
20151211,7.63,7.74,7.50,7.63,11200695,203937120.00
20151214,7.71,8.18,7.55,8.17,22775722,432755712.00
20151215,8.31,8.37,7.97,8.07,17163404,332145856.00
20151216,8.02,8.29,8.02,8.14,16956633,329845536.00
20151217,8.14,8.58,8.14,8.54,26932821,538887232.00
20151218,8.62,8.64,8.26,8.30,21029223,421216672.00
20151221,8.29,8.43,8.05,8.42,14158849,276409376.00
20151222,8.48,9.18,8.48,8.93,30087299,634950912.00
20151223,9.07,9.64,8.87,9.11,30830202,684831104.00
20151231,9.11,9.48,8.39,8.40,24577898,509742656.00
20160104,8.47,8.47,7.56,7.57,14023451,263597184.00
20160105,6.93,7.97,6.93,7.97,21221470,382204160.00
20160106,8.07,8.16,7.79,8.01,15759315,298915520.00
20160107,7.80,7.80,7.21,7.21,3596140,63615068.00
20160108,7.55,7.55,6.51,7.17,12299085,208110880.00
20160111,7.04,7.04,6.46,6.46,13642915,215699232.00
20160112,6.48,6.60,5.83,6.29,13245846,195427200.00
20160113,6.21,6.37,5.66,5.66,13338465,188791904.00
20160114,5.38,6.09,5.37,6.00,12444073,172642080.00
20160115,5.87,6.27,5.75,5.90,13135877,188977824.00
20160118,5.75,6.39,5.68,6.22,15370137,226278432.00
20160119,6.14,6.43,6.04,6.40,15714099,233303168.00
20160120,6.30,6.48,6.17,6.26,10363451,155486752.00
20160121,6.17,6.39,5.79,5.92,11280710,166075296.00
20160122,5.98,6.11,5.71,6.08,8398669,118741880.00
20160125,6.12,6.19,5.99,6.19,6009943,87599704.00
20160126,6.09,6.17,5.57,5.57,8447157,119190848.00
20160127,5.70,5.78,5.14,5.75,8686588,113251688.00
20160128,5.66,5.66,5.17,5.24,7664697,98712576.00
20160129,5.21,5.54,5.05,5.45,6547694,83942456.00
20160201,5.46,5.52,5.16,5.41,5131256,66195464.00
20160202,5.47,5.85,5.47,5.78,7735523,105166496.00
20160203,5.66,5.97,5.62,5.96,8026191,111190312.00
20160204,5.96,6.12,5.91,6.04,8693804,125439256.00
20160205,6.09,6.20,5.91,5.94,5803878,83783704.00
20160215,5.66,5.95,5.64,5.89,4110990,56667436.00
20160216,6.09,6.20,6.00,6.14,7096865,103326584.00
20160217,6.05,6.42,6.05,6.26,10019180,149305632.00
20160218,6.28,6.43,6.12,6.28,11395897,170313792.00
20160219,6.25,6.33,6.16,6.28,8745265,130427608.00
20160222,6.39,6.74,6.32,6.61,13320179,206859120.00
20160510,5.95,5.95,5.95,5.95,634700,9000046.00
20160511,5.35,5.62,5.35,5.35,27796016,357354976.00
20160512,5.07,5.07,4.81,4.81,20345007,235920048.00
20160513,4.84,5.30,4.84,5.30,27629619,343390944.00
20160516,5.23,5.54,5.14,5.40,24957260,316028736.00
20160517,5.37,5.38,5.22,5.26,15827771,199625936.00
20160518,5.26,5.44,5.04,5.28,14754541,187040816.00
20160519,5.24,5.41,5.16,5.28,12011118,151432816.00
20160520,5.21,5.37,5.12,5.36,10265706,129468928.00
20160523,5.41,5.64,5.38,5.46,11975933,156203696.00
20160524,5.51,5.52,5.31,5.38,9051446,116132416.00
20160525,5.42,5.61,5.33,5.44,12243550,159096224.00
20160526,5.37,5.45,5.19,5.41,8361059,106100984.00
20160527,5.35,5.49,5.33,5.37,7689733,98970408.00
20160530,5.34,5.39,5.25,5.29,4771531,60416720.00
20160531,5.29,5.58,5.29,5.55,12423754,162835312.00
20160601,5.62,6.11,5.62,6.11,13455322,191924368.00
20160602,6.26,6.37,6.16,6.34,21193355,316977312.00
20160603,6.30,6.63,6.23,6.40,15382695,234092864.00
20160606,6.43,6.84,6.41,6.60,20932583,329743744.00
20160607,6.72,6.89,6.59,6.87,24600999,394773952.00
20160608,6.74,6.80,6.60,6.68,14735326,235888240.00
20160613,6.59,6.63,6.19,6.19,12096726,185364528.00
20160614,6.11,6.36,6.11,6.31,8320668,124317152.00
20160615,6.20,6.88,6.18,6.67,13530639,211782976.00
20160616,6.68,6.69,6.49,6.49,10841598,169599280.00
20160617,6.50,6.75,6.33,6.39,9314694,144847520.00
20160620,6.50,6.57,6.31,6.51,6936312,106866288.00
20160621,6.61,6.85,6.40,6.47,13662514,216918272.00
20160622,6.40,7.12,6.37,7.12,42780621,709847360.00
20160623,7.21,7.83,7.14,7.58,55624728,994108224.00
20160624,7.38,7.92,7.14,7.67,47089068,844508160.00
20160627,7.55,8.44,7.52,8.44,37933540,716535360.00
20160628,8.32,8.40,7.91,8.08,49431897,953834560.00
20160629,8.05,8.16,7.86,8.03,26080896,496656320.00
20160630,7.98,8.09,7.73,7.91,22381636,419968480.00
20160701,7.88,7.96,7.74,7.78,13927632,260181696.00
20160704,7.78,7.93,7.77,7.83,15413254,288802720.00
20160705,7.89,8.01,7.79,8.01,20279632,381921504.00
20160706,7.93,8.16,7.85,7.96,21757586,414623232.00
20160707,7.90,7.96,7.56,7.65,19281449,353030080.00
20160708,7.59,7.73,7.57,7.66,7693852,140612384.00
20160711,7.69,7.74,7.43,7.47,12028450,217837472.00
20160712,7.52,7.62,7.36,7.60,10518525,187347040.00
20160713,7.73,7.78,7.62,7.65,10287369,188690800.00
20160714,7.68,7.76,7.60,7.72,6929815,126868728.00
20160715,7.64,7.74,7.59,7.59,5834299,106296856.00
20160718,7.59,7.69,7.56,7.61,5345045,97163896.00
20160719,7.61,7.89,7.55,7.88,12156726,223947952.00
20160720,7.84,7.92,7.73,7.73,8084464,150342272.00
20160721,7.71,7.77,7.64,7.65,5553588,101660264.00
20160722,7.62,7.73,7.47,7.48,7341220,132709168.00
20160725,7.46,7.46,7.15,7.21,8741717,151151456.00
20160726,7.24,7.33,7.19,7.28,5194924,89832232.00
20160727,7.28,7.34,6.72,6.76,10109275,168134048.00
20160728,6.83,6.87,6.65,6.82,6893093,111111144.00
20160729,6.81,6.89,6.75,6.83,3778906,61432408.00
20160801,6.82,6.92,6.65,6.86,4924597,79323864.00
20160802,6.87,7.22,6.84,7.06,8707207,146406688.00
20160803,7.05,7.09,6.92,7.00,6094298,101376016.00
20160804,7.00,7.03,6.89,7.01,4499704,74827312.00
20160805,6.99,7.03,6.86,6.86,4953190,81838544.00
20160808,6.79,6.89,6.72,6.88,3594862,58206052.00
20160809,6.90,7.13,6.88,7.12,7096913,119041688.00
20160810,7.13,7.18,6.99,7.03,6110172,103085840.00
20160811,6.98,7.05,6.80,6.83,4556500,75183768.00
20160812,6.79,6.96,6.79,6.90,2990479,49055604.00
20160815,6.89,7.35,6.85,7.18,9101258,154918112.00
20160816,7.21,7.35,7.14,7.28,7713564,133286400.00
20160817,7.22,7.52,7.21,7.42,10608286,186795392.00
20160818,7.36,7.46,7.33,7.36,7157107,125768072.00
20160819,7.35,7.75,7.35,7.67,16685974,302111968.00
20160822,7.65,7.93,7.48,7.52,15894561,292107104.00
20160823,7.44,7.70,7.44,7.52,6831472,122862152.00
20160824,7.57,7.69,7.43,7.60,8084362,146255104.00
20160825,7.44,7.73,7.38,7.73,9921928,178264048.00
20160826,7.70,7.80,7.54,7.56,9352798,170365584.00
20160829,7.51,7.71,7.47,7.68,9871923,179789744.00
20160830,7.81,7.81,7.57,7.68,8839170,161515456.00
20160831,7.67,7.67,7.40,7.46,6137756,109575336.00
20160901,7.52,7.52,7.35,7.35,4731139,83565264.00
20160902,7.31,7.40,7.16,7.20,4895221,84713464.00
20160905,7.21,7.33,7.21,7.24,2605072,45096148.00
20160906,7.25,7.36,7.15,7.36,3613273,62672476.00
20160907,7.36,7.68,7.36,7.66,9929812,178550400.00
20160908,7.64,7.87,7.62,7.69,11818335,217206400.00
20160909,7.66,7.84,7.54,7.70,11792718,217237472.00
20160912,7.43,7.80,7.42,7.64,10279590,187093552.00
20160913,7.64,8.04,7.57,7.99,18440463,344751872.00
20160914,7.90,8.01,7.65,7.78,11385656,211987840.00
20160919,7.73,7.87,7.69,7.79,5569337,103255848.00
20160920,7.79,7.98,7.67,7.90,8415491,156523888.00
20160921,7.86,7.98,7.80,7.97,9789381,184218480.00
20160922,7.95,7.97,7.77,7.80,10151841,190311408.00
20160923,7.80,8.18,7.64,8.08,15907691,301818048.00
20160926,8.04,8.17,7.97,8.03,12990114,249711488.00
20160927,8.05,8.10,7.59,7.72,11713807,216804032.00
20160928,7.93,8.05,7.20,7.32,33300630,257178720.00
20160929,7.16,7.43,7.09,7.16,23388158,169104000.00
20160930,7.17,7.55,7.11,7.39,15864289,117607232.00
20161010,7.41,7.70,7.41,7.60,14936251,113138656.00
20161011,7.80,7.95,7.65,7.73,28177466,220199264.00
20161012,7.60,7.76,7.53,7.65,17396579,132554600.00
20161013,7.71,7.74,7.56,7.61,12833684,98046472.00
20161014,7.55,7.61,7.40,7.49,13826101,103581920.00
20161017,7.57,7.65,7.42,7.53,10865411,81916544.00
20161018,7.60,7.63,7.48,7.62,10752655,81396240.00
20161019,7.62,8.30,7.57,8.12,33635229,265378432.00
20161020,8.01,8.24,7.98,8.05,35851279,290909696.00
20161021,8.00,8.08,7.74,7.87,20488947,161460752.00
20161024,7.90,8.08,7.85,7.87,15358033,122007736.00
20161025,7.95,7.97,7.85,7.91,11698604,92491920.00
20161026,7.91,7.94,7.77,7.82,12256698,95836936.00
20161027,7.82,8.16,7.82,8.09,26404000,211362448.00
20161028,8.15,8.16,7.98,7.99,21614941,174640528.00
20161031,7.96,8.79,7.90,8.50,66082950,568115328.00
20161101,8.35,8.75,8.25,8.55,49925217,425029472.00
20161102,8.50,8.68,8.41,8.42,31204526,265207728.00
20161103,8.42,8.65,8.38,8.54,26703117,228038784.00
20161104,8.55,8.57,8.21,8.32,22427790,188368448.00
20161107,8.34,8.63,8.30,8.54,20297200,171833376.00
20161108,8.54,8.75,8.50,8.75,24807899,213552624.00
20161109,8.76,8.85,8.45,8.59,25383900,219383776.00
20161110,8.78,8.78,8.60,8.68,19011903,164981648.00
20161111,8.76,9.37,8.69,8.98,35425481,320114592.00
20161114,8.97,9.49,8.94,9.20,33520188,310352160.00
20161115,9.20,9.20,8.98,9.10,23149886,209800352.00
20161116,9.11,9.39,9.03,9.14,20349602,187298608.00
20161117,9.10,9.18,8.92,9.01,19298973,173583824.00
20161118,8.97,9.07,8.81,8.84,15488708,138225216.00
20161121,8.88,9.05,8.57,8.85,16382605,144478992.00
20161122,8.83,9.04,8.81,8.98,14737061,131805992.00
20161123,8.99,9.08,8.77,8.78,14302496,127063784.00
20161124,8.80,8.87,8.58,8.61,12014353,104572872.00
20161125,8.62,8.76,8.50,8.66,9146939,79052880.00
20161128,8.67,8.70,8.52,8.54,10862515,93346560.00
20161129,8.54,8.60,8.20,8.24,17702824,147707792.00
20161130,8.22,8.53,8.15,8.36,15055658,126371880.00
20161201,8.36,8.52,8.36,8.42,8790549,74171128.00
20161202,8.50,8.51,7.99,8.03,23852677,193594416.00
20161205,7.98,8.16,7.90,8.05,10500609,84506392.00
20161206,8.12,8.17,8.06,8.13,8060302,65577744.00
20161207,8.18,8.27,8.14,8.25,7356089,60386188.00
20161208,8.35,8.35,8.01,8.04,10913652,89195096.00
20161209,8.05,8.14,8.02,8.05,7054782,56940176.00
20161212,8.10,8.10,7.58,7.61,14234759,110592584.00
20161213,7.68,7.78,7.50,7.70,8980127,68635888.00
20161214,7.78,7.78,7.45,7.47,10586188,79810200.00
20161215,7.45,7.64,7.41,7.52,8442394,63520988.00
20161216,7.65,7.65,7.51,7.61,6913180,52428988.00
20161219,7.66,7.85,7.60,7.80,10163231,78770320.00
20161220,7.90,7.90,7.64,7.74,8825420,68262032.00
20161221,7.77,7.89,7.74,7.80,7964774,62207100.00
20161222,7.87,7.88,7.77,7.85,5424689,42491576.00
20161223,7.88,7.93,7.77,7.78,8158521,64023348.00
20161226,7.73,7.83,7.70,7.78,5820563,45098444.00
20161227,7.72,7.89,7.72,7.82,5198449,40690212.00
20161228,7.78,7.93,7.78,7.84,5912567,46524496.00
20161229,7.85,8.26,7.82,8.16,14846065,119975584.00
20161230,8.15,8.35,8.02,8.09,12321910,101124264.00
20170103,8.10,8.16,8.00,8.11,6458384,52139700.00
20170104,8.17,8.17,8.08,8.14,5081461,41260056.00
20170105,8.15,8.17,8.04,8.07,5723038,46275964.00
20170106,8.05,8.15,7.93,8.11,8876662,71287384.00
20170109,8.09,8.13,8.06,8.09,6648240,53789996.00
20170110,8.12,8.27,8.08,8.27,10549778,86401904.00
20170111,8.22,9.07,8.22,8.73,33137690,285929120.00
20170112,8.59,8.68,8.38,8.41,17161049,145827136.00
20170113,8.45,8.80,8.42,8.48,19292349,165755008.00
20170116,8.60,8.60,7.63,8.05,21447178,174978608.00
20170117,8.05,8.18,7.79,8.07,12944016,102674624.00
20170118,8.06,8.10,7.89,7.90,7008446,55887388.00
20170119,7.85,7.94,7.71,7.91,6406443,50394920.00
20170120,7.92,8.07,7.90,8.04,5286583,42369420.00
20170123,8.00,8.84,8.00,8.46,18025125,153451760.00
20170124,8.34,8.53,8.31,8.46,9503900,80143960.00
20170125,8.37,8.49,8.37,8.41,6640682,56075352.00
20170126,8.43,8.75,8.40,8.72,18261827,158220464.00
20170203,8.73,8.79,8.60,8.70,11333381,98649736.00
数据来源:通达信
