300234 开尔新材 日线 前复权
      日期	    开盘	    最高	    最低	    收盘	    成交量	    成交额
20110622,4.43,4.83,4.27,4.46,14815863,223929552.00
20110623,4.34,4.93,4.30,4.93,9879609,158552656.00
20110624,5.08,5.44,5.07,5.43,9674914,171916448.00
20110627,5.28,5.56,5.23,5.50,7976315,146342064.00
20110628,5.35,5.71,5.27,5.52,5601666,103816184.00
20110629,5.44,5.68,5.23,5.23,5251289,97085408.00
20110630,5.20,5.32,5.14,5.28,3539071,63114328.00
20110701,5.27,5.74,5.26,5.44,5393570,101080168.00
20110704,5.44,5.64,5.32,5.53,4096349,76172728.00
20110705,5.51,6.06,5.39,5.89,4958151,94129224.00
20110706,5.77,6.04,5.72,5.84,4275840,85064072.00
20110707,5.80,6.41,5.80,5.99,4986674,103439400.00
20110708,5.96,6.24,5.88,6.14,3826193,78811016.00
20110711,6.14,6.28,6.02,6.15,2459959,51183440.00
20110712,6.05,6.08,5.86,5.88,3178600,64005704.00
20110713,5.87,6.26,5.87,6.18,2786698,57355224.00
20110714,6.18,6.21,5.93,6.12,3263438,67276344.00
20110715,6.12,6.29,6.02,6.06,2843903,59347556.00
20110718,6.08,6.11,5.88,5.91,2626934,53130068.00
20110719,5.86,5.86,5.61,5.62,2940442,57074312.00
20110720,5.65,5.77,5.57,5.72,2244379,43245908.00
20110721,5.68,5.73,5.47,5.59,1740248,33009396.00
20110722,5.58,5.79,5.58,5.68,2034276,39356796.00
20110725,5.63,5.68,5.27,5.27,2210386,40831468.00
20110726,5.22,5.41,5.20,5.41,1645490,29890586.00
20110727,5.36,5.71,5.31,5.64,2526001,47696684.00
20110728,5.55,5.77,5.52,5.77,2328303,44833960.00
20110729,5.69,5.78,5.47,5.53,2070563,39530168.00
20110801,5.50,6.09,5.49,5.96,3554392,70459992.00
20110802,5.90,6.20,5.70,6.20,3918249,79178664.00
20110803,6.07,6.53,6.03,6.20,5228468,112028728.00
20110804,6.20,6.20,5.98,6.10,2593175,53425344.00
20110805,5.83,6.23,5.73,6.05,2243120,45709140.00
20110808,5.96,6.34,5.79,6.20,3757862,78097528.00
20110809,5.91,6.18,5.56,5.93,2668681,53012328.00
20110810,6.05,6.54,6.05,6.54,4818555,104934088.00
20110811,6.47,6.90,6.46,6.77,6649470,150166320.00
20110812,6.65,6.86,6.57,6.65,4419488,99867000.00
20110815,6.62,6.87,6.62,6.72,2675084,60615748.00
20110816,6.68,6.77,6.45,6.55,2718656,60709476.00
20110817,6.51,6.68,6.39,6.67,2720081,60224168.00
20110818,6.62,6.87,6.50,6.55,2785016,63116024.00
20110819,6.29,6.45,6.16,6.34,2052915,43940912.00
20110822,6.35,6.65,6.35,6.61,2612799,57603636.00
20110823,6.61,7.29,6.55,7.29,6762121,161935104.00
20110824,7.21,7.37,7.10,7.15,4763507,116170072.00
20110825,7.17,7.19,6.87,7.07,3191543,75675240.00
20110826,7.03,7.68,6.96,7.31,4400314,109387664.00
20110829,7.25,7.49,7.20,7.33,3257126,80626008.00
20110830,7.35,7.38,7.04,7.04,2375069,57600872.00
20110831,6.96,7.24,6.74,7.24,2861194,67380648.00
20110901,7.19,7.53,7.05,7.50,3529784,87618320.00
20110902,7.47,7.59,7.29,7.36,2296787,57409844.00
20110905,7.15,7.56,6.99,7.22,2669874,65905288.00
20110906,7.05,7.16,6.62,6.65,3078631,71322808.00
20110907,6.70,7.34,6.65,7.07,2606318,61182196.00
20110908,7.11,7.38,6.97,6.98,2542340,61537412.00
20110909,7.04,7.10,6.64,6.67,2546004,58811540.00
20110913,6.44,6.56,6.27,6.41,1743895,37961692.00
20110914,6.47,6.71,6.42,6.68,1514318,33608364.00
20110915,6.68,6.77,6.61,6.63,1109992,25060140.00
20110916,6.67,6.71,6.43,6.44,1129295,25024660.00
20110919,6.35,6.35,6.13,6.14,1101815,23165686.00
20110920,6.14,6.34,6.08,6.18,821253,17263938.00
20110921,6.17,6.49,6.16,6.44,1551964,33571816.00
20110922,6.35,6.48,6.01,6.02,1661818,35230672.00
20110923,5.84,6.04,5.78,6.00,1149757,23113594.00
20110926,5.99,6.06,5.84,5.86,855605,17263672.00
20110927,5.94,6.00,5.62,5.75,1606018,31477996.00
20110928,5.79,5.86,5.45,5.53,1681981,32191534.00
20110929,5.41,5.59,5.26,5.47,1784694,32932464.00
20110930,5.41,5.50,5.20,5.29,1149261,20830522.00
20111010,5.38,5.40,5.21,5.32,916837,16563324.00
20111011,5.44,5.57,5.29,5.37,1977269,36841524.00
20111012,5.30,5.89,5.24,5.82,2848520,54559400.00
20111013,5.74,6.03,5.70,5.95,3194839,64175212.00
20111014,5.90,6.00,5.84,5.93,1952168,39222760.00
20111017,5.93,6.10,5.86,6.02,2736739,55434096.00
20111018,5.91,5.94,5.59,5.61,2073000,40751872.00
20111019,5.60,5.74,5.51,5.61,1233588,23546966.00
20111020,5.60,5.60,5.28,5.40,1406157,25744690.00
20111021,5.37,5.42,5.10,5.11,1211317,21426490.00
20111024,5.03,5.32,4.94,5.27,1543095,27029100.00
20111025,5.28,5.59,5.17,5.53,1879911,34446692.00
20111026,5.47,5.61,5.44,5.56,2306446,43448836.00
20111027,5.61,5.73,5.50,5.69,2704129,51526308.00
20111028,5.87,6.20,5.87,5.98,4457527,90293520.00
20111031,5.90,6.08,5.90,5.99,2515850,51011768.00
20111101,5.91,6.06,5.84,6.02,2669004,54022720.00
20111102,5.90,6.35,5.86,6.34,3978069,82829800.00
20111103,6.31,6.43,6.16,6.20,3331148,70907016.00
20111104,6.23,6.29,6.08,6.17,1849637,38581088.00
20111107,6.14,6.21,6.04,6.15,1388887,28817092.00
20111108,6.15,6.19,5.90,5.91,1560753,32049524.00
20111109,5.96,6.10,5.83,6.10,1860060,37539864.00
20111110,5.99,6.24,5.96,6.05,2171381,45046584.00
20111111,6.05,6.15,5.96,6.07,1512189,31087470.00
20111114,6.16,6.65,6.13,6.45,3127996,67736288.00
20111115,6.44,6.62,6.37,6.50,2975792,65354564.00
20111116,6.47,6.71,6.40,6.48,3569892,78930928.00
20111117,6.48,7.06,6.48,6.87,4497176,102963616.00
20111118,6.76,6.87,6.57,6.61,2772186,62755104.00
20111121,6.63,6.77,6.44,6.63,2435681,54539012.00
20111122,6.53,6.87,6.53,6.87,2752086,62642432.00
20111123,6.90,7.02,6.80,6.85,2418609,56625804.00
20111124,6.65,6.87,6.64,6.72,1723309,39290920.00
20111125,6.71,6.96,6.70,6.95,2541450,59163468.00
20111128,6.96,7.20,6.87,6.90,3014903,71813416.00
20111129,6.93,6.99,6.65,6.74,2087790,47713928.00
20111130,6.74,6.79,6.22,6.33,1734061,38022772.00
20111201,6.62,6.64,6.38,6.39,1835178,40576584.00
20111202,6.31,6.40,5.96,6.14,1359482,28497686.00
20111205,6.08,6.14,5.74,5.82,956593,19207856.00
20111206,5.75,6.01,5.75,5.97,1137927,22814572.00
20111207,5.97,6.09,5.93,6.08,969781,19793006.00
20111208,6.04,6.30,5.91,6.18,1343898,27963158.00
20111209,6.11,6.35,6.08,6.27,1105219,23416810.00
20111212,6.27,6.34,6.13,6.15,600891,12679941.00
20111213,6.06,6.09,5.90,5.91,760255,15365731.00
20111214,5.90,6.02,5.73,5.74,723062,14424546.00
20111215,5.61,5.90,5.60,5.80,967554,19088420.00
20111216,5.78,6.13,5.78,6.13,917805,18484182.00
20111219,6.05,6.34,6.02,6.31,1253574,26250262.00
20111220,6.21,6.34,6.14,6.14,806180,17069250.00
20111221,6.22,6.30,5.91,5.95,798459,16659125.00
20111222,5.87,6.10,5.63,5.99,984771,19602902.00
20111223,5.93,6.15,5.90,5.96,719020,14693563.00
20111226,5.93,6.04,5.81,5.82,526433,10597665.00
20111227,5.77,5.85,5.49,5.50,703872,13554216.00
20111228,5.39,5.53,5.11,5.41,1001172,18207216.00
20111229,5.35,5.49,5.31,5.32,380557,6996832.50
20111230,5.47,5.62,5.38,5.61,705062,13212567.00
20120104,5.66,5.86,5.29,5.29,1104284,21229810.00
20120105,5.29,5.30,5.02,5.02,1066020,18683600.00
20120106,4.99,5.46,4.90,5.34,903482,15793747.00
20120109,5.29,5.59,5.20,5.56,1257646,23311528.00
20120110,5.56,5.72,5.50,5.67,1429645,27393294.00
20120111,5.66,5.74,5.60,5.63,892046,17136274.00
20120112,5.62,5.71,5.48,5.49,814596,15486603.00
20120113,5.56,5.62,5.05,5.19,1169876,21064704.00
20120116,5.05,5.17,4.82,4.83,675309,11526640.00
20120117,4.84,5.19,4.66,5.17,1367676,22988536.00
20120118,5.14,5.24,4.64,4.64,1462291,24493980.00
20120119,4.56,4.67,4.30,4.47,1544350,23957864.00
20120120,4.50,4.68,4.50,4.60,1004611,15842052.00
20120130,4.63,4.80,4.57,4.67,1023838,16398501.00
20120131,4.65,4.70,4.58,4.64,602399,9524948.00
20120201,4.64,4.76,4.61,4.64,725811,11625166.00
20120202,4.60,4.74,4.60,4.74,806242,12893265.00
20120203,4.77,4.87,4.72,4.86,1365850,22407098.00
20120206,4.89,4.92,4.79,4.88,1170569,19376096.00
20120207,4.84,4.86,4.64,4.68,1213503,19566984.00
20120208,4.69,4.81,4.64,4.81,1308018,21143004.00
20120209,4.83,4.94,4.79,4.85,2030023,33795284.00
20120210,4.85,5.13,4.85,5.04,2957021,50522528.00
20120213,4.97,5.17,4.93,5.07,1999173,34340412.00
20120214,5.07,5.12,4.99,5.02,1181577,20246006.00
20120215,5.03,5.12,4.99,5.10,1343862,23206936.00
20120216,5.08,5.28,5.06,5.23,2305282,40676140.00
20120217,5.19,5.29,5.14,5.20,1149645,20417544.00
20120220,5.26,5.29,5.14,5.16,1081054,19190154.00
20120221,5.08,5.24,5.07,5.24,1064077,18700610.00
20120222,5.25,5.40,5.20,5.35,1596091,28930408.00
20120223,5.35,5.50,5.26,5.36,1557073,28541252.00
20120224,5.34,5.41,5.29,5.37,1248627,22746394.00
20120227,5.37,5.48,5.34,5.34,1553954,28554196.00
20120228,5.31,5.35,5.10,5.20,1357318,24129418.00
20120229,5.15,5.24,5.12,5.14,919451,16179207.00
20120301,5.14,5.25,5.13,5.18,689512,12192352.00
20120302,5.20,5.32,5.18,5.32,955634,17127766.00
20120305,5.38,5.38,5.24,5.28,1092083,19662404.00
20120306,5.24,5.29,5.11,5.21,940938,16573869.00
20120307,5.08,5.23,5.06,5.11,964160,16963200.00
20120308,5.17,5.21,5.11,5.18,897601,15794245.00
20120309,5.17,5.43,5.17,5.40,1571958,28441880.00
20120312,5.40,5.44,5.31,5.44,1300916,23813286.00
20120313,5.47,5.47,5.34,5.44,927064,17050118.00
20120314,5.44,5.59,5.14,5.15,2124444,38826264.00
20120315,5.15,5.22,4.75,4.99,1083773,18585044.00
20120316,5.01,5.14,4.99,5.13,733887,12694384.00
20120319,5.07,5.19,5.05,5.16,688207,11990817.00
20120320,5.15,5.15,4.95,4.96,758433,12974808.00
20120321,5.02,5.10,4.82,5.09,1003479,16936466.00
20120322,5.05,5.09,4.97,5.04,522105,8974587.00
20120323,5.04,5.07,4.87,4.99,727362,12320015.00
20120326,4.97,5.03,4.93,4.99,397828,6757822.00
20120327,5.00,5.06,4.99,5.03,506494,8671176.00
20120328,5.03,5.04,4.65,4.74,799570,13159591.00
20120329,4.75,4.75,4.58,4.64,517351,8204720.50
20120330,4.67,4.68,4.46,4.50,542723,8435826.00
20120405,4.53,4.73,4.50,4.70,649477,10302124.00
20120406,4.67,4.82,4.67,4.81,704330,11453046.00
20120409,4.69,4.80,4.67,4.68,773595,12430161.00
20120410,4.69,4.73,4.54,4.69,577219,9134344.00
20120411,4.65,4.73,4.60,4.69,426994,6810549.00
20120412,4.69,4.80,4.67,4.80,710008,11496815.00
20120413,4.82,4.88,4.77,4.82,831448,13705310.00
20120416,4.77,4.92,4.76,4.84,469885,7734373.00
20120417,4.83,4.87,4.76,4.77,379791,6233178.50
20120418,4.77,4.94,4.77,4.93,598142,9925641.00
20120419,4.99,5.02,4.88,4.94,585003,9854228.00
20120420,4.84,4.95,4.84,4.95,638926,10705115.00
20120423,4.91,4.93,4.46,4.50,1125319,17845700.00
20120424,4.44,4.55,4.32,4.49,538726,8187626.00
20120425,4.56,4.56,4.44,4.50,374023,5748077.00
20120426,4.50,4.56,4.46,4.53,444671,6869904.00
20120502,4.63,4.68,4.57,4.59,352942,5549064.50
20120503,4.56,4.65,4.56,4.62,398177,6286255.00
20120504,4.59,4.71,4.58,4.69,592575,9442806.00
20120507,4.68,4.87,4.64,4.86,854972,13982667.00
20120508,4.86,4.89,4.79,4.83,537020,8853249.00
20120509,4.83,4.83,4.70,4.74,392561,6372221.50
20120510,4.77,4.85,4.73,4.83,449280,7372708.00
20120511,4.87,4.88,4.76,4.77,484050,7968033.00
20120514,4.84,4.84,4.74,4.74,369624,6045888.50
20120515,4.74,4.74,4.60,4.70,409365,6495321.00
20120516,4.69,4.73,4.64,4.64,253821,4048678.00
20120517,4.68,4.73,4.61,4.73,419005,6689487.50
20120518,4.69,4.98,4.66,4.81,1249869,20655294.00
20120521,4.84,4.90,4.71,4.79,686027,11281229.00
20120522,4.84,4.85,4.78,4.80,522658,8582947.00
20120523,4.79,4.84,4.75,4.82,463078,7588100.50
20120524,4.82,4.86,4.74,4.77,499983,8206332.00
20120525,4.80,4.80,4.59,4.63,645246,10305104.00
20120528,4.63,4.63,4.40,4.55,591150,6001201.00
20120529,4.61,4.75,4.58,4.70,934379,9850326.00
20120530,4.70,4.80,4.67,4.72,846463,9012785.00
20120531,4.68,5.20,4.67,5.13,4840313,55734508.00
20120601,4.99,5.05,4.86,4.94,3789250,42218408.00
20120604,4.83,4.90,4.68,4.70,1552356,16675992.00
20120605,4.75,4.77,4.66,4.73,1066029,11311821.00
20120606,4.75,4.79,4.60,4.64,836208,8829319.00
20120607,4.71,4.76,4.61,4.64,764627,8057366.00
20120608,4.70,4.73,4.61,4.65,566152,5941084.00
20120611,4.71,4.87,4.66,4.85,1314464,14177116.00
20120612,4.83,4.92,4.77,4.87,1024541,11180091.00
20120613,4.88,4.98,4.83,4.94,1178932,13042268.00
20120614,4.94,4.94,4.78,4.80,1094378,11932599.00
20120615,4.83,4.85,4.71,4.80,682736,7336145.50
20120618,4.89,4.94,4.85,4.88,788548,8676573.00
20120619,4.88,4.90,4.82,4.85,717594,7822764.00
20120620,4.87,5.34,4.86,5.15,5449999,63444676.00
20120621,5.03,5.12,4.82,4.93,2945180,32738348.00
20120625,4.90,4.92,4.77,4.80,1107871,12039946.00
20120626,4.71,4.84,4.66,4.80,914592,9762826.00
20120627,4.81,4.90,4.78,4.80,938578,10220184.00
20120628,4.80,4.85,4.70,4.71,782286,8407968.00
20120629,4.67,4.80,4.60,4.77,793970,8411360.00
20120702,4.81,4.87,4.78,4.85,687745,7468458.00
20120703,4.86,5.00,4.80,4.98,1440634,16009688.00
20120704,4.99,5.05,4.88,4.95,981800,10927159.00
20120705,4.93,4.93,4.77,4.77,831079,8997632.00
20120706,4.83,4.88,4.67,4.86,1107418,11916008.00
20120709,4.81,4.87,4.67,4.69,831284,8917289.00
20120710,4.66,4.66,4.49,4.50,853824,8785246.00
20120711,4.56,4.60,4.48,4.56,459850,4695109.50
20120712,4.56,4.64,4.50,4.61,678350,6979687.50
20120713,4.40,4.40,4.14,4.14,2271409,21455850.00
20120716,3.95,4.02,3.83,3.84,1519826,13448151.00
20120717,3.83,3.91,3.77,3.91,676667,5866236.50
20120718,3.89,3.90,3.77,3.85,829056,7193508.50
20120719,3.87,3.96,3.83,3.90,948260,8371256.50
20120720,3.91,3.91,3.84,3.87,517895,4526463.50
20120723,3.85,3.85,3.78,3.80,532690,4588041.50
20120724,3.77,3.85,3.76,3.82,364763,3150477.75
20120725,3.80,3.87,3.79,3.82,452922,3915750.50
20120726,3.82,3.85,3.77,3.80,426634,3682241.50
20120727,3.82,3.85,3.73,3.74,519669,4430039.00
20120730,3.76,3.76,3.52,3.56,699944,5728053.50
20120731,3.57,3.59,3.39,3.40,408805,3205581.75
20120801,3.43,3.51,3.40,3.46,503725,3953536.00
20120802,3.46,3.46,3.35,3.44,484736,3753533.75
20120803,3.44,3.53,3.43,3.53,566002,4466660.50
20120806,3.49,3.62,3.48,3.60,572834,4618929.50
20120807,3.60,3.92,3.59,3.72,1714486,14636116.00
20120808,3.68,3.71,3.64,3.70,845481,7024634.00
20120809,3.69,3.75,3.64,3.75,690402,5780062.00
20120810,3.75,3.86,3.74,3.76,789318,6753459.00
20120813,3.75,3.76,3.58,3.58,712100,5886987.00
20120814,3.50,3.59,3.49,3.58,624488,5006041.50
20120815,3.60,3.60,3.51,3.53,455649,3654483.50
20120816,3.53,3.56,3.50,3.53,256880,2055279.13
20120817,3.49,3.60,3.49,3.57,315982,2532407.00
20120820,3.53,3.59,3.50,3.58,392671,3155803.50
20120821,3.59,3.74,3.57,3.70,1123311,9311325.00
20120822,3.70,3.80,3.65,3.70,1030543,8684073.00
20120823,3.68,3.92,3.67,3.85,1723255,14862732.00
20120824,3.81,3.88,3.72,3.73,1087043,9307476.00
20120827,3.67,3.71,3.59,3.60,564571,4634783.00
20120828,3.62,3.74,3.59,3.69,770011,6350613.50
20120829,3.80,3.80,3.65,3.70,775580,6532955.00
20120830,3.70,3.72,3.47,3.56,729810,5950627.00
20120831,3.53,3.60,3.50,3.58,353247,2849310.75
20120903,3.59,3.70,3.56,3.68,613844,5044527.00
20120904,3.67,3.76,3.67,3.69,661912,5560550.50
20120905,3.69,3.89,3.67,3.88,1860498,16030713.00
20120906,4.28,4.28,4.28,4.28,2386919,23033768.00
20120907,4.71,4.72,4.40,4.72,9151377,94417032.00
20120910,5.20,5.20,5.20,5.20,2453344,28655058.00
20120911,5.35,5.55,4.97,5.10,12080022,142327360.00
20120912,5.08,5.31,4.95,5.30,8807658,101875272.00
20120913,5.22,5.24,4.85,4.85,6228904,70283912.00
20120914,4.98,5.34,4.76,5.08,8599292,97599912.00
20120917,4.90,5.11,4.80,5.02,5263557,58629536.00
20120918,5.06,5.53,5.00,5.53,13817000,168195744.00
20120919,5.48,5.62,5.23,5.35,10485067,127390872.00
20120920,5.24,5.30,4.80,4.83,8874732,99940040.00
20120921,4.65,4.75,4.47,4.47,6432834,66816608.00
20120924,4.36,4.78,4.36,4.58,5740841,59586232.00
20120925,4.50,4.74,4.50,4.70,4875395,50733436.00
20120926,4.73,4.73,4.47,4.52,3109769,32179928.00
20120927,4.59,4.83,4.53,4.75,5351935,56471016.00
20120928,4.68,4.72,4.57,4.70,3545273,37061356.00
20121008,4.61,4.75,4.56,4.59,2778754,28944456.00
20121009,4.57,4.90,4.54,4.86,5571633,60101208.00
20121010,4.80,5.35,4.74,5.35,8120788,93083792.00
20121011,5.40,5.40,4.99,5.16,5701357,66620364.00
20121012,5.10,5.41,5.00,5.12,4620551,53884128.00
20121015,4.90,4.93,4.60,4.60,3927644,41108716.00
20121016,4.45,4.50,4.30,4.39,3922667,38860232.00
20121017,4.40,4.46,4.31,4.42,1930024,19116084.00
20121018,4.42,4.55,4.37,4.50,2396288,24170012.00
20121019,4.50,4.57,4.45,4.55,2055938,20923948.00
20121022,4.52,4.52,4.35,4.44,1602899,15948344.00
20121023,4.43,4.56,4.42,4.42,1718877,17412948.00
20121024,4.36,4.41,4.25,4.33,1389713,13622242.00
20121025,4.28,4.41,4.26,4.31,1102367,10730986.00
20121026,4.30,4.35,4.03,4.06,1300075,12115693.00
20121029,4.03,4.10,3.95,3.98,834340,7572264.00
20121030,4.01,4.16,3.99,4.14,1524932,14053656.00
20121031,4.12,4.29,4.08,4.21,1599878,15140289.00
20121101,4.22,4.30,4.13,4.22,1460000,13881082.00
20121102,4.22,4.23,4.11,4.15,1024801,9630827.00
20121105,4.18,4.18,4.06,4.09,965618,8923799.00
20121106,4.02,4.08,3.85,4.00,1455830,12968878.00
20121107,4.00,4.06,3.97,4.02,899493,8165238.00
20121108,4.00,4.03,3.92,3.95,799801,7150492.50
20121109,3.92,4.11,3.87,4.02,1061019,9644132.00
20121112,4.07,4.10,4.02,4.07,635009,5816662.00
20121113,4.03,4.10,3.97,4.01,774797,6992778.00
20121114,4.03,4.04,3.98,4.00,465599,4197055.50
20121115,4.00,4.06,3.90,3.99,507363,4596710.50
20121116,3.98,4.30,3.98,4.12,1637705,15233882.00
20121119,4.17,4.26,4.12,4.19,1266546,11987683.00
20121120,4.20,4.23,4.13,4.16,831248,7819669.50
20121121,4.13,4.24,4.04,4.22,730193,6829797.50
20121122,4.28,4.28,4.14,4.19,1045978,9963033.00
20121123,4.14,4.21,4.10,4.15,556052,5194915.00
20121126,4.15,4.15,3.99,3.99,483354,4433291.50
20121127,4.01,4.20,3.90,3.90,915748,8428194.00
20121128,3.76,3.94,3.62,3.87,798201,6789893.50
20121129,3.87,3.91,3.79,3.80,470486,4065318.00
20121130,3.80,4.03,3.77,3.94,533502,4705899.50
20121203,3.89,3.97,3.82,3.83,325051,2865160.25
20121204,3.70,4.07,3.70,4.04,942570,8400522.00
20121205,4.04,4.35,4.00,4.25,1600609,15180920.00
20121206,4.20,4.34,4.18,4.30,1528948,14731498.00
20121207,4.24,4.43,4.24,4.38,1634543,16047509.00
20121210,4.58,4.73,4.42,4.46,2401589,24377430.00
20121211,4.43,4.92,4.43,4.75,4251276,45853732.00
20121212,4.58,4.70,4.50,4.65,2826817,29245246.00
20121213,4.60,4.62,4.44,4.45,1597695,16194910.00
20121214,4.45,4.65,4.42,4.61,2011152,20739080.00
20121217,4.69,4.80,4.53,4.54,2247130,23585092.00
20121218,4.53,4.61,4.39,4.46,1603232,16274343.00
20121219,4.42,4.59,4.42,4.55,998622,10177725.00
20121220,4.50,4.60,4.47,4.58,1128072,11558655.00
20121221,4.58,4.65,4.50,4.57,1474362,15175320.00
20121224,4.54,4.70,4.53,4.66,1318775,13721176.00
20121225,4.60,4.76,4.58,4.73,2257137,23942460.00
20121226,4.75,4.99,4.73,4.95,3010304,33119420.00
20121227,4.95,5.19,4.85,5.08,4008068,45330400.00
20121228,5.06,5.25,5.01,5.16,2308943,26647780.00
20121231,5.16,5.20,5.00,5.01,2122375,24131078.00
20130104,5.19,5.23,4.91,5.16,2512793,28492608.00
20130107,5.12,5.23,5.05,5.20,1293478,14987535.00
20130108,5.19,5.54,5.13,5.41,2418784,29184502.00
20130109,5.35,5.39,5.11,5.20,2166956,25584472.00
20130110,5.20,5.26,5.15,5.19,927339,10826185.00
20130111,5.19,5.41,4.98,5.02,1615628,18853046.00
20130114,5.01,5.24,5.01,5.16,1146459,13276691.00
20130115,5.17,5.32,5.15,5.25,1218602,14330209.00
20130116,5.24,5.30,5.10,5.14,1211664,14074258.00
20130117,5.30,5.66,5.30,5.42,3597165,44183180.00
20130118,5.42,5.54,5.28,5.52,2554936,31028894.00
20130121,5.52,5.60,5.46,5.55,1492726,18492806.00
20130122,5.55,5.55,5.30,5.32,1417255,17180316.00
20130123,5.20,5.42,5.18,5.25,861037,10146145.00
20130124,5.25,5.31,5.15,5.17,1450225,16921850.00
20130125,5.12,5.25,5.11,5.16,1134576,13103770.00
20130128,5.16,5.30,5.13,5.28,747565,8803239.00
20130129,5.33,5.46,5.31,5.34,768313,9296827.00
20130130,5.48,5.48,5.22,5.25,905575,10714040.00
20130131,5.15,5.30,5.09,5.10,1216901,13996926.00
20130201,5.16,5.21,5.10,5.17,514186,5969963.00
20130204,5.17,5.21,5.09,5.17,389705,4505858.50
20130205,5.16,5.25,5.13,5.22,512817,6003455.50
20130206,5.24,5.30,5.20,5.21,419013,4930078.50
20130207,5.24,5.28,5.19,5.25,521023,6107404.00
20130208,5.30,5.35,5.25,5.32,409214,4870077.50
20130218,5.35,5.58,5.35,5.48,1301909,16036549.00
20130219,5.45,5.53,5.38,5.46,1174374,14289668.00
20130220,5.48,6.02,5.45,6.02,4588264,61282976.00
20130221,5.90,6.37,5.77,6.13,4504535,62022096.00
20130222,6.02,6.35,5.93,6.20,2854700,39203196.00
20130225,6.12,6.32,6.08,6.12,1977257,27388234.00
20130226,5.98,6.42,5.90,6.21,2871032,39823760.00
20130227,6.18,6.34,6.03,6.29,1305489,18122898.00
20130228,6.31,6.43,6.17,6.33,1838451,25920528.00
20130301,6.31,6.78,6.31,6.60,1338120,19742722.00
20130304,6.62,6.74,6.18,6.29,2509402,35913484.00
20130305,6.22,6.48,6.22,6.39,1109104,15764413.00
20130306,6.42,6.66,6.41,6.48,962747,14087101.00
20130307,6.46,6.50,6.30,6.31,884368,12606188.00
20130308,6.26,6.40,6.08,6.11,888112,12361106.00
20130311,6.12,6.55,6.12,6.55,1136779,16239431.00
20130312,6.46,6.57,6.26,6.44,995355,14254848.00
20130313,6.45,6.54,6.29,6.52,755577,10914610.00
20130314,6.40,6.65,6.27,6.42,660860,9483263.00
20130315,6.34,6.54,6.31,6.41,615785,8891395.00
20130318,6.31,6.66,6.27,6.65,893299,12887408.00
20130319,6.67,7.33,6.63,7.32,3456109,54733620.00
20130320,7.22,7.26,6.97,7.12,2329509,36964052.00
20130321,7.03,7.23,6.95,6.98,2696292,42469180.00
20130322,6.95,7.21,6.91,7.01,1488424,23497484.00
20130325,7.02,7.16,6.88,7.11,1137424,17834486.00
20130326,7.10,7.24,6.93,7.15,1114670,17719014.00
20130327,7.10,7.24,7.00,7.17,717808,11407460.00
20130328,7.20,7.51,7.03,7.33,1675338,27445458.00
20130329,7.27,7.38,6.60,7.02,3473989,53699004.00
20130401,6.85,6.94,6.59,6.84,2799471,42081040.00
20130402,6.72,7.11,6.72,6.87,1510404,23550468.00
20130403,6.90,7.01,6.81,6.89,457276,7030460.00
20130408,6.72,7.34,6.72,7.16,1121874,17909862.00
20130409,7.25,7.46,7.17,7.34,916529,15030803.00
20130410,7.35,7.46,7.26,7.45,692244,11399767.00
20130411,7.57,7.58,7.31,7.31,552535,9099981.00
20130412,7.31,7.43,7.26,7.30,298059,4871199.00
20130415,7.12,7.33,7.12,7.19,272584,4400536.00
20130416,7.19,7.62,7.19,7.61,1100981,18430668.00
20130417,7.72,7.89,7.47,7.76,1031850,17742208.00
20130418,7.69,8.12,7.69,8.07,985795,17510312.00
20130419,8.05,8.80,8.05,8.36,1348337,25436654.00
20130422,8.40,8.57,8.08,8.44,1036026,19237784.00
20130423,8.39,8.44,8.08,8.23,1048878,19233196.00
20130424,8.15,8.70,8.12,8.65,1423922,27042170.00
20130425,8.53,8.99,8.49,8.99,1279583,25113090.00
20130426,9.04,9.28,8.53,8.71,918636,17884838.00
20130502,8.50,9.26,8.47,9.10,1072394,21329548.00
20130503,9.10,9.34,9.04,9.10,1069197,21810270.00
20130506,9.11,9.44,9.11,9.34,845084,17508932.00
20130507,9.15,9.44,9.07,9.30,732384,15098649.00
20130508,9.22,9.39,9.16,9.35,645199,13275400.00
20130509,9.35,9.53,9.12,9.21,628226,12963833.00
20130510,9.14,9.29,8.81,9.15,1344536,27008118.00
20130513,9.12,9.20,8.94,9.04,599239,12051460.00
20130514,8.99,9.10,8.92,8.97,341916,6844022.50
20130515,8.97,9.21,8.94,9.15,470149,9535340.00
20130516,9.12,9.43,8.99,9.40,840738,17226432.00
20130517,9.47,9.89,9.44,9.86,1311810,28480104.00
20130520,9.85,9.95,9.69,9.86,848580,18484200.00
20130521,9.86,9.90,9.68,9.89,633697,13821500.00
20130522,9.98,10.03,9.45,9.45,671525,14435381.00
20130523,9.40,9.51,9.17,9.17,718689,14993923.00
20130524,9.27,9.44,8.88,9.42,1476903,29844178.00
20130527,9.44,9.69,9.30,9.69,1186528,25127020.00
20130528,9.75,9.75,9.45,9.55,508118,10842017.00
20130529,9.55,10.02,9.55,9.96,690545,15110129.00
20130530,9.94,10.49,9.94,10.20,967545,22052510.00
20130531,10.21,10.69,10.13,10.44,688420,16010615.00
20130603,10.61,10.73,10.21,10.23,646841,14881523.00
20130604,10.23,10.48,9.87,9.94,972914,21658218.00
20130605,9.94,10.16,9.90,10.03,481446,10699129.00
20130606,10.02,10.30,9.84,10.00,594375,13304407.00
20130607,9.94,10.08,9.76,9.86,658081,14470252.00
20130613,9.85,9.85,8.99,9.62,588070,12562930.00
20130614,9.65,10.60,9.65,10.51,602118,13539660.00
20130617,10.44,10.75,10.26,10.27,713371,16663568.00
20130618,10.27,10.44,10.10,10.24,360924,8189384.00
20130619,10.26,10.26,9.78,9.84,626268,13747479.00
20130620,9.86,9.93,9.40,9.40,391921,8441457.00
20130621,9.08,9.59,8.99,9.38,873239,18034676.00
20130624,9.40,9.40,8.45,8.53,699521,13761127.00
20130625,8.53,8.88,7.67,8.65,1213989,22298904.00
20130626,8.62,8.83,8.30,8.74,981362,18864530.00
20130627,8.73,8.93,8.45,8.53,1090561,21216492.00
20130628,8.38,8.48,8.10,8.18,883988,16316582.00
20130701,8.19,8.64,8.19,8.49,581671,10842101.00
20130702,8.50,9.01,8.49,8.97,861425,16985574.00
20130703,8.93,9.17,8.65,8.83,927039,18263946.00
20130704,8.73,8.84,8.59,8.69,519889,10085504.00
20130705,8.62,8.82,8.53,8.53,482471,9277833.00
20130708,8.08,8.41,7.67,7.87,592918,10607686.00
20130709,7.72,8.23,7.71,8.16,318440,5706930.50
20130710,8.16,8.32,8.13,8.29,326193,5987630.00
20130711,8.41,8.52,8.23,8.37,401878,7499901.50
20130712,8.39,8.72,8.36,8.42,423597,8038305.50
20130715,8.42,8.77,8.36,8.68,766641,14547043.00
20130716,8.66,8.93,8.66,8.80,566506,11117253.00
20130717,8.80,8.91,8.50,8.53,477353,9225800.00
20130718,8.49,8.68,8.44,8.61,349122,6644695.50
20130719,8.56,8.77,8.40,8.46,525409,10086189.00
20130722,8.48,8.55,8.28,8.45,388121,7252622.50
20130723,8.48,8.93,8.48,8.91,753202,14637801.00
20130724,9.36,9.36,8.99,9.13,1203554,24533778.00
20130725,9.17,9.31,8.74,8.78,855187,17060944.00
20130726,8.81,8.93,8.54,8.73,551794,10637772.00
20130729,8.91,8.91,8.65,8.77,379725,7386023.00
20130730,8.83,9.12,8.40,8.93,626164,12223941.00
20130731,8.99,8.99,8.67,8.79,464290,9097961.00
20130801,8.84,9.08,8.77,9.02,645571,12844864.00
20130802,9.08,9.18,8.94,8.98,600844,12103839.00
20130805,8.91,9.21,8.91,9.09,675420,13640463.00
20130806,9.12,9.17,9.03,9.11,410775,8317941.00
20130807,9.11,9.11,8.54,8.79,559400,11068036.00
20130808,8.80,9.02,8.64,8.91,185745,3671313.00
20130809,8.83,9.04,8.81,8.94,290580,5782397.50
20130812,8.94,9.18,8.94,9.08,601881,12167357.00
20130813,9.21,9.23,9.03,9.08,375544,7615864.50
20130814,9.13,9.13,8.88,8.92,301154,6006251.00
20130815,8.89,8.89,8.63,8.69,325125,6356448.00
20130816,8.69,8.79,8.49,8.59,426617,8163973.50
20130819,8.54,8.73,8.54,8.72,250098,4823722.00
20130820,8.57,8.83,8.56,8.64,256077,4965980.50
20130821,8.58,8.73,8.47,8.63,456657,8685403.00
20130822,8.72,8.72,8.53,8.63,354030,6776123.00
20130823,8.63,8.91,8.54,8.68,450805,8734329.00
20130826,8.68,9.56,8.68,9.48,1912676,39389364.00
20130827,9.52,9.98,9.41,9.71,2014600,43692748.00
20130828,9.71,10.14,9.64,9.67,1872888,41436000.00
20130829,9.57,9.94,9.57,9.72,425220,9172464.00
20130830,9.70,9.84,9.32,9.40,735902,15517502.00
20130902,9.23,9.43,9.23,9.40,322671,6678022.00
20130903,9.40,9.55,9.28,9.49,257966,5408886.50
20130904,9.61,9.61,9.37,9.41,218101,4570125.50
20130905,9.33,9.58,9.25,9.48,356886,7429839.00
20130906,9.52,9.52,9.30,9.36,194511,4052837.25
20130909,9.49,9.53,9.14,9.31,536436,11122844.00
20130910,9.24,9.44,9.23,9.32,622397,12823776.00
20130911,9.34,9.34,9.00,9.10,522974,10606261.00
20130912,9.04,9.13,9.02,9.04,228350,4595003.00
20130913,9.13,9.16,8.87,9.16,386113,7714970.00
20130916,9.00,9.26,9.00,9.16,279165,5671595.50
20130917,9.16,9.16,9.06,9.10,174695,3533496.50
20130918,9.09,9.16,9.09,9.10,161998,3279447.50
20130923,9.13,9.32,9.13,9.32,366353,7538582.00
20130924,9.27,9.36,9.14,9.22,164088,3369395.50
20130925,9.12,9.27,9.00,9.23,353931,7176033.00
20130926,9.08,9.16,9.01,9.03,408569,8226714.00
20130927,9.05,9.10,8.61,8.76,695076,13600150.00
20130930,8.66,8.93,8.66,8.85,232025,4556342.50
20131008,8.85,9.09,8.70,9.07,235640,4661840.00
20131009,9.06,9.37,8.94,9.31,435710,8963242.00
20131010,9.38,9.38,8.91,8.91,323901,6567920.50
20131011,8.91,9.07,8.82,8.98,308485,6124667.50
20131014,9.17,9.17,9.01,9.13,287940,5816217.00
20131015,9.16,9.16,8.91,9.02,291451,5855645.00
20131016,8.98,9.08,8.77,8.94,405389,7968947.50
20131017,8.78,8.93,8.27,8.60,1323684,25447618.00
20131018,8.50,8.54,8.27,8.44,520259,9662781.00
20131021,8.44,8.82,8.41,8.77,397668,7654520.50
20131022,8.77,8.94,8.58,8.59,314993,6146962.50
20131023,8.57,8.66,8.13,8.55,444360,8377244.00
20131024,8.59,8.59,8.42,8.44,183201,3464032.75
20131025,8.33,8.52,8.28,8.43,184440,3436802.75
20131028,8.75,8.75,8.43,8.46,263602,5014539.50
20131029,8.49,8.53,8.13,8.28,275599,5069190.50
20131030,8.18,8.38,8.18,8.35,134952,2486526.50
20131031,8.25,8.28,8.09,8.18,354451,6454138.50
20131101,8.03,8.12,7.93,7.99,220500,3926150.00
20131104,7.99,8.22,7.91,8.20,190271,3441661.75
20131105,8.09,8.26,8.09,8.26,160352,2921123.50
20131106,8.25,8.33,8.14,8.25,219100,4029883.25
20131107,8.19,8.30,8.05,8.07,181945,3301056.25
20131108,8.08,8.08,7.98,8.06,101073,1803834.50
20131111,8.11,8.53,8.02,8.39,242637,4512654.00
20131112,8.39,8.58,8.39,8.53,328907,6209507.50
20131113,8.52,8.52,8.36,8.36,198321,3728151.25
20131114,8.30,8.66,8.30,8.56,296020,5623434.00
20131115,8.50,8.85,8.50,8.72,290276,5660496.00
20131118,8.91,9.60,8.66,9.39,1165722,23822156.00
20131119,9.54,9.54,9.15,9.25,723015,14952232.00
20131120,9.08,9.10,8.82,9.01,799398,15956417.00
20131121,8.99,9.06,8.91,9.02,369935,7391826.00
20131122,9.04,9.08,8.95,9.03,268292,5367196.00
20131125,9.04,9.20,8.98,9.17,355391,7160510.00
20131126,9.17,9.21,9.11,9.18,201432,4103879.00
20131127,9.16,9.45,9.12,9.36,380853,7872701.50
20131128,9.36,9.58,9.32,9.45,546011,11518833.00
20131129,9.34,9.68,9.34,9.67,942351,20097228.00
20131202,9.19,9.31,8.69,8.75,1755950,34847240.00
20131203,8.37,9.05,8.33,9.02,640114,12577554.00
20131204,8.91,9.23,8.91,9.00,553035,11134201.00
20131205,9.00,9.04,8.88,9.03,336217,6696338.50
20131206,9.04,9.11,8.94,9.03,314930,6337011.50
20131209,9.12,9.42,9.09,9.36,340152,7045069.50
20131210,9.36,9.73,9.33,9.62,615682,13083295.00
20131211,9.59,9.82,9.37,9.47,461081,9803544.00
20131212,9.38,9.71,9.38,9.51,276074,5860637.50
20131213,9.42,9.54,9.41,9.50,197055,4154048.00
20131216,9.36,9.54,9.32,9.49,264269,5535588.50
20131217,9.49,9.49,9.38,9.43,244187,5122979.50
20131218,9.49,10.38,9.43,10.22,1636163,36741752.00
20131219,10.32,10.41,10.11,10.30,771340,17638638.00
20131220,10.35,10.36,9.94,9.98,697020,15589552.00
20131223,9.92,10.00,9.48,9.70,818465,17697590.00
20131224,9.59,9.85,9.59,9.84,346806,7528868.00
20131225,9.84,10.23,9.74,10.23,409641,9116125.00
20131226,10.23,10.36,10.11,10.17,529431,12019308.00
20131227,10.23,11.16,9.96,10.95,973810,22822502.00
20131230,11.16,11.32,10.87,11.08,687345,16973062.00
20131231,11.08,12.18,10.94,11.51,1255354,32605128.00
20140102,11.66,12.04,11.27,11.73,783298,20317140.00
20140103,11.73,11.84,11.53,11.66,574869,14812654.00
20140106,11.50,12.14,11.50,11.72,835917,22014392.00
20140107,11.82,11.95,11.54,11.90,401958,10507115.00
20140108,11.82,12.59,11.82,12.41,652623,17914658.00
20140109,12.59,12.59,12.04,12.08,430537,11620262.00
20140110,11.95,12.23,11.91,11.93,346940,9263585.00
20140113,11.93,12.01,11.79,11.82,248151,6536468.50
20140114,11.84,12.18,11.84,12.18,407853,10900522.00
20140115,12.25,12.53,12.07,12.13,337679,9152676.00
20140116,12.13,12.18,12.01,12.13,249627,6708258.50
20140117,12.06,12.17,12.01,12.09,256771,6890527.50
20140120,12.05,12.32,11.56,11.64,499774,13233650.00
20140121,11.52,12.08,11.50,11.90,348057,9108103.00
20140122,11.77,12.13,11.77,12.08,292700,7807223.00
20140123,12.03,12.32,12.02,12.26,283007,7625436.00
20140124,12.28,12.78,12.26,12.58,657582,18298124.00
20140127,12.48,12.93,12.32,12.53,332683,9244144.00
20140128,12.53,12.86,12.24,12.72,465076,13060302.00
20140129,12.78,12.78,12.53,12.69,211867,5951241.00
20140130,12.69,13.00,12.59,12.69,153800,4334316.00
20140207,12.60,12.84,12.25,12.70,324132,9088159.00
20140210,12.71,12.95,12.63,12.84,435638,12353722.00
20140211,12.94,13.00,12.64,12.98,360307,10241093.00
20140212,12.98,13.32,12.73,13.13,408657,11843401.00
20140213,13.16,13.52,12.87,12.92,363878,10577238.00
20140214,12.77,13.22,12.64,12.85,325533,9250817.00
20140217,12.87,13.36,12.77,13.36,487761,14192814.00
20140218,13.38,13.77,13.34,13.77,757478,22935508.00
20140219,14.09,14.27,13.54,13.58,559581,17213490.00
20140220,13.58,13.70,13.32,13.50,449845,13478059.00
20140221,13.49,13.61,13.41,13.52,213754,6375384.00
20140224,13.14,13.54,13.10,13.54,203620,6044938.00
20140225,13.73,13.73,12.73,12.86,562298,16329065.00
20140226,12.78,13.24,12.65,13.23,488267,14061042.00
20140227,13.23,13.41,12.19,12.40,415907,12022966.00
20140228,12.39,12.95,12.26,12.78,533604,14906474.00
20140303,12.98,13.77,12.95,13.77,295653,8819097.00
20140304,13.82,13.83,13.44,13.62,249045,7518906.50
20140305,13.63,13.76,13.37,13.41,155110,4658608.00
20140306,13.44,13.94,13.44,13.60,189724,5738254.50
20140307,13.44,13.75,13.44,13.61,95360,2872622.75
20140310,13.63,13.63,13.36,13.50,384419,11537044.00
20140311,13.54,13.58,12.91,13.23,194062,5741280.00
20140312,13.23,13.31,12.94,13.18,222029,6458832.50
20140313,13.18,13.50,13.09,13.29,214243,6328202.50
20140314,13.29,13.87,13.11,13.63,459764,13892309.00
20140317,13.84,14.89,13.65,14.67,1080727,34512980.00
20140318,14.68,15.11,14.47,14.79,770658,25159510.00
20140319,14.79,14.85,14.22,14.53,417601,13363446.00
20140320,14.45,14.52,14.09,14.09,458835,14552836.00
20140321,14.09,14.09,13.54,13.84,534245,16217168.00
20140324,13.77,13.93,13.13,13.33,491551,14845575.00
20140325,13.32,13.67,12.87,13.50,354046,10389175.00
20140326,13.50,14.13,13.10,13.90,440894,13458521.00
20140327,14.09,14.09,13.32,13.32,348023,10478871.00
20140328,13.32,13.54,12.92,13.17,448936,13092048.00
20140331,12.95,13.36,12.94,13.23,456448,13251184.00
20140401,13.31,13.31,13.10,13.20,409822,11959540.00
20140402,13.18,13.27,12.49,12.71,705735,20131456.00
20140403,12.57,12.86,12.54,12.84,187142,5245484.50
20140404,12.83,13.25,12.72,13.23,271393,7822611.00
20140408,13.21,13.30,13.02,13.18,186617,5441758.00
20140409,13.26,13.58,13.15,13.48,400076,11889391.00
20140410,13.63,13.67,13.20,13.31,415467,12403335.00
20140411,13.27,13.44,12.96,13.30,234570,6853332.00
20140414,13.18,13.40,13.17,13.32,119695,3523398.75
20140415,13.25,13.40,13.10,13.21,145949,4283850.00
20140416,13.13,13.36,13.12,13.23,153669,4503751.50
20140417,13.22,13.26,13.00,13.20,225017,6528562.50
20140418,13.18,13.18,12.98,13.14,146342,4235166.00
20140421,13.08,13.18,13.02,13.13,93396,2711092.25
20140422,13.09,13.41,12.87,12.91,204186,5912794.50
20140423,12.78,13.03,12.73,12.82,154993,4403423.50
20140424,12.70,12.86,12.48,12.62,170728,4793248.50
20140425,12.63,12.68,12.37,12.38,147782,4089516.00
20140428,12.44,12.44,11.74,12.17,619731,16506513.00
20140429,12.18,12.43,11.88,12.41,367394,9858341.00
20140430,12.41,12.75,12.41,12.54,293873,8235818.00
20140505,12.43,12.70,12.36,12.65,246675,6875955.00
20140506,12.68,13.08,12.59,13.04,468149,13318272.00
20140507,12.87,13.13,12.72,12.98,308396,8788745.00
20140508,12.98,13.00,12.83,12.84,490422,14046320.00
20140509,12.69,12.93,12.46,12.84,470090,13143523.00
20140512,12.81,12.97,12.68,12.88,510748,14533421.00
20140513,12.90,12.92,12.71,12.84,275181,7808707.00
20140514,12.72,12.85,12.68,12.68,184955,5230306.50
20140515,12.72,12.93,12.57,12.66,242017,6826203.00
20140516,12.63,12.69,12.41,12.65,282963,7847386.50
20140519,12.54,12.73,12.52,12.73,131839,3687965.00
20140520,12.77,13.01,12.64,12.82,177749,5044275.00
20140521,12.77,12.80,12.53,12.76,120196,3381003.25
20140522,12.66,12.93,12.66,12.79,392387,11119591.00
20140523,12.84,12.91,12.68,12.82,362862,10280637.00
20140526,12.73,13.25,12.73,13.25,678473,19699814.00
20140527,13.18,13.90,13.18,13.67,1020420,30833146.00
20140528,13.85,13.85,13.56,13.71,605912,18376586.00
20140529,13.72,13.85,13.36,13.37,621634,18714384.00
20140530,13.33,13.48,13.20,13.34,348303,10287229.00
20140603,13.34,13.53,13.05,13.18,395169,11660681.00
20140604,13.13,13.16,12.77,13.04,221095,6344164.00
20140605,13.07,13.17,12.86,13.17,235387,6769767.50
20140606,13.16,13.53,13.09,13.25,209841,6149748.50
20140609,13.09,13.29,12.82,12.91,522403,15166287.00
20140610,12.86,12.97,12.73,12.91,365928,10429157.00
20140611,12.91,12.93,12.63,12.63,661604,18688546.00
20140612,12.64,12.64,12.08,12.08,1062508,28765722.00
20140613,12.13,12.31,12.09,12.20,548849,14855529.00
20140616,12.23,12.59,12.19,12.35,697660,19149318.00
20140617,12.36,12.36,12.02,12.02,445100,12034334.00
20140618,12.06,12.06,11.28,11.37,1115463,28661016.00
20140619,11.37,11.58,11.26,11.36,1113038,28053292.00
20140620,11.39,11.64,11.36,11.38,467320,11877755.00
20140623,11.38,12.27,11.24,12.18,1418479,37585380.00
20140624,12.35,12.63,12.10,12.30,885370,24267100.00
20140625,12.36,12.54,12.19,12.45,549133,15125634.00
20140626,12.41,13.33,12.36,12.57,1164352,32430852.00
20140627,12.61,12.61,12.13,12.36,1083125,29758870.00
20140630,12.35,12.45,12.27,12.35,657143,17964874.00
20140701,12.52,12.56,12.39,12.46,377633,10427771.00
20140702,12.49,12.99,12.49,12.98,1597135,45331972.00
20140703,12.95,13.08,12.60,12.63,1870252,52744084.00
20140704,12.59,12.68,12.23,12.31,1346862,36950504.00
20140707,12.32,12.61,12.19,12.54,698708,19166540.00
20140708,13.07,13.54,12.78,13.42,3245696,94451808.00
20140709,13.16,13.19,12.69,12.75,2080751,59758356.00
20140710,12.61,12.86,12.29,12.62,977719,27536338.00
20140711,12.60,12.88,12.48,12.82,679443,19092530.00
20140714,12.84,13.18,12.84,13.11,969670,28040656.00
20140715,12.94,13.18,12.61,12.87,1488473,42047820.00
20140716,12.86,12.86,12.56,12.63,541395,15144496.00
20140717,12.56,12.78,12.53,12.67,370468,10349487.00
20140718,12.64,12.78,12.53,12.70,538524,15095361.00
20140721,12.75,12.87,12.67,12.86,749574,21176324.00
20140722,12.79,13.11,12.75,12.97,792077,22756760.00
20140723,12.99,13.20,12.89,12.98,919444,26553460.00
20140724,12.98,13.33,12.56,13.29,1939485,55965644.00
20140725,13.63,14.24,13.43,13.59,5137128,156194304.00
20140728,13.55,13.55,13.12,13.30,3563115,104718952.00
20140729,13.38,13.77,13.29,13.71,3941458,118158976.00
20140730,13.61,14.23,13.59,14.03,3770213,116890736.00
20140731,14.09,14.18,13.82,14.04,1630452,50417160.00
20140801,14.04,14.04,13.64,13.74,1905812,58292604.00
20140804,13.72,13.84,13.66,13.81,1371126,41710308.00
20140805,13.77,14.04,13.64,14.04,1801429,55173976.00
20140806,14.02,14.02,13.79,13.89,1098319,33751116.00
20140807,13.84,14.62,13.84,14.26,3095545,97934544.00
20140808,14.27,14.88,14.27,14.86,2591584,84325240.00
20140811,15.07,15.12,14.74,14.79,2097243,68996992.00
20140812,14.79,15.59,14.79,15.56,2951601,99323792.00
20140813,15.56,15.56,15.10,15.53,1922492,65230592.00
20140814,15.97,16.22,15.54,15.62,3326848,116306688.00
20140815,15.78,16.59,15.65,16.40,4421774,157074016.00
20140818,16.65,16.65,16.02,16.44,4036957,145285504.00
20140819,16.56,16.56,15.77,15.87,4531939,160038016.00
20140820,15.98,16.20,15.31,15.94,8830189,140218912.00
20140821,15.86,16.81,15.54,16.50,10394389,169220768.00
20140822,16.31,16.46,15.83,15.90,8525875,137429520.00
20140825,15.76,15.88,15.46,15.58,5322986,83390240.00
20140826,15.91,15.91,15.49,15.64,4106127,64775960.00
20140827,15.44,16.09,15.12,15.13,11026197,170555232.00
20140828,15.11,15.52,14.67,14.80,5342754,79862384.00
20140829,14.83,14.99,14.72,14.96,2769377,41394544.00
20140901,15.02,15.51,14.98,15.35,4383030,67379200.00
20140902,15.37,15.44,15.08,15.38,10828593,165358336.00
20140903,15.39,15.50,15.19,15.50,6307628,97281832.00
20140904,15.49,16.06,15.33,15.95,8778733,139294368.00
20140905,15.98,16.03,15.68,15.82,3992365,63366740.00
20140909,15.83,15.84,15.55,15.76,3699181,58290516.00
20140910,15.75,15.91,15.56,15.80,3876814,61310704.00
20140911,15.77,15.91,15.58,15.62,6768053,106990784.00
20140912,15.51,15.68,15.51,15.67,3464381,54345396.00
20140915,15.68,15.90,15.68,15.83,4903204,77801160.00
20140916,15.86,15.97,15.13,15.16,5954095,92973472.00
20140917,15.04,15.18,14.73,15.01,4374588,65521880.00
20140918,15.01,15.23,14.98,15.15,2278072,34584360.00
20140919,15.13,15.28,15.05,15.23,1662577,25319194.00
20140922,15.22,15.23,14.90,14.97,2100365,31626608.00
20140923,14.96,15.26,14.93,15.21,1709176,25864892.00
20140924,15.29,15.38,15.09,15.23,2639297,40447912.00
20140925,15.16,15.29,15.07,15.13,3235907,49304768.00
20140926,15.12,15.24,15.01,15.13,2185185,33159444.00
20140929,15.16,15.71,15.16,15.71,5599500,86982248.00
20140930,15.76,15.88,15.58,15.71,4647578,73530304.00
20141008,15.72,16.17,15.72,16.07,5198870,83444024.00
20141009,16.05,16.56,16.04,16.52,7955065,130749176.00
20141010,16.52,16.58,16.16,16.55,5910746,97443656.00
20141013,16.41,16.41,15.88,16.20,4294090,69372448.00
20141014,16.41,16.41,15.93,15.99,4484089,72402544.00
20141015,16.12,16.19,15.73,16.07,3026732,48329228.00
20141016,15.93,16.00,15.61,15.65,3841347,61067796.00
20141017,15.68,15.90,15.11,15.29,3424626,52870476.00
20141020,15.31,15.61,15.24,15.43,2374644,36887420.00
20141021,15.43,15.67,15.38,15.49,2012175,31413160.00
20141022,15.52,15.63,15.13,15.25,2040453,31611756.00
20141023,15.25,16.08,15.19,16.01,8264918,131497400.00
20141024,15.69,16.08,15.69,15.96,4097660,65301136.00
20141027,16.03,16.49,15.75,16.43,6346892,103459472.00
20141028,16.55,16.74,16.33,16.51,7069702,117098176.00
20141029,16.50,18.08,16.43,17.88,14906744,259029744.00
20141030,17.93,17.98,17.37,17.52,8494586,150594112.00
20141031,17.52,18.21,17.45,17.81,7534978,135840912.00
20141103,17.97,18.53,17.62,17.75,7565974,136170464.00
20141104,17.85,17.97,17.13,17.24,5192952,90506128.00
20141105,17.13,17.82,17.12,17.68,4725017,83576640.00
20141106,17.51,17.82,17.36,17.82,3449031,61217288.00
20141107,17.84,18.42,17.73,17.82,5526501,100338872.00
20141110,17.91,17.93,17.43,17.54,3392396,59766964.00
20141111,17.54,17.62,16.43,16.64,6290780,105914600.00
20141112,16.63,16.89,16.38,16.82,2363105,39600544.00
20141113,16.53,16.82,15.99,16.12,3608546,58872304.00
20141114,15.91,16.67,15.88,16.32,2645269,43575888.00
20141117,16.32,17.18,16.18,16.89,3422269,58002164.00
20141118,16.94,17.39,16.91,17.02,2233097,38353580.00
20141119,17.02,17.25,16.75,16.89,1585425,26917320.00
20141120,16.86,16.86,16.46,16.47,2126693,35367216.00
20141121,16.53,16.77,16.23,16.25,2966730,48884124.00
20141124,16.37,16.69,16.00,16.66,4626755,75450248.00
20141125,16.53,16.69,16.31,16.63,3491991,57922528.00
20141126,16.58,17.00,16.43,16.83,3829180,64330844.00
20141127,16.98,17.49,16.84,16.96,4692524,80794856.00
20141128,16.97,17.03,16.45,16.64,4748280,79399648.00
20141201,16.62,16.62,16.11,16.25,3804407,62139024.00
20141202,16.15,16.56,16.15,16.34,2515748,41386464.00
20141203,16.34,16.48,15.64,16.15,5141457,82939600.00
20141204,16.19,16.26,15.93,16.05,5213408,84052360.00
20141205,16.01,16.44,15.65,16.19,5762471,92576232.00
20141208,16.13,16.13,15.62,15.72,4692464,74710368.00
20141209,15.73,15.73,14.67,14.74,6225400,93935432.00
20141210,14.73,15.46,14.66,15.31,3212406,48649356.00
20141211,15.23,15.42,15.05,15.15,2246520,34267960.00
20141212,15.18,15.63,15.15,15.61,2498496,38941604.00
20141215,15.61,15.92,15.45,15.88,3108345,48972064.00
20141216,15.90,15.93,15.45,15.48,2327446,36504560.00
20141217,15.48,15.48,15.15,15.18,1916956,29331200.00
20141218,15.03,15.37,14.94,14.99,1967645,29894296.00
20141219,14.97,15.17,14.38,14.59,3020490,44456132.00
20141222,14.43,14.72,13.28,13.45,3563708,49145068.00
20141223,13.45,13.92,13.43,13.45,1976982,27015788.00
20141224,13.74,14.26,13.47,13.93,2137086,29729898.00
20141225,13.95,14.66,13.94,14.22,1795412,25857782.00
20141226,14.26,14.31,13.93,14.06,1899571,26873962.00
20141229,14.03,14.03,13.41,13.47,2827042,38755600.00
20141230,13.43,14.11,13.36,13.87,2072486,28518514.00
20141231,13.87,14.21,13.54,13.92,1920044,26824536.00
20150105,13.94,14.03,13.27,13.65,2299006,31207052.00
20150106,13.52,14.11,13.51,14.04,2646958,36958744.00
20150107,14.04,14.49,13.87,14.49,2881079,40993140.00
20150108,14.38,14.93,14.21,14.58,3289993,48288540.00
20150109,14.64,14.68,14.23,14.28,2252535,32604342.00
20150112,14.28,14.28,13.84,13.88,1940777,27256686.00
20150113,13.86,14.18,13.76,14.04,1167162,16408923.00
20150114,14.05,14.21,13.63,13.68,1654855,22985028.00
20150115,13.68,14.02,13.68,13.80,1653130,22998696.00
20150116,13.75,14.08,13.75,14.04,1326600,18599670.00
20150119,13.90,14.58,13.70,14.25,3687720,52912440.00
20150120,14.24,15.38,14.21,15.22,6207722,93661736.00
20150121,15.25,15.93,15.09,15.84,6753016,105733440.00
20150122,15.91,15.91,15.43,15.75,3655873,57552072.00
20150123,15.87,16.39,15.50,15.53,4757819,75916112.00
20150126,15.53,16.12,15.53,16.00,3927866,62854440.00
20150127,16.01,16.18,15.74,15.93,3794408,60859944.00
20150128,15.78,16.06,15.78,15.82,2362049,37771036.00
20150129,15.67,15.88,15.53,15.53,1815700,28546372.00
20150130,15.54,15.73,15.13,15.15,1694505,26060764.00
20150202,14.92,15.70,14.80,15.43,1654240,25669536.00
20150203,15.60,15.80,15.35,15.75,1907623,29895718.00
20150204,16.23,17.33,16.23,17.33,12745631,220071168.00
20150205,17.13,18.41,17.01,17.73,16740621,295079168.00
20150206,17.63,17.86,16.79,16.93,7460894,128803184.00
20150209,16.85,17.88,16.85,17.53,9103358,160235888.00
20150210,17.59,17.59,16.94,17.35,3640273,63003076.00
20150211,17.25,17.67,16.83,17.38,4996202,86158528.00
20150212,17.29,17.29,16.91,17.17,3637446,62508624.00
20150213,17.19,17.68,17.19,17.41,3997502,70018432.00
20150216,17.44,18.11,17.35,18.05,5332164,94513640.00
20150217,17.93,17.98,17.34,17.50,6214713,109177704.00
20150225,17.48,17.48,16.62,16.66,6018042,102151320.00
20150226,16.66,17.08,16.66,17.05,3756330,63912288.00
20150227,17.08,17.35,16.59,17.23,4280998,73517896.00
20150302,17.33,18.96,17.33,18.96,15465434,286079680.00
20150303,18.88,19.77,18.61,19.13,13679248,262188064.00
20150304,19.06,19.45,18.68,19.45,7691512,147300576.00
20150318,21.40,21.40,19.74,19.84,15870226,325576000.00
20150319,19.94,20.43,19.64,20.35,9425271,188885888.00
20150320,20.18,20.23,19.71,19.85,8395951,167587648.00
20150323,19.96,20.06,19.48,19.79,9289175,183302240.00
20150324,19.77,19.77,19.13,19.53,10244729,199787472.00
20150325,19.52,20.61,19.23,20.49,13467266,269961888.00
20150326,20.28,20.28,19.23,19.23,8720676,172324576.00
20150327,19.23,19.73,19.04,19.49,4104730,79887264.00
20150330,19.50,20.08,19.24,19.92,6191365,122021904.00
20150331,19.89,19.89,19.38,19.80,6138070,120785888.00
20150401,19.80,20.13,19.55,19.99,7523065,150827920.00
20150402,20.01,20.68,20.00,20.64,10711597,219879168.00
20150403,20.29,20.88,20.23,20.49,8585728,176811744.00
20150407,20.53,22.55,20.41,22.13,16950795,363034784.00
20150408,21.93,22.01,20.74,21.38,10535861,225891824.00
20150409,21.33,21.33,19.83,20.53,7056748,144148800.00
20150410,20.36,21.25,20.07,20.68,6620817,138292272.00
20150413,20.68,21.33,20.24,21.31,9262558,193540256.00
20150414,21.28,21.28,20.44,20.58,6582788,137295344.00
20150415,20.58,20.58,18.96,18.97,7065266,139853200.00
20150416,18.73,19.55,18.15,19.15,4311682,82239848.00
20150417,19.33,19.51,18.83,19.13,7069933,135788592.00
20150420,19.13,19.18,18.45,18.58,5294280,99853808.00
20150421,18.43,19.33,18.43,19.29,4846829,92685528.00
20150422,19.66,20.42,19.59,19.86,7200990,144243488.00
20150423,19.84,20.09,19.63,19.87,6098349,121643440.00
20150424,19.63,19.81,18.81,19.18,5931930,115231696.00
20150427,19.21,19.94,19.21,19.48,5592796,109745360.00
20150428,19.48,19.91,18.53,18.53,6064830,115661160.00
20150429,18.54,19.23,18.43,19.17,4494896,85359136.00
20150430,19.21,21.09,19.18,20.43,14863222,302653216.00
20150504,20.73,22.48,20.73,22.18,19411942,428765152.00
20150505,22.50,23.26,22.19,22.21,17545364,398326336.00
20150506,22.83,24.14,22.71,22.81,13865586,326419680.00
20150507,22.93,23.43,21.41,21.63,9875358,219358816.00
20150508,22.23,23.36,22.03,23.11,10299812,233838496.00
20150511,23.15,25.43,23.11,25.43,12977443,320257216.00
20150512,25.53,26.43,24.33,25.46,12795828,323103008.00
20150513,24.60,26.53,23.94,25.39,10237164,258156096.00
20150514,25.38,26.02,24.43,26.01,8758786,219718576.00
20150515,25.91,27.90,25.09,27.23,10263120,273017664.00
20150518,27.51,28.13,27.31,27.77,7414664,205738496.00
20150519,28.01,30.00,28.00,29.01,8629293,251338000.00
20150520,28.68,30.10,28.42,29.83,7808478,229312592.00
20150521,30.03,30.15,28.83,29.77,6461431,190359488.00
20150522,29.83,29.91,27.43,28.02,10322860,292603360.00
20150525,27.44,30.63,26.43,28.92,10018398,284068544.00
20150526,28.22,30.25,28.19,29.14,11549361,338659360.00
20150527,29.07,32.06,28.91,31.53,14748813,448437152.00
20150528,30.94,32.24,29.15,29.15,9064953,277284576.00
20150529,29.03,30.43,27.93,29.93,6920419,204021136.00
20150601,29.76,31.07,29.58,30.82,5536695,169911440.00
20150602,31.33,31.78,29.94,31.23,6628024,205744256.00
20150603,31.23,32.93,30.83,31.56,7277451,231846560.00
20150604,31.76,31.76,28.40,29.28,7725243,228134400.00
20150605,29.76,29.93,27.76,28.21,9232751,265692352.00
20150608,28.21,28.59,26.63,27.29,6503861,179218928.00
20150609,27.16,28.03,27.05,27.56,5846070,161733120.00
20150610,27.72,28.63,27.54,28.29,7314175,206415136.00
20150611,28.56,29.22,28.37,28.73,6672535,192476704.00
20150612,28.73,29.07,27.73,28.87,12071638,340724608.00
20150615,28.83,31.43,27.83,30.59,13645833,405374752.00
20150616,29.73,29.73,27.52,27.80,8536831,244619856.00
20150617,27.33,28.11,26.16,27.74,5818056,157646864.00
20150618,27.83,28.13,26.01,26.03,3574738,97868440.00
20150619,25.53,25.77,23.93,23.93,5544159,138361376.00
20150623,23.92,24.51,22.92,24.45,3889853,92717264.00
20150624,24.50,26.39,24.46,25.31,6161840,155590256.00
20150625,25.51,25.86,24.00,24.50,5494672,138573056.00
20150626,23.88,23.88,22.04,22.04,6813516,155109216.00
20150629,22.83,22.83,19.83,19.83,6384037,130011992.00
20150630,17.84,21.43,17.84,21.31,9095196,174685536.00
20150701,20.52,21.73,19.17,19.17,6908012,142391168.00
20150702,18.43,19.73,17.25,17.25,7172127,130061160.00
20150703,15.52,18.75,15.52,16.13,11169361,184473296.00
20150706,17.75,17.75,14.51,15.19,12239328,195627792.00
20150707,14.68,14.74,13.66,14.43,11046313,154716320.00
20150708,12.98,14.08,12.98,13.66,6090942,80949728.00
20150714,15.03,15.03,15.03,15.03,56017,845856.69
20150715,16.54,16.54,15.67,16.12,17858607,291695808.00
20150716,16.11,17.32,15.23,17.13,13762402,230706800.00
20150717,17.13,18.85,17.13,18.82,9562497,174424752.00
20150720,19.21,19.83,18.18,18.66,12891290,246965152.00
20150721,18.42,19.30,17.97,19.03,8236475,155430624.00
20150722,18.62,19.47,18.33,18.95,7300712,138455744.00
20150723,18.97,19.47,18.62,19.21,10365056,198488096.00
20150724,19.15,19.80,18.58,18.81,10743333,208826272.00
20150727,18.55,20.65,18.17,18.81,20218239,399766496.00
20150728,17.30,19.67,17.27,17.95,10110662,184541280.00
20150729,18.52,19.47,17.50,19.47,9784481,179903616.00
20150730,19.79,19.96,18.35,18.47,10228556,198428432.00
20150731,18.17,18.78,17.25,17.62,8540968,154449872.00
20150803,16.97,17.34,15.86,15.86,6418856,105652008.00
20150804,15.86,17.13,15.86,17.13,5789313,96178096.00
20150805,17.34,17.68,16.65,16.94,5081527,87435864.00
20150806,16.57,17.33,16.43,17.20,3785320,64983504.00
20150807,17.44,18.17,17.27,17.89,7063137,125338392.00
20150810,18.37,19.47,18.02,19.18,6766769,127365368.00
20150811,19.37,19.41,18.50,18.77,7867468,149223264.00
20150812,18.47,19.22,18.27,18.90,6276131,118294408.00
20150813,18.47,19.03,17.98,19.00,5584250,104264504.00
20150814,19.07,19.97,18.97,19.17,8091667,158109712.00
20150817,19.17,19.41,18.54,19.29,5980506,113722088.00
20150818,19.29,19.43,17.36,17.36,8892498,163057328.00
20150819,16.97,17.75,16.27,17.43,8339737,142475360.00
20150820,17.15,17.96,17.07,17.45,4152409,72739240.00
20150821,17.25,17.52,15.95,15.97,5236912,86680128.00
20150824,15.37,15.37,14.37,14.37,4431400,64284004.00
20150825,12.93,13.57,12.93,12.93,5895770,76731432.00
20150826,13.07,13.37,11.67,11.74,7386113,92229032.00
20150827,12.33,12.44,11.67,12.25,4897161,59442964.00
20150828,12.57,13.27,12.52,13.25,5527766,70848960.00
20150831,13.42,13.85,12.97,12.97,6356178,85369584.00
20150901,12.84,12.84,11.67,11.67,4875053,58895812.00
20150902,10.65,12.12,10.65,11.02,5704028,63934072.00
20150907,11.38,11.86,11.19,11.39,4117997,47425052.00
20150908,11.45,12.34,11.21,12.32,4691570,55072460.00
20150909,12.54,13.22,12.47,13.11,6299197,81373648.00
20150910,13.07,13.32,12.78,13.01,3937387,51483864.00
20150911,13.03,13.27,12.87,13.07,3236927,42370116.00
20150914,13.06,13.36,11.76,11.79,6928519,87409256.00
20150915,11.47,11.96,10.83,10.92,3735815,42266452.00
20150916,11.02,12.02,11.02,12.02,3328089,38376036.00
20150917,12.07,12.57,11.85,11.85,5374652,65858216.00
20150918,11.94,12.25,11.47,12.14,3400389,40501180.00
20150921,12.06,13.36,11.82,13.36,7601297,97816128.00
20150922,13.49,13.51,12.95,13.15,7594790,100754848.00
20150923,12.89,13.40,12.69,13.17,6008081,79119848.00
20150924,13.24,13.55,13.17,13.30,4475510,59710240.00
20150925,13.27,13.42,12.67,12.84,4720120,61640500.00
20150928,13.14,14.13,12.90,14.13,9322524,128890424.00
20150929,13.96,14.96,13.72,14.90,10421995,151464112.00
20150930,14.67,15.30,14.28,15.20,7920498,116962152.00
20151008,15.47,16.38,15.27,15.76,7730285,121596168.00
20151009,15.57,15.82,15.32,15.55,4689108,73064448.00
20151012,15.55,16.34,15.47,16.06,5249902,84238808.00
20151013,15.87,16.12,15.58,15.97,3558804,56507196.00
20151014,15.53,16.04,15.53,15.55,3667927,57710892.00
20151015,15.42,16.07,15.24,15.94,5569286,88037072.00
20151016,16.16,16.72,16.12,16.56,6930786,114256984.00
20151019,16.62,16.62,15.78,16.12,5113730,82733480.00
20151020,15.87,16.27,15.78,16.24,5182382,83319064.00
20151021,16.24,16.25,14.61,14.62,6965624,106446384.00
20151022,14.59,15.26,13.85,14.84,8220455,120614360.00
20151023,14.87,16.02,14.87,15.87,8321163,127060672.00
20151026,15.99,16.62,15.49,16.41,9206642,148186480.00
20151027,16.27,16.79,15.52,16.62,6926688,112474264.00
20151028,16.77,16.77,15.52,15.82,5274430,85922552.00
20151029,16.46,16.47,15.73,16.24,4867770,78803024.00
20151030,16.05,16.36,15.85,15.91,4052350,65466888.00
20151102,15.53,16.36,15.27,15.76,3779620,60403028.00
20151103,15.80,16.18,15.57,15.97,3609910,57618712.00
20151104,16.15,17.27,15.99,17.13,7654910,127810104.00
20151105,16.99,17.33,16.67,17.00,5644476,96286304.00
20151106,17.12,17.56,17.06,17.41,4953867,86192488.00
20151109,17.19,18.08,16.85,17.66,6937447,122435104.00
20151110,17.67,18.76,17.38,17.76,7361331,133283624.00
20151111,17.87,18.87,17.38,18.69,8108792,148014432.00
20151112,18.69,19.95,18.45,19.53,11076105,212238912.00
20151113,19.08,19.57,18.58,18.97,7028204,133942152.00
20151116,18.48,20.25,18.47,20.21,8738662,170419664.00
20151117,20.24,20.81,19.24,19.24,11670069,232536688.00
20151118,19.26,19.93,18.77,19.19,5009164,97015456.00
20151119,19.20,19.90,19.09,19.77,4759168,93176368.00
20151120,19.87,19.92,19.37,19.49,6196152,121394608.00
20151123,19.56,21.17,19.53,20.52,9394371,194210320.00
20151124,20.29,22.20,20.03,21.77,10878338,232012464.00
20151125,22.36,23.95,21.77,23.58,14310391,332943072.00
20151126,23.21,25.94,22.67,24.82,15242449,375612576.00
20151127,24.56,25.17,22.34,22.37,11050287,263780736.00
20151130,22.95,22.97,20.13,22.44,9311437,202426208.00
20151201,21.59,22.36,20.63,20.77,7686921,165414832.00
20151202,20.95,20.98,18.69,19.87,7464372,147872544.00
20151203,19.97,21.19,19.97,21.16,4870102,100004416.00
20151204,20.97,22.22,19.98,21.62,6380131,137556032.00
20151207,21.37,21.80,20.95,21.37,3754539,79954216.00
20151208,21.33,21.65,20.59,20.66,3476328,73492072.00
20151209,20.19,20.52,19.66,19.77,5376595,107175744.00
20151210,19.87,21.17,19.67,20.56,4953407,101876648.00
20151211,20.40,21.01,19.78,20.78,3607973,73261216.00
20151214,20.57,22.35,20.22,21.98,6032123,130391392.00
20151215,22.47,23.27,21.85,22.28,4738158,107466560.00
20151216,22.25,23.13,21.87,22.57,4835981,109143936.00
20151217,22.63,23.52,22.53,23.24,5393624,124013576.00
20151218,23.32,24.17,22.78,23.37,4423850,103901560.00
20151221,23.38,23.38,22.47,22.72,3889848,88615192.00
20151222,22.72,22.72,21.99,22.31,3417882,76213144.00
20151223,22.47,23.13,22.23,22.48,3797557,86400776.00
20151224,22.87,23.32,22.28,23.24,4527844,104128264.00
20151225,23.17,23.61,22.77,22.94,3987431,92460920.00
20151228,23.37,23.97,22.67,22.77,6398574,149664592.00
20151229,22.78,22.78,21.75,22.27,8679430,191343360.00
20151230,22.38,23.12,21.96,23.06,4836913,108497208.00
20151231,23.57,25.37,23.47,24.67,12778836,314323360.00
20160104,24.26,24.26,22.20,22.20,6174745,140408768.00
20160105,19.98,22.19,19.98,20.48,7037205,146419152.00
20160106,20.98,20.98,19.24,20.52,7300185,146948496.00
20160107,20.17,20.22,18.47,18.47,1125600,21596076.00
20160108,18.85,19.03,16.67,18.23,5781754,104849664.00
20160111,17.97,17.97,16.40,16.40,4296103,73072256.00
20160112,15.91,16.50,15.07,15.40,4194862,66374148.00
20160113,16.15,16.66,15.25,15.25,5462989,88136976.00
20160114,14.15,16.57,14.12,16.55,6032287,95492368.00
20160115,16.26,17.34,15.87,16.03,5937292,99921608.00
20160118,15.97,16.99,14.99,16.51,3659246,59924192.00
20160119,16.27,17.12,16.12,16.97,2988692,50063108.00
20160120,16.87,17.31,16.37,16.59,3524850,59362036.00
20160121,16.37,16.86,15.77,15.82,2799765,45492960.00
20160122,16.22,16.27,15.37,16.08,2508784,39948960.00
20160125,16.17,16.56,15.79,16.27,2088621,33963112.00
20160126,15.97,15.97,14.64,14.64,2513524,38599952.00
20160127,14.77,14.98,13.17,14.05,4333392,60617368.00
20160128,13.77,14.36,13.34,13.54,4795899,66771688.00
20160129,13.62,14.84,13.47,14.61,3282186,47255688.00
20160201,14.47,14.75,13.89,14.20,1698959,24378330.00
20160202,14.45,14.87,14.18,14.67,2065053,30329996.00
20160203,14.46,14.93,14.00,14.77,1984173,28768066.00
20160204,14.88,15.49,14.88,15.26,2527596,38598924.00
20160205,15.55,15.82,15.24,15.26,2181981,33862672.00
20160215,14.80,15.59,14.47,15.48,2232262,33960536.00
20160216,15.49,16.57,15.48,16.52,3963705,63468584.00
20160217,16.24,16.59,15.97,16.38,3678849,59742876.00
20160218,16.47,16.47,15.97,16.15,3058957,49442620.00
20160219,16.16,16.31,15.99,16.05,2314449,37349644.00
20160222,16.25,16.66,16.07,16.52,4317684,70923448.00
20160223,16.65,16.85,16.37,16.61,3136738,52107528.00
20160224,16.65,17.56,16.42,17.36,5344241,91478232.00
20160225,17.36,17.36,15.68,15.84,4060782,66757960.00
20160226,16.07,16.44,15.23,15.83,4352390,68692272.00
20160229,15.77,16.06,14.24,14.24,2590146,37796860.00
20160301,14.45,14.80,13.40,14.26,3646897,50977848.00
20160302,13.98,15.37,13.83,15.21,3846169,56444748.00
20160303,15.10,15.82,14.98,15.19,4083478,63286220.00
20160304,15.19,15.37,14.15,14.96,3466771,51250972.00
20160307,15.02,15.43,14.97,15.21,3017614,46044084.00
20160308,15.15,15.96,13.72,15.77,4040623,61181416.00
20160309,15.22,16.85,15.22,16.67,6328486,102734328.00
20160310,16.50,17.10,16.27,16.77,6102120,102262408.00
20160311,16.52,17.40,16.47,17.17,8421889,143670080.00
20160314,17.37,17.90,16.82,17.66,8209907,143881712.00
20160315,17.47,17.51,16.83,16.91,4884740,84048776.00
20160316,17.25,17.55,16.49,16.73,4052233,68761624.00
20160317,16.73,17.41,16.47,17.14,4696490,80235288.00
20160318,16.97,17.95,16.97,17.84,7487409,131132200.00
20160321,18.32,18.33,17.50,18.33,7621223,136259600.00
20160322,18.13,18.17,17.67,17.73,5568930,99869168.00
20160323,17.68,17.95,17.19,17.67,4156722,73000696.00
20160324,17.58,17.58,17.14,17.25,5432191,94351408.00
20160325,17.27,17.49,17.04,17.28,3409097,58904192.00
20160328,17.30,18.31,17.28,17.52,5480590,97626320.00
20160329,17.57,17.71,16.53,16.93,2976811,50916088.00
20160330,16.94,17.67,16.94,17.67,3870352,67224560.00
20160331,17.74,17.97,17.59,17.71,3985194,70955560.00
20160401,17.71,18.36,17.54,17.66,4106976,73747656.00
20160405,17.73,18.62,17.66,18.45,4692178,85623496.00
20160406,18.37,18.76,18.07,18.20,2966091,54528980.00
20160407,18.26,18.32,17.45,17.55,4332940,76704528.00
20160408,17.55,17.75,17.07,17.41,2529043,43821124.00
20160411,17.67,17.82,17.48,17.73,3145604,55736240.00
20160412,17.75,18.14,17.44,17.61,2742699,48862796.00
20160413,17.86,18.29,17.86,17.93,4021769,72891936.00
20160414,18.75,18.75,17.85,18.03,5775141,105150376.00
20160415,18.08,18.10,17.65,17.85,2102187,37556864.00
20160418,17.81,18.11,17.55,17.90,2585101,46116888.00
20160419,17.86,18.09,17.67,17.87,1921068,34387860.00
20160420,17.76,18.02,16.52,16.61,3947454,67159224.00
20160421,16.42,16.93,15.98,16.10,3106116,51036348.00
20160422,16.04,16.25,15.77,16.18,2491929,40005328.00
20160425,16.17,16.49,15.77,16.03,1944484,31097338.00
20160426,16.21,16.25,15.85,16.19,2462929,39662688.00
20160427,16.20,16.75,16.03,16.32,2795694,45794100.00
20160428,16.48,17.03,16.30,17.03,3256274,54528948.00
20160429,16.95,17.15,16.52,16.85,1957968,33334510.00
20160503,16.69,17.47,16.63,17.38,2599476,44751420.00
20160504,17.27,17.55,17.07,17.28,1761880,30571882.00
20160505,17.42,17.42,17.04,17.23,1098137,18942816.00
20160506,17.23,17.33,16.47,16.47,2044448,34522540.00
20160509,16.07,16.37,16.02,16.02,2018711,32708908.00
20160510,15.97,16.12,15.90,15.99,843280,13526653.00
20160511,16.15,16.42,15.51,16.31,2199196,35559844.00
20160512,16.02,16.58,15.70,16.56,1281620,20742668.00
20160513,16.65,16.85,16.34,16.62,1825809,30360662.00
20160516,16.47,16.85,16.35,16.80,3025199,50209744.00
20160517,16.84,16.92,16.52,16.80,1837913,30696940.00
20160518,16.76,16.76,16.37,16.65,1808390,29969434.00
20160519,16.65,17.32,16.65,17.12,1946527,33232406.00
20160520,17.12,17.65,16.95,17.27,1814754,31429606.00
20160523,17.28,18.16,17.28,18.04,3650845,65342348.00
20160524,18.08,18.17,17.67,18.05,2110455,37841792.00
20160525,18.01,18.12,17.72,17.73,2130816,38117336.00
20160526,17.78,17.81,17.13,17.77,1943217,34173792.00
20160527,17.67,17.92,17.49,17.62,1580168,27970774.00
20160530,17.48,17.75,17.17,17.40,1669708,29255374.00
20160531,17.42,18.02,17.38,17.93,3443248,61467388.00
20160601,17.97,19.15,17.87,19.02,10180006,190630064.00
20160602,18.72,19.03,18.52,18.87,8010942,150935280.00
20160603,18.88,18.92,18.45,18.52,4556575,84927120.00
20160606,18.47,18.67,18.11,18.37,2195388,40311712.00
20160607,18.47,19.30,18.30,19.25,5203647,98619808.00
20160608,19.18,19.25,18.65,18.84,3035314,57483832.00
20160613,18.31,18.73,16.98,17.63,3184433,58065404.00
20160614,17.57,17.87,17.44,17.74,1300854,22974816.00
20160615,17.58,18.62,17.35,18.54,3355087,61554012.00
20160616,18.54,18.78,18.29,18.30,2671900,49298044.00
20160617,18.49,19.22,18.32,18.89,5170414,97433280.00
20160620,18.95,19.76,18.79,19.62,6544985,126278000.00
20160621,19.44,19.62,18.67,18.92,4143676,79881840.00
20160622,18.79,19.59,18.65,19.47,3235564,61820352.00
20160623,19.54,19.54,18.94,19.15,2812546,53987820.00
20160624,18.99,20.47,18.55,19.87,5689427,111149768.00
20160627,19.67,20.85,19.67,20.36,4108029,84053848.00
20160628,20.17,21.25,20.17,21.01,4975288,104492264.00
20160629,21.01,21.57,20.76,21.32,4421853,93685064.00
20160630,21.37,21.86,20.87,21.57,5336664,114058336.00
20160701,21.70,21.88,21.22,21.42,1919902,41166604.00
20160704,21.42,22.35,21.00,22.23,3569576,77917952.00
20160705,22.38,22.68,21.85,22.26,3718216,82350104.00
20160706,22.26,22.64,21.91,21.92,1733401,38411692.00
20160707,21.87,22.82,21.74,22.82,4215611,93863768.00
20160708,23.11,23.22,22.16,22.70,4432614,101614720.00
20160711,22.76,23.12,22.38,22.70,3753412,85427208.00
20160712,22.73,22.87,21.67,22.27,4208734,93071736.00
20160713,22.49,22.49,21.39,21.74,4401103,96778800.00
20160714,21.72,22.16,21.24,21.69,3005256,64986164.00
20160715,21.68,21.89,20.80,20.87,6623372,139952656.00
20160718,20.79,21.47,20.79,20.98,5336126,112317128.00
20160719,21.09,21.26,20.44,20.80,3105867,64422812.00
20160720,20.71,21.11,20.58,20.79,2878765,59939924.00
20160721,20.79,21.24,20.72,20.93,2525385,52813124.00
20160722,20.81,21.24,20.75,21.14,2292122,48278400.00
20160725,21.19,22.37,21.05,22.32,5445863,118660864.00
20160726,22.32,23.94,22.19,23.51,6653425,155065072.00
20160727,23.68,24.14,21.90,23.17,5475278,126115832.00
20160728,23.09,23.29,22.29,23.18,3616522,82612680.00
20160729,23.18,23.99,22.80,23.68,5111402,119764064.00
20160801,23.79,23.84,22.00,23.06,3433069,78556736.00
20160802,22.79,23.07,22.10,23.07,2119601,48323692.00
20160803,22.94,23.99,21.15,21.41,11168321,254468992.00
20160804,21.64,22.05,20.82,21.80,4578457,98690536.00
20160805,21.50,22.48,21.50,21.89,3719246,81864864.00
20160808,21.99,22.39,21.59,21.71,3055461,66989864.00
20160809,22.05,22.05,21.15,21.40,3310934,71267472.00
20160810,21.58,21.85,21.35,21.50,1923700,41428036.00
20160811,21.50,21.50,20.99,21.24,1899697,40301364.00
20160812,21.12,21.87,21.10,21.64,2048033,44061844.00
20160815,21.70,22.33,21.50,22.04,3124976,68344952.00
20160816,22.14,22.46,21.67,22.06,2812896,61827216.00
20160817,22.08,22.45,21.84,22.06,2037722,44897108.00
20160818,22.11,22.11,21.50,21.67,1938250,42287588.00
20160819,21.00,21.72,21.00,21.72,1836794,39355544.00
20160822,21.65,21.70,21.15,21.20,1266149,27045028.00
20160823,21.20,21.38,20.94,21.21,2241882,47388636.00
20160824,21.16,21.34,20.84,21.00,2356000,49503464.00
20160825,21.00,21.13,20.61,20.74,1169779,24297294.00
20160826,20.93,21.73,20.73,21.16,2543284,54281172.00
20160829,21.27,22.09,21.17,21.43,2131660,45821620.00
20160830,21.45,22.07,21.43,21.71,2782034,60653016.00
20160831,21.75,21.85,21.49,21.65,1490800,32344214.00
20160901,21.78,21.78,21.40,21.47,1131838,24419454.00
20160902,21.35,21.77,20.94,21.34,1951357,41557756.00
20160905,21.32,21.59,21.22,21.54,1538241,32838958.00
20160906,21.42,21.58,21.09,21.54,1197400,25680614.00
20160907,21.54,21.75,21.47,21.56,1957011,42250992.00
20160908,21.50,22.07,21.37,22.06,3490765,75983520.00
20160909,22.08,22.99,21.91,22.90,8652682,195884128.00
20160912,22.55,23.49,22.33,22.96,6277632,143863376.00
20160913,22.84,23.94,22.82,23.87,8999685,210324032.00
20160914,23.77,23.86,23.09,23.56,4855690,113854896.00
20160919,23.49,24.09,22.94,23.11,8840414,207220048.00
20160920,23.39,23.39,22.59,22.84,7912872,182533152.00
20160921,22.84,23.06,21.95,21.96,6243701,139062896.00
20160922,22.05,22.16,21.68,21.81,4477527,98071728.00
20160923,21.81,21.90,21.12,21.12,3719595,79909472.00
20160926,21.14,21.38,20.88,20.89,3048699,64404932.00
20160927,20.80,21.37,20.80,21.37,2258246,47930052.00
20160928,21.38,21.53,21.21,21.21,1286265,27442748.00
20160929,21.14,21.48,21.14,21.18,1527044,32522156.00
20160930,21.29,21.47,21.00,21.39,857133,18286060.00
20161010,21.39,21.89,21.31,21.75,2758145,59652240.00
20161011,21.71,21.82,21.38,21.45,2038441,43859100.00
20161012,21.49,21.53,21.30,21.50,1025397,21956534.00
20161013,21.40,21.55,21.19,21.26,1640356,34968940.00
20161014,21.37,21.47,21.25,21.43,1307132,27936014.00
20161017,21.39,21.75,21.24,21.25,1702008,36557480.00
20161018,21.24,21.55,21.24,21.49,1272200,27275944.00
20161019,21.49,21.64,21.27,21.48,1292468,27664140.00
20161020,21.48,21.97,21.38,21.81,2238778,48645896.00
20161021,21.81,21.92,21.32,21.36,2902686,62483880.00
20161024,21.24,21.73,21.03,21.67,3594225,77300208.00
20161025,21.48,21.77,21.40,21.72,2566935,55419916.00
20161026,21.84,21.84,21.34,21.49,1982920,42824092.00
20161027,21.49,21.66,21.04,21.35,2226563,47563612.00
20161028,21.34,21.54,21.19,21.38,1414370,30228564.00
20161031,21.57,21.57,21.34,21.54,849397,18229314.00
20161101,21.84,22.48,21.55,22.30,3654962,80974032.00
20161102,22.21,22.91,21.49,21.72,3930613,87577472.00
20161103,21.30,21.89,21.30,21.74,3181092,69085632.00
20161104,21.81,22.49,21.34,21.94,3041606,66907544.00
20161107,21.79,22.57,21.79,22.44,2567694,57214856.00
20161108,22.50,22.67,22.29,22.40,1425701,31950274.00
20161109,22.55,22.66,22.00,22.43,2590576,58018032.00
20161110,22.49,22.71,22.35,22.46,1678940,37760508.00
20161111,22.57,22.57,21.99,21.99,2196150,49015808.00
20161114,22.10,22.16,21.79,21.95,1982013,43430504.00
20161115,21.89,22.04,21.56,21.99,2113395,46092084.00
20161116,21.89,22.54,21.85,22.36,3713589,82613104.00
20161117,22.29,22.62,22.09,22.51,2553076,57239648.00
20161118,22.47,22.78,22.31,22.33,3081342,69342376.00
20161121,22.37,23.15,22.32,22.86,4875602,111595368.00
20161122,22.84,23.69,22.77,23.12,6165782,143372960.00
20161123,23.02,23.48,22.29,22.64,4632641,106026824.00
20161124,22.84,23.04,22.45,22.66,2645922,60180388.00
20161125,22.84,22.97,22.49,22.91,2227912,50720268.00
20161128,22.69,23.72,22.69,23.19,2646782,61459260.00
20161129,23.62,24.48,23.15,23.31,8348614,196191488.00
20161130,23.29,23.97,22.83,23.12,3715906,85811232.00
20161201,23.59,23.59,22.85,23.34,2378757,55255068.00
20161202,23.41,23.67,23.25,23.48,2733935,63995664.00
20161205,23.44,24.29,23.22,24.01,6444356,152989472.00
20161206,24.28,24.78,23.81,24.47,5820696,141509728.00
20161207,24.23,25.17,24.10,25.00,4695653,115115760.00
20161208,24.82,25.49,24.49,24.64,6729329,168192096.00
20161209,24.75,25.37,24.54,25.05,5844349,146005024.00
20161212,24.90,25.98,23.80,23.98,7629572,187116656.00
20161213,23.88,24.87,21.64,24.86,4584947,109859024.00
20161214,24.99,26.97,24.52,26.26,8313683,215553520.00
20161215,26.25,26.46,25.81,26.00,3402390,88566912.00
20161216,25.51,27.22,25.51,27.22,5918941,158575472.00
20161219,27.49,28.87,27.29,28.64,8569453,241723696.00
20161220,28.29,28.97,28.10,28.28,5168976,147224768.00
20161221,28.32,30.34,28.32,30.11,10315903,303724768.00
20161222,30.09,30.09,28.79,29.50,6805968,200763936.00
20161223,29.69,29.69,28.35,28.49,4939038,142161936.00
20161226,28.31,29.59,28.31,29.08,7705060,223055920.00
20161227,29.41,30.99,28.90,30.05,5057939,148941728.00
20161228,29.99,30.26,29.49,29.74,4040296,120340504.00
20161229,29.79,30.29,29.47,29.89,8462949,253170704.00
20161230,29.97,30.29,29.55,30.01,6168531,184316928.00
20170103,29.99,29.99,28.69,29.41,6443470,188114048.00
20170104,29.77,29.87,28.88,29.44,9601923,284104832.00
20170105,29.51,29.79,28.22,28.25,11221668,328997664.00
20170106,28.22,28.99,27.39,28.59,13072162,371809952.00
20170109,27.97,28.70,25.73,25.73,15220659,398973152.00
20170110,23.49,25.69,23.16,23.16,21805700,505855424.00
20170111,20.89,22.38,20.84,20.84,33782679,718982848.00
20170112,20.38,20.75,20.02,20.49,21232119,432642720.00
20170113,20.19,20.47,19.04,19.09,18438139,364062816.00
20170116,19.10,19.16,17.18,17.18,16896993,305514464.00
20170117,17.16,18.09,17.01,17.99,19150868,336202016.00
20170118,17.89,17.89,17.29,17.49,12261730,215569648.00
20170119,17.55,17.96,17.41,17.52,10655428,188371072.00
20170120,17.48,17.95,17.34,17.94,10345360,183965776.00
20170123,17.99,18.29,17.79,18.02,10872071,195761008.00
20170124,17.99,18.01,17.40,17.62,9588806,169930784.00
20170125,17.39,17.77,17.32,17.57,6748675,118909472.00
20170126,17.57,17.70,17.24,17.29,6511994,113636824.00
20170203,17.34,17.57,17.04,17.55,5875757,102099528.00
20170206,17.58,17.86,17.35,17.86,7580843,134005896.00
20170207,17.94,17.97,17.64,17.79,6774980,120644152.00
20170208,17.81,18.27,17.50,18.19,9012650,161128656.00
20170209,18.19,18.65,18.00,18.42,13057500,238996368.00
20170210,18.41,18.41,17.85,17.85,10434359,188800384.00
20170213,17.74,18.02,17.63,17.91,7616723,135831200.00
20170214,17.94,17.94,17.63,17.79,5454520,96860504.00
20170215,17.91,17.95,17.32,17.44,6569099,115857544.00
20170216,17.44,17.56,17.25,17.41,4981717,86799240.00
20170217,17.41,17.54,17.09,17.14,5048603,87312544.00
20170220,17.19,17.19,16.60,16.93,6876763,115993088.00
20170221,17.00,17.64,16.86,17.51,8367109,145302544.00
20170222,17.43,17.75,17.35,17.61,6085808,106834840.00
20170223,17.63,17.72,17.37,17.68,5945281,104153400.00
20170224,17.69,17.95,17.60,17.86,7510199,133961312.00
20170227,17.98,17.98,17.49,17.54,5378157,95480040.00
20170228,17.54,17.63,17.25,17.31,4931983,85762680.00
20170301,17.33,17.66,17.23,17.46,4716188,82518824.00
20170302,17.54,17.67,17.01,17.02,6787125,117014328.00
20170303,17.02,17.34,16.90,17.16,4431130,76104216.00
20170306,17.22,17.56,17.12,17.52,5481318,95356360.00
20170307,17.79,18.14,17.68,17.90,9593650,171723296.00
20170308,18.00,18.09,17.71,17.71,7147460,127759616.00
20170309,17.80,17.90,17.28,17.44,6008685,105254888.00
20170310,17.53,17.53,17.31,17.34,4060072,70762232.00
20170313,17.39,17.68,17.19,17.68,5254550,91738072.00
20170314,17.77,17.86,17.43,17.53,5148363,90575160.00
20170315,17.45,17.63,17.31,17.36,4761377,83031352.00
20170316,17.25,17.58,17.25,17.58,6054635,105618520.00
20170317,17.59,17.68,17.27,17.29,8862801,155141824.00
20170320,17.29,17.33,16.97,17.27,5455930,93664392.00
20170321,16.99,17.24,16.91,17.05,6027752,102971208.00
20170322,17.08,17.19,16.58,16.58,9008077,151827312.00
20170323,16.48,16.67,15.87,16.15,9084230,147976272.00
20170324,16.19,16.21,15.88,16.16,6896148,110657696.00
20170327,16.20,16.38,16.00,16.11,6615165,107194696.00
20170328,16.10,16.22,15.98,16.02,4597434,74015984.00
20170329,16.05,16.14,15.65,15.67,5301967,84035984.00
20170330,15.62,15.74,14.90,14.98,7753953,118274216.00
20170331,14.92,15.38,14.91,15.16,5281227,80039768.00
20170405,15.18,15.43,15.08,15.42,4273432,65523224.00
20170406,15.43,15.92,15.36,15.78,6141456,96177784.00
20170407,15.77,15.77,15.36,15.38,4796518,74391408.00
20170410,15.24,15.42,14.79,14.83,5111073,76636080.00
20170411,14.83,15.06,14.80,15.05,4624616,69146248.00
20170412,15.00,15.43,15.00,15.04,4621618,70450592.00
20170413,14.92,15.26,14.92,14.96,3223223,48620960.00
20170414,14.97,14.99,14.54,14.55,4642755,68403872.00
20170417,14.59,14.63,14.01,14.17,4539991,64758144.00
20170418,14.14,14.43,14.01,14.07,2739132,38987128.00
20170419,14.08,14.14,13.51,13.74,4029660,55225248.00
20170420,13.64,13.84,13.31,13.54,3778884,51207408.00
20170421,13.53,13.66,13.41,13.43,2565538,34714196.00
20170424,13.47,13.47,12.71,12.76,3414100,44336584.00
20170425,12.74,13.01,12.74,12.85,2630541,33921752.00
20170426,12.83,13.09,12.77,12.89,2286804,29600282.00
20170427,12.88,13.34,12.57,13.08,4263001,55326132.00
20170428,13.09,13.39,13.00,13.27,3077066,40677552.00
20170502,13.16,13.34,13.08,13.22,2754863,36385436.00
20170503,13.23,13.33,13.09,13.23,2150953,28412622.00
20170504,13.21,13.39,13.08,13.24,2614910,34721544.00
20170505,13.23,13.64,13.14,13.34,4443853,59581676.00
20170508,13.35,14.17,13.28,13.89,8259433,114405544.00
20170509,13.75,13.78,13.34,13.64,5249270,71210848.00
20170510,13.69,13.77,12.83,12.92,5237594,69932840.00
20170511,12.77,12.81,12.02,12.37,4689727,58287332.00
20170512,12.28,12.35,11.99,12.11,2967487,36116820.00
20170515,12.22,12.34,12.07,12.08,1902082,23187550.00
20170516,12.09,12.47,11.85,12.45,3565853,43395236.00
20170517,12.47,12.65,12.36,12.38,3108751,38836460.00
20170518,12.27,13.25,12.22,12.85,6214325,79272008.00
20170519,12.74,12.87,12.63,12.65,2844185,36235916.00
20170522,12.62,12.85,12.21,12.26,2637695,33035810.00
20170523,12.30,12.31,11.71,11.76,2837326,33941284.00
20170524,11.70,11.92,11.31,11.83,2357783,27422004.00
20170525,11.84,12.15,11.43,12.01,2557117,30257046.00
20170526,12.04,12.08,11.90,11.95,1423668,17072684.00
20170531,12.14,12.18,11.81,11.82,1825096,21958910.00
20170601,11.78,11.78,11.37,11.40,2199036,25396244.00
20170602,11.32,11.70,11.21,11.56,1950739,22307158.00
20170605,11.68,11.76,11.53,11.67,1616920,18878884.00
20170606,11.61,11.95,11.60,11.86,2086648,24650502.00
20170607,11.84,12.28,11.79,12.20,2938651,35409612.00
20170608,12.30,13.00,12.25,12.79,8584841,108139368.00
数据来源:通达信
