300275 梅安森 日线 前复权
      日期	    开盘	    最高	    最低	    收盘	    成交量	    成交额
20111102,13.23,14.08,13.15,13.88,10732329,420660128.00
20111103,14.22,15.09,14.01,14.01,7090109,294819168.00
20111104,14.01,14.42,13.87,14.21,3891321,158826192.00
20111107,13.86,14.08,13.52,13.96,2707812,107641568.00
20111108,13.87,15.11,13.79,14.62,4679479,195386176.00
20111109,14.51,14.92,14.30,14.91,3262642,137412016.00
20111110,14.63,15.43,14.62,15.00,3565447,153587088.00
20111111,15.01,15.11,14.26,14.35,2913691,122530088.00
20111114,14.57,14.84,14.42,14.68,2494932,105091704.00
20111115,14.52,14.74,14.36,14.58,1639643,68624904.00
20111116,14.57,14.99,14.24,14.39,1459542,61658008.00
20111117,14.30,15.17,14.30,14.88,2878868,122871576.00
20111118,15.19,15.93,15.12,15.29,4427018,196340208.00
20111121,15.16,15.33,14.12,15.01,2033356,86782376.00
20111122,14.74,14.88,14.07,14.38,1760034,73192520.00
20111123,14.52,15.11,14.45,14.54,1385511,58783708.00
20111124,14.22,14.54,14.10,14.42,1030706,42566616.00
20111125,14.36,14.50,13.76,13.80,1359999,55115252.00
20111128,13.80,14.15,13.76,13.79,737820,29577188.00
20111129,13.93,14.36,13.86,14.23,1055995,43118344.00
20111130,14.29,14.42,13.01,13.33,1397467,55465516.00
20111201,13.83,13.85,13.07,13.15,1550203,60536872.00
20111202,12.95,12.99,12.58,12.76,772167,28546136.00
20111205,12.64,12.93,12.20,12.35,427986,15442153.00
20111206,12.43,12.90,12.26,12.74,520148,19044424.00
20111207,12.61,13.10,12.61,13.01,641804,24023032.00
20111208,13.07,13.31,12.66,13.03,645846,24316972.00
20111209,13.03,13.61,13.02,13.22,634030,24468640.00
20111212,13.11,13.68,13.11,13.29,611510,23722082.00
20111213,13.21,13.22,12.80,13.04,462109,17345952.00
20111214,12.93,13.23,12.68,12.76,277503,10376288.00
20111215,12.69,12.90,12.43,12.43,312875,11456805.00
20111216,12.49,12.60,11.61,12.32,908283,31797930.00
20111219,11.96,12.37,11.77,12.30,517865,17994434.00
20111220,12.10,12.50,12.10,12.26,483718,17305738.00
20111221,12.34,12.43,11.90,11.90,380860,13428417.00
20111222,11.71,11.85,11.16,11.61,514369,17092240.00
20111223,11.72,11.85,11.43,11.61,196793,6637720.50
20111227,11.36,11.65,11.18,11.64,531334,17680380.00
20111228,11.54,11.90,11.26,11.80,398570,13541337.00
20111229,12.04,12.04,11.65,11.82,158420,5414778.00
20111230,11.73,12.05,11.73,11.93,189258,6509548.00
20120104,12.01,12.15,11.48,11.48,300716,10418017.00
20120105,11.48,11.48,10.64,11.18,704721,22584648.00
20120106,11.10,11.36,10.51,11.01,550278,17352744.00
20120109,10.80,11.36,10.67,11.35,440564,14289500.00
20120110,11.35,11.66,11.21,11.54,766413,25489276.00
20120111,11.47,11.79,11.40,11.60,407764,13701203.00
20120112,11.61,11.65,11.40,11.54,413037,13812471.00
20120113,11.54,11.54,10.68,11.01,725098,23111254.00
20120116,10.93,10.93,10.29,10.30,259587,7995808.50
20120117,10.46,10.93,10.11,10.89,260782,8038871.00
20120118,10.89,10.94,10.29,10.46,317491,9753616.00
20120119,10.22,10.75,10.22,10.29,250121,7599697.00
20120120,10.29,10.47,10.22,10.25,418702,12575947.00
20120130,10.31,10.63,10.26,10.49,318807,9715139.00
20120131,10.47,10.53,10.22,10.45,169572,5138426.00
20120201,10.40,10.85,10.40,10.65,376307,11720938.00
20120202,10.61,10.82,10.48,10.78,683836,21173946.00
20120203,10.75,11.08,10.70,11.04,810355,25793238.00
20120206,11.10,11.11,10.85,10.95,809415,25802990.00
20120207,10.88,10.95,10.50,10.56,521452,16205348.00
20120208,10.59,10.90,10.51,10.88,509035,15871769.00
20120209,10.90,11.35,10.90,11.16,830062,26880064.00
20120210,11.15,11.21,10.95,11.18,461583,14893691.00
20120213,11.11,11.85,11.04,11.58,905891,30494196.00
20120214,11.52,11.75,11.48,11.67,507932,17197952.00
20120215,11.64,11.88,11.62,11.72,770567,26242316.00
20120216,11.64,11.76,11.36,11.53,1782299,59778408.00
20120217,11.49,11.55,11.32,11.51,737034,24495486.00
20120220,11.58,11.61,11.32,11.36,746796,24946082.00
20120221,11.36,11.92,11.28,11.90,1471869,49743520.00
20120222,11.83,12.08,11.72,12.03,1256158,43444692.00
20120223,12.03,12.50,12.01,12.35,1735419,61907660.00
20120224,12.27,12.43,12.15,12.40,744473,26569404.00
20120227,12.40,12.60,12.29,12.29,428948,15427628.00
20120228,12.25,12.43,11.94,12.22,635352,22466896.00
20120229,12.12,12.39,12.08,12.18,378430,13428559.00
20120301,12.12,12.21,12.01,12.16,334725,11743078.00
20120302,12.10,12.39,12.10,12.39,400324,14256301.00
20120305,12.39,12.79,12.39,12.71,749305,27472306.00
20120306,13.04,13.16,12.72,12.82,1441730,53956992.00
20120307,12.51,13.86,12.51,13.57,1801477,69520512.00
20120308,13.51,13.97,13.33,13.93,1577575,62608528.00
20120309,14.02,14.15,13.73,13.96,1170970,47049044.00
20120312,13.93,14.22,13.67,13.87,1068697,42675188.00
20120313,13.87,14.00,13.65,13.92,701019,27889344.00
20120314,13.97,14.48,13.33,13.66,1551188,62685864.00
20120315,13.72,14.35,13.44,14.20,1189352,47282368.00
20120316,14.13,14.40,13.79,14.20,1131322,45939180.00
20120319,14.21,14.21,13.62,13.92,1144369,45703036.00
20120320,13.86,13.86,13.18,13.21,1322264,51061640.00
20120321,13.22,13.35,12.83,13.33,1146556,43397152.00
20120322,13.31,13.31,12.99,13.27,546958,20821462.00
20120323,13.18,13.33,12.79,13.25,706410,26615048.00
20120326,13.10,13.28,13.00,13.24,443040,16851846.00
20120327,13.29,13.33,13.02,13.02,437036,16649016.00
20120329,12.24,12.50,11.67,11.90,2341419,81401776.00
20120330,11.80,11.96,11.68,11.87,929781,31816506.00
20120405,11.91,12.36,11.73,12.24,508678,17896470.00
20120406,12.42,12.42,11.96,12.11,671023,23825864.00
20120409,12.15,12.58,11.97,12.48,779280,27969622.00
20120410,12.48,12.53,12.12,12.51,631055,22622802.00
20120411,12.40,12.61,12.26,12.54,488375,17600354.00
20120412,12.57,12.78,12.46,12.78,567424,20769706.00
20120413,12.95,12.95,12.57,12.67,651942,16970642.00
20120416,12.67,12.78,12.47,12.54,573537,14788417.00
20120417,12.54,12.54,12.23,12.31,419998,10581691.00
20120418,12.35,12.86,12.32,12.65,1055176,27338166.00
20120419,12.71,12.90,12.65,12.77,659357,17214904.00
20120420,12.80,13.36,12.80,13.07,1114373,29926900.00
20120423,12.85,13.06,12.49,12.56,1079983,27971824.00
20120424,12.25,12.47,11.72,12.34,1320248,32774194.00
20120425,12.34,12.56,12.27,12.47,565262,14383079.00
20120426,12.50,12.60,12.23,12.32,322132,8169062.50
20120427,12.25,12.47,12.23,12.32,136842,3446733.50
20120502,12.47,12.56,12.13,12.46,505056,12794269.00
20120503,12.42,12.77,12.33,12.77,444316,11421784.00
20120504,12.73,13.12,12.73,13.08,855715,22736892.00
20120507,13.00,13.41,12.89,13.38,636716,17260644.00
20120508,13.38,13.43,13.13,13.22,459470,12458194.00
20120509,13.12,13.17,12.97,13.07,404567,10764494.00
20120510,13.00,13.28,13.00,13.13,318341,8564425.00
20120511,13.02,13.26,12.87,13.02,519658,13774040.00
20120514,13.06,13.10,12.90,12.98,310861,8280461.00
20120515,12.78,12.82,12.42,12.66,370732,9504519.00
20120516,12.66,12.70,12.42,12.50,221760,5662112.50
20120517,12.50,12.64,12.30,12.59,141303,3621497.50
20120518,12.50,12.50,12.17,12.34,255431,6421910.00
20120521,12.21,12.57,12.21,12.48,245048,6210326.50
20120522,12.58,13.04,12.53,13.00,417689,11026239.00
20120523,12.97,13.10,12.84,12.93,350647,9291883.00
20120524,12.96,13.22,12.78,12.78,609936,16313576.00
20120525,12.80,12.86,12.35,12.62,260582,6709945.50
20120528,12.33,13.04,12.33,13.04,196940,5127700.50
20120529,12.98,13.37,12.98,13.32,368739,9975514.00
20120530,13.72,14.02,13.62,13.86,1134595,31897402.00
20120531,13.72,14.05,13.72,13.91,727134,20642608.00
20120601,13.92,14.07,13.77,13.91,317123,8984388.00
20120604,13.72,13.87,13.42,13.45,462581,12884004.00
20120605,13.36,13.56,13.22,13.26,319270,8737100.00
20120606,13.23,13.82,13.23,13.82,395461,11006363.00
20120607,13.83,14.02,13.52,13.58,571289,16036727.00
20120608,13.77,13.80,13.47,13.71,310073,8666132.00
20120611,13.81,13.92,13.64,13.92,422957,11929145.00
20120612,13.92,14.20,13.83,14.12,501722,14374100.00
20120613,14.17,14.32,13.97,14.16,382609,11068480.00
20120614,13.99,14.22,13.78,13.81,556801,15853718.00
20120615,13.80,14.08,13.64,13.81,370601,10459124.00
20120618,13.86,14.45,13.86,14.30,451994,13139612.00
20120619,14.19,14.30,14.05,14.16,267707,7730422.00
20120620,14.22,14.45,14.09,14.32,256925,7493417.00
20120621,14.32,14.35,14.02,14.31,284612,8232209.50
20120625,14.30,14.30,13.87,13.87,336091,9594086.00
20120626,13.58,13.87,13.12,13.71,552559,15211556.00
20120627,13.83,14.07,13.49,13.62,458929,12909890.00
20120628,13.62,13.81,13.22,13.32,230002,6356674.50
20120629,13.22,13.52,12.87,13.47,529718,14246686.00
20120702,13.56,13.87,13.56,13.73,162572,4557019.00
20120703,13.73,14.12,13.63,13.92,253390,7222925.00
20120704,13.90,14.72,13.90,14.24,842996,24790256.00
20120705,14.32,14.41,13.98,14.37,472505,13655311.00
20120706,14.64,14.65,14.10,14.45,440316,12868292.00
20120709,14.42,14.97,14.37,14.77,861973,25803196.00
20120710,14.69,14.69,14.00,14.09,410532,11894659.00
20120711,13.97,14.19,13.83,14.12,522576,14910598.00
20120712,14.36,14.62,14.00,14.39,562077,16508931.00
20120713,14.47,14.78,14.32,14.72,933974,27823264.00
20120716,14.94,14.94,14.03,14.20,897146,26366094.00
20120717,14.27,14.27,13.47,13.97,890451,25118692.00
20120718,13.97,14.02,13.69,13.77,423100,11914770.00
20120719,13.92,14.22,13.82,14.00,392115,11235564.00
20120720,13.99,13.99,13.53,13.57,385282,10745196.00
20120723,13.48,13.78,13.31,13.78,132402,3667413.25
20120724,13.71,13.85,13.48,13.72,145074,4066505.50
20120725,13.52,14.21,13.52,13.72,276689,7798648.00
20120726,13.87,13.87,13.17,13.23,451445,12424053.00
20120727,13.40,13.40,12.63,12.72,677078,17791450.00
20120730,12.72,12.92,12.45,12.72,272286,7023657.00
20120731,12.53,12.63,12.40,12.49,208900,5332551.00
20120801,12.57,12.82,12.38,12.68,237344,6156301.00
20120802,12.72,12.76,12.41,12.61,140432,3610966.50
20120803,12.67,13.02,12.57,13.02,299093,7874150.50
20120806,12.87,13.57,12.87,13.57,502024,13614320.00
20120807,13.70,14.02,13.55,13.80,573959,16161222.00
20120808,13.72,13.78,13.33,13.57,375566,10364843.00
20120809,13.57,13.87,13.30,13.84,729250,20224040.00
20120810,13.63,13.87,13.59,13.65,256836,7171091.00
20120813,13.64,13.64,13.43,13.53,234998,6501267.00
20120814,13.47,13.85,13.18,13.72,287734,7889922.50
20120815,13.72,13.79,13.57,13.71,245454,6864442.50
20120816,13.70,14.71,13.49,14.12,513764,14794059.00
20120817,13.84,14.21,13.52,13.86,271230,7612999.50
20120820,13.76,14.16,13.58,14.07,343412,9776047.00
20120821,14.23,14.62,14.12,14.42,540049,15850710.00
20120822,14.37,14.56,14.23,14.37,341122,9979614.00
20120823,14.32,14.51,14.32,14.51,671645,19715134.00
20120824,14.47,14.47,13.98,14.05,309254,8904784.00
20120827,14.02,14.02,13.56,13.59,156836,4403408.50
20120828,13.59,13.71,12.98,13.47,448860,12221278.00
20120829,13.41,13.67,13.34,13.34,172241,4748167.50
20120830,13.32,13.52,12.72,13.05,218410,5848334.50
20120831,13.17,13.18,12.81,13.18,183260,4884437.50
20120903,13.36,13.71,13.19,13.59,606034,16698067.00
20120904,13.72,13.77,13.47,13.72,575342,15996268.00
20120905,13.72,14.16,13.52,13.57,533319,14992748.00
20120906,13.72,13.72,13.46,13.62,430476,11970748.00
20120907,13.77,14.12,13.69,13.97,1078659,30704204.00
20120910,13.97,14.08,13.72,13.88,1056447,29956590.00
20120911,13.81,13.87,13.61,13.62,365439,10205564.00
20120912,13.67,13.80,13.55,13.72,390356,10893582.00
20120913,13.76,13.76,13.37,13.47,351774,9724377.00
20120914,13.45,13.64,13.09,13.32,442117,11949815.00
20120917,13.17,13.31,12.77,12.83,319543,8465075.00
20120918,12.67,13.01,12.67,12.78,384861,10084046.00
20120919,12.75,13.31,12.75,13.16,308967,8245728.50
20120920,13.03,13.20,12.81,12.89,429468,11343111.00
20120921,12.95,13.01,12.77,12.92,211154,5564594.50
20120924,12.67,12.92,12.45,12.86,284667,7374475.00
20120925,12.66,12.89,12.62,12.67,96200,2496250.00
20120926,12.72,12.72,12.24,12.25,107899,2755872.50
20120927,12.22,12.53,12.22,12.47,330207,8349902.00
20120928,12.43,12.57,12.23,12.57,243209,6192389.00
20121008,12.62,12.80,12.47,12.57,144214,3700584.75
20121009,12.70,13.01,12.63,12.94,240312,6318066.50
20121010,12.80,13.07,12.80,12.96,247915,6559436.50
20121011,13.13,13.37,13.12,13.12,728620,19711698.00
20121012,12.89,13.19,12.87,13.06,364053,9655009.00
20121015,12.96,13.20,12.42,12.99,257869,6793099.50
20121016,12.93,13.07,12.83,12.86,219170,5799991.50
20121017,12.96,12.96,12.82,12.87,212404,5587061.50
20121018,12.87,13.11,12.87,13.00,298758,7928083.00
20121019,13.06,13.06,12.73,12.78,256200,6737174.50
20121022,12.78,12.89,12.65,12.83,243812,6358561.00
20121023,12.90,12.94,12.73,12.80,170271,4467190.00
20121024,12.71,12.72,12.34,12.47,437953,11171337.00
20121025,12.50,12.50,11.80,11.84,490653,12188710.00
20121026,11.91,11.91,10.81,11.08,907393,20870974.00
20121029,11.06,11.28,10.95,11.07,370274,8422055.00
20121030,11.16,11.20,11.08,11.12,315889,7193879.00
20121031,11.10,11.12,10.73,11.02,372771,8374749.50
20121101,11.02,11.40,10.98,11.22,1137026,26191678.00
20121102,11.22,12.10,11.19,11.70,948857,22482550.00
20121105,11.67,11.67,11.32,11.53,460702,10804716.00
20121106,11.46,11.55,11.17,11.52,373193,8679529.00
20121107,11.40,11.57,11.38,11.45,227260,5341006.50
20121108,11.37,11.45,11.34,11.39,373767,8715156.00
20121109,11.40,11.52,11.29,11.30,272798,6365148.50
20121112,11.30,11.30,10.87,10.98,592803,13361516.00
20121113,10.97,10.97,10.79,10.88,120340,2684531.25
20121114,10.72,10.94,10.72,10.92,96829,2154479.50
20121115,10.98,11.00,10.67,10.71,165467,3654829.25
20121116,10.68,10.70,10.12,10.41,445522,9439837.00
20121119,10.22,10.43,10.12,10.40,208799,4404351.50
20121120,10.40,10.77,10.27,10.67,322152,6933444.00
20121121,10.64,10.75,10.37,10.72,175031,3778091.75
20121122,10.72,10.80,10.57,10.73,177471,3904436.00
20121123,10.72,10.85,10.64,10.79,267730,5919455.50
20121126,10.83,11.37,10.83,11.11,494136,11299156.00
20121127,10.86,10.99,10.72,10.82,305913,6764840.50
20121128,10.76,10.96,10.40,10.50,377362,8148799.50
20121129,10.47,10.97,10.47,10.67,399206,8764652.00
20121130,10.61,10.92,10.61,10.92,135261,2999787.25
20121203,10.83,11.07,10.38,10.40,596425,13012117.00
20121204,10.28,10.28,9.71,10.05,1289602,26211790.00
20121205,9.92,10.50,9.86,10.42,655931,13789829.00
20121206,10.34,10.50,10.15,10.15,524180,11049966.00
20121207,10.08,10.47,10.08,10.46,253956,5382386.00
20121210,10.45,11.15,10.38,10.91,703375,15540787.00
20121211,10.88,10.95,10.67,10.82,251301,5561746.00
20121212,10.80,10.97,10.72,10.91,191143,4263558.00
20121213,10.80,10.87,10.52,10.66,194896,4273220.00
20121214,10.50,11.10,10.50,11.04,411119,9231934.00
20121217,11.12,11.34,10.98,11.24,494483,11322823.00
20121218,11.41,11.42,10.97,11.12,275258,6282620.50
20121219,11.12,11.27,11.05,11.21,158161,3609047.25
20121220,11.16,11.46,11.07,11.32,523452,12115605.00
20121221,11.30,11.65,11.26,11.58,1279145,29906160.00
20121224,11.63,11.90,11.47,11.62,691798,16598671.00
20121225,11.68,12.01,11.58,11.88,728958,17676932.00
20121226,11.99,12.72,11.87,12.70,1420408,35980792.00
20121227,12.75,12.92,12.40,12.62,792452,20322726.00
20121228,12.47,12.84,12.28,12.81,476679,12257073.00
20121231,12.80,12.97,12.55,12.97,729020,18974992.00
20130104,12.96,13.05,12.64,12.82,452993,11834547.00
20130107,12.66,12.74,12.52,12.74,598551,15439230.00
20130108,12.67,13.72,12.58,13.40,1327828,35815960.00
20130109,13.38,13.96,13.22,13.77,1417952,39727920.00
20130110,13.85,14.47,13.68,14.43,2266111,65168552.00
20130111,14.25,14.65,14.10,14.25,1498310,43747412.00
20130114,14.22,14.72,14.01,14.44,1434836,42308748.00
20130115,14.44,14.86,14.17,14.47,1346595,39935280.00
20130116,14.52,14.71,14.21,14.28,1565018,46052024.00
20130117,14.17,14.32,13.63,13.73,1559209,44232640.00
20130118,13.96,14.17,13.75,13.83,1117181,31719508.00
20130121,13.83,14.26,13.77,14.22,886428,25241178.00
20130122,14.22,14.44,13.77,13.79,1017345,29183938.00
20130123,14.17,14.17,13.77,14.07,3615909,102750752.00
20130124,13.95,14.11,12.80,13.12,2510600,69209264.00
20130125,13.09,13.34,12.97,13.00,821628,22024320.00
20130128,13.06,13.62,12.95,13.55,1323731,36221836.00
20130129,13.62,13.71,13.48,13.60,933492,25905382.00
20130130,13.53,13.67,13.16,13.38,970456,26478782.00
20130131,13.40,13.43,13.22,13.40,388414,10566505.00
20130201,13.40,13.71,13.29,13.70,708159,19566938.00
20130204,13.70,13.97,13.45,13.50,743588,20632126.00
20130205,13.47,13.70,13.47,13.67,702124,19477298.00
20130206,13.67,14.02,13.63,13.90,924031,26096626.00
20130207,14.05,14.45,13.91,14.33,1806927,52506288.00
20130208,14.67,14.92,14.33,14.46,1185789,35000264.00
20130218,14.43,14.57,14.03,14.21,1207538,34958896.00
20130219,14.10,14.21,13.85,13.97,644682,18387940.00
20130220,13.85,14.22,13.85,14.17,736731,21220274.00
20130221,14.17,14.17,13.49,13.72,1562568,43886352.00
20130222,13.62,13.76,13.48,13.50,663232,18466186.00
20130225,13.52,13.79,13.47,13.74,615364,17104502.00
20130226,13.72,14.00,13.51,13.70,1114090,31485186.00
20130227,13.72,13.94,13.62,13.73,646257,18105166.00
20130228,13.74,14.01,13.53,14.00,808090,22661482.00
20130301,13.97,14.30,13.93,14.30,1102699,31885410.00
20130304,14.17,14.47,13.65,13.72,1173667,33451770.00
20130305,13.82,14.27,13.67,14.22,765769,21973370.00
20130306,14.28,14.84,14.28,14.84,1716460,51337396.00
20130307,14.79,14.82,14.25,14.52,1215584,36018336.00
20130308,14.42,14.60,14.15,14.24,757511,22188938.00
20130311,14.32,14.32,14.08,14.22,822966,23853666.00
20130312,14.31,14.32,13.26,13.67,1972076,55305096.00
20130313,13.48,13.71,13.31,13.66,599902,16532622.00
20130314,13.66,13.76,13.39,13.62,399966,11128311.00
20130315,13.62,14.05,13.54,13.87,860752,24412828.00
20130318,13.87,13.93,13.57,13.77,508650,14275286.00
20130319,13.76,13.96,13.60,13.88,473658,13335790.00
20130320,13.88,14.40,13.88,14.33,678039,19637780.00
20130321,14.25,14.53,14.25,14.32,747753,21992098.00
20130322,14.31,14.37,14.10,14.28,563747,16348871.00
20130325,14.28,14.46,14.17,14.25,467620,13625598.00
20130326,14.25,14.35,13.84,14.13,324959,9317873.00
20130327,14.13,14.26,14.03,14.18,526647,15215059.00
20130328,14.17,14.17,13.31,13.72,697361,19449246.00
20130329,13.73,13.73,13.46,13.62,226367,6276226.50
20130401,13.66,13.94,13.62,13.88,307310,8671648.00
20130402,13.91,13.91,13.62,13.72,327181,9183092.00
20130403,13.52,13.77,13.45,13.61,254973,7051635.50
20130408,13.38,13.69,13.22,13.68,219841,6068761.50
20130409,13.68,13.85,13.63,13.70,301559,8474402.00
20130410,13.68,13.82,13.54,13.77,270637,7566485.50
20130411,13.81,13.84,13.20,13.22,740331,20235852.00
20130412,13.30,13.60,13.28,13.35,720720,19777762.00
20130415,13.33,13.37,13.21,13.36,171557,4647530.50
20130416,13.22,13.32,12.97,13.32,221360,5942083.50
20130417,13.31,13.31,13.15,13.31,239118,6466343.50
20130418,13.31,13.64,13.24,13.33,961226,26250198.00
20130419,13.33,14.06,13.30,14.06,2734879,38075708.00
20130422,14.06,14.35,13.97,14.21,2347253,33519378.00
20130423,14.21,14.21,13.31,13.67,2112458,29107206.00
20130424,13.67,14.77,13.44,14.64,3953824,56725332.00
20130425,14.37,14.53,13.16,13.56,5789195,79906512.00
20130426,13.27,13.37,12.64,12.77,2606119,33872536.00
20130502,12.67,12.97,12.36,12.81,1073669,13718284.00
20130503,12.77,12.86,12.47,12.75,2281037,29249712.00
20130506,12.75,12.86,12.61,12.86,2549390,32821978.00
20130507,12.87,12.97,12.39,12.56,2175668,27790764.00
20130508,12.50,12.70,12.43,12.56,2428710,30730394.00
20130509,12.56,12.99,12.53,12.98,3263707,42154040.00
20130510,12.98,13.22,12.77,12.91,2090262,27369796.00
20130513,13.13,13.15,12.77,12.98,1440089,18780012.00
20130514,12.94,12.98,12.52,12.62,1535400,19671276.00
20130515,12.66,12.85,12.48,12.84,1153236,14780796.00
20130516,12.82,12.95,12.50,12.69,2019675,25940040.00
20130517,12.57,12.78,12.45,12.71,1947020,24803310.00
20130520,12.79,13.13,12.78,13.03,2609631,34313708.00
20130521,13.03,13.56,12.88,13.55,3567292,48030300.00
20130522,13.50,13.96,13.20,13.31,3396342,46278972.00
20130523,13.37,13.45,12.98,13.12,1801880,24007694.00
20130524,13.06,13.31,13.02,13.26,1593731,21166282.00
20130527,13.27,13.62,13.17,13.47,2891327,39212904.00
20130528,13.55,13.57,12.82,13.17,2376861,31381724.00
20130529,13.07,13.32,13.07,13.22,1643450,21857714.00
20130530,13.13,13.50,13.13,13.42,2141321,28901446.00
20130531,13.43,14.26,13.43,13.99,5540452,77834448.00
20130603,14.08,14.23,13.70,13.73,2609248,36480740.00
20130604,13.80,13.86,12.75,13.33,2378577,31994934.00
20130605,13.26,13.31,12.95,13.19,1038301,13736922.00
20130606,12.98,13.30,12.75,13.00,1270965,16661669.00
20130607,12.92,13.03,11.87,12.46,2213621,27653416.00
20130618,12.57,13.04,12.48,12.75,2757941,35571808.00
20130619,12.65,12.85,12.38,12.85,1199552,15393411.00
20130620,12.80,12.80,12.28,12.47,842477,10690035.00
20130621,12.16,12.16,11.57,11.87,2315347,27581524.00
20130624,11.82,11.82,10.67,10.67,1727612,19226740.00
20130625,10.38,10.56,9.59,10.29,3019984,30533980.00
20130626,10.22,10.55,9.97,10.47,2407552,25184208.00
20130627,10.49,10.58,9.81,9.87,2146864,22122336.00
20130628,9.72,9.72,9.34,9.47,2466920,23715956.00
20130701,9.75,10.20,9.62,10.05,3532522,35516912.00
20130702,9.98,10.33,9.90,10.24,2913419,29898856.00
20130703,10.25,10.27,9.83,10.11,2437392,24804186.00
20130704,10.05,10.31,9.87,10.17,2304497,23629428.00
20130705,10.17,10.56,10.00,10.02,3756180,39249476.00
20130708,9.77,9.77,9.09,9.17,2726621,25841612.00
20130709,9.18,9.27,8.90,8.98,3596821,32890000.00
20130710,9.04,9.43,8.97,9.33,2135014,19907432.00
20130711,9.31,9.98,9.27,9.77,3563973,34665280.00
20130712,9.73,10.15,9.60,9.67,2418053,24284058.00
20130715,9.75,10.04,9.75,10.00,2009460,20251720.00
20130716,10.06,10.22,9.98,10.20,2343603,24020050.00
20130717,10.24,10.72,10.13,10.54,3998892,42513684.00
20130718,10.44,10.96,10.33,10.89,3639747,39207624.00
20130719,10.96,11.35,10.58,10.60,4285656,47595464.00
20130722,10.49,11.23,10.37,11.12,3791399,41976012.00
20130723,11.20,11.97,11.08,11.89,5819142,67607584.00
20130724,11.84,13.09,11.75,13.02,10126531,129765104.00
20130725,12.91,13.27,12.27,12.31,5926486,76037840.00
20130726,12.27,12.43,11.48,12.12,3839769,46669548.00
20130729,11.89,12.31,11.77,11.94,2243873,27117282.00
20130730,11.88,12.04,11.07,11.45,3194665,37009904.00
20130731,11.51,11.72,11.22,11.27,1985146,23036844.00
20130801,11.37,12.17,11.23,12.10,3725702,44305496.00
20130802,12.13,12.82,12.13,12.29,4981455,62863412.00
20130805,12.29,12.63,12.17,12.47,2982265,37565476.00
20130806,12.47,12.61,12.22,12.30,3066783,38331192.00
20130807,12.26,12.37,11.69,11.75,2790525,33635376.00
20130808,11.72,12.10,11.59,12.05,1941487,23446216.00
20130809,12.12,12.13,11.62,11.85,1772446,21264496.00
20130812,11.85,12.41,11.75,12.38,3430248,41952764.00
20130813,12.39,12.55,12.15,12.24,2270787,28205984.00
20130814,12.24,12.42,11.95,12.20,2298446,28299980.00
20130815,12.17,12.23,11.90,11.92,1779006,21636700.00
20130816,11.86,12.35,11.39,11.58,1964462,23738242.00
20130819,11.57,12.00,11.50,11.96,1422274,17063564.00
20130820,11.89,12.42,11.80,12.27,2914645,35922668.00
20130821,12.26,13.51,12.14,13.25,8086965,106571480.00
20130822,13.25,13.25,12.73,12.99,5794832,75944048.00
20130823,12.97,13.08,12.37,12.70,4249053,54766320.00
20130826,12.70,13.05,12.57,12.98,2936590,38137848.00
20130827,12.91,12.96,12.57,12.76,3139492,40405132.00
20130828,12.69,13.02,12.46,12.78,3929281,50671128.00
20130829,12.80,13.49,12.80,13.17,5142214,68881520.00
20130830,13.03,13.07,11.91,11.97,4706129,59374768.00
20130902,12.02,12.26,11.77,12.25,1524724,18584430.00
20130903,12.24,12.46,12.13,12.42,1505932,18726150.00
20130904,12.37,12.41,12.04,12.09,1707726,21010340.00
20130905,12.10,12.35,12.04,12.24,1301302,16050369.00
20130906,12.20,12.28,12.09,12.21,1480950,18226338.00
20130909,12.17,12.21,11.93,12.03,2098697,25485846.00
20130910,12.04,12.12,11.75,11.81,2941761,35403000.00
20130911,11.96,11.96,11.40,11.45,2073425,24203142.00
20130912,11.49,11.68,11.47,11.48,1192345,13927906.00
20130913,11.49,11.74,11.42,11.70,1103137,12956874.00
20130916,11.71,11.72,11.45,11.47,1745981,20344424.00
20130917,11.48,11.55,11.09,11.11,1601246,18295140.00
20130918,11.05,11.35,10.96,11.33,1319721,14903240.00
20130923,11.34,11.61,11.24,11.60,1601844,18543120.00
20130924,11.58,11.82,11.52,11.63,1792059,21118224.00
20130925,11.64,11.64,11.27,11.28,1693942,19578410.00
20130926,11.23,11.44,11.23,11.28,926864,10610707.00
20130927,11.47,11.81,11.44,11.66,2672013,31594762.00
20130930,11.56,11.85,11.52,11.83,1772406,20952084.00
20131008,11.87,11.98,11.72,11.97,1928544,23092178.00
20131009,11.86,12.11,11.82,12.08,2154616,26169140.00
20131010,11.97,12.08,11.67,11.70,1813695,21751986.00
20131011,11.72,12.45,11.72,12.45,3786462,46842060.00
20131014,12.58,13.02,12.49,12.95,5182435,67176456.00
20131015,13.04,13.36,12.87,13.03,5076483,67094460.00
20131016,13.17,14.22,13.16,14.11,10937972,153109264.00
20131017,14.11,15.53,13.84,15.53,13183160,202420608.00
20131018,15.88,16.25,14.89,15.60,10059353,156903488.00
20131021,15.42,17.17,15.34,17.17,10871835,182181744.00
20131022,16.80,17.45,15.97,16.47,10082640,169538464.00
20131023,16.24,16.36,14.81,15.22,9945191,154255360.00
20131024,15.02,15.57,14.57,14.85,5773355,87219600.00
20131025,14.77,14.92,13.97,14.35,6868313,99898096.00
20131028,14.40,14.60,14.09,14.35,3712557,53933316.00
20131029,14.40,14.63,13.07,13.60,6260805,86897072.00
20131030,13.49,13.98,13.40,13.79,4211085,58204368.00
20131031,13.76,13.79,13.12,13.17,3271643,44185680.00
20131101,13.11,13.32,12.80,13.17,2198613,29017540.00
20131104,13.32,13.53,13.15,13.36,2005223,26972614.00
20131105,13.14,13.80,13.14,13.76,2987491,40952480.00
20131106,13.74,13.93,13.17,13.32,3247244,44511504.00
20131107,13.37,13.45,12.98,13.02,1543373,20541936.00
20131108,12.88,13.12,12.43,12.67,2053658,26226536.00
20131111,12.53,13.26,12.49,13.18,2053143,26956962.00
20131112,13.17,13.44,13.02,13.33,1596877,21397738.00
20131113,13.23,13.54,13.20,13.24,1615507,21857116.00
20131114,13.13,13.82,13.13,13.74,2477184,33968988.00
20131115,13.86,14.53,13.73,14.25,4463376,63822112.00
20131118,14.30,14.43,13.90,14.32,4537555,64703452.00
20131119,14.27,14.32,13.92,14.32,3150625,44889436.00
20131120,14.46,14.46,14.07,14.19,2270419,32551034.00
20131121,14.17,14.17,13.44,13.55,3646494,50478672.00
20131122,13.77,14.92,13.69,14.92,9296519,138593584.00
20131125,14.92,16.07,14.92,15.22,15872707,247255408.00
20131126,14.87,15.02,14.57,14.95,8235140,122893888.00
20131127,14.82,14.90,14.42,14.90,6252157,92661104.00
20131128,14.79,15.16,14.70,14.92,4950282,74846768.00
20131129,14.94,15.24,14.64,15.18,6047501,91069696.00
20131202,14.32,14.37,13.65,13.65,5448106,76147584.00
20131203,13.04,13.60,12.37,13.42,5263334,69053248.00
20131204,13.27,13.69,13.07,13.17,3673002,49921044.00
20131205,13.05,13.34,12.67,13.14,4227024,55121276.00
20131206,13.12,13.15,12.81,13.02,1638441,21486714.00
20131209,13.07,13.44,12.88,13.40,2205659,29465486.00
20131210,13.41,13.57,13.14,13.45,2037433,27458736.00
20131211,13.41,13.77,13.17,13.49,2289881,31250140.00
20131212,13.52,13.92,13.52,13.79,3136536,43595492.00
20131213,13.68,13.92,13.59,13.73,1867075,25916352.00
20131216,13.69,13.73,12.95,13.18,3683111,49255976.00
20131217,13.18,13.26,12.92,13.02,1277449,16818754.00
20131218,13.02,13.14,12.90,13.11,1034310,13630282.00
20131219,13.12,13.22,12.83,12.84,1321787,17371986.00
20131220,13.03,13.77,13.02,13.46,4762562,64740720.00
20131223,13.07,13.64,12.89,13.56,2704252,36165948.00
20131224,13.46,14.82,13.42,14.67,7759491,111923448.00
20131225,14.65,14.86,14.39,14.82,4651064,68695912.00
20131226,14.91,14.93,14.41,14.43,3975154,58655028.00
20131227,14.47,15.48,14.42,15.11,6320690,96430408.00
20131230,15.16,15.44,14.78,14.88,4321067,65622204.00
20131231,14.78,14.96,14.12,14.50,2709279,39590092.00
20140102,14.47,15.25,14.37,15.22,3549763,53403392.00
20140103,15.17,15.20,14.77,15.15,3348568,50710288.00
20140106,14.92,14.96,14.20,14.28,3497704,51280572.00
20140107,14.21,14.63,14.12,14.56,1830503,26748556.00
20140108,14.58,15.25,14.58,15.11,4499899,68211888.00
20140109,15.02,15.64,14.41,14.42,5979296,91727744.00
20140110,14.21,14.96,14.02,14.60,3371413,49345884.00
20140113,14.56,15.46,14.47,15.12,5083107,77516056.00
20140114,15.10,15.65,15.10,15.46,6000585,92833528.00
20140115,15.37,16.03,15.25,15.84,7303444,115636904.00
20140116,15.77,16.07,15.33,15.50,5280681,83002376.00
20140117,15.45,16.03,15.27,15.68,5386911,85566096.00
20140120,15.63,15.63,14.55,14.78,4770826,72717216.00
20140121,14.67,15.24,14.63,15.21,2914896,44155196.00
20140122,15.27,15.97,15.16,15.71,5114684,80450288.00
20140123,15.52,16.27,15.33,15.97,6572239,105660160.00
20140124,15.89,16.19,15.71,15.93,5887590,94611328.00
20140127,15.92,16.55,15.78,16.47,7037424,114774368.00
20140128,16.41,16.52,15.27,15.84,7016270,111785664.00
20140129,15.84,16.37,15.49,16.17,6019677,96885304.00
20140130,16.08,16.22,15.53,15.67,3845769,61642524.00
20140207,15.45,15.96,15.28,15.84,3238449,51558048.00
20140210,16.00,16.75,15.82,16.55,6198400,101785552.00
20140211,16.47,16.65,15.97,16.24,4864681,79880696.00
20140212,16.24,17.24,16.24,16.94,6779295,114851264.00
20140213,16.95,17.13,16.17,16.32,5556129,93676008.00
20140214,16.09,16.70,16.08,16.70,3610092,59732312.00
20140217,16.82,17.65,16.72,17.62,7161708,123983408.00
20140218,17.44,18.83,17.22,18.38,7018891,128011256.00
20140219,18.27,18.79,17.92,18.48,5736579,106163248.00
20140220,18.46,18.46,17.19,17.38,5805084,103139120.00
20140221,17.22,17.94,16.94,17.61,3656393,64473232.00
20140224,17.37,17.68,16.79,17.66,4903630,85056448.00
20140225,17.64,18.12,15.88,16.00,6575806,112939640.00
20140226,15.69,16.17,15.14,16.01,3158829,49976628.00
20140227,15.97,16.76,15.81,15.81,4580978,75526456.00
20140228,15.59,16.66,15.59,16.51,3843337,62804376.00
20140303,16.63,17.04,16.42,16.82,2621964,44236588.00
20140304,16.63,16.92,16.23,16.86,2796003,46612292.00
20140305,16.84,17.37,16.79,17.10,3190445,55209020.00
20140306,16.99,17.82,16.87,17.52,4504915,79230768.00
20140307,17.47,18.30,17.37,17.54,4649067,83670680.00
20140310,17.32,18.15,17.05,17.16,3714490,65841976.00
20140311,17.07,17.26,15.67,16.19,3474635,57597752.00
20140312,16.10,16.41,15.61,16.26,1876693,30245484.00
20140313,16.26,16.70,16.05,16.69,1344189,22302882.00
20140314,16.61,16.87,16.28,16.61,1495259,24959474.00
20140317,16.61,17.42,16.47,17.27,2989727,51633252.00
20140318,17.28,17.87,17.28,17.53,3165407,56035928.00
20140319,17.53,17.67,17.10,17.64,2002020,35075220.00
20140320,17.63,18.00,17.17,17.17,2830107,50143632.00
20140321,16.97,17.27,16.37,17.19,2204518,37515452.00
20140324,17.07,17.25,16.30,16.55,2338273,39334492.00
20140325,15.82,16.16,15.18,15.63,4268482,67639008.00
20140326,15.63,16.30,15.57,16.27,2540722,40898164.00
20140327,16.07,17.47,15.77,17.11,10899708,184927136.00
20140328,17.61,17.85,16.77,17.25,8136955,141643680.00
20140331,17.24,17.47,16.79,17.11,4251146,73215560.00
20140401,17.32,17.97,16.47,17.43,10076516,173831744.00
20140402,17.27,17.57,16.87,17.07,5197612,89648432.00
20140403,17.16,18.79,16.91,18.67,14685932,269650432.00
20140404,18.35,19.32,17.79,18.50,13435725,249539952.00
20140408,18.57,19.14,18.17,18.81,9085753,170526736.00
20140409,19.05,19.32,18.39,18.90,7339195,138447088.00
20140410,18.87,20.12,18.82,19.88,15677166,307475168.00
20140411,19.37,19.62,18.25,18.67,9549844,180449280.00
20140414,18.50,18.95,17.97,18.61,9184682,169892736.00
20140415,18.60,18.74,18.18,18.45,8696488,161555072.00
20140416,18.55,18.69,18.05,18.43,6154265,113610400.00
20140417,18.61,19.07,18.16,18.44,10708689,199442528.00
20140418,18.57,18.74,18.04,18.07,10866845,200609536.00
20140421,18.37,18.42,17.68,17.77,9655377,174193072.00
20140422,17.85,18.00,17.59,17.86,5039094,90378560.00
20140423,17.88,18.30,17.72,17.82,5429073,98015592.00
20140424,18.17,18.17,17.67,17.86,5871817,105977464.00
20140425,17.89,18.15,17.77,17.91,7195864,130218840.00
20140428,17.93,18.63,17.83,17.95,13853075,252061920.00
20140429,18.12,18.42,17.93,18.12,14685827,267183264.00
20140430,18.14,18.14,17.77,17.84,5154866,92944224.00
20140505,17.95,17.95,17.09,17.17,5697701,99296832.00
20140506,17.18,17.56,16.91,17.09,4615928,79101496.00
20140507,17.27,17.42,17.05,17.13,2299790,39513800.00
20140508,17.09,17.23,16.86,16.93,3826777,65130852.00
20140509,16.48,16.82,16.12,16.41,6266626,102517360.00
20140512,16.38,16.74,16.00,16.26,8663766,140692432.00
20140513,16.26,16.43,16.11,16.27,5089300,83001064.00
20140514,16.29,16.49,16.13,16.26,3249118,52938216.00
20140515,16.30,16.41,16.14,16.22,3889353,63352228.00
20140516,16.37,16.61,16.18,16.41,2974258,48618436.00
20140519,16.42,16.84,16.20,16.45,13252214,218441536.00
20140520,16.59,16.94,15.77,16.08,15956678,260353680.00
20140521,16.11,16.27,15.73,15.97,10183652,162802496.00
20140522,15.98,16.10,15.46,15.46,14460234,227237328.00
20140523,15.24,15.41,14.88,15.29,8322387,126521808.00
20140526,15.26,15.52,15.19,15.51,4548478,69974288.00
20140527,15.42,15.46,15.07,15.21,3492757,53305044.00
20140528,15.21,15.79,15.20,15.35,14211327,219695456.00
20140529,15.31,15.32,14.62,14.64,6131162,91935824.00
20140530,14.62,14.69,14.23,14.47,5867043,84663656.00
20140603,14.47,14.67,14.44,14.48,2938867,42771436.00
20140604,14.52,14.65,14.30,14.65,4284097,62272344.00
20140605,14.66,14.91,14.55,14.82,3933144,58075448.00
20140606,14.83,15.05,14.73,14.83,3070231,45760420.00
20140609,14.82,14.82,14.27,14.33,2867441,41686944.00
20140610,14.36,14.79,14.28,14.74,3074173,44865464.00
20140611,14.79,14.93,14.74,14.89,2905731,43198348.00
20140612,14.87,14.87,14.64,14.68,2064125,30459600.00
20140613,14.76,15.33,14.68,15.13,4573027,69066752.00
20140616,15.45,15.57,15.19,15.41,5597953,86447584.00
20140617,15.39,15.39,15.11,15.13,2683663,40879776.00
20140618,15.25,15.69,15.20,15.30,4587982,71249704.00
20140619,15.31,15.33,14.16,14.37,3384281,49925004.00
20140620,14.49,14.56,14.29,14.47,1495004,21628034.00
20140623,14.40,14.90,14.40,14.88,2476082,36599488.00
20140624,14.83,14.97,14.71,14.83,1506755,22402884.00
20140625,14.94,14.94,14.47,14.60,1608831,23562720.00
20140626,14.63,15.09,14.63,15.07,2914932,43724612.00
20140627,15.03,15.46,14.92,15.28,3535739,53811624.00
20140630,15.23,15.51,15.11,15.37,3052226,46817028.00
20140701,15.37,15.42,15.13,15.38,2804541,42881484.00
20140702,15.33,15.47,14.94,15.21,4003176,60774880.00
20140703,15.25,15.46,15.10,15.42,3542665,54407136.00
20140704,15.47,15.58,15.31,15.44,2904104,44956764.00
20140707,15.45,15.47,15.12,15.25,2000061,30534514.00
20140708,15.25,15.57,15.17,15.52,2973804,46015036.00
20140709,15.56,15.65,15.23,15.25,2727706,42201832.00
20140710,15.30,15.36,14.97,15.03,2203401,33469792.00
20140711,15.08,15.23,15.01,15.15,1627301,24618144.00
20140714,15.18,15.22,14.88,15.19,1900218,28669340.00
20140715,15.08,15.41,14.70,14.89,5605973,84350240.00
20140716,15.13,15.13,14.55,14.60,2422557,35727448.00
20140717,14.67,14.67,14.36,14.47,1409764,20449148.00
20140718,14.46,14.79,14.38,14.56,1201906,17647312.00
20140721,14.57,14.57,14.16,14.27,1671884,23927116.00
20140722,14.22,14.43,14.20,14.38,995166,14298812.00
20140723,14.32,14.40,13.73,13.77,2293752,32209498.00
20140724,13.75,13.82,13.19,13.32,2285216,30633444.00
20140725,13.37,13.49,13.20,13.47,2162357,28900086.00
20140728,13.50,13.81,13.42,13.72,2170505,29610332.00
20140729,13.70,14.02,13.70,14.00,2422424,33767916.00
20140730,14.04,14.21,13.99,14.08,2183272,30903768.00
20140731,14.08,14.35,13.98,14.29,2083192,29560190.00
20140801,14.23,14.39,13.95,14.04,2065398,29339144.00
20140804,14.27,14.77,14.17,14.61,3852949,55951680.00
20140805,14.57,14.91,14.29,14.67,3083333,44962520.00
20140806,14.52,14.64,14.42,14.53,1669229,24319420.00
20140807,14.50,15.41,14.34,15.06,7504168,111601176.00
20140808,14.97,15.14,14.85,15.03,2323312,34949780.00
20140811,15.02,15.11,14.85,15.01,2185554,32774182.00
20140812,15.12,15.16,14.92,15.04,1932203,29138056.00
20140813,15.04,15.16,14.79,14.99,1984879,29756676.00
20140814,14.98,15.95,14.82,15.32,6185340,93817008.00
20140815,15.33,15.45,15.19,15.32,4535825,69501600.00
20140818,15.26,15.42,15.10,15.37,3907016,59745916.00
20140819,15.38,15.63,15.29,15.46,3076849,47652928.00
20140820,15.38,15.50,15.20,15.24,2646851,40810708.00
20140821,15.26,15.34,14.95,15.20,2686094,40733148.00
20140822,15.09,15.53,15.02,15.43,3762017,57696852.00
20140825,15.43,15.85,15.33,15.47,5393875,84025112.00
20140826,15.36,15.65,15.03,15.15,3107862,47552496.00
20140827,16.43,16.67,15.97,16.35,14433927,235362560.00
20140828,16.05,16.23,15.66,16.12,6689846,107090440.00
20140829,16.02,16.74,15.97,16.37,6752213,111411280.00
20140901,16.28,18.01,16.18,18.01,8819088,154006288.00
20140902,18.67,18.82,18.21,18.57,10167426,188026384.00
20140903,18.57,18.57,18.04,18.27,6636752,121278248.00
20140904,18.12,18.35,18.09,18.29,4167915,76219856.00
20140905,18.33,18.43,17.88,18.20,5030019,91587720.00
20140909,18.22,18.22,17.57,17.99,5618783,100432520.00
20140910,17.95,18.65,17.73,18.47,7430539,136956624.00
20140911,18.30,18.94,18.15,18.32,4946424,91734776.00
20140912,18.32,19.05,18.16,18.98,5069643,94709000.00
20140915,19.10,19.32,18.64,19.03,3814260,72227856.00
20140916,19.07,19.10,17.84,18.13,4384516,81039128.00
20140917,18.24,18.30,17.38,17.97,3475204,61944732.00
20140918,17.95,18.26,17.85,17.98,1514364,27336406.00
20140919,18.07,18.36,17.92,18.28,1856519,33787388.00
20140922,18.32,18.45,18.00,18.25,1872557,34273256.00
20140923,18.22,18.76,18.10,18.76,2487947,45820592.00
20140924,18.69,19.25,18.49,19.07,3276967,62547484.00
20140925,19.03,19.53,18.92,19.26,2957889,57162416.00
20140926,19.23,19.52,19.01,19.08,2032084,39074724.00
20140929,19.09,19.36,18.72,18.88,2354011,44881192.00
20140930,18.92,19.21,18.74,19.20,1682561,31829068.00
20141008,19.27,19.46,18.96,19.41,2522358,48569000.00
20141009,19.40,19.47,18.87,19.07,2339192,44766308.00
20141010,19.01,19.95,18.67,19.73,4823356,93449944.00
20141013,19.66,21.27,19.25,20.90,6274491,127828656.00
20141014,20.74,21.54,20.17,20.55,3423825,71436464.00
20141015,20.46,21.51,20.18,21.27,4109029,86460192.00
20141016,21.55,22.25,20.98,21.18,4192857,90410480.00
20141017,20.96,21.22,19.62,20.67,4049773,82729912.00
20141020,20.65,21.07,20.39,20.82,2109376,43878832.00
20141021,20.67,21.05,20.67,20.93,2060105,43052332.00
20141022,20.94,21.97,20.75,21.72,3657557,79052016.00
20141023,21.54,21.57,19.88,20.24,5028345,102726584.00
20141024,19.97,20.33,19.65,20.26,2525177,50613712.00
20141027,19.72,20.26,19.57,20.16,1907557,38005860.00
20141028,20.10,20.97,20.10,20.96,2297581,47602956.00
20141029,20.87,22.16,20.87,21.77,4788656,104303440.00
20141030,21.67,22.14,21.46,21.72,2236823,48978492.00
20141031,21.61,22.64,20.54,21.13,5365551,114449448.00
20141103,21.13,21.27,20.67,21.27,2364613,49614100.00
20141104,21.27,21.92,21.15,21.37,2490146,53626424.00
20141105,21.38,21.79,21.12,21.22,1598962,34416500.00
20141106,21.08,21.70,21.08,21.61,1421332,30558370.00
20141107,21.61,21.93,20.37,20.55,5159558,108860016.00
20141110,20.29,20.32,19.31,19.99,5110713,101430696.00
20141111,19.58,19.97,18.84,19.08,2856504,55520052.00
20141112,18.97,19.46,18.97,19.37,1923438,37077144.00
20141113,19.75,19.75,18.74,18.86,2313129,43887872.00
20141114,18.85,19.02,18.37,18.85,1555077,29126546.00
20141117,18.87,19.68,18.85,19.51,1424616,27756400.00
20141118,19.34,19.48,19.18,19.39,782782,15134814.00
20141119,19.54,20.42,19.25,19.47,4478026,89018528.00
20141120,19.49,19.56,18.98,19.16,1724961,33093424.00
20141121,19.22,19.39,19.10,19.37,1144840,22106624.00
20141124,19.38,19.63,18.57,18.82,4246908,80281512.00
20141125,18.87,19.18,18.57,19.14,2666515,50314020.00
20141126,20.47,21.06,20.08,21.06,14976748,312524544.00
20141127,21.12,21.42,20.48,21.19,8652460,181530384.00
20141128,21.16,21.46,20.61,21.17,5389203,113440224.00
20141201,21.06,21.96,20.08,20.17,5729549,120104224.00
20141202,19.97,21.22,19.96,20.83,4537339,94220392.00
20141203,20.77,20.89,20.15,20.60,4383424,90111160.00
20141204,20.67,22.66,20.67,22.13,8724147,191595488.00
20141205,22.37,22.49,21.17,22.34,6374787,140703776.00
20141208,22.33,22.33,20.85,20.92,7231374,156246128.00
20141209,20.47,20.47,18.83,18.97,7746131,149329744.00
20141210,18.87,19.64,18.67,19.34,3683714,71122632.00
20141211,19.36,19.59,19.01,19.43,2134067,41382888.00
20141212,19.35,20.06,19.28,19.78,2975853,58845440.00
20141215,19.53,20.02,19.38,19.94,3467698,68740304.00
20141216,19.93,20.23,19.57,19.73,2449929,48650348.00
20141217,19.67,19.73,18.97,19.25,2999594,57487132.00
20141218,19.22,19.45,18.70,19.27,4171067,79342624.00
20141219,19.18,19.18,17.72,18.25,4919714,90226240.00
20141222,18.21,18.21,16.42,16.42,5057032,83772368.00
20141223,16.33,16.76,15.39,15.62,3678746,58739900.00
20141224,15.67,16.32,15.67,15.97,2499152,40161948.00
20141225,16.16,16.37,15.88,16.17,2057281,33231226.00
20141226,16.13,16.26,15.87,15.93,2344790,37571992.00
20141229,15.62,15.77,14.97,15.21,2602815,39801768.00
20141230,15.21,15.37,14.57,14.84,3154907,46750036.00
20141231,14.85,15.24,14.75,15.04,2521750,37722492.00
20150105,15.18,15.20,14.67,15.05,2794777,41954988.00
20150106,15.05,16.16,14.83,16.03,4283564,67012288.00
20150107,15.92,16.07,15.60,15.83,2051905,32458898.00
20150108,15.97,16.33,15.87,16.18,2677471,43236804.00
20150109,16.13,16.34,15.78,15.82,2286173,36696880.00
20150112,15.73,15.82,15.17,15.58,1850126,28683676.00
20150113,15.55,16.36,15.37,16.32,3278635,52303560.00
20150114,16.32,16.45,15.93,16.08,1916690,30947742.00
20150115,16.08,16.19,15.48,15.68,2082410,33108854.00
20150116,16.13,16.16,15.61,16.04,3115914,49856264.00
20150119,15.77,16.57,15.48,15.83,3441960,55351276.00
20150120,15.88,16.78,15.83,16.74,4938296,81113064.00
20150121,16.74,17.37,16.72,17.20,5017809,85350064.00
20150122,17.20,17.42,16.89,17.27,2586285,44440088.00
20150123,17.29,17.29,16.80,16.86,2195426,37341084.00
20150126,16.47,17.59,16.27,17.52,5197908,88654208.00
20150127,17.52,18.14,17.37,18.06,5226976,93254064.00
20150128,17.84,18.27,17.67,17.82,2969908,53299408.00
20150129,17.66,18.45,17.37,18.41,4175767,75559120.00
20150130,18.20,18.51,17.80,17.98,2760597,50238028.00
20150202,17.92,18.16,17.35,17.66,2175999,39031676.00
20150203,17.43,18.14,17.43,17.69,3475672,62114548.00
20150204,17.72,18.02,17.60,17.72,1886843,33677904.00
20150205,17.82,18.47,17.38,17.94,4104655,74066688.00
20150206,17.88,18.04,17.08,17.23,2764926,48253928.00
20150209,16.99,17.43,16.74,16.77,2528971,42834744.00
20150210,16.73,17.27,16.57,17.26,1407117,23895000.00
20150211,17.31,17.32,16.98,17.13,1658144,28547140.00
20150212,17.31,18.14,16.83,17.95,4863981,85989600.00
20150213,17.98,19.16,17.97,18.92,6919895,129721776.00
20150216,18.97,19.17,18.60,19.07,3286662,62220328.00
20150217,19.08,19.12,18.65,19.07,1863014,35209872.00
20150225,19.10,19.65,18.98,19.49,3365360,65532012.00
20150226,19.47,19.60,18.46,19.04,3039667,57875128.00
20150227,18.86,19.17,18.67,18.91,2371505,44846708.00
20150302,18.97,19.55,18.78,19.40,4128668,79565712.00
20150303,19.29,20.07,19.02,19.40,4008733,79086456.00
20150304,19.28,19.97,19.26,19.87,3376208,66670208.00
20150305,20.02,20.02,19.43,19.72,2419233,47764460.00
20150306,19.77,19.80,18.72,18.85,4262988,81283408.00
20150309,18.94,19.32,18.77,19.13,2030541,38821996.00
20150310,19.02,19.45,19.00,19.38,2107083,40693700.00
20150311,19.23,19.46,18.50,18.53,3985478,74967584.00
20150312,18.69,18.89,18.30,18.56,2582858,48083960.00
20150313,18.75,19.15,18.53,19.04,3047057,57651732.00
20150316,19.42,19.77,19.37,19.73,4384559,86251136.00
20150317,19.87,20.72,19.46,20.16,6123856,122783536.00
20150318,20.04,20.52,19.78,20.33,5423346,109780352.00
20150319,20.20,20.74,19.97,20.39,4462005,90841040.00
20150320,20.39,21.87,20.07,21.27,9432088,198911936.00
20150323,21.27,22.26,20.95,22.12,10988338,236358080.00
20150324,21.50,21.76,20.08,21.27,12734574,271092960.00
20150325,20.92,21.24,20.27,20.76,8052284,167313136.00
20150326,20.57,20.62,19.87,20.35,7200268,146052624.00
20150327,20.27,20.97,20.18,20.65,4811591,99871240.00
20150330,20.65,20.66,19.94,20.18,5603571,113137152.00
20150331,20.26,21.15,20.17,20.95,7296375,151315424.00
20150401,20.99,21.65,20.67,21.63,6031752,127467688.00
20150402,21.49,21.97,21.12,21.80,7543312,163141040.00
20150403,21.47,22.16,21.25,21.95,6325139,138213584.00
20150407,21.95,22.84,21.95,22.62,7616624,170996848.00
20150408,22.71,22.87,20.72,21.63,9305322,205479296.00
20150409,21.55,21.72,19.92,21.72,7763505,162332000.00
20150410,21.67,23.90,21.22,23.90,8534228,200629552.00
20150413,25.00,26.23,24.26,25.47,14405513,362679392.00
20150414,24.97,26.13,24.55,25.62,8754272,221393520.00
20150415,25.40,25.56,23.98,24.07,6044175,149450192.00
20150416,23.38,24.93,23.11,24.32,4361667,105960920.00
20150417,24.10,24.92,23.67,24.49,5447491,132921448.00
20150420,23.97,26.36,23.82,24.86,9875033,248010672.00
20150421,24.60,26.17,24.60,25.92,9821328,250325184.00
20150422,25.98,27.97,25.59,25.79,8783365,232283840.00
20150423,25.77,26.87,25.67,26.77,7327341,192346640.00
20150424,26.24,26.49,25.49,26.18,5100003,133085664.00
20150427,26.07,26.37,24.97,25.01,5171500,131186392.00
20150428,25.12,25.15,23.17,23.79,6367102,152318080.00
20150429,23.69,25.14,22.98,24.88,3356020,82344200.00
20150430,24.93,25.64,24.61,25.09,3146704,79307784.00
20150504,25.08,25.50,24.43,25.49,3335984,84117944.00
20150505,25.52,26.47,24.97,25.07,4223494,108146720.00
20150506,25.49,26.26,24.81,25.15,5138098,131611120.00
20150507,25.07,25.98,24.00,25.64,3953331,98939944.00
20150508,25.80,28.20,25.80,28.20,8939550,243459584.00
20150511,28.28,30.38,28.25,29.36,6947706,205139712.00
20150512,29.13,29.93,28.64,29.47,5206979,152994624.00
20150513,28.86,30.49,27.00,29.50,5194432,150360640.00
20150514,29.90,31.87,29.90,30.34,5389181,166716336.00
20150515,29.51,30.68,29.00,30.28,3423634,102013096.00
20150518,29.80,31.70,29.80,31.23,3296783,102266576.00
20150519,31.30,34.35,31.30,34.35,5320348,176468832.00
20150520,35.30,37.79,33.97,35.43,7612188,271072544.00
20150521,35.12,37.50,35.00,36.60,5341250,194482528.00
20150522,37.00,37.50,34.59,35.02,7357237,261872000.00
20150525,33.89,35.00,33.01,34.42,5396037,183291840.00
20150526,34.19,37.00,34.19,36.33,4690235,168017072.00
20150527,36.35,37.60,34.70,35.86,4910640,175420032.00
20150528,35.78,36.00,32.50,33.11,5160321,179892032.00
20150529,32.98,35.00,31.01,34.15,4435660,147777632.00
20150601,34.15,36.20,34.15,35.99,4748006,168767056.00
20150602,36.50,39.28,35.60,38.84,5382438,200996752.00
20150603,38.40,39.70,36.50,37.13,5318916,201359712.00
20150604,37.30,38.40,33.65,35.75,3720754,134241408.00
20150605,36.45,36.98,34.18,35.63,3993401,142608256.00
20150608,35.70,39.19,34.90,39.19,7003060,263472736.00
20150609,38.96,40.50,37.50,38.31,5579836,215121328.00
20150610,38.25,40.09,37.50,40.09,6218107,243420704.00
20150611,40.03,43.50,39.58,40.27,6221736,255506464.00
20150612,40.58,43.69,39.61,42.02,6151158,256805440.00
20150615,42.20,44.98,42.20,42.46,7147252,312104032.00
20150616,42.49,42.49,38.21,38.30,6056353,241109472.00
20150617,38.88,40.00,35.30,39.01,5227100,195497856.00
20150618,38.35,38.81,35.50,35.70,3078991,115616432.00
20150619,35.74,35.80,32.13,33.36,5585408,188020912.00
20150623,33.36,34.18,30.71,33.30,3053588,99613144.00
20150624,33.73,34.60,32.00,33.65,4076733,136212336.00
20150625,33.70,35.70,32.86,34.45,5932737,204455136.00
20150626,32.80,34.97,31.01,31.01,5611994,185660992.00
20150629,31.70,31.77,27.91,27.91,4704268,133663064.00
20150630,26.05,30.70,25.12,29.58,8039434,218359200.00
20150701,29.35,30.60,27.01,27.30,3846663,113888184.00
20150702,27.50,27.50,24.57,24.57,3011200,76836488.00
20150703,22.11,25.44,22.11,22.11,4758649,108771264.00
20150706,24.00,24.20,19.90,19.90,4708011,100658768.00
20150707,17.91,17.95,17.91,17.91,7377000,132124696.00
20150708,16.12,18.10,16.12,17.30,15657969,257400096.00
20150709,16.70,19.03,16.52,19.03,5685801,104373768.00
20150710,20.10,20.93,20.10,20.93,2421210,50452896.00
20150713,22.15,23.02,21.00,23.02,7391103,166872848.00
20150714,23.43,24.88,22.12,23.17,13394584,313855648.00
20150715,22.30,22.77,20.85,20.85,6693319,143484512.00
20150716,19.03,22.30,18.78,20.86,6550526,136014528.00
20150717,21.30,22.48,20.71,22.02,8733051,189987152.00
20150720,22.02,23.30,21.01,23.30,10044675,223019744.00
20150721,22.70,23.83,22.23,23.39,6718158,155669232.00
20150722,23.80,24.00,22.21,23.84,9374758,218057552.00
20150723,23.60,24.84,23.30,24.31,8777703,212436896.00
20150724,24.30,25.88,23.96,24.29,11440997,284170688.00
20150727,23.54,24.80,21.86,21.86,6690994,155781104.00
20150728,19.88,21.85,19.67,19.78,9418876,190144944.00
20150729,20.50,20.95,17.98,20.95,6723854,131655616.00
20150730,22.53,22.53,20.42,20.55,9639823,210406192.00
20150731,20.16,20.99,19.30,19.72,4232743,84848728.00
20150803,19.40,19.76,17.75,17.77,3524493,65241160.00
20150804,17.90,19.55,17.88,19.55,4886009,92389792.00
20150805,19.73,20.77,19.55,19.90,6464318,130246160.00
20150806,19.00,21.75,18.90,21.54,5445875,113751632.00
20150807,21.54,23.15,21.31,22.71,6577721,147016640.00
20150810,23.01,24.10,23.01,23.88,5605478,133094144.00
20150811,24.51,24.60,23.00,23.11,6936564,164656416.00
20150812,22.51,23.10,22.30,22.80,4728119,107131936.00
20150813,23.48,25.08,22.80,24.00,6483399,153379520.00
20150814,24.00,24.50,23.31,23.60,5698286,136096400.00
20150817,24.79,25.96,24.78,25.96,5543750,141575552.00
20150818,27.00,27.67,23.36,23.46,13003406,339874784.00
20150819,21.98,25.81,21.50,25.80,9567633,223173632.00
20150820,25.00,25.75,23.83,24.20,6724044,166890704.00
20150821,23.02,24.10,21.90,22.10,5206702,119122320.00
20150824,19.90,21.00,19.89,19.89,3571431,71180080.00
20150825,17.90,18.48,17.90,17.90,2664254,47847104.00
20150826,16.88,18.70,16.11,16.18,6997298,118972256.00
20150827,16.50,17.45,14.91,17.00,4820997,78833856.00
20150828,17.38,18.36,16.50,18.18,6747023,116473496.00
20150831,17.78,17.78,16.36,16.36,4522901,76767808.00
20150901,16.34,16.34,14.72,14.72,3916446,58649480.00
20150902,13.25,15.16,13.25,13.25,4601812,63329836.00
20150907,13.45,14.26,13.25,13.82,3969049,54710364.00
20150908,13.58,15.17,13.55,15.04,3825772,54401816.00
20150909,15.05,16.12,15.05,15.99,4510809,70887688.00
20150910,15.50,16.15,15.50,15.58,2462616,38950988.00
20150911,15.62,16.20,15.43,15.74,2953915,46589120.00
20150914,15.75,15.93,14.17,14.17,4060328,59696036.00
20150915,13.22,13.73,12.75,12.80,4681901,61391648.00
20150916,12.95,14.08,12.80,14.08,4893079,65553760.00
20150917,14.00,14.96,13.78,14.01,5270660,75763376.00
20150918,14.21,14.46,13.51,14.19,3905935,54629564.00
20150921,13.80,14.96,13.80,14.90,6287271,91332840.00
20150922,14.90,15.97,14.71,15.04,6018783,91100600.00
20150923,14.69,15.87,14.35,15.66,8437483,130158912.00
20150924,15.92,16.45,15.50,16.32,6354070,101253464.00
20150925,16.00,16.12,14.69,14.80,5492670,84699864.00
20150928,15.00,16.20,14.52,15.99,4216539,65263360.00
20150929,15.45,16.18,15.21,15.54,3531229,55466688.00
20150930,15.55,16.39,15.06,15.55,2658292,41682868.00
20151008,16.20,16.96,15.91,16.75,4509465,74610472.00
20151009,16.57,17.47,16.51,16.95,3650277,61718884.00
20151012,16.96,18.24,16.92,17.66,6127303,107926696.00
20151013,17.47,18.00,17.47,17.90,3960276,70174064.00
20151014,17.89,18.30,17.08,17.33,5428132,96150592.00
20151015,17.20,18.20,17.00,18.13,5633512,100458744.00
20151016,18.50,18.69,17.62,18.13,6406289,116112720.00
20151019,18.00,18.27,17.19,17.56,4354191,77022840.00
20151020,17.57,18.35,17.56,18.35,5244037,94801928.00
20151021,18.35,18.79,16.52,16.58,7825802,137411264.00
20151022,16.70,17.68,16.40,17.42,5546830,94508200.00
20151023,17.66,19.16,17.45,19.16,7514272,137402240.00
20151026,19.65,19.90,18.00,19.28,7007713,133426360.00
20151027,19.00,20.77,17.96,20.46,7596117,146780048.00
20151028,20.01,21.50,19.82,20.46,7562736,157093568.00
20151029,20.85,21.15,20.01,20.80,4037611,83884400.00
20151030,20.91,21.20,20.05,20.66,4092929,84852568.00
20151102,19.76,20.80,19.60,19.88,2617121,52945780.00
20151103,20.00,21.00,19.69,20.80,3162088,64461476.00
20151104,20.85,22.88,20.68,22.83,3986698,86825552.00
20151105,22.50,23.60,21.70,22.15,6084398,135936512.00
20151106,22.70,23.33,22.50,22.61,4545514,104160648.00
20151109,22.21,23.01,22.00,22.71,4703953,106531320.00
20151110,22.64,23.30,22.30,23.12,4017430,91842576.00
20151111,23.14,23.99,22.90,23.55,4520176,105950456.00
20151112,23.55,23.86,22.22,22.86,5557269,127562544.00
20151113,22.52,22.79,21.41,21.67,3914574,86152536.00
20151116,21.33,22.75,21.10,22.73,2717511,60669988.00
20151117,22.93,23.42,21.77,22.06,7377249,164952208.00
20151118,22.00,22.65,21.82,21.96,3650363,81424400.00
20151119,22.01,22.90,22.01,22.90,4528128,102615464.00
20151120,22.75,25.19,22.60,24.31,7062865,169139632.00
20151123,24.50,25.88,23.90,24.86,6086211,152417600.00
20151124,25.08,25.44,24.50,25.35,4009944,99922000.00
20151125,25.05,27.89,25.05,27.89,7527699,204599072.00
20151126,28.50,30.66,28.20,29.19,9336416,275130592.00
20151127,29.54,30.35,26.27,27.20,7253007,208414048.00
20151130,26.81,28.00,25.00,27.58,9100808,244566608.00
20151201,27.12,27.30,25.00,25.35,6609393,174764416.00
20151202,25.35,25.45,22.82,23.66,5612364,133450168.00
20151203,23.70,24.85,23.69,24.85,4795623,115742800.00
20151204,24.80,25.50,23.79,24.49,4676150,115856808.00
20151207,24.80,25.95,24.16,25.61,4061768,102665680.00
20151208,25.60,26.16,24.60,25.65,5105007,129613272.00
20151209,25.50,26.77,25.50,26.77,5339750,140185872.00
20151210,26.50,29.45,26.20,28.64,8648014,247770496.00
20151211,27.88,28.50,27.10,27.54,3589694,99691576.00
20151214,27.16,27.55,25.68,27.10,3446052,91301016.00
20151215,27.40,28.30,27.03,28.28,3222194,89196144.00
20151216,28.40,29.86,27.35,27.37,4140665,117345840.00
20151217,27.52,28.90,27.52,28.83,4244981,120525224.00
20151218,28.82,29.49,27.89,29.13,4271698,122920624.00
20151221,29.10,29.79,28.45,29.29,3393840,98671176.00
20151222,29.00,29.42,27.82,28.36,4374149,123877520.00
20151223,28.60,31.18,28.10,29.27,8265475,244726528.00
20151224,28.91,30.34,28.75,30.29,4087996,120509160.00
20151225,30.00,33.00,29.90,31.80,6733608,214928064.00
20151228,31.47,34.98,31.40,33.69,11259997,383080192.00
20151229,34.80,36.49,33.65,35.53,12083894,425117024.00
20151230,35.05,35.98,33.31,34.60,5373103,187657824.00
20151231,35.00,37.16,34.10,36.40,5250202,187007552.00
20160104,35.80,37.00,32.76,32.76,4268941,144727920.00
20160105,30.31,33.10,29.48,30.65,7704363,235024864.00
20160106,30.94,32.30,30.30,32.30,5437163,171704128.00
20160107,32.00,32.00,29.07,29.07,846800,25334062.00
20160108,29.53,30.20,26.20,26.85,7212895,198843120.00
20160111,25.64,26.17,24.17,24.17,4061622,99740664.00
20160112,23.30,23.97,21.75,21.75,9634111,214426784.00
20160113,21.86,22.45,20.50,20.51,5859356,126654272.00
20160114,19.65,22.50,19.28,22.30,6460485,136571280.00
20160115,21.78,22.89,20.79,21.01,4693670,103118992.00
20160118,20.50,22.60,20.00,22.20,4039338,87429480.00
20160119,22.17,24.24,21.62,23.71,5166805,117916312.00
20160120,23.37,23.59,22.10,23.50,6658183,152701264.00
20160121,22.65,23.64,21.20,21.53,5517871,125791320.00
20160122,21.74,21.74,20.00,21.10,5389872,112136288.00
20160125,21.24,22.28,20.84,21.19,3329325,71130640.00
20160126,20.60,20.60,19.07,19.07,4114094,81233040.00
20160127,18.55,18.88,17.16,17.80,5668467,99678304.00
20160128,17.37,18.30,16.10,16.22,4164681,72414984.00
20160129,16.34,17.46,16.12,17.28,4295960,72800760.00
20160201,17.50,17.63,16.84,17.20,3400596,58571068.00
20160202,17.20,18.62,17.20,17.95,4259619,77076512.00
20160203,17.50,18.35,17.11,18.00,4589141,80984952.00
20160204,18.02,18.79,17.96,18.31,7170947,131771320.00
20160205,18.36,18.49,17.86,17.98,4232204,76913760.00
20160215,17.02,18.27,17.01,18.14,2985133,52439916.00
20160216,18.10,19.50,18.07,19.15,4848025,91932072.00
20160217,19.10,19.75,18.69,19.70,4571054,87403648.00
20160218,19.81,19.97,19.36,19.42,3382733,66526400.00
20160219,19.23,20.18,19.08,19.75,4086003,80093584.00
20160222,19.88,20.44,19.72,20.16,6817991,136090576.00
20160223,20.13,20.29,19.25,19.51,3350561,65983060.00
20160224,19.56,19.84,18.53,19.55,4924925,94637112.00
20160225,19.49,19.49,17.60,17.60,4406952,80570496.00
20160226,17.60,17.76,16.28,16.42,3810097,64523448.00
20160229,16.11,16.17,14.78,14.78,3972226,59453204.00
20160301,14.54,15.87,14.00,15.39,5680188,84043400.00
20160302,15.40,16.35,15.16,16.14,5669026,89282528.00
20160303,16.15,16.80,15.80,16.03,5817345,94724328.00
20160304,15.93,16.07,14.60,15.00,5271379,80963976.00
20160307,15.10,15.87,15.10,15.36,3134222,48443652.00
20160308,15.51,15.56,13.90,15.45,6419366,94911416.00
20160309,15.00,16.06,14.58,15.87,6613781,102971704.00
20160310,15.80,16.16,15.00,15.13,6039169,94348784.00
20160311,14.72,15.83,14.62,15.72,4774438,73214720.00
20160314,16.06,16.85,15.93,16.35,6800344,111526512.00
20160315,16.35,16.65,16.15,16.40,5201099,85203816.00
20160316,16.88,17.97,16.50,16.58,8591099,145857232.00
20160317,16.55,17.85,16.55,17.68,7034214,121413456.00
20160318,17.68,18.82,17.68,18.46,9535642,175081856.00
20160321,18.71,18.90,18.30,18.77,6575577,122083712.00
20160322,18.49,18.99,18.30,18.73,5102186,95085328.00
20160323,18.70,19.20,18.60,18.96,4070465,76899640.00
20160324,19.19,19.88,18.85,18.85,6666956,128872176.00
20160325,18.49,19.00,18.23,18.80,4203258,77816216.00
20160328,18.97,19.31,18.25,18.26,4572336,85764912.00
20160329,18.30,18.65,17.70,17.90,3660598,66535972.00
20160330,18.26,19.60,18.00,19.60,7719804,144276800.00
20160331,19.46,20.00,19.32,19.38,5139672,100987632.00
20160401,19.37,19.37,18.50,18.93,3551744,66804924.00
20160405,18.88,20.05,18.67,19.73,5455269,105677744.00
20160406,19.70,20.00,19.43,19.90,3557117,70255880.00
20160407,19.90,20.30,19.05,19.05,3906179,76167360.00
20160408,19.04,19.57,18.80,19.25,3796660,72572528.00
20160411,19.26,19.93,19.26,19.83,3687763,72767984.00
20160412,19.97,20.05,19.32,19.63,2791737,54911112.00
20160413,19.63,20.59,19.60,20.35,4710768,95213648.00
20160414,20.41,21.22,20.20,20.60,4204652,87198752.00
20160415,20.45,21.70,20.19,21.70,4666912,97108864.00
20160418,21.30,23.23,21.00,22.00,6013330,130544104.00
20160419,22.00,23.30,22.00,23.08,9072547,207751168.00
20160420,23.21,23.70,20.81,22.12,7417895,165442128.00
20160421,21.80,23.60,20.96,22.94,9187303,203943760.00
20160422,22.40,23.95,21.81,22.80,10697793,246346144.00
20160425,22.80,23.50,21.80,22.70,5554011,125323776.00
20160426,22.80,22.80,20.92,21.70,6103362,132991376.00
20160427,21.89,22.10,21.25,21.76,3682222,79913528.00
20160428,21.76,21.77,20.21,21.00,4750934,99118008.00
20160429,20.85,21.50,20.62,20.64,2333792,48592936.00
20160503,20.80,22.35,20.40,22.13,8175043,175415728.00
20160504,21.96,23.98,21.85,23.20,9884748,225585472.00
20160505,23.35,23.95,22.73,23.58,6450159,151217936.00
20160506,23.57,23.57,21.23,21.35,8735124,195884112.00
20160509,21.14,21.14,19.22,19.22,6962184,136466096.00
20160510,18.97,19.22,18.40,18.68,4464288,84005800.00
20160511,19.00,19.05,17.85,18.10,4571344,83678424.00
20160512,17.85,17.98,16.90,17.87,3552049,62257596.00
20160513,18.19,18.19,17.02,17.50,3350665,59363880.00
20160516,17.65,17.93,17.21,17.88,2804517,49596332.00
20160517,17.94,18.50,17.67,18.22,3446468,62356008.00
20160518,17.95,17.95,16.40,16.60,5194590,88625520.00
20160519,16.91,17.43,16.40,16.95,4112808,70067768.00
20160520,17.00,17.39,16.74,17.26,3952599,67401904.00
20160523,17.50,18.18,17.30,17.86,5127554,90603264.00
20160524,17.83,18.17,17.41,17.88,4694791,83665712.00
20160525,18.09,18.20,17.51,17.83,3010247,53852008.00
20160526,17.79,18.12,17.03,17.89,3135708,54985668.00
20160527,17.78,18.10,17.59,17.88,2554905,45655064.00
20160530,17.78,18.11,17.28,17.69,3808633,67189432.00
20160531,17.82,19.46,17.59,19.46,7170737,134206360.00
20160601,19.60,20.20,19.50,19.61,7054299,139807056.00
20160602,19.50,20.19,19.50,19.99,4802553,95278632.00
20160603,20.10,20.13,19.68,19.90,5175858,102971104.00
20160606,19.98,20.39,19.73,20.22,3813991,76365944.00
20160607,20.23,21.18,20.07,20.62,5427638,112711688.00
20160608,20.68,20.68,19.74,20.00,3173614,63919308.00
20160613,19.70,21.19,19.38,19.38,7013431,143825472.00
20160614,19.60,20.70,19.40,20.39,5602876,112011104.00
20160615,19.97,21.40,19.62,21.35,8381038,174413248.00
20160616,21.06,21.51,20.25,20.96,6541999,137195600.00
20160617,20.96,21.85,20.61,21.38,7088066,149974288.00
20160620,21.38,21.80,20.90,21.23,5124389,109644408.00
20160621,21.40,21.47,20.12,20.19,5414837,112391968.00
20160622,20.24,21.94,20.00,21.92,8844245,184877744.00
20160623,22.13,23.25,22.11,22.31,11054288,250290816.00
20160624,21.94,22.32,20.15,21.68,7425604,160237488.00
20160627,21.50,23.10,21.29,23.00,9074412,205032896.00
20160628,22.82,23.70,22.40,23.31,8372793,193160048.00
20160629,23.11,23.56,22.74,22.91,7077173,163299600.00
20160630,23.02,23.03,22.45,22.69,3089129,70208736.00
20160701,22.70,23.00,22.38,22.80,3828983,87069976.00
20160704,22.58,23.35,22.50,22.77,5280852,120978976.00
20160705,22.65,22.98,22.29,22.34,5043810,113946768.00
20160706,22.21,22.49,22.17,22.32,2377906,53038464.00
20160707,22.20,22.38,21.11,22.00,5095668,111630568.00
20160708,21.95,22.30,21.77,22.09,2625878,57954076.00
20160711,22.10,22.29,20.21,20.25,7845397,166505792.00
20160712,20.08,20.45,18.98,19.99,10439870,204764928.00
20160713,20.03,20.56,19.84,20.44,4861866,98628928.00
20160714,20.43,20.75,20.08,20.45,3117905,63589376.00
20160715,20.46,20.54,19.94,19.94,3566670,72103888.00
20160718,19.88,20.51,19.80,20.16,3370172,68076880.00
20160719,20.27,20.60,19.93,20.50,3325255,67558408.00
20160720,20.50,20.61,20.22,20.28,2758661,56285368.00
20160721,20.46,20.61,20.10,20.37,2768946,56529356.00
20160722,20.37,20.44,20.00,20.10,2296910,46484116.00
20160725,20.09,20.88,19.77,20.28,3079062,62696676.00
20160726,20.21,20.50,20.21,20.50,2351673,47965104.00
20160727,20.55,20.58,18.58,18.67,5719469,110969224.00
20160728,18.49,18.87,18.06,18.67,3499468,64525776.00
20160729,18.55,18.68,18.15,18.37,1746381,32147000.00
20160801,18.00,18.34,17.60,18.15,2698597,48192476.00
20160802,18.19,18.53,18.04,18.51,1945073,35535024.00
20160803,18.53,18.64,18.21,18.54,1853251,34072812.00
20160804,18.54,18.89,18.42,18.69,1701524,31840262.00
20160805,18.63,18.78,18.30,18.33,1603875,29552810.00
20160808,18.30,18.66,18.18,18.52,1953901,36092448.00
20160809,18.63,18.80,18.41,18.76,1972550,36857300.00
20160810,18.74,18.87,18.52,18.54,2019240,37701788.00
20160811,18.57,18.57,18.12,18.12,2296075,42096544.00
20160812,18.02,18.20,17.71,18.02,2615032,47007684.00
20160815,18.03,19.13,17.95,18.96,4624371,86294624.00
20160816,19.10,19.23,18.79,19.00,2798061,53241636.00
20160817,19.01,19.12,18.83,18.88,2045214,38770072.00
20160818,18.89,19.42,18.73,19.30,4065543,78170384.00
20160819,19.38,19.38,18.89,19.31,3058259,58548384.00
20160822,19.31,19.31,18.75,18.76,2481032,46966140.00
20160823,18.84,19.27,18.68,19.02,3233246,61542416.00
20160824,19.05,19.54,18.99,19.31,3884713,75238704.00
20160825,19.27,20.09,19.00,19.60,7398162,145405824.00
20160826,19.49,20.19,19.40,19.81,6866475,135810176.00
20160829,19.62,19.97,19.50,19.70,4542896,89259816.00
20160830,19.69,19.72,19.37,19.39,2612895,50852980.00
20160831,19.50,19.50,19.05,19.41,1847165,35591532.00
20160901,19.40,19.77,19.21,19.32,2377780,46480160.00
20160902,19.26,19.45,19.19,19.34,1418176,27409810.00
20160905,19.40,19.79,19.28,19.32,3170296,61663904.00
20160906,19.26,19.61,18.95,19.61,3522599,68052304.00
20160907,19.62,20.23,19.53,19.86,5287093,105431656.00
20160908,19.87,20.69,19.80,20.27,4608935,93409656.00
20160909,20.33,20.45,19.79,19.80,3459439,69310328.00
20160912,19.25,19.75,19.01,19.42,2495638,48455164.00
20160913,19.50,19.50,18.72,18.97,2544253,48603024.00
20160914,18.99,19.15,18.76,19.00,1150653,21821802.00
20160919,19.02,19.32,19.02,19.17,1371538,26267712.00
20160920,19.23,19.34,19.11,19.18,1407335,27034564.00
20160921,19.21,19.91,19.16,19.60,3037165,59463420.00
20160922,19.75,19.85,19.40,19.52,1980853,38882748.00
20160923,19.56,20.00,19.50,19.73,2395731,47337232.00
20160926,19.88,19.91,19.00,19.01,2502700,48716308.00
20160927,19.00,19.26,18.70,19.13,1737889,32907364.00
20160928,19.11,19.20,19.00,19.03,928780,17714464.00
20160929,19.05,19.24,19.01,19.03,1019976,19464932.00
20160930,19.15,19.19,19.02,19.10,1056833,20183522.00
20161010,19.30,19.85,19.16,19.70,2700753,52796276.00
20161011,19.70,19.90,19.51,19.71,2576345,50655388.00
20161012,19.68,20.20,19.60,19.97,4044589,80201280.00
20161013,19.82,20.29,19.69,20.28,8004975,159960032.00
20161014,20.10,20.19,19.63,19.91,4081651,81066880.00
20161017,19.94,19.96,19.70,19.80,3305535,65483080.00
20161018,19.76,20.20,19.69,20.03,3615381,72276168.00
20161019,20.07,20.24,19.81,19.94,2694110,53840904.00
20161020,19.98,20.04,19.80,19.92,1498005,29831380.00
20161021,19.97,20.19,19.77,20.12,3258115,65218584.00
20161024,20.12,20.27,19.89,20.17,2049229,41194688.00
20161025,20.07,20.20,19.89,19.96,2550594,50930428.00
20161026,20.01,20.22,19.82,20.18,3295300,65897580.00
20161027,20.12,20.17,19.84,19.90,2024100,40327756.00
20161028,19.98,19.98,19.35,19.36,2597039,50882896.00
20161031,19.36,19.48,19.21,19.36,1925231,37187028.00
20161101,19.55,19.58,19.22,19.50,4399074,85312936.00
20161102,19.35,19.47,19.12,19.21,2707615,52271716.00
20161103,19.20,19.53,19.01,19.40,3513009,67791520.00
20161104,19.37,19.45,19.14,19.25,2263656,43690340.00
20161107,19.25,19.46,19.17,19.33,1442133,27829748.00
20161108,19.40,19.58,19.30,19.54,2266681,44030668.00
20161109,19.54,19.70,19.29,19.46,3382909,65950884.00
20161110,19.60,19.88,19.54,19.79,3495735,69062608.00
20161111,19.82,19.97,19.69,19.83,4142887,82116768.00
20161114,19.90,20.97,19.88,20.22,6942147,141409264.00
20161115,20.09,20.69,20.09,20.69,6076112,124112056.00
20161116,20.80,21.68,20.70,21.04,9667564,206067408.00
20161117,20.91,20.98,20.51,20.90,3787600,78569408.00
20161118,20.80,21.26,20.61,20.61,3960865,82797648.00
20161121,20.63,21.49,20.53,21.16,5651743,118552248.00
20161122,21.06,21.50,21.00,21.31,4631222,98207808.00
20161123,21.32,21.45,20.70,20.86,4055995,85381504.00
20161124,20.90,21.08,20.48,20.57,2206447,45973540.00
20161125,20.59,21.24,20.00,21.24,3588851,74360880.00
20161128,21.25,21.56,20.93,20.96,3361477,71396576.00
20161129,20.88,21.08,20.55,20.99,3275390,67957584.00
20161130,21.00,21.03,20.45,20.59,3167529,65384684.00
20161201,20.43,20.68,20.11,20.20,3785690,76937944.00
20161202,20.28,20.31,19.30,19.42,3028891,59920796.00
20161205,19.32,19.81,19.08,19.46,2167153,42354556.00
20161206,19.55,19.72,19.30,19.35,1969570,38469940.00
20161207,19.44,19.86,19.28,19.64,2298851,45166352.00
20161208,19.74,20.22,19.70,20.01,3969390,79488112.00
20161209,20.08,20.90,19.95,20.71,5271329,108526376.00
20161212,20.59,20.72,19.61,19.61,3759370,75530128.00
20161213,19.41,19.97,19.18,19.85,1939839,37924024.00
20161214,20.00,20.15,19.66,19.92,2504876,49951368.00
20161215,20.00,20.80,19.81,20.80,4003332,81826520.00
20161216,20.60,21.53,20.40,21.38,6503505,137021392.00
20161219,21.41,21.75,20.83,20.97,3710206,78480712.00
20161220,20.95,21.38,20.79,20.98,3100848,65177172.00
20161221,21.00,21.24,20.70,20.88,2330734,48601656.00
20161222,21.16,21.16,20.55,20.85,3443070,71643400.00
20161223,21.30,21.30,20.43,20.90,3557075,73960120.00
20161226,20.63,20.84,20.13,20.74,4654434,95563568.00
20161227,20.55,20.86,20.52,20.79,4988423,103289856.00
20161228,20.87,21.09,20.70,20.84,3507280,73372008.00
20161229,21.10,21.69,20.84,21.42,7492377,160217072.00
20161230,21.31,21.88,21.15,21.88,4893056,104737192.00
20170103,21.79,22.21,21.41,21.67,5094114,111206872.00
20170104,21.90,21.94,21.43,21.80,6375098,138155040.00
20170105,21.89,22.02,21.30,21.80,5877501,127270056.00
20170106,21.68,21.86,21.35,21.86,3799875,82028568.00
20170109,21.90,22.26,21.40,21.60,5364378,116772384.00
20170110,21.59,21.70,21.23,21.65,2995400,64307484.00
20170111,21.65,21.96,20.89,21.70,4499331,96808696.00
20170112,21.55,22.53,21.47,22.17,9836211,216423216.00
20170113,22.16,22.89,21.88,22.68,8177266,183480320.00
20170116,23.10,23.28,20.42,22.17,9043896,198734128.00
20170117,21.96,22.30,21.22,22.17,6183734,135669184.00
20170118,22.30,22.30,21.41,21.76,5146995,112362808.00
20170119,21.41,21.78,21.25,21.65,2864857,61790800.00
20170120,21.57,21.78,21.36,21.64,2417192,52174704.00
20170123,21.80,22.10,21.49,21.93,3031542,66224120.00
20170124,21.88,22.23,21.54,21.63,3280100,71882192.00
20170125,21.27,21.88,20.27,21.86,5912298,124621416.00
20170126,21.85,22.40,21.60,22.27,2975126,65417496.00
20170203,22.27,22.45,21.80,22.26,1979664,43749840.00
20170206,22.20,22.78,22.02,22.59,2710600,61028020.00
20170207,22.70,22.70,22.29,22.40,2295306,51643284.00
20170208,22.40,23.58,22.12,23.45,4120886,93364448.00
20170209,23.49,24.50,23.11,24.42,7219147,171534736.00
20170210,24.08,24.35,23.79,24.30,6035381,145245312.00
20170213,24.30,24.80,24.11,24.50,6735799,164699040.00
20170214,24.50,25.97,23.72,25.74,9680827,239529168.00
20170215,25.35,25.98,24.92,25.35,6694383,170185840.00
20170216,25.19,25.50,25.00,25.50,3185598,80391304.00
20170217,25.35,26.50,25.30,26.47,5947780,153994336.00
20170220,26.70,27.38,25.89,26.50,5458661,144100896.00
20170221,26.80,26.85,26.01,26.58,3368708,88540640.00
20170222,26.60,27.10,25.90,27.00,5519959,146746912.00
20170223,27.36,28.18,26.77,27.75,7153735,196901840.00
20170224,27.40,27.50,25.30,26.10,7680708,202010304.00
20170227,26.27,26.76,25.10,26.20,8879114,229045840.00
20170228,26.60,26.65,25.90,26.43,4478445,117705928.00
20170301,26.35,26.58,25.88,26.58,3337688,87819656.00
20170302,26.30,26.78,25.81,26.20,4175805,109503152.00
20170303,26.00,26.29,25.59,25.77,2545625,66239632.00
20170306,25.70,26.20,25.50,26.18,2017131,52563392.00
20170307,26.24,26.40,26.08,26.23,2199566,57734704.00
20170308,26.35,28.55,26.06,28.37,6660587,181290224.00
20170309,28.45,29.47,27.66,28.98,6171853,176385456.00
20170310,28.58,29.49,28.58,29.30,3799033,110528496.00
20170313,29.09,30.10,28.80,29.36,2700768,79920304.00
20170314,29.39,29.70,29.01,29.25,1588548,46498780.00
20170315,29.29,29.36,28.53,29.00,2656635,76612896.00
20170316,29.04,29.48,28.82,29.06,1331667,38682784.00
20170317,29.20,30.45,28.94,29.80,4770973,142725264.00
20170320,29.90,30.37,29.65,30.35,2194072,65870608.00
20170321,30.38,30.50,29.59,29.95,3850565,115569240.00
20170322,30.19,30.19,29.12,29.70,2537090,75339280.00
20170323,29.65,29.85,29.11,29.65,3161741,93140824.00
20170324,29.80,29.80,29.00,29.57,3622902,106394816.00
20170327,29.46,29.50,28.40,28.40,5851799,169498592.00
20170328,28.98,29.00,27.06,28.78,9001187,253933744.00
20170329,28.78,28.78,28.05,28.40,3947872,111927032.00
20170330,28.01,28.30,27.40,28.10,3089107,85833920.00
20170331,27.60,28.00,27.24,27.88,3082200,85042328.00
20170405,28.15,30.59,28.15,30.45,5388836,159628048.00
20170406,30.25,31.77,29.85,31.35,5577578,171977184.00
20170407,31.58,32.40,30.30,32.30,5481430,173176064.00
20170410,32.30,33.59,32.03,33.43,10456178,343801184.00
20170411,35.95,35.95,30.09,33.98,20031425,652410880.00
20170412,31.00,31.50,30.58,30.58,6484709,199028224.00
20170413,28.30,30.87,28.30,30.59,7998310,238746128.00
20170414,30.85,30.85,29.70,29.90,3284234,98707280.00
20170417,29.69,29.98,28.58,28.80,3749997,109208424.00
20170418,29.30,30.50,28.65,30.00,3526875,103201184.00
20170419,30.50,30.50,28.30,29.20,3743900,108743976.00
20170420,29.20,29.44,27.50,28.30,4027689,113664312.00
20170421,28.17,28.49,25.47,25.97,5985603,158683504.00
20170424,25.97,26.25,25.07,25.60,4142900,106162616.00
20170425,25.70,26.29,25.49,26.15,4129903,107284600.00
20170426,26.15,26.95,25.70,26.90,4071682,107126568.00
20170427,26.85,28.33,25.00,28.07,5460576,147783360.00
20170428,27.70,28.70,27.56,28.28,3829100,107758344.00
20170502,28.15,29.15,28.01,28.98,4832932,138113328.00
20170503,30.02,30.06,28.55,29.42,5148047,149920848.00
20170504,29.51,29.73,28.98,29.51,4538056,133728264.00
20170505,29.50,29.55,28.70,29.38,3793956,110454024.00
20170508,29.40,29.40,28.40,28.83,3376000,97112976.00
20170509,28.34,29.80,28.11,29.24,4274501,123375400.00
20170510,29.02,29.75,28.64,29.10,4122502,120489192.00
20170511,29.10,29.59,28.41,29.36,2977210,86361976.00
20170512,29.78,29.78,28.77,28.99,3098700,90463376.00
20170515,28.88,29.38,28.45,29.00,4385713,126535000.00
20170516,29.28,30.00,28.60,29.99,5707602,167238608.00
20170517,30.20,30.20,29.53,29.98,4923456,146955472.00
20170518,29.79,30.20,29.51,29.77,4430500,132407400.00
20170519,29.94,30.20,29.00,29.78,4858900,145134944.00
20170522,30.09,30.09,29.02,29.24,2604300,76801824.00
20170523,29.10,29.50,26.60,28.99,4088438,114731328.00
20170524,29.00,29.29,27.99,29.10,4026413,116006840.00
20170525,28.59,29.30,28.28,28.75,2054480,58811540.00
20170526,28.75,28.75,27.55,27.89,1332001,37368992.00
20170531,27.89,28.45,26.65,27.35,1851300,50953832.00
20170601,27.00,27.05,26.00,26.70,2447100,65234684.00
20170602,26.15,26.70,25.85,26.58,3436049,90306856.00
20170605,26.11,26.66,26.00,26.34,2917800,76514504.00
20170606,26.26,28.75,26.05,27.88,10316138,281161952.00
20170607,27.80,28.46,27.35,27.85,13036318,362429088.00
20170608,27.55,28.15,27.35,27.62,6108379,169621216.00
20170609,27.51,28.00,27.20,27.20,8625630,238489600.00
20170612,27.21,27.21,25.00,25.00,6013500,155594080.00
20170613,24.70,25.63,24.16,24.35,4530612,112483272.00
20170614,24.40,25.88,23.73,25.77,7501580,187696400.00
20170615,25.88,25.93,25.39,25.88,5730180,147312288.00
20170616,25.77,26.50,25.38,26.50,5071627,131595728.00
20170619,26.10,26.26,25.88,25.90,3199086,83165840.00
20170620,25.71,25.92,24.52,24.82,4614507,116033208.00
20170621,24.80,25.00,23.28,23.90,4657287,112425992.00
20170622,23.75,24.08,22.86,22.95,4640200,108762216.00
20170623,22.99,23.00,20.66,22.07,7896284,171303216.00
20170626,21.69,21.88,20.80,21.18,6812820,143915200.00
20170627,21.10,21.36,21.02,21.19,4226672,89496968.00
20170628,21.16,21.23,20.27,20.27,3766620,78134256.00
20170629,20.07,20.59,19.42,19.70,8482041,167702992.00
20170630,19.64,19.78,19.06,19.18,8319554,160695792.00
20170703,19.22,19.25,18.32,18.82,13586875,254565872.00
20170704,18.85,19.32,18.69,19.23,10539409,201004144.00
20170705,19.26,19.30,18.86,19.19,7599160,145160592.00
20170706,19.19,19.48,18.95,19.05,7616577,146326800.00
20170707,18.91,19.15,18.70,19.05,5812971,109979152.00
20170710,18.96,18.96,18.54,18.55,5425536,101447248.00
20170711,18.50,18.50,17.72,17.72,7419200,134010864.00
20170712,17.98,18.40,17.63,18.40,7700324,138820432.00
20170713,18.30,18.74,18.02,18.64,8407494,154822944.00
20170714,18.65,18.65,18.23,18.27,5903562,108727120.00
20170717,17.98,17.98,16.44,16.44,8185197,137806416.00
20170718,15.95,16.67,15.95,16.48,5679639,92843336.00
20170719,16.45,16.75,16.37,16.67,5989458,98993896.00
数据来源:通达信
