300337 银邦股份 日线 前复权
      日期	    开盘	    最高	    最低	    收盘	    成交量	    成交额
20120718,4.10,4.10,3.78,3.81,17001231,293274240.00
20120719,3.83,4.19,3.83,4.03,12336446,218087680.00
20120720,3.92,3.95,3.85,3.87,7123463,123789848.00
20120723,3.80,3.80,3.60,3.67,5388876,88386664.00
20120724,3.63,3.86,3.63,3.85,6118217,103319944.00
20120725,3.80,3.97,3.78,3.80,5507185,95289792.00
20120726,3.87,3.97,3.82,3.86,5398437,93853536.00
20120727,3.82,3.91,3.72,3.78,3845869,65113216.00
20120730,3.72,3.78,3.68,3.73,2313498,38534884.00
20120731,3.73,3.75,3.60,3.75,2380212,39048080.00
20120801,3.71,3.95,3.69,3.89,5104743,87783008.00
20120802,3.85,4.00,3.78,3.82,3808423,66359816.00
20120803,3.83,3.97,3.76,3.95,3366924,58579208.00
20120806,3.91,4.12,3.90,4.08,4687150,84029688.00
20120807,4.03,4.14,3.98,4.00,3665598,66251876.00
20120808,3.98,4.04,3.90,4.03,2139490,38078868.00
20120809,4.01,4.17,3.98,4.14,2824955,51547224.00
20120810,4.10,4.16,4.04,4.06,1871290,34256000.00
20120813,4.14,4.37,4.05,4.05,3218958,59995828.00
20120814,4.01,4.15,3.98,4.14,2319534,42076860.00
20120815,4.14,4.48,4.14,4.35,6413466,124426424.00
20120816,4.39,4.46,4.26,4.30,3475851,67324704.00
20120817,4.40,4.50,4.26,4.40,3645072,71984432.00
20120820,4.35,4.54,4.31,4.44,3001729,59755516.00
20120821,4.42,4.62,4.42,4.54,5164096,104231576.00
20120822,4.51,4.97,4.50,4.77,7235861,152741360.00
20120823,4.72,4.94,4.68,4.87,5762777,124000256.00
20120824,4.85,5.00,4.68,4.77,5970822,127769008.00
20120827,4.71,4.80,4.61,4.73,4093007,85690704.00
20120828,4.71,5.09,4.65,5.03,6610899,145348736.00
20120829,5.12,5.54,5.12,5.54,7234146,173624096.00
20120830,5.51,5.51,4.98,4.98,10306162,235402320.00
20120831,4.85,5.13,4.85,4.93,6544532,145867792.00
20120903,4.87,5.22,4.78,5.15,5210346,117403168.00
20120904,5.12,5.25,5.01,5.15,5187048,117900008.00
20120905,5.09,5.12,4.94,4.97,3767955,84263216.00
20120906,4.94,5.12,4.89,5.04,3197149,71390272.00
20120907,5.07,5.29,4.96,5.10,5811233,132913840.00
20120910,5.08,5.37,4.95,5.36,4910160,113224576.00
20120911,5.26,5.44,5.14,5.14,4336236,101741552.00
20120912,5.15,5.23,4.98,5.04,2679208,60729520.00
20120913,5.04,5.09,4.85,4.95,3978028,87845608.00
20120914,4.98,5.03,4.69,4.83,4455135,95406552.00
20120917,4.78,4.82,4.69,4.79,2129305,45042128.00
20120918,4.78,4.86,4.73,4.86,2018711,43276360.00
20120919,4.85,4.91,4.79,4.85,1178481,25481730.00
20120920,4.85,4.85,4.37,4.53,4991526,101108864.00
20120921,4.43,4.53,4.33,4.52,1882967,37348184.00
20120924,4.48,4.58,4.38,4.56,1237670,24979948.00
20120925,4.55,4.61,4.26,4.55,1587295,31822974.00
20120926,4.49,4.70,4.47,4.64,1710629,35193456.00
20120927,4.60,4.98,4.55,4.87,2307214,49465684.00
20120928,4.82,5.02,4.79,4.92,1884105,41535032.00
20121008,4.88,4.93,4.78,4.78,833817,17884088.00
20121009,4.83,4.91,4.75,4.88,910421,19749594.00
20121010,4.81,5.01,4.78,4.95,1841211,40205716.00
20121011,4.90,4.92,4.64,4.65,2353406,49656084.00
20121012,4.50,4.60,4.35,4.43,2152389,42576636.00
20121015,4.42,4.46,4.32,4.43,900211,17591292.00
20121016,4.43,4.46,4.34,4.35,929031,18198742.00
20121017,4.35,4.40,4.29,4.37,362641,7049937.00
20121018,4.41,4.53,4.37,4.49,1088636,21740120.00
20121019,4.51,4.51,4.42,4.44,429043,8527581.00
20121022,4.46,4.49,4.40,4.46,567133,11240105.00
20121023,4.49,4.55,4.41,4.42,550686,11007777.00
20121024,4.42,4.44,4.35,4.35,625360,12218955.00
20121025,4.34,4.38,4.19,4.26,753348,14419779.00
20121026,4.26,4.26,4.13,4.20,666754,12463028.00
20121029,4.20,4.28,4.13,4.22,571314,10767844.00
20121030,4.26,4.40,4.26,4.32,1218803,23624366.00
20121031,4.28,4.41,4.28,4.37,725032,14095777.00
20121101,4.37,4.42,4.31,4.39,849763,16564049.00
20121102,4.37,4.45,4.35,4.44,1024820,20196908.00
20121105,4.41,4.45,4.33,4.33,461253,9002085.00
20121106,4.32,4.36,4.18,4.32,886553,16872326.00
20121107,4.30,4.32,4.21,4.25,571651,10854093.00
20121108,4.18,4.19,4.14,4.14,441279,8199091.50
20121109,4.14,4.17,4.08,4.10,345632,6364264.00
20121112,4.10,4.18,4.10,4.17,307807,5717040.50
20121113,4.20,4.21,4.10,4.18,391163,7213306.50
20121114,4.18,4.23,4.11,4.22,389680,7296421.50
20121115,4.18,4.20,4.12,4.14,356003,6599347.50
20121116,4.10,4.23,3.96,4.21,406104,7565974.50
20121119,4.21,4.21,4.10,4.19,319343,5920989.00
20121120,4.21,4.21,4.11,4.19,370748,6910392.00
20121121,4.15,4.18,4.10,4.16,416051,7684690.00
20121122,4.14,4.17,4.10,4.12,211841,3912885.75
20121123,4.09,4.16,4.08,4.12,278790,5139344.00
20121126,4.09,4.15,3.96,4.09,972824,17509562.00
20121127,3.99,4.13,3.98,4.10,655908,11919433.00
20121128,4.03,4.09,3.97,4.09,243258,4387190.00
20121129,4.09,4.10,4.01,4.09,253608,4590041.00
20121130,4.09,4.20,4.03,4.16,674581,12436636.00
20121203,4.15,4.23,4.08,4.08,347356,6445785.50
20121204,4.04,4.22,3.80,4.21,1393935,25143752.00
20121205,4.12,4.35,4.12,4.31,931050,17819056.00
20121206,4.30,4.34,4.21,4.26,434611,8251111.00
20121207,4.25,4.33,4.21,4.32,712177,13565928.00
20121210,4.34,4.47,4.34,4.39,1119028,22022188.00
20121211,4.35,4.41,4.30,4.30,530591,10295673.00
20121212,4.30,4.33,4.21,4.28,415147,7896142.00
20121213,4.27,4.29,4.11,4.18,542499,10142175.00
20121214,4.14,4.43,4.13,4.35,1060143,20416562.00
20121217,4.40,4.58,4.40,4.54,1698823,34222508.00
20121218,4.53,4.54,4.42,4.53,1034772,20662796.00
20121219,4.57,4.78,4.50,4.63,1724542,35932440.00
20121220,4.62,4.77,4.53,4.70,1897673,39583640.00
20121221,4.64,4.75,4.46,4.64,2763515,56861252.00
20121224,4.59,4.68,4.56,4.61,1210127,24899880.00
20121226,4.71,4.91,4.65,4.85,3020967,64438544.00
20121227,4.82,4.86,4.51,4.52,2450024,50992688.00
20121228,4.49,4.68,4.49,4.63,1490086,30598066.00
20121231,4.70,5.01,4.66,4.96,4157311,89832728.00
20130104,4.83,5.12,4.79,5.06,3354423,73843800.00
20130107,4.99,5.16,4.94,5.03,1987052,44741248.00
20130108,5.03,5.23,4.89,5.23,3229621,73092880.00
20130109,5.14,5.25,5.05,5.21,2323982,53242416.00
20130110,5.13,5.29,5.10,5.17,2756414,63803356.00
20130111,5.10,5.27,5.08,5.08,1888390,43388916.00
20130114,5.02,5.23,5.01,5.23,2148043,49572980.00
20130115,5.28,5.37,5.09,5.19,3728871,86228752.00
20130116,5.14,5.17,4.96,5.00,2569128,57781120.00
20130117,5.01,5.21,5.01,5.06,3089575,70034000.00
20130118,5.34,5.57,5.13,5.57,9129995,220974400.00
20130121,5.58,5.61,5.23,5.24,6913452,165022080.00
20130122,5.17,5.19,4.91,5.00,4181561,94179808.00
20130123,4.91,5.04,4.84,5.04,3147077,69410872.00
20130124,5.00,5.03,4.72,4.76,2663761,57843092.00
20130125,4.80,4.80,4.69,4.69,1179955,24823090.00
20130128,4.71,4.90,4.69,4.89,1477289,31792182.00
20130129,4.89,5.10,4.84,4.91,3803135,84128160.00
20130130,4.89,4.99,4.78,4.83,2857800,62212864.00
20130131,4.83,4.87,4.71,4.75,1351075,28639088.00
20130201,4.70,4.87,4.69,4.75,1255327,26669960.00
20130204,4.79,4.79,4.60,4.63,1567878,32517298.00
20130205,4.62,4.73,4.58,4.72,1519600,31635342.00
20130206,4.74,4.79,4.68,4.72,1275231,26901264.00
20130207,4.74,4.80,4.72,4.78,1490042,31709744.00
20130208,4.79,4.87,4.76,4.81,1305369,28081924.00
20130218,4.76,4.80,4.65,4.72,1713156,36004904.00
20130219,4.74,4.83,4.72,4.73,1688480,35902444.00
20130220,4.74,4.86,4.67,4.86,1966192,42026672.00
20130221,4.83,4.83,4.68,4.72,1280291,27066492.00
20130222,4.74,4.83,4.74,4.75,2043279,43661632.00
20130225,4.75,4.92,4.71,4.90,3258022,70586448.00
20130226,4.90,4.90,4.79,4.80,1973749,42587824.00
20130227,4.79,4.93,4.71,4.92,3113058,67006476.00
20130228,4.88,4.91,4.80,4.90,2345364,50758740.00
20130301,4.88,4.98,4.85,4.92,2429223,53214656.00
20130304,4.89,4.92,4.55,4.56,2152717,45525992.00
20130305,4.57,4.61,4.46,4.58,2045094,41424160.00
20130306,4.57,4.68,4.57,4.63,1461669,30187334.00
20130307,4.62,4.68,4.51,4.53,1293212,26497566.00
20130308,4.51,4.56,4.48,4.50,780365,15728710.00
20130311,4.50,4.60,4.50,4.52,547897,11097103.00
20130312,4.52,4.56,4.24,4.36,1340210,26207418.00
20130313,4.34,4.39,4.16,4.38,1298110,24767270.00
20130314,4.37,4.40,4.31,4.34,646297,12557426.00
20130315,4.34,4.48,4.33,4.37,810731,15965861.00
20130318,4.35,4.37,4.27,4.28,528019,10142833.00
20130319,4.33,4.34,4.23,4.30,577707,11067972.00
20130320,4.32,4.51,4.29,4.45,1021095,20087992.00
20130321,4.47,4.57,4.46,4.55,1267043,25636844.00
20130322,4.52,4.63,4.50,4.54,722104,14719905.00
20130325,4.55,4.59,4.47,4.50,545801,10965047.00
20130326,4.49,4.49,4.33,4.40,745758,14597857.00
20130327,4.43,4.45,4.30,4.35,635361,12408881.00
20130328,4.36,4.54,4.30,4.46,1831661,36433368.00
20130329,4.44,4.54,4.42,4.51,1153210,23130960.00
20130401,4.51,4.59,4.47,4.52,962758,19479046.00
20130402,4.52,4.59,4.36,4.36,1138052,22600666.00
20130403,4.35,4.38,4.18,4.20,959710,18142914.00
20130408,4.03,4.25,4.03,4.21,793730,14670439.00
20130409,4.20,4.28,4.20,4.24,728736,13795940.00
20130410,4.25,4.27,4.16,4.23,412527,7778424.50
20130411,4.25,4.26,4.19,4.21,445988,8423564.00
20130412,4.16,4.30,4.15,4.20,566058,10676661.00
20130415,4.17,4.33,4.17,4.20,378309,7147632.00
20130416,4.16,4.25,4.09,4.22,271379,5092142.50
20130417,4.23,4.29,4.18,4.28,498274,9458825.00
20130418,4.23,4.31,4.19,4.31,620830,11845765.00
20130419,4.31,4.44,4.27,4.42,916746,17971690.00
20130422,4.36,4.36,4.23,4.29,1440360,27525368.00
20130423,4.29,4.30,4.19,4.20,576779,10844006.00
20130424,4.18,4.30,4.18,4.27,580188,11029997.00
20130425,4.24,4.38,4.20,4.33,1038654,19963014.00
20130426,4.32,4.43,4.28,4.29,872569,16994758.00
20130502,4.25,4.48,4.25,4.48,1212504,23966252.00
20130503,4.51,4.57,4.46,4.48,1502206,30246028.00
20130506,4.48,4.71,4.46,4.68,2263082,46658064.00
20130507,4.64,4.79,4.63,4.76,1250840,26270732.00
20130508,4.75,4.81,4.66,4.74,1030203,21643780.00
20130509,4.74,4.86,4.69,4.80,1890547,40214928.00
20130510,4.75,4.75,4.63,4.67,1452348,30240134.00
20130513,4.65,4.69,4.58,4.61,1299656,26733270.00
20130514,4.62,4.68,4.52,4.57,1023045,20917574.00
20130515,4.59,4.91,4.59,4.88,2616368,55622408.00
20130516,4.86,5.01,4.77,4.79,3455624,75370328.00
20130517,4.81,4.98,4.75,4.94,2181118,47516260.00
20130520,4.95,5.32,4.94,5.28,3257814,75038680.00
20130521,5.28,5.46,5.16,5.23,2900625,68599392.00
20130522,5.29,5.31,5.13,5.20,2334857,54204628.00
20130523,5.17,5.44,5.08,5.27,2392375,56212096.00
20130524,5.33,5.47,5.22,5.44,2031079,48386236.00
20130527,5.53,5.99,5.50,5.99,6255897,164566624.00
20130528,5.94,6.02,5.52,5.72,5328004,136289472.00
20130529,5.64,5.71,5.50,5.64,3844134,95599464.00
20130530,5.68,5.87,5.48,5.57,5045342,127503584.00
20130531,5.54,5.62,5.30,5.49,4146442,100291232.00
20130603,5.42,5.53,5.17,5.25,3063436,72847808.00
20130604,5.27,5.38,5.21,5.35,2567284,60516852.00
20130605,5.39,5.59,5.35,5.47,2681047,65281268.00
20130606,5.58,5.80,5.48,5.62,5407299,136070992.00
20130607,5.62,5.82,5.54,5.71,3984805,101486392.00
20130614,5.88,6.29,5.85,6.25,5515772,151490560.00
20130617,6.03,6.39,6.01,6.13,4781259,131582352.00
20130618,6.02,6.26,6.02,6.08,2437949,66193136.00
20130619,6.15,6.37,6.09,6.24,2771140,76697080.00
20130620,6.21,6.21,5.87,5.90,2837792,75458192.00
20130621,5.75,6.07,5.50,6.04,2088742,53999188.00
20130624,5.98,6.18,5.53,5.85,2106224,54625544.00
20130625,5.75,5.98,5.31,5.94,2751985,69012752.00
20130626,5.90,6.20,5.79,6.20,3333765,89116912.00
20130627,6.16,6.38,5.90,5.98,3144889,85785584.00
20130628,5.87,5.93,5.61,5.65,2104887,53446272.00
20130701,5.64,5.95,5.60,5.93,1765403,45507188.00
20130702,5.89,6.08,5.89,6.05,2093107,55563564.00
20130703,5.91,6.06,5.69,6.01,1634640,43021120.00
20130704,5.91,6.28,5.88,6.12,2510688,68247112.00
20130705,6.12,6.13,5.79,5.87,1900247,50244096.00
20130708,5.71,5.82,5.54,5.55,1725396,43351828.00
20130709,5.57,5.74,5.47,5.55,849332,21059918.00
20130710,5.57,5.74,5.55,5.72,1344989,33770084.00
20130711,5.73,5.87,5.69,5.80,1320103,33910760.00
20130712,5.64,6.38,5.55,6.38,4930835,135019744.00
20130715,6.42,6.70,6.40,6.65,4200979,122237664.00
20130716,6.65,6.78,6.46,6.67,2417113,70988296.00
20130717,6.67,6.76,6.48,6.54,1500127,43939244.00
20130718,6.50,6.98,6.40,6.73,3181721,94537256.00
20130719,6.73,6.78,6.46,6.52,1677198,49080800.00
20130722,6.44,7.10,6.40,7.05,2259545,68408320.00
20130723,7.04,7.15,6.94,7.05,1788536,55805012.00
20130724,7.10,7.35,6.90,7.30,2199461,68719464.00
20130725,7.23,7.23,6.57,6.57,7594231,227174720.00
20130726,6.50,6.73,6.38,6.72,2745805,79479008.00
20130729,6.50,6.50,6.10,6.25,8458806,234485376.00
20130730,6.21,6.30,5.76,6.07,4122304,109238488.00
20130731,6.08,6.33,6.05,6.21,3162486,86831776.00
20130801,6.20,6.42,6.08,6.36,3863724,107941152.00
20130802,6.35,6.42,6.20,6.30,3658897,102376496.00
20130805,6.30,6.30,6.10,6.29,4433968,121561576.00
20130806,6.23,6.23,5.99,6.16,6392831,172902416.00
20130807,6.07,6.14,5.93,6.08,5495351,146667936.00
20130808,6.30,6.41,6.07,6.38,5771160,160240240.00
20130809,6.44,6.61,6.16,6.36,5421246,153483184.00
20130812,6.33,6.38,6.10,6.21,3563697,98139560.00
20130813,6.20,6.32,6.05,6.21,1869615,51274760.00
20130814,6.21,6.40,6.15,6.31,2894801,80577232.00
20130815,6.30,6.33,6.10,6.20,5128219,140742944.00
20130816,6.11,6.55,5.96,5.98,3078730,84486600.00
20130819,5.89,6.00,5.87,5.91,2528544,66380764.00
20130820,5.91,6.04,5.89,5.96,2162749,57289772.00
20130821,5.96,6.03,5.81,5.97,1492407,39204700.00
20130822,5.94,5.97,5.89,5.90,1389263,36427896.00
20130823,5.90,6.06,5.83,6.05,2792938,73901352.00
20130826,6.00,6.07,5.95,6.01,2627529,69834616.00
20130827,6.02,6.03,5.84,5.90,2224571,58117160.00
20130828,5.85,5.91,5.62,5.62,3094782,78531704.00
20130829,5.63,5.73,5.58,5.70,2282896,57189672.00
20130830,5.66,5.70,5.38,5.43,3207926,78084400.00
20130902,5.45,5.52,5.39,5.52,1160876,28138986.00
20130903,5.45,5.52,5.42,5.49,1399149,34018404.00
20130904,5.47,5.81,5.45,5.78,3497070,88533464.00
20130905,5.76,5.80,5.68,5.72,1448560,36828256.00
20130906,5.72,5.93,5.66,5.89,2759677,71691360.00
20130909,5.89,5.91,5.67,5.80,3070110,78584760.00
20130910,5.79,5.84,5.64,5.73,2053705,52087052.00
20130911,5.73,5.73,5.50,5.62,1859320,45863204.00
20130912,5.63,5.65,5.49,5.62,1149605,28409090.00
20130913,5.61,5.86,5.55,5.86,1767046,45103172.00
20130916,5.86,5.96,5.80,5.90,1398228,36470196.00
20130917,5.85,5.89,5.61,5.61,1267430,32146738.00
20130918,5.61,5.71,5.55,5.70,874561,21808346.00
20130923,5.65,5.79,5.63,5.78,1024914,25983098.00
20130924,5.81,5.81,5.58,5.68,1547834,38776240.00
20130925,5.68,5.71,5.43,5.55,2202883,54113800.00
20130926,5.45,5.50,5.29,5.30,1741162,41508400.00
20130927,5.30,5.36,5.14,5.28,1878550,43694668.00
20130930,5.29,5.41,5.25,5.31,970788,22914020.00
20131008,5.34,5.38,5.27,5.32,1465498,34422052.00
20131009,5.30,5.52,5.28,5.48,1800026,43282232.00
20131010,5.44,5.50,5.14,5.18,3061472,72133936.00
20131011,5.23,5.26,5.15,5.22,2006333,46258960.00
20131014,5.20,5.21,5.07,5.15,2024701,46038444.00
20131015,5.18,5.25,4.95,4.98,3114807,70084896.00
20131016,4.98,4.98,4.71,4.85,3044161,65147840.00
20131017,4.91,4.94,4.76,4.77,1713570,36778436.00
20131018,4.75,4.91,4.75,4.87,1466414,31420712.00
20131021,4.89,5.09,4.85,5.02,2683513,59529312.00
20131022,5.03,5.05,4.85,4.91,1703185,37296736.00
20131023,4.92,4.95,4.72,4.78,1151878,24622968.00
20131024,4.74,4.78,4.72,4.75,1231880,25947736.00
20131025,4.75,4.78,4.60,4.62,1437594,29772564.00
20131028,4.66,4.68,4.58,4.68,855756,17647794.00
20131029,4.69,4.77,4.48,4.57,1658280,34036824.00
20131030,4.55,4.96,4.53,4.95,3096407,66117192.00
20131031,4.90,5.06,4.70,4.70,3362376,72602744.00
20131101,4.67,4.80,4.62,4.77,1879371,39171764.00
20131104,4.79,4.82,4.68,4.78,1266281,26858162.00
20131105,4.82,5.13,4.73,5.11,4983686,110886728.00
20131106,5.08,5.17,5.04,5.07,3068448,69451592.00
20131107,5.03,5.23,5.03,5.19,2962696,67689712.00
20131108,5.15,5.22,5.10,5.16,1680799,38394832.00
20131111,5.15,5.27,5.12,5.24,1666368,38376292.00
20131112,5.26,5.32,5.13,5.14,1625971,37505232.00
20131113,5.14,5.16,5.03,5.03,1110073,25096576.00
20131114,5.06,5.25,4.96,5.22,2062471,47084748.00
20131115,5.23,5.37,5.19,5.23,3427340,79967704.00
20131118,5.28,5.28,5.12,5.20,2411376,55453212.00
20131119,5.17,5.33,5.15,5.25,2890953,67264624.00
20131120,5.24,5.27,5.15,5.20,1764901,40711792.00
20131121,5.20,5.20,4.98,5.05,2084526,46842624.00
20131122,5.03,5.10,5.03,5.04,1345111,30200908.00
20131125,5.05,5.21,4.98,5.20,2780105,63302884.00
20131126,5.23,5.44,5.18,5.42,5117024,120833320.00
20131127,5.36,5.48,5.33,5.39,2717005,64976820.00
20131128,5.40,5.66,5.40,5.53,5501665,134631856.00
20131129,5.53,5.80,5.48,5.74,7231437,182025072.00
20131202,5.38,5.39,5.16,5.16,4965546,115390272.00
20131203,4.89,4.96,4.64,4.90,5549936,117669856.00
20131204,4.87,4.94,4.77,4.78,3720744,80159768.00
20131205,4.71,4.74,4.60,4.62,2704120,55942032.00
20131206,4.59,4.68,4.52,4.68,1702989,34945744.00
20131209,4.67,4.77,4.65,4.72,1840206,38578972.00
20131210,4.73,4.76,4.58,4.61,1876691,38621252.00
20131211,4.62,4.69,4.55,4.61,1473183,30257048.00
20131212,4.62,4.71,4.58,4.68,1681813,34916088.00
20131213,4.65,4.75,4.60,4.74,2335734,48838744.00
20131216,4.75,4.81,4.61,4.64,2408932,50379616.00
20131217,4.64,4.70,4.50,4.63,3135129,63847340.00
20131218,4.64,4.73,4.63,4.69,1618955,33635076.00
20131219,4.70,4.72,4.67,4.70,1845189,38445996.00
20131220,4.70,4.70,4.62,4.69,1630049,33706492.00
20131223,4.68,4.70,4.57,4.69,1192856,24671026.00
20131224,4.69,4.82,4.67,4.78,2064580,43601336.00
20131225,4.80,4.97,4.74,4.97,2909574,63181452.00
20131226,4.95,4.97,4.60,4.81,1981474,42972376.00
20131227,4.80,5.00,4.76,4.94,2116623,46160640.00
20131230,4.97,5.03,4.91,5.02,1864805,41166460.00
20131231,4.96,4.99,4.86,4.90,2005494,43733532.00
20140102,4.85,5.07,4.85,5.05,2327195,51581260.00
20140103,5.05,5.48,5.05,5.19,4589685,107918296.00
20140106,5.21,5.37,5.04,5.04,3053021,70435496.00
20140107,5.00,5.18,4.94,5.12,4621305,104040592.00
20140108,5.14,5.27,5.10,5.22,3226900,74166056.00
20140109,5.22,5.22,4.96,4.96,2544780,57650808.00
20140110,4.91,4.94,4.52,4.52,3762588,78452848.00
20140113,4.48,4.59,4.39,4.44,2195829,43936532.00
20140114,4.44,4.64,4.44,4.61,1948652,39343148.00
20140115,4.64,4.98,4.58,4.84,3202962,68349368.00
20140116,4.82,4.85,4.75,4.80,1992809,42338248.00
20140117,4.74,4.80,4.70,4.75,1272911,26855550.00
20140120,4.75,4.88,4.68,4.70,1302228,27642484.00
20140121,4.70,4.82,4.67,4.80,1203693,25460128.00
20140122,4.80,4.85,4.73,4.82,2142366,45725292.00
20140123,4.82,4.92,4.80,4.84,2809776,60589544.00
20140124,4.82,4.93,4.79,4.90,2567110,55441472.00
20140127,4.85,5.05,4.81,4.98,4104314,90436152.00
20140128,4.96,5.03,4.73,4.83,3467946,74209472.00
20140129,4.84,4.89,4.75,4.86,2569688,55158972.00
20140130,4.82,4.86,4.65,4.75,2613789,54821332.00
20140207,4.69,5.02,4.65,5.00,2981071,64446092.00
20140210,5.05,5.13,4.94,5.12,3836511,85938680.00
20140211,5.12,5.17,4.99,5.14,3867007,87569736.00
20140212,5.18,5.36,5.16,5.20,5359124,125017416.00
20140213,5.23,5.36,5.08,5.09,4839441,112454040.00
20140214,5.08,5.25,5.06,5.22,3724960,85282248.00
20140217,5.30,5.35,5.20,5.31,4584670,107416464.00
20140218,5.30,5.52,5.26,5.46,4797437,115560768.00
20140219,5.43,5.49,5.31,5.40,3405951,81376544.00
20140220,5.38,5.45,5.19,5.21,2832668,66204460.00
20140221,5.18,5.26,5.13,5.22,2034153,46815952.00
20140224,5.23,5.26,5.14,5.24,2357009,54351156.00
20140225,5.24,5.38,4.80,4.85,4788021,109536328.00
20140226,4.80,4.85,4.62,4.82,2606901,54687588.00
20140227,4.86,5.07,4.73,4.81,3023895,65539720.00
20140228,4.74,4.90,4.70,4.89,1755391,37309364.00
20140303,4.88,5.01,4.87,5.00,2153487,47509740.00
20140304,5.00,5.51,4.99,5.51,11065793,267463392.00
20140305,5.63,5.77,5.55,5.65,9967022,248517104.00
20140306,5.64,5.73,5.51,5.69,6374842,159076800.00
20140307,5.70,5.97,5.70,5.76,7304500,189231296.00
20140310,5.65,5.82,5.43,5.49,4589967,114247128.00
20140311,5.43,5.78,5.42,5.78,4574694,114540504.00
20140312,5.76,5.91,5.55,5.72,3806347,96998688.00
20140313,5.63,5.74,5.55,5.74,2244809,56331824.00
20140314,5.74,5.95,5.71,5.77,3201433,82761496.00
20140317,5.79,6.32,5.78,6.21,6288253,170758880.00
20140318,6.12,6.25,6.10,6.10,3936576,107466704.00
20140319,6.05,6.31,6.01,6.12,2673648,72719800.00
20140320,6.02,6.16,5.88,6.05,3093115,82432592.00
20140321,6.05,6.06,5.63,6.05,3687265,95878712.00
20140324,6.05,6.05,5.75,5.86,1929614,50614252.00
20140325,5.90,5.95,5.77,5.81,1467315,38056620.00
20140326,5.81,6.18,5.77,6.17,2647467,70536568.00
20140327,6.17,6.17,5.87,5.97,1479250,39387060.00
20140328,5.87,5.97,5.43,5.68,2869941,72189312.00
20140331,5.64,5.73,5.53,5.66,932414,23330426.00
20140401,5.55,5.78,5.50,5.78,1056271,26843690.00
20140402,5.80,5.81,5.49,5.52,1918590,47527184.00
20140403,5.53,5.59,5.43,5.55,1172063,28675336.00
20140404,5.48,5.71,5.48,5.64,1259178,31538690.00
20140408,5.64,5.68,5.57,5.64,1372756,34268592.00
20140409,5.71,5.78,5.63,5.68,1680919,42365764.00
20140410,5.68,5.75,5.55,5.70,1489123,37528816.00
20140411,5.63,5.69,5.57,5.64,1195074,29866722.00
20140414,5.60,5.73,5.60,5.65,718564,18090256.00
20140415,5.65,5.77,5.58,5.74,1328379,33418622.00
20140416,5.72,5.75,5.65,5.68,1092656,27606036.00
20140417,5.68,5.95,5.68,5.95,2243378,58021812.00
20140418,5.94,6.03,5.83,5.92,1748336,45940252.00
20140421,5.87,6.07,5.78,5.78,2362142,61930552.00
20140422,5.78,5.84,5.41,5.55,2591281,63744836.00
20140423,5.52,5.54,5.42,5.48,1048124,25470896.00
20140424,5.42,5.53,5.42,5.47,691245,16774574.00
20140425,5.47,5.55,5.39,5.41,699964,16950396.00
20140428,5.39,5.39,4.96,5.23,1263054,28886510.00
20140429,5.14,5.34,5.14,5.32,602412,14017783.00
20140430,5.30,5.47,5.30,5.41,699977,16709456.00
20140505,5.42,5.46,5.33,5.37,492125,11746911.00
20140506,5.36,5.43,5.36,5.41,1480688,35381696.00
20140507,5.43,5.60,5.37,5.40,1617086,39336876.00
20140508,5.32,5.35,5.19,5.25,920162,21520506.00
20140509,5.22,5.34,5.08,5.25,857535,19712998.00
20140512,5.27,5.38,5.19,5.34,1346397,31567674.00
20140513,5.34,5.39,5.25,5.32,1087329,25604048.00
20140514,5.27,5.29,5.17,5.22,760344,17628410.00
20140515,5.25,5.25,5.12,5.12,695174,15976666.00
20140516,5.10,5.17,4.98,5.04,906749,20414128.00
20140519,4.96,5.04,4.92,5.00,410437,9098577.00
20140520,5.02,5.12,5.02,5.05,682358,15365973.00
20140521,5.05,5.09,5.02,5.09,453097,10182363.00
20140522,5.13,5.32,5.10,5.19,1691073,39213380.00
20140523,5.19,5.30,5.17,5.30,940794,21836044.00
20140526,5.38,5.41,5.30,5.39,1455235,34433752.00
20140527,5.39,5.39,5.27,5.31,978805,23098942.00
20140528,5.33,5.55,5.28,5.52,3270968,39156180.00
20140529,5.45,5.57,5.21,5.27,3186779,37841852.00
20140530,5.27,5.47,5.25,5.42,3290977,38882884.00
20140603,5.40,5.52,5.36,5.37,2413068,29034116.00
20140604,5.37,5.48,5.32,5.48,2135002,25451880.00
20140605,5.46,5.79,5.43,5.71,4875857,60537136.00
20140606,5.68,5.91,5.67,5.75,5677835,72521160.00
20140609,5.79,5.87,5.71,5.79,3615931,46307544.00
20140610,5.79,6.04,5.71,5.98,4616196,60119328.00
20140611,5.96,6.07,5.82,5.85,4104762,53621928.00
20140612,5.87,6.00,5.82,5.93,4334602,56561460.00
20140613,5.88,6.52,5.88,6.34,11139244,154693312.00
20140616,6.25,6.33,6.20,6.26,5983533,82522816.00
20140617,6.37,6.37,5.95,6.19,6796243,92726904.00
20140618,6.14,6.19,6.00,6.10,3036147,40775876.00
20140619,6.14,6.14,5.55,5.57,5082667,65495184.00
20140620,5.60,5.89,5.57,5.89,3903154,49558092.00
20140623,5.89,6.01,5.84,5.93,3361776,44049164.00
20140624,5.95,5.98,5.84,5.90,2622267,34134732.00
20140625,5.88,6.06,5.80,5.95,4336052,56812904.00
20140626,5.89,6.11,5.89,6.07,4130630,54951776.00
20140627,6.07,6.10,5.90,5.98,4522597,59763196.00
20140630,5.95,5.98,5.87,5.92,4142134,54019044.00
20140701,5.92,6.01,5.88,5.96,3679891,48391332.00
20140702,6.02,6.18,6.01,6.13,6085453,81839792.00
20140703,6.12,6.16,6.01,6.06,4913213,65821716.00
20140704,6.06,6.28,6.01,6.18,8888837,120775824.00
20140707,6.20,6.23,5.87,5.96,6420957,85254776.00
20140708,5.90,5.98,5.88,5.97,3603937,47194848.00
20140709,5.98,5.98,5.80,5.80,5028299,65354040.00
20140710,5.79,5.88,5.76,5.82,3647922,46847964.00
20140711,5.80,6.03,5.75,5.93,3891152,50831176.00
20140714,5.92,6.07,5.89,6.05,3828184,50584832.00
20140715,5.98,5.98,5.72,5.83,6849320,88323432.00
20140716,5.82,5.88,5.60,5.67,4239293,53491512.00
20140717,5.58,5.80,5.58,5.65,2056920,25798800.00
20140718,5.65,5.77,5.62,5.67,2223940,27991716.00
20140721,5.73,5.84,5.70,5.81,3335509,42640652.00
20140722,5.81,5.93,5.74,5.88,3183659,41252948.00
20140723,5.84,5.88,5.62,5.71,2980589,37831104.00
20140724,5.71,5.78,5.44,5.53,3419615,41937268.00
20140725,5.48,5.71,5.47,5.68,2534846,31521736.00
20140728,5.84,6.16,5.78,5.95,7727555,101565872.00
20140729,5.91,6.21,5.89,6.18,9322811,124889944.00
20140730,6.14,6.22,6.07,6.18,6501891,88344824.00
20140731,6.19,6.81,6.19,6.81,22490456,331849344.00
20140801,6.78,6.78,6.57,6.58,12257672,180275424.00
20140804,6.57,6.82,6.53,6.68,8777463,130087840.00
20140805,6.66,7.03,6.62,6.88,11982049,181393216.00
20140806,6.91,6.95,6.75,6.85,6147612,93166984.00
20140807,6.85,6.98,6.63,6.66,7316439,109851440.00
20140808,6.67,6.87,6.49,6.83,10208256,150098320.00
20140811,6.79,7.10,6.69,7.07,9260055,142029632.00
20140812,7.09,7.48,7.03,7.23,13359831,214062192.00
20140813,7.22,7.22,6.93,7.12,4737277,73920104.00
20140814,7.11,7.61,6.99,7.34,7890981,127931024.00
20140815,7.43,7.52,7.16,7.33,7724635,124850384.00
20140818,7.30,7.39,7.25,7.33,4337703,70012160.00
20140819,7.33,7.84,7.33,7.71,10074206,168869712.00
20140820,7.71,8.01,7.71,7.90,6660608,115738256.00
20140821,7.93,8.16,7.68,7.82,6621797,114730280.00
20140822,7.86,8.06,7.73,8.03,5506974,96412104.00
20140825,8.00,8.03,7.78,7.96,6444974,112099608.00
20140826,7.86,7.86,7.30,7.45,8094305,134109912.00
20140827,7.47,7.72,7.37,7.59,5224955,86953952.00
20140828,7.59,7.86,7.55,7.80,5637137,96267320.00
20140829,7.93,7.95,7.43,7.57,7811313,133208368.00
20140901,7.68,7.75,7.48,7.68,4152336,69653432.00
20140902,7.64,8.02,7.54,7.98,10387616,177405984.00
20140903,8.67,8.78,8.52,8.78,12615296,242694880.00
20140904,9.07,9.34,8.50,8.62,35298198,682917184.00
20140905,8.43,8.65,8.28,8.34,18612836,344044896.00
20140909,8.33,8.45,8.14,8.42,13146923,240327968.00
20140910,8.37,8.47,8.29,8.37,7271908,134234624.00
20140911,8.33,8.41,8.18,8.23,10092486,184551152.00
20140912,8.21,8.35,8.08,8.23,5967103,108573344.00
20140915,8.25,8.44,8.19,8.39,9997296,183231568.00
20140916,8.38,8.38,7.87,7.89,10542742,189010016.00
20140917,7.92,7.96,7.37,7.54,10227919,171683664.00
20140918,7.55,7.57,7.41,7.47,6183426,102111888.00
20140919,7.51,7.68,7.41,7.65,6721231,111628304.00
20140922,7.57,7.57,7.43,7.45,5594752,92326184.00
20140923,7.48,7.58,7.38,7.51,7017038,115588000.00
20140924,7.48,7.80,7.43,7.75,11099477,186857120.00
20140925,7.78,8.14,7.67,8.10,13374027,232944560.00
20140926,8.08,8.10,7.87,7.90,7744218,136410528.00
20140929,7.99,8.15,7.96,8.04,8988490,159803488.00
20140930,8.07,8.30,7.93,8.18,10502522,188061152.00
20141008,8.16,8.18,7.98,8.12,8350945,148789600.00
20141009,8.11,8.15,7.80,7.85,11226792,196586672.00
20141010,7.83,7.83,7.51,7.56,13585132,228775488.00
20141013,7.54,7.56,7.33,7.55,6431643,105854080.00
20141014,7.54,7.69,7.46,7.54,6767016,113275272.00
20141015,7.54,7.58,7.39,7.50,6077646,100237272.00
20141016,7.49,7.63,7.39,7.39,5776926,95815320.00
20141017,7.39,7.46,7.10,7.18,7114341,113367768.00
20141020,7.18,7.30,7.18,7.26,3543905,56563312.00
20141021,7.28,7.28,7.01,7.02,5846396,91905432.00
20141022,7.01,7.05,6.87,6.94,6233166,95415328.00
20141023,6.89,6.97,6.68,6.73,6861183,102871992.00
20141024,6.75,6.83,6.67,6.79,3448207,51571936.00
20141027,6.77,6.93,6.73,6.89,3715358,56178312.00
20141028,6.89,7.15,6.89,7.14,6972150,108227968.00
20141029,7.15,7.27,7.11,7.19,6619012,104912264.00
20141030,7.19,7.19,6.99,7.05,6385334,99679976.00
20141031,7.04,7.09,6.76,6.88,7325431,111003688.00
20141103,6.91,7.09,6.86,7.07,6442478,99171112.00
20141104,7.07,7.29,7.03,7.15,8613119,136441616.00
20141105,7.15,7.18,7.07,7.08,4088398,64186504.00
20141106,7.07,7.21,7.03,7.19,3777304,59352288.00
20141107,7.19,7.22,6.86,6.90,6055957,94364416.00
20141110,6.91,6.95,6.76,6.88,4873329,73431632.00
20141111,6.88,6.91,6.37,6.38,10955441,158492720.00
20141112,6.38,6.60,6.34,6.59,5821372,83051608.00
20141113,6.55,6.55,6.34,6.38,5033607,71256992.00
20141114,6.38,6.47,6.34,6.39,2982510,42142516.00
20141117,6.39,6.62,6.39,6.54,4269852,61594816.00
20141118,6.54,6.61,6.52,6.58,3313644,47991480.00
20141119,6.57,6.74,6.53,6.71,5817032,85433392.00
20141120,6.66,6.78,6.62,6.66,4257996,62893192.00
20141121,6.65,6.83,6.64,6.79,5245635,78327952.00
20141124,6.85,6.88,6.71,6.82,5039516,75698368.00
20141125,6.82,7.09,6.77,7.01,6803223,104406832.00
20141126,7.18,7.28,6.98,7.03,9982997,157426224.00
20141127,7.00,7.13,6.94,7.07,6560810,101622288.00
20141128,7.07,7.18,6.97,7.01,5913805,92347216.00
20141201,6.94,7.00,6.66,6.70,7386974,110194528.00
20141202,6.68,6.86,6.64,6.75,4235443,63225256.00
20141203,6.72,7.14,6.67,7.14,9963113,152778400.00
20141204,7.14,7.23,7.03,7.06,7744118,121159376.00
20141205,7.04,7.05,6.58,6.82,8248857,123968520.00
20141208,6.75,6.88,6.62,6.68,6618920,98445176.00
20141209,6.64,6.64,6.01,6.02,11538321,161845216.00
20141210,6.09,6.28,6.01,6.21,6653167,90504848.00
20141211,6.23,6.37,6.21,6.36,4048199,56235168.00
20141212,6.37,6.42,6.31,6.41,4058298,57090004.00
20141215,6.25,6.55,6.25,6.53,6231626,88661456.00
20141216,6.53,6.57,6.44,6.47,3955127,56603956.00
20141217,6.44,6.46,6.26,6.33,3932060,54954512.00
20141218,6.30,6.49,6.26,6.33,3917710,55328860.00
20141219,6.34,6.37,6.12,6.18,4320032,59138548.00
20141222,6.06,6.06,5.59,5.69,6931157,88528808.00
20141223,5.68,5.84,5.62,5.71,3511265,44501560.00
20141224,5.78,5.83,5.73,5.78,4104786,52394320.00
20141225,5.80,5.87,5.73,5.81,3835680,49155100.00
20141226,5.79,5.82,5.76,5.80,2399196,30660608.00
20141229,5.80,5.80,5.53,5.55,5422751,66912320.00
20141230,5.52,5.56,5.38,5.39,4520619,54425436.00
20141231,5.40,5.57,5.40,5.53,3685093,44576352.00
20150105,5.55,5.69,5.34,5.61,5469832,67042956.00
20150106,5.59,5.82,5.51,5.80,5523783,69637808.00
20150107,5.80,5.82,5.71,5.75,3343401,42518740.00
20150108,5.72,5.89,5.72,5.78,4413981,56478160.00
20150109,5.77,5.86,5.65,5.65,4045469,51503656.00
20150112,5.65,5.68,5.53,5.60,2246080,27737042.00
20150113,5.60,5.86,5.55,5.82,5366863,68510440.00
20150114,5.83,6.01,5.80,5.84,5464804,71117536.00
20150115,5.84,6.05,5.84,6.00,4665638,61405712.00
20150116,6.15,6.23,6.04,6.08,5654416,76432512.00
20150119,5.90,6.23,5.83,5.92,5654067,74984912.00
20150120,5.94,6.31,5.94,6.22,8414468,114436416.00
20150121,6.23,6.37,6.21,6.27,7180282,99369848.00
20150122,6.21,6.53,6.19,6.49,9737675,137078944.00
20150123,6.49,6.50,6.28,6.31,6606435,92739624.00
20150126,6.30,6.39,6.25,6.37,4414090,61714188.00
20150127,6.39,6.40,6.21,6.33,4414194,61351624.00
20150128,6.31,6.45,6.26,6.39,4845594,68169040.00
20150129,6.33,6.43,6.27,6.34,4038365,56448120.00
20150130,6.35,6.37,6.18,6.24,3544873,49196868.00
20150202,6.18,6.27,6.12,6.17,2349936,32118156.00
20150203,6.20,6.43,6.17,6.39,5606528,78476040.00
20150204,6.40,6.65,6.35,6.51,8567465,123186944.00
20150205,6.48,6.78,6.38,6.63,10197623,149473104.00
20150206,6.62,6.67,6.32,6.34,6038239,85977016.00
20150209,6.29,6.41,6.05,6.07,6259779,85347168.00
20150210,6.08,6.20,6.05,6.18,2249850,30321464.00
20150211,6.18,6.31,6.11,6.18,4574820,62688732.00
20150212,6.20,6.33,6.16,6.28,3568418,49176688.00
20150213,6.29,6.45,6.27,6.41,5446033,76686544.00
20150216,6.42,6.63,6.36,6.58,6622650,95400080.00
20150217,6.61,6.61,6.43,6.50,4852337,69665112.00
20150225,6.54,6.65,6.44,6.63,5700626,82563592.00
20150226,6.62,6.69,6.48,6.54,6185415,89555328.00
20150227,6.54,6.79,6.50,6.71,8089545,119048544.00
20150302,6.84,7.18,6.80,6.98,15753036,242703296.00
20150303,7.02,7.16,6.89,6.93,12023942,186607760.00
20150304,6.91,7.10,6.83,7.09,8300762,127929504.00
20150305,7.09,7.14,6.98,7.08,5718829,89034160.00
20150306,7.08,7.15,6.78,6.78,7508172,114658976.00
20150309,6.78,6.93,6.63,6.92,5517530,83255784.00
20150310,6.91,7.04,6.88,6.94,5118359,78772560.00
20150311,7.00,7.00,6.75,6.82,5445269,82082360.00
20150312,6.82,6.92,6.60,6.76,5957558,88737312.00
20150313,6.77,6.90,6.76,6.90,5059835,76246912.00
20150316,6.93,7.12,6.90,7.11,13641885,211145440.00
20150317,7.13,7.19,6.98,7.08,10993766,172001440.00
20150318,7.07,7.37,7.04,7.32,13999526,223608784.00
20150319,7.30,7.46,7.21,7.39,11609920,187649440.00
20150320,7.38,7.47,7.30,7.43,11734509,191312464.00
20150323,7.45,7.60,7.38,7.57,15329761,253087360.00
20150324,7.53,7.53,7.17,7.46,15613362,254172272.00
20150325,7.46,7.96,7.29,7.78,18841496,317624096.00
20150326,7.70,8.12,7.43,7.97,22086934,379295296.00
20150327,7.89,8.01,7.81,7.89,10962381,190964992.00
20150330,7.89,7.89,7.62,7.73,12083173,206533728.00
20150331,7.71,7.92,7.65,7.76,10082001,172952992.00
20150401,7.76,7.90,7.71,7.89,10104035,174641024.00
20150402,7.91,8.02,7.81,7.99,13241772,231404288.00
20150403,7.93,8.30,7.89,8.13,14104470,252721808.00
20150407,8.12,8.61,8.10,8.44,16255121,301386080.00
20150408,8.44,8.48,7.99,8.10,13948733,251560400.00
20150409,8.03,8.03,7.63,7.80,12940978,221872016.00
20150410,7.56,7.88,7.56,7.83,12331411,210383888.00
20150413,7.80,7.93,7.69,7.86,10127199,174941504.00
20150414,7.84,8.33,7.70,8.18,15212466,267833440.00
20150415,8.07,8.09,7.57,7.62,10927822,189417280.00
20150416,7.53,7.74,7.41,7.56,7130016,119359640.00
20150417,7.62,7.69,7.46,7.57,10502595,175728528.00
20150420,7.52,7.77,7.43,7.61,10505263,176848960.00
20150421,7.65,8.06,7.61,8.00,13183837,230127856.00
20150422,8.11,8.81,8.11,8.81,26122191,499887872.00
20150423,8.93,9.33,8.71,8.73,23004412,455629568.00
20150424,8.56,8.99,8.46,8.78,11213862,216253984.00
20150427,8.78,9.34,8.78,9.00,16037689,321175008.00
20150428,9.01,9.16,8.43,8.61,12316410,236269104.00
20150429,8.62,9.47,8.62,9.47,14104699,284787040.00
20150430,9.89,10.42,9.71,10.42,24682135,555609792.00
20150504,10.89,11.43,10.43,11.12,27108738,661192448.00
20150505,11.12,11.97,10.66,10.77,19297465,476638560.00
20150506,10.67,11.85,10.67,11.67,25418395,644692160.00
20150507,11.57,11.79,10.89,11.16,16910640,427286176.00
20150508,11.13,12.28,11.13,12.28,10465282,271624288.00
20150511,13.03,13.03,12.34,12.40,16783947,467198272.00
20150512,12.39,12.94,12.08,12.70,14707587,403645888.00
20150513,12.03,12.60,12.03,12.03,11516236,310449696.00
20150514,12.04,12.40,11.68,11.96,9094271,240099120.00
20150515,11.83,12.48,11.70,12.21,8048076,215692176.00
20150518,12.36,13.28,12.36,13.25,11215785,319161216.00
20150519,13.24,13.25,12.53,12.92,8864861,250725616.00
20150520,13.01,13.68,12.89,12.96,9948564,289354848.00
20150521,12.75,13.80,12.66,13.48,9919299,290580640.00
20150522,13.62,13.67,12.13,12.83,10738090,307006688.00
20150525,12.37,13.80,12.37,13.47,13502304,393894336.00
20150526,13.45,14.28,13.25,14.02,7757629,236715408.00
20150527,13.84,15.42,13.40,15.42,9109719,292797408.00
20150528,15.65,16.85,14.04,14.53,12226600,427172864.00
20150529,14.80,15.73,13.61,15.57,9515420,314500928.00
20150601,16.11,17.13,16.09,17.13,10917346,404346080.00
20150602,17.94,18.15,16.93,17.37,16526766,635598016.00
20150603,17.23,17.52,15.63,15.87,17334880,621170432.00
20150604,15.87,16.93,14.44,15.38,12740317,441962656.00
20150605,15.65,16.12,14.89,15.10,9559802,325699360.00
20150608,15.10,15.39,13.93,14.05,13507672,428072992.00
20150609,14.16,14.74,13.72,14.43,7921634,249170288.00
20150610,14.43,15.40,13.95,15.37,13132228,427888928.00
20150611,15.43,16.03,15.21,15.56,10501637,360318272.00
20150612,15.66,16.27,15.28,15.91,9660824,336456928.00
20150615,15.93,16.66,15.76,16.23,13860515,497532768.00
20150616,15.66,15.66,14.60,14.60,10869360,355062464.00
20150617,14.18,14.71,13.55,14.45,8716222,271867744.00
20150618,14.52,14.85,13.12,13.18,7395473,231615904.00
20150619,12.73,13.64,12.53,12.67,6716380,191716224.00
20150623,12.88,13.41,11.66,13.27,7556185,213638976.00
20150624,14.60,14.60,14.60,14.60,3190261,102439280.00
20150625,15.05,15.75,13.55,14.31,25615936,848296128.00
20150626,13.38,13.52,12.88,12.88,8406819,241171024.00
20150629,13.04,13.25,11.60,11.60,8210591,216852576.00
20150630,11.14,12.38,10.44,11.99,15080431,374917344.00
20150701,11.73,12.50,10.79,10.79,19076981,483683040.00
20150702,10.00,10.42,9.71,9.71,11837326,256567920.00
20150703,8.79,9.50,8.74,8.74,11043104,216428928.00
20150706,9.30,9.32,7.87,7.87,11786316,220256256.00
20150707,7.13,7.26,7.08,7.08,1527400,23867404.00
20150714,7.79,7.79,7.79,7.79,281102,4818088.50
20150715,8.57,8.57,7.48,7.68,34065566,616396672.00
20150716,7.36,8.18,6.91,8.15,20988534,356676320.00
20150717,8.19,8.96,8.15,8.96,20937406,400039424.00
20150720,9.04,9.61,8.86,9.29,22324553,453099680.00
20150721,9.00,10.20,8.86,10.05,20757612,444208064.00
20150722,9.99,10.40,9.73,10.13,21214584,468441024.00
20150723,10.15,10.63,9.86,10.45,18844536,426166560.00
20150724,10.48,11.34,10.35,10.73,23649732,560322944.00
20150727,10.50,10.99,9.65,9.65,16528019,379269696.00
20150728,8.73,9.59,8.69,8.69,18023843,352937792.00
20150729,8.91,9.43,8.30,9.38,15517750,301437664.00
20150730,9.35,9.72,8.87,8.91,16001504,331603168.00
20150731,8.69,8.90,8.13,8.26,11716044,221566432.00
20150803,8.24,8.24,7.44,7.44,12308269,206541232.00
20150804,7.50,8.18,7.37,8.18,21941998,376555072.00
20150805,8.18,8.96,8.09,8.63,26296857,497740960.00
20150806,8.23,8.77,8.18,8.41,11117973,207809552.00
20150807,8.48,9.07,8.48,8.98,12595082,243512624.00
20150810,9.09,9.61,9.01,9.49,13595244,278156800.00
20150811,9.44,9.91,9.44,9.53,15943370,340271360.00
20150812,9.32,9.52,9.19,9.26,12434703,256046336.00
20150813,9.27,10.19,9.25,10.19,17813973,379139392.00
20150814,10.46,10.73,10.19,10.41,17741768,406955904.00
20150817,10.23,11.07,9.88,11.00,16553649,382162144.00
20150818,11.15,11.15,9.90,9.90,13621671,314270400.00
20150819,9.13,10.78,9.00,10.54,16528014,355525440.00
20150820,10.45,11.59,10.32,11.20,28545073,707165504.00
20150821,10.81,10.90,10.09,10.68,18615044,422629056.00
20150824,10.00,10.35,9.61,9.77,13685573,295337920.00
20150825,8.82,9.25,8.80,8.80,7727213,150579728.00
20150826,8.64,8.99,7.92,7.92,18094788,324950560.00
20150827,7.95,8.38,7.13,7.48,18268847,301928352.00
20150828,7.70,8.07,7.42,7.96,23408263,396505440.00
20150831,7.84,7.89,7.17,7.17,14292230,235871712.00
20150901,6.82,6.93,6.45,6.45,12416896,177820592.00
20150902,5.81,6.48,5.80,5.80,18338221,241880800.00
20150907,5.84,6.20,5.81,5.98,13851137,183273184.00
20150908,5.91,6.43,5.80,6.39,10756695,143888944.00
20150909,6.42,7.03,6.37,6.77,16507137,244959808.00
20150910,6.58,7.04,6.51,6.89,14810611,218668224.00
20150911,6.82,7.00,6.68,6.80,9251055,139219488.00
20150914,6.85,6.93,6.12,6.12,9837008,140829584.00
20150915,5.91,5.95,5.51,5.51,9909738,123899744.00
20150916,5.60,6.06,5.45,6.06,10260245,129917352.00
20150917,6.06,6.40,5.91,5.93,13000267,176113648.00
20150918,5.99,6.07,5.80,6.05,10499779,136970672.00
20150921,5.86,6.56,5.86,6.55,13408946,185148864.00
20150922,6.61,6.85,6.43,6.74,13980293,203337392.00
20150923,6.58,6.99,6.49,6.76,11530762,171420464.00
20150924,6.76,7.10,6.71,6.80,14886931,225256912.00
20150925,6.68,6.76,6.12,6.17,11815605,166805408.00
20150928,6.23,6.53,6.08,6.51,7567093,105615600.00
20150929,6.36,6.50,6.30,6.41,7017557,98533936.00
20150930,6.45,6.50,6.19,6.37,4451169,62323740.00
20151008,6.62,6.95,6.57,6.82,11500267,170855968.00
20151009,6.78,7.18,6.75,7.10,15327061,236038336.00
20151012,7.23,7.73,7.16,7.61,14896909,243912416.00
20151013,7.50,7.88,7.45,7.75,10462322,175845200.00
20151014,7.67,7.72,7.42,7.48,14493250,240242032.00
20151015,7.37,7.84,7.36,7.76,13131896,220632320.00
20151016,7.80,7.96,7.62,7.86,11984139,205456736.00
20151019,7.86,7.89,7.44,7.60,11794944,199526272.00
20151020,7.57,7.94,7.53,7.91,12242874,209813584.00
20151021,7.84,8.70,7.45,8.64,42395151,761280512.00
20151022,8.23,9.07,8.05,8.85,41246371,763098752.00
20151023,8.81,9.17,8.50,8.98,30446884,590207552.00
20151026,8.98,9.08,8.59,8.68,18543943,358250944.00
20151027,8.63,9.05,8.27,8.90,21469117,410502912.00
20151028,8.90,9.28,8.42,8.53,20439587,400603072.00
20151029,8.66,8.74,8.07,8.40,29388232,246703920.00
20151030,8.21,9.16,8.09,8.65,39389712,341895488.00
20151102,8.20,8.66,7.91,8.05,26930751,224375504.00
20151103,8.11,8.29,7.92,8.08,19881578,160842064.00
20151104,8.22,8.49,8.09,8.46,30793115,255830880.00
20151105,8.45,8.68,8.16,8.28,31266586,261751232.00
20151106,8.30,8.55,8.20,8.52,28867407,243630528.00
20151109,8.46,8.94,8.28,8.74,38686159,331364736.00
20151110,8.61,9.24,8.56,9.20,49940674,447269760.00
20151111,9.20,9.20,8.94,9.13,33525722,303709632.00
20151112,9.09,9.35,8.82,9.13,35288084,320017824.00
20151113,9.01,9.09,8.56,8.68,28550937,252093952.00
20151116,8.45,9.55,8.38,9.55,54074010,496691072.00
20151117,9.75,9.98,9.24,9.45,61835239,592057856.00
20151118,9.65,10.38,9.36,9.76,65335738,643163840.00
20151119,9.72,10.29,9.72,10.08,48051867,480377056.00
20151120,10.01,11.09,10.01,11.09,56575360,607906368.00
20151123,11.49,11.49,10.49,10.68,70212796,767845440.00
20151124,10.60,10.64,10.21,10.57,29256203,304288448.00
20151125,10.62,11.44,10.46,11.13,42635421,467760576.00
20151126,11.02,11.24,10.75,10.76,33785297,371862176.00
20151127,10.60,10.79,9.68,9.69,34456400,353249760.00
20151130,9.60,9.87,8.72,9.47,33849573,314204032.00
20151201,9.47,9.67,9.10,9.41,21284519,200035184.00
20151202,9.45,9.50,8.67,9.20,16559861,151184528.00
20151203,9.15,9.58,9.15,9.53,15632158,147141872.00
20151204,9.40,9.63,9.22,9.36,17762167,167568944.00
20151207,9.45,9.79,9.24,9.56,19305399,184043072.00
20151208,9.48,9.50,9.07,9.10,17586143,161886576.00
20151209,8.90,9.10,8.87,8.94,12986682,116626728.00
20151210,8.88,9.30,8.87,8.99,12239743,111200264.00
20151211,9.01,9.09,8.78,8.88,10208463,90618088.00
20151214,8.81,9.19,8.68,9.19,15616033,140909088.00
20151215,9.21,9.70,9.12,9.50,21511195,201981200.00
20151216,9.54,10.08,9.40,9.49,30949926,301036928.00
20151217,9.51,9.79,9.30,9.69,30604325,293533312.00
20151218,9.66,9.66,9.35,9.39,21870116,207200176.00
20151221,9.39,9.47,9.22,9.38,15490400,144347888.00
20151222,9.42,9.50,9.31,9.43,13718790,129017216.00
20151223,9.43,9.44,9.07,9.13,17561821,162019296.00
20151224,9.02,9.23,9.00,9.14,10578172,96373640.00
20151225,9.20,9.20,9.09,9.14,8288176,75797016.00
20151228,9.14,9.33,9.05,9.05,14638220,134582512.00
20151229,9.01,9.33,9.00,9.26,11105581,101462200.00
20151230,9.30,9.42,9.18,9.40,14106991,131517032.00
20151231,9.40,9.46,9.11,9.12,12144248,111980976.00
20160104,9.03,9.09,8.21,8.21,15845373,135672608.00
20160105,7.63,8.17,7.41,7.85,17046756,133630280.00
20160106,7.90,8.08,7.81,8.04,11307391,90073896.00
20160107,7.95,7.95,7.24,7.24,3948520,29491768.00
20160108,7.41,7.51,6.80,7.24,14562509,105159416.00
20160111,7.01,7.10,6.52,6.52,13812021,93536496.00
20160112,6.57,6.68,6.30,6.49,9432529,61197604.00
20160113,6.50,6.55,6.02,6.04,9095782,58031652.00
20160114,5.90,6.45,5.80,6.37,10811322,66485628.00
20160115,6.33,6.41,6.00,6.10,11084178,69232832.00
20160118,6.09,6.40,5.95,6.30,10794456,67089920.00
20160119,6.26,6.64,6.20,6.54,12526369,80186264.00
20160120,6.47,6.56,6.21,6.37,12644086,80978656.00
20160121,6.20,6.50,6.10,6.12,12250074,77633928.00
20160122,6.18,6.26,6.01,6.21,9650768,59276396.00
20160125,6.27,6.48,6.22,6.35,9345016,59393568.00
20160126,6.27,6.65,6.00,6.04,19609577,124532392.00
20160127,6.01,6.10,5.47,5.80,19332091,110559048.00
20160128,5.70,5.85,5.22,5.23,12578993,69603712.00
20160129,5.20,5.49,5.12,5.45,13801880,73646624.00
20160201,5.42,5.48,5.13,5.28,10842604,57788076.00
20160202,5.26,5.59,5.26,5.49,10721665,58793776.00
20160203,5.45,5.70,5.30,5.70,13886259,76683136.00
20160204,5.66,5.95,5.62,5.85,14617350,85298568.00
20160205,5.91,5.96,5.74,5.74,8238651,47941476.00
20160215,5.39,5.97,5.39,5.84,9769930,55770944.00
20160216,5.85,6.16,5.84,6.11,12992357,78255048.00
20160217,6.05,6.28,5.92,6.20,17825933,109496296.00
20160218,6.20,6.29,6.07,6.09,13206577,81174456.00
20160219,6.03,6.15,6.01,6.08,8818785,53631580.00
20160222,6.16,6.27,6.10,6.27,13703487,85125408.00
20160223,6.28,6.29,6.08,6.14,10132776,62477952.00
20160224,6.09,6.19,5.98,6.15,9666340,58816132.00
20160225,6.12,6.15,5.54,5.54,13467314,78067872.00
20160226,5.59,5.64,5.40,5.55,8445029,46742440.00
20160229,5.46,5.48,5.00,5.06,13690692,70168160.00
20160301,5.08,5.30,4.99,5.23,11935868,61438216.00
20160302,5.22,5.60,5.19,5.55,13920152,75206584.00
20160303,5.54,5.77,5.50,5.55,14424786,81312088.00
20160304,5.57,5.69,5.22,5.33,14852445,81676912.00
20160307,5.40,5.62,5.40,5.57,10631183,58731428.00
20160308,5.67,6.13,5.40,6.13,37955149,226766544.00
20160309,5.98,6.44,5.82,6.31,49608076,307687424.00
20160310,6.16,6.26,5.95,5.97,25774183,156894880.00
20160311,5.81,5.98,5.70,5.82,17171897,99752960.00
20160314,5.89,6.40,5.83,6.25,34103866,211351120.00
20160315,6.18,6.22,6.01,6.02,20090985,122378880.00
20160316,6.13,6.19,5.86,5.90,14014768,83814336.00
20160317,5.96,6.30,5.96,6.30,26332141,161753872.00
20160318,6.48,6.64,6.26,6.46,35465903,228195136.00
20160321,6.55,6.75,6.42,6.75,32034197,210388608.00
20160322,6.75,6.96,6.56,6.77,28004158,190226400.00
20160323,6.66,6.84,6.63,6.77,15305325,102981584.00
20160324,6.70,6.70,6.47,6.48,19853088,130739048.00
20160325,6.45,6.95,6.40,6.95,22568652,150266016.00
20160328,7.02,7.28,6.90,6.99,29081554,206627520.00
20160329,6.96,7.07,6.63,6.70,18325847,124426160.00
20160330,6.79,6.97,6.76,6.96,13710767,94104544.00
20160331,7.00,7.13,6.92,6.94,15159414,106422552.00
20160401,6.85,7.11,6.70,7.08,13280130,91983216.00
20160405,6.98,7.25,6.94,7.13,15996849,113736192.00
20160406,7.14,7.18,6.97,7.05,15311811,108110184.00
20160407,7.05,7.11,6.86,6.89,11210009,77878600.00
20160408,6.85,6.89,6.66,6.75,10748362,72652992.00
20160411,6.82,7.00,6.78,6.87,9283969,63977156.00
20160412,6.87,6.95,6.77,6.82,7655558,52408120.00
20160413,6.90,7.17,6.84,6.97,18242242,128216784.00
20160414,7.03,7.08,6.92,7.06,12215803,85491400.00
20160415,7.06,7.09,6.92,7.06,7836378,54915504.00
20160418,7.00,7.53,6.93,7.36,28222280,206546032.00
20160419,7.33,7.37,7.15,7.20,14777306,106887656.00
20160420,7.20,7.35,6.53,6.65,19143910,132370312.00
20160421,6.65,6.78,6.40,6.46,13620554,90317352.00
20160422,6.45,6.52,6.34,6.48,9399939,60504064.00
20160425,6.47,6.59,6.36,6.53,8220952,53150100.00
20160426,6.48,6.75,6.48,6.72,7755163,51067660.00
20160427,6.72,6.95,6.67,6.71,12522961,85575656.00
20160428,6.75,6.78,6.50,6.71,7453451,49531420.00
20160429,6.69,6.74,6.59,6.63,4402913,29388286.00
20160503,6.64,6.89,6.61,6.86,9134341,61804588.00
20160504,6.84,6.92,6.77,6.80,8114186,55608840.00
20160505,6.75,6.85,6.72,6.83,5829143,39567032.00
20160506,6.83,6.87,6.45,6.45,10407988,68957448.00
20160509,6.44,6.44,5.99,6.08,10407038,63772288.00
20160510,6.07,6.12,6.00,6.00,5639790,34156980.00
20160511,6.07,6.11,5.94,5.99,4877715,29395608.00
20160512,5.90,6.02,5.75,5.97,4751544,27953274.00
20160513,5.97,6.04,5.81,5.87,5150120,30609342.00
20160516,5.95,6.04,5.86,6.03,4807781,28711566.00
20160517,5.95,6.03,5.80,5.85,17747215,104474272.00
20160518,5.78,5.81,5.62,5.77,10224282,58573868.00
20160519,5.75,5.96,5.71,5.72,7059067,41142444.00
20160520,5.72,5.82,5.65,5.79,5264164,30270920.00
20160523,5.80,5.94,5.80,5.90,7093123,41818692.00
20160524,5.88,6.08,5.78,5.89,5847750,34165624.00
20160525,5.91,5.97,5.83,5.85,4795896,28268316.00
20160526,5.86,5.96,5.71,5.96,6398093,37366868.00
20160527,5.98,5.99,5.91,5.96,5510848,32808732.00
20160530,5.96,6.00,5.85,5.92,6154918,36419080.00
20160531,5.93,6.23,5.80,6.21,11555370,70525032.00
20160601,6.22,6.44,6.22,6.40,12172846,77227408.00
20160602,6.45,6.95,6.32,6.76,19450824,129831848.00
20160603,6.75,7.18,6.65,7.15,28863291,202111856.00
20160606,7.15,7.25,6.91,7.02,20294267,142418480.00
20160607,6.97,7.72,6.95,7.55,30492341,223996720.00
20160608,7.50,7.96,7.42,7.73,25997144,199880544.00
20160613,7.50,7.72,7.20,7.29,22000224,165014944.00
20160614,7.12,7.40,7.10,7.40,12471317,90313216.00
20160615,7.27,8.14,7.21,7.95,24316643,189716912.00
20160616,7.90,8.06,7.71,7.84,14789999,116338928.00
20160617,7.83,7.93,7.63,7.72,12251644,95202624.00
20160620,7.70,8.01,7.63,8.00,12902514,100957392.00
20160621,8.10,8.14,7.76,7.76,11285433,89607184.00
20160622,7.71,8.05,7.69,7.96,8506765,66910868.00
20160623,7.91,8.04,7.77,7.81,8031301,63401436.00
20160624,7.86,7.92,7.36,7.71,13046582,99748488.00
20160627,7.65,8.10,7.53,8.04,14156334,111745384.00
20160628,7.99,8.18,7.91,8.11,11776043,95261848.00
20160629,8.14,8.37,8.11,8.32,12574870,104015680.00
20160630,8.38,8.38,7.87,7.87,14459268,116504128.00
20160701,7.89,8.28,7.86,7.88,13244366,106266848.00
20160704,7.90,8.18,7.89,8.03,13098804,105389320.00
20160705,8.06,8.57,8.01,8.26,22558959,187538960.00
20160706,8.20,8.40,8.14,8.22,11304572,93433616.00
20160707,8.31,8.35,8.15,8.27,11811053,97318648.00
20160708,8.25,8.45,8.14,8.26,11706316,96870296.00
20160711,8.30,8.40,8.02,8.07,12705407,104223152.00
20160712,8.13,8.17,7.68,8.06,18097899,143073040.00
20160713,8.27,8.42,8.05,8.31,21078056,174576064.00
20160714,8.24,8.35,8.20,8.28,9201064,76100776.00
20160715,8.32,8.32,8.02,8.15,7414088,60398088.00
20160718,8.10,8.12,7.85,7.99,10469741,83567136.00
20160719,7.90,8.07,7.87,8.06,6453458,51471600.00
20160720,8.11,8.34,8.05,8.21,10985646,90329464.00
20160721,8.22,8.27,8.00,8.13,8336988,68110352.00
20160722,8.12,8.27,7.90,7.97,12631667,102270408.00
20160725,7.97,8.08,7.87,7.94,6530296,52016912.00
20160726,7.93,8.03,7.86,8.00,6941378,55153332.00
20160727,8.06,8.07,7.42,7.59,12120202,93521480.00
20160728,7.65,7.70,7.48,7.60,6745996,51178264.00
20160729,7.59,7.76,7.52,7.66,6227923,47611656.00
20160801,7.70,7.70,7.48,7.64,8331969,63253204.00
20160802,7.68,7.70,7.53,7.58,5479460,41635548.00
20160803,7.62,7.62,7.50,7.54,3823743,28870844.00
20160804,7.52,7.90,7.52,7.81,9315899,72154768.00
20160805,7.83,7.91,7.76,7.80,5594504,43832180.00
20160808,7.81,8.14,7.81,8.04,8614457,69254312.00
20160809,8.14,8.25,8.03,8.21,11286909,91857120.00
20160810,8.21,8.98,8.16,8.72,27598894,235885680.00
20160811,8.52,8.85,8.38,8.38,20394873,175106608.00
20160812,8.80,8.80,8.39,8.50,7955997,67810328.00
20160815,8.40,8.62,8.24,8.51,10374789,88182928.00
20160816,8.54,8.57,8.40,8.47,9782161,82704672.00
20160817,8.52,8.63,8.40,8.49,11302798,96169672.00
20160818,8.46,8.55,8.38,8.46,6912485,58461016.00
20160819,8.49,8.80,8.47,8.66,11312357,97950496.00
20160822,8.69,8.90,8.60,8.70,11003671,96388704.00
20160823,8.61,8.81,8.58,8.58,9216629,79930400.00
20160824,8.58,8.95,8.40,8.65,12070738,104648512.00
20160825,8.60,8.77,8.52,8.61,6282258,54222384.00
20160826,8.68,8.93,8.64,8.78,8482015,74679584.00
20160829,8.81,9.48,8.81,9.30,18124049,166840864.00
20160830,9.22,9.61,9.17,9.47,20051999,189075184.00
20160831,9.40,9.87,9.36,9.63,18355294,177762912.00
20160901,9.55,9.83,9.40,9.52,14920293,143369040.00
20160902,9.61,9.65,9.35,9.58,10139529,96265408.00
20160905,9.65,10.43,9.58,10.14,22726329,229197600.00
20160906,10.17,10.53,10.05,10.41,19740958,203746672.00
20160907,10.43,10.80,10.33,10.60,17646075,187438704.00
20160908,10.51,10.90,10.41,10.85,19015848,201529184.00
20160909,10.88,10.99,10.60,10.60,13613174,146445584.00
20160912,10.15,10.66,10.12,10.29,15360382,158874288.00
20160913,10.40,10.45,9.78,9.90,16584825,166697824.00
20160914,9.95,10.02,9.80,9.92,7452919,73687776.00
20160919,10.00,10.58,10.00,10.50,13953866,144894896.00
20160920,10.50,10.67,10.39,10.52,7914231,83426408.00
20160921,10.45,10.95,10.45,10.77,10965231,118302712.00
20160922,10.80,10.87,10.50,10.81,10467212,111838464.00
20160923,10.81,11.00,10.69,10.88,14354151,156266720.00
20160926,10.75,10.90,10.63,10.63,9922527,106494264.00
20160927,10.67,10.94,10.60,10.93,14481124,155224064.00
20160928,11.27,11.49,10.90,10.92,17749500,196249984.00
20160929,10.86,11.07,10.73,10.80,12495177,135280976.00
20160930,10.92,10.94,10.76,10.81,4764385,51618412.00
20161010,10.82,11.22,10.82,11.14,6476326,71734360.00
20161011,11.20,11.22,10.93,10.97,5898932,65230200.00
20161012,10.94,10.97,10.81,10.88,4812895,52350824.00
20161013,10.89,10.94,10.68,10.72,5770121,62057540.00
20161014,10.76,10.88,10.40,10.86,7087001,76030784.00
20161017,10.85,10.85,10.56,10.59,6280958,67030144.00
20161018,10.50,11.02,10.49,11.01,8835150,95578520.00
20161019,11.05,11.45,11.05,11.27,9855229,111327440.00
20161020,11.30,11.37,11.11,11.35,5995131,67595440.00
20161021,11.36,11.79,11.15,11.77,10863883,124653440.00
20161024,11.77,12.16,11.71,12.02,11972121,143839040.00
20161025,11.92,12.63,11.92,12.28,11930133,146408000.00
20161026,12.28,12.50,11.97,12.50,11064042,135662128.00
20161027,12.48,12.67,11.80,11.97,19272271,235195184.00
20161028,12.09,12.13,11.56,11.60,10857819,127503664.00
20161031,11.66,11.84,11.20,11.24,8436978,96292520.00
20161101,11.30,11.65,11.30,11.40,7375027,84480728.00
20161102,11.26,11.70,11.26,11.56,7891306,91238264.00
20161103,11.45,12.08,11.45,11.85,9374350,111358440.00
20161104,11.86,11.99,11.56,11.60,5308389,62319588.00
20161107,11.71,11.72,11.20,11.25,7336547,83293552.00
20161108,11.37,11.64,11.31,11.56,4950434,56819280.00
20161109,11.55,11.64,11.21,11.30,5850873,66375312.00
20161110,11.37,11.52,11.25,11.35,4930268,55930288.00
20161111,11.44,11.60,10.74,11.50,18305297,203753040.00
20161114,11.40,11.40,11.00,11.10,9579143,106818272.00
20161115,11.19,11.21,10.93,11.11,6276953,69316240.00
20161116,11.12,11.20,10.94,11.02,5668484,62607508.00
20161117,10.95,11.01,10.73,10.79,8110581,87837832.00
20161118,10.79,10.91,10.70,10.75,7142439,77110224.00
20161121,10.71,11.10,10.71,11.09,7665886,84144856.00
20161122,11.14,11.17,10.95,11.06,5998468,66347852.00
20161123,11.14,11.14,10.88,11.07,4843880,53244516.00
20161124,11.11,11.11,10.90,11.07,5827888,64138576.00
20161125,11.07,11.52,11.01,11.42,11044458,124545296.00
20161128,11.54,11.54,11.20,11.27,6908590,78311608.00
20161129,11.23,11.27,10.91,11.06,5701459,63099824.00
20161130,11.09,11.09,10.75,10.78,3323179,36112380.00
20161201,10.80,11.05,10.75,10.99,6427939,70014816.00
20161202,11.09,11.09,10.78,10.79,3064217,33412806.00
20161205,10.77,10.86,9.75,9.88,11526532,117864312.00
20161206,10.04,10.42,10.00,10.38,12614193,129743216.00
20161207,10.54,10.66,10.30,10.53,4281054,44828056.00
20161208,10.53,10.63,10.29,10.38,5483140,57068084.00
20161209,10.55,10.63,10.19,10.44,4602211,47955148.00
20161212,10.49,10.49,9.97,10.04,4769807,48069800.00
20161213,10.07,10.18,9.87,10.07,3027574,30220686.00
20161214,10.13,10.13,9.75,9.88,4030613,39838268.00
20161215,9.88,10.05,9.75,9.91,2597850,25840048.00
20161216,9.95,10.00,9.85,9.93,1760111,17487426.00
20161219,9.97,10.08,9.87,10.00,2789523,27853118.00
20161220,10.00,10.05,9.76,9.87,2906917,28738630.00
20161221,9.87,9.97,9.85,9.95,1606974,15923015.00
20161222,9.97,9.99,9.80,9.84,2165166,21347192.00
20161223,9.87,9.90,9.75,9.81,2159832,21181176.00
20161226,9.76,9.80,9.27,9.75,3671955,34887368.00
20161227,9.74,9.80,9.61,9.74,1771121,17252974.00
20161228,9.70,9.80,9.61,9.64,2009200,19465262.00
20161229,9.74,9.82,9.60,9.60,1648721,16000089.00
20161230,9.61,9.88,9.54,9.86,2577160,25021322.00
20170103,9.88,10.42,9.86,10.24,5818764,59175624.00
20170104,10.39,10.40,10.09,10.25,2136667,21820286.00
20170105,10.29,10.29,10.11,10.12,2049542,20878714.00
20170106,10.13,10.40,10.13,10.24,2565669,26388570.00
20170109,10.25,10.47,10.16,10.45,4291793,44683160.00
20170110,10.41,10.52,10.29,10.29,2960668,30660518.00
20170111,10.39,10.39,10.16,10.28,2128089,21851638.00
20170112,10.18,10.31,9.99,10.13,2662505,27037078.00
20170113,10.13,10.17,9.89,9.99,2572173,25646060.00
20170116,9.99,9.99,9.19,9.55,4637248,44544700.00
20170117,9.60,9.65,9.30,9.61,2456979,23303784.00
20170118,9.64,9.64,9.41,9.50,2107936,20020858.00
20170119,9.51,9.57,9.38,9.48,1424998,13454603.00
20170120,9.60,9.72,9.41,9.66,2483141,23977166.00
20170123,9.66,10.22,9.66,10.11,6698137,67098396.00
20170124,10.20,10.21,10.01,10.14,2262842,22872100.00
20170125,10.14,11.03,10.03,10.30,6299584,65776864.00
20170126,10.27,10.58,10.27,10.55,2637373,27461042.00
20170203,10.55,10.60,10.27,10.39,2759842,28565004.00
20170206,10.26,10.42,10.16,10.35,3275623,33742464.00
20170207,10.36,10.45,10.28,10.35,1638266,17015946.00
20170208,10.35,10.43,10.32,10.40,1903867,19749854.00
20170209,10.60,10.85,10.50,10.64,4522475,48191184.00
20170210,10.53,10.69,10.43,10.43,2694335,28317466.00
20170213,10.44,10.54,10.32,10.40,1907345,19854966.00
20170214,10.40,10.47,10.25,10.35,2280684,23543182.00
20170215,10.34,10.40,10.08,10.16,2727922,27896214.00
20170216,10.12,10.22,9.81,9.83,7002308,69590504.00
20170217,9.90,9.99,9.78,9.83,4576499,45246564.00
20170220,9.81,9.91,9.75,9.84,3263801,32056686.00
20170221,9.84,9.98,9.76,9.89,4389323,43255188.00
20170222,9.89,9.94,9.78,9.82,2974781,29242024.00
20170223,9.82,9.96,9.75,9.90,3193203,31507448.00
20170224,9.95,9.95,9.74,9.80,4724251,46332940.00
20170227,9.81,9.90,9.67,9.68,6072599,59417812.00
20170228,9.74,9.78,9.58,9.61,4645441,44947116.00
20170301,9.62,9.78,9.56,9.61,5795923,56118612.00
20170302,9.72,9.72,9.49,9.52,6643522,63825064.00
20170303,9.60,9.65,9.47,9.65,3208940,30729634.00
20170306,9.73,9.89,9.66,9.85,6794318,66715700.00
20170307,9.88,9.93,9.79,9.81,4038959,39799116.00
20170308,9.85,9.87,9.75,9.82,4844381,47549260.00
20170309,9.81,9.84,9.67,9.79,4273469,41647400.00
20170310,9.77,9.81,9.66,9.71,3293052,32043688.00
20170313,9.70,9.70,9.61,9.64,3334145,32151074.00
20170314,9.65,9.73,9.60,9.63,2395284,23130502.00
20170315,9.63,9.66,9.54,9.57,1747260,16753783.00
20170316,10.32,10.32,9.65,9.71,7907144,77531016.00
20170317,9.73,9.77,9.35,9.46,7592217,72686928.00
20170320,9.40,9.54,9.40,9.44,4882767,46196304.00
20170321,9.51,9.53,9.42,9.53,2331582,22131942.00
20170322,9.45,9.52,9.37,9.41,3247747,30677260.00
20170323,9.44,9.52,9.38,9.49,2648661,25064130.00
20170324,9.48,9.50,9.37,9.47,2648471,24944580.00
20170327,9.47,9.63,9.38,9.56,3523560,33565668.00
20170328,9.51,9.60,9.41,9.59,3437161,32740540.00
20170329,9.58,9.59,9.44,9.46,2248129,21353772.00
20170330,9.46,9.50,9.12,9.17,5072212,46894436.00
20170331,9.25,9.53,9.15,9.26,3205719,29495178.00
20170405,9.26,9.35,9.21,9.31,2608879,24220166.00
20170406,9.39,9.39,9.22,9.31,3594073,33399238.00
20170407,9.29,9.39,9.20,9.26,4712680,43700020.00
20170410,9.38,9.55,9.30,9.40,6032535,56838640.00
20170411,9.55,9.57,9.45,9.55,5252157,49963928.00
20170412,9.51,9.78,9.51,9.61,5646488,54621652.00
20170413,9.75,9.80,9.60,9.67,6723465,65349708.00
20170414,9.85,9.89,9.50,9.55,3965750,38417736.00
20170417,9.55,9.58,9.07,9.17,6176421,57231648.00
20170418,9.16,9.26,9.13,9.16,2564850,23616522.00
20170419,9.23,9.23,8.80,9.03,4664215,41894176.00
20170420,9.12,9.15,8.77,8.88,4787203,42542344.00
20170421,8.97,8.97,8.44,8.52,7797701,67408096.00
20170424,8.48,8.48,7.67,7.69,13514072,107339928.00
20170425,7.91,8.26,6.92,8.23,9063006,71678520.00
20170426,8.18,8.29,8.08,8.24,11837601,96968952.00
20170427,8.18,8.79,8.10,8.78,7975478,67711160.00
20170428,8.81,9.26,8.78,9.17,9975804,90206824.00
20170502,9.17,9.49,9.00,9.09,7006552,64906704.00
20170503,9.07,9.37,9.04,9.18,4794879,43918044.00
20170504,9.11,9.26,9.05,9.11,4839299,44204368.00
20170505,9.22,9.22,8.94,8.95,4019619,36310028.00
20170508,8.86,9.08,8.86,8.93,1736749,15553344.00
20170509,8.83,9.14,8.83,9.07,2840396,25531198.00
20170510,9.06,9.16,8.95,8.99,3499619,31560948.00
20170511,8.90,9.07,8.80,9.03,5790022,51729804.00
20170512,9.09,9.09,8.94,9.06,1875066,16883150.00
20170515,9.08,9.17,8.92,8.95,2225238,20048540.00
20170516,8.95,9.09,8.75,9.09,2540999,22736198.00
20170517,9.10,9.12,9.02,9.02,2034206,18446644.00
20170518,9.01,9.02,8.91,8.94,2558364,22915058.00
20170519,8.90,9.05,8.85,8.97,2201700,19679418.00
20170522,8.97,9.00,8.82,8.87,2021052,17988570.00
20170523,8.90,8.93,8.56,8.88,2893900,25483444.00
20170524,8.86,8.86,8.55,8.77,1934788,16827360.00
20170525,8.67,8.76,8.48,8.69,2455642,21131448.00
20170526,8.74,8.74,8.46,8.53,2176002,18626808.00
20170531,8.58,8.70,8.48,8.59,1485187,12769683.00
20170601,8.59,9.09,8.59,8.75,4456577,39604436.00
20170602,8.75,8.96,8.66,8.85,3225944,28600000.00
20170605,8.79,8.97,8.78,8.90,1781667,15864580.00
20170606,8.86,8.96,8.86,8.90,1185100,10570685.00
20170607,8.90,9.12,8.90,9.05,3196830,28948304.00
20170608,9.00,9.04,8.89,8.92,2055608,18441298.00
20170609,8.98,8.98,8.84,8.92,1625014,14443962.00
20170612,8.95,8.95,8.65,8.88,2550108,22417900.00
20170613,8.81,8.88,8.77,8.84,1769583,15604225.00
20170614,8.87,8.90,8.79,8.82,1966017,17374242.00
20170615,8.85,8.87,8.72,8.78,2595620,22772352.00
20170616,8.78,8.79,8.68,8.75,1514254,13199288.00
20170619,8.75,8.76,8.61,8.75,1232984,10731567.00
20170620,8.78,8.87,8.68,8.81,1958460,17175634.00
20170621,8.81,8.88,8.76,8.82,1383668,12200113.00
20170622,8.94,9.66,8.86,9.13,6813840,62980656.00
20170623,9.31,9.31,8.94,9.04,4062650,37033936.00
20170626,9.05,9.26,9.01,9.05,4469052,40761440.00
20170627,9.05,9.12,9.00,9.02,2134032,19293776.00
20170628,9.03,9.06,8.79,8.90,3121569,27819704.00
20170629,8.90,8.97,8.82,8.84,1408265,12504354.00
20170630,8.88,8.89,8.75,8.87,1188400,10476953.00
20170703,8.89,9.05,8.80,9.05,2181242,19572346.00
20170704,9.03,9.15,8.97,9.10,1853916,16823740.00
20170705,9.09,9.26,9.00,9.25,2986665,27334254.00
20170706,9.15,9.38,9.11,9.24,3273220,30240936.00
20170707,9.27,9.36,9.17,9.36,3304366,30686102.00
20170710,9.38,9.80,9.34,9.75,10406618,100193272.00
20170711,9.60,9.77,9.51,9.70,5638180,54335892.00
20170712,9.64,10.07,9.58,9.96,7518281,73755568.00
20170713,9.83,9.96,9.65,9.83,7213477,70720800.00
20170714,9.83,9.83,9.31,9.34,9103599,86468592.00
20170717,9.39,9.39,8.50,8.78,5837749,52508748.00
20170718,8.77,9.01,8.70,8.95,3581642,31785356.00
20170719,9.01,9.20,8.80,9.19,2745755,24965908.00
数据来源:通达信
