300367 东方网力 日线 前复权
      日期	    开盘	    最高	    最低	    收盘	    成交量	    成交额
20140129,4.67,5.62,4.67,5.62,426270,30332716.00
20140130,6.20,6.20,6.12,6.20,3594483,284123680.00
20140207,6.23,6.75,6.20,6.65,6069438,504936928.00
20140210,6.84,7.33,6.84,7.33,3673475,334266496.00
20140213,8.07,8.07,7.67,7.82,3778917,381647232.00
20140214,7.87,8.61,7.57,8.61,3432864,357477216.00
20140217,8.67,9.38,8.44,8.93,2651490,300174208.00
20140218,8.85,9.15,8.51,8.66,2048232,230005104.00
20140219,8.94,9.47,8.76,9.39,2950049,341076384.00
20140220,8.99,9.39,8.50,9.08,2459223,279314880.00
20140221,8.83,9.47,8.77,9.32,1845893,215064496.00
20140224,9.26,9.95,9.04,9.59,2220458,268291696.00
20140225,9.55,9.93,8.62,8.62,3877990,458034592.00
20140226,8.29,8.56,7.98,8.45,2236835,235737600.00
20140227,8.43,8.59,7.74,7.95,2396977,247243824.00
20140228,8.17,8.67,7.80,8.33,1425800,148201632.00
20140303,9.05,9.17,8.68,9.01,1775838,201377792.00
20140304,8.83,9.23,8.43,8.75,1465926,164243200.00
20140305,8.75,9.19,8.60,8.91,1028665,116701472.00
20140306,8.77,9.82,8.59,9.82,1645609,194698720.00
20140307,9.79,9.97,9.25,9.30,1358544,164589776.00
20140310,9.09,10.19,8.97,9.74,1577726,195005760.00
20140311,9.82,10.73,9.50,10.73,1949794,252818992.00
20140312,10.51,11.19,9.71,10.67,2108406,282267488.00
20140313,10.27,10.43,9.83,10.12,1454738,187435104.00
20140314,10.11,11.11,10.07,10.90,1455481,198166688.00
20140317,10.83,11.00,10.52,11.00,1034344,141224320.00
20140318,10.94,12.12,10.94,11.69,2102291,312902528.00
20140319,11.55,12.17,11.32,11.96,1755594,259056032.00
20140320,11.73,11.75,11.12,11.12,1193323,173190256.00
20140321,11.14,12.11,10.93,11.88,1367408,199915680.00
20140324,11.51,11.84,10.68,10.75,1727405,240682944.00
20140325,10.74,10.99,10.07,10.70,1788504,237230400.00
20140326,10.59,10.95,10.45,10.51,907796,122733224.00
20140327,10.50,10.79,10.15,10.19,1210205,160247056.00
20140328,10.12,10.84,10.12,10.46,1158956,154035568.00
20140331,10.55,10.83,10.08,10.56,1085324,144053872.00
20140401,10.47,11.60,10.39,11.35,1457229,206908144.00
20140402,11.35,11.96,11.16,11.71,1552025,226513792.00
20140403,11.67,11.78,11.31,11.62,855143,125135432.00
20140404,11.51,12.34,11.40,11.95,1344191,202995504.00
20140408,11.78,11.86,11.38,11.61,965187,141625088.00
20140409,11.55,11.95,11.21,11.31,1347353,195390768.00
20140410,11.23,11.53,10.51,10.57,1819710,255107904.00
20140411,10.28,10.71,10.19,10.47,1026497,136088656.00
20140414,10.48,10.57,9.75,10.09,1336227,171042352.00
20140415,10.08,10.24,9.92,10.19,689894,88312456.00
20140416,10.17,10.17,9.79,10.02,807740,101653248.00
20140417,9.96,10.31,9.96,10.12,705112,90983784.00
20140418,10.04,10.39,10.04,10.16,616011,79560392.00
20140421,10.03,11.07,9.96,10.83,1456647,195633008.00
20140422,10.76,10.99,10.33,10.60,1086584,146533584.00
20140423,10.52,11.04,10.52,10.75,1301719,178214096.00
20140424,10.60,11.07,10.53,10.71,1443397,196721936.00
20140425,10.68,10.77,10.00,10.01,1719440,224799216.00
20140428,9.75,9.87,9.00,9.00,1541358,182823968.00
20140429,9.12,9.29,8.98,9.23,1122332,130075264.00
20140430,9.22,9.70,9.13,9.69,865757,103150136.00
20140505,9.67,10.67,9.64,10.67,1659482,218445520.00
20140506,10.66,11.07,10.59,10.99,1395056,190547392.00
20140507,10.99,11.71,10.69,10.78,3620221,256045424.00
20140508,10.69,11.08,10.27,10.43,2260835,150910128.00
20140509,10.31,10.72,10.22,10.43,1904733,126149680.00
20140512,10.53,10.53,9.43,9.77,3390708,209471360.00
20140513,9.63,9.94,9.57,9.78,2166063,133745928.00
20140514,9.71,9.89,9.38,9.87,2148363,131051872.00
20140515,9.79,10.37,9.75,9.97,3011386,191214816.00
20140516,9.81,9.88,9.17,9.41,2458211,147145200.00
20140519,9.27,9.55,9.27,9.45,992969,58903952.00
20140520,9.74,10.21,9.59,9.81,2441990,152480128.00
20140521,9.75,9.86,9.46,9.81,1300903,79753824.00
20140522,9.81,10.23,9.81,9.86,1805893,114198192.00
20140523,9.94,10.85,9.91,10.54,2691122,175565104.00
20140526,10.51,10.88,10.41,10.67,2586138,174402576.00
20140527,10.69,10.75,10.48,10.64,1100467,73706440.00
20140528,10.68,11.23,10.64,11.11,2302692,160116816.00
20140529,11.01,11.14,10.82,10.83,1194416,82656176.00
20140530,10.78,10.90,10.49,10.65,1085690,72880408.00
20140603,10.59,11.20,10.57,10.98,1489140,103144168.00
20140604,10.90,11.14,10.69,10.98,1221281,83873920.00
20140605,10.88,11.52,10.87,11.38,1828480,129267216.00
20140606,11.51,11.52,10.98,11.17,1279937,90623216.00
20140609,11.12,11.23,10.96,11.12,841442,59014456.00
20140610,11.12,11.51,10.71,11.12,1120581,77878088.00
20140611,11.03,11.15,10.71,10.82,1256002,86165888.00
20140612,10.86,10.95,10.68,10.78,958989,65428408.00
20140613,10.79,11.12,10.79,11.03,969377,67324712.00
20140616,11.03,11.48,10.91,11.31,1319307,93397320.00
20140617,11.29,11.35,10.81,10.86,1088992,75813864.00
20140618,10.87,11.87,10.86,11.20,1726934,124161784.00
20140619,11.04,11.57,10.59,10.88,1630897,114708288.00
20140620,10.80,11.30,10.69,11.28,1095046,76213496.00
20140623,11.35,12.42,11.33,12.42,3127705,239491744.00
20140624,12.69,12.93,12.43,12.61,2548943,203749392.00
20140625,12.58,13.18,12.38,12.98,1984203,160419792.00
20140626,12.75,14.27,12.74,13.81,2923249,252916368.00
20140627,13.88,14.38,13.49,13.86,1982267,173149856.00
20140630,14.05,14.05,13.31,13.43,2136978,182470448.00
20140701,13.33,13.58,13.25,13.47,1317069,110974728.00
20140702,13.34,13.46,12.76,13.11,2162132,177434800.00
20140703,13.06,13.38,12.93,13.07,1195697,99191176.00
20140704,13.00,13.55,12.98,13.24,1291692,108503928.00
20140707,13.20,13.31,12.58,12.85,1564854,126792480.00
20140708,12.85,13.12,12.67,12.93,884288,71793976.00
20140709,13.17,13.89,13.15,13.19,2576651,219113088.00
20140710,13.03,13.40,12.82,12.89,1208684,99469312.00
20140711,12.93,13.37,12.83,13.03,1039280,85702624.00
20140714,12.92,12.92,12.50,12.62,1565619,124580416.00
20140715,12.53,12.65,11.60,12.15,2131308,160710672.00
20140716,12.03,12.12,11.60,11.75,998325,74505712.00
20140717,11.74,11.86,11.39,11.47,954234,69621344.00
20140718,11.44,11.83,11.41,11.55,1086803,79715776.00
20140721,11.52,11.73,11.44,11.49,824001,60129988.00
20140722,11.51,11.77,11.46,11.71,843603,61977776.00
20140723,11.73,11.80,10.61,10.95,1532364,108188208.00
20140724,10.90,11.01,10.69,10.77,1307883,89559432.00
20140725,10.77,10.86,10.21,10.53,1545135,102076880.00
20140728,10.53,10.98,10.50,10.77,1473612,100394912.00
20140729,10.88,11.56,10.81,11.38,1512665,107984552.00
20140730,11.36,11.49,11.24,11.40,781461,56056180.00
20140731,11.42,11.43,10.91,11.04,1111600,77707288.00
20140801,10.91,11.01,10.65,10.78,1278863,87562808.00
20140804,10.77,11.07,10.70,10.99,936564,64664460.00
20140805,11.04,11.31,10.80,11.17,1146212,80057504.00
20140806,11.17,11.36,11.11,11.20,733766,52029888.00
20140807,11.21,11.35,11.07,11.07,547568,38728044.00
20140808,11.07,11.27,11.02,11.22,545139,38525784.00
20140811,11.25,11.40,11.19,11.38,799506,57084740.00
20140812,11.40,11.88,11.34,11.87,1617676,119377640.00
20140813,11.89,11.97,11.49,11.90,1110740,82264584.00
20140814,11.81,12.05,11.76,11.93,891370,67095844.00
20140815,11.92,12.85,11.89,12.47,1377583,108389408.00
20140818,12.47,12.99,12.37,12.91,1435635,114801472.00
20140819,13.01,13.01,12.72,12.96,723530,58511136.00
20140820,12.85,12.87,12.55,12.61,1085048,86802528.00
20140821,12.57,12.67,12.25,12.65,939963,73803840.00
20140822,12.67,13.17,12.56,13.03,1106505,90215688.00
20140825,13.15,13.16,12.63,12.80,798423,64485636.00
20140826,12.69,12.69,12.19,12.28,707194,55276992.00
20140827,12.22,12.51,12.16,12.37,413023,32187486.00
20140828,12.31,12.42,12.13,12.19,369337,28495512.00
20140829,12.11,13.35,12.11,12.96,1289391,104115360.00
20140901,12.98,13.11,12.67,13.07,625818,51225592.00
20140902,13.31,13.44,13.12,13.19,955943,80174768.00
20140903,13.17,13.72,13.11,13.57,1241408,105412520.00
20140904,13.92,14.85,13.81,14.29,2182132,196057456.00
20140905,14.14,14.14,13.73,13.99,1163495,102355456.00
20140909,13.89,14.03,13.43,13.53,1341423,115577800.00
20140910,13.43,13.93,13.36,13.67,902576,78156504.00
20140911,13.71,13.83,13.39,13.41,732196,62733932.00
20140912,13.35,13.72,13.30,13.60,1083632,92409184.00
20140915,13.57,13.73,13.33,13.49,993061,84425896.00
20140916,13.51,13.99,13.09,13.12,1826341,156811648.00
20140917,13.15,13.49,12.73,12.99,1755250,144358896.00
20140918,12.86,13.17,12.78,12.95,810999,66440172.00
20140919,13.03,13.57,13.01,13.39,1037938,87261040.00
20140922,13.39,13.89,13.33,13.70,1591326,137107088.00
20140923,13.70,14.77,13.63,14.53,1888277,169458640.00
20140924,14.49,15.23,14.37,15.09,1636636,153303840.00
20140925,15.25,15.57,14.84,14.93,1605032,152287680.00
20140926,14.85,14.89,14.58,14.79,880757,81575856.00
20140929,14.79,16.04,14.77,15.76,1934879,189713648.00
20140930,15.76,16.53,15.62,16.05,1354635,136545840.00
20141008,16.07,16.21,15.57,15.87,708934,70578560.00
20141009,15.77,15.94,15.43,15.71,761351,74944104.00
20141010,15.54,16.18,15.22,15.84,1185836,116936808.00
20141013,15.51,16.53,15.36,16.28,1144919,115433560.00
20141014,16.14,16.53,16.00,16.32,645803,65960340.00
20141015,16.32,17.33,16.14,16.99,953258,101089560.00
20141016,16.90,17.43,16.69,16.77,770783,82697672.00
20141017,16.53,16.83,16.22,16.77,714300,74221600.00
20141020,16.93,17.74,16.58,16.79,1030605,111011232.00
20141021,16.56,17.31,16.53,16.74,975658,104379608.00
20141022,16.77,17.57,16.70,17.52,1140489,123998928.00
20141023,17.33,17.51,16.69,16.99,1033012,109841696.00
20141024,16.80,17.12,16.13,16.61,756672,78716200.00
20141027,16.53,16.89,16.29,16.66,600239,63295676.00
20141028,16.70,17.49,16.70,17.47,668598,72715152.00
20141029,17.47,18.93,17.35,18.82,1023645,116658072.00
20141030,18.75,19.01,18.24,18.53,961413,111844888.00
20141031,18.58,18.69,18.26,18.69,451069,52277096.00
20141103,18.71,18.90,18.21,18.51,590526,68601776.00
20141104,18.45,18.49,17.97,18.22,586590,67037660.00
20141105,18.22,18.29,17.97,18.00,362347,41209236.00
20141106,17.97,18.64,17.97,18.54,610687,70688544.00
20141107,18.54,18.70,17.89,18.21,706557,80925448.00
20141110,18.22,18.93,18.22,18.58,522366,61241628.00
20141111,18.53,19.01,17.57,17.69,865398,98524992.00
20141112,17.49,18.29,17.34,18.18,632363,71238568.00
20141113,18.10,18.10,16.35,16.35,952512,100349656.00
20141114,15.89,16.57,15.44,15.89,1238447,123462808.00
20141117,16.05,16.61,15.89,16.53,801404,82692144.00
20141118,16.50,16.72,16.12,16.21,470851,48297924.00
20141119,16.21,16.53,15.91,16.37,597234,61085668.00
20141120,16.41,16.63,16.14,16.40,500363,51791948.00
20141121,16.45,17.14,16.37,16.97,892000,94893280.00
20141124,17.33,17.65,16.78,17.54,1011682,110653672.00
20141125,17.47,17.64,16.99,17.54,1241116,134724064.00
20141126,17.81,17.89,17.14,17.17,804236,88102656.00
20141127,17.05,17.71,17.01,17.61,909445,99682504.00
20141128,17.81,19.25,17.61,19.24,1624189,191646272.00
20141201,19.03,20.42,18.87,19.89,1137321,141492128.00
20141202,19.33,20.05,19.33,20.05,645558,80188288.00
20141203,20.02,20.02,19.02,19.21,860994,105531072.00
20141204,19.13,19.73,18.97,19.25,675656,81946376.00
20141205,19.06,19.81,18.24,18.39,755985,88809984.00
20141208,18.31,18.31,16.54,16.54,1776004,189320528.00
20141209,16.54,17.31,15.09,15.41,1553991,154356512.00
20141210,15.49,15.73,14.61,15.25,2210142,212137536.00
20141211,15.20,15.73,14.90,15.41,1188992,114789536.00
20141212,15.62,16.90,15.41,16.68,1383135,140078352.00
20141215,16.68,17.30,16.22,16.82,1393948,147785104.00
20141216,16.82,16.85,16.23,16.54,1050982,109127680.00
20141217,16.60,16.60,15.83,15.83,1381651,139329856.00
20141218,15.68,16.19,15.20,15.72,650542,64682892.00
20141219,15.65,15.89,15.01,15.15,768121,73824168.00
20141222,15.07,15.07,13.63,13.63,1370960,118991952.00
20141223,13.63,14.05,12.78,13.25,1551572,130042272.00
20141224,13.31,13.97,13.31,13.76,951852,82590040.00
20141225,13.79,13.94,13.59,13.76,575474,49937260.00
20141226,13.78,14.13,13.67,14.00,984868,86611376.00
20141229,13.91,13.95,12.59,12.59,2029758,164115568.00
20141230,12.59,12.68,11.70,12.19,1906886,144920048.00
20141231,12.08,12.53,11.75,12.34,1486069,114763104.00
20150105,12.27,12.28,11.57,12.05,1178053,88573104.00
20150106,11.89,12.75,11.84,12.71,1571385,123026120.00
20150107,12.71,12.71,12.19,12.42,931025,72509736.00
20150108,12.37,12.79,12.27,12.51,1010887,80047504.00
20150109,12.37,13.77,12.35,13.77,2025030,171200464.00
20150112,13.81,14.37,13.17,14.13,2282250,198507616.00
20150113,14.45,14.45,13.85,14.05,1295392,114887456.00
20150114,14.00,14.13,13.35,13.62,1019369,87319056.00
20150115,13.60,13.75,13.19,13.30,605012,51163788.00
20150116,13.17,14.08,13.17,13.99,1195674,104193152.00
20150119,13.57,15.18,13.35,14.13,2223578,198648192.00
20150120,14.16,15.01,14.06,14.88,1695512,156865680.00
20150121,14.77,15.31,14.55,14.73,1196016,111945512.00
20150122,14.83,15.03,14.57,14.87,1142474,106735432.00
20150123,14.79,15.01,13.97,14.13,1437787,128648144.00
20150126,14.00,14.43,13.97,14.26,1229665,109838280.00
20150127,14.29,14.95,14.16,14.74,1629082,149939264.00
20150128,14.55,14.55,14.10,14.10,1417600,127595368.00
20150129,13.96,14.16,13.78,14.02,622124,54988828.00
20150130,14.02,14.15,13.45,13.46,1332428,116013472.00
20150202,13.57,13.72,13.32,13.46,839605,71464056.00
20150203,13.33,14.29,13.33,14.11,1637098,144419568.00
20150204,13.81,15.49,13.66,15.12,4082923,375426368.00
20150205,14.93,15.95,14.74,15.11,2937656,283536192.00
20150206,15.10,15.71,14.71,15.20,1631968,156293312.00
20150209,15.20,16.11,14.85,15.89,2104551,208669920.00
20150210,15.73,16.47,15.60,16.05,1418303,143752832.00
20150211,15.89,17.57,15.73,17.09,1979049,209516048.00
20150212,16.99,17.14,16.47,16.51,1895841,199771968.00
20150213,16.42,18.17,16.42,18.17,2412866,268161616.00
20150216,18.29,20.00,18.18,20.00,2979492,364850176.00
20150217,20.13,20.37,19.09,19.57,1927278,237330048.00
20150225,19.45,19.57,18.19,18.19,1831797,215027328.00
20150226,18.19,18.77,17.73,17.81,2547149,288757344.00
20150227,17.97,18.61,17.17,18.26,3817683,429729696.00
20150302,18.27,19.89,18.11,18.71,3605291,426242144.00
20150303,18.77,19.47,18.70,19.01,2470237,296229088.00
20150304,19.09,19.99,18.47,19.87,1440643,174453552.00
20150305,19.85,21.68,19.75,21.42,3051186,402129536.00
20150306,21.41,21.63,19.97,20.05,2446072,320746720.00
20150309,20.29,21.94,20.29,21.33,2244989,299400288.00
20150310,21.47,22.05,20.87,21.23,1873147,251391184.00
20150311,21.23,21.65,20.37,21.62,1905546,250575472.00
20150312,21.33,21.65,20.58,20.69,942382,124567424.00
20150313,20.29,21.31,20.29,20.95,1612171,209995200.00
20150505,23.05,23.05,23.05,23.05,68578,3967237.25
20150506,25.37,25.37,25.37,25.37,58995,3754441.75
20150507,27.91,27.91,27.91,27.91,54975,3848250.00
20150508,30.71,30.71,29.51,30.71,10188786,782712448.00
20150511,33.79,33.79,33.16,33.79,5968343,504907552.00
20150512,37.15,37.18,35.83,37.18,5705390,530719808.00
20150513,35.51,40.91,33.51,38.29,13384869,1293861504.00
20150514,38.31,39.11,35.11,35.83,6866532,630249920.00
20150515,34.31,35.51,32.71,34.87,6347835,544329728.00
20150518,36.31,38.37,35.91,38.37,4265617,404228608.00
20150519,42.21,42.21,37.46,37.91,10052600,988044608.00
20150520,37.23,41.11,37.23,39.11,6196998,613704448.00
20150521,39.03,39.11,36.71,38.18,6461457,614982656.00
20150522,38.50,39.11,35.11,36.55,7485081,690796416.00
20150525,35.15,37.15,34.42,35.91,6704819,604209216.00
20150526,35.44,37.02,35.36,36.59,4685094,426888544.00
20150527,37.11,37.51,35.36,35.51,4566948,412371328.00
20150528,36.03,37.11,34.74,35.86,5216338,474325440.00
20150529,36.41,39.03,35.11,37.87,8728592,818534464.00
20150601,38.03,41.67,38.01,41.66,8402504,849598016.00
20150602,41.31,41.31,39.11,40.71,6255917,629871040.00
20150603,39.91,40.66,38.41,39.50,4488735,444468960.00
20150604,39.47,40.03,35.54,38.35,5454038,517803584.00
20150605,38.37,39.43,37.15,39.11,4071871,395203456.00
20150608,37.95,38.71,35.19,35.19,4628445,417494880.00
20150609,34.35,36.07,33.75,34.91,4559618,397804224.00
20150610,35.90,36.34,34.31,35.51,3205013,284749888.00
20150611,35.87,36.71,35.11,36.30,4393939,394612672.00
20150612,37.11,37.11,35.47,37.10,3519581,319819936.00
20150615,37.11,37.41,35.17,36.31,3674637,333657408.00
20150616,35.68,35.92,32.67,32.67,5231423,439261280.00
20150617,32.35,33.15,29.99,32.91,4103653,325089120.00
20150618,32.91,32.91,29.91,30.27,2391761,188234368.00
20150619,29.67,30.98,27.91,27.91,3432554,253268992.00
20150623,27.11,29.15,25.13,28.99,3239989,224260112.00
20150624,29.51,30.91,27.73,28.67,4111059,298592896.00
20150625,28.97,28.97,25.79,25.83,3741688,254877648.00
20150626,25.11,25.11,23.24,23.24,3055387,180845632.00
20150629,23.27,23.61,20.91,20.91,4852096,260312496.00
20150630,19.87,23.01,18.81,23.01,8929772,451863296.00
20150701,23.51,25.32,23.11,23.91,11812886,736079424.00
20150702,23.19,25.47,21.51,21.59,8621091,502318592.00
20150703,19.71,23.75,19.42,21.71,7668163,413707776.00
20150706,23.89,23.89,19.53,22.33,12418518,678598208.00
20150707,21.11,21.11,20.09,20.09,4223982,215145104.00
20150720,22.11,22.11,22.11,22.11,35253,1956541.50
20150721,24.33,24.33,24.33,24.33,178355,10888573.00
20150722,26.77,26.77,26.15,26.77,4394008,294838656.00
20150723,28.71,28.71,26.58,27.67,8781505,606400320.00
20150724,27.11,28.91,27.11,27.97,8252147,584262976.00
20150727,27.06,27.91,25.17,25.17,6160291,405330912.00
20150728,22.64,25.91,22.64,22.64,8902607,510590112.00
20150729,22.95,23.44,20.37,22.66,13167978,696670656.00
20150730,22.51,22.55,20.38,20.38,8029929,436736032.00
20150731,19.54,20.60,18.79,19.57,5727691,286594624.00
20150803,19.89,20.41,17.60,17.65,6483756,309441920.00
20150804,17.15,19.43,15.98,19.43,10565034,470535456.00
20150805,19.69,20.41,18.91,19.83,9609984,475570720.00
20150806,19.02,19.82,18.74,18.84,3516866,169956976.00
20150807,19.11,20.35,18.95,20.26,7205205,358939136.00
20150810,20.99,22.30,20.63,22.30,6606999,363806784.00
20150811,23.35,24.51,22.48,22.95,9650615,565894720.00
20150812,22.63,23.51,21.96,22.99,4727750,273234368.00
20150813,22.63,23.35,20.99,22.77,4925385,276651840.00
20150814,22.91,24.51,22.91,23.41,5436780,324457696.00
20150817,23.11,23.42,22.03,22.56,3880012,220611552.00
20150818,22.15,23.47,20.30,20.30,7898543,434219264.00
20150819,19.51,21.57,18.27,21.09,5125269,257641984.00
20150820,21.11,21.99,19.95,20.53,5017426,266001952.00
20150821,19.79,20.87,18.47,18.47,5139170,249129312.00
20150824,17.91,17.91,16.62,16.62,3639211,152812624.00
20150825,15.03,15.86,14.95,14.95,8852520,338206720.00
20150826,14.95,15.95,13.91,14.52,8865422,336861216.00
20150827,15.03,15.98,14.71,15.98,5235448,201244784.00
20150828,16.34,17.51,15.97,17.22,5752293,241115984.00
20150831,16.93,17.03,15.51,15.74,3378248,139875504.00
20150901,15.51,15.51,14.16,14.16,5196302,190034880.00
20150902,13.11,15.24,12.77,13.56,5956699,210555472.00
20150907,13.83,14.92,13.83,14.92,7285094,272816352.00
20150908,14.71,16.42,14.55,16.39,7511900,286786624.00
20150917,18.04,18.04,17.39,18.03,6238248,282498592.00
20150918,18.01,19.55,16.83,18.71,9424350,428730112.00
20150921,18.91,20.59,18.71,20.51,7418806,376789408.00
20150922,20.19,22.03,19.77,20.93,8162507,429816128.00
20150923,20.23,21.75,19.51,20.91,5660162,297186176.00
20150924,20.71,21.51,20.34,21.11,4798391,251987776.00
20150925,20.91,21.23,18.99,20.29,5818409,291239424.00
20150928,20.11,21.61,19.72,21.34,3823074,199003456.00
20150929,21.11,23.31,21.00,21.71,6391019,360627552.00
20150930,21.63,23.03,21.63,22.46,3595595,202466144.00
20151008,23.59,24.57,22.51,23.50,3919802,232924752.00
20151009,23.10,23.37,22.65,22.87,3432912,198046352.00
20151012,23.34,24.11,23.11,23.90,5066293,301610880.00
20151013,23.51,24.83,23.19,24.67,5436137,330055744.00
20151014,24.50,24.85,22.91,23.87,3377463,202452768.00
20151015,23.34,24.70,23.05,24.19,3044573,182929696.00
20151016,24.19,24.89,23.77,24.71,4197318,256020848.00
20151019,24.87,25.90,24.43,24.51,3693200,232547200.00
20151020,24.57,26.97,23.91,26.82,5439504,348440768.00
20151021,26.87,28.91,24.13,24.15,6065780,407201472.00
20151022,24.93,26.57,24.93,26.57,7286993,480213216.00
20151023,27.51,27.51,25.61,27.15,7152008,475710816.00
20151026,27.15,27.15,25.51,25.93,4742524,310921536.00
20151027,25.90,27.94,24.55,26.96,4579363,300390688.00
20151028,26.96,27.69,25.46,25.66,3045605,200664496.00
20151029,25.91,26.05,24.39,24.98,3940664,246307840.00
20151030,25.07,26.58,24.24,25.39,3997272,257551200.00
20151102,23.31,25.51,23.31,24.22,3513585,216933616.00
20151103,24.21,24.66,23.35,23.95,3176997,190147264.00
20151104,24.49,26.09,24.38,25.43,4304060,273980128.00
20151105,25.41,25.89,24.44,24.69,4234524,266699216.00
20151106,24.79,26.37,24.79,26.09,4470041,287563296.00
20151109,25.95,28.71,25.40,28.51,7536008,525397568.00
20151110,28.20,29.91,28.20,28.93,5184584,377749408.00
20151111,28.63,30.29,28.63,29.35,3623389,268218752.00
20151112,30.13,31.44,29.11,30.49,5242258,403909632.00
20151113,30.27,30.27,28.04,28.71,2852181,209992336.00
20151116,30.11,30.27,28.79,30.27,4265290,318659008.00
20151117,30.31,31.15,28.23,28.35,6983909,519292160.00
20151118,28.35,28.91,26.67,27.36,3415871,237881312.00
20151119,27.51,28.89,27.31,28.69,2186657,154394832.00
20151120,29.09,30.39,28.16,30.33,4092606,299282560.00
20151123,29.50,32.50,29.46,30.86,6224160,487626912.00
20151124,30.60,31.75,29.65,31.19,2874255,222285744.00
20151125,31.10,33.47,30.43,33.35,5082821,412288576.00
20151126,33.09,33.24,31.90,32.31,3576619,289754368.00
20151127,32.10,32.91,29.75,30.07,3360685,264191648.00
20151130,30.03,31.98,28.39,30.31,5208804,395943296.00
20151201,30.66,31.49,28.71,29.72,2650343,202831776.00
20151202,29.11,29.72,27.11,28.56,2606156,184820336.00
20151203,28.83,30.30,28.03,30.07,3040633,223922224.00
20151204,29.99,30.15,29.19,29.27,1655975,122519224.00
20151207,29.23,29.65,28.43,29.19,3722557,269919488.00
20151208,28.80,31.65,28.16,30.79,4408703,331925664.00
20151209,30.31,32.94,29.96,31.51,4392225,347490496.00
20151210,30.73,32.07,30.73,30.81,1875446,147937312.00
20151211,31.11,31.85,29.91,31.03,2170462,167373360.00
20151214,30.71,31.50,29.73,31.11,2456789,189438592.00
20151215,31.50,32.90,31.26,31.67,3167479,255481744.00
20151216,31.67,32.11,31.03,31.11,2202910,174156432.00
20151217,30.95,32.58,27.99,31.89,3914902,309191648.00
20151218,31.89,32.87,30.53,30.78,3736175,295241088.00
20151221,31.23,31.71,30.23,30.89,2580537,200329664.00
20151222,30.90,31.29,29.27,29.83,4110103,308199392.00
20151223,30.07,30.11,28.26,28.75,3771084,273113440.00
20151224,28.75,29.19,28.27,28.66,2547154,183365504.00
20151225,28.67,29.78,28.36,28.85,2795934,204285168.00
20151228,28.83,29.43,27.71,28.05,2750288,198384512.00
20151229,28.00,28.41,27.63,28.21,2068057,145203888.00
20151230,28.27,29.23,28.17,28.75,4294893,308913984.00
20151231,28.75,29.10,26.71,27.79,6044737,421696160.00
20160104,27.53,28.15,25.00,25.00,3624719,240261680.00
20160105,22.50,25.11,22.49,22.87,7922216,460096256.00
20160106,22.87,24.96,22.87,24.69,6268533,379022432.00
20160107,24.23,24.23,22.21,22.21,899801,51778008.00
20160108,22.98,23.46,20.19,21.63,6642506,371735392.00
20160111,21.11,22.82,20.83,21.20,5067291,280068192.00
20160112,21.42,22.89,21.15,22.09,4588231,255771392.00
20160113,22.11,23.07,21.35,21.45,3740289,210058272.00
20160114,20.11,23.53,20.11,22.93,3994443,222305360.00
20160115,23.51,24.70,23.19,23.67,4537644,272237312.00
20160118,23.70,24.76,23.13,24.28,4548445,274473312.00
20160119,23.96,25.91,23.14,25.06,6460131,395052608.00
20160120,24.83,25.37,24.21,24.31,2338455,145215856.00
20160121,23.71,25.11,23.38,23.49,3201842,194331024.00
20160122,23.91,24.31,22.01,23.11,3526906,203589376.00
20160125,23.53,23.75,22.49,22.77,2240187,130616840.00
20160126,22.31,22.71,20.49,20.49,3393156,183375024.00
20160127,19.91,20.83,18.89,20.31,5796116,289709920.00
20160128,20.16,20.43,18.91,18.95,2392699,119953624.00
20160129,19.26,20.85,19.21,20.85,4828732,245409200.00
20160201,20.98,22.95,20.72,22.30,5769361,321566080.00
20160202,22.71,24.54,22.32,24.03,9161593,558668928.00
20160203,24.16,24.62,22.70,23.43,9506151,567871936.00
20160204,23.23,24.73,23.23,24.39,7232969,439505472.00
20160205,25.10,25.78,24.23,24.39,4974143,309755168.00
20160215,23.55,26.84,23.55,26.62,8216600,529962976.00
20160216,26.63,27.46,26.10,27.07,8011541,538410048.00
20160217,26.99,27.31,26.03,27.05,6433065,431798304.00
20160218,27.11,28.67,26.81,27.59,7485094,519168768.00
20160219,27.11,27.43,26.56,26.75,5244909,354402848.00
20160222,27.25,27.26,26.29,27.15,5228072,349769248.00
20160223,26.91,27.79,26.61,27.31,7702270,526240832.00
20160224,27.23,27.23,24.71,25.52,6553331,427974720.00
20160225,25.43,25.57,23.13,23.82,6709684,412327648.00
20160226,24.23,24.67,23.01,23.01,6007563,362536640.00
20160229,22.71,22.71,20.70,21.79,6426554,348157216.00
20160301,22.11,23.97,21.09,23.97,8583898,497544800.00
20160302,23.83,26.38,23.28,26.38,10481141,652331456.00
20160303,26.11,29.03,25.90,27.14,10290031,697314944.00
20160304,27.06,27.07,24.41,24.41,8945474,572797952.00
20160307,24.11,25.72,23.23,24.15,8369679,514885952.00
20160308,23.83,25.86,21.91,25.86,9830401,589144768.00
20160309,25.11,26.51,24.73,25.95,7944016,512962112.00
20160310,26.69,27.31,25.51,26.15,10072055,668411904.00
20160311,25.56,26.65,24.52,24.86,18566838,476589504.00
20160314,25.46,27.35,25.16,27.35,24136902,646409152.00
20160315,27.46,28.51,26.30,26.46,24737224,677074432.00
20160316,27.04,27.54,25.51,25.91,16995572,452558624.00
20160317,26.11,28.51,25.61,28.51,33251927,926493952.00
20160318,28.51,31.16,28.23,30.06,37407978,1112416384.00
20160321,30.25,31.70,29.57,30.48,30398964,928578176.00
20160322,29.96,32.51,29.56,31.39,32301275,1006825472.00
20160323,31.76,33.46,30.37,33.46,33745442,1063674240.00
20160324,32.46,33.16,31.26,31.26,31983616,1033303808.00
20160325,30.51,31.23,29.76,30.26,20998039,638606976.00
20160328,30.52,30.86,29.76,29.99,19604057,595906176.00
20160329,29.86,30.30,28.96,29.54,15512858,459732640.00
20160330,29.95,31.51,29.95,31.33,26359482,816140352.00
20160331,31.44,31.65,30.13,30.49,20677534,636336960.00
20160401,29.96,30.06,28.34,29.06,21637096,630264640.00
20160405,29.15,30.56,29.05,30.22,17064325,510982336.00
20160406,29.78,30.85,29.54,30.23,17554169,531246304.00
20160407,30.13,30.45,28.65,28.84,16282875,480078656.00
20160408,28.38,29.36,27.97,29.06,14207525,406339680.00
20160411,29.47,30.78,29.47,30.13,17519216,530046368.00
20160412,30.23,30.42,28.76,29.12,11769312,345869312.00
20160413,29.50,31.13,29.41,30.16,21297459,649364992.00
20160414,30.46,30.64,29.62,30.18,11206964,336720800.00
20160415,29.95,30.45,29.25,29.63,11468938,342285056.00
20160418,28.96,29.26,28.32,28.56,11399512,326523168.00
20160419,28.86,29.50,28.69,29.48,13388942,390612192.00
20160420,29.48,29.73,26.53,28.31,19018265,530925760.00
20160421,27.76,28.20,27.46,28.11,9342961,260708672.00
20160422,27.71,28.48,27.56,28.34,7237073,204167312.00
20160425,28.02,28.24,26.99,27.71,6473139,179284624.00
20160426,27.76,28.41,27.66,28.38,5904633,165899056.00
20160427,28.30,28.59,27.77,27.79,6460089,182916144.00
20160428,27.46,27.86,26.51,27.38,9330556,252834032.00
20160429,27.40,27.74,27.05,27.07,5733700,157145472.00
20160503,27.18,28.49,26.69,28.16,15794030,442042496.00
20160504,27.80,28.61,27.67,28.08,11125437,315243520.00
20160505,27.96,28.46,27.81,28.40,8331458,234744128.00
20160506,28.65,28.81,26.96,26.96,14680054,406462368.00
20160509,26.45,26.45,24.26,24.29,14811090,372254400.00
20160510,24.38,24.74,24.12,24.30,7516078,183550016.00
20160511,24.46,24.65,23.04,23.50,12251613,290305376.00
20160512,23.34,25.04,22.22,24.17,12526328,297676096.00
20160513,24.00,24.31,22.93,23.36,9571546,226163280.00
20160516,23.24,23.77,22.72,23.74,9158412,213590960.00
20160517,23.78,24.86,23.46,24.37,13659042,331283776.00
20160518,24.31,24.37,22.47,22.86,11683090,272858080.00
20160519,22.86,23.62,22.46,22.67,10771429,249681712.00
20160520,22.14,22.96,22.08,22.93,7389340,167580304.00
20160523,22.96,25.23,22.96,24.43,18485070,452244000.00
20160524,24.46,25.16,24.29,24.52,14513170,358944416.00
20160525,24.73,25.11,23.84,24.01,11183288,275000064.00
20160526,24.01,24.36,22.96,24.16,9901643,234420768.00
20160527,24.16,24.58,23.71,24.12,8154272,197886736.00
20160530,23.86,24.11,23.16,23.57,5572396,132220824.00
20160531,23.58,25.43,23.47,25.18,16470766,407325312.00
20160601,25.24,25.86,24.97,25.19,14577295,370554720.00
20160602,24.96,25.66,24.86,25.55,11707104,297401280.00
20160603,25.56,26.20,25.41,25.62,14495178,374427360.00
20160606,25.76,26.93,25.76,26.21,13659533,362078016.00
20160607,26.02,26.46,25.56,25.97,9180856,238638144.00
20160608,25.98,26.23,25.09,25.61,12400362,317572032.00
20160613,24.84,25.41,23.96,23.96,9310380,231259200.00
20160614,23.96,24.19,22.56,23.18,12878688,299850432.00
20160615,22.96,24.15,22.64,23.81,11525203,274243840.00
20160616,23.37,23.94,22.99,23.06,11349842,265593360.00
20160617,23.06,23.84,23.06,23.40,8564162,201591568.00
20160620,23.68,24.14,23.57,24.08,12985223,310363584.00
20160621,24.26,24.43,23.56,23.71,12560899,301138048.00
20160622,23.75,25.56,23.47,25.37,17317377,422984832.00
20160623,25.71,25.71,24.66,25.24,17715267,445517696.00
20160624,25.26,25.75,24.14,25.17,19572372,495416768.00
20160627,24.85,26.23,24.64,25.91,15983655,409702208.00
20160628,25.59,25.65,25.04,25.41,16108994,408927296.00
20160629,25.61,25.82,25.06,25.15,10676906,270721312.00
20160630,25.21,25.51,24.66,24.79,12472703,312843616.00
20160701,24.83,25.19,24.46,25.00,8322912,207553616.00
20160704,24.82,25.26,24.56,25.01,11870784,296703616.00
20160705,24.96,25.19,24.49,24.76,12523564,310917216.00
20160706,24.77,24.94,24.56,24.78,6411571,159082160.00
20160707,24.79,24.89,24.24,24.34,8293841,203301520.00
20160708,24.33,25.00,24.26,24.84,10008450,248303008.00
20160711,24.95,25.35,24.37,24.43,10724801,267482064.00
20160712,24.16,24.66,23.61,24.56,8571453,207370016.00
20160713,25.56,27.02,25.56,27.02,35907973,958812224.00
20160714,27.16,28.50,26.89,27.66,35531616,988633856.00
20160715,27.94,28.12,27.22,27.39,17217456,475824352.00
20160718,27.70,27.84,26.88,27.34,14272762,390693600.00
20160719,27.12,27.96,26.66,27.65,17056312,467960672.00
20160720,27.51,27.93,27.12,27.26,10246941,282488320.00
20160721,27.29,27.41,26.76,26.84,10491319,284568960.00
20160722,26.96,27.14,26.73,26.91,8686912,234448608.00
20160725,26.76,27.04,26.26,26.45,7868953,209594848.00
20160726,26.54,26.82,26.38,26.78,6689842,178697904.00
20160727,26.80,26.91,24.10,24.24,21740939,544846336.00
20160728,24.24,24.53,23.26,23.72,13414336,319945728.00
20160729,23.66,23.95,23.21,23.86,6557985,155325456.00
20160801,23.63,24.18,22.96,23.76,10951021,259356592.00
20160802,23.77,24.11,23.51,23.88,7167993,171424976.00
20160803,23.84,23.96,23.54,23.69,6301674,149578368.00
20160804,23.75,23.94,23.54,23.83,7138327,169995392.00
20160805,23.92,23.92,23.37,23.39,4979275,117696176.00
20160808,23.58,24.08,22.97,24.04,7630156,181718784.00
20160809,23.88,25.51,23.84,24.74,12892000,319302176.00
20160810,24.74,24.96,24.50,24.57,4696079,116178592.00
20160811,24.68,24.69,24.19,24.19,4669513,114067896.00
20160812,24.19,24.24,23.55,24.18,6115539,146824032.00
20160815,24.18,25.16,23.83,24.96,14032233,347323968.00
20160816,25.11,25.19,24.78,24.92,7894143,197255200.00
20160817,24.91,24.96,24.66,24.76,8238122,204397280.00
20160818,24.78,24.84,24.46,24.54,6175836,152207296.00
20160819,24.66,24.66,24.26,24.54,4534272,111232512.00
20160822,24.41,24.72,24.27,24.27,4564058,111931888.00
20160823,24.36,24.91,24.28,24.77,8201280,202546528.00
20160824,24.78,25.10,24.56,24.85,7920517,197356832.00
20160825,24.63,24.63,23.98,24.46,7079268,171599328.00
20160826,24.54,24.60,24.17,24.28,5074954,124044200.00
20160829,24.41,24.42,23.99,24.21,4141474,100099768.00
20160830,24.22,24.30,23.72,23.78,9195503,220307056.00
20160831,23.72,23.84,23.16,23.58,8393287,196772864.00
20160901,23.57,23.84,23.46,23.51,4209623,99639128.00
20160902,23.50,23.57,23.16,23.32,4648215,108613192.00
20160905,23.36,23.73,23.36,23.70,7176199,169794080.00
20160906,24.23,24.62,23.82,24.59,13133908,318769216.00
20160907,24.40,24.79,24.26,24.30,10802866,265582848.00
20160908,24.30,24.43,24.06,24.22,4032188,97952856.00
20160909,24.23,24.30,23.78,23.89,5532393,132676712.00
20160912,23.38,23.74,23.21,23.43,5880414,138423968.00
20160913,23.60,23.71,23.31,23.44,3729169,87677808.00
20160914,23.38,23.91,23.31,23.73,5289590,125220056.00
20160919,23.89,24.73,23.89,24.30,7817794,191026144.00
20160920,24.31,24.62,24.06,24.10,4722826,114778304.00
20160921,24.10,24.59,24.08,24.42,6156997,150633424.00
20160922,24.57,24.75,24.21,24.27,4160589,101848536.00
20160923,24.26,24.48,23.96,23.96,4041311,97672800.00
20160926,23.88,24.22,23.46,23.63,6424745,153489584.00
20160927,23.64,24.35,23.62,24.20,5306071,127044848.00
20160928,24.28,24.41,23.68,23.88,4859068,116369400.00
20160929,23.77,24.25,23.77,23.96,3951176,94943792.00
20160930,24.14,24.31,23.91,24.23,3823615,92486440.00
20161010,24.44,25.50,24.39,25.28,11405205,286608352.00
20161011,25.29,25.39,24.89,25.11,6180308,155120944.00
20161012,25.06,25.11,24.78,24.85,5457212,136042656.00
20161013,24.96,25.07,24.72,24.98,5162742,128805056.00
20161014,25.01,25.04,24.66,24.85,4051683,100851392.00
20161017,24.93,25.33,24.48,24.78,6247812,156648720.00
20161018,24.55,25.09,24.55,24.99,4532129,112936184.00
20161019,25.08,25.31,24.77,24.88,5237511,131381400.00
20161020,24.88,25.05,24.76,24.99,4757772,118723272.00
20161021,24.99,25.19,24.26,24.43,5718938,140816976.00
20161031,24.61,24.81,23.86,24.09,5491591,133714048.00
20161101,24.14,24.21,23.88,24.02,4667816,112400240.00
20161102,23.93,24.29,23.86,23.97,3396257,81693488.00
20161103,23.95,24.14,23.79,24.11,3970191,95337320.00
20161104,24.19,24.51,24.17,24.22,5287838,128668128.00
20161107,24.23,24.46,23.69,24.46,6264134,151318672.00
20161108,24.45,24.61,24.24,24.41,4370004,106782976.00
20161109,24.26,24.92,24.02,24.34,7431094,182859296.00
20161110,24.72,24.88,24.18,24.47,5840253,142581840.00
20161111,24.47,24.47,23.67,23.90,11651960,278885440.00
20161114,23.94,24.34,23.87,23.94,7363141,177636480.00
20161115,24.07,24.07,23.67,23.96,6277526,149831760.00
20161116,24.01,24.44,23.98,24.25,8649599,210130208.00
20161117,24.16,24.16,23.74,23.84,4884431,116715984.00
20161118,24.07,24.22,23.92,23.96,7053209,170101168.00
20161121,24.14,24.14,23.87,23.99,3029284,72784376.00
20161122,24.09,24.23,23.86,24.18,5277828,126931560.00
20161123,24.67,24.69,23.91,23.95,9541529,230890608.00
20161124,23.96,24.09,23.72,23.80,4921912,117699528.00
20161125,23.84,24.00,23.54,23.94,4068579,97018896.00
20161128,23.94,23.98,23.58,23.62,6743903,160173968.00
20161129,23.66,23.71,23.37,23.46,5135899,121112840.00
20161130,23.49,23.80,23.37,23.54,4842360,114469464.00
20161201,23.56,23.60,23.25,23.41,6008813,140584928.00
20161202,23.32,23.46,22.76,22.77,6133684,141544672.00
20161205,22.68,22.93,22.61,22.74,3037756,69332232.00
20161206,22.95,23.00,22.71,22.78,2742191,62692068.00
20161207,22.83,22.86,22.08,22.38,6817403,152498672.00
20161208,22.41,22.43,22.06,22.22,4877683,108455144.00
20161209,22.22,22.27,21.96,22.05,4379798,96956520.00
20161212,22.05,22.10,20.21,20.31,10011593,211650160.00
20161213,19.96,20.24,19.34,20.02,5969522,119133168.00
20161214,19.92,20.26,19.81,20.00,4693130,94123904.00
20170703,18.01,18.98,18.00,18.00,61968238,1121063680.00
20170704,17.70,18.48,17.62,18.20,39254409,711918912.00
20170705,18.22,18.28,17.65,18.06,25465049,455535168.00
20170706,17.99,19.28,17.86,18.53,32594102,600008384.00
20170707,18.20,18.41,18.09,18.13,18952096,344696736.00
20170710,18.16,18.18,17.54,17.58,18047826,321358848.00
20170711,17.54,17.54,16.08,16.23,35162322,585581632.00
20170712,16.15,16.36,15.72,16.25,16443923,263262960.00
20170713,16.32,16.40,16.04,16.20,9117220,147881952.00
20170714,16.26,16.49,16.16,16.23,9447679,154222832.00
20170717,16.04,16.13,14.79,14.91,18077290,276714560.00
20170718,15.03,15.87,14.96,15.67,17020072,262693152.00
20170719,15.66,15.72,15.40,15.57,10207279,158709408.00
数据来源:通达信
