300327 中颖电子 日线 前复权
      日期	    开盘	    最高	    最低	    收盘	    成交量	    成交额
20120613,7.19,7.38,7.06,7.36,10731633,126744528.00
20120614,7.21,7.49,7.19,7.43,7509492,90049104.00
20120615,7.41,7.42,7.19,7.26,3615127,43196664.00
20120618,7.26,7.30,7.22,7.26,2441656,29059132.00
20120619,7.23,7.23,7.07,7.09,3202222,37514032.00
20120620,7.10,7.46,7.09,7.32,5034135,60142680.00
20120621,7.28,7.31,7.11,7.23,2576046,30431280.00
20120625,7.16,7.22,7.03,7.04,2327381,27179270.00
20120626,6.98,7.00,6.73,6.92,2348314,26560142.00
20120627,6.92,7.32,6.87,7.08,3960026,46560052.00
20120628,7.06,7.15,6.84,6.85,2046424,23502524.00
20120629,6.85,7.02,6.76,6.99,1630937,18591590.00
20120702,7.03,7.12,6.95,7.02,2719423,31375994.00
20120703,7.00,7.82,6.98,7.82,12217071,150756832.00
20120704,8.11,8.37,7.88,8.06,18787492,246764128.00
20120705,7.88,7.93,7.58,7.79,10450045,131559032.00
20120706,7.77,7.77,7.19,7.53,10298225,125559792.00
20120709,7.38,7.58,7.17,7.26,5687782,68841968.00
20120710,7.33,7.45,7.17,7.35,4775314,57286148.00
20120711,7.24,7.32,6.53,6.53,9743111,106931272.00
20120712,6.37,6.50,6.11,6.44,5767268,60760120.00
20120713,6.30,6.36,6.04,6.05,4402882,45597660.00
20120716,6.07,6.12,5.69,5.72,2798903,27821246.00
20120717,5.72,5.81,5.68,5.79,1591605,15411680.00
20120718,5.77,5.77,5.53,5.75,2011512,19170310.00
20120719,5.75,5.93,5.72,5.78,2820974,27705026.00
20120720,5.75,5.87,5.65,5.69,1700991,16513410.00
20120723,5.66,5.66,5.49,5.55,1770754,16644687.00
20120724,5.48,5.68,5.47,5.66,1322971,12529441.00
20120725,5.60,6.01,5.60,5.77,3950808,38772280.00
20120726,5.72,5.80,5.60,5.60,2275834,21861856.00
20120727,5.65,5.66,5.56,5.62,1165858,11058115.00
20120730,5.63,5.67,5.34,5.35,1495225,13839711.00
20120731,5.36,5.38,5.14,5.15,1334449,11865199.00
20120801,5.17,5.29,5.14,5.25,1192730,10650235.00
20120802,5.25,5.29,5.09,5.12,1205718,10678505.00
20120803,5.14,5.40,5.10,5.36,2147978,19290318.00
20120806,5.29,5.52,5.25,5.49,2088838,19090980.00
20120807,5.45,5.56,5.45,5.49,1537141,14299284.00
20120808,5.51,5.51,5.32,5.40,1291726,11870668.00
20120809,5.37,5.58,5.34,5.55,1987754,18482574.00
20120810,5.52,5.58,5.45,5.49,1562221,14577131.00
20120813,5.42,5.53,5.32,5.32,1267344,11662169.00
20120814,5.35,5.40,5.20,5.38,1317313,11879152.00
20120815,5.36,5.37,5.21,5.21,954545,8582779.00
20120816,5.18,5.26,5.18,5.21,725963,6468354.00
20120817,5.24,5.30,5.17,5.27,778680,6955592.50
20120820,5.22,5.37,5.21,5.33,834547,7517640.50
20120821,5.45,5.95,5.45,5.95,3825419,37336468.00
20120822,6.63,6.63,6.35,6.63,14892502,162745504.00
20120823,6.78,7.30,6.51,6.87,17467098,195786000.00
20120824,6.68,6.93,6.27,6.35,10106348,110568328.00
20120827,6.18,6.48,6.05,6.23,5710597,59498588.00
20120828,6.21,6.56,6.14,6.48,7005353,74454232.00
20120829,6.37,7.06,6.29,6.65,10788797,120189648.00
20120830,6.37,6.50,5.90,5.98,8726885,89948880.00
20120831,5.85,6.16,5.85,6.07,3498907,35345404.00
20120903,6.01,6.31,5.96,6.21,3999194,41244636.00
20120904,6.21,6.72,6.14,6.31,7314154,78043016.00
20120905,6.17,6.64,6.14,6.45,5663452,60495632.00
20120906,6.41,7.18,6.36,7.18,9382527,106251008.00
20120907,7.32,7.46,6.93,7.19,12379788,145636960.00
20120910,7.12,7.54,6.97,7.31,9341828,111036512.00
20120911,7.23,7.23,6.95,7.08,5388142,62735364.00
20120912,7.12,7.15,6.86,6.98,3642201,41767740.00
20120913,7.01,7.07,6.89,6.89,3172260,36489984.00
20120914,6.94,6.95,6.65,6.74,3492607,37618456.00
20120917,6.72,6.76,6.33,6.37,2407966,25077712.00
20120918,6.29,6.61,6.27,6.44,2364098,24455066.00
20120919,6.47,6.62,6.41,6.59,1994398,20847554.00
20120920,6.54,6.57,6.17,6.18,2909882,29397624.00
20120921,6.20,6.22,5.83,5.88,2443537,23648170.00
20120924,5.84,6.03,5.81,5.98,1424291,13649118.00
20120925,5.96,6.09,5.83,5.84,1247871,11911918.00
20120926,5.81,5.96,5.64,5.70,1487428,13934143.00
20120927,5.69,5.99,5.66,5.88,1840597,17342660.00
20120928,5.83,6.01,5.81,5.99,1949770,18649546.00
20121008,6.01,6.08,5.90,5.97,1364880,13138183.00
20121009,5.95,6.36,5.95,6.29,3263102,32432056.00
20121010,6.23,6.40,6.21,6.33,2317337,23413452.00
20121011,6.33,6.33,6.03,6.05,2173006,21500908.00
20121012,5.95,6.07,5.72,5.81,2942618,27869608.00
20121015,5.76,5.78,5.53,5.63,2182913,19853412.00
20121016,5.57,5.72,5.57,5.65,1420725,13003928.00
20121017,5.66,5.69,5.55,5.67,1147966,10473793.00
20121018,5.68,5.83,5.66,5.79,1809285,16830098.00
20121019,5.79,5.86,5.74,5.81,1518575,14214407.00
20121022,5.75,5.78,5.64,5.73,1634612,15046641.00
20121023,5.70,5.78,5.69,5.73,1154611,10699701.00
20121024,5.65,5.78,5.62,5.72,845660,7803743.00
20121025,5.77,5.83,5.66,5.67,1474618,13704581.00
20121026,5.66,5.69,5.41,5.42,2079524,18563144.00
20121029,5.42,5.51,5.42,5.46,752000,6666303.00
20121030,5.49,5.51,5.42,5.45,586076,5195810.50
20121031,5.44,5.53,5.39,5.53,1074650,9522304.00
20121101,5.53,5.66,5.49,5.66,1237330,11253456.00
20121102,5.66,5.66,5.57,5.64,965862,8782149.00
20121105,5.60,5.65,5.52,5.57,945427,8528754.00
20121106,5.53,5.57,5.42,5.49,1179899,10468589.00
20121107,5.49,5.62,5.47,5.60,1121017,10087589.00
20121108,5.56,5.60,5.41,5.42,1216069,10866800.00
20121109,5.43,5.57,5.42,5.51,914762,8178769.00
20121112,5.52,5.88,5.52,5.75,2885179,26660724.00
20121113,5.69,5.77,5.49,5.51,1624174,14742140.00
20121114,5.42,5.56,5.42,5.54,963867,8581178.00
20121115,5.51,5.53,5.32,5.34,1096357,9664611.00
20121116,5.32,5.36,5.18,5.24,1033958,8830268.00
20121119,5.19,5.32,5.17,5.32,647300,5530419.00
20121120,5.34,5.47,5.28,5.34,1021125,8940768.00
20121121,5.33,5.40,5.21,5.39,977581,8452848.00
20121122,5.32,5.38,5.29,5.34,713651,6193024.00
20121123,5.37,5.43,5.32,5.38,941189,8254567.50
20121126,5.34,5.37,5.25,5.25,626031,5393263.00
20121127,5.22,5.26,4.91,4.91,1079847,8838132.00
20121128,4.91,4.91,4.73,4.76,679479,5345048.50
20121129,4.77,4.80,4.62,4.62,549846,4285972.50
20121130,4.63,4.69,4.62,4.67,392152,3016869.50
20121203,4.67,4.69,4.36,4.37,796744,5937669.00
20121204,4.36,4.50,4.27,4.49,943990,6862973.50
20121205,4.47,4.76,4.42,4.66,1506121,11559498.00
20121206,4.65,4.71,4.58,4.61,766472,5870958.00
20121207,4.61,4.78,4.60,4.76,1303765,10108829.00
20121210,4.79,4.95,4.75,4.89,1627923,13033597.00
20121211,4.89,4.90,4.81,4.84,1124450,8955848.00
20121212,4.84,4.86,4.69,4.82,1099497,8624091.00
20121213,4.80,4.82,4.70,4.73,735249,5751050.50
20121214,4.73,5.01,4.73,4.95,1947923,15666052.00
20121217,4.95,5.01,4.87,5.00,1562432,12652404.00
20121218,4.96,5.04,4.93,4.98,1319123,10767554.00
20121219,4.97,5.17,4.94,5.01,1326795,10982876.00
20121220,5.01,5.32,4.91,5.11,2759528,23247058.00
20121221,5.13,5.41,5.04,5.33,4384707,37591440.00
20121224,5.32,5.53,5.27,5.51,3801192,33458320.00
20121225,5.47,5.64,5.40,5.52,3832013,34276688.00
20121226,5.52,6.03,5.49,5.94,5457719,51024108.00
20121227,5.96,6.07,5.65,5.68,3706229,34811468.00
20121228,5.68,5.80,5.56,5.69,2828146,26025324.00
20121231,5.68,5.72,5.57,5.60,2045830,18616658.00
20130104,5.64,5.66,5.40,5.60,2403827,21588288.00
20130107,5.56,5.66,5.49,5.66,1917706,17376332.00
20130108,5.64,5.88,5.62,5.75,3286452,30523800.00
20130109,5.69,5.79,5.56,5.63,2235791,20501460.00
20130110,5.66,5.72,5.61,5.72,1879192,17239626.00
20130111,5.73,6.03,5.69,5.76,5151521,48675656.00
20130114,5.80,6.04,5.69,6.01,4345042,41547012.00
20130115,6.03,6.37,6.03,6.12,4040280,39936676.00
20130116,6.21,6.21,5.86,6.01,2980312,28975410.00
20130117,5.97,6.01,5.83,5.86,1909466,18098152.00
20130118,5.90,5.96,5.83,5.94,1427110,13586876.00
20130121,6.00,6.11,5.91,6.05,1923832,18619108.00
20130122,5.91,5.92,5.49,5.55,4554555,41919408.00
20130123,5.55,5.62,5.46,5.57,1714045,15412266.00
20130124,5.53,5.63,5.26,5.32,2131087,18846912.00
20130125,5.28,5.38,5.25,5.28,909040,7866300.50
20130128,5.26,5.46,5.26,5.42,1120499,9788072.00
20130129,5.43,5.51,5.40,5.48,1076539,9556585.00
20130130,5.48,5.50,5.37,5.42,1056631,9282680.00
20130131,5.39,5.42,5.32,5.40,696557,6078189.50
20130201,5.40,5.47,5.35,5.46,699474,6168254.00
20130204,5.46,5.50,5.40,5.44,865029,7651677.50
20130205,5.43,5.53,5.42,5.52,1024274,9111819.00
20130206,5.52,5.57,5.50,5.53,857923,7696380.00
20130207,5.53,5.58,5.50,5.57,867606,7807580.00
20130208,5.59,5.65,5.55,5.63,1184696,10783361.00
20130218,5.67,5.69,5.60,5.66,995368,9094890.00
20130219,5.67,5.68,5.50,5.52,1326383,11966328.00
20130220,5.52,5.64,5.49,5.64,1189421,10765984.00
20130221,5.64,5.64,5.49,5.53,1458395,13135456.00
20130222,5.55,5.60,5.51,5.55,835709,7520676.00
20130225,5.60,5.62,5.54,5.62,944047,8544984.00
20130226,5.55,5.79,5.55,5.63,3022972,27847160.00
20130227,5.63,5.69,5.51,5.54,1704633,15401533.00
20130228,5.57,5.69,5.49,5.68,1517268,13762193.00
20130301,5.65,5.83,5.64,5.83,2727479,25351152.00
20130304,5.84,5.84,5.50,5.54,2398189,21999340.00
20130305,5.57,5.68,5.50,5.68,1300756,11807883.00
20130306,5.70,5.84,5.66,5.84,2267152,21148250.00
20130307,5.82,5.84,5.64,5.72,1504682,13995862.00
20130308,5.73,5.81,5.70,5.74,1380862,12853331.00
20130311,5.77,5.77,5.65,5.72,876179,8076394.50
20130312,5.70,5.73,5.33,5.40,1755018,15692107.00
20130313,5.40,5.40,5.21,5.29,1032588,8889299.00
20130314,5.31,5.34,5.25,5.29,640663,5524976.50
20130315,5.31,5.39,5.21,5.26,797495,6894510.00
20130318,5.28,5.34,5.13,5.15,704341,6011709.50
20130319,5.14,5.19,5.07,5.18,626988,5257225.00
20130320,5.18,5.30,5.16,5.29,711767,6090083.50
20130321,5.30,5.40,5.28,5.35,837866,7301181.50
20130322,5.34,5.42,5.30,5.38,595717,5198270.00
20130325,5.40,5.40,5.31,5.34,441701,3839092.25
20130326,5.34,5.34,5.19,5.23,485061,4141983.25
20130327,5.26,5.33,5.22,5.30,549479,4727366.00
20130328,5.22,5.25,5.12,5.12,549460,4626698.50
20130329,5.12,5.18,5.04,5.11,397450,3320729.75
20130401,4.94,5.10,4.94,5.01,676984,5559431.50
20130402,5.01,5.04,4.95,4.98,485291,3962356.25
20130403,4.94,4.98,4.87,4.92,492457,3976299.50
20130408,4.89,4.93,4.82,4.93,466129,3735639.25
20130409,4.93,5.00,4.91,4.99,308299,2511793.50
20130410,5.01,5.02,4.91,4.95,281311,2284249.25
20130411,4.98,4.99,4.88,4.89,361651,2932357.50
20130412,4.89,4.91,4.86,4.87,300365,2409458.25
20130415,4.86,4.91,4.78,4.82,352636,2795593.50
20130416,4.80,4.87,4.77,4.86,275190,2177653.75
20130417,4.86,4.97,4.86,4.96,556992,4499891.50
20130418,4.91,5.02,4.89,4.99,676985,5516392.50
20130419,5.01,5.07,4.96,5.06,787380,6489989.00
20130422,5.04,5.12,4.99,5.11,663128,5487161.00
20130423,5.08,5.10,4.93,4.94,646200,5283981.00
20130424,4.97,5.15,4.95,5.14,868670,7221132.50
20130425,5.13,5.14,5.02,5.02,695255,5783071.00
20130426,5.04,5.05,4.82,4.84,661533,5342583.50
20130502,4.89,4.90,4.78,4.87,309772,2464037.00
20130503,4.91,5.04,4.89,5.01,623060,5100369.50
20130506,5.11,5.19,5.06,5.14,937574,7872420.00
20130507,5.12,5.25,5.11,5.16,642916,5422366.00
20130508,5.16,5.26,5.12,5.24,1025003,8695351.00
20130509,5.25,5.43,5.22,5.38,2095042,18229610.00
20130510,5.38,5.46,5.32,5.40,1333822,11670076.00
20130513,5.41,5.66,5.33,5.58,1895774,16935674.00
20130514,5.51,5.62,5.34,5.44,1441854,12745009.00
20130515,5.45,5.61,5.40,5.60,1862602,16718599.00
20130516,5.57,5.66,5.46,5.49,2215327,20002318.00
20130517,5.45,5.74,5.45,5.63,2661954,24204346.00
20130520,5.66,5.74,5.57,5.73,2243800,20624460.00
20130521,5.72,5.96,5.69,5.92,3234824,30560706.00
20130522,5.86,5.99,5.68,5.70,2392763,22478088.00
20130523,5.69,5.91,5.64,5.70,1991246,18565412.00
20130524,5.68,5.94,5.68,5.93,2765988,26137122.00
20130527,5.94,6.13,5.90,6.05,2343138,22736260.00
20130528,6.03,6.05,5.83,5.92,2179251,20776006.00
20130529,5.92,6.57,5.88,6.26,6061070,61486408.00
20130530,6.17,6.20,6.03,6.13,4352541,42682424.00
20130531,6.14,6.61,6.14,6.33,5612125,57654452.00
20130603,6.35,6.58,6.30,6.51,4300589,44270328.00
20130604,6.54,6.54,6.01,6.08,3458569,34436260.00
20130605,6.04,6.10,5.90,6.01,2074512,19979596.00
20130606,5.98,5.98,5.61,5.66,2749307,25534844.00
20130607,5.66,5.69,5.45,5.53,1424319,12878073.00
20130613,5.42,5.45,5.29,5.44,1330019,11587254.00
20130614,5.40,5.67,5.40,5.64,1767862,15931191.00
20130617,5.65,5.75,5.62,5.63,1533301,14065665.00
20130618,5.66,5.68,5.42,5.64,1345372,12128877.00
20130619,5.62,5.86,5.49,5.81,1654017,15250846.00
20130620,5.75,5.79,5.45,5.48,2870151,26081008.00
20130621,5.38,5.60,5.14,5.34,1749585,15176903.00
20130624,5.32,5.38,4.87,4.94,1028487,8557963.00
20130625,4.93,5.19,4.61,5.03,1954018,15843044.00
20130626,4.96,5.27,4.96,5.22,2128062,17868308.00
20130627,5.22,5.29,4.99,5.00,2165611,18296186.00
20130628,5.01,5.12,4.90,4.94,1208065,9876386.00
20130701,4.97,5.09,4.93,5.09,943142,7738367.00
20130702,5.14,5.31,5.08,5.29,2130235,18027470.00
20130703,5.29,5.30,5.01,5.23,1991063,14839298.00
20130704,5.16,5.33,5.09,5.22,1734103,13085766.00
20130705,5.19,5.40,5.16,5.18,2530594,19283908.00
20130708,5.13,5.13,4.80,4.86,1256535,9024573.00
20130709,4.88,4.95,4.84,4.93,701767,5001882.50
20130710,4.92,5.07,4.92,5.05,983826,7113392.00
20130711,5.05,5.20,4.98,5.16,1739383,12866930.00
20130712,5.12,5.39,5.11,5.18,2015963,15306291.00
20130715,5.18,5.59,5.18,5.55,3447685,26924128.00
20130716,5.55,5.92,5.48,5.85,3229590,26403472.00
20130717,5.78,5.96,5.63,5.71,5557846,45828220.00
20130718,5.63,6.27,5.58,6.19,9858140,83580952.00
20130719,6.14,6.22,5.88,5.88,6269099,54422784.00
20130722,5.76,6.01,5.75,5.98,3577881,30247878.00
20130723,6.05,6.55,5.90,6.35,9829763,87907864.00
20130724,6.55,6.70,6.34,6.55,10509989,97712264.00
20130725,6.49,6.52,5.94,6.00,6206210,55303068.00
20130726,5.97,6.64,5.95,6.64,8178377,74809432.00
20130729,6.89,7.36,6.78,7.28,18278229,186585920.00
20130730,7.13,7.80,6.76,7.34,19644060,203829552.00
20130731,7.05,7.23,6.84,6.98,12283290,122611280.00
20130801,6.97,7.48,6.89,7.18,11432922,115870384.00
20130802,7.09,7.95,7.06,7.95,8840749,95113272.00
20130805,8.63,8.63,7.59,7.70,14852311,166374432.00
20130806,7.52,8.15,7.49,7.75,11959005,132342464.00
20130807,7.63,7.87,7.28,7.49,8599061,91262384.00
20130808,7.56,7.64,7.30,7.39,7792423,81789648.00
20130809,7.33,7.42,6.92,7.06,8028826,81274608.00
20130812,7.09,7.30,6.71,6.97,6956051,68785152.00
20130813,6.94,7.20,6.92,7.19,6370392,63872672.00
20130814,7.20,7.24,6.96,7.10,5670234,56998000.00
20130815,7.10,7.57,7.00,7.32,10208215,105130800.00
20130816,7.31,8.10,7.25,7.81,16394940,182813216.00
20130819,7.80,8.24,7.65,7.96,17794016,199696544.00
20130820,7.85,8.80,7.70,8.80,22022815,261490928.00
20130821,8.69,8.82,8.46,8.60,15124723,182639232.00
20130822,8.60,9.01,8.37,8.54,12349770,149795616.00
20130823,8.45,8.77,7.98,8.30,10762726,127459872.00
20130826,8.39,8.54,8.33,8.52,6920824,82076832.00
20130827,8.42,8.66,8.23,8.60,7287254,86575040.00
20130828,8.45,8.90,8.22,8.22,8413443,100970000.00
20130829,8.13,8.29,7.94,8.15,5853505,66665416.00
20130830,8.12,8.50,7.57,7.70,8131011,92842152.00
20130902,7.66,8.52,7.40,8.34,6835359,78610320.00
20130903,8.24,8.67,8.17,8.62,7589087,89762736.00
20130904,8.50,9.27,8.42,8.94,11364912,141097904.00
20130905,8.85,9.18,8.65,8.91,8168652,101959816.00
20130906,8.84,8.94,8.56,8.60,6533822,79360328.00
20130909,8.60,8.63,8.19,8.43,6216281,72990752.00
20130910,8.42,8.67,8.34,8.51,5183164,61799988.00
20130911,8.48,8.48,7.81,7.86,5994062,67567856.00
20130912,7.86,8.06,7.68,7.72,3363915,37131284.00
20130913,7.70,8.02,7.61,7.97,3883009,43017840.00
20130916,7.89,8.10,7.85,7.94,3153850,35469104.00
20130917,7.96,8.00,7.63,7.67,2528652,27766674.00
20130918,7.60,7.81,7.60,7.72,1831552,19918802.00
20130923,7.77,8.21,7.76,8.18,4540202,51611516.00
20130924,8.11,8.25,7.88,7.98,3860621,43547648.00
20130925,7.95,8.19,7.82,8.03,4358794,49243812.00
20130926,8.01,8.12,7.87,7.87,3230048,36179372.00
20130927,7.88,8.15,7.86,8.11,4178697,47456224.00
20130930,8.11,8.40,8.10,8.34,4368990,51021800.00
20131008,8.39,9.22,8.35,9.22,12724440,161540752.00
20131009,9.24,9.67,9.10,9.54,12807771,167830288.00
20131010,9.57,9.83,9.20,9.37,7860811,104124816.00
20131011,9.54,10.36,9.48,10.36,8680293,122026888.00
20131014,10.63,10.96,10.28,10.71,10653496,156009728.00
20131015,10.57,10.63,9.99,10.16,9063336,128532104.00
20131016,10.20,10.27,9.46,9.90,7284851,100030224.00
20131017,9.91,10.32,9.80,9.91,5732313,80450792.00
20131018,9.93,10.43,9.93,10.14,4913665,69802584.00
20131021,10.12,10.66,10.03,10.49,4986936,71994448.00
20131022,10.36,10.52,9.54,9.62,6517947,90742368.00
20131023,9.54,9.82,9.32,9.78,4463769,59872732.00
20131024,9.69,9.81,9.30,9.31,3555187,47268568.00
20131025,9.27,9.43,8.63,8.76,3867265,48311464.00
20131028,8.85,8.97,8.50,8.86,2296241,28319064.00
20131029,8.79,9.00,7.97,8.23,2889968,34014324.00
20131030,8.23,8.74,8.18,8.68,2523995,30130618.00
20131031,8.68,8.88,8.42,8.60,2461254,29930100.00
20131101,8.56,8.57,8.18,8.48,2095404,24679066.00
20131104,8.45,8.69,8.33,8.62,1477764,17772772.00
20131105,8.54,8.88,8.48,8.85,1928243,23565072.00
20131106,8.80,9.24,8.79,8.84,3104857,39238656.00
20131107,8.86,8.92,8.50,8.56,1668776,20333564.00
20131108,8.52,8.60,8.20,8.22,1609262,18837036.00
20131111,8.24,8.70,8.15,8.54,1849634,22004340.00
20131112,8.54,9.05,8.54,8.93,3023113,37561788.00
20131113,8.79,9.04,8.73,8.79,2380547,29575764.00
20131114,8.77,9.45,8.77,9.45,5479443,70771048.00
20131115,9.50,9.70,9.32,9.52,4811997,63978272.00
20131118,9.57,9.98,9.48,9.65,3742458,50647612.00
20131119,9.61,9.69,9.45,9.58,2517950,33575012.00
20131120,9.67,10.03,9.56,9.95,3888923,52949692.00
20131121,9.87,9.95,9.46,9.59,3385095,45647580.00
20131122,9.56,9.68,9.54,9.57,1734197,23236784.00
20131125,9.57,10.38,9.54,9.98,4702085,65506876.00
20131126,9.99,11.02,9.99,11.02,8433215,125591944.00
20131127,11.58,12.17,11.57,12.17,10394025,172246416.00
20131128,12.69,13.44,12.05,13.14,24312279,420310624.00
20131129,12.54,14.50,12.32,14.50,22864984,412212896.00
20131202,13.01,14.10,13.01,13.01,18067485,333846944.00
20131203,11.83,12.80,11.66,12.23,13863570,231392112.00
20131204,11.78,12.99,11.26,11.69,13820033,234100000.00
20131205,11.31,11.55,10.74,10.84,12890386,199124112.00
20131206,10.75,11.14,10.75,10.95,7672719,116305176.00
20131209,11.12,11.51,10.93,11.23,8847159,137682560.00
20131210,11.26,11.67,10.37,11.35,14037059,214387152.00
20131211,11.04,11.17,10.64,10.87,6629853,100292344.00
20131212,10.87,11.79,10.86,11.38,12603086,200470432.00
20131213,11.19,12.00,11.00,11.92,12114415,195697952.00
20131216,11.83,12.22,11.34,11.59,9362039,152396304.00
20131217,11.50,11.93,10.87,10.87,7876907,122640592.00
20131218,10.81,10.93,10.29,10.36,5937235,86672776.00
20131219,10.59,10.93,10.36,10.57,6323928,93504576.00
20131220,10.58,11.00,10.18,10.24,6415208,94379792.00
20131223,10.03,10.11,9.60,9.99,4710310,64924256.00
20131224,10.02,11.03,9.91,11.03,5363234,79223472.00
20131225,11.57,12.05,11.34,11.67,15026512,242787744.00
20131226,11.57,12.88,11.38,12.26,16911606,287482432.00
20131227,11.94,13.53,11.94,13.53,14663961,260897840.00
20131230,13.82,14.89,13.08,13.26,22584201,436028224.00
20131231,13.29,14.00,13.12,13.38,15688825,291466560.00
20140102,13.19,13.89,12.47,13.59,17554570,318483712.00
20140103,13.26,13.67,12.82,12.86,13209351,239219120.00
20140106,12.59,12.83,11.53,11.55,11551657,192966272.00
20140107,11.41,12.14,11.38,11.99,9615944,157523248.00
20140108,12.13,13.18,12.13,12.64,11167347,194814992.00
20140109,12.50,13.44,12.32,12.83,13977013,249158720.00
20140110,12.43,13.18,11.89,12.14,11181367,192575168.00
20140113,12.10,12.23,11.64,11.77,6451797,105886688.00
20140114,11.84,12.99,11.82,12.99,11350912,196967344.00
20140115,13.46,14.26,13.22,14.01,19359747,363258400.00
20140116,13.82,14.70,13.44,14.40,18059520,350408736.00
20140117,14.19,14.64,13.89,13.92,13491227,263012976.00
20140120,13.77,14.19,13.22,13.71,10595429,198431680.00
20140121,13.48,15.13,13.41,15.13,14415984,283714208.00
20140122,15.65,15.66,14.48,15.01,18808014,388385888.00
20140123,14.76,15.44,14.61,14.80,13417701,277044096.00
20140124,14.57,15.67,14.43,15.17,15608569,321896704.00
20140127,14.82,16.04,14.71,15.47,13888334,294237504.00
20140128,15.40,15.66,14.59,14.95,8854165,182779920.00
20140129,15.04,15.82,14.92,15.09,9740418,205330960.00
20140130,14.83,15.08,14.16,14.25,9439529,187494400.00
20140207,14.19,14.91,14.10,14.87,6842073,137780224.00
20140210,14.86,15.43,14.47,15.31,9913968,204684848.00
20140211,15.25,15.67,14.71,14.85,9263454,192508960.00
20140212,14.85,16.26,14.85,16.26,15276289,328629376.00
20140213,16.06,16.06,14.59,14.59,14598183,304611392.00
20140214,14.38,14.84,14.18,14.74,8037910,160872608.00
20140217,14.71,15.16,14.43,15.09,7818091,159058128.00
20140218,15.25,16.01,14.89,15.49,12550782,266843776.00
20140219,15.39,15.53,14.65,14.98,8395344,173270944.00
20140220,14.83,15.24,14.47,14.60,6695057,136284096.00
20140221,14.87,15.20,14.52,14.81,4929187,100306080.00
20140224,14.91,15.68,14.68,15.50,9247869,192496752.00
20140225,15.46,15.79,13.91,13.91,12544611,255538064.00
20140226,13.35,13.48,12.62,13.11,7017214,126344648.00
20140227,13.26,13.44,12.21,12.27,7835657,137839200.00
20140228,12.17,12.89,12.04,12.78,5180168,89332800.00
20140303,12.62,12.97,12.54,12.84,3453063,60788296.00
20140304,12.81,12.81,12.28,12.33,5038039,86652968.00
20140305,12.43,12.80,12.42,12.48,3410734,59246044.00
20140306,12.42,12.80,12.32,12.75,3704165,64409628.00
20140307,12.68,12.86,12.39,12.53,2909658,50625160.00
20140310,12.17,12.17,11.44,11.48,4314922,70023472.00
20140311,11.39,11.75,11.19,11.59,2541517,40634492.00
20140312,11.45,11.77,11.23,11.66,2344786,37571256.00
20140313,11.67,11.96,11.67,11.86,2330745,38159696.00
20140314,11.57,12.36,11.54,11.94,4049251,67040064.00
20140317,11.87,12.43,11.81,12.33,4420103,74323688.00
20140318,12.29,12.56,12.15,12.17,3775566,64389360.00
20140319,12.13,12.44,12.00,12.35,3133208,53063572.00
20140320,12.38,12.45,11.57,11.60,2925744,48789344.00
20140321,11.60,11.72,11.11,11.63,3906609,61696408.00
20140324,11.62,11.62,11.17,11.19,2722050,42635576.00
20140325,11.07,11.35,11.07,11.25,1895268,29460528.00
20140326,11.36,12.32,11.26,11.84,4406665,71944152.00
20140327,11.68,11.70,10.81,11.20,3444598,54341652.00
20140328,11.17,11.28,10.57,10.68,2930698,43951968.00
20140331,10.78,10.96,10.51,10.75,1712874,25569524.00
20140401,10.81,11.17,10.74,11.14,2397601,36507132.00
20140402,11.19,11.21,10.72,10.78,2178199,32828238.00
20140403,10.78,11.26,10.78,10.99,2958404,45267232.00
20140404,10.99,11.19,10.83,11.12,2133576,32629556.00
20140408,11.10,11.19,10.79,11.17,2504920,38226572.00
20140409,11.15,11.89,11.11,11.66,5343054,85621624.00
20140410,11.68,11.81,11.52,11.57,3646210,58798648.00
20140411,11.34,11.78,11.24,11.77,3744800,59857600.00
20140414,11.64,12.26,11.64,11.82,3423019,56350452.00
20140415,11.81,11.81,11.47,11.59,2486827,39925924.00
20140416,11.51,11.73,11.44,11.59,1860307,29846604.00
20140417,11.59,12.13,11.50,11.90,4577140,75048160.00
20140418,11.79,11.84,11.62,11.75,2768333,44870740.00
20140421,11.57,11.75,11.21,11.26,2601376,41452048.00
20140422,11.26,11.38,10.67,10.82,2918078,44250440.00
20140423,10.81,10.95,10.63,10.77,1391103,20831408.00
20140424,10.74,11.00,10.51,10.84,2450783,36539384.00
20140425,10.74,10.79,10.52,10.65,2101308,31163326.00
20140428,10.48,10.60,9.92,9.94,2081388,29588456.00
20140429,9.97,10.26,9.97,10.25,1523667,21442890.00
20140430,10.21,10.41,10.18,10.38,1225411,17619024.00
20140505,10.32,10.50,10.27,10.50,1525163,22007232.00
20140506,10.54,10.87,10.45,10.65,2472530,36630332.00
20140507,10.58,10.80,10.36,10.36,2190242,32127062.00
20140508,10.29,10.59,10.25,10.27,1532783,22218724.00
20140509,10.15,10.89,10.15,10.61,3207549,47173956.00
20140512,10.63,10.78,10.36,10.74,2651176,38924488.00
20140513,10.66,11.14,10.63,10.75,2841336,42855448.00
20140514,10.70,10.88,10.64,10.72,1441818,21527444.00
20140515,10.66,10.74,10.27,10.35,2005202,29150840.00
20140516,10.29,11.18,10.29,10.47,1215695,17684378.00
20140519,10.36,10.62,10.36,10.50,957909,13970697.00
20140520,10.66,10.79,10.52,10.59,1641171,24350894.00
20140521,10.51,10.75,10.30,10.74,1352983,19808704.00
20140522,10.77,11.02,10.68,10.74,2624626,39648100.00
20140523,10.67,11.11,10.63,11.05,2570493,38697392.00
20140526,11.12,11.34,11.06,11.26,3343849,51949268.00
20140527,11.19,11.32,11.09,11.09,1905482,29519216.00
20140528,11.12,11.69,11.08,11.53,5338313,84850000.00
20140529,11.53,11.53,11.19,11.32,3222825,50698436.00
20140530,11.72,12.16,11.41,11.55,5786946,93935752.00
20140603,11.38,11.45,11.13,11.13,3382463,52908452.00
20140604,11.23,11.53,11.19,11.37,3455232,54507848.00
20140605,11.38,11.53,11.24,11.52,2549950,40275820.00
20140606,11.55,11.75,11.41,11.52,4757468,76331016.00
20140609,11.49,11.49,11.20,11.24,2689381,42051732.00
20140610,11.29,11.63,11.14,11.55,3001054,47400624.00
20140611,11.47,11.77,11.42,11.68,3613047,58131896.00
20140612,11.60,11.65,11.46,11.53,2287904,36561224.00
20140613,11.42,12.03,11.42,11.89,5470846,89699896.00
20140616,11.83,12.08,11.78,11.97,4306762,70879440.00
20140617,11.90,12.12,11.66,11.68,3288744,53949252.00
20140618,11.69,11.81,11.36,11.38,2561820,40958668.00
20140619,11.41,11.50,10.51,10.66,3279165,49959568.00
20140620,10.66,10.90,10.60,10.84,1435017,21452000.00
20140623,10.87,11.55,10.87,11.36,3795170,59556612.00
20140624,11.41,11.41,11.22,11.36,2470441,38634612.00
20140625,11.69,11.83,11.23,11.41,4034140,64438100.00
20140626,11.44,11.84,11.35,11.77,4884061,79000464.00
20140627,11.74,12.09,11.58,11.92,5354177,88293832.00
20140630,11.95,12.11,11.84,12.08,3811806,63229408.00
20140701,12.17,12.17,11.87,12.00,3456184,51463672.00
20140702,11.98,12.08,11.73,11.92,4571969,67188824.00
20140703,11.93,12.36,11.81,12.30,6121152,92185624.00
20140704,12.28,12.57,12.10,12.37,6371394,97259616.00
20140707,12.34,12.44,12.05,12.09,4533007,68516248.00
20140708,12.18,12.31,12.00,12.28,3312497,50091156.00
20140709,12.24,12.36,11.76,11.76,4586493,68784616.00
20140710,11.61,11.80,11.45,11.62,4129820,59498748.00
20140711,11.60,11.76,11.53,11.69,2430203,35113492.00
20140714,11.64,11.78,11.51,11.74,3074451,44510908.00
20140715,11.77,12.65,11.49,12.42,10635120,160857200.00
20140716,12.55,12.63,12.11,12.25,7427766,113937800.00
20140717,12.29,13.17,12.17,12.91,13844189,218615168.00
20140718,12.50,12.74,12.40,12.61,8206724,128022560.00
20140721,12.50,12.50,11.74,11.86,7017467,104671336.00
20140722,11.86,12.12,11.80,12.01,3752075,55693988.00
20140723,12.26,12.38,11.72,11.73,4627979,69178000.00
20140724,11.60,11.64,11.07,11.30,4380074,61786992.00
20140725,11.31,11.50,11.24,11.36,1999175,28232756.00
20140728,11.45,11.71,11.36,11.63,2810770,40228480.00
20140729,11.64,11.90,11.60,11.88,3730322,54517076.00
20140730,11.84,11.84,11.64,11.79,3122249,45560296.00
20140731,11.79,11.88,11.69,11.83,2500482,36632312.00
20140801,11.76,11.84,11.53,11.53,3939015,57141904.00
20140804,11.55,11.74,11.51,11.69,1582406,22916028.00
20140805,11.64,12.04,11.62,12.00,5062435,74913720.00
20140806,11.98,12.20,11.88,11.94,3868939,57587996.00
20140807,11.93,12.51,11.91,12.16,7054898,106703792.00
20140808,12.09,12.29,12.02,12.18,3936928,59445192.00
20140811,12.32,13.08,12.21,12.79,10632523,168564704.00
20140812,12.72,13.33,12.50,13.17,11151523,180284640.00
20140813,13.00,13.09,12.71,13.02,6918938,110603704.00
20140814,12.97,13.40,12.93,12.94,8590095,140050240.00
20140815,12.99,13.31,12.75,13.15,7524147,122141728.00
20140818,13.23,13.37,13.07,13.24,6534296,106712344.00
20140819,13.22,13.31,12.86,13.02,6335679,102580848.00
20140820,13.01,13.20,12.74,12.82,5213528,83662072.00
20140821,12.82,12.90,12.55,12.87,3929268,61953804.00
20140822,12.86,13.17,12.80,13.05,4505200,72517560.00
20140825,13.08,13.15,12.75,12.75,3015554,48157212.00
20140826,12.68,13.40,12.60,13.22,10545711,171467408.00
20140827,13.25,13.66,13.01,13.41,11380960,188790176.00
20140828,13.40,13.45,12.88,13.00,6060842,98645800.00
20140829,12.97,13.79,12.91,13.70,8692441,144404912.00
20140901,13.58,13.88,13.41,13.86,9103181,153752864.00
20140902,13.87,14.40,13.69,13.99,11482994,198165984.00
20140903,13.86,13.99,13.70,13.84,7483650,128132064.00
20140904,13.79,13.95,13.73,13.85,5266413,90191024.00
20140905,13.98,14.32,13.87,13.98,7029380,122190552.00
20140909,13.88,13.89,13.58,13.78,5317556,90249560.00
20140910,13.74,13.86,13.54,13.69,4656046,78894208.00
20140911,13.63,13.91,13.40,13.67,6010030,101822096.00
20140912,13.62,13.83,13.57,13.83,4240562,72100016.00
20140915,13.87,13.93,13.62,13.84,4482131,76421056.00
20140916,13.84,14.12,13.15,13.23,7207759,122567128.00
20140917,13.23,13.30,12.77,13.07,4589598,73891512.00
20140918,13.06,13.20,12.96,13.12,2609858,42350012.00
20140919,13.19,13.40,13.12,13.35,3474562,57080740.00
20140922,13.28,13.28,12.93,12.98,2972258,48147484.00
20140923,12.98,13.26,12.98,13.21,2589020,42075272.00
20140924,13.17,13.43,13.07,13.40,3525627,58136740.00
20140925,13.42,13.64,13.37,13.45,4916415,82321848.00
20140926,13.40,13.64,13.33,13.55,3183590,53225268.00
20140929,13.63,13.98,13.52,13.90,5270308,89344808.00
20140930,13.87,14.29,13.80,14.02,7191713,124801992.00
20141008,13.99,14.19,13.90,14.12,5019802,87311272.00
20141009,14.12,14.22,13.75,14.03,5246014,91043880.00
20141010,13.97,14.02,13.66,13.99,4333714,74375344.00
20141013,13.90,13.95,13.60,13.91,2758736,46950728.00
20141014,13.87,14.45,13.83,14.02,7811862,136917792.00
20141015,13.95,14.12,13.65,13.91,4225886,72296264.00
20141016,13.91,14.22,13.77,13.87,4848015,84139152.00
20141017,13.86,14.61,13.70,14.40,11287026,198950864.00
20141020,14.39,14.65,14.26,14.61,6382499,113932192.00
20141021,14.58,14.65,14.11,14.11,5708140,101171552.00
20141022,13.93,14.16,13.32,13.36,6409725,108972128.00
20141023,13.36,13.39,12.63,12.69,6588027,105545656.00
20141024,12.74,12.87,12.63,12.70,3019569,47717040.00
20141027,12.69,12.93,12.65,12.85,2076648,32983120.00
20141028,12.92,13.24,12.92,13.20,4825295,78222688.00
20141029,13.20,13.45,13.17,13.25,4578090,75428440.00
20141030,13.26,13.58,13.12,13.23,3913936,64673668.00
20141031,13.26,13.32,12.83,12.98,3760948,60551000.00
20141103,13.02,13.40,12.94,13.40,3376253,55265716.00
20141104,13.37,13.53,13.17,13.22,2632076,43424904.00
20141105,13.16,13.33,13.05,13.21,1993846,32615786.00
20141106,13.20,13.66,13.20,13.56,3306939,55005036.00
20141107,13.56,13.71,13.16,13.21,4677812,78137704.00
20141110,13.17,13.29,12.86,13.06,3618807,58386484.00
20141111,13.07,13.12,12.24,12.31,4691696,73008168.00
20141112,12.34,12.53,12.26,12.51,3342233,51188756.00
20141113,12.44,12.50,11.86,11.98,3798440,56945372.00
20141114,11.97,12.14,11.88,12.04,1846339,27517058.00
20141117,12.03,12.36,11.93,12.31,2382346,36217044.00
20141118,12.26,12.34,12.18,12.27,1859482,28277326.00
20141119,12.30,12.50,12.24,12.47,2863676,44057860.00
20141120,12.40,12.68,12.24,12.60,3351574,51705340.00
20141121,12.57,13.55,12.45,13.24,9129341,148341952.00
20141124,13.16,13.31,12.97,13.08,5091346,82649912.00
20141125,13.17,13.45,13.17,13.23,4949647,81459184.00
20141126,13.21,13.57,13.18,13.37,4296645,71078392.00
20141127,13.36,13.41,13.09,13.27,4529643,74276016.00
20141128,13.37,13.71,13.29,13.54,6828808,114156160.00
20141201,13.64,13.87,13.05,13.30,4691489,77953400.00
20141202,13.26,13.85,13.15,13.69,6714646,113486032.00
20141203,13.70,13.75,13.17,13.60,5791317,96386224.00
20141204,13.56,13.79,13.49,13.57,4915920,82905680.00
20141205,13.54,13.54,12.50,12.71,5969059,95501928.00
20141208,12.53,12.84,12.43,12.48,3881941,60574460.00
20141209,12.49,12.58,11.76,11.82,5378692,81562720.00
20141210,11.86,12.28,11.85,12.26,3026048,45441160.00
20141211,12.24,12.34,12.10,12.30,2446090,37054060.00
20141212,12.30,12.53,12.16,12.52,3948297,60281444.00
20141215,12.53,12.74,12.38,12.64,2776293,43318056.00
20141216,12.65,12.71,12.35,12.43,3006062,46403792.00
20141217,12.42,12.71,12.29,12.50,3254350,50445508.00
20141218,12.43,12.74,12.29,12.29,3097727,48175092.00
20141219,12.36,12.36,11.51,11.69,4841903,70856392.00
20141222,11.57,11.57,10.60,10.68,3800220,51647496.00
20141223,10.69,11.06,10.55,10.71,2207368,29674248.00
20141224,10.80,11.09,10.79,11.07,2107743,28801730.00
20141225,11.07,11.19,10.96,11.18,1696606,23354256.00
20141226,11.10,11.19,10.95,10.99,1980740,27193580.00
20141229,11.03,11.03,10.38,10.50,3354791,44003344.00
20141230,10.52,10.58,10.20,10.31,2726480,35261708.00
20141231,10.31,10.44,10.14,10.27,2727715,34871376.00
20150105,10.29,10.44,10.04,10.43,2477841,31653700.00
20150106,10.41,10.88,10.32,10.83,3144071,41664592.00
20150107,10.88,10.88,10.55,10.67,2555931,34020564.00
20150108,10.59,10.82,10.57,10.71,2340549,31252308.00
20150109,10.68,10.93,10.58,10.59,2668485,35712316.00
20150112,10.45,10.58,10.26,10.32,1668853,21572688.00
20150113,10.44,10.79,10.31,10.71,2945962,38917640.00
20150114,10.64,10.83,10.57,10.66,2075199,27605014.00
20150115,10.66,10.83,10.62,10.69,1717197,22900274.00
20150116,10.68,11.07,10.64,10.97,3058363,41350336.00
20150119,10.79,11.26,10.48,10.86,3931965,53604804.00
20150120,10.86,11.38,10.86,11.36,4269410,59335512.00
20150121,11.84,12.27,11.74,11.91,7411508,109705264.00
20150122,11.83,13.13,11.81,12.74,9559677,147431568.00
20150123,12.60,12.67,12.28,12.42,4571640,70440288.00
20150126,12.38,12.63,12.32,12.42,3655058,56401508.00
20150127,12.42,12.74,12.26,12.44,3196911,49449184.00
20150128,12.41,12.71,12.31,12.35,3685873,57118972.00
20150129,12.17,12.41,12.10,12.31,2389768,36315988.00
20150130,12.21,12.52,12.20,12.24,2887927,44307492.00
20150202,12.23,12.49,12.14,12.40,1910072,29214688.00
20150203,12.45,13.07,12.40,12.73,5770081,91585448.00
20150204,12.75,12.85,12.63,12.74,2928636,46199852.00
20150205,12.74,13.39,12.64,12.82,6938081,111432328.00
20150206,12.71,12.89,12.06,12.09,3613767,55795284.00
20150209,12.07,12.31,11.72,11.76,2020112,30194022.00
20150210,11.70,12.16,11.70,12.16,1624592,23977344.00
20150211,12.17,12.37,12.05,12.31,2098164,31897162.00
20150212,12.42,12.54,12.30,12.48,2458817,37857148.00
20150213,12.48,12.74,12.48,12.55,2993149,46757760.00
20150216,12.62,13.49,12.59,13.17,6204786,100039664.00
20150217,13.13,13.32,12.85,13.16,3828662,62010724.00
20150225,13.25,13.31,12.79,12.87,3515832,56831644.00
20150226,12.88,13.02,12.63,12.85,2957760,46918120.00
20150227,12.97,13.12,12.85,13.07,4769469,76759632.00
20150302,13.00,13.56,12.96,13.47,6796873,111507272.00
20150303,13.41,13.41,12.93,12.93,5873862,96197648.00
20150304,12.96,13.41,12.92,13.38,5492091,90152688.00
20150305,13.62,14.49,13.58,13.80,9813084,169334992.00
20150306,13.74,13.99,13.19,13.21,6158421,102904704.00
20150309,13.17,13.74,13.00,13.63,4790963,79622176.00
20150310,13.63,13.98,13.46,13.84,5456401,93172712.00
20150311,13.76,14.16,13.44,13.98,5914952,101290264.00
20150312,14.14,14.45,13.66,13.98,6616623,115486432.00
20150313,14.09,14.23,13.79,14.07,4905257,85010464.00
20150316,14.13,14.45,14.07,14.35,5956586,105139656.00
20150317,14.34,14.83,14.23,14.69,9120880,164008544.00
20150318,14.69,15.85,14.57,15.46,9009068,169750576.00
20150319,15.46,15.83,15.19,15.81,7613076,144905376.00
20150320,16.12,16.28,15.56,15.66,6427109,126011768.00
20150323,15.64,16.31,15.56,16.31,7198406,141862816.00
20150324,16.72,16.72,14.64,15.88,9741350,187975184.00
20150325,15.64,15.96,15.23,15.70,7397494,142940944.00
20150326,15.69,16.06,14.99,15.23,6692045,127858664.00
20150327,15.24,15.75,15.24,15.67,4315612,82892624.00
20150330,15.63,15.81,15.17,15.55,4203542,80409368.00
20150331,15.64,16.11,15.42,15.82,6674821,130064816.00
20150401,15.96,16.78,15.77,16.54,7838055,157228688.00
20150402,16.72,16.84,16.23,16.79,6953222,141679520.00
20150403,16.64,18.45,16.56,17.93,9069077,196519232.00
20150407,18.03,18.17,17.61,18.00,6377948,140107376.00
20150408,17.79,18.00,16.39,16.93,7545418,159591216.00
20150409,16.79,18.66,15.56,18.66,13728968,291390912.00
20150410,18.41,19.82,18.29,19.11,11206629,264370944.00
20150413,18.85,19.20,18.41,18.77,8122158,187886864.00
20150414,18.61,19.39,18.21,18.54,6846053,158519360.00
20150415,18.37,19.73,17.71,18.79,9702706,221956400.00
20150416,18.52,19.69,18.06,18.57,6273459,146054032.00
20150417,18.77,18.83,17.70,17.77,7469542,167017952.00
20150420,17.78,18.11,16.72,16.80,6099843,131692960.00
20150421,16.81,17.75,16.73,17.63,4954980,105614504.00
20150422,17.65,18.31,17.65,18.22,9282688,204577088.00
20150423,18.20,18.52,17.88,18.12,6380556,142861936.00
20150424,17.79,18.69,17.46,18.39,8184004,182649344.00
20150427,18.49,18.81,17.89,18.02,6223319,139847888.00
20150428,17.93,18.12,16.76,16.93,6759220,143988976.00
20150429,16.80,18.00,16.77,17.81,5561079,120081912.00
20150430,17.83,18.36,17.63,17.64,4888882,108541736.00
20150504,17.81,18.11,17.17,17.93,4164953,91039544.00
20150505,17.88,18.77,17.71,18.41,6272822,140583888.00
20150506,18.45,19.02,17.85,17.88,8219121,188031984.00
20150507,17.46,17.57,16.53,16.53,5557819,116628952.00
20150508,16.64,17.86,16.64,17.83,6109198,129937640.00
20150511,18.19,19.65,17.88,19.65,10703517,250562880.00
20150512,20.36,20.53,18.93,19.88,12969005,316173152.00
20150513,19.20,20.85,18.87,20.55,9164070,225197184.00
20150514,20.48,21.33,20.07,20.36,5985792,151693680.00
20150515,20.09,21.25,19.78,20.90,7027591,177116848.00
20150518,20.93,23.02,20.77,22.95,8587226,234289168.00
20150519,22.83,23.31,21.87,22.71,7386932,204559632.00
20150520,22.78,23.83,22.47,22.79,5959820,170645776.00
20150527,25.11,25.11,25.11,25.11,288918,8884228.00
20150528,27.65,27.65,27.23,27.65,5772731,195250160.00
20150529,26.14,27.60,24.86,26.21,13226931,420646496.00
20150601,26.14,27.55,25.77,26.58,9403041,306253088.00
20150602,26.39,28.90,25.98,28.45,12139260,406096448.00
20150603,28.27,29.26,27.49,27.57,8590133,296060608.00
20150604,27.79,28.09,24.79,25.31,9690646,305780896.00
20150605,25.79,26.37,24.99,25.27,8352404,262299216.00
20150608,25.31,25.40,23.48,24.34,8349662,248249952.00
20150609,24.38,25.19,24.32,24.83,6797213,206078864.00
20150610,24.78,26.51,23.75,25.99,8678309,271800544.00
20150611,25.87,28.21,25.57,27.82,9448256,310081952.00
20150612,27.06,27.88,26.97,27.39,8863318,297284864.00
20150615,27.30,29.35,26.58,28.21,10456641,357811520.00
20150616,27.95,27.95,25.74,27.18,7298961,240149424.00
20150617,26.97,28.35,25.88,28.23,6556562,218997344.00
20150618,29.00,30.67,26.87,26.93,6920056,247115216.00
20150619,25.73,26.55,24.21,25.87,6678891,204853792.00
20150623,25.23,26.04,23.26,25.31,4335773,131723696.00
20150624,25.73,25.95,24.44,25.37,5821398,162962128.00
20150625,25.19,25.36,22.82,22.82,6744635,178963872.00
20150626,21.68,22.09,20.52,20.52,6279271,144380608.00
20150629,20.73,20.73,18.45,18.45,7102743,149129888.00
20150630,17.73,19.64,16.58,19.15,7842887,156562672.00
20150701,18.90,19.81,17.22,17.22,7340899,153237520.00
20150702,17.04,17.04,15.48,15.48,6536958,116363888.00
20150703,14.86,15.73,13.92,13.92,7445072,118999344.00
20150706,15.33,15.33,12.51,13.45,11823534,179565312.00
20150707,12.61,13.36,12.09,12.09,5309782,73415368.00
20150708,10.86,11.89,10.86,11.50,15196448,188901984.00
20150709,11.36,12.67,11.36,12.67,4221563,57190284.00
20150710,13.95,13.95,13.58,13.95,1475786,22934410.00
20150713,15.37,15.37,15.37,15.37,303293,5189343.00
20150714,16.93,16.93,16.93,16.93,1220620,22972068.00
20150715,16.93,17.64,15.22,15.59,16445182,302412416.00
20150716,15.59,17.17,14.53,17.17,14743504,270968768.00
20150717,17.32,18.91,16.98,18.55,13239473,267515808.00
20150720,18.27,19.86,18.00,19.81,15515911,327991488.00
20150721,19.36,20.05,18.95,19.35,9255046,200184304.00
20150722,19.35,19.80,18.65,19.44,8522152,182634512.00
20150723,19.42,19.80,18.89,19.55,13405364,289377984.00
20150724,19.82,20.72,18.69,19.09,14539437,320405344.00
20150727,18.18,19.26,17.16,17.16,10909777,220394048.00
20150728,15.73,17.05,15.43,15.48,10086389,179409440.00
20150729,15.99,17.05,14.87,17.05,7657890,136219616.00
20150730,17.00,17.80,16.36,16.44,9112467,175375248.00
20150731,15.89,16.98,15.82,16.17,6864106,125037128.00
20150803,15.73,16.00,14.54,14.62,6470807,108375728.00
20150804,14.90,16.10,14.72,16.10,7968349,138678064.00
20150805,16.23,16.64,15.74,16.18,9577589,173267136.00
20150806,15.77,17.04,15.36,16.86,8049820,147924288.00
20150807,17.00,17.77,16.86,17.53,8903548,171437088.00
20150810,17.59,18.89,17.30,18.41,9410041,187934720.00
20150811,18.16,18.66,17.85,18.15,8369791,169911744.00
20150812,17.82,18.20,17.36,17.41,7476283,147919536.00
20150813,17.18,18.11,16.97,18.10,6612306,129154168.00
20150814,18.26,18.63,17.80,18.12,7454283,151216784.00
20150817,17.91,18.41,17.45,18.28,6286203,125304672.00
20150818,18.41,19.00,16.44,16.44,10464260,208830784.00
20150819,15.82,16.87,14.98,16.70,7704021,137113408.00
20150820,16.40,17.35,16.17,16.18,6653276,124327384.00
20150821,15.94,16.34,14.55,14.80,6212724,107204608.00
20150824,14.18,14.35,13.30,13.30,6125362,92407424.00
20150825,12.18,12.94,11.95,11.95,5869275,80437888.00
20150826,12.23,13.14,11.71,12.03,7317238,101138312.00
20150827,12.55,13.25,12.27,13.25,7017347,99446264.00
20150828,13.62,14.45,13.34,14.34,7989994,122832208.00
20150831,13.91,14.09,13.19,13.24,6320284,95979216.00
20150901,13.11,13.20,12.18,12.18,5325895,75383744.00
20150902,11.70,13.42,11.55,12.78,9228035,134432032.00
20150907,13.08,13.81,12.32,12.62,12399485,180732912.00
20150908,12.41,13.90,12.33,13.90,9315756,137641136.00
20150909,14.45,15.31,14.15,14.89,15410566,252221520.00
20150910,14.47,14.89,14.25,14.40,7315312,118198016.00
20150911,14.37,15.03,14.36,14.65,5958214,97345168.00
20150914,14.77,14.91,13.17,13.17,7500145,114750400.00
20150915,12.55,13.43,12.20,12.64,6133089,86918296.00
20150916,12.74,13.92,12.64,13.89,7541545,112483400.00
20150917,13.88,14.85,13.73,13.95,8710490,137760576.00
20150918,14.10,14.82,13.67,14.28,7843449,123725264.00
20150921,14.28,15.25,14.08,15.13,8216364,135819152.00
20150922,15.00,15.27,14.59,15.05,7693975,127994840.00
20150923,14.65,15.54,14.59,15.26,8144934,137506720.00
20150924,15.26,16.07,15.20,15.76,7394781,128547696.00
20150925,15.54,15.65,14.25,15.02,6599632,110072248.00
20150928,15.03,16.01,14.66,15.91,6806720,117834264.00
20150929,15.55,15.93,15.09,15.43,4793921,82868664.00
20150930,15.55,15.67,15.15,15.50,3396022,58454328.00
20151008,16.16,16.56,15.82,16.17,5764948,104031856.00
20151009,16.15,17.32,16.15,16.92,6411502,119501104.00
20151012,17.00,17.87,16.83,17.55,6928079,134322960.00
20151013,17.35,17.65,17.14,17.50,6345456,122711000.00
20151014,17.36,17.51,16.64,16.71,6119655,116185656.00
20151015,16.61,18.15,16.61,18.00,6893622,132895688.00
20151016,18.18,18.45,17.45,18.27,8597993,172036064.00
20151019,18.61,18.92,17.91,18.44,8989469,184229344.00
20151020,18.09,19.15,18.09,18.91,9579189,198041488.00
20151021,18.73,18.73,17.00,17.00,10073819,199641296.00
20151022,17.00,18.30,16.85,18.18,6804743,131906632.00
20151023,18.18,18.64,17.82,18.41,6719051,136566544.00
20151026,18.54,18.69,17.87,18.58,6476849,131549704.00
20151027,18.28,18.59,17.09,18.35,6060066,121599400.00
20151028,18.11,18.95,17.75,17.85,7336461,150260912.00
20151029,18.18,18.30,17.62,18.07,4200951,83977376.00
20151030,17.91,18.72,17.83,18.28,5530759,112519288.00
20151102,17.75,18.24,17.09,17.24,6895280,135520848.00
20151103,17.21,17.50,16.91,17.00,4277997,81558912.00
20151104,17.14,18.25,17.14,18.24,6435665,127511424.00
20151105,18.27,18.92,18.09,18.45,6637672,136620864.00
20151106,20.32,20.32,20.32,20.32,2076978,46835852.00
20151109,22.37,22.37,21.45,22.37,25765612,633930240.00
20151110,21.64,22.35,21.56,21.95,15307179,371278016.00
20151111,22.33,24.17,22.32,23.73,25817216,682229440.00
20151112,22.65,23.62,22.27,23.14,16644865,421471744.00
20151113,22.82,22.82,21.27,21.64,10311917,252108832.00
20151116,21.36,23.55,21.00,23.18,9152975,228345728.00
20151117,23.25,24.90,22.92,24.27,12934361,340259520.00
20151118,23.91,24.14,23.09,23.15,6365853,166538224.00
20151119,23.38,25.49,23.21,25.49,11626663,319175392.00
20151120,26.04,28.05,25.61,27.64,13707493,412392320.00
20151123,26.86,30.27,26.73,28.14,10042413,313064544.00
20151124,27.91,30.97,27.39,30.97,8362900,273549728.00
20151125,33.00,33.00,30.15,31.44,12349894,431181024.00
20151126,30.90,34.51,30.05,32.68,10946112,383923872.00
20151127,31.62,34.35,29.82,30.82,9031676,323087136.00
20151130,30.44,32.98,28.45,31.33,11490385,392723136.00
20151201,30.73,31.36,28.17,28.17,11620604,372237408.00
20151202,27.41,27.95,25.34,26.43,12765309,370487520.00
20151203,26.27,27.57,26.16,27.36,8473241,252288576.00
20151204,27.19,29.64,27.19,27.78,10923935,343397312.00
20151207,28.18,29.29,27.24,28.95,7014579,221176624.00
20151208,29.18,29.82,27.94,28.23,5806167,185842848.00
20151209,27.86,28.33,26.11,26.57,7380644,221446480.00
20151210,26.53,27.78,25.75,26.39,6611382,196231872.00
20151211,26.46,28.89,25.91,27.70,9786831,297914048.00
20151214,27.18,28.82,26.11,28.59,7704471,232149968.00
20151215,28.53,30.91,28.11,29.72,7551609,249497136.00
20151216,30.01,31.63,29.45,29.82,8076894,273460640.00
20151217,29.82,31.05,29.54,30.91,8140367,273506432.00
20151218,30.73,31.60,29.82,30.45,5592900,189466576.00
20151221,30.00,30.65,29.26,29.60,7875509,260155456.00
20151222,29.66,31.82,29.39,31.36,7698799,264374144.00
20151223,31.00,33.14,30.89,31.17,8098309,287709248.00
20151224,31.38,34.16,31.38,33.89,9012937,327128992.00
20151225,34.36,36.92,33.65,36.27,9100599,357186432.00
20151228,36.18,37.54,34.82,36.73,8852692,353085664.00
20151229,36.18,36.53,34.73,35.33,7629568,298709440.00
20151230,35.18,38.88,34.18,38.88,7788133,313156672.00
20151231,38.79,40.00,35.25,35.91,11647556,488336256.00
20160104,34.53,36.18,32.30,32.30,6550555,248554544.00
20160105,29.23,34.33,29.22,32.64,10067080,354290272.00
20160106,32.55,33.72,31.21,32.86,6278091,225067152.00
20160107,31.82,31.87,29.56,29.56,1312300,44037124.00
20160108,30.35,30.43,26.73,27.84,8959426,281783104.00
20160111,26.43,26.91,25.04,25.04,7741822,218722656.00
20160112,25.27,26.60,24.15,26.27,10785250,307787392.00
20160113,26.64,27.19,24.82,26.98,8151914,236416016.00
20160114,25.73,29.70,24.82,29.63,6892864,213671680.00
20160115,29.04,32.51,29.00,30.19,10059691,340896448.00
20160118,30.09,32.09,29.69,31.31,5723005,198936240.00
20160119,30.82,33.45,29.83,33.00,6333649,220988112.00
20160120,32.36,33.64,31.33,32.89,6832999,247252864.00
20160121,32.21,33.16,29.58,29.58,6615465,230489056.00
20160122,28.91,29.58,26.62,28.91,7971232,249972784.00
20160125,28.90,30.14,28.27,29.23,4209030,136275856.00
20160126,28.55,28.94,26.29,26.29,4349211,131770808.00
20160127,25.64,26.36,23.65,24.41,6098940,163875424.00
20160128,23.98,24.44,21.95,21.95,4104961,105988232.00
20160129,21.64,24.15,21.00,23.60,4727654,119717464.00
20160201,23.33,25.00,23.09,24.21,3912202,104994056.00
20160202,23.91,26.09,23.91,25.55,3410286,96208584.00
20160203,25.27,27.05,24.72,26.67,3411335,98985408.00
20160204,26.67,27.50,26.11,26.67,3313531,98534208.00
20160205,26.96,27.55,26.09,26.15,2186817,64867720.00
20160215,24.95,26.64,24.39,26.15,1830692,52300908.00
20160216,26.50,28.79,26.29,28.79,5192278,162616976.00
20160217,29.30,30.41,28.79,30.25,4614322,151908976.00
20160218,30.25,30.27,28.48,28.82,3690556,120245064.00
20160219,28.81,30.25,28.64,29.52,3520779,114628664.00
20160222,29.91,30.09,28.91,29.55,4309883,139778784.00
20160223,29.54,29.54,28.27,28.76,3137876,100093920.00
20160224,28.63,29.15,26.64,27.45,5642535,173087904.00
20160225,27.60,27.63,24.69,24.69,5491326,155003152.00
20160226,24.49,25.54,23.73,24.15,6801922,184126032.00
20160229,23.55,23.93,21.72,21.72,5340717,130536208.00
20160301,21.55,22.44,20.28,22.32,8063982,191946192.00
20160302,22.27,23.69,21.82,23.36,7708782,194518544.00
20160303,23.07,24.25,23.07,23.10,6610460,172786928.00
20160304,22.60,23.03,20.77,20.77,7852203,188400992.00
20160307,21.10,22.11,20.74,21.17,5531225,131974696.00
20160308,21.07,23.03,19.44,22.40,9172221,215080672.00
20160309,21.77,23.34,21.37,22.63,7044627,177572576.00
20160310,22.65,22.97,21.45,22.00,4394394,107895336.00
20160311,21.46,22.00,21.18,21.73,3839985,91711840.00
20160314,22.18,23.76,22.04,23.40,5712314,147208960.00
20160315,23.32,24.25,23.09,23.35,4990756,131152936.00
20160316,23.96,24.22,23.10,23.28,5712862,150051600.00
20160317,23.44,25.18,23.25,24.84,8975460,243016192.00
20160318,24.99,27.08,24.92,26.55,7309560,210666288.00
20160321,27.09,28.28,26.53,27.25,7505194,226318368.00
20160322,27.18,28.55,26.41,27.31,6771363,206084608.00
20160323,26.65,27.50,26.52,27.20,4947136,147436560.00
20160324,26.62,28.02,26.03,26.45,6924375,207336336.00
20160325,26.35,26.81,25.57,26.09,5290984,152607664.00
20160328,26.23,27.43,26.00,26.27,5412832,160656608.00
20160329,26.00,26.25,24.18,25.05,5655014,157758816.00
20160330,25.20,27.58,25.20,27.58,4237801,125835144.00
20160331,30.35,30.35,28.73,29.27,12832169,419404768.00
20160401,29.41,30.36,28.45,28.85,7794193,252548656.00
20160405,29.18,31.75,29.04,31.75,7976094,274091072.00
20160406,33.09,33.09,31.37,31.89,11251231,401245632.00
20160407,32.00,35.00,31.41,33.45,11350004,417300192.00
20160408,32.47,33.18,31.73,32.47,6917858,248774864.00
20160411,33.24,33.91,32.23,33.37,5478674,200370208.00
20160412,33.00,33.18,30.85,31.75,6174542,217737488.00
20160413,32.17,34.91,31.52,34.45,7862664,290793024.00
20160414,34.29,34.79,33.56,34.47,4295178,162416784.00
20160415,34.32,36.05,33.95,34.36,5225710,201951456.00
20160418,33.32,34.89,33.01,34.84,4950310,185138704.00
20160419,34.98,36.90,34.85,35.41,5070628,201014976.00
20160420,35.03,36.16,31.95,32.88,8437297,317044128.00
20160421,32.55,33.82,32.05,32.14,4881307,177470848.00
20160422,31.87,35.23,31.79,34.36,7479523,281119712.00
20160425,34.18,35.32,33.45,34.18,5841068,222371408.00
20160426,33.50,34.94,32.60,34.94,7082431,263931328.00
20160427,34.59,38.00,34.57,36.71,9741524,392474784.00
20160428,36.71,38.35,35.53,38.32,8604615,353749632.00
20160429,38.26,39.94,37.09,39.01,7145993,304671968.00
20160503,38.82,42.93,38.05,42.93,9776662,441077184.00
20160504,44.42,47.24,43.45,47.24,8894760,449963488.00
20160505,50.73,50.73,46.82,47.44,18405347,979819136.00
20160506,47.61,49.67,46.20,47.12,15663265,825379840.00
20160509,45.67,46.43,42.74,44.37,15771695,773012672.00
20160510,44.45,45.15,41.80,42.46,13366114,641922752.00
20160511,43.00,43.01,40.05,40.95,13957478,643937344.00
20160512,39.96,44.09,39.36,42.74,15822452,735116544.00
20160513,42.09,46.26,41.65,44.31,14084362,687464000.00
20160516,43.31,47.09,42.92,46.29,10654889,534403040.00
20160517,45.82,48.45,44.36,44.39,11717915,596905536.00
20160518,42.55,43.91,40.73,42.75,9517278,445650464.00
20160519,43.09,47.05,43.09,46.35,14540031,739894592.00
20160520,44.56,48.00,44.23,46.04,12956049,663079040.00
20160523,45.36,50.18,45.09,48.45,14349719,744441472.00
20160524,47.83,48.30,46.42,47.56,9638377,504468448.00
20160525,48.27,49.42,46.77,47.53,9585801,508291232.00
20160526,46.59,47.45,45.19,46.95,9670316,492237696.00
20160527,46.78,49.07,46.55,47.38,12534743,664555840.00
20160530,46.14,46.14,42.63,42.68,16821076,818696704.00
20160531,41.78,44.08,41.78,43.85,12035346,575955008.00
20160601,43.82,46.73,43.51,45.26,13616807,684215744.00
20160602,44.68,46.17,44.36,44.95,10666709,529532032.00
20160603,45.27,45.73,43.55,43.91,10097296,495573408.00
20160606,44.98,46.53,44.45,46.32,14326833,722335616.00
20160607,46.55,48.23,46.00,46.61,13315137,691134912.00
20160608,45.97,46.05,44.82,45.30,10277862,514961984.00
20160613,44.27,47.89,43.73,44.00,15212736,774984832.00
20160614,44.12,44.89,39.58,40.85,15742164,720347904.00
20160615,39.82,43.57,39.58,42.51,10833231,504290144.00
20160616,42.35,45.16,42.18,43.54,12267657,596599040.00
20160617,43.63,45.26,42.54,45.24,13386200,647943360.00
20160620,45.45,47.68,44.36,46.01,13720993,699448704.00
20160621,46.65,48.32,45.09,45.77,13360020,690166400.00
20160622,45.85,50.37,45.48,50.37,18739677,1001974528.00
20160623,51.41,52.16,47.89,48.18,20592992,1135961856.00
20160624,47.91,51.64,45.57,49.36,15333550,830608384.00
20160627,49.01,51.14,48.45,50.25,10935529,601593792.00
20160628,49.82,53.45,47.71,52.30,16861332,935071680.00
20160629,51.89,52.95,50.89,51.17,12809284,730556352.00
20160630,51.00,51.81,47.82,48.39,12295043,670605056.00
20160701,47.85,49.09,47.18,47.66,7536046,398721600.00
20160704,47.89,48.54,47.10,48.11,5808085,308467008.00
20160705,48.45,48.89,46.98,47.75,6667462,352080064.00
20160706,47.45,48.18,47.31,47.48,5217603,274886144.00
20160707,48.15,50.14,47.62,50.14,13736117,741669248.00
20160708,50.35,50.35,48.64,48.64,7768130,423105120.00
20160711,47.72,48.27,44.83,45.29,11527008,591840512.00
20160712,45.28,46.53,44.00,45.98,7385344,368170592.00
20160713,47.00,47.74,46.10,46.67,6922958,324807136.00
20160714,46.28,47.20,46.27,46.66,5088063,237835824.00
20160715,46.80,46.98,45.15,45.47,5827279,266985424.00
20160718,45.05,46.90,43.00,46.20,9289243,418536160.00
20160719,46.00,46.95,45.00,46.86,6365987,294368544.00
20160720,46.74,48.16,46.57,46.89,7660200,361953216.00
20160721,46.30,46.95,45.88,45.94,5829694,270175648.00
20160722,45.63,46.35,45.00,45.07,4308238,196591120.00
20160725,44.68,45.88,44.01,44.90,4560658,205423552.00
20160726,44.90,45.60,44.77,45.10,2963124,133636656.00
20160727,45.10,45.30,40.59,41.50,11814922,498086368.00
20160728,41.10,41.37,38.37,39.61,7228371,287824864.00
20160729,39.50,40.61,39.50,39.58,4273656,171175152.00
20160801,38.85,40.57,37.58,40.15,5875315,230857296.00
20160802,39.96,40.74,39.88,40.11,3521892,141841664.00
20160803,40.00,40.34,39.40,39.73,3631692,144621344.00
20160804,39.83,41.68,39.60,40.65,6577904,268124480.00
20160805,40.55,40.85,39.48,39.49,3809124,152736736.00
20160808,39.48,39.76,38.28,39.70,3330227,130233016.00
20160809,39.85,40.85,39.56,40.59,4179119,168767392.00
20160810,40.68,42.20,40.68,40.80,6598761,273460256.00
20160811,40.30,40.79,38.92,38.97,4940429,196117552.00
20160812,38.66,39.49,38.64,39.20,2901253,113348504.00
20160815,39.21,42.15,38.60,41.12,7364781,300040608.00
20160816,41.00,41.37,40.77,40.95,4806909,197347328.00
20160817,41.05,41.93,40.88,41.01,3942296,162785600.00
20160818,40.95,41.82,40.61,41.65,5326889,219443872.00
20160819,41.79,41.79,40.88,40.95,4354929,179759488.00
20160822,40.65,40.65,39.21,39.26,3824856,152507552.00
20160823,39.28,39.86,39.20,39.45,2238922,88394712.00
20160824,39.60,41.45,39.60,40.80,6139146,250216528.00
20160825,40.79,40.79,39.40,40.25,3772984,150752976.00
20160826,40.20,41.58,40.01,40.59,5031582,205893376.00
20160829,40.50,41.45,40.09,40.71,3410325,139319648.00
20160830,41.45,44.58,41.41,42.60,11191021,481515040.00
20160831,41.97,42.38,41.02,41.43,6032077,250366992.00
20160901,41.25,42.10,41.08,41.21,4620607,192246576.00
20160902,41.16,41.16,39.88,40.00,4621925,186820528.00
20160905,40.79,41.22,40.36,40.55,2997619,122165384.00
20160906,40.61,41.20,39.62,41.08,4478732,181305088.00
20160907,41.30,41.88,40.50,40.59,4400177,181007184.00
20160908,40.35,40.39,39.80,40.01,3396371,135785328.00
20160909,40.05,40.30,39.33,39.36,3520287,139463680.00
20160912,38.40,38.47,36.10,36.15,7132038,265120160.00
20160913,36.50,36.70,35.83,36.03,4067360,146829280.00
20160914,35.70,36.30,35.67,35.90,3054944,109935952.00
20160919,36.79,36.79,35.89,36.20,2703174,97670376.00
20160920,36.20,36.80,36.00,36.11,2162176,78354176.00
20160921,36.18,36.18,35.35,35.96,3710130,132751064.00
20160922,36.58,36.80,36.20,36.45,3954754,143880032.00
20160923,36.60,37.66,36.50,37.02,6345219,235891056.00
20160926,36.80,36.80,34.88,34.90,5248211,187709696.00
20160927,34.50,34.97,33.70,34.67,4432097,151857360.00
20160928,34.60,34.97,34.28,34.84,2841312,98447672.00
20160929,34.95,34.98,34.35,34.37,3448781,119321136.00
20160930,34.12,35.08,34.00,34.99,2511255,87097272.00
20161010,35.14,38.49,35.14,37.80,9447254,349509216.00
20161011,37.75,38.14,37.06,37.34,5689103,213465232.00
20161012,37.18,37.62,36.80,37.28,2748198,102189976.00
20161013,37.27,37.65,36.72,37.06,2711712,100497272.00
20161014,36.97,37.70,36.71,37.41,3326295,124153600.00
20161017,37.45,37.63,36.36,36.40,4029193,148800720.00
20161018,36.68,37.79,36.30,37.50,5080105,189714688.00
20161019,37.80,38.12,37.00,37.69,4437515,167021872.00
20161020,37.85,40.34,37.85,39.44,9835327,387056992.00
20161021,38.90,39.15,38.06,38.46,4856405,187146032.00
20161024,38.56,38.66,37.70,38.40,3810226,145426672.00
20161025,38.40,38.72,38.08,38.44,2802416,107649840.00
20161026,38.37,38.37,37.20,37.52,3863820,145663968.00
20161027,37.69,38.02,37.21,37.93,2229688,84060656.00
20161028,38.29,39.34,38.04,38.06,4935596,190617152.00
20161031,37.71,39.36,37.40,39.09,6001376,233556688.00
20161101,38.73,39.52,38.70,39.11,4443653,173621152.00
20161102,39.12,40.69,38.81,40.16,8888495,355775456.00
20161103,39.86,40.41,39.55,39.85,6030701,241414720.00
20161104,39.89,40.00,38.80,38.85,4357546,171234064.00
20161107,38.78,39.18,37.88,38.87,3365291,129412672.00
20161108,39.11,39.62,38.78,38.93,2421997,94900656.00
20161109,38.85,39.09,37.66,38.27,3379457,129840928.00
20161110,39.18,39.40,38.22,38.71,2835501,109603848.00
20161111,39.00,39.58,38.50,39.25,3917136,153119088.00
20161114,39.42,40.30,39.12,39.48,4470238,177426576.00
20161115,39.80,42.00,39.40,41.43,10714213,441274496.00
20161116,41.42,43.32,41.00,42.42,12091174,515105632.00
20161117,41.82,42.07,41.00,41.17,5069892,209869472.00
20161118,41.18,41.47,40.63,40.90,3059479,125285848.00
20161121,40.86,41.20,40.60,41.04,2697814,110254480.00
20161122,41.09,41.38,40.69,41.17,3595415,147600464.00
20161123,41.29,41.40,40.30,40.51,3033391,124062304.00
20161124,40.37,40.37,39.20,39.33,3627237,144554656.00
20161125,39.31,39.93,38.25,39.92,3281459,128471896.00
20161128,39.93,39.98,39.00,39.05,2231496,87525744.00
20161129,39.19,39.36,38.30,38.37,2437844,94434008.00
20161130,37.92,39.09,37.92,38.67,1941349,75222768.00
20161201,38.40,38.75,38.29,38.49,1761858,67652368.00
20161202,38.55,38.69,36.66,36.71,4031088,150664656.00
20161205,36.75,37.37,36.60,37.01,2171963,80240664.00
20161206,37.55,37.90,36.80,37.03,2232479,83041928.00
20161207,37.08,37.44,36.40,37.28,2582224,95127272.00
20161208,38.50,38.50,36.67,36.76,2078694,77245520.00
20161209,36.90,36.99,36.01,36.07,2125957,77409288.00
20161212,36.11,36.15,32.46,32.48,4807021,163568128.00
20161213,32.40,32.45,31.30,32.11,2915496,93305384.00
20161214,32.00,33.70,31.60,33.60,4869250,158923168.00
20161215,33.60,35.22,33.31,34.62,7224540,247267488.00
20161216,34.49,35.86,33.83,34.29,4388101,152004736.00
20161219,33.90,34.10,33.00,33.12,3128858,104607456.00
20161220,33.38,34.68,33.28,34.05,4528786,154155184.00
20161221,34.39,34.98,34.08,34.45,3341970,115107264.00
20161222,34.45,34.45,33.76,34.02,1913826,65104848.00
20161223,34.10,34.49,33.52,33.70,2315984,78707120.00
20161226,33.70,33.95,32.48,33.87,2418878,80329576.00
20161227,33.81,34.25,33.60,33.66,2043850,69315408.00
20161228,33.80,33.97,33.26,33.26,1540300,51861104.00
20161229,33.06,33.88,33.06,33.36,1718057,57699396.00
20161230,33.53,33.60,33.00,33.40,1577963,52508444.00
20170103,34.30,36.66,34.30,35.50,6631475,236134608.00
20170104,35.51,36.57,35.30,35.97,5804557,208856032.00
20170105,35.97,35.97,35.17,35.18,3604498,127677736.00
20170106,35.30,35.50,34.05,34.37,4677161,161271920.00
20170109,34.37,34.80,34.19,34.73,2408793,83224344.00
20170110,34.71,34.88,34.00,34.10,2195485,75472272.00
20170111,33.95,34.37,33.22,33.37,2373539,80110656.00
20170112,33.48,34.12,33.40,33.74,1978958,66660052.00
20170113,34.16,35.19,33.70,33.78,4798103,165955808.00
20170116,33.00,33.78,30.80,32.48,4821306,157091056.00
20170117,32.02,33.47,31.50,33.30,3417622,111710680.00
20170118,32.67,33.29,32.46,32.58,2271806,74472912.00
20170119,32.30,32.90,31.80,32.52,1696525,54909084.00
20170120,32.45,34.34,32.45,34.25,4583550,154054544.00
20170123,34.15,34.68,34.10,34.35,3465893,118962416.00
20170124,34.30,35.28,34.30,34.66,4042098,140730944.00
20170125,34.14,36.13,34.14,35.45,4681018,165203184.00
20170126,35.92,35.92,35.15,35.43,2080201,73816104.00
20170203,35.58,36.50,35.34,35.82,2920169,104693376.00
20170206,35.81,36.00,34.89,36.00,3360482,118991456.00
20170207,35.60,36.25,35.33,35.60,2833793,101272648.00
20170208,35.44,36.23,35.19,35.80,3076122,109798528.00
20170209,35.70,36.63,35.48,36.61,4683219,168837184.00
20170210,36.44,36.49,35.70,35.72,3588456,129134888.00
20170213,35.47,36.05,35.03,35.70,3292895,117318024.00
20170214,35.77,36.20,35.56,35.81,2467039,88564120.00
20170215,36.33,37.20,35.32,35.57,5999165,218405408.00
20170216,35.20,35.83,35.17,35.72,3059892,108744248.00
20170217,35.78,35.80,35.00,35.26,2463514,86938008.00
20170220,35.44,35.49,34.62,35.05,3254251,113684744.00
20170221,35.18,35.99,34.92,35.89,3699286,131914888.00
20170222,35.91,36.47,35.61,36.33,4142670,149352720.00
20170223,36.12,36.74,35.80,36.10,3453411,125008128.00
20170224,35.93,36.60,35.93,36.47,3302672,120097296.00
20170227,36.95,37.36,36.30,36.40,3707076,136378144.00
20170228,36.40,36.66,36.03,36.43,2638505,95691328.00
20170301,36.23,37.16,36.20,36.64,3576013,131258120.00
20170302,37.08,37.48,36.70,37.16,4449973,165208784.00
20170303,37.00,40.88,36.82,39.21,11799000,462213984.00
20170306,38.89,40.50,38.88,39.59,8702708,343996064.00
20170307,39.18,42.50,39.13,41.02,13170032,540920832.00
20170308,41.00,41.59,40.25,40.82,6545910,266951088.00
20170309,40.61,41.25,39.85,40.76,6614291,267889936.00
20170310,40.76,40.97,40.16,40.46,4376915,177027696.00
20170313,40.21,41.50,40.20,40.88,6397203,261709888.00
20170314,41.01,41.80,40.28,40.61,5557860,228224912.00
20170315,40.46,40.96,39.65,39.74,5499438,221133536.00
20170316,39.80,41.40,39.80,41.29,7572063,307780800.00
20170317,41.35,41.48,39.31,39.42,7575405,307576256.00
20170320,39.20,40.12,38.90,40.03,5125227,202827488.00
20170321,40.03,40.33,39.34,39.52,3987321,158469440.00
20170322,39.20,41.75,39.12,40.75,8096002,330405440.00
20170323,40.56,40.95,39.51,40.06,5669466,228128688.00
20170324,40.22,41.33,39.71,41.16,7087605,288847200.00
20170327,41.38,42.50,40.51,40.82,6448292,267352096.00
20170328,40.56,41.78,40.48,41.35,6062669,250067776.00
20170329,41.71,42.38,38.92,39.35,8727962,354353696.00
20170330,39.20,39.97,37.60,37.77,7728512,299362656.00
20170331,37.77,38.49,37.43,38.20,3641120,138178816.00
20170405,37.94,39.69,37.88,39.40,4514944,176685776.00
20170406,39.29,40.12,39.00,39.18,3323569,131049056.00
20170407,39.20,39.98,39.11,39.43,3030546,119881336.00
20170410,39.23,39.23,37.35,37.55,5229694,199149056.00
20170411,37.34,37.90,35.65,37.13,6402352,236093056.00
20170412,37.13,37.84,36.63,36.80,3742144,139232576.00
20170413,36.72,37.32,36.40,36.56,2506413,92296232.00
20170414,36.62,36.70,35.57,35.65,4120536,147983520.00
20170417,35.18,35.99,34.89,35.35,2668203,94491048.00
20170418,35.40,35.75,34.51,34.51,2645147,92873544.00
20170419,34.50,35.13,33.90,35.07,3216508,111202512.00
20170420,34.98,35.30,34.60,35.20,2467125,86143040.00
20170421,35.18,35.65,34.90,34.91,2497460,88005680.00
20170424,34.80,35.65,34.10,35.28,3153950,110371128.00
20170425,35.36,35.60,34.59,35.15,3837400,134594096.00
20170426,35.00,36.48,34.85,36.18,6058504,217821616.00
20170427,36.16,37.38,35.70,37.07,5584615,204092880.00
20170428,37.00,37.20,36.69,36.90,3283544,121093528.00
20170502,37.08,37.47,36.56,37.07,3228423,119665720.00
20170503,36.92,37.25,36.55,36.90,2836459,104471512.00
20170504,36.70,37.06,35.80,35.90,3879313,141786704.00
20170505,35.70,36.35,35.36,35.37,3217624,115537384.00
20170508,35.37,36.94,35.08,35.45,3828652,138143088.00
20170509,35.50,37.45,35.43,37.42,7455720,274139232.00
20170510,37.43,38.40,36.72,36.86,7212108,271215296.00
20170511,36.60,37.98,36.45,37.97,6947319,260020448.00
20170512,38.01,38.20,37.36,38.00,4173012,157497264.00
20170515,38.08,38.29,37.65,37.72,3191355,121015984.00
20170516,37.44,39.40,37.06,39.40,8128747,314344224.00
20170517,39.28,39.67,38.80,38.94,4437714,173941312.00
20170518,38.65,39.28,38.07,38.44,3660750,141317232.00
20170519,38.50,38.87,37.95,38.38,3083479,118226080.00
20170522,38.34,38.69,35.80,35.82,6787219,251643984.00
20170523,35.59,36.10,32.83,33.44,7918428,271587424.00
20170524,33.30,34.95,33.15,34.17,4714676,161089024.00
20170525,34.25,34.67,33.38,34.18,3885475,132035896.00
20170526,34.15,34.57,33.92,34.08,2574777,88121296.00
20170531,34.78,34.90,33.81,33.81,2426297,83312440.00
20170601,33.60,34.22,32.73,32.98,3059225,102018424.00
20170602,32.65,33.98,32.65,33.60,2578369,85783856.00
20170605,33.91,34.36,33.71,34.03,2537825,86445072.00
20170606,33.82,34.19,33.42,33.77,1874730,63331964.00
20170607,33.66,35.18,33.65,34.94,4134674,143510416.00
20170608,34.83,35.25,34.43,34.93,3843276,134020696.00
20170609,34.88,35.15,34.65,35.01,2401070,83825632.00
20170612,34.74,34.77,33.70,33.75,3541556,120602592.00
20170613,31.68,32.25,30.51,31.26,12896785,401890272.00
20170614,30.84,31.44,30.75,30.88,4193246,130294408.00
20170615,30.88,31.74,30.66,31.52,4067665,127871280.00
20170616,31.45,31.87,31.13,31.20,2110202,66195620.00
20170619,31.11,31.80,31.00,31.74,2410515,75975400.00
20170620,31.72,32.58,31.72,31.97,3878105,125014568.00
20170621,31.90,32.32,31.63,32.00,2223211,70949688.00
20170622,32.08,32.08,31.02,31.34,2561530,81238472.00
20170623,31.43,31.70,30.59,31.05,3574525,110788712.00
20170626,31.02,32.18,30.68,31.87,3717952,117305464.00
20170627,31.90,32.18,31.70,31.91,2438693,77929056.00
20170628,31.72,31.87,31.22,31.29,2008812,63320068.00
20170629,31.50,31.78,31.25,31.54,1870526,59023020.00
20170630,31.45,31.95,31.31,31.70,1729824,54872296.00
20170703,31.83,32.52,31.76,32.38,3026705,97754728.00
20170704,32.38,32.60,32.04,32.37,2297179,74178008.00
20170705,32.40,32.49,32.20,32.46,1993076,64487800.00
20170706,32.31,33.19,32.25,33.00,4097102,134480928.00
20170707,32.87,33.00,32.30,32.62,3421617,111677384.00
20170710,32.46,32.46,31.60,31.63,2948247,94315560.00
20170711,31.81,32.30,31.15,31.19,2957699,93974624.00
20170712,31.06,31.52,30.74,31.39,2998927,93073112.00
20170713,31.21,31.40,29.68,29.82,6958169,212008208.00
20170714,29.95,30.02,29.16,29.52,4682176,138534848.00
20170717,29.00,29.14,26.93,26.98,6057388,168751264.00
20170718,27.10,27.59,26.84,27.47,3909234,106525960.00
20170719,27.27,27.60,26.90,27.58,3316531,90394032.00
数据来源:通达信
