300362 天翔环境 日线 前复权
      日期	    开盘	    最高	    最低	    收盘	    成交量	    成交额
20140121,4.65,5.68,4.65,5.68,5582538,95646416.00
20140122,5.87,6.27,5.87,6.27,13130415,246806288.00
20140123,6.62,6.92,6.55,6.92,19452290,401693568.00
20140124,6.86,7.64,6.64,7.34,18017417,398461600.00
20140129,7.20,7.20,6.58,6.58,13115576,270175232.00
20140130,6.39,6.57,6.11,6.26,7947463,154185456.00
20140207,6.21,6.47,6.14,6.41,6067230,117892712.00
20140210,6.41,7.07,6.36,7.01,9925348,204892688.00
20140211,6.87,7.16,6.42,7.04,9852355,207067680.00
20140212,7.15,7.76,6.89,7.76,11437393,264568800.00
20140213,7.76,8.39,7.62,7.94,13742920,333454976.00
20140214,7.78,8.75,7.64,8.62,10706873,268582144.00
20140219,8.93,9.51,8.62,8.75,12830072,352308768.00
20140220,8.75,9.09,8.14,8.37,9697903,251435360.00
20140221,8.14,8.42,7.85,8.21,6405892,157718048.00
20140224,8.12,8.45,8.08,8.30,4463451,111537800.00
20140225,8.43,8.75,7.45,7.54,8037354,201011040.00
20140226,7.25,7.30,6.78,7.23,5149021,111434736.00
20140227,7.22,7.57,6.87,6.89,5147186,112314720.00
20140228,6.85,7.61,6.76,7.61,6446593,142609232.00
20140304,8.39,8.39,7.92,8.39,10075599,253832128.00
20140305,8.66,8.89,8.02,8.20,10438676,267250880.00
20140306,8.06,9.05,7.81,9.05,8988996,230645520.00
20140307,9.10,9.95,8.87,9.20,13407014,379499104.00
20140310,8.72,9.70,8.72,9.27,10093543,285034368.00
20140311,9.08,9.24,8.37,8.88,7925959,210849680.00
20140312,8.75,8.88,8.09,8.36,7326616,187456608.00
20140313,8.34,8.58,8.02,8.24,5502415,138045824.00
20140314,8.02,8.35,7.82,8.07,5304936,130362800.00
20140317,8.07,8.29,7.92,8.17,4191650,103147888.00
20140318,8.13,8.66,8.02,8.29,6006992,152073600.00
20140319,8.19,8.19,7.83,7.98,5048462,122256456.00
20140320,7.85,7.97,7.58,7.59,4064501,95619296.00
20140321,7.51,7.77,7.42,7.71,3065195,70807016.00
20140324,7.65,7.78,7.20,7.24,4229557,95791224.00
20140325,7.10,7.39,7.00,7.22,2677205,58589216.00
20140326,7.19,7.36,7.14,7.15,2399260,52792076.00
20140327,7.16,7.16,6.66,6.67,3286642,68740616.00
20140328,6.69,7.15,6.43,6.85,4390734,90950728.00
20140331,6.79,6.96,6.52,6.68,2113402,43408044.00
20140401,6.59,7.01,6.59,6.99,2866556,60191632.00
20140402,6.94,7.27,6.71,7.20,3764709,79908296.00
20140403,7.05,7.50,7.01,7.19,4290613,94958200.00
20140404,7.07,7.25,6.97,7.05,2387383,51335624.00
20140408,6.96,7.31,6.77,7.20,3282558,70889360.00
20140409,7.19,7.94,7.09,7.94,5096165,116415912.00
20140410,8.18,8.76,8.18,8.76,13390060,348056608.00
20140411,8.59,8.69,8.14,8.50,10785846,276078848.00
20140414,8.54,8.73,8.33,8.40,6677143,171794768.00
20140415,8.40,8.46,7.94,8.07,5760646,141093120.00
20140416,7.94,8.10,7.59,7.72,6159782,145348112.00
20140417,7.74,8.42,7.63,8.02,7964230,193636240.00
20140418,7.91,7.97,7.64,7.72,4659557,109994488.00
20140421,7.54,8.05,7.51,7.71,5572185,132988048.00
20140422,7.51,7.73,7.29,7.66,4246518,96626984.00
20140423,7.49,7.80,7.41,7.43,3526265,80987024.00
20140424,7.39,7.54,7.03,7.10,3896644,85785104.00
20140425,7.01,7.26,6.93,6.97,2760566,59704688.00
20140428,6.87,6.96,6.39,6.40,3159222,63765856.00
20140429,6.44,6.74,6.41,6.69,2917180,58958164.00
20140430,6.61,6.96,6.61,6.86,2886900,59810148.00
20140505,6.85,7.13,6.68,7.09,2783938,58996952.00
20140506,7.15,7.83,7.15,7.83,2339843,54043960.00
20140507,8.24,8.32,7.97,8.03,9362133,230318880.00
20140508,7.97,8.06,7.55,7.56,5780294,136138480.00
20140509,7.49,7.71,7.22,7.25,4090271,92351968.00
20140512,7.29,7.52,7.10,7.50,4008375,89787160.00
20140513,7.51,7.73,7.37,7.41,3611374,82709152.00
20140514,7.33,7.73,7.20,7.68,4253042,96934808.00
20140515,7.57,7.96,7.54,7.54,5085889,119248344.00
20140516,7.43,7.43,6.90,7.02,3956475,85897936.00
20140519,6.91,7.12,6.86,7.07,1903481,40569572.00
20140520,7.27,7.80,7.27,7.48,6147995,141952592.00
20140521,7.37,7.52,7.27,7.48,3315320,74355624.00
20140522,7.50,7.61,7.33,7.33,2947282,66948036.00
20140523,7.37,7.69,7.33,7.62,3953190,90680704.00
20140526,7.57,7.80,7.48,7.78,3662475,84340488.00
20140527,7.73,7.77,7.51,7.55,2987494,69117048.00
20140528,7.52,7.83,7.52,7.77,3722298,87192608.00
20140529,7.71,7.85,7.56,7.61,3393410,79240560.00
20140530,7.62,7.74,7.35,7.41,2718547,61937812.00
20140603,7.44,7.55,7.38,7.44,1476327,33504296.00
20140604,7.40,7.80,7.38,7.64,3534405,82044096.00
20140605,7.51,7.62,7.42,7.60,2180442,49810444.00
20140606,7.60,7.76,7.53,7.54,2993160,69513264.00
20140609,7.51,7.51,7.31,7.36,1708140,38322844.00
20140610,7.61,8.12,7.61,8.12,8747657,213156288.00
20140611,8.25,8.49,7.98,8.02,11425847,285443072.00
20140612,7.98,8.00,7.77,7.88,5094162,121576872.00
20140613,7.85,8.11,7.85,7.95,4981718,120853136.00
20140616,7.87,8.29,7.83,8.17,5190187,127970736.00
20140617,8.12,8.12,7.89,7.92,3158624,76302664.00
20140618,7.91,8.00,7.67,7.72,2653755,63065620.00
20140619,7.68,7.80,7.00,7.07,3646861,81586672.00
20140620,7.07,7.35,7.05,7.34,2393253,52608372.00
20140623,7.34,7.77,7.32,7.66,3423291,79172272.00
20140624,7.62,7.81,7.61,7.68,2718196,63516524.00
20140625,7.70,8.05,7.61,7.96,5302330,127485824.00
20140626,8.04,8.67,7.95,8.58,8890498,225877056.00
20140627,8.51,8.52,8.20,8.31,6073374,153229840.00
20140630,8.32,8.36,8.12,8.22,3264096,81236136.00
20140701,8.21,8.40,8.13,8.30,3585970,89841856.00
20140702,8.27,8.30,7.93,8.10,3840522,93964232.00
20140703,8.04,8.16,8.00,8.05,2855180,69924824.00
20140704,8.01,8.72,8.01,8.41,7176631,182651168.00
20140707,8.36,8.36,8.16,8.21,3514801,87726760.00
20140708,8.20,8.34,8.05,8.26,2912459,72317776.00
20140709,8.27,8.59,8.07,8.09,4162595,104963160.00
20140710,7.98,8.32,7.98,8.07,2326812,57305164.00
20140711,8.06,8.20,7.99,8.08,1923999,47195436.00
20140714,8.08,8.28,8.03,8.25,2119157,52204992.00
20140715,8.14,8.20,7.68,7.77,3890220,91676696.00
20140716,7.76,7.84,7.51,7.64,1848306,42633180.00
20140717,7.62,7.76,7.58,7.76,1271619,29410314.00
20140718,7.72,7.81,7.59,7.64,1175641,27264278.00
20140721,7.64,7.64,7.45,7.55,1079262,24463374.00
20140722,7.53,7.74,7.51,7.69,1074202,24757236.00
20140723,7.69,7.74,7.36,7.40,1351377,30643022.00
20140724,7.40,7.52,7.17,7.50,1530616,34019424.00
20140725,7.46,7.56,7.38,7.51,971002,21900802.00
20140728,7.52,7.74,7.52,7.68,1254625,28924754.00
20140729,7.79,7.79,7.65,7.69,1602744,37173800.00
20140730,7.69,7.73,7.56,7.71,1452024,33404648.00
20140731,7.71,7.74,7.56,7.64,1110813,25514302.00
20140801,7.57,7.62,7.42,7.44,1605489,36359832.00
20140804,7.46,7.66,7.42,7.63,1389516,31715052.00
20140805,7.59,7.79,7.58,7.76,1672153,38788348.00
20140806,7.75,7.86,7.69,7.81,2069888,48554208.00
20140807,7.80,7.84,7.63,7.63,1515309,35215448.00
20140808,7.68,7.79,7.64,7.71,1131172,26295288.00
20140811,7.71,7.83,7.68,7.82,2138162,49990620.00
20140812,7.82,7.90,7.76,7.84,1900282,44831040.00
20140813,7.85,7.88,7.58,7.71,1668567,38664232.00
20140814,7.67,7.78,7.59,7.60,1347175,31211150.00
20140815,7.57,7.67,7.55,7.66,1046348,23960754.00
20140818,7.64,7.79,7.64,7.79,1484049,34475796.00
20140819,7.80,7.90,7.73,7.90,2445106,57691400.00
20140820,7.88,8.14,7.81,7.96,2923936,70049176.00
20140821,7.95,8.15,7.91,8.07,2711455,65500116.00
20140822,8.02,8.08,7.94,8.07,1948780,46952652.00
20140825,8.12,8.15,7.90,7.93,1432790,34368272.00
20140826,7.84,7.90,7.62,7.63,2057020,47929484.00
20140827,7.61,7.68,7.56,7.60,1110465,25490930.00
20140828,7.60,8.38,7.60,8.38,6838899,167538272.00
20140829,8.49,8.59,8.14,8.27,5578989,139205600.00
20140901,8.38,8.58,8.21,8.47,5124995,129500512.00
20140902,8.51,8.62,8.29,8.55,4846840,123251904.00
20140903,8.55,8.73,8.46,8.63,5089895,130969992.00
20140904,8.59,8.59,8.44,8.50,3537114,90310344.00
20140905,8.42,8.58,8.38,8.47,2405090,61184524.00
20140909,8.46,8.72,8.36,8.71,3519846,90250600.00
20140910,8.76,8.76,8.53,8.64,3078521,79864168.00
20140911,8.58,9.26,8.57,8.72,5612487,149857840.00
20140912,8.61,8.87,8.56,8.83,2905598,76128808.00
20140915,8.83,8.93,8.77,8.83,2186933,58078692.00
20140916,9.02,9.24,8.50,8.52,4550221,122300520.00
20140917,8.44,8.60,8.28,8.56,2426908,61587356.00
20140918,8.52,8.61,8.43,8.55,1299912,33258030.00
20140919,8.66,8.83,8.49,8.70,2271967,59181344.00
20140922,8.65,8.65,8.33,8.37,1975159,50019904.00
20140923,8.46,8.54,8.38,8.52,1377729,35031548.00
20140924,8.47,8.65,8.46,8.63,1645442,42307072.00
20140925,8.60,8.71,8.52,8.56,1955801,50597264.00
20140926,8.56,8.82,8.56,8.68,1787177,46679560.00
20140929,8.76,8.83,8.66,8.78,1703478,44640752.00
20140930,8.76,8.82,8.65,8.75,1730822,45270116.00
20141008,8.77,8.89,8.65,8.89,2422087,63814640.00
20141009,8.91,9.06,8.72,8.90,2612430,69764144.00
20141010,8.81,9.03,8.77,8.83,2059149,54902912.00
20141013,8.90,9.73,8.90,9.73,5990246,168041200.00
20141014,9.95,10.02,9.59,9.84,7158776,209827776.00
20141015,9.69,10.36,9.59,10.10,5569351,165216048.00
20141016,9.95,11.12,9.89,11.12,6060400,194879776.00
20141017,11.34,12.25,11.04,11.98,11918944,416239904.00
20141020,11.04,11.34,10.76,10.80,10884961,356333792.00
20141021,10.70,11.01,10.39,10.53,6863679,218828224.00
20141022,10.49,10.87,10.32,10.38,5838426,184292128.00
20141023,10.31,10.41,9.97,10.21,4157673,126467296.00
20141024,9.93,10.17,9.78,9.97,3601711,107683688.00
20141027,10.01,10.22,9.98,10.05,2829410,85330128.00
20141028,10.08,10.32,9.99,10.32,3827974,116520224.00
20141029,10.32,10.41,10.03,10.29,4893168,150122560.00
20141030,10.29,10.39,10.06,10.11,3632677,111178192.00
20141031,10.12,10.15,9.71,9.85,3661566,108366240.00
20141103,9.85,10.22,9.85,10.22,3670500,110827384.00
20141104,10.24,10.59,10.22,10.31,4774094,148247632.00
20141105,10.19,10.19,9.78,9.92,2654643,78961096.00
20141106,9.83,10.50,9.82,10.48,3636041,111031392.00
20141107,10.42,10.55,10.04,10.13,3716480,115248456.00
20141110,10.02,10.32,9.96,10.25,2031456,61877808.00
20141111,10.27,10.34,9.26,9.53,3499444,102554752.00
20141112,9.45,10.10,9.45,10.00,3383455,100104344.00
20141113,9.99,10.02,9.55,9.77,2492855,72653344.00
20141114,9.58,9.79,9.35,9.43,1672599,47807580.00
20141117,9.45,9.75,9.43,9.70,1560986,44944884.00
20141118,9.70,9.70,9.45,9.65,1478108,42367452.00
20141119,9.65,9.77,9.52,9.68,1532083,44287680.00
20141120,9.65,9.98,9.51,9.77,2478986,72640232.00
20141121,9.74,9.95,9.68,9.78,1811305,53396784.00
20141124,9.80,9.88,9.65,9.75,1905694,55671556.00
20141125,9.82,10.07,9.73,10.07,2594705,77364976.00
20141126,10.09,10.19,9.92,10.17,2747824,82762536.00
20141127,10.29,10.34,10.02,10.09,2432487,73823304.00
20141128,10.06,10.35,10.05,10.18,2779378,84737816.00
20141201,10.18,10.21,9.34,9.73,2314408,68250424.00
20141202,9.74,10.18,9.69,9.98,2295128,68863840.00
20141203,9.93,10.02,9.62,9.94,2174663,63720324.00
20141204,10.04,10.17,9.94,9.99,2563385,77207608.00
20141205,9.77,9.91,9.27,9.35,3047954,86973136.00
20150504,10.30,10.30,10.30,10.30,21403,659640.44
20150505,11.35,11.35,11.35,11.35,41705,1413799.50
20150506,12.50,12.50,12.50,12.50,67419,2514054.50
20150507,13.77,13.77,12.40,13.24,9083147,363985856.00
20150508,12.74,14.10,12.40,13.82,6071937,244631632.00
20150511,13.73,14.57,13.26,13.87,6046161,250811008.00
20150512,13.89,14.09,13.46,13.87,4480065,183633088.00
20150513,13.73,13.73,13.29,13.63,3038853,122050440.00
20150514,13.63,15.01,13.45,14.11,4404671,188295024.00
20150515,13.86,14.40,13.61,14.13,2897007,120457392.00
20150518,14.40,15.54,14.40,15.12,4139437,186021104.00
20150519,15.21,16.61,15.21,16.25,4592658,217865888.00
20150520,16.11,16.65,15.81,16.08,3768823,181679232.00
20150521,16.31,16.59,15.55,16.48,3343954,160394304.00
20150522,16.59,17.23,16.15,16.91,3514053,173880304.00
20150525,16.82,18.62,16.56,18.62,3554512,190241920.00
20150526,19.16,20.50,19.16,20.50,2354830,141619488.00
20150527,21.76,22.55,20.26,21.61,4480109,288100032.00
20150528,20.90,23.64,20.90,20.94,4173387,275625824.00
20150529,20.97,23.05,20.29,23.05,5250217,344366368.00
20150601,23.29,24.34,22.45,23.70,2897950,201977744.00
20150602,23.62,23.63,21.72,22.95,4346622,291070016.00
20150603,22.95,24.07,21.81,23.00,2956643,200773952.00
20150604,23.00,23.08,20.68,21.24,2723454,171547200.00
20150605,21.42,21.93,19.44,20.22,2782504,170443072.00
20150608,20.22,20.26,18.18,18.69,4557101,253534352.00
20150609,18.63,19.07,17.84,18.55,2567820,140137824.00
20150610,18.55,20.18,18.19,19.52,3588334,202269632.00
20150611,19.54,19.70,18.93,19.26,2544776,145366016.00
20150612,19.35,19.97,19.35,19.65,2422006,141338176.00
20150615,19.93,19.94,17.66,17.66,5193218,279179584.00
20150616,17.33,18.16,16.08,17.90,3727661,189091168.00
20150617,17.67,18.71,17.27,18.24,2957786,158883056.00
20150618,18.15,18.86,16.65,17.16,1445247,77817776.00
20150619,16.84,17.16,15.43,15.43,1550319,74738768.00
20150623,15.64,16.82,14.78,16.55,2172544,102325312.00
20150624,16.56,16.86,15.98,16.48,1596977,78587528.00
20150625,16.48,16.59,15.37,15.60,1261594,60336064.00
20150626,15.36,15.36,14.03,14.03,2223008,95997936.00
20150629,14.13,14.44,12.60,12.60,1801214,70399512.00
20150630,12.23,13.21,11.33,12.93,3518906,128267112.00
20150701,12.91,13.52,11.62,11.83,2957644,113499048.00
20150702,11.61,11.64,10.62,10.62,3263082,106365776.00
20150703,10.09,10.96,9.54,9.54,2652404,77858576.00
20150706,10.52,10.52,9.11,9.90,4380261,128680688.00
20150707,9.61,9.74,8.90,8.90,2600581,71947568.00
20150708,7.99,9.58,7.99,9.51,5196574,131041840.00
20150709,9.21,10.48,9.02,10.48,2762266,83607880.00
20150710,11.16,11.55,10.91,11.55,1072752,36376152.00
20150713,12.25,12.72,11.81,12.72,2714730,101601424.00
20150714,13.23,13.74,12.43,13.27,4820399,186851952.00
20150715,12.59,13.17,11.93,11.93,1701900,62152864.00
20150716,11.93,12.76,10.80,12.42,2223626,79211832.00
20150717,12.45,13.32,12.42,13.04,1800214,69515728.00
20150720,12.76,13.95,12.48,13.64,3071436,122517536.00
20150721,13.32,14.16,12.97,13.95,2062387,84546904.00
20150722,13.94,14.09,13.49,13.83,1415298,58249576.00
20150723,13.93,14.90,13.31,14.52,2099136,88125232.00
20150805,13.05,13.88,13.05,13.05,3071343,122065848.00
20150806,12.12,12.65,11.73,12.65,2713705,97768664.00
20150807,12.58,13.21,12.15,13.05,1722215,65695808.00
20150810,13.41,13.67,13.05,13.49,1139995,45267076.00
20150811,13.47,14.86,13.18,14.21,2668757,113865024.00
20150812,13.78,14.57,13.68,13.83,1151963,48633492.00
20150813,13.89,14.43,13.61,14.36,915243,38405888.00
20150814,14.40,14.81,14.23,14.76,1234586,53433904.00
20150817,14.77,15.95,14.69,15.79,1513154,67884200.00
20150818,16.84,17.38,14.30,14.30,3453468,168795120.00
20150819,13.41,15.75,13.34,15.75,3046080,129755168.00
20150820,15.75,16.80,14.70,15.72,2485758,117877784.00
20150821,15.14,15.67,14.13,14.41,1458152,63787204.00
20150824,13.65,13.65,12.95,12.95,420500,16363026.00
20150825,11.64,12.08,11.64,11.64,1287601,44821508.00
20150826,11.13,12.04,10.47,11.50,1396088,46581552.00
20150827,11.60,12.08,11.08,12.07,1084852,37134152.00
20150828,12.08,12.91,11.78,12.85,1147633,41779116.00
20150831,12.49,13.04,12.10,12.58,823562,30777636.00
20150901,12.27,12.58,11.31,11.31,679790,23461820.00
20150902,10.59,11.74,10.21,11.03,770951,25309868.00
20150907,11.11,12.07,9.91,10.69,2675726,82914472.00
20150908,10.25,11.77,9.87,11.30,1860817,59803524.00
20150909,11.81,12.25,11.46,12.18,3432820,120805464.00
20150910,11.62,11.88,11.40,11.40,2417228,83618304.00
20150911,11.10,11.50,10.83,11.15,1378310,45799568.00
20150914,11.25,11.40,10.02,10.02,1400005,43259824.00
20150915,9.33,9.94,9.00,9.00,826300,23037884.00
20150916,8.87,9.90,8.71,9.77,1582476,43983764.00
20150917,9.60,9.82,9.12,9.46,1628678,46317572.00
20150918,9.58,9.63,9.13,9.46,655305,18510380.00
20150921,9.50,9.96,9.20,9.84,823717,23753010.00
20150922,9.89,10.38,9.85,10.01,1755975,52967960.00
20150923,9.87,10.16,9.70,9.98,909400,27130168.00
20150924,10.03,10.30,9.98,10.11,666003,20139750.00
20150925,10.12,10.21,9.37,9.87,916078,26712888.00
20150928,9.70,10.21,9.61,10.17,662182,19771854.00
20150929,9.94,10.21,9.77,10.04,635176,18959138.00
20150930,10.00,10.21,9.87,10.21,577676,17468868.00
20151008,10.70,10.95,10.39,10.72,954645,30549034.00
20151009,10.68,10.87,10.52,10.82,663353,21203990.00
20151012,10.82,11.78,10.79,11.57,1255090,42495696.00
20151013,11.46,11.72,11.40,11.60,875289,30125364.00
20151014,11.40,12.52,11.40,12.42,1664365,59536424.00
20151015,12.29,13.05,12.20,12.97,1485971,55456128.00
20151016,13.10,13.15,12.46,12.64,1408327,53146476.00
20151019,12.64,13.23,12.60,12.77,1801203,68966720.00
20151020,12.61,12.92,12.61,12.82,1163955,44249672.00
20151021,12.76,12.93,11.68,11.90,1641843,59755820.00
20151022,11.74,12.31,11.74,12.27,1108193,39880080.00
20151023,12.32,13.44,12.14,13.44,2580751,96685984.00
20151026,13.45,14.45,13.04,13.99,3256596,132475320.00
20151027,13.66,14.15,13.14,13.75,1758744,71105552.00
20151028,13.75,15.14,13.75,14.45,2845878,124508376.00
20151029,15.08,15.08,14.12,14.46,1038110,45026688.00
20151030,14.50,14.57,14.13,14.13,667513,28443598.00
20151102,14.14,15.19,13.78,14.50,1412069,61236572.00
20151103,14.77,14.96,14.31,14.40,614400,26481148.00
20151104,14.33,15.04,14.33,14.97,1503819,65830672.00
20151105,14.98,16.16,14.97,15.11,2196898,100831008.00
20151106,14.80,15.48,14.80,15.21,1868862,84419352.00
20151109,15.16,15.86,15.08,15.69,1979981,91906616.00
20151110,15.39,16.16,15.33,15.62,2005222,93495544.00
20151111,15.55,16.16,15.35,16.08,2313814,108773472.00
20151112,16.84,17.01,16.13,16.22,2246326,109905408.00
20151113,15.99,16.06,14.95,15.45,1965074,90856064.00
20151116,14.99,15.62,14.94,15.48,1456020,66414692.00
20151117,15.74,15.81,15.12,15.46,1866280,86146056.00
20151118,15.38,15.40,14.06,14.24,1452308,64578616.00
20151119,14.29,14.79,14.19,14.77,1384157,59452356.00
20151120,14.82,15.08,14.53,14.96,947223,41692552.00
20151123,14.91,15.65,14.76,14.91,2356831,106577480.00
20151124,14.88,15.61,14.81,15.55,1780020,81477600.00
20151125,16.32,16.74,15.87,16.33,3260511,156924384.00
20151126,16.30,17.35,16.17,16.47,3274705,163740176.00
20151127,16.61,18.03,14.82,15.82,3430847,170161088.00
20151130,16.16,16.43,14.57,15.62,3013134,138516464.00
20151201,15.55,16.10,14.97,15.40,2712346,125963576.00
20151202,15.38,15.38,13.85,14.76,2369328,101585208.00
20151203,14.86,15.47,14.52,15.11,1587444,70699744.00
20151204,15.08,15.38,14.80,14.93,1802848,80894512.00
20151207,14.99,15.30,14.89,15.30,2038898,91627472.00
20151208,15.42,16.15,15.31,15.99,3431398,161243440.00
20151209,15.99,16.39,15.82,16.07,3547050,169918560.00
20151210,16.09,16.39,15.65,15.73,2667200,127716552.00
20151211,15.73,15.73,14.87,14.94,1950120,87647288.00
20151214,14.48,15.42,14.20,14.95,2440637,106492440.00
20151215,14.95,15.26,14.88,15.08,1399069,62793796.00
20151216,15.13,15.65,15.05,15.53,2404156,109878960.00
20151217,15.55,16.98,15.55,16.56,3357447,163387776.00
20151218,16.57,17.31,16.50,16.63,3196607,159410160.00
20151221,16.52,17.41,16.27,17.31,2696357,135168912.00
20151222,17.32,18.14,17.19,17.96,2524826,133376152.00
20151223,18.20,18.20,17.18,17.39,2780809,144960384.00
20151224,17.14,17.85,16.40,17.72,2485345,126058024.00
20151225,19.51,19.51,19.51,19.51,1554186,89894120.00
20151228,19.49,21.48,18.96,20.21,8911550,525548992.00
20151229,19.91,22.25,19.74,22.25,9113408,583161792.00
20151230,22.25,22.25,20.86,21.13,7394878,468655616.00
20151231,20.93,21.61,20.44,20.49,4767789,296028256.00
20160104,20.35,20.49,18.43,18.43,3083845,180113408.00
20160105,17.38,19.66,17.38,19.18,5590950,310752736.00
20160106,19.18,20.79,18.72,20.19,4658366,273203424.00
20160107,19.60,19.67,18.15,18.15,1143250,64033496.00
20160108,18.88,19.97,17.52,19.36,5253849,296173760.00
20160728,17.54,18.91,17.42,17.42,8125539,144008096.00
20160729,16.82,16.82,15.67,15.67,15048577,241461104.00
20160801,15.31,15.66,14.62,14.83,10659336,160382448.00
20160802,15.18,15.39,14.89,15.26,6653275,101112472.00
20160803,15.24,15.60,14.49,15.60,8583958,129326384.00
20160804,15.46,16.44,15.35,15.94,10048392,160986704.00
20160805,15.64,15.82,15.15,15.69,8860531,138204064.00
20160808,15.29,15.34,14.27,14.97,9586211,143395408.00
20160809,14.99,15.65,14.95,15.45,7951046,122338216.00
20160810,16.13,16.53,15.94,16.23,14337593,233618480.00
20160811,15.94,16.05,15.49,15.51,7215299,114152520.00
20160812,15.49,15.90,15.45,15.65,4079316,64289496.00
20160815,15.84,16.08,15.54,15.91,7075632,112631672.00
20160816,15.93,16.19,15.62,16.07,7409878,117704192.00
20160817,15.91,15.91,15.66,15.66,6297379,99748864.00
20160818,15.58,15.83,15.37,15.45,4995156,77961840.00
20160819,15.37,15.69,15.34,15.52,4021015,62840784.00
20160822,15.48,16.04,15.47,15.85,7151536,113084888.00
20160823,15.91,16.90,15.74,16.66,11974385,197085184.00
20160824,16.67,18.33,16.50,18.33,10085411,180995040.00
20160825,18.83,19.82,18.35,19.34,34569070,659626560.00
20160826,19.24,19.24,18.51,19.19,18771318,354926336.00
20160829,18.84,19.58,18.45,18.64,20467677,389445856.00
20160830,18.42,18.55,17.60,17.94,15791651,284085312.00
20160831,17.92,18.01,17.44,17.89,8486472,151256864.00
20160901,17.74,17.98,17.45,17.54,8236928,146476624.00
20160902,17.37,17.94,17.14,17.61,6877570,121975640.00
20160905,17.57,18.59,17.57,18.23,10237994,187060160.00
20160906,18.18,19.24,17.59,18.97,12947871,239764528.00
20160907,18.74,20.87,18.59,20.87,17844093,363622720.00
20160908,20.92,21.44,19.80,20.50,32508661,667263872.00
20160909,20.24,20.30,19.51,19.52,16274849,324577568.00
20160912,18.80,19.24,18.09,18.16,13282026,250287696.00
20160913,18.57,19.23,18.36,18.88,12269369,230770960.00
20160914,18.46,18.74,18.25,18.33,8457677,156822768.00
20160919,18.24,18.54,17.94,18.19,6776273,123594864.00
20160920,18.27,18.91,18.22,18.67,10548159,197146624.00
20160921,18.45,18.84,18.30,18.57,5894051,110099024.00
20160922,18.77,20.43,18.77,20.43,16135547,326735392.00
20160923,20.74,21.12,20.04,20.13,27778996,569878272.00
20160926,19.84,20.30,19.06,19.09,16552216,327798496.00
20160927,19.14,19.92,18.75,19.79,13926222,271097824.00
20160928,19.76,20.13,19.44,19.50,10358299,204881296.00
20160929,19.34,20.60,19.34,20.19,17316291,350171424.00
20160930,19.95,20.40,19.64,20.24,11382586,228848960.00
20161010,20.55,21.35,20.46,20.89,16257044,340806560.00
20161011,20.94,21.92,20.72,21.14,19503667,418631904.00
20161012,20.79,21.03,20.37,20.71,13371491,276429344.00
20161013,20.70,22.33,20.55,21.82,22104102,475001632.00
20161014,21.62,21.84,21.32,21.84,13376275,289286208.00
20161017,22.09,22.31,21.27,21.32,12027304,261073984.00
20161018,21.24,21.64,20.89,21.50,8839174,189013600.00
20161019,21.51,22.22,21.29,21.39,9969344,217506896.00
20161020,21.49,21.49,20.89,21.44,8939602,189367808.00
20161021,21.49,21.56,20.65,20.94,8029858,169239984.00
20161024,20.90,21.49,20.89,21.13,5769379,122483800.00
20161025,21.16,21.86,20.97,21.60,9535150,205898112.00
20161026,21.54,22.84,21.35,22.22,15045402,333167104.00
20161027,22.03,24.35,22.02,23.94,21459197,500719776.00
20161028,23.86,25.62,23.15,23.22,21875010,534470944.00
20161031,23.19,25.43,23.18,24.96,16391465,397360416.00
20161101,24.74,25.54,24.07,25.19,16818965,418065664.00
20161102,25.06,25.06,23.82,23.95,15830454,386979104.00
20161103,23.94,24.53,23.17,23.94,14523621,348633600.00
20161104,23.82,24.24,23.55,23.88,8723269,209428992.00
20161107,23.92,24.04,23.12,23.67,8176709,192410752.00
20161108,23.54,24.79,23.24,24.44,12619488,305103296.00
20161109,24.44,24.59,23.32,24.32,9665974,232730960.00
20161110,24.61,24.79,23.95,24.17,8724547,211856416.00
20161111,24.24,24.47,23.99,24.28,6919295,167960672.00
20161114,24.33,24.43,23.05,23.34,11215792,265080608.00
20161115,23.27,23.35,22.59,22.81,8637644,198567104.00
20161116,23.34,23.64,22.94,23.03,7237734,168515808.00
20161117,23.09,23.50,22.94,23.12,5350924,124406120.00
20161118,23.18,23.18,22.74,22.87,4365715,100313232.00
20161121,23.04,23.64,22.87,23.28,7820853,182746128.00
20161122,23.42,23.63,22.97,23.59,8091196,189170816.00
20161123,24.15,24.30,23.34,23.54,9408407,225244256.00
20161124,23.54,23.92,22.94,22.95,6715526,157023024.00
20161125,23.02,23.20,20.94,22.37,7978783,176377840.00
20161128,22.56,22.62,21.64,21.64,6044072,132631312.00
20161129,21.70,22.09,21.42,21.43,6110643,133291584.00
20161130,21.54,22.62,21.53,21.84,5555657,123045664.00
20161201,21.84,21.99,20.98,21.34,7931470,170033120.00
20161202,21.16,21.36,20.44,21.08,7829241,163422768.00
20161205,20.94,20.94,20.15,20.15,4648572,95281176.00
20161206,20.09,20.61,20.07,20.23,2900349,59153948.00
20161207,20.19,20.44,20.05,20.38,4033314,82201600.00
20161208,20.34,20.52,20.30,20.41,3603104,73807160.00
20161209,20.44,20.83,19.95,20.81,6201496,128082552.00
20161212,20.74,20.94,18.72,18.89,6257286,124869080.00
20161213,18.54,19.24,18.44,18.84,4611335,86932656.00
20161214,18.77,19.11,18.06,18.27,3348092,62318384.00
20161215,18.07,18.99,18.05,18.78,4623633,86573456.00
20161216,18.92,19.94,18.45,19.94,4821804,94106512.00
20161219,19.70,20.16,19.46,19.94,3581091,71254992.00
20161220,19.94,20.03,19.54,19.94,3259898,64686152.00
20161221,19.94,20.11,19.79,19.96,3279033,65525740.00
20161222,19.92,20.39,19.69,19.74,2926664,58896908.00
20161223,19.79,19.92,18.76,18.94,3862449,74050312.00
20161226,18.80,19.78,18.79,19.59,3074998,59311028.00
20161227,19.93,20.19,19.59,19.70,3614922,72171016.00
20161228,19.70,20.13,19.70,19.89,2410668,48121304.00
20161229,19.75,20.04,19.56,19.57,1914026,38048624.00
20161230,19.69,19.90,19.05,19.12,2917174,56586608.00
20170103,19.19,19.72,19.19,19.71,2871110,56397840.00
20170104,19.87,20.14,19.75,19.91,2534391,50706516.00
20170105,19.93,20.13,19.69,19.79,2095147,41664308.00
20170106,19.91,19.92,19.15,19.45,4119416,80135288.00
20170109,19.39,19.44,19.15,19.27,1930126,37312628.00
20170110,19.39,19.49,19.08,19.14,1778319,34286340.00
20170111,19.12,19.12,18.64,18.70,2800538,52899444.00
20170112,18.72,18.83,18.15,18.19,2480004,45910532.00
20170113,18.17,18.41,18.07,18.14,1938182,35581964.00
20170116,18.24,18.80,17.54,18.19,4637561,84281608.00
20170117,18.33,18.40,17.95,18.36,2021822,36911500.00
20170118,18.30,18.32,17.84,17.85,2321665,41846088.00
20170119,17.80,18.29,16.64,18.16,6581996,114749288.00
20170120,17.95,18.34,17.84,18.19,2254162,41075060.00
20170123,18.00,18.58,18.00,18.30,2139693,39553296.00
20170124,18.24,18.54,18.13,18.30,2362367,43462200.00
20170125,18.29,18.33,17.94,18.20,1923675,35026092.00
20170126,18.20,18.76,18.16,18.72,2677258,49666680.00
20170203,18.73,18.81,18.44,18.67,1132622,21139432.00
20170206,18.67,19.11,18.56,19.03,3252596,61511368.00
20170207,19.03,19.35,18.79,19.22,4181068,80030312.00
20170208,19.21,19.39,18.97,19.32,2185935,42084836.00
20170209,19.34,20.04,19.34,19.64,3660125,72497888.00
20170210,19.62,19.82,19.05,19.11,3253132,63130656.00
20170213,18.90,19.26,18.88,19.11,2141287,41051968.00
20170214,19.27,19.31,18.73,18.81,3187703,60367144.00
20170215,18.92,18.98,18.46,18.51,1812445,34111136.00
20170216,18.54,18.69,18.35,18.49,2290973,42597644.00
20170217,18.38,18.72,18.26,18.34,2354305,43688160.00
20170220,18.32,18.60,18.19,18.51,2305689,42616104.00
20170221,18.51,18.64,18.39,18.48,2409612,44698888.00
20170222,18.44,18.57,18.15,18.29,2819793,51817220.00
20170223,18.34,18.49,18.20,18.44,2530439,46593428.00
20170224,18.49,18.62,18.36,18.58,2326514,43212160.00
20170227,18.63,19.13,18.54,18.94,5142793,97653360.00
20170228,19.13,19.19,18.75,18.93,3000490,56976208.00
20170301,18.83,19.24,18.83,19.24,4281208,81983520.00
20170302,19.22,19.23,18.85,18.90,3528436,67378624.00
20170303,18.90,19.05,18.72,18.92,2213023,41947772.00
20170306,19.01,19.26,18.92,19.23,3657722,70320160.00
20170307,19.27,19.43,19.17,19.39,3419046,66107224.00
20170308,19.34,19.37,19.02,19.02,2748734,52763020.00
20170309,19.14,19.34,19.00,19.12,2601479,50036464.00
20170310,19.22,19.24,18.96,18.98,2561715,48982384.00
20170313,18.98,19.09,18.64,18.97,2941251,55563608.00
20170314,18.85,19.04,18.75,18.85,2850027,53937544.00
20170315,18.84,18.86,18.54,18.56,2551645,47747656.00
20170316,18.63,18.79,18.49,18.64,3311832,61974680.00
20170317,18.83,20.51,18.83,20.51,7657892,156025056.00
20170320,21.12,21.12,20.34,20.42,19315299,400159392.00
20170321,20.45,20.69,19.82,20.64,11709082,238661600.00
20170322,20.35,21.44,20.24,20.80,11915148,250377728.00
20170323,20.33,21.02,20.33,20.54,8027109,165920928.00
20170324,20.53,20.91,20.45,20.85,8763432,182747904.00
20170327,20.74,21.69,20.68,21.25,13289718,284225792.00
20170328,21.04,21.77,20.72,20.77,8006413,170092832.00
20170329,20.87,21.10,20.04,20.29,6530301,133667640.00
20170330,20.29,20.39,19.42,19.45,6476020,128507600.00
20170331,19.56,19.86,19.44,19.62,3256309,64238132.00
20170405,19.70,20.73,19.70,20.65,5785403,117688232.00
20170406,20.76,21.32,20.50,20.77,8426120,176791040.00
20170407,20.62,21.46,20.52,21.46,11955739,253599024.00
20170410,21.59,21.89,21.04,21.36,10363545,222708368.00
20170411,21.35,21.37,20.24,20.75,10706053,222898736.00
20170412,20.71,21.14,20.30,20.75,5788689,120930328.00
20170413,20.81,21.48,20.67,21.44,7531200,160979664.00
20170414,21.30,21.54,20.49,20.60,6427117,134566080.00
20170417,20.34,20.59,19.34,19.59,7351487,146272720.00
20170418,19.54,19.79,19.01,19.04,4340596,84874880.00
20170419,18.81,19.60,18.64,19.48,4476702,86224000.00
20170420,19.39,19.79,19.05,19.49,3516546,68599728.00
20170421,19.52,19.68,18.99,18.99,2792809,53982184.00
20170424,18.91,18.91,17.94,18.01,4365284,79754288.00
20170425,17.93,18.44,17.93,18.13,2555784,46866336.00
20170426,18.14,18.38,18.05,18.34,1765423,32356288.00
20170427,18.34,18.62,17.45,18.49,3595151,65306172.00
20170428,18.49,18.70,18.24,18.49,2333996,43307740.00
20170502,18.53,18.58,18.05,18.13,2432894,44588856.00
20170503,18.11,18.36,17.94,17.95,1931781,35065124.00
20170504,17.95,18.45,17.93,18.14,2274191,41506932.00
20170505,18.31,18.54,17.99,18.08,2683078,49180636.00
20170508,17.91,18.18,17.09,17.11,3629770,64441772.00
20170509,17.34,17.49,16.79,17.16,3904363,66764912.00
20170510,17.17,17.77,17.07,17.09,3501534,60686828.00
20170511,16.84,17.39,16.44,17.19,4311383,72356472.00
20170512,17.18,17.67,16.95,17.41,3864928,67424248.00
20170515,17.43,17.57,17.27,17.38,1476955,25761318.00
20170516,17.59,17.94,17.44,17.72,3135780,55632092.00
20170517,17.87,18.04,17.79,17.87,2832852,50875012.00
20170518,17.71,17.94,17.53,17.58,1766354,31392326.00
20170519,17.74,18.40,17.48,17.86,4501004,81703536.00
20170522,17.82,17.82,16.96,17.04,2907236,50594952.00
20170523,16.97,17.37,16.71,16.72,2978057,50770988.00
20170524,16.65,16.94,16.31,16.86,2252339,37605908.00
20170525,16.89,16.99,16.44,16.80,1809978,30419992.00
20170526,16.59,16.94,16.59,16.67,1208064,20341482.00
20170531,16.70,17.09,16.57,16.59,1833734,30875644.00
20170601,16.54,16.72,15.89,15.94,2035423,33352222.00
20170602,16.04,17.47,15.94,17.34,5060958,85430864.00
20170605,17.84,17.84,17.30,17.36,3264519,57115376.00
20170606,17.36,17.42,17.15,17.21,1445201,25023414.00
20170607,17.14,17.58,17.04,17.50,3597161,62525124.00
20170608,17.42,17.49,17.11,17.15,2282281,39506352.00
20170609,17.06,17.24,17.04,17.16,1234608,21250598.00
20170612,17.16,17.50,17.02,17.36,2939272,51106416.00
20170613,17.44,17.57,17.16,17.41,2077698,36310264.00
20170614,17.60,17.60,17.30,17.49,1470137,25701508.00
20170615,17.49,18.04,17.40,18.00,3339835,59826428.00
20170616,17.99,17.99,17.62,17.72,1658668,29515064.00
20170619,17.60,17.80,17.56,17.60,1144540,20246226.00
20170620,17.65,17.78,17.35,17.40,1787419,31411316.00
20170621,17.41,17.57,17.28,17.44,934505,16335459.00
20170622,17.40,17.54,16.65,16.85,2117893,36359204.00
20170623,16.85,17.04,16.73,17.04,1280410,21741324.00
20170626,16.85,17.09,16.60,16.90,2348630,39579912.00
20170627,16.89,17.04,16.74,16.76,1980212,33426130.00
20170628,16.75,16.81,16.62,16.79,1812664,30387996.00
20170629,16.83,17.21,16.79,16.96,1913564,32740142.00
20170630,16.93,17.30,16.85,16.99,2096305,35960892.00
20170703,17.02,17.44,16.99,17.37,1855958,32083438.00
20170704,17.44,17.51,17.23,17.34,1281226,22255726.00
20170705,17.39,17.44,17.24,17.39,1932257,33657064.00
20170706,17.48,17.55,17.27,17.40,1533015,26683900.00
20170707,17.40,17.70,17.26,17.66,1942997,33958100.00
20170710,17.55,17.73,17.33,17.47,2215858,38794612.00
20170711,17.41,17.50,17.14,17.14,1769700,30620106.00
20170712,17.13,17.28,16.86,17.22,1300012,22200866.00
20170713,17.09,17.28,17.00,17.05,1013710,17377318.00
20170714,17.05,17.05,16.19,16.44,5109379,84556552.00
20170717,16.36,16.39,15.41,15.75,4882839,77728552.00
20170718,15.75,15.75,15.03,15.18,6214643,95043888.00
20170719,15.16,15.55,15.16,15.48,2912022,44691364.00
数据来源:通达信
