300328 宜安科技 日线 前复权
      日期	    开盘	    最高	    最低	    收盘	    成交量	    成交额
20120619,3.77,3.92,3.71,3.80,17854499,256268624.00
20120620,3.85,4.20,3.77,4.20,14827528,220396592.00
20120621,4.28,4.53,4.24,4.47,16825156,276292928.00
20120625,4.40,4.45,4.08,4.22,11870305,190193488.00
20120626,4.16,4.20,3.90,4.05,8367951,126885104.00
20120627,4.01,4.46,4.01,4.26,11150220,177049408.00
20120628,4.17,4.21,3.81,3.84,8856037,134039200.00
20120629,3.77,3.97,3.74,3.94,6230692,91025880.00
20120702,3.97,4.09,3.87,4.03,6579148,98789088.00
20120703,4.09,4.41,4.09,4.17,9041782,143773824.00
20120704,4.12,4.33,4.02,4.06,6604214,103325984.00
20120705,4.03,4.44,3.90,4.30,8650624,135505152.00
20120706,4.24,4.30,4.07,4.23,7038164,110837216.00
20120709,4.13,4.42,4.13,4.17,7946074,127596168.00
20120710,4.13,4.20,3.85,3.90,6129184,92731736.00
20120711,3.84,3.92,3.61,3.71,4878608,69140672.00
20120712,3.66,3.87,3.66,3.83,4262995,60741372.00
20120713,3.76,3.80,3.50,3.54,5228998,72058840.00
20120716,3.52,3.54,3.31,3.35,4308556,55271112.00
20120717,3.31,3.41,3.28,3.36,2844475,36158684.00
20120718,3.33,3.37,3.15,3.31,3932034,48499112.00
20120719,3.27,3.41,3.24,3.33,3785714,48075404.00
20120720,3.30,3.39,3.28,3.33,2201124,27855156.00
20120723,3.28,3.28,3.16,3.20,2476182,30252820.00
20120724,3.15,3.28,3.10,3.27,1891650,23268754.00
20120725,3.22,3.43,3.21,3.32,4086354,52026372.00
20120726,3.29,3.41,3.23,3.29,2773503,35081924.00
20120727,3.32,3.41,3.26,3.36,3132378,39730880.00
20120730,3.33,3.38,3.21,3.23,2449389,30533946.00
20120731,3.21,3.24,2.97,2.97,2924064,34263428.00
20120801,2.95,3.08,2.95,3.06,2132053,24680432.00
20120802,3.01,3.09,2.97,3.00,1440723,16579868.00
20120803,3.01,3.12,2.97,3.11,1903500,22323018.00
20120806,3.06,3.27,3.05,3.24,2817493,34030200.00
20120807,3.20,3.26,3.18,3.22,1978802,24225062.00
20120808,3.22,3.36,3.15,3.30,3214291,39833820.00
20120809,3.28,3.36,3.23,3.31,2739763,34274916.00
20120810,3.30,3.32,3.24,3.26,1760542,21945454.00
20120813,3.21,3.30,3.20,3.21,1572621,19484360.00
20120814,3.18,3.32,3.17,3.32,1890214,23312348.00
20120815,3.32,3.32,3.23,3.24,1273568,15832043.00
20120816,3.26,3.30,3.19,3.22,1197138,14830834.00
20120817,3.26,3.26,3.11,3.16,1357658,16411958.00
20120820,3.10,3.16,3.07,3.14,1002410,11892775.00
20120821,3.12,3.26,3.12,3.25,1391594,17033872.00
20120822,3.25,3.31,3.23,3.28,1619115,20137434.00
20120823,3.28,3.44,3.27,3.41,3041842,38720028.00
20120824,3.39,3.39,3.28,3.29,2023218,25502278.00
20120827,3.26,3.26,3.14,3.15,1202593,14548320.00
20120828,3.15,3.24,3.13,3.19,917488,11141336.00
20120829,3.18,3.47,3.17,3.35,4207203,53790040.00
20120830,3.31,3.64,3.30,3.53,6855592,90691304.00
20120831,3.47,3.58,3.44,3.57,3478350,46390604.00
20120903,3.56,3.63,3.50,3.57,3498208,47324448.00
20120904,3.54,3.86,3.53,3.70,5342444,74903896.00
20120905,3.64,3.97,3.61,3.91,5198834,75424984.00
20120906,3.92,3.97,3.79,3.90,3951607,57879168.00
20120907,3.92,4.01,3.86,3.92,4307242,64031216.00
20120910,3.91,4.22,3.86,4.21,4129670,63093420.00
20120911,4.15,4.25,4.09,4.22,2199550,34477344.00
20120912,4.24,4.25,4.08,4.12,2742435,42799420.00
20120913,4.18,4.18,3.96,4.01,3398432,51509228.00
20120914,4.00,4.02,3.88,3.92,3566009,53126036.00
20120917,3.89,3.99,3.79,3.83,1401264,20656030.00
20120918,3.84,3.99,3.83,3.91,1652142,24507016.00
20120919,3.91,4.27,3.91,4.14,3500597,54279720.00
20120920,4.12,4.20,4.05,4.16,3249911,50447524.00
20120921,4.09,4.32,3.91,4.10,2730032,42476388.00
20120924,3.98,4.20,3.84,4.20,1407190,21367864.00
20120925,4.11,4.34,4.07,4.19,1954602,31003586.00
20120926,4.11,4.31,3.98,4.12,1729894,27123924.00
20120927,4.12,4.51,4.04,4.34,2441443,39227944.00
20120928,4.31,4.61,4.22,4.53,2935922,49268076.00
20121008,4.54,4.55,4.35,4.54,1704048,28506078.00
20121009,4.48,4.64,4.44,4.50,2415792,40797964.00
20121010,4.48,4.48,4.30,4.34,2309750,37808100.00
20121011,4.31,4.31,4.09,4.09,2580526,40904000.00
20121012,4.04,4.14,3.94,4.06,1892973,28773764.00
20121015,3.95,3.96,3.66,3.80,2787131,39819352.00
20121016,3.76,3.83,3.70,3.77,1225799,17482268.00
20121017,3.77,3.91,3.76,3.83,1098044,15858903.00
20121018,3.82,3.87,3.79,3.86,1015175,14708854.00
20121019,3.84,3.87,3.74,3.77,1177659,16865712.00
20121022,3.73,3.87,3.67,3.86,838007,12106865.00
20121023,3.87,3.89,3.81,3.82,676199,9828114.00
20121024,3.81,3.82,3.67,3.69,954199,13452371.00
20121025,3.67,3.77,3.60,3.70,1037371,14458327.00
20121026,3.74,3.88,3.72,3.84,1857594,26728522.00
20121029,3.83,3.91,3.77,3.89,1231038,17821086.00
20121030,3.88,3.90,3.81,3.82,763124,11089603.00
20121031,3.84,3.84,3.67,3.75,818437,11505316.00
20121101,3.77,3.99,3.73,3.99,1779393,26077868.00
20121102,4.02,4.17,3.98,4.03,2664481,40842860.00
20121105,3.99,4.16,3.93,4.09,1509710,23033818.00
20121106,4.09,4.10,3.95,4.09,728878,11021020.00
20121107,4.09,4.16,3.98,4.01,686969,10499578.00
20121108,3.96,4.01,3.79,3.81,806946,11891059.00
20121109,3.84,3.84,3.71,3.77,861407,12255469.00
20121112,3.77,3.82,3.75,3.81,550376,7848911.00
20121113,3.86,3.86,3.45,3.63,1361311,18660284.00
20121114,3.56,3.63,3.53,3.62,351325,4781622.50
20121115,3.52,3.76,3.52,3.69,888324,12402309.00
20121116,3.68,3.72,3.55,3.59,291918,3997297.75
20121119,3.52,3.67,3.52,3.67,411181,5593752.50
20121120,3.68,3.69,3.62,3.62,208231,2886377.25
20121121,3.62,3.70,3.54,3.69,217633,2983494.50
20121122,3.69,3.69,3.54,3.57,343046,4654346.00
20121123,3.67,3.67,3.57,3.58,205556,2805511.25
20121126,3.62,3.73,3.59,3.64,572743,7930663.00
20121127,3.57,3.58,3.34,3.47,477583,6285320.00
20121128,3.43,3.43,3.30,3.32,287850,3681657.00
20121129,3.28,3.38,3.17,3.23,332293,4160128.50
20121130,3.23,3.31,3.22,3.31,261689,3244264.00
20121203,3.29,3.33,3.23,3.31,210701,2632611.00
20121204,3.32,3.41,3.25,3.39,322774,4076027.00
20121205,3.38,3.67,3.31,3.57,816154,10962995.00
20121206,3.54,3.64,3.54,3.60,503101,6840500.00
20121207,3.56,3.72,3.56,3.70,645613,8956816.00
20121210,3.74,3.80,3.68,3.74,605616,8601347.00
20121211,3.74,3.76,3.67,3.72,370173,5185083.50
20121212,3.68,3.74,3.59,3.67,224957,3109641.75
20121213,3.67,3.83,3.63,3.74,756963,10793317.00
20121214,3.71,3.92,3.71,3.88,949900,13865821.00
20121217,3.92,3.95,3.63,3.66,1994269,28122504.00
20121218,3.64,3.66,3.51,3.55,1863780,25321202.00
20121219,3.51,3.61,3.49,3.58,1236002,16634523.00
20121220,3.56,3.76,3.53,3.74,1709541,23749208.00
20121221,3.74,3.91,3.66,3.87,1967535,28060048.00
20121224,3.81,3.96,3.79,3.94,1422685,20862178.00
20121225,3.88,4.01,3.88,3.95,1552801,23167956.00
20121226,3.94,4.36,3.94,4.36,2866962,45461012.00
20121227,4.53,4.53,4.17,4.19,2449418,39381580.00
20121228,4.17,4.63,4.17,4.63,3659002,62192924.00
20121231,4.79,4.90,4.42,4.53,6309480,110569912.00
20130104,4.48,4.59,4.36,4.47,3855118,64629496.00
20130107,4.44,4.45,4.26,4.43,3307642,54126472.00
20130108,4.40,4.66,4.37,4.51,4147608,70461040.00
20130109,4.42,4.47,4.31,4.42,2272752,37415140.00
20130110,4.40,4.46,4.32,4.35,1475470,24267418.00
20130111,4.35,4.56,4.34,4.36,2505374,41734644.00
20130114,4.36,4.56,4.32,4.54,2210876,37304708.00
20130115,4.52,4.62,4.46,4.57,2189382,37165272.00
20130116,4.59,4.59,4.31,4.40,2607276,43382940.00
20130117,4.39,4.43,4.27,4.32,1198761,19509992.00
20130118,4.32,4.42,4.29,4.39,931564,15240954.00
20130121,4.41,4.42,4.32,4.39,854555,13996029.00
20130122,4.39,4.42,4.12,4.16,1736228,27804946.00
20130123,4.14,4.23,4.04,4.20,884369,13672376.00
20130124,4.13,4.20,3.95,4.09,1052865,16119290.00
20130125,4.09,4.11,4.04,4.08,466446,7165999.50
20130128,4.09,4.23,4.04,4.22,1671352,26182450.00
20130129,4.22,4.30,4.21,4.27,1239294,19783708.00
20130130,4.28,4.34,4.21,4.25,1942334,31314090.00
20130131,4.20,4.24,3.96,3.97,2112289,31958724.00
20130201,3.95,3.99,3.86,3.87,1857925,27384234.00
20130204,3.87,3.91,3.70,3.76,1626417,23151030.00
20130205,3.73,3.86,3.71,3.85,1074470,15461970.00
20130206,3.85,3.86,3.77,3.80,1143575,16442293.00
20130207,3.81,3.89,3.81,3.87,1093847,15909871.00
20130208,3.85,3.97,3.84,3.94,1200410,17703812.00
20130218,3.97,4.02,3.91,4.00,1332513,19971270.00
20130219,3.98,4.01,3.84,3.87,1029319,15173063.00
20130220,3.87,3.99,3.87,3.97,713153,10608089.00
20130221,3.94,3.97,3.86,3.87,907757,13366383.00
20130222,3.87,4.27,3.87,4.23,5257245,83102288.00
20130225,4.17,4.36,4.15,4.36,3921119,63002532.00
20130226,4.34,4.49,4.22,4.29,2394008,39093756.00
20130227,4.31,4.34,4.20,4.20,957228,15223419.00
20130228,4.19,4.30,4.11,4.28,1396747,22122192.00
20130301,4.29,4.36,4.13,4.20,1584857,25077830.00
20130304,4.19,4.19,3.96,3.98,1387663,21294394.00
20130305,3.96,4.14,3.92,4.11,1284238,19489714.00
20130306,4.11,4.54,4.11,4.54,3726526,61746492.00
20130307,4.59,4.64,4.39,4.42,3103128,52241168.00
20130308,4.42,4.61,4.30,4.59,2619564,44052628.00
20130311,4.54,4.69,4.50,4.59,1909087,33002194.00
20130312,4.51,4.58,4.26,4.36,1411873,23219810.00
20130313,4.30,4.82,4.21,4.66,3540634,60741328.00
20130314,4.59,5.15,4.56,4.92,3285856,59835116.00
20130315,4.83,5.09,4.81,4.82,3072232,56802336.00
20130318,4.81,5.09,4.68,5.02,2501954,46288488.00
20130319,4.99,5.45,4.99,5.20,1965757,38274960.00
20130320,5.19,5.31,5.05,5.26,1927915,37235504.00
20130321,5.24,5.36,5.15,5.23,1576925,30633992.00
20130322,5.20,5.26,5.06,5.19,1752339,33543100.00
20130325,5.19,5.22,5.04,5.11,1034476,19722670.00
20130326,5.09,5.25,4.90,5.03,2274555,42978972.00
20130327,5.04,5.12,4.96,5.09,1150342,21606804.00
20130328,5.04,5.04,4.87,4.87,1662301,30668540.00
20130329,4.87,4.93,4.65,4.73,1677728,29940280.00
20130401,4.67,4.89,4.67,4.78,1883440,33817344.00
20130402,4.84,4.98,4.68,4.76,1179984,21352012.00
20130403,4.76,4.76,4.46,4.56,1391409,23678012.00
20130408,4.44,4.74,4.40,4.67,1206491,20575426.00
20130409,4.67,4.73,4.62,4.67,486288,8500690.00
20130410,4.62,4.81,4.62,4.66,656107,11630640.00
20130411,4.66,4.73,4.57,4.58,405155,7042337.50
20130412,4.42,4.68,4.42,4.45,974320,16646015.00
20130415,4.47,4.49,4.29,4.38,662605,10877029.00
20130416,4.34,4.48,4.27,4.47,1007380,16525096.00
20130417,4.47,4.67,4.41,4.65,1196247,20399638.00
20130418,4.59,4.74,4.57,4.62,527555,9202999.00
20130419,4.62,4.81,4.62,4.69,1160604,20474804.00
20130422,4.67,4.89,4.66,4.78,2151942,38540012.00
20130423,4.81,4.81,4.45,4.45,1518004,26044492.00
20130424,4.46,4.66,4.46,4.60,1020406,17475902.00
20130425,4.61,4.86,4.57,4.65,1535042,27141846.00
20130426,4.64,4.99,4.57,4.88,2442065,44144140.00
20130502,4.87,5.09,4.79,5.03,2082116,38901520.00
20130503,5.03,5.16,4.96,5.14,3235529,60836416.00
20130506,5.09,5.19,5.01,5.10,2462428,46966880.00
20130507,5.01,5.26,4.92,5.19,2385081,45232656.00
20130508,5.17,5.20,5.04,5.15,1484011,28274876.00
20130509,5.14,5.14,4.93,5.06,1789400,33541032.00
20130510,5.03,5.41,4.99,5.35,2930353,57433044.00
20130513,5.35,5.40,5.19,5.30,1604982,31478960.00
20130514,5.27,5.27,4.84,4.90,2943262,54529020.00
20130515,4.91,5.03,4.85,5.03,1102012,20427092.00
20130516,5.03,5.16,4.74,4.83,2005087,37009952.00
20130517,4.81,4.94,4.74,4.89,1567597,28510008.00
20130520,4.90,5.22,4.90,5.15,2075898,39367240.00
20130521,5.11,5.36,5.02,5.32,2049859,39577796.00
20130522,5.32,5.36,4.91,4.94,3209582,61226492.00
20130523,4.86,5.20,4.85,4.99,2931402,54822900.00
20130524,5.22,5.51,5.16,5.51,4342273,87730352.00
20130527,5.67,5.84,5.52,5.75,8099849,171097280.00
20130528,5.71,5.71,5.37,5.43,3819938,78184184.00
20130529,5.42,5.56,5.34,5.48,2816813,56960648.00
20130530,5.40,5.82,5.32,5.70,3761720,78560416.00
20130531,5.63,5.64,5.43,5.43,2468829,50855048.00
20130603,5.52,5.52,5.20,5.25,2022004,40111836.00
20130604,5.25,5.35,4.98,5.08,2240264,43045500.00
20130605,5.09,5.21,5.04,5.21,1577952,30308488.00
20130606,5.16,5.21,4.98,5.04,1529027,28757816.00
20130607,4.99,5.21,4.99,5.21,1687754,32044610.00
20130613,5.12,5.12,4.81,5.07,1652699,30480400.00
20130614,5.07,5.35,5.04,5.33,2464884,47975292.00
20130617,5.31,5.50,5.26,5.27,2530630,50367288.00
20130618,5.23,5.28,4.90,5.12,2727820,51272224.00
20130619,5.04,5.20,4.97,5.20,1436122,27126694.00
20130620,5.16,5.18,4.82,4.84,1702722,31529034.00
20130621,4.72,4.79,4.38,4.70,1629629,28072810.00
20130624,4.69,4.69,4.22,4.28,1699027,28052524.00
20130625,4.22,4.37,3.87,4.32,2131716,33413438.00
20130626,4.36,4.56,4.26,4.54,1796079,29691444.00
20130627,4.62,4.62,4.23,4.36,1877165,31257700.00
20130628,4.29,4.36,4.09,4.16,1709680,27212616.00
20130701,4.09,4.32,3.99,4.31,1736809,26902656.00
20130702,4.31,4.47,4.29,4.47,2079510,34204952.00
20130703,4.46,4.53,4.31,4.48,1775829,29281706.00
20130704,4.42,4.59,4.37,4.45,1792254,29903390.00
20130705,4.47,4.67,4.34,4.37,1843588,31152444.00
20130708,4.17,4.29,4.01,4.11,2473814,38276892.00
20130709,4.08,4.14,4.00,4.07,1698606,25802364.00
20130710,4.07,4.19,4.05,4.19,1991347,30688768.00
20130711,4.16,4.34,4.15,4.27,1637202,26078386.00
20130712,4.19,4.49,4.14,4.36,3410093,55203484.00
20130715,4.31,4.48,4.27,4.39,2215063,36128948.00
20130716,4.38,4.47,4.33,4.41,2179380,35701836.00
20130717,4.37,4.52,4.26,4.26,2429718,39835348.00
20130718,4.27,4.27,4.12,4.18,2054567,32109484.00
20130719,4.20,4.27,4.04,4.04,1987889,30864730.00
20130722,3.96,4.32,3.90,4.21,1356902,20712614.00
20130723,4.21,4.37,4.21,4.30,2131714,33958268.00
20130724,4.33,4.33,4.16,4.27,2074511,32817390.00
20130725,4.26,4.39,4.12,4.12,2200298,35041072.00
20130726,4.08,4.23,4.01,4.14,1566850,23914508.00
20130729,4.14,4.31,4.04,4.14,1626903,25655750.00
20130730,4.14,4.26,3.91,4.07,1369937,20768164.00
20130731,4.17,4.17,4.01,4.04,786552,12024970.00
20130801,4.06,4.22,4.04,4.20,1881905,29247788.00
20130802,4.25,4.54,4.22,4.35,3832246,62296816.00
20130805,4.32,4.42,4.29,4.37,2057489,33389818.00
20130806,4.35,4.39,4.31,4.36,1510252,24540332.00
20130807,4.34,4.37,4.22,4.28,1599180,25496904.00
20130808,4.28,4.51,4.24,4.45,2920337,48229956.00
20130809,4.45,4.49,4.34,4.41,2085524,34314344.00
20130812,4.42,4.44,4.30,4.38,2113991,34439008.00
20130813,4.38,4.50,4.36,4.49,2597732,42918020.00
20130814,4.49,4.49,4.38,4.41,2063741,34065544.00
20130815,4.41,4.44,4.27,4.27,1816979,29320352.00
20130816,4.22,4.33,4.12,4.12,1387005,21828456.00
20130819,4.09,4.24,4.08,4.24,842770,13213349.00
20130820,4.21,4.26,4.15,4.20,1074544,16880742.00
20130821,4.22,4.27,4.17,4.24,759033,11971487.00
20130822,4.24,4.28,4.22,4.28,1003152,15928461.00
20130823,4.29,4.37,4.17,4.29,1684358,27007616.00
20130826,4.29,4.37,4.29,4.37,1319524,21376510.00
20130827,4.37,4.39,4.29,4.34,1301238,21046364.00
20130828,4.30,4.30,4.21,4.21,1616736,25717388.00
20130829,4.21,4.25,4.15,4.18,881779,13809209.00
20130830,4.19,4.21,4.01,4.03,1539390,23576988.00
20130902,4.03,4.07,3.99,4.06,1174830,17700614.00
20130903,4.05,4.19,4.04,4.14,921378,14225136.00
20130904,4.16,4.16,4.09,4.09,818876,12596086.00
20130905,4.12,4.30,4.12,4.25,2897975,45825156.00
20130906,4.32,4.33,4.20,4.26,1858064,29637570.00
20130909,4.31,4.71,4.31,4.71,6971525,120769368.00
20130910,4.67,4.93,4.67,4.75,5492659,97675080.00
20130911,4.82,4.82,4.53,4.62,2695742,46454672.00
20130912,4.57,4.65,4.49,4.55,2047657,34785020.00
20130913,4.52,4.63,4.51,4.59,1610030,27490992.00
20130916,4.64,4.68,4.51,4.55,1334355,22786272.00
20130917,4.51,4.65,4.51,4.57,1872998,32087186.00
20130918,4.54,4.62,4.42,4.51,1140084,19029164.00
20130923,4.49,4.65,4.48,4.63,1543210,26391910.00
20130924,4.60,4.65,4.51,4.60,1093077,18652960.00
20130925,4.62,4.88,4.59,4.66,2204035,38827204.00
20130926,4.70,4.74,4.47,4.48,1690961,28766176.00
20130927,4.54,4.66,4.48,4.51,710160,12075143.00
20130930,4.52,4.64,4.48,4.58,842945,14248662.00
20131008,4.56,4.69,4.53,4.65,1283881,22100680.00
20131009,4.64,4.69,4.57,4.65,2009311,34606272.00
20131010,4.65,4.69,4.58,4.59,1534457,26425740.00
20131011,4.61,4.64,4.45,4.55,1921541,32462268.00
20131014,4.55,4.55,4.45,4.50,1937656,32376616.00
20131015,4.51,4.54,4.46,4.54,1376133,23093896.00
20131016,4.51,4.54,4.15,4.21,2010426,32317834.00
20131017,4.20,4.33,4.16,4.19,1829650,28791892.00
20131018,4.19,4.30,4.19,4.25,672201,10663113.00
20131021,4.23,4.37,4.23,4.36,1529623,24694368.00
20131022,4.36,4.36,4.22,4.25,1514266,24153278.00
20131023,4.25,4.28,4.13,4.15,899543,14091233.00
20131024,4.15,4.18,4.11,4.16,616715,9560992.00
20131025,4.17,4.19,4.06,4.11,632416,9743890.00
20131028,4.12,4.24,4.09,4.23,790210,12376601.00
20131029,4.20,4.24,3.88,3.95,1370167,20520370.00
20131030,3.95,4.10,3.91,4.07,1132982,16999280.00
20131031,4.06,4.26,4.00,4.11,1229191,19086318.00
20131101,4.09,4.13,3.96,4.10,736353,11176336.00
20131104,4.10,4.22,4.06,4.17,829512,12867497.00
20131105,4.17,4.29,4.17,4.22,1162420,18348776.00
20131106,4.18,4.28,4.15,4.16,1010350,15933375.00
20131107,4.14,4.17,4.06,4.07,788603,12143244.00
20131108,4.06,4.09,3.91,4.02,816666,12207099.00
20131111,4.01,4.37,3.96,4.24,1620983,25522426.00
20131112,4.29,4.59,4.24,4.48,3847921,63850180.00
20131113,4.45,4.47,4.34,4.42,2185452,35887624.00
20131114,4.42,4.76,4.41,4.62,3768094,64978780.00
20131115,4.65,4.98,4.62,4.95,5581635,100043744.00
20131118,4.98,5.07,4.80,4.95,4722368,86661112.00
20131119,4.92,5.17,4.86,4.98,3725113,69485744.00
20131120,4.96,5.06,4.84,4.93,3083699,56298412.00
20131121,4.96,4.99,4.76,4.78,2648522,47945276.00
20131122,4.82,4.97,4.76,4.90,2566611,46701700.00
20131125,4.87,5.31,4.84,5.20,3817714,72927456.00
20131126,5.17,5.44,5.09,5.16,3714121,72414896.00
20131127,5.16,5.35,5.12,5.26,2473881,48033284.00
20131128,5.25,5.64,5.19,5.56,2992450,60320428.00
20131129,5.54,6.01,5.54,5.76,4049922,86904632.00
20131202,5.16,5.40,5.16,5.16,2097130,40350124.00
20131203,4.81,5.04,4.63,4.92,4354669,77287304.00
20131204,4.86,5.04,4.70,4.71,3194330,58058992.00
20131205,4.63,4.77,4.57,4.65,3003820,51952932.00
20131206,4.64,4.75,4.59,4.62,2503309,43474988.00
20131209,4.62,4.89,4.62,4.81,2578089,45680348.00
20131210,4.84,4.84,4.70,4.73,1853227,32765062.00
20131211,4.76,4.94,4.73,4.84,2107512,37871396.00
20131212,4.81,4.93,4.79,4.85,1567699,28360228.00
20131213,4.85,4.95,4.80,4.88,1498091,27165656.00
20131216,4.88,4.95,4.72,4.78,1598311,28685690.00
20131217,4.84,4.84,4.63,4.72,960386,16994744.00
20131218,4.71,4.74,4.60,4.68,829401,14421823.00
20131219,4.72,4.76,4.65,4.65,744737,13031925.00
20131220,4.67,4.73,4.64,4.69,739426,12865515.00
20131223,4.70,4.70,4.47,4.59,868286,14774537.00
20131224,4.59,4.79,4.59,4.72,1047427,18367726.00
20131225,4.81,5.10,4.78,5.03,2588187,47847172.00
20131226,5.02,5.10,4.94,4.96,2330487,43524700.00
20131227,4.96,5.39,4.96,5.31,2970464,57422772.00
20131230,5.29,5.42,5.23,5.31,2329194,45910320.00
20131231,5.20,5.28,5.04,5.13,2249669,42836712.00
20140102,5.07,5.27,5.04,5.21,1619277,31145222.00
20140103,5.19,5.28,5.12,5.18,1698470,32748482.00
20140106,5.13,5.14,4.78,4.82,1631756,30120580.00
20140107,4.79,4.95,4.76,4.95,1299237,23514156.00
20140108,4.97,5.10,4.95,5.01,1624887,30330068.00
20140109,5.01,5.07,4.80,4.81,1567221,28914654.00
20140110,4.79,5.01,4.76,4.87,896985,16267367.00
20140113,4.89,5.04,4.86,4.97,1177401,21693216.00
20140114,4.99,5.47,4.86,5.32,2880045,55454548.00
20140115,5.35,5.53,5.25,5.41,3416658,68151584.00
20140116,5.40,5.46,5.29,5.35,2450809,48820564.00
20140117,5.34,5.67,5.32,5.57,4025760,82837696.00
20140120,5.57,5.66,5.31,5.47,2798956,56680768.00
20140121,5.52,5.67,5.37,5.64,2532841,51912984.00
20140122,5.63,5.64,5.40,5.58,2449866,50271564.00
20140123,5.54,5.79,5.50,5.66,2933948,61438476.00
20140124,5.62,5.81,5.57,5.66,2578637,54281764.00
20140127,5.51,5.53,5.37,5.37,2954599,59383128.00
20140128,5.35,5.42,5.19,5.29,1897672,37161368.00
20140129,5.45,5.84,5.37,5.68,3309470,68830968.00
20140130,5.61,5.66,5.40,5.52,1669188,34299148.00
20140207,5.40,5.61,5.40,5.59,2002820,40943264.00
20140210,5.59,5.83,5.53,5.74,2998190,62974512.00
20140211,5.74,6.06,5.66,5.92,4795333,104848696.00
20140212,5.91,6.36,5.77,6.35,4565937,102938968.00
20140213,6.23,6.45,6.05,6.07,3861833,89456224.00
20140214,6.15,6.34,6.07,6.28,2360948,54305260.00
20140217,6.40,6.69,6.34,6.54,2918066,69862816.00
20140218,6.56,6.57,6.37,6.43,1819873,43370148.00
20140219,6.41,6.46,6.09,6.22,2133232,49031420.00
20140220,6.23,6.25,5.92,6.03,1605960,35942296.00
20140221,6.01,6.23,5.99,6.12,1259868,28568946.00
20140224,6.12,6.24,5.88,6.18,1581523,35411996.00
20140225,6.18,6.48,5.91,6.11,3471613,79589704.00
20140226,6.09,6.15,5.71,6.06,1863713,41500244.00
20140227,6.12,6.12,5.61,5.72,3116500,67161752.00
20140228,5.72,5.72,5.46,5.62,1238722,25617832.00
20140303,5.67,5.67,5.57,5.64,1246589,25977906.00
20140304,5.61,5.67,5.41,5.60,1358673,28028878.00
20140305,5.65,5.66,5.51,5.65,1259372,26095722.00
20140306,5.66,5.66,5.44,5.59,1156833,23855176.00
20140307,5.56,5.75,5.56,5.64,1272156,26674972.00
20140310,5.59,5.59,5.29,5.29,1245856,25026710.00
20140311,5.35,5.39,5.15,5.33,681320,13412607.00
20140312,5.31,5.36,5.18,5.26,602221,11777492.00
20140313,5.27,5.38,5.26,5.38,380611,7512887.50
20140314,5.33,5.42,5.27,5.41,631737,12523780.00
20140317,5.43,5.66,5.37,5.63,944357,19469736.00
20140318,5.61,5.70,5.57,5.62,669089,13969868.00
20140319,5.62,5.62,5.40,5.48,571777,11645991.00
20140320,5.46,5.53,5.02,5.07,1881455,36669792.00
20140321,5.09,5.20,4.99,5.16,910716,17149718.00
20140324,5.18,5.19,5.04,5.09,624818,11850537.00
20140325,5.11,5.21,5.07,5.14,497242,9489435.00
20140326,5.17,5.29,5.12,5.19,620104,11979366.00
20140327,5.19,5.19,4.99,5.01,885692,16585820.00
20140328,5.00,5.05,4.90,4.96,615762,11399828.00
20140331,4.95,5.01,4.86,5.01,427914,7876980.50
20140401,5.00,5.11,4.99,5.09,434020,8178613.50
20140402,5.20,5.20,5.01,5.04,309570,5810649.00
20140403,5.08,5.17,5.04,5.10,396598,7509630.50
20140404,5.03,5.13,5.00,5.13,365279,6882954.50
20140408,4.79,5.01,4.79,4.92,963939,17507028.00
20140409,4.92,5.01,4.91,4.98,469147,8663755.00
20140410,4.99,5.20,4.99,5.06,804522,15320621.00
20140411,5.01,5.02,4.93,5.02,480684,8872633.00
20140414,5.04,5.15,5.00,5.13,446643,8440026.00
20140415,5.12,5.20,5.10,5.12,449090,8570735.00
20140416,5.11,5.17,5.08,5.13,379389,7214053.00
20140417,5.17,5.18,5.13,5.13,491923,9410445.00
20140418,5.11,5.17,5.04,5.13,414391,7872982.50
20140421,5.05,5.17,5.05,5.05,295794,5612486.00
20140422,5.05,5.12,4.87,4.92,487955,8966252.00
20140423,5.03,5.03,4.85,4.91,323964,5920668.00
20140424,4.91,4.92,4.70,4.74,594788,10635197.00
20140425,4.75,4.75,4.51,4.52,816131,14046972.00
20140428,4.52,4.61,4.47,4.53,532857,9012929.00
20140429,4.51,4.61,4.50,4.59,314176,5321555.00
20140430,4.59,4.62,4.54,4.59,234291,3996870.75
20140505,4.59,4.70,4.59,4.67,283932,4922144.00
20140506,4.66,4.91,4.66,4.83,520273,9335113.00
20140507,4.83,4.89,4.70,4.71,461104,8213466.00
20140508,4.65,4.83,4.63,4.73,289660,5118307.00
20140509,4.71,4.91,4.59,4.83,855420,15292346.00
20140512,4.83,5.00,4.80,4.93,514282,9399980.00
20140513,4.86,4.97,4.81,4.84,462171,8345207.50
20140514,4.84,4.89,4.73,4.82,376125,6722182.00
20140515,4.80,4.85,4.70,4.71,368693,6541347.50
20140516,4.71,4.79,4.68,4.73,352351,6197593.00
20140519,4.74,4.84,4.68,4.75,247080,4333598.50
20140520,4.77,4.91,4.77,4.87,549356,9947609.00
20140521,4.88,4.89,4.76,4.89,405756,7317681.00
20140522,4.91,5.15,4.87,5.03,1140357,21289150.00
20140523,5.05,5.08,4.96,5.07,776522,14493496.00
20140526,5.04,5.17,5.04,5.10,707335,13371582.00
20140527,5.09,5.11,5.03,5.04,497681,9353199.00
20140528,5.06,5.22,5.04,5.18,710240,13597146.00
20140529,5.15,5.19,5.04,5.06,608035,11538642.00
20140530,5.04,5.22,5.02,5.18,831340,15832307.00
20140603,5.18,5.31,5.15,5.25,790481,15300222.00
20140604,5.24,5.24,5.02,5.06,725963,13699774.00
20140605,5.07,5.14,5.02,5.12,453081,8529373.00
20140606,5.14,5.14,5.04,5.05,502790,9460896.00
20140609,5.07,5.13,5.01,5.04,456499,8517672.00
20140610,5.07,5.14,5.01,5.12,523656,9843314.00
20140611,5.12,5.18,5.09,5.17,661965,12594483.00
20140612,5.15,5.51,5.15,5.34,1739777,34420564.00
20140613,5.31,5.53,5.29,5.43,1269612,25592088.00
20140616,5.42,5.52,5.36,5.39,1049220,20931534.00
20140617,5.39,5.41,5.29,5.33,725597,14316004.00
20140618,5.33,5.37,5.23,5.33,648226,12637185.00
20140619,5.27,5.35,5.03,5.07,799008,15281499.00
20140620,5.07,5.16,5.04,5.15,456389,8616675.00
20140623,5.19,5.34,5.15,5.26,834519,16278348.00
20140624,5.26,5.47,5.24,5.42,1300347,25819188.00
20140625,5.39,5.52,5.32,5.48,1500850,30072304.00
20140626,5.54,5.64,5.48,5.51,2369581,48747964.00
20140627,5.49,5.63,5.49,5.59,1462571,30080542.00
20140630,5.70,6.16,5.67,6.16,5079545,113351520.00
20140701,6.26,6.26,5.97,6.04,3520210,78647632.00
20140702,6.19,6.31,5.87,6.02,3219942,71940456.00
20140703,5.92,6.06,5.86,5.92,2854884,62351852.00
20140704,5.92,6.01,5.81,6.01,1840443,40080252.00
20140707,6.01,6.01,5.88,5.94,1341147,29294428.00
20140708,5.95,6.54,5.94,6.54,5446343,127364120.00
20140709,6.59,7.21,6.59,6.96,7994120,202550544.00
20140710,7.09,7.31,6.92,7.06,5202425,135574080.00
20140711,6.95,7.16,6.88,7.04,3271158,84075120.00
20140714,7.09,7.11,6.86,6.91,2667934,68010944.00
20140715,6.79,7.20,6.62,7.06,4277039,108713000.00
20140716,6.97,6.97,6.54,6.62,3684462,90518504.00
20140717,6.67,6.75,6.41,6.58,1830232,44113108.00
20140718,6.58,7.07,6.54,6.74,2582980,64705784.00
20140721,6.68,6.81,6.54,6.66,1161530,28526358.00
20140722,6.60,6.72,6.59,6.62,1053605,25696710.00
20140723,6.64,6.65,6.07,6.10,2833453,65424536.00
20140724,6.08,6.12,5.86,6.01,1406247,31009780.00
20140725,6.03,6.12,5.92,6.08,987118,21838530.00
20140728,6.08,6.19,6.08,6.16,1410319,31761926.00
20140729,6.19,6.29,6.09,6.23,1484401,33705256.00
20140730,6.20,6.23,6.10,6.23,1066653,24208452.00
20140731,6.21,6.42,6.17,6.35,1713475,39841340.00
20140801,6.34,6.36,6.09,6.11,1057160,24174828.00
20140804,6.07,6.54,6.07,6.48,2054209,48335872.00
20140805,6.48,6.56,6.34,6.48,1243234,29470962.00
20140806,6.42,6.53,6.39,6.46,1020120,24246460.00
20140807,6.47,6.47,6.26,6.27,999748,23381800.00
20140808,6.22,6.31,6.19,6.28,678108,15559712.00
20140811,6.28,6.29,6.18,6.27,995834,22834822.00
20140812,6.29,6.59,6.26,6.55,2101629,49949072.00
20140813,6.56,6.58,6.40,6.48,1207276,28683584.00
20140814,6.47,6.87,6.44,6.65,2573134,63537856.00
20140815,6.63,6.89,6.63,6.74,1650188,41063112.00
20140818,6.86,6.95,6.76,6.83,1616926,40547488.00
20140819,6.81,6.91,6.73,6.88,1711825,42925388.00
20140820,6.81,6.87,6.59,6.73,1586254,39195636.00
20140821,6.69,6.97,6.69,6.97,1688452,42525052.00
20140822,6.89,7.15,6.89,7.01,1216334,31283110.00
20140825,6.98,7.08,6.74,6.81,877811,22023380.00
20140826,6.83,6.94,6.50,6.53,1208710,29407608.00
20140827,6.62,6.83,6.56,6.79,903068,22239292.00
20140828,6.76,6.87,6.66,6.69,469984,11605411.00
20140829,6.76,6.79,6.62,6.77,533224,13197088.00
20140901,6.95,7.02,6.82,6.92,1005687,25599190.00
20140902,7.00,7.07,6.88,7.01,1183589,30280826.00
20140903,7.01,7.72,7.01,7.72,3991620,110956280.00
20140904,7.65,7.82,7.55,7.73,2630990,73990184.00
20140905,7.77,7.77,7.52,7.66,1680056,47159884.00
20140909,7.59,7.92,7.58,7.78,1737017,49574376.00
20140910,7.70,8.14,7.55,7.98,2058745,59586624.00
20140911,8.07,8.20,7.59,7.65,2397950,69260192.00
20140912,7.59,8.43,7.50,8.43,2761002,81430648.00
20140915,8.48,8.56,8.24,8.43,1726047,52878840.00
20140916,8.42,8.42,7.87,7.92,2153963,63957044.00
20140917,7.97,8.00,7.74,7.87,1123943,32319944.00
20140918,7.87,8.42,7.80,8.03,1392750,41542116.00
20140919,7.93,8.17,7.93,8.12,591907,17515800.00
20140922,8.14,8.26,7.82,7.98,902531,26806492.00
20140923,8.20,8.79,8.09,8.76,2001555,62448304.00
20140924,8.62,9.36,8.54,9.22,2119521,70254712.00
20140925,9.31,10.16,9.09,10.12,3621696,130447232.00
20140926,10.33,10.33,9.73,9.92,2041524,74425000.00
20140929,10.02,10.92,9.92,10.92,3133042,122082592.00
20140930,11.26,11.43,10.67,10.97,3425918,138010736.00
20141008,10.98,11.00,10.35,10.76,2551831,98657456.00
20141009,10.59,10.69,10.29,10.48,2857791,108809944.00
20141010,10.49,10.49,10.17,10.22,2201682,82609976.00
20141013,10.17,10.47,10.17,10.31,1819135,68482528.00
20141014,10.30,10.35,9.87,9.90,1912140,70340416.00
20141015,9.92,9.99,9.51,9.79,2503254,88644608.00
20141016,9.72,9.80,9.59,9.59,1646200,58171332.00
20141017,9.59,9.81,9.50,9.66,1492540,52697208.00
20141020,9.56,9.82,9.54,9.78,1175021,41791448.00
20141021,9.81,10.06,9.73,9.73,1447308,52195964.00
20141022,9.74,9.79,9.21,9.23,1966706,67377216.00
20141023,9.08,9.14,8.76,8.87,1557073,50750620.00
20141024,8.89,9.13,8.77,8.90,836336,27349488.00
20141027,8.80,9.10,8.80,9.02,673273,22211960.00
20141028,9.07,9.73,9.04,9.59,2151775,74370672.00
20141029,9.59,9.77,9.47,9.62,1356600,47590824.00
20141030,9.70,9.75,9.46,9.48,1038140,36300560.00
20141031,9.46,9.58,9.07,9.19,1207243,40780112.00
20141103,9.17,9.36,9.09,9.36,893252,30143696.00
20141104,9.32,10.31,9.23,10.31,3656194,134068648.00
20141105,10.31,10.76,10.09,10.18,2382806,90545984.00
20141106,10.24,10.69,9.93,10.51,2466707,93380080.00
20141107,10.52,10.74,10.29,10.46,1819445,69682544.00
20141110,10.39,10.73,10.39,10.70,1685433,65230716.00
20141111,10.70,10.71,10.01,10.01,1886196,70400624.00
20141112,9.88,10.36,9.48,9.74,1757991,63081672.00
20141113,9.59,9.73,8.94,9.01,2112890,70896304.00
20141114,8.99,9.31,8.86,9.01,976352,32231072.00
20141117,9.01,9.43,8.93,9.25,1031794,34766172.00
20141118,9.23,9.42,9.13,9.28,823178,28023622.00
20141119,9.28,9.46,9.27,9.32,768462,26252332.00
20141120,9.27,9.31,8.98,9.06,1054873,35024896.00
20141121,9.04,9.64,9.04,9.50,1603352,55139300.00
20141124,9.48,9.87,9.48,9.83,1298908,45600972.00
20141125,10.01,10.73,9.92,10.56,2406830,91915088.00
20141126,10.51,10.51,10.16,10.38,1337213,50347904.00
20141127,10.40,10.56,10.22,10.27,1318488,49796368.00
20141128,10.27,10.81,10.18,10.70,2295968,88662592.00
20141201,10.67,11.26,10.23,10.42,1837862,71074128.00
20141202,10.26,10.80,10.26,10.38,1466411,56010980.00
20141203,10.42,10.56,10.20,10.56,1568807,59184596.00
20141204,10.59,11.09,10.57,10.84,1791708,70251576.00
20141205,10.67,10.81,9.93,10.11,1963192,73732672.00
20141208,10.00,10.00,9.59,9.71,1552641,55337012.00
20141209,9.62,9.94,9.21,9.31,2060991,72457296.00
20141210,9.21,9.83,9.20,9.80,840745,29579080.00
20141211,9.69,9.99,9.65,9.89,762901,27335796.00
20141212,9.82,10.03,9.78,9.99,598074,21676458.00
20141215,10.16,10.98,10.05,10.46,2457264,94506984.00
20141216,10.46,11.17,10.29,11.05,2659438,104905936.00
20141217,11.02,11.09,10.61,10.62,1703523,66737604.00
20141218,10.62,11.52,10.34,11.06,2018029,81346960.00
20141219,11.04,11.47,10.70,10.94,1604280,64537564.00
20141222,10.72,10.94,9.83,9.84,1914659,70604320.00
20141223,9.79,10.14,9.44,9.48,1165527,41202256.00
20141224,9.78,9.79,9.49,9.62,1028025,36014928.00
20141225,9.64,10.01,9.58,9.98,826697,29665238.00
20141226,9.92,10.22,9.76,10.03,632691,23033566.00
20141229,9.93,10.02,9.03,9.09,1690384,57909536.00
20141230,9.20,9.23,8.27,8.40,1477796,46510008.00
20141231,8.31,8.58,8.09,8.51,1118838,34042228.00
20150105,8.52,8.53,8.00,8.22,818481,24599998.00
20150106,8.15,8.61,8.15,8.61,957180,29425584.00
20150107,8.67,8.67,8.17,8.38,1037808,31483060.00
20150108,8.22,8.54,8.22,8.44,968557,29982974.00
20150109,8.44,8.64,8.35,8.54,969756,30373576.00
20150112,8.57,9.16,8.48,9.12,1379766,44635840.00
20150113,9.20,9.21,8.90,9.03,696100,23040120.00
20150114,9.11,9.13,8.76,8.81,494900,16034043.00
20150115,8.77,9.17,8.76,8.84,500355,16314628.00
20150116,8.81,8.92,8.67,8.87,633993,20380514.00
20150119,8.70,9.30,8.48,8.76,1349101,43437288.00
20150120,8.72,9.17,8.72,9.14,1127166,37084360.00
20150121,9.15,9.98,9.12,9.91,2295032,80811216.00
20150122,9.75,10.03,9.73,9.91,1006246,36343080.00
20150210,10.42,10.59,9.52,9.92,2722106,99098920.00
20150211,9.79,9.87,9.62,9.81,974023,34685848.00
20150212,9.73,9.84,9.48,9.52,867601,30459982.00
20150213,9.52,9.95,9.52,9.95,1057984,37948268.00
20150216,10.00,10.10,9.84,9.95,999438,36152060.00
20150217,10.05,10.26,9.83,10.21,932472,34076972.00
20150225,10.22,10.54,10.15,10.26,1118847,42201968.00
20150226,10.25,10.29,9.93,10.09,743519,27366188.00
20150227,10.11,10.20,9.96,10.17,561756,20676796.00
20150302,10.17,10.31,9.93,10.11,1076459,39383180.00
20150303,10.20,11.13,10.20,11.13,1714525,67927464.00
20150304,11.81,12.26,11.27,11.69,3598583,154350288.00
20150305,11.49,12.87,11.49,12.87,3953931,177979312.00
20150306,12.99,14.16,12.95,13.45,5011152,247017088.00
20150309,13.20,13.32,12.63,12.87,2596786,122628072.00
20150310,12.85,13.44,12.79,12.88,1909606,90231128.00
20150311,12.88,13.22,12.27,13.09,1840210,85697344.00
20150312,13.01,13.01,12.22,12.37,2045930,92890208.00
20150313,12.30,12.61,12.28,12.32,1219688,55099208.00
20150316,12.38,12.86,12.37,12.71,2235150,102791056.00
20150317,12.82,12.90,12.37,12.52,2341132,107387128.00
20150318,12.52,13.62,12.52,13.39,2919605,139408928.00
20150319,13.40,14.45,12.93,14.16,3791305,186794240.00
20150320,14.30,14.31,13.84,13.99,2084658,106256680.00
20150323,14.13,14.22,13.65,14.20,2942591,149144656.00
20150324,14.42,14.42,13.26,13.87,2940194,147645424.00
20150325,13.71,15.25,13.52,14.73,3195324,164700128.00
20150326,15.01,16.22,14.55,16.22,5249471,301828448.00
20150327,16.29,17.81,15.96,15.97,4603642,281112512.00
20150330,16.29,16.77,15.24,15.69,3266968,186732592.00
20150331,15.42,17.27,15.17,17.27,3470007,204553040.00
20150401,16.81,18.34,16.60,17.51,3335684,211191536.00
20150402,19.17,19.27,18.34,19.27,3259546,226199072.00
20150403,20.09,21.21,19.32,21.21,1842804,137169152.00
20150407,23.35,23.35,21.81,23.35,5839501,486261152.00
20150408,23.36,23.36,21.00,21.59,5562921,446131104.00
20150409,20.92,23.76,20.92,23.76,17456966,728646272.00
20150410,23.79,23.92,22.02,22.02,15559406,633696768.00
20150413,21.15,21.37,20.56,20.96,9225714,349783072.00
20150414,20.58,20.80,19.81,19.87,8454403,307822464.00
20150415,19.93,20.03,17.87,17.87,7802481,262063504.00
20150416,17.70,18.89,17.14,17.99,6469292,211341008.00
20150417,18.17,18.48,17.80,17.88,4309000,140673808.00
20150420,17.94,18.07,16.92,16.92,5695975,178726672.00
20150421,17.05,18.22,16.94,18.20,5410366,172848864.00
20150422,18.26,19.00,18.15,18.54,5522504,186342400.00
20150423,18.81,19.12,18.44,18.98,4906894,166484736.00
20150424,18.75,18.89,18.15,18.30,3812072,127141336.00
20150427,18.26,19.15,18.26,18.42,4502304,152096768.00
20150428,18.37,18.52,17.26,17.44,3705299,118853400.00
20150429,17.37,18.40,16.99,18.19,3475217,112640640.00
20150430,18.24,18.54,17.90,18.32,3688146,121695552.00
20150504,18.32,18.51,17.81,17.98,2569275,83888608.00
20150505,18.00,18.09,17.41,17.52,2556632,81804336.00
20150506,17.52,18.09,17.41,17.48,2918152,93794424.00
20150507,17.16,17.53,15.92,16.15,4241897,127535912.00
20150508,16.44,17.29,16.42,17.29,3366170,103436528.00
20150511,17.66,18.79,17.47,18.62,5472785,180630608.00
20150512,18.81,19.29,18.26,18.79,5921427,200665456.00
20150513,18.79,19.29,17.87,19.15,6226260,211247888.00
20150514,18.87,20.41,18.85,20.41,7474769,268970144.00
20150515,20.37,20.37,19.30,19.59,4804103,171063296.00
20150518,19.47,20.79,19.17,20.68,7008246,253869840.00
20150519,20.59,21.23,20.15,20.56,5810493,215505232.00
20150520,20.56,22.39,20.48,21.02,7091071,273494464.00
20150521,20.98,22.39,20.76,22.19,7510012,295314848.00
20150522,22.26,22.70,20.37,21.41,7305279,283560768.00
20150525,20.97,21.95,20.04,20.97,6252200,235573072.00
20150526,20.81,23.08,20.73,23.08,6029221,241057168.00
20150527,23.81,25.40,23.70,25.05,8695551,386634080.00
20150528,24.54,26.76,23.86,24.57,9891337,452722688.00
20150529,24.56,27.04,24.19,27.04,9041521,430173344.00
20150601,28.26,29.75,27.70,29.75,6949673,367833824.00
20150602,32.15,32.59,28.48,29.05,11912551,645473408.00
20150603,29.26,29.37,26.72,27.73,9943856,494807168.00
20150604,27.15,28.22,24.95,26.45,8150093,384092736.00
20150605,26.47,27.67,24.92,26.03,6568999,313620256.00
20150608,26.05,26.59,23.65,24.34,7071789,313665920.00
20150609,24.34,25.23,23.81,24.92,4558760,203420768.00
20150610,24.86,26.66,24.81,26.31,6381440,298730144.00
20150611,26.32,27.42,26.31,27.15,5846429,285201856.00
20150612,27.15,27.58,26.04,26.31,4726227,225184592.00
20150615,26.04,26.20,23.70,23.76,5483089,243670224.00
20150616,23.51,23.51,21.57,21.68,4537950,181081024.00
20150617,21.40,23.86,21.40,23.86,4722089,191972400.00
20150618,23.54,25.17,21.98,22.35,5022103,217799888.00
20150619,21.31,22.15,20.15,20.67,3809031,145941840.00
20150623,20.49,22.06,18.81,21.96,4650102,173550352.00
20150624,21.95,22.59,20.77,21.57,3958340,155960480.00
20150625,21.56,21.69,19.50,19.73,4132085,153966336.00
20150626,19.36,19.36,17.75,17.75,3657042,119633328.00
20150629,18.26,18.47,15.97,15.97,3955730,116850816.00
20150630,15.41,17.56,14.36,17.26,5722244,163165456.00
20150701,16.68,17.98,15.52,15.52,5241078,159914928.00
20150702,15.36,15.48,13.96,13.96,4521690,119219832.00
20150703,14.65,14.65,12.56,12.56,5529148,132141136.00
20150706,13.82,13.82,11.30,11.39,8482086,192518144.00
20150707,10.56,11.04,10.24,10.24,2862798,54197864.00
20150715,11.27,11.27,11.27,11.27,95302,1947019.88
20150716,11.90,12.41,10.48,12.41,11282913,246818992.00
20150717,12.97,13.66,12.87,13.66,5924658,143709648.00
20150720,15.03,15.03,15.03,15.03,1118963,30424604.00
20150721,16.54,16.54,15.82,16.54,8747425,257818080.00
20150722,16.76,18.20,16.49,18.01,14907311,465525504.00
20150723,17.42,19.61,17.15,18.79,11545259,382263872.00
20150724,18.47,19.53,17.48,18.05,10589460,354495040.00
20150727,17.37,19.10,16.24,16.26,10538793,338782528.00
20150728,14.87,16.95,14.62,15.92,9096079,257587200.00
20150729,16.34,17.52,15.92,17.52,9368202,282213440.00
20150730,17.70,19.28,17.70,18.59,11622790,399102176.00
20150731,17.98,19.86,17.98,18.97,11591283,400528288.00
20150803,18.20,19.34,17.07,17.42,8621658,281371200.00
20150804,18.09,19.17,18.05,19.17,8898216,305693664.00
20150805,21.10,21.10,20.57,21.10,6702077,255447888.00
20150806,21.47,22.09,19.26,19.67,18036836,681302016.00
20150807,19.87,21.31,19.67,20.74,11519952,428441472.00
20150810,20.48,22.00,19.98,21.37,15728429,595001408.00
20150811,21.04,21.34,20.26,20.44,11145738,417970976.00
20150812,19.92,21.29,19.82,20.37,7674560,287181088.00
20150813,19.93,20.47,18.98,20.09,8463664,301353952.00
20150814,20.27,20.92,19.76,19.82,6707711,246913648.00
20150817,19.29,19.70,18.91,19.19,5612537,194884448.00
20150818,19.27,21.12,19.27,19.87,16707147,623249664.00
20150819,19.70,20.92,17.87,20.21,13348772,453942048.00
20150820,19.81,19.81,18.20,18.25,7716852,265874688.00
20150821,17.55,17.79,16.41,16.41,6475643,199392480.00
20150824,14.76,15.48,14.76,14.76,3252000,87200456.00
20150825,13.28,13.54,13.28,13.28,3237700,77953848.00
20150826,13.53,13.80,11.95,11.95,8539146,194325232.00
20150827,12.15,12.70,10.90,12.30,6391946,140256112.00
20150828,12.59,13.54,12.31,13.54,7537130,175470704.00
20150831,13.20,14.14,12.90,12.90,7206206,178479072.00
20150901,12.54,12.81,11.60,11.60,4437048,95605376.00
20150902,10.73,12.15,10.44,10.44,5664643,112609168.00
20150907,10.96,11.31,10.26,10.73,5635502,111510944.00
20150908,10.73,11.81,10.42,11.81,5680887,114915984.00
20150909,12.04,12.86,11.98,12.64,7695990,173485840.00
20150910,12.20,12.60,12.07,12.14,4839343,107973472.00
20150911,12.04,12.70,11.98,12.43,4667583,104562504.00
20150914,12.70,12.70,11.18,11.18,4117946,87610648.00
20150915,10.48,10.86,10.05,10.05,3987300,74788360.00
20150916,10.15,11.06,9.92,11.06,5157960,97622192.00
20150917,11.06,11.98,10.65,10.76,7296066,148556480.00
20150918,11.04,11.09,10.62,11.04,3712702,73328624.00
20150921,10.95,11.91,10.76,11.79,5179102,107539944.00
20150922,11.91,12.52,11.80,12.10,5967768,130765424.00
20150923,11.65,12.09,11.51,11.86,4718678,101028304.00
20150924,11.92,12.47,11.92,12.25,4785878,106058368.00
20150925,12.26,12.56,11.04,11.40,5419628,116003776.00
20150928,11.47,12.24,11.06,12.05,3767968,79576808.00
20150929,11.69,11.87,11.20,11.52,3563820,74845288.00
20150930,11.52,11.79,11.26,11.52,2062168,42957448.00
20151008,12.14,12.40,11.81,12.25,4465009,98418208.00
20151009,12.23,12.92,12.09,12.81,5559810,127473200.00
20151012,13.04,13.89,13.02,13.67,5053712,123630248.00
20151013,13.55,13.80,13.40,13.71,4372468,107909328.00
20151014,13.47,13.81,13.21,13.34,4773214,116384416.00
20151015,13.20,13.95,13.17,13.84,5098100,125802920.00
20151016,13.94,14.81,13.82,14.19,5950472,152977920.00
20151019,13.98,14.31,13.44,13.62,5256515,131839600.00
20151020,13.62,14.25,13.47,14.25,5494140,139045184.00
20151021,14.21,14.24,12.81,12.81,7296420,178412560.00
20151022,12.62,13.33,12.41,13.23,6657736,155910096.00
20151023,13.47,14.55,12.99,14.29,8212808,208653168.00
20151026,14.42,15.73,13.76,15.73,8328910,220271568.00
20151027,16.42,16.42,14.54,15.65,11359018,320461408.00
20151028,15.21,15.62,14.86,15.10,7252409,200155072.00
20151029,15.47,15.47,14.77,15.01,4479005,122166848.00
20151030,14.98,15.17,14.59,14.74,4184551,112669112.00
20151102,14.09,14.70,13.82,14.08,3776877,97810680.00
20151103,14.15,14.47,14.04,14.23,3384042,87288920.00
20151104,14.52,15.20,14.41,15.19,4604022,123795256.00
20151105,15.30,15.64,14.90,15.00,5253765,144289248.00
20151106,15.15,15.59,15.04,15.44,5235639,145752000.00
20151109,15.17,15.76,14.93,15.57,6388428,177576688.00
20151110,15.80,17.14,15.76,17.14,4884477,146813344.00
20151111,18.39,18.41,17.41,17.70,14064752,456379232.00
20151112,17.70,19.00,17.48,18.05,9460415,311789152.00
20151113,17.69,17.81,16.42,16.61,8604226,265744304.00
20151116,16.03,17.34,15.85,17.34,6248271,188880032.00
20151117,17.67,17.74,16.48,16.85,5429593,168269808.00
20151118,16.98,17.54,16.40,16.42,4599317,141511376.00
20151119,17.08,18.07,16.87,18.07,3629346,116932448.00
20151120,18.81,19.26,18.04,18.33,9363577,313017952.00
20151123,18.04,18.47,17.62,17.81,5970172,194942288.00
20151124,17.56,18.20,17.21,18.03,4705817,150056944.00
20151125,18.09,19.25,17.82,18.87,8124950,272637472.00
20151126,18.89,18.92,18.35,18.45,4215880,141518336.00
20151127,18.23,18.35,16.60,16.71,5196633,163773728.00
20151130,16.81,17.65,15.59,17.41,5030074,152544832.00
20151201,17.20,17.65,16.81,17.29,3322849,103600664.00
20151202,17.17,17.34,16.04,16.70,2818599,84759920.00
20151203,16.59,17.31,16.59,17.22,2659605,82115064.00
20151204,17.23,18.56,16.90,17.98,5603118,178410016.00
20151207,19.79,19.79,19.78,19.79,3921038,140177088.00
20151208,21.59,21.77,20.50,20.51,18619316,713794240.00
20151209,19.59,19.91,19.27,19.48,9454345,334160096.00
20151210,19.16,20.46,19.16,19.46,7329811,262577568.00
20151211,19.15,19.24,18.54,18.88,5690574,193429184.00
20151214,18.26,19.25,17.76,19.05,4321829,147243248.00
20151215,19.15,19.60,18.81,19.30,3697178,128545496.00
20151216,19.45,20.18,19.29,19.66,4585150,164163248.00
20151217,19.57,20.95,19.56,20.29,6745203,245506976.00
20151218,20.12,20.41,19.20,19.56,7037444,249370016.00
20151221,19.60,19.67,19.21,19.38,3168011,111111904.00
20151222,19.48,19.81,19.30,19.73,3112812,109906968.00
20151223,19.81,19.89,18.82,19.15,4208338,146848784.00
20151224,19.11,19.33,18.44,19.20,3048767,104088200.00
20151225,19.22,19.86,19.02,19.39,4156881,146051488.00
20151228,19.15,19.77,18.86,18.86,5136256,180071664.00
20151229,18.95,18.96,18.29,18.65,2768664,92832240.00
20151230,18.81,19.32,18.70,19.31,2905814,99982008.00
20151231,19.32,19.55,18.85,19.34,2585907,89760104.00
20160104,19.37,19.40,17.40,17.40,2706569,90320288.00
20160105,16.49,16.87,15.65,16.14,6271839,184525248.00
20160106,16.59,16.69,15.93,16.55,3375424,100015120.00
20160107,15.76,16.32,14.89,14.89,2000957,55108300.00
20160108,14.81,15.20,13.40,14.20,6283799,162064336.00
20160111,13.26,13.80,12.77,12.77,3890407,93039016.00
20160112,12.65,13.04,11.98,12.91,3733049,85103544.00
20160113,12.92,13.25,12.21,12.24,2824375,65694976.00
20160114,11.54,13.09,11.40,12.92,3832484,85755872.00
20160115,12.70,13.01,11.95,12.08,3031267,68417584.00
20160118,11.67,12.81,11.59,12.49,3452055,76737216.00
20160119,12.25,13.42,12.21,13.40,5490473,128424128.00
20160120,13.42,13.47,12.84,13.15,4966562,118484600.00
20160121,12.92,13.39,12.27,12.27,4031019,94418400.00
20160122,12.43,12.80,12.06,12.66,2962535,66718884.00
20160125,12.98,13.25,12.66,12.85,2834576,66419384.00
20160126,12.71,12.71,11.55,11.55,3682629,80594176.00
20160127,11.54,11.69,10.53,11.35,3807302,76798424.00
20160128,10.86,11.33,10.41,10.56,2754730,54460064.00
20160129,10.40,11.25,10.40,11.01,2481606,49213764.00
20160201,11.02,11.19,10.70,10.98,2073835,41113288.00
20160202,11.03,11.62,10.93,11.49,2905164,60059780.00
20160203,11.31,11.73,11.10,11.59,2244161,46157284.00
20160204,11.72,11.98,11.63,11.82,2527561,54068060.00
20160205,12.03,12.03,11.59,11.69,2002598,42763300.00
20160215,11.04,11.92,11.04,11.81,2149340,44850984.00
20160216,11.93,12.42,11.82,12.37,2865314,63425980.00
20160217,12.31,12.59,12.09,12.51,2548802,56821196.00
20160218,12.60,12.65,12.19,12.24,2920662,65659468.00
20160219,12.15,12.52,12.04,12.36,2228247,49467744.00
20160222,12.60,12.62,12.32,12.62,3879021,87667536.00
20160223,12.59,13.17,12.46,12.94,4341280,101169904.00
20160224,12.87,12.99,12.21,12.71,3252733,74189552.00
20160225,12.65,12.67,11.43,11.43,3166338,68490512.00
20160226,11.42,11.64,10.88,11.05,2674395,54269480.00
20160229,11.09,11.11,9.97,10.08,2594456,48057900.00
20160301,10.20,10.59,10.01,10.37,2363705,44150004.00
20160302,10.31,11.15,10.31,11.02,2975095,58053756.00
20160303,10.92,12.13,10.90,12.13,7016030,151806560.00
20160304,11.92,12.07,10.91,11.15,7243608,150964480.00
20160314,12.27,12.27,12.27,12.27,442630,9835239.00
20160315,13.15,13.50,12.60,12.68,9471082,224174544.00
20160316,12.69,12.94,12.06,12.17,6175747,138708880.00
20160317,12.19,12.79,12.04,12.76,6388778,144350176.00
20160318,12.65,13.70,12.65,13.54,8911072,212124240.00
20160321,13.59,13.67,13.26,13.51,6651446,161570432.00
20160322,13.26,13.50,13.15,13.30,4580995,110100032.00
20160323,13.15,13.61,13.04,13.56,4571877,110547288.00
20160324,13.99,14.59,13.44,13.45,8522354,216818848.00
20160325,12.95,13.25,12.76,13.07,4677344,110409208.00
20160328,13.12,13.42,12.80,12.84,3438166,82210448.00
20160329,13.15,13.42,12.65,13.00,3383728,79966224.00
20160330,13.65,13.82,13.26,13.59,4901514,120254536.00
20160331,13.65,13.92,13.54,13.61,4297759,106781304.00
20160401,13.37,13.58,13.15,13.46,2871845,69375784.00
20160405,13.48,14.36,13.37,14.12,4622502,117090824.00
20160406,14.29,14.51,14.01,14.42,4492012,116144240.00
20160407,14.45,15.72,14.04,15.05,7860818,210422560.00
20160408,15.09,16.56,15.07,16.56,7842734,227705056.00
20160411,17.15,17.39,16.26,16.44,12185084,367947840.00
20160412,16.47,16.47,15.51,15.81,6634641,191153952.00
20160413,15.97,16.40,15.76,15.76,5470222,158713920.00
20160414,15.80,16.34,15.79,16.13,4908219,142832912.00
20160415,15.96,16.45,15.56,16.33,4622342,133508248.00
20160418,15.87,16.24,15.76,15.85,3389482,97964440.00
20160419,16.04,16.23,15.90,16.15,3534396,102959608.00
20160420,16.30,16.33,14.52,14.52,7108160,193489984.00
20160421,14.33,14.88,14.10,14.25,3908474,102319808.00
20160422,14.01,14.92,13.93,14.62,4151366,109098536.00
20160425,14.54,14.54,14.09,14.29,2380276,61369832.00
20160426,14.42,14.86,14.30,14.85,2855483,75415344.00
20160427,14.85,14.89,14.62,14.62,2147405,57270096.00
20160428,14.61,14.71,14.01,14.56,1996739,51875440.00
20160429,14.54,15.29,14.43,14.91,2967760,80175032.00
20160503,14.81,16.02,14.31,15.51,8184481,124813856.00
20160504,15.48,15.73,14.91,15.14,6935751,106576496.00
20160505,14.97,15.84,14.97,15.74,8252744,127826400.00
20160506,16.07,16.93,15.84,15.84,17669700,287577568.00
20160509,15.29,15.35,14.25,14.26,12025234,174677888.00
20160510,13.96,14.33,13.78,13.85,5143859,72234408.00
20160511,14.08,14.17,13.68,13.73,3572031,49668736.00
20160512,13.47,13.62,12.89,13.47,4757279,63000008.00
20160513,13.52,13.71,13.28,13.55,3366153,45558376.00
20160516,13.38,13.81,13.26,13.77,3164151,42988164.00
20160517,13.64,14.53,13.64,14.10,5860089,83415872.00
20160518,13.84,13.96,12.91,13.23,4670370,62846660.00
20160519,13.98,14.48,13.50,13.83,7573883,106628128.00
20160520,13.53,14.33,13.51,14.26,6417712,90601936.00
20160523,14.41,15.69,14.30,15.20,11765268,178721888.00
20160524,14.97,15.09,14.36,14.66,7018563,103204672.00
20160525,14.98,15.27,14.59,15.00,6428438,96094208.00
20160526,14.80,15.08,14.28,15.01,5777421,85121120.00
20160527,15.00,15.85,14.74,15.57,9606122,146891120.00
20160530,15.36,15.97,15.03,15.91,10362631,162468720.00
20160531,15.98,16.30,15.68,16.21,14675048,236230496.00
20160601,16.02,16.53,15.98,16.06,12150218,197087296.00
20160602,15.99,16.51,15.93,16.22,9548649,154929072.00
20160603,16.37,16.38,15.90,16.10,6781328,109225536.00
20160606,16.15,16.43,15.80,15.87,5842176,94068800.00
20160607,15.87,16.34,15.78,16.20,6253985,100994272.00
20160608,16.23,16.32,15.49,15.88,6093466,96886888.00
20160613,15.50,15.51,14.64,14.91,5985015,91116440.00
20160614,14.66,14.90,14.50,14.72,4098133,60236844.00
20160615,14.55,15.86,14.38,15.53,7184837,110138088.00
20160616,16.17,16.32,15.51,15.55,7878563,125148400.00
20160617,15.54,16.96,15.54,16.20,10822174,175847744.00
20160620,15.98,17.78,15.68,17.70,20047111,338776736.00
20160621,17.01,17.96,16.81,17.12,22654538,391357984.00
20160622,16.93,18.67,16.93,18.47,22953107,406822912.00
20160623,18.21,18.47,17.45,17.78,20405869,363041664.00
20160624,17.49,17.74,16.26,17.16,14422288,245733648.00
20160627,16.74,17.27,16.60,17.13,28960539,489493632.00
20160628,16.98,18.27,16.75,17.87,25296966,441769248.00
20160629,17.81,18.29,17.34,17.98,20802271,368693792.00
20160630,18.69,19.38,17.53,17.56,23143112,420346304.00
20160701,16.98,17.35,16.49,16.62,33487801,563354560.00
20160704,16.36,16.92,16.23,16.72,14494086,241882528.00
20160705,16.70,17.15,16.69,16.80,13304910,224637136.00
20160706,16.70,17.06,16.56,16.93,14009722,235964832.00
20160707,16.93,17.35,16.79,17.09,15595857,266240960.00
20160708,17.42,17.63,17.16,17.45,19560799,341630176.00
20160711,17.28,17.93,17.24,17.77,22277817,393451296.00
20160712,17.46,17.65,16.73,17.37,15385931,266033920.00
20160713,16.99,17.96,16.80,17.87,22698663,395384032.00
20160714,17.72,17.87,17.29,17.68,18068722,316915360.00
20160715,17.38,17.53,16.97,17.07,16230977,279137856.00
20160718,16.69,16.90,15.83,15.88,25494312,417587296.00
20160719,15.98,16.04,15.48,15.87,16422124,258876096.00
20160720,15.87,16.19,15.78,15.98,8781381,140898944.00
20160721,16.04,16.14,15.73,15.80,7572733,120730224.00
20160722,15.80,15.94,15.53,15.90,8022052,126638504.00
20160725,15.88,16.62,15.88,16.46,13793146,225050080.00
20160726,16.38,16.59,16.23,16.33,8879301,145632928.00
20160727,16.30,16.38,14.70,14.78,17363456,268052736.00
20160728,14.79,14.95,14.19,14.48,8946076,130457688.00
20160729,14.48,14.65,14.11,14.19,6034280,86653880.00
20160801,14.05,14.13,13.48,13.80,7098044,97318560.00
20160802,13.80,14.06,13.80,14.03,3373758,47188672.00
20160803,14.01,14.09,13.88,13.97,3177890,44460244.00
20160804,13.97,14.13,13.75,14.06,5323720,74408432.00
20160805,14.02,14.13,13.78,13.80,4453820,62088836.00
20160808,13.80,13.97,13.58,13.88,4673602,64844480.00
20160809,13.89,14.06,13.85,14.05,5618896,78614240.00
20160810,14.17,14.48,14.06,14.16,7701043,110031184.00
20160811,14.01,14.16,13.69,13.77,5355606,74526152.00
20160812,13.78,13.88,13.69,13.85,3741499,51686284.00
20160815,13.85,14.36,13.67,14.27,8598638,121480304.00
20160816,14.31,14.44,14.20,14.39,6606137,94705112.00
20160817,14.42,14.42,14.20,14.28,5083494,72718624.00
20160818,14.28,14.30,14.09,14.15,5271295,74852736.00
20160819,14.16,14.31,14.09,14.26,5134754,73035120.00
20160822,14.23,14.26,13.83,13.84,6241325,87670912.00
20160823,13.84,14.03,13.78,13.92,3785186,52813220.00
20160824,13.97,14.11,13.90,14.04,4203770,58983244.00
20160825,14.08,14.08,13.68,13.79,4451002,61504776.00
20160826,13.82,14.00,13.80,14.00,4044596,56263140.00
20160829,13.95,13.97,13.83,13.88,3370566,46853476.00
20160830,13.91,14.06,13.83,13.83,3715518,51891776.00
20160831,14.38,14.96,14.27,14.28,15996710,232378656.00
20160901,14.06,14.71,14.03,14.46,14345632,207579520.00
20160902,14.26,14.41,14.00,14.13,8365250,118891280.00
20160905,14.29,14.29,13.98,13.99,5186276,73229352.00
20160906,14.07,14.23,13.73,14.20,8192429,114587664.00
20160907,14.18,14.33,14.07,14.12,6515507,92461640.00
20160908,14.08,14.20,14.04,14.18,4436756,62752328.00
20160909,14.14,14.23,13.96,13.96,4399020,62024860.00
20160912,13.65,13.75,13.17,13.18,7848623,105865488.00
20160913,13.23,13.39,13.07,13.31,4949112,65554604.00
20160914,13.31,13.65,13.18,13.37,4904929,66006728.00
20160919,13.36,13.51,13.31,13.39,3077021,41292912.00
20160920,13.40,13.43,13.15,13.18,3624683,48071528.00
20160921,13.08,13.19,12.88,13.19,6873890,89723848.00
20160922,13.21,13.52,13.21,13.31,7259361,97214032.00
20160923,13.28,13.35,13.12,13.13,3553336,46955028.00
20160926,13.19,13.19,12.64,12.69,4704340,60942736.00
20160927,12.54,12.87,12.48,12.81,4720175,60080128.00
20160928,12.81,12.83,12.59,12.66,3794840,48150632.00
20160929,12.78,12.81,12.61,12.61,2692906,34250652.00
20160930,12.63,12.66,12.58,12.61,2411227,30458566.00
20161010,12.62,13.08,12.59,13.07,5982855,77047248.00
20161011,13.08,13.27,12.99,13.10,4906468,64463940.00
20161012,12.98,13.27,12.94,13.27,4990462,65700344.00
20161013,13.27,13.44,13.14,13.17,4211906,55879788.00
20161014,13.16,13.16,12.94,13.08,3532040,46159432.00
20161017,12.98,13.16,12.78,12.92,5602015,72857088.00
20161018,12.82,13.10,12.82,13.08,4100740,53359856.00
20161019,13.13,13.16,12.98,13.02,3440574,44933740.00
20161020,13.07,13.26,12.99,13.23,6180585,81282976.00
20161021,13.21,13.21,12.87,13.05,4592401,59918160.00
20161024,13.01,13.16,12.91,13.12,4166495,54566168.00
20161025,13.15,13.23,13.10,13.18,4573881,60329768.00
20161026,13.20,13.43,13.16,13.37,7157761,95441528.00
20161027,13.37,14.40,13.21,14.07,20158590,282029792.00
20161028,13.83,13.97,13.59,13.59,11556575,159448368.00
20161031,13.61,13.68,13.21,13.36,5641084,75394592.00
20161101,13.40,13.45,13.26,13.42,5348219,71647976.00
20161102,13.38,13.41,13.13,13.19,6086793,80942200.00
20161103,13.16,13.37,13.07,13.28,6609088,87679832.00
20161104,13.32,13.36,13.11,13.15,5086270,67261328.00
20161107,13.18,13.24,13.08,13.17,3402879,44928132.00
20161108,13.20,13.28,13.11,13.23,4319266,57170192.00
20161109,13.23,13.41,13.01,13.15,6256825,82901040.00
20161110,13.23,13.34,13.23,13.28,4457514,59311944.00
20161111,13.48,13.97,13.48,13.72,14314119,197445520.00
20161114,13.66,14.04,13.58,13.85,10431570,144920208.00
20161115,13.73,14.02,13.68,13.91,6912437,95901424.00
20161116,13.91,14.35,13.79,14.05,10670732,151008112.00
20161117,13.92,14.05,13.60,13.78,8436997,115967728.00
20161118,13.68,13.96,13.59,13.68,5148539,70951864.00
20161121,13.75,13.78,13.58,13.64,4302881,58904404.00
20161122,13.65,13.80,13.60,13.78,5468890,74908688.00
20161123,13.81,13.85,13.48,13.58,6035143,82648104.00
20161124,13.53,13.70,13.24,13.24,6291032,84849288.00
20161125,13.23,13.57,13.03,13.53,6747793,89848344.00
20161205,13.17,13.93,13.11,13.17,8124126,109480416.00
20161206,13.22,13.26,12.81,12.84,7635188,99243888.00
20161207,12.86,12.99,12.83,12.93,3141599,40657100.00
20161208,13.03,13.03,12.75,12.79,3900190,50113684.00
20161209,12.85,12.87,12.68,12.86,2901242,37093888.00
20161212,12.79,13.00,12.06,12.07,6033185,75651880.00
20161213,12.07,12.18,11.74,12.01,4440177,52971904.00
20161214,11.99,12.32,11.66,12.01,4348938,52236128.00
20161215,11.79,12.20,11.79,11.98,4110152,49570348.00
20161216,12.07,12.14,11.95,12.05,3030648,36599624.00
20161219,12.05,12.05,11.89,11.97,2253332,26979040.00
20161220,11.93,12.03,11.86,11.97,2078147,24865108.00
20161221,12.03,12.23,11.97,12.15,4580340,55776220.00
20161222,12.08,12.17,12.00,12.07,2760174,33387502.00
20161223,12.07,12.13,11.82,11.83,2529800,30226972.00
20161226,11.77,11.92,11.42,11.68,4831762,56123400.00
20161227,11.67,11.73,11.57,11.71,2983496,34823452.00
20161228,11.68,11.83,11.57,11.69,2175515,25546024.00
20161229,11.68,11.78,11.63,11.68,1751580,20561502.00
20161230,11.67,11.77,11.62,11.71,1589581,18610986.00
20170103,11.78,11.94,11.69,11.88,3175844,37682292.00
20170104,11.87,12.16,11.84,12.09,4834144,58187984.00
20170105,12.09,12.13,11.96,12.02,2911315,35086492.00
20170106,12.04,12.04,11.83,11.88,3466867,41327896.00
20170109,11.83,11.95,11.70,11.93,2288101,27152440.00
20170110,11.93,12.05,11.83,12.02,3021124,36210012.00
20170111,12.03,12.06,11.74,11.78,3181175,37764692.00
20170112,11.78,11.83,11.72,11.73,1737119,20481878.00
20170113,11.74,11.82,11.18,11.31,3301215,38102308.00
20170116,11.24,11.33,10.18,10.45,6166126,66020596.00
20170117,10.43,10.68,10.18,10.54,4233096,44239848.00
20170118,10.52,10.57,10.40,10.42,2235694,23449812.00
20170119,10.42,10.51,10.27,10.35,2133100,22239672.00
20170120,10.49,10.76,10.37,10.60,2593426,27545748.00
20170123,10.62,10.96,10.62,10.84,2804977,30332002.00
20170124,10.84,10.96,10.69,10.80,2493254,27076476.00
20170125,10.78,10.93,10.66,10.83,2166095,23482720.00
20170126,10.83,11.17,10.80,10.96,2278448,25176468.00
20170203,11.21,11.48,11.02,11.05,2458030,27462286.00
20170206,10.99,11.22,10.95,11.18,2258065,25114320.00
20170207,11.18,11.21,11.01,11.10,1871654,20848030.00
20170208,11.14,11.18,10.94,11.12,2041204,22642966.00
20170209,11.16,11.48,11.16,11.34,3386394,38509316.00
20170210,11.38,12.46,11.38,11.72,7592318,90180520.00
20170213,11.59,11.86,11.51,11.60,5106352,59663632.00
20170214,11.63,11.70,11.44,11.51,3189811,36846572.00
20170215,11.51,11.66,11.25,11.29,3462808,39713268.00
20170216,11.30,11.61,11.23,11.55,3337162,38190124.00
20170217,11.52,11.65,11.18,11.27,3022781,34485636.00
20170220,11.34,11.34,11.16,11.34,2710503,30556292.00
20170221,11.31,11.59,11.28,11.57,3276455,37690216.00
20170222,11.59,11.85,11.51,11.62,3672958,42998276.00
20170223,11.61,11.63,11.31,11.60,4124614,47394776.00
20170224,11.63,11.72,11.28,11.70,3317985,38615684.00
20170227,11.60,11.77,11.51,11.58,3172807,37054408.00
20170228,11.66,11.69,11.52,11.66,2674879,31133570.00
20170301,11.73,11.78,11.58,11.67,4128713,48267016.00
20170302,11.65,11.70,11.38,11.47,3789874,43726356.00
20170303,11.37,11.53,11.31,11.47,2764074,31642742.00
20170306,11.55,11.81,11.50,11.78,6554322,76938352.00
20170307,11.82,11.97,11.71,11.81,5564364,65959500.00
20170308,12.18,12.36,11.85,11.93,7674384,92308728.00
20170309,11.85,12.01,11.76,11.76,3830800,45477764.00
20170310,11.77,11.91,11.62,11.63,2745341,32373350.00
20170313,11.78,11.95,11.66,11.83,4077584,48379604.00
20170314,11.85,11.89,11.66,11.66,2786133,32864114.00
20170315,11.66,11.88,11.58,11.82,3683921,43484212.00
20170316,11.85,11.89,11.78,11.82,2694334,31899970.00
20170317,11.98,12.03,11.79,11.82,4441757,52947304.00
20170320,11.73,11.91,11.56,11.71,3894568,45745272.00
20170321,11.66,11.71,11.54,11.66,2607455,30394068.00
20170322,11.58,11.63,11.38,11.46,3060374,35223120.00
20170323,11.41,11.53,11.36,11.49,2514119,28845764.00
20170324,11.44,11.95,11.28,11.82,6198268,72213112.00
20170327,11.74,11.85,11.49,11.53,4031075,46909060.00
20170328,11.53,11.61,11.36,11.38,2672533,30639280.00
20170329,11.34,11.48,11.06,11.06,4944280,55516708.00
20170330,11.09,11.12,10.77,10.77,3466099,37868940.00
20170331,10.84,10.89,10.75,10.79,2248318,24364074.00
20170405,10.78,11.22,10.78,11.12,3840174,42678012.00
20170406,11.12,11.38,11.08,11.18,3662946,41296156.00
20170407,11.18,11.34,11.08,11.12,2405643,26967090.00
20170410,11.12,11.22,10.93,10.97,2516836,27878536.00
20170411,10.97,11.07,10.79,11.06,2462144,27066764.00
20170412,11.06,11.07,10.78,10.78,2797558,30555486.00
20170413,10.69,10.99,10.69,10.87,2146038,23357968.00
20170414,10.94,10.94,10.74,10.80,2139681,23196294.00
20170417,10.80,10.86,10.46,10.55,2173361,23085404.00
20170418,10.61,10.61,10.28,10.35,2668429,27977396.00
20170419,10.33,10.53,10.09,10.41,3347882,34362164.00
20170420,10.47,10.47,10.08,10.11,3831415,39269728.00
20170421,10.11,10.28,10.09,10.18,1991148,20338348.00
20170424,10.11,10.18,9.68,9.87,2304471,22860974.00
20170425,9.94,10.01,9.81,9.86,1671922,16613382.00
20170426,9.93,9.97,9.80,9.97,1369420,13632926.00
20170427,9.98,10.09,9.72,10.02,2612612,25942428.00
20170428,9.96,10.12,9.93,10.11,1799043,18083910.00
20170502,10.61,10.96,10.41,10.54,7259919,77319992.00
20170503,10.44,10.60,10.36,10.50,3329428,34990108.00
20170504,10.42,10.56,10.37,10.37,2984575,31344114.00
20170505,10.37,10.43,10.18,10.20,2984432,30733934.00
20170508,10.17,10.24,9.92,9.95,2298628,23238282.00
20170509,9.96,10.05,9.82,10.03,3190561,31720136.00
20170510,10.05,10.11,9.73,9.73,2237517,22245480.00
20170511,9.53,9.67,9.30,9.61,3096523,29470440.00
20170512,9.62,9.64,9.43,9.47,1746446,16611662.00
20170515,9.48,10.25,9.46,9.92,4768997,47075504.00
20170516,9.89,10.56,9.72,10.37,7173936,73554328.00
20170517,10.31,10.48,10.22,10.28,4144448,42840152.00
20170518,10.18,10.52,10.16,10.26,4474125,46392168.00
20170519,10.21,10.34,10.16,10.23,1952908,20013544.00
20170522,10.19,10.31,9.68,9.75,2994807,30102402.00
20170523,9.74,9.90,9.54,9.58,3526725,34206904.00
20170524,9.58,9.87,9.45,9.87,3358816,32572250.00
20170525,9.88,10.07,9.66,10.06,3516759,34738972.00
20170526,9.97,10.07,9.84,9.94,2405373,24043878.00
20170531,10.15,10.16,9.91,9.94,2676503,26951238.00
20170601,9.96,10.04,9.75,9.76,2510628,24956750.00
20170602,9.56,10.03,9.56,9.99,2968760,29076288.00
20170605,10.06,10.18,9.96,10.05,2541008,25626080.00
20170606,9.94,10.13,9.94,10.11,2624719,26423260.00
20170607,10.03,10.34,10.03,10.30,4821121,49245824.00
20170608,10.26,10.36,10.13,10.16,3435357,35074220.00
20170609,10.16,10.19,9.97,10.05,2748147,27573808.00
20170612,9.91,10.07,9.90,9.97,1738407,17355944.00
20170613,10.00,10.26,9.92,10.17,2887376,29229002.00
20170614,10.08,10.28,10.08,10.25,3712759,37813124.00
20170615,10.25,10.42,10.17,10.32,5151201,53159352.00
20170616,10.39,10.40,10.18,10.22,3134409,32129494.00
20170619,10.22,10.31,10.16,10.26,2245200,22985598.00
20170620,10.30,11.29,10.30,11.29,4937731,55384868.00
20170621,11.81,12.28,11.52,11.80,38996923,458808416.00
20170622,11.64,12.98,11.64,12.22,53860194,663907776.00
20170623,11.65,11.78,11.15,11.62,34193191,394667904.00
20170626,11.46,11.76,11.35,11.50,19786553,227425440.00
20170627,11.45,11.69,11.28,11.53,19046672,219647360.00
20170628,11.40,11.46,11.12,11.19,13541427,152370768.00
20170629,11.26,11.37,11.12,11.23,10397235,116936936.00
20170630,11.11,11.18,10.91,11.10,10680015,117790192.00
20170703,11.10,11.47,11.08,11.45,13719423,155154832.00
20170704,11.45,11.55,11.30,11.35,9117154,103718544.00
20170705,11.30,11.62,11.29,11.50,10311981,118407048.00
20170706,11.38,11.45,11.21,11.30,9456707,107206856.00
20170707,11.25,11.60,11.11,11.55,11766230,134329888.00
20170710,11.47,12.09,11.42,11.59,17006752,200333936.00
20170711,11.47,11.47,11.10,11.13,11482592,129646720.00
20170712,11.04,11.27,10.95,11.25,6367245,70733080.00
20170713,11.21,11.24,11.09,11.13,4726796,52678364.00
20170714,11.16,11.44,11.06,11.23,5705281,63986336.00
20170717,11.10,11.12,10.20,10.22,9780140,103253256.00
20170718,10.00,10.38,10.00,10.20,4619899,46933960.00
20170719,10.22,10.47,10.05,10.38,5186387,53288260.00
数据来源:通达信
