300414 中光防雷 日线 前复权
      日期	    开盘	    最高	    最低	    收盘	    成交量	    成交额
20150513,8.73,10.50,8.73,10.50,8600,181339.00
20150514,11.56,11.56,11.56,11.56,1700,39695.00
20150515,12.73,12.73,12.73,12.73,1516,38946.04
20150518,14.01,14.01,14.01,14.01,2600,73476.00
20150519,15.43,15.43,15.43,15.43,650,20208.50
20150520,16.98,16.98,16.98,16.98,1300,44460.00
20150521,18.69,18.69,18.69,18.69,3300,124146.00
20150522,20.57,20.57,20.57,20.57,3100,128278.00
20150525,22.64,22.64,22.64,22.64,6400,291328.00
20150526,24.92,24.92,24.92,24.92,4216,211095.13
20150527,27.42,27.42,27.42,27.42,3400,187272.00
20150528,30.18,30.18,30.18,30.18,22100,1339039.00
20150529,33.21,33.21,33.21,33.21,32500,2166125.00
20150601,36.54,36.54,36.54,36.54,7600,557232.00
20150602,40.21,40.21,40.21,40.21,11300,911345.00
20150603,44.24,44.24,44.24,44.24,46583,4132843.75
20150604,48.68,48.68,48.68,48.68,113125,11039869.00
20150605,53.56,53.56,53.56,53.56,65260,7005661.00
20150608,58.93,58.93,55.98,58.93,11464793,1331707008.00
20150609,55.43,57.67,53.02,54.67,8035164,885663616.00
20150610,54.03,60.15,53.28,60.15,4891044,571296448.00
20150611,62.82,66.18,61.67,66.18,3444113,448693376.00
20150612,72.81,72.81,59.89,60.03,8879907,1184198528.00
20150615,54.89,56.89,54.02,54.02,4334419,472831968.00
20150616,51.38,54.68,49.88,50.21,3080845,321510400.00
20150617,50.93,54.17,50.93,52.27,2651971,277992288.00
20150618,51.38,51.63,47.03,47.03,3085999,301226080.00
20150619,45.88,50.32,45.03,45.68,2924845,280921472.00
20150623,48.13,50.26,46.03,50.26,3786328,373149120.00
20150624,50.88,51.33,47.03,48.59,3433860,337067424.00
20150625,47.88,48.12,43.77,44.95,2572000,239317120.00
20150626,43.39,44.28,40.45,40.47,2407488,200543280.00
20150629,42.32,42.32,36.73,38.83,2046664,162414992.00
20150630,37.83,42.72,36.02,41.84,2339434,187120144.00
20150701,40.18,43.08,38.78,38.91,2220829,184689248.00
20150702,38.91,39.58,35.01,35.01,1578589,116875288.00
20150703,34.38,36.48,31.53,33.88,1810912,122963576.00
20150706,37.28,37.28,30.48,30.98,2063833,138979344.00
20150707,29.83,29.88,27.87,27.87,949386,54657520.00
20150708,25.07,25.88,25.07,25.11,1980433,100586024.00
20150709,25.82,27.64,25.63,27.64,925552,50002692.00
20150710,30.41,30.41,30.41,30.41,131900,8053814.00
20150713,33.47,33.47,33.47,33.47,53120,3568070.50
20150714,36.83,36.83,36.83,36.83,380656,28126672.00
20150715,38.13,39.85,36.38,36.38,3792792,290509664.00
20150716,32.93,38.68,32.89,37.84,2419803,177326016.00
20150717,38.32,40.69,36.58,39.57,3769913,292390048.00
20150720,38.39,40.48,38.06,38.87,2903866,227405536.00
20150721,38.38,41.88,37.63,40.48,2749432,219782784.00
20150722,39.88,40.53,38.77,39.88,1915057,152462064.00
20150723,39.88,43.88,39.58,43.88,2142696,179942224.00
20150724,44.38,46.38,42.13,42.36,3208295,285134880.00
20150727,40.38,43.47,38.11,38.11,2278575,185525952.00
20150728,34.93,38.77,34.29,36.13,1766922,127494992.00
20150729,37.01,39.28,34.63,38.82,1282321,94088312.00
20150730,38.38,41.05,37.68,38.07,1678630,132073568.00
20150731,37.23,39.06,35.88,36.89,1115829,83838536.00
20150803,36.33,36.87,33.19,33.19,1367367,94669176.00
20150804,33.44,35.71,33.44,35.71,1052908,73443256.00
20150805,35.14,36.87,34.89,35.64,1208649,87271032.00
20150806,34.72,36.13,34.13,34.71,761721,53535124.00
20150807,35.07,36.87,35.07,36.78,1289878,93654208.00
20150810,37.53,40.33,37.11,39.80,1631248,126943104.00
20150811,39.30,41.78,39.13,39.63,1702531,137731200.00
20150812,39.12,40.13,38.03,38.04,1228459,96333344.00
20150813,37.73,39.83,37.38,39.63,988619,76827408.00
20150814,41.12,41.88,40.77,40.83,2097130,174135856.00
20150817,40.13,41.87,40.02,41.18,2103981,173492176.00
20150818,40.73,41.37,37.05,37.05,1697400,132620680.00
20150819,35.19,37.83,33.94,37.21,1232850,88194176.00
20150820,36.80,36.80,34.88,34.88,1020933,73185768.00
20150821,34.14,34.68,32.28,32.36,964708,64776784.00
20150824,30.38,30.78,29.11,29.11,505000,29845132.00
20150825,26.19,27.52,26.19,26.19,978649,52050760.00
20150826,26.18,27.48,23.64,24.29,2207357,114075640.00
20150827,25.37,25.77,23.39,25.28,1298140,64816708.00
20150828,25.75,27.54,25.38,27.18,1363107,71522752.00
20150831,26.88,27.06,25.19,25.19,992778,51692192.00
20150901,24.41,24.77,22.66,22.66,968551,45333644.00
20150902,20.88,23.63,20.63,20.88,995619,43794676.00
20150907,21.40,22.76,21.38,21.86,814655,36142184.00
20150908,21.74,24.06,21.74,23.83,1115161,51374124.00
20150909,24.13,25.96,24.03,25.66,1609947,81174648.00
20150910,24.88,25.87,24.53,25.11,869861,44302380.00
20150911,25.23,25.98,25.08,25.73,1066370,54706876.00
20150914,25.68,25.83,23.15,23.15,767699,37510760.00
20150915,22.14,22.88,20.93,21.12,772126,33912312.00
20150916,21.47,23.24,21.08,23.24,713778,31826022.00
20150917,23.58,24.63,22.89,22.90,978795,46943000.00
20150918,23.38,23.87,23.13,23.66,608477,28733198.00
20150921,23.63,25.99,23.28,25.99,1087490,54474056.00
20150922,26.48,28.47,26.03,28.09,1964301,107440832.00
20150923,27.13,28.74,26.89,28.03,1543932,86226760.00
20150924,29.38,30.85,29.38,30.85,2363103,145623072.00
20150925,30.38,30.57,27.75,28.29,2915828,168247104.00
20150928,27.88,30.62,27.86,30.61,1715134,100924400.00
20150929,30.41,31.63,30.08,30.31,2160016,132841512.00
20150930,29.56,30.41,27.88,28.10,3007058,86466120.00
20151008,29.44,30.81,28.45,30.63,3709722,109714712.00
20151009,29.88,31.77,29.58,31.28,4288110,132548088.00
20151012,31.33,33.16,30.91,32.47,4136311,133051304.00
20151013,31.38,32.56,31.23,32.13,2920656,93478120.00
20151014,31.88,32.38,31.23,31.28,2271366,72159480.00
20151015,30.68,32.08,30.61,32.07,3106952,98570816.00
20151016,32.21,35.29,32.21,35.29,6332954,217381024.00
20151019,35.35,36.78,33.68,34.67,6207197,219479776.00
20151020,34.46,35.24,33.56,35.15,3445881,119311864.00
20151021,34.88,34.88,31.62,31.62,4995013,166030016.00
20151022,31.04,32.77,30.48,32.35,3642860,115698352.00
20151023,32.18,33.53,31.69,33.13,4090766,133325768.00
20151026,33.41,33.46,32.28,32.79,2714038,89668920.00
20151027,32.25,36.08,32.25,36.08,6047311,208652464.00
20151028,34.88,35.73,33.56,33.69,4845855,168113408.00
20151029,34.45,35.38,33.48,34.53,4284286,149345648.00
20151030,34.71,34.91,33.47,33.68,2670380,91654344.00
20151102,30.30,34.87,30.30,32.93,3052831,101728016.00
20151103,32.48,35.12,32.44,34.71,3893482,133060744.00
20151104,34.88,36.91,34.53,36.38,4997052,179148208.00
20151105,35.88,37.68,35.21,37.68,4967191,182179184.00
20151106,38.06,40.87,37.73,40.13,6628481,261829152.00
20151109,39.63,44.16,39.63,44.16,9225576,395901568.00
20151110,43.88,46.64,41.73,44.70,9783832,430485856.00
20151111,43.88,47.68,42.98,46.87,8081136,366836672.00
20151112,45.88,51.46,45.01,49.76,8072539,389768416.00
20151113,48.88,51.38,44.77,44.95,8161084,389056032.00
20151116,42.90,47.46,42.90,46.03,4708089,214507168.00
20151117,46.42,48.31,44.48,44.63,5486884,255043232.00
20151118,45.68,46.03,41.88,41.91,4325465,189804864.00
20151119,42.18,44.47,40.68,44.13,3931296,168358256.00
20151120,43.92,45.85,42.48,45.73,5269698,234098272.00
20151123,45.73,47.56,45.30,47.00,5608877,261496384.00
20151124,46.60,50.38,45.88,50.38,7202028,350034208.00
20151125,49.88,51.37,48.88,49.18,5888535,293691552.00
20151126,48.89,50.08,45.68,46.57,5943512,287926144.00
20151127,46.18,47.88,42.88,43.31,4479864,205071872.00
20151130,42.98,45.58,40.74,45.28,4324367,189592592.00
20151201,44.88,46.88,43.93,46.87,4520722,208607824.00
20151202,46.38,50.27,42.91,48.61,7378926,355168992.00
20151203,48.08,53.48,47.58,53.48,9510107,489628608.00
20151204,54.06,55.43,50.48,51.38,9862605,521165856.00
20151207,50.88,52.32,49.08,50.28,5495047,277642304.00
20151208,49.86,52.08,48.83,51.24,6080264,310612064.00
20151209,50.56,50.75,47.38,48.38,4999636,245096304.00
20151210,48.38,48.78,46.10,46.62,3714923,176275184.00
20151211,45.78,47.57,45.38,46.52,2811143,131916824.00
20151214,45.38,47.88,44.39,47.54,2922539,134382432.00
20151215,47.68,49.38,47.38,48.45,3263648,158669424.00
20151216,48.88,49.88,47.89,49.04,3395409,166711312.00
20151217,48.98,50.83,48.98,50.11,4285126,214445808.00
20151218,50.08,50.36,47.35,47.68,4515166,219851936.00
20151221,47.11,47.42,46.23,46.77,2560544,119974536.00
20151222,47.06,47.83,46.74,47.34,1934093,91749016.00
20151223,47.38,47.47,45.46,45.72,3005538,139054288.00
20151224,45.38,46.88,45.37,46.63,1762261,81620416.00
20151225,46.97,47.98,46.64,46.88,2759110,131127880.00
20151228,46.88,47.37,44.89,44.97,2570367,118819664.00
20151229,44.69,45.25,44.68,45.25,1233438,55576828.00
20151230,45.42,47.03,45.23,46.63,2382282,111018104.00
20151231,46.48,46.88,44.78,44.90,1527057,69843160.00
20160104,44.88,45.16,40.40,40.40,1682471,70690616.00
20160105,36.43,39.78,36.43,37.49,2449134,93802224.00
20160106,38.45,38.88,37.65,38.80,1632064,62849468.00
20160107,38.11,38.11,34.91,34.91,388600,14092370.00
20160108,35.98,36.78,31.57,35.66,2314427,81228856.00
20160111,34.88,34.90,32.08,32.08,1735629,57687216.00
20160112,31.26,32.74,29.88,31.36,1741506,55074596.00
20160113,31.34,32.05,29.54,29.56,1386789,43151376.00
20160114,28.28,31.51,27.18,31.34,2359774,70606416.00
20160115,31.18,32.07,29.88,30.20,1632573,50869296.00
20160118,29.88,32.34,29.87,31.65,1812363,57142552.00
20160119,31.88,33.06,31.19,32.83,1914024,61754844.00
20160120,32.53,34.28,32.25,33.21,2228219,74400184.00
20160121,32.28,33.43,30.33,30.33,1686939,54627492.00
20160122,30.75,31.50,29.83,31.18,1421366,43809820.00
20160125,31.60,32.58,31.23,31.58,1293590,41467648.00
20160126,30.97,31.88,28.48,28.66,1499564,45845796.00
20160127,28.90,29.55,26.48,28.43,1755576,48886208.00
20160128,27.89,28.28,26.04,26.10,959081,26276914.00
20160129,26.18,27.84,25.95,27.39,1132786,30803086.00
20160201,26.99,28.76,26.99,27.66,1272631,35464876.00
20160202,27.40,28.95,27.38,28.78,1233764,35431164.00
20160203,28.47,28.88,27.88,28.82,1046812,29889182.00
20160204,29.08,29.97,28.86,29.78,1513730,45022416.00
20160205,29.97,30.33,29.09,29.29,1079480,32044034.00
20160215,27.73,28.99,27.54,28.69,1401181,39833592.00
20160216,29.06,30.40,28.88,30.37,1822797,54691936.00
20160217,29.88,33.42,29.88,33.42,3196246,101281392.00
20160218,33.70,34.12,32.16,32.16,2853404,94776616.00
20160219,32.18,34.28,32.16,33.57,3000054,100712416.00
20160222,33.74,35.85,33.30,35.27,2608206,90121232.00
20160223,34.89,35.40,33.93,34.21,2165841,75063952.00
20160224,33.87,34.83,32.18,33.11,2281568,76581880.00
20160225,33.14,33.63,29.79,29.79,2395351,75541160.00
20160226,29.99,30.68,26.88,28.68,1913646,55843956.00
20160229,28.63,28.68,25.80,26.28,1698453,45298320.00
20160301,26.58,27.97,25.98,27.96,1544754,41860860.00
20160302,27.68,29.76,26.88,29.25,1671492,48033856.00
20160303,29.25,30.43,28.78,28.78,1771869,52645048.00
20160304,28.40,29.34,26.60,26.68,1845625,51556984.00
20160307,27.08,28.76,26.98,27.74,1304430,36716772.00
20160308,28.02,28.48,26.39,28.38,1519985,41910904.00
20160309,27.68,28.88,27.43,28.53,1621824,45878620.00
20160310,28.36,29.48,27.93,28.07,2112519,60925668.00
20160311,27.28,28.88,26.71,28.31,1455589,40982920.00
20160314,28.93,30.06,28.93,29.46,2254680,67059588.00
20160315,29.28,29.65,28.36,28.38,1618601,46926692.00
20160316,28.88,29.36,27.37,27.52,1642300,46259032.00
20160317,27.73,29.12,27.50,29.12,2244653,64278064.00
20160318,29.22,30.88,29.11,30.88,3419934,103873984.00
20160321,31.46,31.68,30.84,31.57,3288546,103281968.00
20160322,31.48,32.68,30.98,31.71,3253430,103941464.00
20160323,31.27,32.46,31.09,32.33,3119598,99594696.00
20160324,31.84,34.58,31.38,32.70,4090361,135718192.00
20160325,32.69,32.84,31.50,32.21,2089450,67565784.00
20160328,32.53,33.17,31.11,31.47,2175684,70595760.00
20160329,31.38,31.69,29.48,30.11,2369287,72365200.00
20160330,30.58,31.88,30.46,31.88,2195437,68766736.00
20160331,31.88,32.64,31.87,31.94,2281281,73757616.00
20160401,31.69,32.32,30.89,31.80,2041452,64715812.00
20160405,32.29,34.51,31.88,34.28,3513042,116757504.00
20160406,33.88,34.06,33.09,33.74,2774713,93525352.00
20160407,33.78,33.99,32.38,32.68,2426486,80547104.00
20160408,32.05,32.60,31.68,32.20,1604648,51814300.00
20160411,33.30,33.98,32.82,33.62,2748777,91919168.00
20160412,33.49,33.96,32.60,33.28,2168517,72040832.00
20160413,33.41,34.40,33.40,33.81,2758341,93654376.00
20160414,33.81,35.61,33.81,35.31,3389243,117204048.00
20160415,35.11,35.95,35.00,35.45,2848109,101014632.00
20160418,35.06,35.35,33.66,33.85,2468636,84093376.00
20160419,34.30,34.49,33.52,34.00,1285552,43614644.00
20160420,33.96,34.08,30.85,31.60,2651242,85375864.00
20160421,31.95,32.00,30.79,30.91,1460955,46106212.00
20160422,30.92,32.16,30.92,32.14,2067238,65632848.00
20160425,31.79,31.84,30.78,31.57,1326520,41531012.00
20160426,31.57,34.73,31.50,34.73,4164295,138206736.00
20160427,35.20,36.60,34.26,35.00,6279516,222187744.00
20160428,35.13,35.98,33.66,35.73,4083268,141686368.00
20160429,35.12,36.60,34.77,35.78,3849014,137515472.00
20160503,35.70,37.68,35.10,37.01,4334713,158842608.00
20160504,37.02,37.26,36.01,36.20,3427181,125283800.00
20160505,36.01,37.18,35.88,36.33,2811310,102775312.00
20160506,36.02,36.41,33.75,33.75,3830512,134437312.00
20160509,32.98,33.40,32.07,32.37,2243536,73183824.00
20160510,32.55,33.39,32.40,33.02,2237104,73828080.00
20160511,33.50,33.62,32.06,32.07,2222108,72547784.00
20160512,31.75,31.75,30.02,30.75,1785919,55171372.00
20160513,30.74,31.46,30.30,30.55,1361321,41954524.00
20160516,30.75,31.65,30.56,31.62,1889657,58979208.00
20160517,31.84,31.99,30.81,31.92,2077255,65539768.00
20160518,31.62,31.62,29.67,30.10,1750489,53567816.00
20160519,30.08,31.19,30.06,30.45,1494362,45957448.00
20160520,30.20,31.98,30.06,31.95,2277685,71092888.00
20160523,32.08,32.58,31.83,32.42,2396713,77353160.00
20160524,32.49,32.49,31.35,31.58,1362744,43218356.00
20160525,31.98,32.90,31.60,32.73,2321754,74828456.00
20160526,32.03,32.77,31.28,32.52,2056903,66011008.00
20160527,32.58,34.60,32.30,34.00,4008216,134108848.00
20160530,33.41,36.50,33.39,34.45,4910692,170966048.00
20160531,34.72,36.10,34.35,36.03,4796012,169538016.00
20160601,36.03,36.18,35.50,35.52,3622033,129623848.00
20160602,35.60,36.80,35.60,36.40,3697062,134139032.00
20160603,36.43,36.67,35.42,35.65,2947286,105686840.00
20160606,35.90,36.20,34.81,35.13,2646394,93382400.00
20160607,35.24,36.68,35.16,36.63,3565554,127817704.00
20160608,36.40,36.72,35.66,36.04,2941321,106534056.00
20160613,35.10,35.35,32.44,32.44,2861614,98187608.00
20160614,32.21,33.08,32.20,32.34,1607222,52276136.00
20160615,32.00,34.03,31.71,33.66,1960410,65250120.00
20160616,33.56,34.69,33.50,33.73,2230394,76064704.00
20160617,33.73,34.59,33.32,33.70,1696819,57739664.00
20160620,33.75,35.27,33.53,35.09,2573434,89014608.00
20160621,35.22,35.51,33.58,33.79,2708560,93839960.00
20160622,32.78,33.18,31.60,32.73,5213219,168987328.00
20160623,32.70,32.86,32.01,32.43,2239842,72741664.00
20160624,32.38,32.89,31.00,32.48,2551156,82770912.00
20160627,32.00,34.20,31.90,34.12,2750084,91302504.00
20160628,33.71,34.20,33.20,34.08,2519669,85169608.00
20160629,35.32,37.49,35.32,37.49,3763127,139029728.00
20160630,39.00,40.30,38.10,38.79,11288300,440105408.00
20160701,38.51,38.99,37.40,38.25,5913159,225007280.00
20160704,38.71,39.89,38.33,38.86,7077645,277061088.00
20160705,39.34,40.22,38.50,38.74,5196704,204063664.00
20160706,38.22,38.30,37.18,37.92,4206756,158710448.00
20160707,38.20,38.49,37.31,38.12,3335429,126171136.00
20160708,38.03,40.00,37.66,39.01,5381889,210085360.00
20160711,38.65,41.40,38.42,38.42,6366260,254905360.00
20160712,38.10,38.85,36.71,38.40,4327198,162944736.00
20160713,38.50,40.19,38.36,39.49,4960008,196327136.00
20160714,39.40,40.47,38.83,39.51,3568131,141926208.00
20160715,39.70,39.70,38.36,38.40,2593144,100320200.00
20160718,38.19,38.80,38.06,38.10,1835757,70566768.00
20160719,38.00,39.45,37.85,39.32,2767831,107185592.00
20160720,39.15,40.57,39.12,39.80,4050426,162017280.00
20160721,39.55,40.00,38.90,39.17,3473971,136490976.00
20160722,39.22,39.59,38.45,38.47,2092693,80952152.00
20160725,38.40,38.40,37.56,37.68,2053716,77639960.00
20160726,37.50,38.75,37.50,38.46,1646335,63119720.00
20160727,38.51,38.70,35.28,35.30,3523218,128671576.00
20160728,35.41,35.85,34.82,35.45,1888925,66840580.00
20160729,35.55,35.80,35.01,35.09,893320,31468148.00
20160801,35.00,35.00,33.66,34.53,1324657,45370816.00
20160802,34.50,34.85,34.31,34.70,704927,24408684.00
20160803,34.65,34.94,34.05,34.64,1148900,39821492.00
20160804,34.61,35.20,34.61,35.01,844137,29516596.00
20161109,38.51,38.51,38.51,38.51,433101,16678720.00
20161110,42.25,42.25,39.67,41.21,11328681,465971936.00
20161111,40.88,43.20,40.45,41.50,10778011,453067008.00
20161114,40.81,41.53,39.70,39.93,5696169,229955264.00
20161115,39.47,40.40,38.75,40.40,4747844,187261472.00
20161116,39.91,40.18,39.30,39.30,2552058,101297848.00
20161117,39.23,39.69,38.52,39.40,3022722,118773368.00
20161118,39.41,39.63,38.30,38.68,3059877,119641312.00
20161121,38.80,39.33,38.34,38.93,2255734,87503944.00
20161122,39.20,39.24,38.53,39.01,2288419,89011784.00
20161123,39.08,39.56,38.68,38.69,2613219,101872152.00
20161124,38.40,38.50,36.80,37.00,3204352,120668064.00
20161125,36.89,37.18,36.00,36.59,1987776,72509664.00
20161128,36.65,37.26,36.61,36.64,1560622,57657668.00
20161129,36.30,36.97,36.01,36.13,1268590,46095108.00
20161130,35.75,37.10,35.75,37.08,1998451,73273016.00
20161201,37.22,37.30,36.80,36.90,1304855,48296436.00
20161202,36.89,37.24,35.98,36.00,1360577,49586156.00
20161205,35.85,36.52,35.30,36.19,1030540,37218792.00
20161206,36.30,37.05,36.30,36.57,1169121,42972212.00
20161207,36.62,37.10,36.43,37.09,1190198,43742480.00
20161208,37.09,37.11,36.10,36.21,1190838,43662768.00
20161216,35.51,36.18,34.13,35.90,2086361,73326432.00
20161219,35.61,35.74,34.59,34.65,1243772,43659124.00
20161220,34.22,34.79,34.02,34.35,934043,32029450.00
20161221,34.65,35.00,34.36,34.90,955120,33241448.00
20161222,34.83,35.06,34.18,34.80,883749,30503730.00
20161223,34.69,35.54,34.55,35.51,1518222,53305740.00
20161226,35.55,35.65,34.58,35.44,1880241,65721888.00
20161227,35.05,35.08,32.23,32.71,3954313,132716072.00
20161228,32.29,32.51,31.80,31.88,1500025,48108364.00
20161229,31.90,32.28,31.52,31.54,969927,30973190.00
20161230,31.61,31.83,31.18,31.36,809701,25444868.00
20170103,31.31,32.14,31.31,32.10,1107789,35288764.00
20170104,32.01,32.35,31.91,32.26,1082397,34816692.00
20170105,32.40,32.47,32.10,32.20,737911,23797814.00
20170106,32.36,32.36,31.52,31.70,665694,21184898.00
20170109,31.65,32.18,31.50,31.96,624568,19897704.00
20170110,31.88,32.17,31.68,31.71,718800,22941960.00
20170111,31.72,31.88,31.00,31.00,825778,25866044.00
20170112,31.01,31.44,30.70,30.90,540475,16792574.00
20170113,31.20,31.43,28.58,28.73,1489838,44030140.00
20170116,28.72,30.50,26.51,29.71,2309563,67568968.00
20170117,29.78,29.80,27.55,29.23,1458949,42074824.00
20170118,29.00,29.07,28.52,28.52,634091,18299156.00
20170119,27.80,28.88,27.80,28.24,457115,12855997.00
20170120,28.37,29.30,28.14,29.05,819101,23598986.00
20170123,29.16,29.51,29.10,29.18,586696,17195054.00
20170124,29.18,29.35,28.78,29.12,503729,14643504.00
20170125,28.87,29.67,28.87,29.52,687361,20244994.00
20170126,29.59,29.75,29.36,29.44,439000,12972889.00
20170203,29.59,29.62,29.11,29.35,355192,10433632.00
20170206,29.18,29.67,29.18,29.60,480897,14181268.00
20170207,29.61,29.68,29.15,29.26,559705,16428066.00
20170208,29.27,31.98,29.08,31.08,2350959,72314424.00
20170209,30.94,31.27,30.60,30.92,1417737,43770232.00
20170210,30.90,30.98,30.51,30.53,791488,24258974.00
20170213,30.50,30.91,30.17,30.62,656336,20112272.00
20170214,30.62,30.82,30.24,30.47,432419,13199175.00
20170215,30.47,30.85,30.17,30.32,743121,22679518.00
20170216,30.30,31.17,30.17,30.86,778607,23923736.00
20170217,30.99,31.17,30.11,30.26,675715,20623132.00
20170220,30.46,30.78,29.74,30.09,728142,21949514.00
20170221,30.20,30.77,29.94,30.41,873934,26544998.00
20170222,30.41,30.70,30.10,30.32,682632,20695776.00
20170223,30.55,30.56,30.10,30.49,576198,17482202.00
20170224,30.68,31.10,30.36,30.90,1147612,35412468.00
20170227,31.04,31.04,30.22,30.47,1014401,31133928.00
20170228,30.38,30.59,30.31,30.53,440931,13427829.00
20170301,30.50,31.49,30.36,31.18,1610892,50203684.00
20170302,31.17,31.36,30.37,30.44,1215726,37280376.00
20170303,30.37,30.65,29.80,30.35,785184,23787014.00
20170306,30.71,31.37,30.71,31.16,1141569,35586212.00
20170307,31.10,31.79,31.10,31.52,1233187,38833300.00
20170308,31.41,32.49,31.40,31.70,1723570,55149096.00
20170309,31.68,32.19,31.45,31.63,961184,30515624.00
20170310,31.79,31.80,31.15,31.16,831161,25988096.00
20170313,31.24,31.45,30.87,31.45,650974,20340132.00
20170314,31.45,31.69,31.13,31.24,650960,20396864.00
20170315,31.24,31.49,31.10,31.23,480495,15008052.00
20170316,31.51,31.88,31.31,31.80,1048326,33172142.00
20170317,31.82,31.99,31.16,31.20,877498,27754414.00
20170320,31.01,31.38,30.00,31.28,1410561,43290164.00
20170321,31.11,31.16,30.70,30.90,507444,15709138.00
20170322,30.89,30.93,30.08,30.18,893544,27131736.00
20170323,30.35,30.50,29.69,29.97,870410,26117086.00
20170324,29.97,30.40,29.81,30.14,534371,16057310.00
20170327,30.01,30.30,29.70,29.72,604105,18031448.00
20170328,29.73,30.10,29.71,29.88,424717,12688066.00
20170329,29.87,30.09,29.25,29.25,589937,17413202.00
20170330,29.10,29.33,27.66,27.83,1035003,29344670.00
20170331,27.80,28.46,27.80,28.10,589081,16596770.00
20170405,28.11,29.89,28.11,29.46,969544,28341124.00
20170406,29.58,29.66,29.14,29.30,543033,15935270.00
20170407,29.48,29.49,29.13,29.27,439461,12907735.00
20170410,29.50,29.50,28.52,28.68,606729,17561576.00
20170411,28.30,30.99,28.30,29.98,1285288,38121660.00
20170412,30.02,30.03,28.30,28.80,1104728,32229506.00
20170413,28.77,29.38,25.92,29.00,983278,28230512.00
20170414,29.00,29.19,28.22,28.24,598125,17072450.00
20170417,28.30,28.30,26.66,26.90,685123,18829530.00
20170418,26.66,27.40,26.66,26.97,600744,16309001.00
20170419,26.93,26.99,26.01,26.31,459900,12085506.00
20170420,26.31,26.68,25.90,25.90,616612,16101431.00
20170421,25.95,26.29,25.26,25.40,396162,10199455.00
20170424,25.40,25.48,23.00,23.50,800325,19341744.00
20170425,23.87,24.36,23.62,23.90,539210,12946100.00
20170426,24.81,25.49,24.70,24.90,1679615,42047304.00
20170427,24.70,25.06,23.62,24.85,1224912,29761754.00
数据来源:通达信
