300443 金雷风电 日线 前复权
      日期	    开盘	    最高	    最低	    收盘	    成交量	    成交额
20150422,10.23,11.19,10.23,11.19,10500,480980.00
20150423,12.34,12.34,12.34,12.34,2500,126475.00
20150424,13.60,13.60,13.60,13.60,2200,122430.00
20150427,15.00,15.00,15.00,15.00,2100,128562.00
20150428,16.53,16.53,16.53,16.53,14900,1003366.00
20150429,18.21,18.21,18.21,18.21,25840,1913968.75
20150430,20.06,20.06,20.06,20.06,18040,1469899.25
20150504,22.10,22.10,22.10,22.10,60890,5457570.50
20150505,24.34,24.34,24.34,24.34,73140,7210872.50
20150506,26.80,26.80,26.80,26.80,740007,80253760.00
20150507,25.44,26.59,24.19,24.28,5497545,558450752.00
20150508,25.19,26.74,24.82,26.74,2445909,257991392.00
20150511,29.34,29.45,28.39,29.45,1958333,231867072.00
20150512,31.94,32.42,29.69,32.42,5478588,688471808.00
20150513,30.44,35.68,30.20,34.69,3972011,533322432.00
20150514,33.99,38.19,33.94,38.19,3546840,528532992.00
20150515,38.24,42.04,38.22,42.04,2826252,460376448.00
20150518,45.19,46.27,44.77,46.27,1463702,271528000.00
20150519,50.92,50.93,43.06,45.52,4427845,845274944.00
20150520,44.19,47.44,43.94,44.24,3173727,584070528.00
20150521,43.19,43.44,41.72,42.32,3234278,552886464.00
20150522,43.41,46.58,42.47,46.58,3499024,630512896.00
20150525,44.19,46.69,42.72,43.89,2527727,454577664.00
20150526,43.89,48.31,43.71,48.31,2858336,537573888.00
20150527,52.19,53.17,51.49,53.17,2157897,456852544.00
20150528,58.07,58.52,47.83,47.83,2316978,527407712.00
20150529,45.07,52.06,43.69,48.24,4278326,821902784.00
20150601,46.67,48.18,43.56,45.89,3134548,571556992.00
20150602,45.88,48.19,44.57,46.19,1953302,363228128.00
20150603,45.60,46.19,43.69,43.96,1550258,277815904.00
20150604,44.64,44.64,39.54,40.24,2010303,330975008.00
20150605,40.95,41.69,39.55,40.57,1380420,226628112.00
20150608,39.98,40.54,36.48,36.84,1633185,249021104.00
20150609,36.97,39.17,36.59,38.21,1347022,206587600.00
20150610,37.94,42.06,37.69,42.06,2259270,374397504.00
20150611,42.02,45.69,41.69,44.14,2471845,436835520.00
20150612,43.44,44.89,40.94,41.19,2039048,347741760.00
20150615,40.06,40.07,37.36,37.37,1530393,236063280.00
20150616,35.95,41.13,35.70,41.13,2433531,390631008.00
20150617,40.69,43.07,40.16,42.69,2165557,364945088.00
20150618,41.94,41.94,38.44,38.44,1391723,226758576.00
20150619,36.82,42.32,36.82,42.32,2487319,418518912.00
20150623,43.45,46.58,42.44,46.58,3481354,639360128.00
20150624,46.94,49.59,43.57,48.82,3734678,690751744.00
20150625,46.85,47.44,43.90,43.90,1880581,345819840.00
20150626,41.94,42.69,39.48,39.48,1685361,274432288.00
20150629,39.69,40.23,35.50,35.50,1975924,289598752.00
20150630,34.69,37.17,31.92,36.19,1839387,256547760.00
20150701,35.23,38.30,32.54,32.56,2193679,321241376.00
20150702,31.41,34.06,29.76,30.44,1739260,222493024.00
20150703,29.94,32.44,27.85,29.38,1677996,202830224.00
20150706,32.35,32.35,26.44,27.94,1757538,209508256.00
20150707,26.49,26.69,25.12,25.12,533992,55018100.00
20150708,22.57,23.31,22.57,22.57,1429595,131146576.00
20150709,21.94,24.86,21.93,24.86,1293999,127151752.00
20150710,26.91,27.38,26.09,27.38,653468,71729384.00
20150713,29.19,30.15,27.88,30.15,1356369,162192304.00
20150714,29.94,32.65,28.80,31.52,2079916,262102240.00
20150715,29.94,30.67,28.33,28.33,1219924,142617392.00
20150716,25.97,29.72,25.59,27.99,1337391,150742992.00
20150717,28.44,30.59,28.19,30.04,1181854,140264832.00
20150720,29.92,30.91,28.71,29.90,1240133,150678832.00
20150721,29.41,32.69,28.94,32.43,1370039,172089792.00
20150722,31.95,32.81,31.04,32.55,1313632,170234528.00
20150723,32.94,35.83,32.94,35.83,1480479,208627152.00
20150724,37.19,39.19,35.07,35.57,2345450,352777760.00
20150727,35.40,39.14,33.49,33.69,2054472,306798560.00
20150728,32.19,37.09,31.94,37.09,2065015,291541120.00
20150729,38.04,38.44,33.35,36.61,2099131,302808352.00
20150731,32.91,32.91,32.91,32.91,304300,40438428.00
20150803,29.59,31.06,29.59,29.94,1164613,139626144.00
20150804,30.53,31.81,28.69,31.32,1606250,197527856.00
20150805,30.46,31.07,28.77,29.19,1296501,157605360.00
20150806,27.94,29.19,27.44,28.07,814730,92989656.00
20150807,28.44,30.05,28.44,29.69,880104,104262488.00
20150810,29.69,31.86,29.69,31.75,1045511,131652560.00
20150811,31.69,32.44,31.08,32.44,1358181,174057344.00
20150812,31.94,32.83,31.12,31.15,1004367,129137192.00
20150813,30.94,31.44,29.64,31.02,960083,118570032.00
20150814,31.24,31.44,30.39,30.64,934992,116413768.00
20150817,30.44,30.44,29.19,29.43,715677,85712504.00
20150818,29.43,29.93,26.46,26.46,973358,111626280.00
20150819,26.19,29.13,25.69,29.13,1086221,119629336.00
20150820,28.94,28.94,27.44,27.45,690950,78387768.00
20150821,27.19,27.19,25.94,25.96,576851,61891140.00
20150824,23.94,24.96,23.33,23.33,736189,70588536.00
20150825,21.00,23.33,20.97,20.97,915441,80630112.00
20150826,21.19,22.82,19.82,21.29,1027257,90644320.00
20150827,21.94,22.56,21.19,22.56,585268,52299216.00
20150828,22.69,23.94,21.82,23.75,774826,71765592.00
20150831,23.36,23.42,21.35,21.35,748050,67836120.00
20150901,20.97,21.03,19.44,19.68,686712,56106676.00
20150902,18.94,21.34,18.46,19.98,748231,61820952.00
20150907,20.78,21.43,19.94,20.34,562427,47620712.00
20150908,20.44,22.10,19.97,21.94,611006,52390740.00
20150909,21.94,23.09,21.69,22.77,812173,74383464.00
20150910,22.27,22.58,21.91,21.94,561297,50646812.00
20150911,22.09,22.57,21.55,22.14,432799,38827256.00
20150914,21.95,22.32,19.90,19.90,653797,54733112.00
20150915,19.45,20.33,19.19,19.59,426390,34121608.00
20150916,19.85,21.58,19.59,21.44,615401,51656600.00
20150917,21.19,22.26,20.75,20.82,928809,80807800.00
20150918,20.89,21.32,20.54,21.10,447644,38091136.00
20150921,20.89,22.42,20.65,22.34,813076,71639376.00
20150922,22.22,23.94,22.22,22.88,840676,78418056.00
20150923,22.46,23.19,22.33,22.79,616650,56743392.00
20150924,22.86,23.92,22.86,23.08,639602,60353640.00
20150925,22.73,23.14,21.39,21.69,638976,57500960.00
20150928,21.66,22.99,21.47,22.99,514797,46622468.00
20150929,22.64,23.24,22.19,22.52,416420,38319052.00
20150930,22.66,22.90,21.95,22.30,277438,25188776.00
20151008,23.19,23.88,22.69,23.61,742707,70779080.00
20151009,23.45,23.84,23.38,23.68,556721,53224084.00
20151012,23.94,25.33,23.83,25.20,853972,85579280.00
20151013,25.32,27.07,25.08,26.38,1030872,109941992.00
20151014,26.44,27.16,25.95,26.68,843477,90502344.00
20151015,26.70,29.37,26.69,29.37,1458979,170366192.00
20151016,30.24,30.69,29.19,30.02,1822422,220361424.00
20151019,29.72,30.03,28.75,29.69,997949,117924248.00
20151020,29.59,31.44,29.22,30.86,1121014,138581952.00
20151021,30.69,31.09,28.19,28.19,1154287,137972928.00
20151022,28.39,31.04,28.39,30.80,1253617,151526992.00
20151023,30.53,32.09,30.53,31.27,1240354,156467600.00
20151026,32.09,34.18,31.45,32.27,1253538,166035696.00
20151027,31.72,34.19,31.32,33.92,1092153,144273792.00
20151028,33.44,33.81,31.94,32.02,1028102,136037344.00
20151029,32.54,32.77,31.43,32.36,647415,84233200.00
20151030,32.19,33.92,31.53,33.02,932072,124074528.00
20151102,32.12,36.19,31.69,34.19,1571885,218675808.00
20151103,34.69,36.02,34.07,36.02,1195403,170091872.00
20151104,35.99,37.56,35.59,37.20,1184458,174394784.00
20151105,37.19,38.94,36.72,37.84,1351517,206159312.00
20151106,38.04,41.65,37.69,41.64,1513362,245456704.00
20151109,41.39,45.68,40.94,44.94,1803895,316365280.00
20151110,43.94,45.13,42.53,44.55,1529592,271445632.00
20151111,44.54,47.91,43.95,47.14,1440593,267553200.00
20151112,47.34,48.19,44.94,46.79,2093315,390884288.00
20151113,45.44,45.52,42.08,42.08,1950671,340583616.00
20151116,40.94,44.59,39.99,43.53,1231369,214322464.00
20151117,44.91,44.91,40.45,40.47,1667227,288315552.00
20151118,39.77,40.92,38.96,39.58,1269427,204194464.00
20151119,40.17,43.57,40.17,43.57,1589183,271671712.00
20151120,44.58,47.36,44.58,46.43,1990273,371076544.00
20151123,46.19,49.94,45.04,47.63,2131536,410735200.00
20151124,47.12,52.43,47.12,52.43,2347345,482943904.00
20151125,53.69,53.72,50.49,51.52,2187023,456996800.00
20151126,51.04,56.59,51.04,53.70,2343653,508373344.00
20151127,52.19,57.70,52.19,57.32,2627622,580892800.00
20151130,57.33,63.04,55.69,62.95,2505997,589764544.00
20151201,61.09,64.66,56.62,56.62,2670478,640770944.00
20151202,54.72,60.82,52.22,58.67,2233565,511862112.00
20151203,57.94,59.95,54.95,57.39,1769416,410016000.00
20151204,56.69,58.19,54.96,56.44,1601244,364382592.00
20151207,56.68,58.17,55.19,55.94,1315176,299903872.00
20151208,55.41,58.06,53.69,56.44,1542694,349832928.00
20151209,55.44,56.19,51.67,52.57,1853238,397836768.00
20151210,53.04,56.71,52.22,54.69,1752253,387256608.00
20151211,54.19,55.94,52.44,53.12,1162911,252434848.00
20151214,52.19,55.16,50.69,54.89,1311562,274949088.00
20151215,54.22,55.57,53.69,53.95,938965,205835536.00
20151216,54.39,58.81,54.32,56.26,1463981,334788896.00
20151217,57.22,58.44,56.44,58.37,1455659,336210176.00
20151218,57.57,58.09,55.63,55.99,1237059,281682688.00
20151221,55.16,55.84,53.44,54.17,987260,215856224.00
20151222,54.35,55.47,53.66,54.61,782057,171420304.00
20151223,54.61,57.19,53.94,55.37,1373353,307281824.00
20151224,55.79,57.86,55.27,57.33,1119749,256778992.00
20151225,57.33,57.64,52.37,54.36,1264726,280287904.00
20151228,53.69,54.39,50.19,50.27,1593698,333813536.00
20151229,49.84,51.29,49.82,50.89,677952,138179984.00
20151230,51.57,51.57,48.19,49.11,1069218,212545248.00
20151231,49.14,49.76,47.95,48.02,720600,141643984.00
20160104,48.12,48.44,43.20,43.23,855159,155782736.00
20160105,41.19,47.59,41.19,47.59,1533050,274318880.00
20160106,47.54,50.21,46.19,49.24,1432299,282138048.00
20160107,47.44,48.19,44.29,44.30,363800,67361968.00
20160108,46.79,48.69,43.69,48.22,1410939,267294160.00
20160111,46.69,51.05,46.17,48.69,1577817,311077280.00
20160112,48.44,49.44,45.69,48.32,1262615,243274432.00
20160113,48.69,49.39,43.46,43.46,1905929,345522496.00
20160114,39.38,45.52,39.09,44.15,1446516,246265360.00
20160115,43.44,43.85,39.71,39.71,1238340,207132736.00
20160118,38.19,42.65,38.10,41.12,1160084,191057424.00
20160119,40.94,43.49,40.57,43.22,1121736,191837600.00
20160120,43.16,44.59,42.36,43.57,986415,173754048.00
20160121,43.02,44.34,40.94,40.99,1037038,179730688.00
20160122,41.94,43.19,41.19,43.17,826759,141054560.00
20160125,43.69,47.51,43.44,47.51,1432929,265184816.00
20160126,46.94,49.44,46.07,47.34,1885404,361919584.00
20160127,47.94,48.44,43.69,47.82,1380440,257472192.00
20160128,46.19,46.44,43.00,43.00,1238523,221707440.00
20160129,42.19,45.16,41.19,43.85,966278,169681296.00
20160201,43.44,44.37,42.94,43.72,587915,103268272.00
20160202,43.44,46.66,43.44,46.07,928401,170427792.00
20160203,45.41,45.69,44.03,45.27,680753,122826808.00
20160204,45.09,47.34,45.09,47.18,878502,164876304.00
20160205,47.44,47.68,45.94,45.99,573690,107546968.00
20160215,43.69,47.29,43.69,46.89,531747,98164168.00
20160216,47.19,49.27,46.95,48.52,797979,155782800.00
20160217,48.19,53.40,47.96,53.40,1429584,293223232.00
20160218,53.41,57.91,52.76,54.32,1663705,366990432.00
20160219,54.51,59.78,53.94,59.20,1955567,451981024.00
20160222,58.94,60.07,56.69,59.91,1714284,404431360.00
20160223,59.17,59.91,54.41,57.19,1867943,429761056.00
20160224,51.44,51.44,51.44,51.44,281900,58353300.00
20160225,46.27,46.27,46.27,46.27,312100,58144232.00
20160226,41.69,44.68,41.69,42.05,2820086,486243616.00
20160229,41.44,41.44,37.82,37.82,546900,85073624.00
20160301,35.69,39.24,34.01,37.57,2475982,355340288.00
20160302,36.41,39.30,35.72,38.31,1918057,291344832.00
20160303,37.94,40.94,37.59,37.64,1759833,277568032.00
20160304,37.67,38.63,34.01,34.66,1451166,210194000.00
20160307,35.44,36.86,35.32,35.99,1121191,163189200.00
20160308,35.92,35.92,32.44,35.04,1170061,161725904.00
20160309,33.69,35.04,33.58,33.89,800857,110705816.00
20160310,34.19,35.41,34.07,34.55,1094052,153739984.00
20160311,33.94,35.09,33.74,34.71,722832,100977480.00
20160314,35.44,37.14,35.10,36.74,1227232,180572416.00
20160315,36.82,37.14,35.94,35.97,932611,137339024.00
20160316,36.39,37.09,34.47,34.87,821827,117663248.00
20160317,35.19,36.85,34.70,36.64,1324935,192400784.00
20160318,36.94,39.77,36.53,39.05,1935185,296727328.00
20160321,39.57,40.05,38.44,39.68,1578203,249082560.00
20160322,39.19,43.44,38.80,42.22,1847344,306452928.00
20160323,42.23,42.57,40.94,42.47,1388970,233525040.00
20160324,41.44,43.68,41.32,41.54,1372032,233884416.00
20160325,41.18,42.14,39.19,39.82,1377481,225365792.00
20160328,40.09,40.92,39.14,39.36,995330,160933520.00
20160329,38.97,39.47,37.69,38.13,846385,131014936.00
20160330,38.51,41.93,38.44,41.65,1414676,230239760.00
20160331,42.49,43.29,41.25,42.07,1633690,276510976.00
20160401,41.85,41.92,40.66,41.54,981402,163137104.00
20160405,41.44,42.43,41.20,42.14,1181852,199250976.00
20160406,43.23,46.39,43.23,46.39,2541345,467666720.00
20160407,47.19,50.89,44.94,48.69,2874113,545742080.00
20160408,48.69,50.48,47.19,48.49,2173579,428096928.00
20160411,47.95,48.34,46.57,46.72,1934940,367532544.00
20160412,46.32,48.57,42.82,43.43,3940995,362420288.00
20160413,43.18,44.22,42.32,43.27,3451063,299672288.00
20160414,43.22,43.87,42.86,43.55,2275964,198193280.00
20160415,44.57,47.66,44.16,45.70,3548361,326210624.00
20160418,44.06,44.81,43.32,43.51,2054207,180436656.00
20160419,43.76,44.21,42.58,42.86,1963011,169988608.00
20160420,43.20,43.31,38.56,38.77,3062044,246647120.00
20160421,37.57,38.75,35.32,35.84,2301159,172681424.00
20160422,35.77,39.30,33.57,37.83,5038993,353307840.00
20160425,36.19,36.55,35.03,35.82,6638453,478680672.00
20160426,35.32,36.07,34.26,35.25,5636764,397366144.00
20160427,34.77,35.24,34.32,34.52,3154868,220185360.00
20160428,34.77,35.47,34.23,35.33,3743052,262816560.00
20160429,35.28,36.40,34.82,34.98,3399608,242968880.00
20160503,34.87,36.11,34.57,36.07,3484627,249433344.00
20160504,36.03,36.84,35.72,36.09,3374089,246048960.00
20160505,35.91,38.26,35.83,37.96,6375021,475564096.00
20160506,37.72,38.11,35.10,35.33,5912563,434584000.00
20160509,35.19,35.19,33.37,33.53,3092459,211055712.00
20160510,33.53,34.20,33.53,33.93,1881892,128036504.00
20160511,34.22,34.43,33.32,33.32,1920495,130343456.00
20160512,32.32,32.57,31.67,32.39,2104311,135997936.00
20160513,32.32,32.89,31.82,32.04,1489679,96854504.00
20160516,31.82,32.45,31.43,32.42,2200904,141286272.00
20160517,32.58,32.67,31.58,32.00,2661128,171924432.00
20160518,31.59,31.62,28.83,29.32,4042562,244859152.00
20160519,29.08,30.39,29.07,29.58,2798156,168681600.00
20160520,29.10,30.32,29.02,30.29,2219243,132891856.00
20160523,30.28,31.05,30.28,30.76,2486191,153752752.00
20160524,30.82,30.82,29.82,30.01,2009842,121615592.00
20160525,30.42,31.32,30.32,30.52,2879532,178210128.00
20160526,30.37,30.81,29.47,30.65,2324156,140918160.00
20160527,30.75,31.57,30.63,31.12,2882247,180184288.00
20160530,30.67,31.04,30.18,30.59,1645330,101443936.00
20160531,30.67,33.17,30.66,32.88,3803604,244407712.00
20160601,32.82,33.10,32.42,32.95,4292548,282784608.00
20160602,33.25,34.30,33.12,33.74,3809987,258329152.00
20160603,33.80,33.90,33.12,33.37,3533062,237950736.00
20160606,33.65,33.81,32.57,32.86,2627987,175267904.00
20160607,32.76,33.58,32.68,33.57,2713611,181344960.00
20160608,33.57,33.57,32.70,33.02,2294391,152685696.00
20160613,32.08,32.45,29.81,29.82,3276456,206778992.00
20160614,29.85,30.37,29.58,30.37,1721363,104197112.00
20160615,29.97,31.67,29.83,31.37,2280156,142679184.00
20160616,31.33,31.51,30.62,30.88,2031813,126711256.00
20160617,31.11,31.60,30.73,31.01,1977427,123951032.00
20160620,31.01,31.41,30.33,31.31,1840411,114372968.00
20160621,31.72,32.71,31.57,31.67,3321764,214650160.00
20160622,31.32,32.10,31.32,32.08,2389559,153080576.00
20160623,32.20,33.01,31.93,32.38,3011608,197028128.00
20160624,32.38,32.72,30.02,31.55,3183129,202651888.00
20160627,31.33,32.41,31.07,32.28,2565976,164731552.00
20160628,31.97,33.72,31.83,33.32,3987563,263992336.00
20160629,33.66,33.82,32.83,32.98,2897217,192928128.00
20160630,33.12,33.70,32.67,33.18,2719249,181726448.00
20160701,33.15,33.55,32.62,32.93,2387497,158761392.00
20160704,32.59,33.75,32.59,33.44,2595421,174001408.00
20160705,33.42,33.70,32.96,33.24,2551806,170692288.00
20160706,33.11,36.58,33.08,36.58,6752094,477578400.00
20160707,36.47,36.50,34.82,35.06,6082220,435797120.00
20160708,34.87,37.81,34.82,36.98,6899102,507701984.00
20160711,37.51,38.92,36.21,38.13,6423527,488377760.00
20160719,36.47,37.07,34.80,36.67,4372033,317415168.00
20160720,36.27,36.52,35.78,35.86,2786260,201612272.00
20160721,35.82,38.30,35.82,37.86,4829433,363154784.00
20160722,37.50,37.85,36.63,36.97,2931827,218350816.00
20160725,37.32,38.32,37.02,37.12,3051979,231648496.00
20160726,36.97,37.02,36.15,37.00,2416063,177685344.00
20160727,37.11,38.21,34.95,35.44,4137267,302286816.00
20160728,35.57,36.07,34.07,34.97,2950324,207661008.00
20160729,35.08,35.08,33.99,34.07,2173385,150065296.00
20160801,33.72,33.72,31.82,32.55,2293146,149823808.00
20160802,32.37,33.02,32.25,32.70,1260774,82846072.00
20160803,32.60,33.06,32.43,32.73,1341726,88286992.00
20160804,32.82,33.71,32.67,33.57,2007139,134869904.00
20160805,33.42,33.62,32.90,32.95,1459957,97294448.00
20160808,32.84,32.84,31.83,32.66,1675949,109343440.00
20160809,32.42,33.31,32.21,33.07,1972414,129837136.00
20160810,33.07,33.30,32.65,32.65,1614154,106697688.00
20160811,32.60,32.69,31.32,31.57,1966241,126584032.00
20160812,31.52,32.06,31.37,31.91,1250889,80053584.00
20160815,31.88,33.02,31.70,32.96,2175937,142295904.00
20160816,32.97,33.67,32.92,32.97,1837052,122975840.00
20160817,32.97,33.42,32.46,33.15,1657599,109564752.00
20160818,33.02,33.47,32.85,32.95,1426961,95032072.00
20160819,32.89,33.11,32.52,32.87,1257244,82815984.00
20160822,32.87,32.97,31.85,31.87,1520368,98903048.00
20160823,31.84,32.36,31.78,32.02,908856,58582148.00
20160824,32.22,32.72,32.07,32.28,1229459,80263448.00
20160825,32.07,32.57,31.66,32.47,1609697,103434248.00
20160826,32.33,32.77,32.23,32.24,1347732,88120432.00
20160829,32.40,32.64,32.03,32.37,1019463,66415468.00
20160830,32.37,32.64,32.24,32.48,876876,57259008.00
20160831,32.62,32.71,32.23,32.50,924585,60305244.00
20160901,32.48,32.56,32.05,32.06,1039884,67501016.00
20160902,31.93,32.12,31.74,31.84,1026006,65833432.00
20160905,32.00,32.17,31.77,31.81,747923,48000016.00
20160906,31.79,32.26,31.34,32.21,1288954,82514944.00
20160907,32.21,32.52,32.04,32.23,1088510,70746784.00
20160908,32.23,32.39,31.97,32.18,696704,45101100.00
20160909,32.31,32.31,31.56,31.58,933964,59880988.00
20160912,31.18,31.21,30.41,30.46,1417585,88012544.00
20160913,30.72,30.72,30.39,30.55,765124,47036708.00
20160914,30.39,30.71,30.33,30.38,719800,44183272.00
20160919,30.42,30.95,30.42,30.95,714013,44119036.00
20160920,30.97,30.97,30.48,30.60,658626,40573060.00
20160921,30.44,30.82,30.44,30.67,498911,30781406.00
20160922,30.79,30.97,30.62,30.65,613492,37993572.00
20160923,30.72,30.75,30.42,30.48,596015,36611192.00
20160926,30.48,30.48,29.71,29.71,905968,54747576.00
20160927,29.71,30.36,29.71,30.32,678471,40955424.00
20160928,30.27,30.40,30.13,30.28,654438,39853704.00
20160929,30.37,30.46,30.22,30.41,523222,31949140.00
20160930,30.35,30.40,30.22,30.28,537449,32737096.00
20161010,30.55,31.25,30.34,31.14,1111062,69000800.00
20161011,31.14,31.14,30.81,31.00,823407,51245080.00
20161012,30.92,30.95,30.72,30.85,673931,41768616.00
20161013,30.82,31.01,30.81,30.86,639904,39767800.00
20161014,30.83,32.23,30.74,31.68,2001947,127635216.00
20161017,31.33,31.72,31.02,31.10,1241190,78245728.00
20161018,30.98,31.81,30.87,31.60,1129852,71449144.00
20161019,31.62,32.27,31.57,31.58,1178988,75499192.00
20161020,31.58,32.03,31.45,31.78,1484006,95000408.00
20161021,31.96,32.11,31.10,31.46,1182721,75043552.00
20161024,31.36,31.75,31.11,31.54,878375,55583204.00
20161025,31.54,32.22,31.38,31.88,1347554,86475584.00
20161026,31.82,31.82,31.13,31.28,1560871,98453336.00
20161027,31.23,31.42,31.19,31.34,689254,43383552.00
20161028,31.36,31.51,30.97,31.01,911959,57228272.00
20161031,30.83,30.99,30.48,30.87,859356,53083948.00
20161101,30.92,33.92,30.91,33.19,5219577,347171616.00
20161102,32.82,34.76,32.82,33.84,6008054,411342432.00
20161103,32.82,33.94,32.51,33.33,4231782,283652640.00
20161104,33.25,34.82,33.20,34.82,5516126,381928800.00
20161107,35.56,35.56,34.17,34.40,3519382,244679936.00
20161108,34.52,34.75,33.53,34.20,3167600,216330160.00
20161109,34.00,34.10,33.12,33.65,3062795,207024960.00
20161110,33.91,34.74,33.84,34.66,3923759,270358464.00
20161111,34.67,35.47,34.12,34.32,3653802,255145936.00
20161114,34.07,34.54,33.67,33.88,2568464,175977344.00
20161115,33.88,34.12,33.38,34.08,2017493,136655568.00
20161116,34.07,34.54,33.61,33.65,2240405,153766368.00
20161117,33.37,33.52,32.82,32.88,2135806,141937440.00
20161118,33.02,33.81,33.02,33.57,2442685,164819872.00
20161121,33.57,34.96,33.33,34.83,3961673,273033920.00
20161122,34.75,35.32,34.42,34.92,3705334,259648192.00
20161123,34.83,34.97,34.07,34.17,2747495,190512128.00
20161124,34.07,34.76,33.77,33.93,2309882,159083760.00
20161125,33.71,33.98,32.65,33.64,2208983,147895632.00
20161128,33.64,34.55,33.64,33.95,2101570,144353568.00
20161129,33.95,34.16,33.06,33.08,1763678,118901176.00
20161130,33.05,33.53,32.82,33.31,1603080,106870104.00
20161201,33.33,33.47,32.90,33.02,1419810,94618296.00
20161202,32.87,33.16,31.78,31.83,2085321,135883008.00
20161205,31.33,32.14,31.07,31.68,1044112,66685760.00
20161206,31.63,31.97,31.62,31.64,709963,45379088.00
20161207,31.45,32.02,31.45,32.00,935575,59957768.00
20161208,32.08,32.21,31.65,31.65,768000,49210484.00
20161209,31.42,31.81,31.27,31.38,868266,55088836.00
20161212,31.37,31.37,28.33,28.53,2207048,133051480.00
20161213,28.55,29.52,28.55,29.10,1331918,77872152.00
20161214,29.17,29.17,27.98,28.27,1810589,103374064.00
20161215,28.25,29.01,28.05,28.52,1320245,76069800.00
20161216,28.52,29.07,28.47,28.80,1030037,59801404.00
20161219,28.91,29.05,28.63,28.81,671970,38967280.00
20161220,28.79,29.06,28.51,28.92,647290,37539728.00
20161221,28.91,29.07,28.80,29.01,806938,46975408.00
20161222,28.94,28.97,28.68,28.75,680026,39378780.00
20161223,28.75,28.87,28.19,28.21,912400,52341004.00
20161226,28.22,28.54,27.45,28.42,905200,50820100.00
20161227,28.31,28.52,28.27,28.42,468508,26785722.00
20161228,28.37,28.51,28.18,28.20,434910,24814050.00
20161229,28.03,28.42,28.03,28.12,615060,34941576.00
20161230,28.07,28.37,28.00,28.21,487400,27704196.00
20170103,28.21,28.65,28.18,28.54,618122,35387844.00
20170104,28.62,28.97,28.42,28.80,734596,42430964.00
20170105,28.87,29.05,28.48,28.54,840371,48526348.00
20170106,28.53,28.60,27.93,27.93,841960,47730944.00
20170109,27.91,28.31,27.82,28.17,529691,29966388.00
20170110,28.27,28.31,27.93,27.93,406784,23024100.00
20170111,28.00,28.15,27.67,27.68,705608,39553780.00
20170112,27.58,27.91,27.57,27.65,588117,32820880.00
20170113,27.32,27.65,25.44,25.60,1577496,84183632.00
20170116,25.50,25.70,23.05,23.67,1946372,95114448.00
20170117,24.07,26.05,23.93,26.05,2638311,134610224.00
20170118,26.81,26.81,25.53,25.90,2364443,124242864.00
20170119,25.90,26.49,25.37,25.74,1577142,82401664.00
20170120,25.58,26.32,25.53,26.05,1521148,79965760.00
20170123,26.06,26.39,25.83,25.88,1107645,58113544.00
20170124,25.81,25.81,24.74,25.01,1668208,84326624.00
20170125,24.82,25.79,24.82,25.57,997842,51070460.00
20170126,25.61,26.31,25.58,26.20,1061833,55714296.00
20170203,26.20,26.24,25.70,25.82,784495,40819296.00
20170206,25.97,26.47,25.87,26.32,934428,49275132.00
20170207,26.32,26.36,25.91,26.01,914385,48026300.00
20170208,26.04,26.20,25.64,26.16,858122,44804216.00
20170209,26.25,26.72,26.08,26.53,1717573,91740008.00
20170210,26.50,26.66,26.13,26.20,1134827,60022556.00
20170213,26.17,26.71,26.07,26.60,1032780,55115264.00
20170214,26.69,27.56,26.48,27.10,1701345,92952768.00
20170215,27.12,27.51,26.76,26.92,1471492,80440112.00
20170216,26.81,27.02,26.48,26.73,1228136,65900440.00
20170217,26.72,26.78,26.12,26.13,1117610,59389488.00
20170220,26.04,26.42,25.91,26.37,761360,40117156.00
20170221,26.32,26.96,26.23,26.96,1128298,60622560.00
20170222,26.97,27.31,26.67,27.02,1095163,59437228.00
20170223,27.01,27.22,26.73,27.12,998715,54080356.00
20170224,27.32,27.61,27.20,27.34,1692025,93329552.00
20170227,27.27,27.31,26.83,26.85,1092103,59537828.00
20170228,26.83,27.55,26.83,27.49,1345068,73832632.00
20170301,27.49,27.60,27.32,27.40,1148398,63496996.00
20170302,27.45,27.80,27.43,27.44,1258503,69917448.00
20170303,27.25,28.22,27.12,28.08,1734717,96691856.00
20170306,28.17,28.46,28.02,28.42,1328678,75612984.00
20170307,28.47,28.52,28.02,28.34,1134005,64451436.00
20170308,28.27,28.97,28.21,28.82,1651750,95288352.00
20170309,28.82,28.82,28.08,28.17,1381900,79060328.00
20170310,28.18,28.57,27.96,28.42,917194,52225200.00
20170313,28.52,29.07,28.10,29.03,1567767,90367208.00
20170314,28.95,30.05,28.83,29.22,2117454,125387368.00
20170315,29.20,30.76,29.07,30.40,2669235,161038992.00
20170316,30.47,31.06,30.17,30.72,2379717,146234608.00
20170317,30.55,31.26,30.05,30.10,2300566,141881168.00
20170320,30.06,30.98,30.06,30.91,1908499,117718184.00
20170321,30.91,31.11,30.62,30.92,1526246,94703096.00
20170322,30.82,30.91,30.38,30.71,1363795,84162184.00
20170323,30.76,31.10,29.83,30.47,1928462,118373800.00
20170324,30.32,30.76,29.47,29.88,1958553,118266432.00
20170327,29.92,30.72,29.92,30.48,1551317,94664816.00
20170328,30.76,30.76,29.07,29.09,2040600,122535376.00
20170329,29.13,30.76,28.88,28.96,3548651,212424944.00
20170330,28.45,28.82,27.69,27.73,2374360,133856632.00
20170331,27.96,28.05,27.51,27.75,1118939,62637608.00
20170405,27.71,28.41,27.66,28.26,1317221,74381904.00
20170406,28.26,28.37,28.08,28.27,1022474,58108672.00
20170407,28.14,28.28,27.64,27.68,1278140,71698288.00
20170410,27.14,27.65,25.93,26.02,2091231,111435408.00
20170411,26.02,26.74,25.95,26.67,1148901,60983824.00
20170412,26.47,26.98,26.32,26.39,778913,41849616.00
20170413,26.40,27.04,26.27,26.61,739169,39692136.00
20170414,26.61,26.71,26.18,26.27,631130,33434744.00
20170417,26.02,26.11,25.35,25.83,834888,43203712.00
20170418,25.83,26.01,25.43,25.51,754575,39089736.00
20170419,25.46,25.54,24.92,25.52,929116,47091752.00
20170420,25.40,25.71,24.99,25.19,698877,35628528.00
20170421,25.07,27.31,25.07,26.00,1420350,74628216.00
20170424,25.99,26.22,25.12,25.88,1008044,51936248.00
20170425,25.97,26.16,25.83,25.95,778232,40774936.00
20170426,26.07,26.07,25.47,25.58,993193,51267112.00
20170427,25.40,26.22,24.47,26.01,1469668,75279760.00
20170428,25.83,26.28,25.40,25.60,1640170,42240940.00
20170502,25.59,25.80,25.17,25.17,1114896,28366612.00
20170503,25.10,26.80,24.91,26.61,3914982,102522176.00
20170504,26.33,26.60,25.95,26.02,2861730,75059472.00
20170505,25.74,26.64,25.74,25.95,2429224,63869896.00
20170508,25.75,25.99,25.00,25.00,1826552,46416244.00
20170509,25.00,25.14,24.00,24.88,1782408,43929920.00
20170510,24.07,24.28,23.15,23.24,4747636,112432016.00
20170511,22.88,22.94,21.50,22.21,3124502,69278552.00
20170512,22.03,22.45,21.85,21.90,1738384,38498232.00
20170515,21.91,22.36,21.90,21.90,1283524,28368724.00
20170516,21.83,22.83,21.81,22.79,1965287,43913672.00
20170517,23.00,23.00,22.59,22.60,2041752,46438164.00
20170518,22.41,22.80,22.33,22.51,1361824,30794704.00
20170519,22.50,22.66,22.25,22.29,897860,20123324.00
20170522,22.24,22.30,21.22,21.36,1469138,32125058.00
20170523,21.11,21.35,19.96,20.02,2422870,49859124.00
20170524,19.90,20.40,19.48,20.25,1700124,34111976.00
20170525,20.21,20.50,19.88,20.42,1535336,31016142.00
20170526,20.48,20.58,20.30,20.42,1122266,22933296.00
20170531,21.00,21.16,20.50,20.57,1440220,30125392.00
20170601,20.51,20.57,19.55,19.62,1499600,30042404.00
20170602,19.62,20.39,19.35,20.30,1319124,26298274.00
20170605,20.39,20.89,20.36,20.51,1103000,22773902.00
20170606,20.51,20.75,20.37,20.70,1004280,20674426.00
20170607,20.80,21.98,20.67,21.72,2631420,56492464.00
20170608,21.58,21.94,21.38,21.58,1634400,35418564.00
20170609,21.49,21.70,21.33,21.67,1188820,25590894.00
20170612,21.48,21.48,20.90,20.94,1333200,28088806.00
20170613,20.91,21.77,20.82,21.58,1708027,36660544.00
20170614,21.49,21.76,21.33,21.48,979868,21043936.00
20170615,21.58,22.20,21.47,21.99,2334386,51297020.00
20170616,22.07,22.21,21.83,22.02,1197400,26354896.00
20170619,21.84,22.79,21.77,21.98,924324,20319332.00
20170620,22.05,22.90,21.97,22.38,2647272,59534452.00
20170621,22.25,22.48,22.00,22.25,1239092,27559438.00
20170622,22.15,22.26,21.56,21.60,1674240,36672076.00
20170623,21.74,21.75,21.02,21.55,1181631,25334194.00
20170626,21.50,21.77,21.34,21.76,1027936,22195586.00
20170627,21.80,21.93,21.63,21.68,751634,16367863.00
20170628,21.68,21.68,21.31,21.36,894900,19167788.00
20170629,21.30,21.77,21.25,21.46,843150,18167998.00
20170630,21.50,21.53,21.17,21.42,836708,17874758.00
20170703,21.41,21.82,21.41,21.82,925420,20045528.00
20170704,21.82,21.96,21.55,21.62,788925,17147906.00
20170705,21.80,21.93,21.60,21.93,1634424,35655024.00
20170706,21.92,22.09,21.60,21.74,1177762,25729846.00
20170707,21.70,21.94,21.66,21.74,1160688,25299920.00
20170710,21.70,21.88,21.12,21.12,1577410,33725940.00
20170711,21.19,21.38,20.86,20.96,1056300,22333944.00
20170712,20.95,21.10,20.50,20.77,1318794,27314288.00
20170713,20.68,20.78,20.43,20.52,1147174,23543240.00
20170714,20.57,20.77,20.41,20.63,1020174,21013264.00
20170717,20.57,20.58,19.02,19.08,1981956,38777428.00
20170718,19.00,19.49,19.00,19.27,1237866,23869622.00
20170719,19.31,19.78,19.15,19.66,1406467,27265286.00
数据来源:通达信
