300468 四方精创 日线 前复权
      日期	    开盘	    最高	    最低	    收盘	    成交量	    成交额
20150527,24.36,26.61,24.36,26.61,5200,139327.00
20150528,29.31,29.31,29.31,29.31,2100,62391.00
20150529,32.28,32.28,32.28,32.28,3900,127452.00
20150601,35.55,35.55,35.55,35.55,1100,39545.00
20150602,39.15,39.15,39.15,39.15,600,23730.00
20150603,43.11,43.11,43.11,43.11,4800,208848.00
20150604,47.46,47.46,47.46,47.46,5400,258444.00
20150605,52.25,52.25,52.25,52.25,5000,263250.00
20150608,57.52,57.52,57.52,57.52,9700,561824.00
20150609,63.31,63.31,63.31,63.31,28500,1815735.00
20150610,69.68,69.68,69.68,69.68,13900,974112.00
20150611,76.69,76.69,76.69,76.69,6100,470249.00
20150612,84.40,84.40,84.40,84.40,12500,1060000.00
20150615,92.88,92.88,92.88,92.88,49300,4598704.00
20150616,102.21,102.21,102.21,102.21,202183,20745998.00
20150617,112.47,112.47,112.47,112.47,356019,40183864.00
20150618,119.60,123.76,113.61,123.76,15614566,1881292544.00
20150619,116.67,134.60,116.10,121.60,9339339,1178435968.00
20150623,120.95,133.60,109.64,126.20,8443355,1052945792.00
20150624,133.09,137.60,114.83,117.60,7603842,956177664.00
20150625,111.60,117.71,105.80,105.80,6512388,722468864.00
20150626,98.60,99.39,95.18,95.18,2849828,275074048.00
20150629,88.13,90.39,85.62,85.62,5350176,462580480.00
20150630,78.72,89.48,77.02,85.70,5392282,446332032.00
20150701,82.10,93.72,77.09,77.09,5503499,479857568.00
20150702,77.60,81.40,72.70,74.25,4524698,352310400.00
20150703,69.80,78.59,68.30,72.35,3690682,267902224.00
20150706,79.63,79.63,65.08,65.08,3733844,270844800.00
20150707,60.60,61.73,58.53,58.53,1314377,77942632.00
20150708,52.64,53.58,52.64,52.70,4353066,231037072.00
20150709,52.60,58.01,52.60,58.01,2225963,127082880.00
20150710,63.85,63.85,62.73,63.85,886264,56915308.00
20150713,70.28,70.28,68.48,70.28,1000403,70631808.00
20150714,77.35,77.35,77.35,77.35,289359,22497662.00
20150715,77.99,79.59,70.48,72.15,4337519,328111040.00
20150716,64.90,79.41,64.90,75.05,2779296,208401760.00
20150717,74.61,82.56,73.10,80.10,4126452,324151840.00
20150720,76.61,84.10,76.61,80.77,2382906,194517232.00
20150721,79.24,86.60,77.80,83.91,1760839,147318208.00
20150722,84.50,85.45,81.30,83.60,1460482,122069088.00
20150723,84.21,92.00,83.56,92.00,2056911,182227216.00
20150724,93.82,98.40,88.48,89.59,2750520,259777136.00
20150727,86.01,88.46,80.59,80.59,2808489,238191952.00
20150728,72.49,79.48,72.49,72.49,2531089,187096816.00
20150729,74.60,76.27,65.79,75.60,2336981,166898512.00
20150730,74.38,79.51,70.60,72.40,2063591,157361168.00
20150731,68.71,74.40,67.81,69.60,1400693,99539272.00
20150803,68.10,70.48,62.60,62.68,1378859,90399368.00
20150804,63.23,67.90,62.40,67.90,2295708,148939376.00
20150805,66.76,72.40,66.11,69.11,2279587,157982496.00
20150806,66.60,69.48,65.67,66.73,1253653,85233752.00
20150807,68.60,73.44,67.35,72.30,2225183,158982448.00
20150810,72.80,78.20,71.55,77.08,1980550,148973984.00
20150811,76.60,79.58,75.33,76.28,1922175,148880400.00
20150812,75.10,76.20,71.21,71.25,1640218,121188408.00
20150813,69.60,71.90,68.67,71.80,1957069,138296096.00
20150814,72.15,72.96,70.81,71.40,1613445,116452696.00
20150817,71.64,71.64,65.66,68.50,1296906,88923552.00
20150818,67.42,69.09,61.78,61.93,1721842,113889896.00
20150819,59.61,63.32,57.70,62.69,1050325,63968120.00
20150820,61.60,62.20,59.31,59.41,1219340,74213360.00
20150821,55.26,58.59,55.26,55.50,1196774,68303640.00
20150824,51.25,55.20,49.91,49.91,1016409,51796732.00
20150825,45.08,49.30,44.88,44.88,1393483,64737632.00
20150826,45.80,49.41,43.71,45.80,2497340,119379032.00
20150827,47.10,49.17,44.40,47.85,1396595,66494232.00
20150828,48.60,50.87,47.41,50.79,1645793,81274536.00
20150831,49.78,49.79,45.67,45.67,1247514,59703844.00
20150901,44.11,44.58,41.06,41.06,997367,42650492.00
20150902,38.39,44.60,38.11,40.86,1371926,57655680.00
20150907,41.68,44.04,41.20,42.55,778221,33614680.00
20150908,41.80,46.16,41.75,46.10,1127124,50322880.00
20150909,47.01,49.50,46.01,48.38,1669544,80880880.00
20150910,47.93,48.18,46.64,46.66,774577,37115932.00
20150911,46.90,48.40,46.65,47.39,720249,34515540.00
20150914,47.80,48.08,42.61,42.61,753793,33871968.00
20150915,40.74,42.78,39.15,39.27,710517,29748220.00
20150916,40.46,43.24,39.48,43.24,641368,26802318.00
20150917,44.10,47.22,42.70,43.92,1309518,59647704.00
20150918,44.60,48.35,44.23,48.35,3560571,171780912.00
20150921,48.50,52.95,47.60,52.79,4487875,225546560.00
20150922,52.60,54.60,49.95,51.35,3687769,193695808.00
20150923,50.11,52.28,50.01,51.05,2286407,117708712.00
20150924,51.18,53.11,49.73,51.20,2621835,135765520.00
20150925,52.38,55.06,51.03,51.82,4457707,237661200.00
20150928,50.60,56.15,49.10,55.29,3543744,187903728.00
20150929,53.71,54.78,51.48,52.60,2843446,152463904.00
20150930,52.42,53.01,50.37,50.95,1448233,75070432.00
20151008,53.01,56.09,52.12,56.09,2913640,160975760.00
20151009,55.77,59.59,55.09,58.68,2829010,163373856.00
20151012,59.29,64.47,59.29,62.69,2119776,133232552.00
20151013,59.90,62.10,59.83,60.60,3229954,196946880.00
20151014,59.85,61.10,57.80,58.83,2408950,143939104.00
20151015,59.10,64.57,58.20,64.50,2536596,158112160.00
20151016,64.62,64.70,62.25,63.89,1983502,126899760.00
20151019,63.32,63.42,60.80,62.89,1753801,109831912.00
20151020,62.68,66.48,62.10,65.09,2147444,140051344.00
20151021,63.95,65.29,58.54,58.54,2267431,142118704.00
20151022,58.62,61.45,56.13,60.75,1862229,111607704.00
20151023,60.85,66.50,60.82,65.30,3176902,203726272.00
20151026,65.60,66.43,63.07,65.11,2401389,155638544.00
20151027,63.20,69.59,60.59,67.49,2035575,131301144.00
20151028,67.60,69.60,65.26,66.25,1933468,132080216.00
20151029,67.10,67.84,64.78,66.70,1461923,98040344.00
20151030,65.83,71.60,64.51,70.25,2295337,159149312.00
20151102,68.13,77.32,67.70,74.70,4386087,331420032.00
20151103,74.06,79.18,73.90,75.63,2562570,197563472.00
20151104,75.60,80.56,74.60,79.43,3128149,241946512.00
20151105,78.60,83.28,75.81,77.10,3169649,249991968.00
20151106,77.11,84.49,77.11,84.08,2410948,195280512.00
20151109,82.15,92.10,81.60,89.60,2420460,213076272.00
20151110,88.60,92.49,86.42,89.40,2140109,191815936.00
20151111,88.68,98.38,88.10,98.38,2498995,239050624.00
20151112,100.60,106.26,94.87,102.21,3771201,376726208.00
20151113,98.60,100.49,91.95,91.95,3626003,341907328.00
20151116,84.78,89.80,83.49,87.99,3208471,279359328.00
20151117,89.48,91.07,80.10,81.27,4330058,373517856.00
20151118,81.25,82.50,78.18,78.60,3414853,274357312.00
20151119,79.50,83.80,78.41,83.75,3519013,286485184.00
20151120,84.04,85.10,80.65,83.10,3136131,260978112.00
20151123,82.78,84.10,79.63,80.90,2691864,221561968.00
20151124,81.10,89.03,79.81,89.03,4147048,356244064.00
20151125,87.61,93.48,87.61,89.60,4412848,401470336.00
20151126,89.57,93.32,88.12,92.36,3294385,301268736.00
20151127,94.60,101.64,93.10,96.60,6769938,671057344.00
20151130,99.60,106.30,96.61,106.30,7377782,757550080.00
20151201,105.58,108.60,95.63,95.63,5347352,545667712.00
20151202,91.48,92.70,86.03,88.14,4382888,390258496.00
20151203,88.93,94.16,88.61,92.60,2940258,269936160.00
20151204,91.10,96.60,90.62,93.21,2886101,272582464.00
20151207,93.20,97.61,91.20,95.88,2580475,246335984.00
20151208,95.60,100.10,93.40,98.04,2972111,290389184.00
20151209,96.50,97.49,90.60,90.90,2762351,258708944.00
20151210,89.20,91.40,87.48,87.87,2033606,181770224.00
20151211,87.60,89.60,84.20,84.32,1719252,150840704.00
20151214,82.10,88.50,81.26,86.99,1658438,138857552.00
20151215,86.60,88.70,86.40,86.92,1228800,107977288.00
20151216,87.90,92.10,87.69,89.45,1734760,157006992.00
20151217,89.60,94.30,89.60,93.21,2056244,189785696.00
20151218,92.52,94.11,89.60,89.90,1496035,136895632.00
20151221,89.00,89.75,86.20,89.05,1336123,118219512.00
20151222,89.15,91.58,88.61,90.74,1130849,102208504.00
20151223,90.87,92.10,88.61,89.58,1540824,139879920.00
20151224,89.08,91.46,87.61,91.46,1762130,158995600.00
20151225,91.96,96.20,91.00,92.34,2529788,237694528.00
20151228,91.22,92.00,85.10,85.10,2875722,254756272.00
20151229,85.12,86.15,84.18,85.70,1291836,110653256.00
20151230,85.73,87.60,85.20,86.26,859174,74685464.00
20151231,86.60,87.10,82.49,82.68,1153248,97946960.00
20160104,81.90,82.09,74.37,74.37,1546059,119634904.00
20160105,68.60,74.37,67.00,68.30,1960983,138743856.00
20160106,70.36,72.29,68.10,72.20,1986219,141111120.00
20160107,70.83,70.83,64.94,64.94,441900,29594518.00
20160108,65.40,66.80,59.70,64.60,2599530,167861984.00
20160111,61.60,62.39,58.10,58.10,1987450,119101888.00
20160112,57.31,59.66,56.10,57.94,1951046,113933360.00
20160113,58.68,59.57,53.20,53.40,2843992,160101184.00
20160114,50.73,57.50,50.73,56.65,3068231,169221648.00
20160115,55.63,58.97,54.48,55.49,2929210,167120288.00
20160118,53.48,58.98,53.42,57.45,2142179,123045088.00
20160119,57.23,60.41,56.60,60.26,2427612,142743824.00
20160120,59.67,60.78,58.61,58.96,2046290,122494440.00
20160121,57.80,62.10,57.60,57.68,2823432,170037504.00
20160122,58.33,60.90,57.26,59.80,2242855,133351224.00
20160125,60.80,61.28,57.69,59.01,1857081,111531080.00
20160317,53.07,62.00,53.07,60.45,6819853,379577376.00
20160318,58.20,62.89,57.10,61.08,6590283,397894976.00
20160321,61.96,67.23,60.80,67.23,5804387,371677408.00
20160322,65.68,67.00,64.48,64.59,3324534,219761632.00
20160323,63.60,68.10,63.60,66.02,3057202,202590416.00
20160324,65.11,66.29,63.40,63.45,2599612,169087200.00
20160325,62.61,64.30,62.49,62.93,1851381,117761664.00
20160328,63.50,64.80,60.21,60.60,2313099,145722736.00
20160329,60.60,60.60,56.74,57.60,2119289,124077496.00
20160330,58.21,61.20,56.60,61.08,2301329,137334896.00
20160331,61.60,63.98,61.46,62.30,2722698,171857280.00
20160401,61.62,63.40,60.24,61.31,2050342,127015816.00
20160405,61.49,64.85,61.20,64.06,2342712,149147648.00
20160406,64.09,66.50,63.45,64.68,2530935,165613680.00
20160407,65.30,67.04,64.08,64.10,2961714,195798352.00
20160408,62.60,63.53,61.10,61.89,2332509,145419120.00
20160411,62.40,65.10,62.18,64.33,2164614,139611472.00
20160412,63.40,64.52,60.65,61.41,2410347,150433168.00
20160413,61.66,63.76,61.66,62.12,2295930,145698016.00
20160414,62.95,65.10,62.85,64.99,2659248,171262800.00
20160415,65.61,68.25,65.10,66.87,3616787,243266128.00
20160418,66.60,66.68,63.10,63.90,2526664,162636064.00
20160419,64.21,66.71,64.21,66.71,2862355,188313248.00
20160420,66.90,67.18,60.00,60.00,3752411,236725392.00
20160421,59.60,60.74,54.60,55.60,2554939,150426128.00
20160422,55.39,57.59,55.39,57.36,1392727,79581000.00
20160425,56.10,56.10,54.62,55.23,1864615,103874792.00
20160426,55.60,56.11,55.00,56.11,1507614,84202696.00
20160427,56.10,56.71,55.00,55.11,1174527,66317704.00
20160428,55.20,55.76,52.10,55.40,1420011,77623024.00
20160429,54.60,55.90,53.88,54.10,1030187,57018300.00
20160503,54.60,57.17,54.10,56.90,1466900,82973680.00
20160504,57.10,58.67,56.61,58.01,1690001,98230600.00
20160505,57.60,59.31,57.01,58.60,1567486,91671304.00
20160506,58.61,59.21,54.92,55.15,2317025,132596840.00
20160509,54.27,54.27,52.10,52.31,1318809,70156584.00
20160510,52.20,53.05,52.10,52.54,649962,34443564.00
20160511,52.71,53.20,50.20,50.26,970035,50443116.00
20160512,49.30,49.59,46.60,48.60,1403499,68125000.00
20160513,48.36,49.37,47.37,48.19,838723,40974144.00
20160516,48.08,49.40,47.60,49.21,903194,44488212.00
20160517,50.07,51.08,48.60,49.90,1079625,54131916.00
20160518,48.44,49.30,45.40,46.18,1711399,81118144.00
20160519,46.49,50.84,46.18,50.84,1739426,86875528.00
20160520,51.26,55.34,50.84,53.97,4603372,247235440.00
20160523,53.50,55.09,53.00,53.85,3377661,183130896.00
20160524,53.69,53.69,52.06,52.58,2014473,106967184.00
20160525,52.76,55.07,52.76,53.09,2810389,152808144.00
20160526,52.17,53.44,49.65,53.31,2393898,124210808.00
20160527,53.30,55.89,52.30,54.69,3043555,166989696.00
20160530,53.64,56.08,52.31,53.82,2303349,126616864.00
20160531,53.57,59.24,53.11,59.24,4560651,265460064.00
20160601,60.76,65.20,59.78,64.62,7360516,467022784.00
20160602,65.11,71.12,65.09,71.12,8928530,612193408.00
20160603,71.12,75.57,69.36,73.11,7288380,527006112.00
20160606,72.10,76.34,70.60,72.61,4454880,328817088.00
20160607,73.50,79.91,72.28,79.91,4451209,342851136.00
20160608,80.48,82.35,76.30,77.60,4659652,368474080.00
20160613,75.51,85.40,75.51,78.06,6029025,494136864.00
20160614,78.68,83.04,72.10,77.40,6760036,522633792.00
20160615,75.00,85.18,75.00,83.32,6555156,534878528.00
20160616,81.92,83.09,77.30,77.88,6806636,548538240.00
20160617,77.41,83.16,76.65,79.60,5849562,467885824.00
20160620,79.60,87.60,77.62,87.60,5647859,470165408.00
20160621,89.20,89.78,80.15,80.50,6595957,560143168.00
20160622,79.18,80.61,76.65,80.61,4198857,331941536.00
20160623,80.58,80.58,76.18,76.90,3223038,251814992.00
20160624,76.40,81.89,73.11,79.36,4977724,391699072.00
20160627,79.00,83.80,78.61,82.60,4106108,338889760.00
20160628,82.26,83.86,79.45,81.12,3855667,312232832.00
20160629,80.97,83.55,79.75,81.55,3741019,307268704.00
20160630,80.56,81.10,74.60,75.42,5031234,392565408.00
20160701,76.25,76.51,73.93,75.25,2731648,206194768.00
20160704,74.76,79.09,74.25,77.73,3027305,234695792.00
20160705,77.51,79.70,76.51,78.64,2829555,221760960.00
20160706,78.55,79.46,76.51,76.72,2738668,213684800.00
20160707,75.55,79.93,75.23,79.85,4481075,347369472.00
20160708,79.65,80.83,78.15,79.02,3425138,273335232.00
20160711,78.25,79.08,71.09,71.09,4944769,371348224.00
20160712,69.76,71.05,66.15,70.58,4476322,309128064.00
20160713,70.14,72.04,68.57,70.59,3384325,239192496.00
20160714,69.75,72.19,69.65,70.17,2440472,173630096.00
20160715,68.95,70.74,68.89,69.06,2090349,146222288.00
20160718,69.30,71.04,67.92,70.02,1847295,128880592.00
20160719,70.03,72.13,69.29,71.66,2431088,173383696.00
20160720,71.45,71.58,70.16,70.36,1820842,129450224.00
20160721,69.85,70.63,68.55,68.75,1909022,133000984.00
20160722,68.87,70.05,67.75,68.31,1800417,124670272.00
20160725,67.80,68.80,65.72,65.93,2174151,146082816.00
20160726,64.56,65.70,63.45,65.70,3026397,195847152.00
20160727,64.80,65.55,59.25,59.78,3358242,209580976.00
20160728,59.25,60.55,57.75,60.05,2035006,121791800.00
20160729,59.56,60.35,58.81,60.00,1092470,65561968.00
20160801,59.52,60.45,57.26,60.00,1426782,84538856.00
20160802,60.07,60.94,60.00,60.60,1224626,74427704.00
20160803,60.63,60.67,59.32,59.59,1696678,101931928.00
20160804,59.59,61.95,59.10,61.01,2063383,126234288.00
20160805,61.03,64.05,60.56,61.67,3558031,223572096.00
20160808,60.80,61.44,58.81,61.11,1971611,118996016.00
20160809,59.75,61.95,59.58,61.75,2078134,127162104.00
20160810,61.85,62.78,61.75,61.85,1952535,121821392.00
20160811,61.25,61.72,59.96,60.45,1505113,91869888.00
20160812,60.35,61.26,59.75,60.80,1221565,74177816.00
20160815,60.60,66.89,60.20,66.69,4164079,269993632.00
20160816,66.68,68.75,66.25,66.68,3214039,218030608.00
20160817,66.49,67.40,65.80,66.95,1960849,131038424.00
20160818,66.35,67.15,65.63,65.78,1641944,108936144.00
20160819,65.64,67.75,65.35,66.44,1582583,105848592.00
20160822,66.35,67.23,62.98,63.26,1547704,101333944.00
20160823,62.75,64.45,62.75,63.50,1169039,74571752.00
20160824,64.02,66.05,63.53,65.66,1623412,105416424.00
20160825,64.02,64.25,61.80,63.95,1776935,113043000.00
20160826,63.75,65.15,63.26,63.28,1355472,87241256.00
20160829,63.29,64.16,62.26,62.47,988672,62653772.00
20160830,62.47,63.55,61.89,62.21,1326901,83658592.00
20160831,62.21,62.41,60.21,61.00,2329723,142343280.00
20160901,60.74,61.59,60.38,60.74,1202976,73701184.00
20160902,60.75,60.91,58.29,59.05,2283466,136112224.00
20160905,59.10,60.11,58.84,59.08,1334233,79641152.00
20160906,59.74,62.63,58.82,61.65,2014335,122827056.00
20160907,61.67,61.74,59.76,60.08,2102315,128041808.00
20160908,59.73,60.53,59.25,59.64,1577214,94653824.00
20160909,59.75,59.75,58.60,58.83,1644144,97649376.00
20160912,57.80,58.05,56.05,56.14,1713414,98282016.00
20160913,56.64,56.75,56.14,56.56,757325,42977552.00
20160914,56.23,57.54,55.84,57.15,1138380,65035012.00
20160919,57.40,58.50,57.40,58.11,1017897,59285908.00
20160920,58.01,58.15,56.92,57.03,1128629,64994100.00
20160921,57.04,58.24,56.84,57.72,1085877,62882908.00
20160922,58.35,58.67,57.75,57.80,1667216,97382488.00
20160923,58.05,58.62,57.03,57.03,1378430,79694832.00
20160926,56.75,58.58,56.56,57.00,1700694,98437736.00
20160927,56.83,59.44,56.55,59.25,2008959,116762600.00
20160928,58.75,59.43,58.75,58.95,1526256,90477040.00
20160929,59.15,60.35,58.92,59.28,1682453,100777680.00
20160930,58.96,59.95,58.95,59.81,1199662,71829128.00
20161010,60.81,62.68,60.09,62.13,2079273,128819760.00
20161011,62.38,62.69,61.25,61.56,1662153,103249712.00
20161012,61.28,61.75,60.45,61.05,1517421,93032472.00
20161013,61.24,61.93,60.65,61.50,1274775,78666832.00
20161014,61.33,62.04,60.87,61.53,1254869,77533536.00
20161017,62.04,64.25,61.63,61.91,2795280,176671184.00
20161018,61.74,63.11,60.63,63.05,1699447,105925608.00
20161019,63.68,65.63,63.14,63.53,2624341,169616480.00
20161020,63.85,64.65,63.37,63.75,1657298,106405000.00
20161021,63.39,64.25,61.37,63.75,1994070,125857352.00
20161024,63.42,64.70,62.72,64.15,1809545,116146744.00
20161025,64.15,65.39,64.04,64.08,1972392,128180968.00
20161026,63.75,63.75,62.64,62.83,1777569,112685688.00
20161027,62.98,63.85,62.65,63.41,1187221,75415248.00
20161028,63.05,63.85,62.55,63.16,1394334,88532512.00
20161031,62.75,66.41,62.45,66.05,3194698,208686112.00
20161101,66.33,69.35,65.50,68.15,4146766,280166336.00
20161102,67.69,68.51,66.76,67.95,2715903,184493024.00
20161103,67.75,69.93,67.53,67.75,2859394,197108176.00
20161104,67.25,69.12,66.86,68.38,2574889,175737456.00
20161107,68.65,68.73,66.87,66.92,2063574,140496672.00
20161108,67.26,68.00,66.73,67.48,1710562,115768624.00
20161109,67.32,69.60,66.86,67.86,2839089,194712720.00
20161110,68.36,70.25,68.36,69.44,2696897,188151808.00
20161111,69.64,70.67,68.35,69.75,2374645,165763696.00
20161114,69.74,72.57,69.65,71.53,2872160,205879936.00
20161115,71.58,71.58,69.75,70.85,2139106,151163888.00
20161116,71.25,73.75,68.75,68.75,3227178,230617392.00
20161117,68.52,68.52,65.76,65.83,3722394,249249312.00
20161118,65.35,67.62,65.28,67.21,4182085,280739456.00
20161121,67.14,69.85,66.45,69.68,3879069,266136096.00
20161122,70.14,71.05,69.16,70.25,3412059,239988224.00
20161123,69.75,70.41,68.01,68.43,2659204,184592464.00
20161124,68.25,69.66,66.58,66.84,2756477,188227712.00
20161125,66.44,67.03,64.26,66.79,2442304,161027696.00
20161128,66.64,66.73,65.22,65.28,1428442,94362728.00
20161129,65.71,66.05,63.80,64.23,1817609,118853440.00
20161130,64.14,65.83,63.87,65.22,1744969,114074384.00
20161201,65.42,65.42,64.13,64.65,1335902,86992848.00
20161202,64.56,64.84,61.75,61.82,2150952,136338512.00
20161205,60.86,62.65,60.63,61.73,1033641,64168996.00
20161206,62.25,62.50,60.96,61.15,1239580,76830432.00
20161207,61.21,62.25,60.94,62.21,1127373,69828704.00
20161208,62.21,62.45,61.05,61.23,876156,54266756.00
20161209,60.86,61.44,60.41,60.70,1101084,67335904.00
20161212,60.75,60.89,54.61,54.61,2639920,150139456.00
20161213,54.22,54.75,53.36,54.12,1718026,93318736.00
20161214,54.13,54.62,52.76,53.16,1336144,72116352.00
20161215,53.23,55.34,53.23,54.49,1399363,76653864.00
20161216,54.50,56.95,53.95,55.46,1215954,67997408.00
20161219,55.46,56.09,54.75,55.31,798763,44475696.00
20161220,55.32,56.21,54.90,55.75,901392,50408884.00
20161221,56.00,56.73,55.78,56.23,797220,45001676.00
20161222,55.92,56.25,54.63,55.50,743763,41318744.00
20161223,55.49,55.49,54.29,54.45,834693,46017332.00
20161226,54.35,56.95,52.80,56.55,1198536,66419908.00
20161227,56.53,56.53,55.87,56.04,666353,37605496.00
20161228,56.30,56.56,55.77,56.11,663582,37458908.00
20161229,56.39,57.70,55.90,56.16,1116611,63885984.00
20161230,55.92,56.12,54.76,55.32,867813,48270572.00
20170103,55.41,56.43,55.41,55.98,767271,43174620.00
20170104,55.95,56.71,55.51,56.49,916929,51772504.00
20170105,56.54,56.63,56.00,56.00,874218,49395932.00
20170106,55.76,56.45,53.95,54.02,972577,53597652.00
20170109,54.11,54.71,52.95,54.35,662679,36037668.00
20170110,54.25,55.46,54.22,54.32,636967,35121016.00
20170111,54.25,54.53,52.85,52.85,882776,47530544.00
20170112,52.85,53.50,52.12,52.23,686317,36440336.00
20170113,52.26,52.74,48.25,48.82,1489829,75108008.00
20170116,48.92,48.95,44.19,46.32,1555216,73292968.00
20170117,46.04,49.65,45.24,49.09,1432215,68565032.00
20170118,48.62,48.83,47.53,47.75,787603,38068652.00
20170119,47.76,50.55,45.86,48.19,856765,41622428.00
20170120,48.19,50.18,47.86,49.75,996333,49582220.00
20170123,49.75,50.38,49.36,49.92,786140,39399456.00
20170125,50.75,52.49,50.55,51.18,1125031,58080792.00
20170126,51.19,52.75,51.15,52.18,884187,46115184.00
20170203,52.62,52.73,50.85,51.16,481442,24870556.00
20170206,51.15,51.70,50.95,51.48,532501,27460860.00
20170207,51.45,51.46,50.23,50.51,820831,41772356.00
20170208,50.53,51.29,50.40,51.15,490477,25035058.00
20170209,51.30,52.27,51.00,51.81,929134,48177592.00
20170210,51.77,52.10,50.83,50.90,595456,30701196.00
20170213,50.85,51.63,50.53,51.28,574630,29577186.00
20170214,51.40,51.86,51.05,51.22,477637,24657668.00
20170215,51.22,51.75,50.37,50.42,698990,35820768.00
20170216,50.42,50.56,49.45,49.65,843458,42266944.00
20170217,49.80,50.25,47.90,48.22,965761,47367068.00
20170220,48.26,48.47,47.31,48.47,800400,38568784.00
20170221,48.72,50.25,48.09,49.96,935372,46522484.00
20170222,49.77,50.10,49.25,49.86,565124,28179056.00
20170223,49.93,51.40,49.58,50.95,949169,48098364.00
20170224,51.15,51.95,50.80,51.74,1130318,58478844.00
20170227,51.75,52.40,51.38,51.59,976694,50895084.00
20170228,52.29,52.45,51.47,51.97,646948,33722188.00
20170301,53.96,57.19,52.93,57.19,3858560,216322624.00
20170302,57.05,62.65,56.50,59.73,5052765,303182592.00
20170303,58.76,59.45,57.16,58.30,2522258,146932560.00
20170306,58.29,60.15,57.93,60.14,2800017,165980400.00
20170307,59.93,60.13,58.85,59.10,1476741,87919296.00
20170308,59.10,59.10,57.25,57.36,1687127,97856984.00
20170309,58.52,58.52,57.13,57.89,1184078,68624968.00
20170310,58.05,58.23,57.15,57.33,1003272,57993532.00
20170313,57.16,58.07,55.97,57.90,1320787,75851640.00
20170314,57.72,58.31,57.37,57.56,996813,57807236.00
20170315,57.16,58.11,57.15,57.88,897590,52114160.00
20170316,57.81,58.53,57.56,58.35,1188852,69348960.00
20170317,58.40,60.25,57.88,57.92,1998668,118546336.00
20170320,57.92,58.24,57.25,58.00,953440,55287068.00
20170321,58.00,60.11,57.89,59.05,1506793,89695904.00
20170322,58.55,59.05,57.59,58.39,1074408,62831884.00
20170323,58.85,60.25,58.26,59.73,1552647,92547600.00
20170324,60.75,62.75,60.51,61.55,2822531,175192688.00
20170327,61.64,61.64,59.83,59.91,1635155,99103728.00
20170328,60.15,61.37,59.60,59.63,1078007,65388712.00
20170329,59.71,59.85,56.25,56.25,1664998,95999800.00
20170330,56.05,56.05,54.15,54.55,1162226,63921120.00
20170331,54.46,55.72,54.46,55.07,808506,44869504.00
20170405,54.97,57.18,54.55,56.64,655302,36929112.00
20170406,56.37,56.70,55.61,55.84,809210,45524200.00
20170407,55.75,56.18,55.38,55.49,559181,31308952.00
20170410,55.65,55.65,52.45,52.64,1369994,73936720.00
20170411,52.16,53.75,52.15,53.75,712797,37925072.00
20170412,53.59,54.13,52.26,53.05,652252,35063032.00
20170413,53.24,55.19,53.05,54.53,816034,44662648.00
20170414,54.25,54.44,52.77,53.05,599116,32175668.00
20170417,52.25,52.36,51.05,51.37,578362,30032462.00
20170418,50.23,51.08,49.45,49.70,752314,37976372.00
20170419,49.26,50.05,48.10,49.29,742121,36547052.00
20170420,48.80,49.95,48.43,49.16,482657,23849854.00
20170421,49.95,49.95,48.52,48.77,383975,18955722.00
20170424,48.79,49.25,46.75,49.00,540940,26192300.00
20170425,48.46,50.22,48.45,49.62,549848,27474248.00
20170426,48.65,49.19,47.77,47.85,709787,34515484.00
20170427,47.96,50.16,47.43,50.16,924847,45405756.00
20170428,49.90,50.18,49.24,49.75,504176,25188316.00
20170502,49.55,50.30,48.65,49.25,629463,31103764.00
20170503,48.96,49.17,48.06,48.74,533028,25958968.00
20170504,48.64,49.75,48.45,49.05,583000,28789780.00
20170505,48.95,49.48,48.07,49.06,426555,20935482.00
20170508,48.82,49.49,48.10,48.45,471768,23223890.00
20170509,48.05,49.65,47.85,49.50,420200,20644440.00
20170510,49.44,50.95,48.40,48.69,710931,35622252.00
20170511,48.56,49.19,46.75,48.08,722395,34697948.00
20170512,47.75,48.04,45.25,46.35,1135916,52943176.00
20170515,46.74,46.93,45.75,45.78,549282,25683448.00
20170516,44.88,46.77,44.46,46.69,817032,37451232.00
20170517,46.26,48.53,46.26,47.02,793904,37795576.00
20170518,46.71,47.66,46.35,47.19,383000,18188026.00
20170519,47.10,47.48,46.45,46.92,348254,16432468.00
20170522,46.56,47.09,45.05,45.11,435900,20215324.00
20170523,45.08,45.74,43.57,43.73,453900,20443354.00
20170524,43.75,44.56,42.75,44.50,419206,18547800.00
20170525,44.10,45.05,42.96,44.75,474130,21036746.00
20170526,44.80,45.34,44.51,44.84,350100,15804971.00
20170531,45.56,45.93,45.00,45.12,425470,19511410.00
20170601,45.16,45.46,42.40,42.47,514400,22587334.00
20170602,41.96,44.05,41.80,43.61,559220,24113794.00
20170605,43.75,44.47,43.26,44.00,489854,21746078.00
20170606,43.55,44.65,43.55,44.51,360983,16092453.00
20170607,44.27,45.85,44.27,45.65,679165,30972738.00
20170608,45.50,45.85,45.00,45.84,621298,28321878.00
20170609,45.84,45.95,44.93,45.45,382004,17400542.00
20170612,44.92,45.33,43.73,44.00,403200,17962120.00
20170613,44.33,45.54,44.09,44.93,434600,19519034.00
20170614,45.00,47.50,44.62,45.73,811724,37365984.00
20170615,45.67,47.60,45.00,47.26,1075505,50382712.00
20170616,47.30,47.50,46.18,46.87,699700,32806132.00
20170619,47.17,47.24,46.55,47.06,385811,18095380.00
20170620,47.06,47.59,46.24,46.31,645831,30385754.00
20170621,46.35,46.77,45.54,46.45,474318,21880916.00
20170622,46.39,46.63,44.66,44.81,371398,17008594.00
20170623,45.47,45.50,44.15,44.79,364030,16279821.00
20170626,44.18,44.18,42.84,44.04,824250,35874040.00
20170627,43.80,44.53,43.80,44.49,544951,24079316.00
20170628,44.36,44.45,43.40,43.88,534914,23431014.00
20170629,44.08,44.86,43.69,44.37,593552,26210992.00
20170630,43.88,44.79,43.85,44.59,415204,18387580.00
20170703,45.60,46.75,45.29,46.70,1433213,66135776.00
20170704,46.90,47.20,46.13,46.48,757613,35306304.00
20170705,46.50,46.97,46.23,46.83,586400,27305340.00
20170706,46.98,47.12,45.62,46.06,670448,31120326.00
20170707,46.57,49.24,46.41,48.25,1609426,77161536.00
20170710,47.60,48.28,47.30,47.59,930989,44464860.00
20170711,47.59,47.59,45.57,45.86,873228,40286628.00
20170712,45.55,46.04,44.68,46.00,540850,24518268.00
20170713,45.65,46.00,44.87,45.23,470805,21373422.00
20170714,45.50,45.94,44.90,45.19,414632,18819676.00
20170717,45.00,45.00,41.31,41.33,1122801,47520532.00
20170718,40.70,41.77,39.88,41.38,786100,32004032.00
20170719,41.28,41.28,40.29,41.16,464422,18951524.00
数据来源:通达信
