300487 蓝晓科技 日线 前复权
      日期	    开盘	    最高	    最低	    收盘	    成交量	    成交额
20150702,6.97,8.39,6.97,8.39,11100,234100.00
20150703,9.25,9.25,9.25,9.25,15100,354850.00
20150706,10.19,10.19,10.19,10.19,32700,845295.00
20150707,11.22,11.22,11.22,11.22,160500,4564620.00
20150708,12.36,12.36,10.09,12.36,13142031,380847328.00
20150709,11.45,13.61,11.45,13.61,6331137,208424032.00
20150710,14.99,14.99,14.99,14.99,67410,2551468.50
20150713,16.50,16.50,16.50,16.50,39001,1624001.63
20150714,18.17,18.17,17.85,18.17,2530371,115852248.00
20150715,19.60,20.00,18.73,20.00,11565847,572140480.00
20150716,17.98,21.77,17.98,18.25,9242545,447111680.00
20150717,18.25,19.85,16.85,19.45,8339048,387115584.00
20150720,18.65,19.45,18.05,18.79,6578817,311817184.00
20150721,18.25,20.68,17.87,20.68,8332437,422238848.00
20150722,20.65,21.66,19.46,20.95,7930457,406313472.00
20150723,20.60,23.06,20.25,23.06,5736807,317863488.00
20150724,24.65,25.38,23.66,24.50,10241041,642056576.00
20150727,22.85,25.25,22.04,22.04,7136543,423770528.00
20150728,19.84,23.44,19.82,20.58,6209576,325340384.00
20150729,21.33,22.65,19.00,22.65,6338285,334716864.00
20150730,22.05,24.64,21.80,22.05,7366662,432289088.00
20150731,20.93,23.85,20.93,22.99,6515491,368873600.00
20150803,22.52,25.31,22.25,25.31,7834838,474364896.00
20150804,26.25,27.85,22.76,23.85,10065229,638777856.00
20150805,22.65,25.97,21.95,24.80,7246829,441214368.00
20150806,24.05,25.20,22.30,22.64,6428611,376055200.00
20150807,22.85,23.20,21.97,22.65,4206702,239739456.00
20150810,22.66,24.17,22.65,23.65,4417198,261968576.00
20150811,23.45,25.65,23.45,25.05,5366979,333245440.00
20150812,25.03,25.85,23.57,24.30,5730747,355106848.00
20150813,23.85,24.71,23.25,24.01,3503241,210524224.00
20150814,24.44,24.64,23.37,23.45,2712150,161705008.00
20150817,23.23,23.60,21.45,21.71,2960270,164951312.00
20150818,21.09,22.57,19.52,19.52,2780423,147417296.00
20150819,19.16,19.94,17.67,19.78,3625780,172239744.00
20150820,19.20,19.43,18.13,18.18,1970738,93806264.00
20150821,17.63,18.18,16.99,17.01,1771924,78463280.00
20150824,16.25,16.25,15.29,15.29,1868792,72931736.00
20150825,13.77,16.21,13.77,13.97,3901400,145416608.00
20150826,14.52,15.38,14.05,15.20,5429689,205471680.00
20150827,15.65,16.02,14.45,15.70,4658049,179294336.00
20150828,15.37,16.85,15.07,16.35,4006172,159738192.00
20150831,15.85,15.92,14.70,14.70,2492791,96824408.00
20150901,14.32,14.60,13.21,13.21,2312245,80726992.00
20150902,12.65,14.25,12.47,13.19,2632679,89759784.00
20150907,13.63,14.37,13.45,13.75,2112944,74227208.00
20150908,13.67,15.14,13.56,15.14,4319479,161657584.00
20150909,15.49,16.24,15.36,16.01,4759382,190087088.00
20150910,15.45,15.81,15.13,15.13,2368744,92565432.00
20150911,15.14,15.84,15.08,15.57,2075921,80957616.00
20150914,15.47,15.65,13.99,13.99,2051449,75940304.00
20150915,13.25,13.81,12.61,12.66,2106435,70209408.00
20150916,13.05,13.94,12.81,13.94,3063223,105846816.00
20150917,14.25,14.75,13.85,13.85,3277646,118840896.00
20150918,14.05,14.73,13.85,14.60,2476337,89716824.00
20150921,14.47,15.77,14.05,15.63,3005007,115075768.00
20150922,15.85,16.03,15.05,15.50,3606018,141849376.00
20150923,15.21,16.36,15.13,15.83,3549298,142261440.00
20150924,15.83,16.40,15.45,15.76,2862916,115047176.00
20150925,15.45,15.63,14.60,14.81,2259900,86104688.00
20150928,15.03,15.83,14.82,15.81,2086348,81494936.00
20150929,15.48,15.62,15.13,15.29,1717550,66704540.00
20150930,15.27,15.51,14.89,15.31,1411346,54506720.00
20151008,16.04,16.85,15.73,16.85,3073355,126326888.00
20151009,16.85,17.49,16.65,17.03,2664883,114869472.00
20151012,17.00,18.06,16.93,17.63,2956322,130875200.00
20151013,17.26,17.54,17.13,17.41,2162675,94741880.00
20151014,17.37,18.03,17.25,17.29,2188012,96925232.00
20151015,17.32,17.93,16.69,17.85,2489770,110461424.00
20151016,18.01,18.19,17.45,17.89,2378095,106881568.00
20151019,18.04,18.64,17.72,18.05,2564348,116984168.00
20151020,17.92,18.43,17.78,18.26,2400083,109538888.00
20151021,18.33,19.21,16.60,17.08,3736358,170232512.00
20151022,17.04,17.81,16.69,17.76,2203881,96724576.00
20151023,17.92,18.40,17.61,18.40,2096289,95427248.00
20151026,18.57,19.16,18.43,18.82,2622629,123791464.00
20151027,18.65,18.88,17.45,18.61,2381813,109764880.00
20151028,18.61,18.79,18.17,18.25,2153555,100405184.00
20151029,18.53,18.69,18.19,18.51,1727516,80384088.00
20151030,18.49,19.39,18.05,18.85,2433845,115105376.00
20151102,18.35,20.65,18.26,19.62,3539698,175410800.00
20151103,19.69,20.85,19.61,20.65,3293409,168549808.00
20151104,20.65,21.63,20.37,21.39,3737538,197377856.00
20151105,21.23,22.41,20.92,21.29,3495696,189219568.00
20151106,21.29,22.97,21.29,22.49,3411804,192134976.00
20151109,22.65,24.75,22.37,24.75,4312576,255081296.00
20151110,24.51,26.84,24.05,26.06,4647769,292247968.00
20151111,25.85,28.68,25.65,28.68,3968654,279141376.00
20151112,30.13,31.05,28.59,29.57,5429146,405275744.00
20151113,28.77,28.78,26.60,26.60,5397647,370163904.00
20151116,25.45,27.36,25.06,27.01,2950674,196125456.00
20151117,26.85,27.85,25.45,25.93,3365847,228707584.00
20151118,25.63,26.13,24.25,24.45,2873940,179899648.00
20151119,24.76,26.63,24.49,26.53,2816018,179365920.00
20151120,26.36,27.44,25.85,26.61,2703461,180941680.00
20151123,25.93,26.44,24.65,25.04,2520363,162322208.00
20151124,25.21,27.56,24.97,27.56,5394474,355736544.00
20151125,27.05,27.46,26.62,27.37,4114299,280518336.00
20151126,27.17,28.24,26.25,26.40,3757549,257238464.00
20151127,25.85,27.05,25.45,25.90,3302399,218689680.00
20151130,26.21,28.50,25.90,28.50,5072784,351953472.00
20151201,29.65,30.65,26.01,27.39,6702732,488096960.00
20151202,26.49,26.82,24.64,25.93,3479718,224785200.00
20151203,25.85,27.58,25.85,27.17,2813113,190235952.00
20151204,27.05,28.48,26.75,27.83,3302796,230112480.00
20151207,27.83,28.04,26.80,27.24,2054138,140963616.00
20151208,27.26,29.98,27.26,29.98,3990175,290410432.00
20151209,29.97,29.97,27.32,27.63,4834171,343960384.00
20151210,27.06,27.41,26.25,26.51,2860093,192327808.00
20151211,26.65,27.37,26.04,26.19,2053390,138665440.00
20151214,25.25,27.27,25.06,26.81,2135460,138519968.00
20151215,26.71,27.17,26.37,26.51,1469281,98789672.00
20151216,26.65,27.83,26.61,26.97,1947436,133857864.00
20151217,27.09,28.57,27.09,28.25,2740566,191984784.00
20151218,28.25,28.91,27.52,27.69,2181040,154161808.00
20151221,27.37,29.23,27.37,28.89,2901478,207287792.00
20151222,29.04,29.37,27.97,29.09,2569691,185644224.00
20151223,29.29,31.37,28.61,29.65,4103190,308877344.00
20151224,29.05,32.63,29.01,32.63,4810357,375897952.00
20151225,32.45,33.06,30.17,30.78,4872432,389187648.00
20151228,31.05,31.33,28.25,28.25,3624137,271332640.00
20151229,28.43,29.40,28.21,28.78,2129087,153992624.00
20151230,28.66,29.24,28.41,28.89,1736344,125618952.00
20151231,28.85,28.92,27.05,27.15,2600358,180673440.00
20160104,26.65,26.87,24.42,24.42,1935196,123117880.00
20160105,22.49,24.58,22.49,23.74,2348079,140017232.00
20160106,23.97,24.95,23.65,24.93,2063421,126474552.00
20160107,24.17,24.33,22.42,22.42,526250,30738802.00
20160108,23.09,23.65,20.77,22.57,1756220,99883912.00
20160111,21.80,22.49,20.29,20.29,1660422,88497240.00
20160112,20.29,20.93,19.57,20.60,1478973,76031904.00
20160113,20.60,21.03,19.13,19.14,1331530,67547808.00
20160114,18.25,20.40,17.85,20.29,1876381,92307744.00
20160115,19.97,20.44,18.47,18.74,1586449,78588304.00
20160118,17.91,20.15,17.91,19.69,1737243,84312696.00
20160119,19.52,20.73,19.52,20.55,1739045,88155000.00
20160120,20.53,21.17,20.25,20.65,1941359,101468472.00
20160121,20.20,21.18,19.41,19.45,1725196,88999736.00
20160122,19.90,20.33,19.05,20.09,1378464,68664352.00
20160125,20.39,20.68,20.05,20.33,1087459,55846908.00
20160126,19.82,19.99,18.28,18.28,1534540,73671152.00
20160127,18.53,18.65,16.69,18.17,1527732,68233448.00
20160128,17.70,17.89,16.45,16.46,1206408,52371272.00
20160129,16.25,17.29,15.61,16.96,2007930,83806088.00
20160201,16.82,16.82,15.66,16.13,1449593,59939228.00
20160202,16.25,17.13,16.07,16.99,1532012,65264996.00
20160203,16.69,17.20,16.45,17.11,1105955,46944520.00
20160204,17.09,18.21,17.09,17.81,1569431,70304440.00
20160205,18.01,18.15,17.53,17.61,1106310,49700728.00
20160215,16.49,18.51,16.49,18.25,1604423,72390560.00
20160216,18.25,19.23,18.17,19.13,1723632,81466960.00
20160217,19.01,19.27,18.45,19.16,1627898,77662576.00
20160218,19.17,19.68,18.85,18.97,1735123,83818688.00
20160219,18.97,19.19,18.81,19.00,1259686,60286964.00
20160222,19.17,19.40,19.05,19.35,1618188,78396976.00
20160223,19.35,19.73,18.97,19.20,1588471,77413048.00
20160224,19.20,19.34,17.85,18.61,1793362,83767528.00
20160225,18.65,18.65,16.73,16.73,2243059,98290624.00
20160226,16.73,17.12,16.41,16.89,1086532,46216592.00
20160229,16.66,16.87,15.19,15.19,1365987,53535484.00
20160301,15.60,15.85,15.05,15.70,1110707,43324284.00
20160302,15.45,16.48,15.45,16.43,1204150,48802012.00
20160303,16.45,16.96,16.25,16.25,979010,40866992.00
20160304,16.31,16.31,15.01,15.33,1185925,46643728.00
20160307,15.57,16.25,15.53,15.95,1007260,40765956.00
20160308,15.95,16.27,14.44,16.09,1770126,67718416.00
20160309,15.53,15.85,14.85,15.45,908150,35569504.00
20160310,15.53,15.68,15.11,15.21,912550,35480032.00
20160311,15.05,15.59,15.05,15.51,876939,34091164.00
20160314,15.81,16.60,15.72,16.27,1383828,56656984.00
20160315,16.17,16.27,15.82,15.94,978587,39615732.00
20160316,16.15,16.33,14.95,15.61,938600,37518200.00
20160317,15.78,16.48,15.52,16.41,1471949,60065272.00
20160318,16.49,17.56,16.41,17.56,2070899,89284040.00
20160321,17.71,18.73,17.71,18.12,1856206,84867224.00
20160322,17.88,18.61,17.77,18.14,1534269,70569528.00
20160323,18.01,19.05,17.95,18.97,1796445,83758208.00
20160324,18.81,19.43,18.33,18.73,2684880,128801488.00
20160325,18.69,18.93,17.96,18.38,1570416,72706968.00
20160328,18.61,19.01,18.28,18.36,1195649,56311336.00
20160329,18.45,18.45,17.53,17.85,1288316,58020852.00
20160330,17.89,18.73,17.89,18.71,1221281,56471888.00
20160331,18.73,19.84,18.73,19.37,2106783,103094344.00
20160401,19.25,19.93,19.11,19.77,2327031,115038552.00
20160405,19.85,20.56,19.49,20.06,2399837,121136176.00
20160406,19.85,20.31,19.61,20.29,1974790,98640184.00
20160407,20.07,20.53,19.54,19.54,1632076,82225968.00
20160408,19.00,19.00,18.12,18.53,2628953,122641816.00
20160411,18.65,19.36,18.65,19.18,1763193,84801936.00
20160412,19.41,19.42,18.25,18.67,1348897,63732424.00
20160413,18.69,19.53,18.69,19.08,1712724,82999168.00
20160414,19.23,20.56,19.23,20.25,2370416,118065400.00
20160415,20.25,20.44,19.67,19.93,1748701,87952224.00
20160418,19.45,19.77,19.13,19.45,1207979,58983240.00
20160419,19.53,19.96,19.37,19.64,1262648,62478824.00
20160420,19.65,20.42,18.79,20.33,3779773,188777616.00
20160421,19.89,21.63,19.45,21.20,4777386,251099264.00
20160422,20.73,22.21,20.65,20.77,3778218,203710720.00
20160425,19.06,19.30,18.68,18.68,1294135,61509112.00
20160426,17.85,18.25,17.65,18.21,3104125,140306160.00
20160427,18.19,18.57,18.09,18.21,2104441,97188072.00
20160428,18.31,18.31,17.24,17.77,1933762,86109088.00
20160429,17.57,17.82,17.51,17.64,1139534,50782360.00
20160503,17.67,18.47,17.50,18.47,1762877,80472824.00
20160504,18.41,19.37,18.19,18.92,2088599,99776952.00
20160505,18.80,19.77,18.80,19.53,1732232,84180008.00
20160506,19.53,19.93,18.65,18.66,2488878,120333744.00
20160509,18.66,18.66,17.64,17.75,1411529,63740612.00
20160510,17.73,18.00,17.45,17.52,853614,38237132.00
20160511,17.69,18.04,17.51,17.70,1155823,51931144.00
20160512,17.56,17.56,16.66,17.14,999807,43059080.00
20160513,17.05,17.43,16.91,16.99,696393,30176304.00
20160516,16.93,17.39,16.82,17.39,685075,29616968.00
20160517,17.27,17.97,17.27,17.71,1033311,46110316.00
20160518,17.58,17.58,16.37,16.58,1225010,52122228.00
20160519,16.65,17.24,16.57,16.74,843310,36079216.00
20160520,16.49,17.09,16.44,17.08,694060,29495772.00
20160523,17.09,17.81,17.09,17.72,1217667,54010760.00
20160524,17.73,17.81,17.36,17.51,907294,40086636.00
20160525,17.77,17.96,17.40,17.63,927555,41422668.00
20160526,17.72,19.41,17.47,19.41,3420106,160353120.00
20160527,20.17,20.17,19.44,19.61,4345499,216178416.00
20160530,19.49,19.56,18.97,19.16,2267491,110035888.00
20160531,19.05,20.05,19.05,19.95,3158313,156714880.00
20160601,19.86,21.44,19.85,20.87,3734784,195577200.00
20160602,20.65,21.45,20.31,21.25,3437688,179574560.00
20160603,21.05,21.45,20.65,20.81,2906859,153971600.00
20160606,21.01,21.04,20.17,20.57,2005785,104170224.00
20160607,20.57,22.65,20.29,22.65,4515199,247529680.00
20160608,22.25,22.40,21.68,21.84,3079254,170784768.00
20160613,21.45,21.57,19.64,19.64,2732915,142518928.00
20160614,19.85,20.45,19.48,20.31,1911798,97022504.00
20160615,20.17,21.76,20.05,21.60,2270488,121347136.00
20160616,21.52,23.53,21.29,22.60,3782367,213642592.00
20160617,22.61,23.16,22.07,23.11,3113809,178536192.00
20160620,23.05,24.19,22.51,23.40,3476776,205530896.00
20160621,23.37,24.25,22.54,22.92,3342836,197591520.00
20160622,22.83,23.60,22.64,23.36,2239130,130346224.00
20160623,23.19,23.65,22.64,22.87,1868785,108825296.00
20160624,22.84,23.24,21.37,22.45,2444572,137769968.00
20160627,22.21,23.80,22.09,23.69,2520705,147813136.00
20160628,23.81,24.09,23.29,23.57,2081512,124057264.00
20160629,23.72,23.72,22.92,23.58,2683318,157412960.00
20160630,23.32,23.45,22.49,22.57,2004965,115280656.00
20160701,22.88,23.80,22.77,23.48,2867256,168898960.00
20160704,23.09,23.82,23.09,23.52,3447914,203221712.00
20160705,23.62,25.29,23.60,24.85,4804183,297161376.00
20160706,24.54,24.72,23.97,24.57,3069498,187889760.00
20160707,24.57,25.44,24.45,25.07,3190284,200204272.00
20160708,25.01,25.01,24.16,24.16,2851537,175804464.00
20160711,23.85,24.01,22.73,22.75,2976006,174245984.00
20160712,22.85,23.04,22.00,22.95,2338160,133261072.00
20160713,23.10,23.18,22.68,22.94,1657030,95295984.00
20160714,22.80,23.02,22.68,22.85,1355199,77411048.00
20160715,22.78,22.78,22.12,22.43,1876334,105372232.00
20160718,22.50,22.73,22.35,22.43,999932,56484444.00
20160719,22.38,23.10,22.34,22.92,1306089,74744544.00
20160720,22.92,22.92,22.69,22.76,1002400,57252156.00
20160721,22.74,22.91,22.51,22.55,1074063,61186356.00
20160722,22.54,22.66,21.55,21.58,1537174,85079720.00
20160725,21.58,22.16,21.36,21.94,1072373,58695428.00
20160726,21.90,22.33,21.80,22.06,1218357,67130240.00
20160727,21.97,22.18,19.94,20.23,2187077,114551984.00
20160728,20.23,22.14,20.14,21.69,1922094,100829368.00
20160729,21.86,21.86,20.74,20.91,1279973,67703008.00
20160801,20.30,20.34,19.24,19.74,1622414,79777624.00
20160802,19.59,19.94,19.59,19.81,1333625,66051780.00
20160803,19.77,20.14,19.62,19.91,1034393,51474028.00
20160804,19.94,20.29,19.86,20.15,765616,38577260.00
20160805,20.11,20.21,19.62,19.71,757822,37906392.00
20160808,19.53,20.23,19.46,20.23,907120,45579924.00
20160809,20.23,20.46,20.11,20.38,803873,40963352.00
20160810,20.28,20.72,20.15,20.55,721893,37082692.00
20160811,20.47,20.47,19.95,19.96,772453,39120184.00
20160812,19.95,20.34,19.76,20.20,503445,25428668.00
20160815,20.36,21.22,20.17,21.13,1271793,66426132.00
20160816,21.15,21.26,21.02,21.14,807527,42752608.00
20160817,21.14,21.45,20.95,21.31,913354,48526876.00
20160818,21.15,21.32,20.91,21.06,909776,48068464.00
20160819,21.01,21.13,20.86,21.00,658443,34657784.00
20160822,21.06,21.11,20.36,20.64,952658,49952712.00
20160823,20.62,21.18,20.54,20.86,658037,34492992.00
20160824,20.84,21.34,20.74,20.87,851800,44909656.00
20160825,20.64,20.90,19.94,20.34,1486340,75660472.00
20160826,20.55,20.55,20.16,20.20,1090516,55873824.00
20160829,20.02,20.54,20.02,20.20,975168,49611928.00
20160830,20.18,20.38,19.95,19.99,1495832,75405784.00
20160831,19.94,20.22,19.81,20.21,1077768,54055616.00
20160901,20.22,20.44,20.08,20.18,1094218,55679836.00
20160902,20.11,20.32,19.94,20.14,718449,36209000.00
20160905,20.12,20.33,20.12,20.29,1004217,50995348.00
20160906,20.14,20.62,19.92,20.59,1610140,82242184.00
20160907,20.62,20.97,20.42,20.54,1637264,85278592.00
20160908,20.62,20.84,20.48,20.74,1104731,57315092.00
20160909,20.78,20.82,20.16,20.18,1306648,67081260.00
20160912,19.76,19.76,19.30,19.30,1362865,66706240.00
20160913,19.46,19.53,19.30,19.46,585569,28512438.00
20160914,19.30,19.66,19.22,19.61,510309,24895938.00
20160919,19.57,19.90,19.57,19.75,647881,32097274.00
20160920,19.79,19.82,19.66,19.78,563304,27872782.00
20160921,19.69,19.98,19.69,19.82,700960,34908896.00
20160922,19.90,20.08,19.86,19.89,723260,36185224.00
20160923,19.90,20.61,19.88,20.25,1862765,95000464.00
20160926,20.25,20.65,20.10,20.13,1688868,86420584.00
20160927,20.07,20.39,19.71,20.39,1367612,68476552.00
20160928,20.35,20.74,20.35,20.54,1561973,80560848.00
20160929,20.55,20.74,20.37,20.50,1242405,63849144.00
20160930,20.44,20.58,20.38,20.43,834029,42830304.00
20161010,20.53,21.54,20.53,21.49,2916246,154285760.00
20161011,21.38,22.14,21.38,22.08,3144475,171344000.00
20161012,21.86,23.32,21.76,22.74,4878331,276895904.00
20161013,22.64,22.96,22.62,22.72,2443696,139310800.00
20161014,22.68,23.38,22.67,22.98,2753437,158863200.00
20161017,23.42,23.52,22.57,22.70,2631184,151646912.00
20161018,22.54,23.10,22.54,23.05,1959907,112631040.00
20161019,23.10,23.62,22.94,23.06,1988189,115685160.00
20161020,23.05,23.24,22.75,23.19,2243916,129358024.00
20161021,23.10,24.22,22.98,24.05,4150652,246478224.00
20161024,24.20,24.32,23.81,24.21,2158309,130132232.00
20161025,24.18,24.29,23.15,23.82,2982423,178248752.00
20161026,23.67,24.10,23.59,23.96,1964862,117609664.00
20161027,23.81,24.14,23.66,23.73,1380356,82678352.00
20161028,23.76,24.01,23.34,23.58,1996195,118398616.00
20161031,23.34,24.32,23.06,24.30,2745518,162825520.00
20161101,24.34,24.92,24.30,24.35,3551357,218638832.00
20161102,24.26,25.54,24.08,24.68,4126374,258727520.00
20161103,24.21,25.22,24.16,24.50,3469746,213868224.00
20161104,24.34,25.18,24.34,24.58,2403651,148989264.00
20161107,24.54,24.66,23.86,24.09,3327639,201873360.00
20161108,23.72,23.90,23.45,23.76,3673520,217937264.00
20161109,23.84,24.52,23.62,24.10,3321005,200522352.00
20161110,24.59,25.18,24.27,24.55,2731148,168359056.00
20161111,24.50,25.13,24.38,24.88,2320455,144379008.00
20161114,24.98,25.67,24.78,25.05,2272388,143511360.00
20161115,24.94,24.95,24.42,24.78,1424700,88012960.00
20161116,24.74,25.77,24.71,25.10,3170235,200923712.00
20161117,24.94,24.94,24.34,24.46,1812447,111492336.00
20161118,24.74,25.92,24.74,25.47,3607334,230309360.00
20161121,25.73,28.02,25.22,27.10,7118702,479874112.00
20161122,27.12,27.29,26.49,27.20,4002505,269405024.00
20161123,27.14,27.14,26.59,26.60,2401668,161172000.00
20161124,26.59,27.06,25.91,26.39,2487423,164793936.00
20161125,26.25,26.30,25.13,26.16,2026713,131199480.00
20161128,25.90,26.17,25.33,25.50,1544600,99133952.00
20161129,25.58,25.82,24.76,24.78,1551413,98540440.00
20161130,24.82,25.06,24.21,24.38,1879465,115686480.00
20161201,24.46,25.01,24.30,24.62,1522348,93970440.00
20161202,24.62,24.64,23.02,23.06,2645808,156012240.00
20161205,22.92,23.72,22.71,23.18,1543175,90039776.00
20161206,23.19,23.52,23.19,23.39,1001163,58702212.00
20161207,23.42,23.93,22.96,23.85,1490445,87778424.00
20161208,24.74,26.24,24.55,24.75,6441940,408180416.00
20161209,24.58,24.80,23.90,23.94,2946079,178867920.00
20161212,23.58,23.78,21.54,21.54,3157909,177675536.00
20161213,21.54,21.92,21.26,21.58,1767422,95858840.00
20161214,21.62,21.90,21.02,21.26,1537496,83102304.00
20161215,21.32,21.98,21.31,21.69,1420999,77334992.00
20161216,21.66,22.10,21.56,21.76,1004808,54898016.00
20161219,21.62,21.81,21.44,21.55,956435,51805880.00
20161220,21.50,22.32,21.50,22.14,1672987,91671840.00
20161221,22.06,22.38,21.98,22.25,865697,48037808.00
20161222,22.30,22.66,21.76,22.56,1741434,97307304.00
20161223,22.54,22.54,21.82,21.82,1291161,71299856.00
20161226,21.61,22.01,21.06,21.84,899740,48488712.00
20161227,21.86,22.05,21.67,21.81,762875,41872948.00
20161228,21.86,22.54,21.70,22.32,1538463,85623168.00
20161229,22.25,22.67,22.10,22.59,2157283,121840912.00
20161230,22.42,22.61,22.20,22.46,939031,52802112.00
20170103,22.75,23.30,22.62,22.70,1654357,95070040.00
20170104,22.74,23.27,22.74,23.24,1839631,106470304.00
20170105,23.14,23.53,22.74,22.82,3290803,190922000.00
20170106,22.88,22.94,21.79,21.86,1397710,78223432.00
20170109,21.82,21.94,21.50,21.94,1075971,58592124.00
20170110,21.82,22.24,21.81,21.93,616878,34104156.00
20170111,21.82,22.06,21.73,21.82,707925,38882648.00
20170112,21.74,21.92,20.79,20.79,1151082,61522456.00
20170113,20.70,20.92,19.68,19.68,1762800,89404464.00
20170116,19.66,19.67,17.71,18.33,1647600,77034976.00
20170117,18.26,19.33,17.95,19.16,1263253,58996264.00
20170118,19.05,19.14,18.49,18.56,787131,37036184.00
20170119,18.27,18.94,18.14,18.42,756692,35176712.00
20170120,18.26,19.54,18.26,18.88,859136,40867460.00
20170123,18.90,19.22,18.90,19.09,626650,29972646.00
20170124,19.00,19.20,18.53,18.66,833732,39196216.00
20170125,18.82,19.82,18.55,19.39,1036904,49882940.00
20170126,19.38,19.66,19.30,19.54,720000,35205444.00
20170203,19.54,19.54,19.07,19.10,604158,29166138.00
20170206,19.30,19.65,19.22,19.54,725699,35428648.00
20170207,19.55,19.74,19.33,19.46,508549,24795678.00
20170208,19.50,19.66,19.34,19.65,598441,29263822.00
20170209,19.65,20.02,19.64,19.90,779669,38864740.00
20170210,20.02,20.04,19.38,19.46,795113,39232976.00
20170213,19.43,20.07,19.41,20.04,1193130,59398524.00
20170214,19.82,20.26,19.81,19.96,693062,34713360.00
20170215,19.87,20.02,19.39,19.54,1330340,66086880.00
20170216,19.54,19.72,19.39,19.62,696199,34164156.00
20170217,19.58,20.00,19.14,19.31,1012750,49510332.00
20170220,19.34,19.48,18.86,19.29,1074200,51653028.00
20170221,19.27,19.98,19.27,19.96,1329997,65840996.00
20170222,19.96,20.54,19.90,20.15,1367357,69093472.00
20170223,20.10,20.34,19.86,20.34,1720575,86787720.00
20170224,20.45,20.50,19.94,19.94,1834143,93216224.00
20170227,21.94,21.94,21.94,21.94,4872348,267979136.00
20170228,22.14,23.69,21.96,22.66,10985855,620879744.00
20170301,22.56,23.10,22.36,22.60,6391230,363659040.00
20170302,22.46,22.84,22.44,22.60,3112776,176586688.00
20170303,22.34,24.87,22.20,24.66,9307517,558315648.00
20170306,24.31,24.80,23.86,24.65,5279948,321726560.00
20170307,24.43,25.46,24.43,24.74,3879861,242283248.00
20170308,24.43,25.10,24.28,24.90,4206955,260319440.00
20170309,24.96,26.18,24.82,25.90,5602739,358726624.00
20170310,25.68,27.10,25.50,26.50,5015201,329603968.00
20170313,26.44,27.10,26.10,26.58,3150989,210224064.00
20170314,26.50,27.02,25.58,26.01,4411149,289521440.00
20170315,26.06,26.61,25.86,26.42,3844562,253504080.00
20170316,26.62,27.86,26.42,27.50,3797103,258023040.00
20170317,27.64,28.14,27.10,27.34,4644794,320950944.00
20170320,27.47,27.54,26.02,26.62,3848742,256494352.00
20170321,26.72,26.72,24.78,25.39,5598825,358436128.00
20170322,25.38,26.24,25.22,26.09,3823719,246630048.00
20170323,26.06,26.86,24.96,25.56,5492292,357365280.00
20170324,25.39,25.78,25.22,25.48,2221904,142033920.00
20170327,25.70,26.18,25.38,25.40,3016111,195399216.00
20170328,25.02,25.86,25.02,25.22,2740753,174913648.00
20170329,25.34,27.54,25.34,26.62,5877861,389544672.00
20170330,26.36,27.14,24.35,24.74,6393198,413610976.00
20170331,25.36,25.46,23.54,24.90,4985380,306640320.00
20170405,24.36,24.86,23.57,24.72,1997646,122248072.00
20170406,24.58,25.32,24.58,24.81,2394429,149532544.00
20170407,24.66,24.81,22.70,22.74,4421662,260991712.00
20170410,21.54,21.80,20.46,20.46,4270947,222135504.00
20170411,20.19,20.74,19.74,20.50,3066381,155396768.00
20170412,20.50,20.52,19.42,19.57,2354131,117500176.00
20170413,19.90,20.46,19.54,19.82,2124010,106816200.00
20170414,19.46,20.50,19.46,19.96,2602530,131133000.00
20170417,19.14,19.34,17.98,18.70,2626816,122747640.00
20170418,18.60,18.97,17.98,18.07,2218103,102999776.00
20170419,18.14,18.81,17.89,18.61,1599998,73688744.00
20170420,18.69,18.72,18.06,18.54,1575334,72741264.00
20170421,18.54,18.69,18.10,18.11,1607919,74022648.00
20170424,18.18,18.50,17.74,18.16,1517038,69389248.00
20170425,18.26,18.67,18.26,18.66,1684795,78289320.00
20170426,18.54,20.49,18.48,19.46,3417282,167015968.00
20170427,19.46,20.33,18.84,20.17,2975410,146654432.00
20170428,20.02,20.33,19.82,20.14,1715670,86219712.00
20170502,20.14,20.26,19.70,19.84,1436739,71793800.00
20170503,19.72,20.62,19.68,20.51,2113457,107180112.00
20170504,20.74,21.36,20.64,20.69,3295401,172752416.00
20170505,20.70,21.94,20.50,21.08,3527543,188119024.00
20170508,20.98,21.18,19.15,19.34,2804036,141557120.00
20170509,19.34,20.30,18.94,20.16,2333674,115026752.00
20170510,19.68,20.97,19.12,19.17,9780394,196120848.00
20170511,18.51,18.60,17.25,17.81,10299335,182203056.00
20170512,18.00,18.80,17.81,18.25,7461520,136576192.00
20170515,18.21,18.30,17.58,17.75,5189665,92694656.00
20170516,17.46,19.53,17.15,19.53,8463867,155887696.00
20170517,20.40,21.48,20.08,21.07,19189735,400795648.00
20170518,20.53,21.06,20.11,20.28,11435228,234864640.00
20170519,20.55,20.88,19.09,19.35,8546460,169893856.00
20170522,19.35,19.98,18.22,18.39,7000733,133580416.00
20170523,18.19,18.58,17.00,17.00,6937138,123063568.00
20170524,16.69,17.77,16.51,17.40,5203740,89685792.00
20170525,17.51,17.75,16.81,17.43,4707120,81431824.00
20170526,17.60,17.90,17.27,17.75,4238187,74609064.00
20170531,18.30,18.49,16.96,17.07,4727262,83644992.00
20170601,16.78,17.20,15.69,15.89,4586347,75836936.00
20170602,15.84,16.56,15.49,16.26,4658480,74269992.00
20170605,16.35,16.57,16.07,16.29,3288191,53755016.00
20170606,16.09,16.52,16.02,16.40,2577085,42014428.00
20170607,16.48,17.87,16.31,17.48,6440503,111009824.00
20170608,17.49,18.18,17.36,17.55,6948606,123460192.00
20170609,17.36,17.59,17.03,17.31,3486650,60200488.00
20170612,17.15,17.15,16.30,16.31,3950047,65825484.00
20170613,16.24,16.96,16.20,16.77,3204000,53611268.00
20170614,16.77,17.16,16.73,16.83,3017460,51133552.00
20170615,16.81,17.81,16.81,17.63,5993728,105196400.00
20170616,17.45,17.67,16.91,17.31,4411142,76314024.00
20170619,17.22,17.78,17.22,17.55,3800669,66758936.00
20170620,17.48,17.61,17.13,17.21,3923000,67946640.00
20170621,17.24,17.38,16.91,17.14,2456892,41984308.00
20170622,17.15,17.19,16.50,16.50,2933550,49500932.00
20170623,16.73,16.87,16.30,16.70,2990994,49610040.00
20170626,16.70,16.88,16.48,16.87,2344292,39210484.00
20170627,16.87,16.92,16.74,16.86,2094042,35230488.00
20170628,16.80,16.88,16.42,16.46,2422028,40148808.00
20170629,16.46,16.88,16.45,16.56,2180877,36310620.00
20170630,16.56,16.86,16.30,16.86,2634463,43872376.00
20170703,16.89,16.95,16.70,16.93,2086589,35147620.00
20170704,16.82,16.98,16.67,16.79,1652940,27772088.00
20170705,16.80,16.93,16.61,16.91,2332740,39151956.00
20170706,16.91,17.79,16.87,17.60,6776830,117461656.00
20170707,17.51,17.59,17.25,17.45,3783698,65904276.00
20170710,17.32,18.61,17.31,18.21,9167909,165533344.00
20170711,18.15,18.55,17.65,17.81,5014468,90424648.00
20170712,17.86,18.12,17.36,18.09,3833562,67822904.00
20170713,18.01,18.08,17.45,17.66,3282696,58186044.00
20170714,17.90,17.95,17.39,17.63,2899258,51290320.00
20170717,17.63,17.63,15.87,15.87,5579825,90985744.00
20170718,15.61,16.17,15.51,15.99,2819740,44692284.00
20170719,16.07,16.07,15.67,15.98,2344900,37194004.00
数据来源:通达信
