300584 海辰药业 日线 前复权
      日期	    开盘	    最高	    最低	    收盘	    成交量	    成交额
20170112,13.03,15.70,13.03,15.70,9100,144663.00
20170113,17.30,17.30,17.30,17.30,2900,51040.00
20170116,19.06,19.06,19.06,19.06,4600,89056.00
20170117,21.00,21.00,21.00,21.00,7000,149100.00
20170118,23.13,23.13,23.13,23.13,3100,72633.00
20170119,25.47,25.47,25.47,25.47,31016,799282.31
20170120,28.05,28.05,28.05,28.05,43470,1232374.50
20170123,30.89,30.89,30.89,30.89,28300,882677.00
20170124,34.01,34.01,34.01,34.01,36500,1252315.00
20170125,37.44,37.44,37.44,37.44,53400,2015316.00
20170126,41.21,41.21,41.21,41.21,211783,8791112.00
20170203,41.60,43.90,40.91,42.16,10961741,469379104.00
20170206,42.50,44.97,42.16,44.82,9355907,411212096.00
20170207,44.21,44.23,43.03,43.59,6856908,301125344.00
20170208,43.65,45.70,43.65,45.19,7016652,315756736.00
20170209,44.73,46.20,44.21,44.56,5618966,254591584.00
20170210,44.75,45.03,42.95,43.08,4495308,198331600.00
20170213,42.79,45.23,42.79,44.93,4958329,220991104.00
20170214,44.76,45.68,44.62,45.17,4477299,203087952.00
20170215,45.18,48.60,45.01,45.94,7266686,340863456.00
20170216,45.56,45.92,44.32,45.53,4500968,205079888.00
20170217,45.40,46.68,44.70,45.82,3961550,182654304.00
20170220,45.80,45.80,42.21,43.58,3394720,149154192.00
20170221,43.35,44.59,43.22,44.24,2171927,96354024.00
20170222,44.20,44.57,43.51,44.10,1957461,86790048.00
20170223,44.18,45.89,43.94,45.65,3231042,146507968.00
20170224,45.25,49.44,45.25,48.45,5366115,258852752.00
20170227,47.70,48.49,47.25,47.90,3583677,172244832.00
20170228,47.55,47.70,45.95,47.20,3229571,151661936.00
20170301,47.24,47.65,46.23,46.23,2502359,117866944.00
20170302,46.16,47.15,46.03,46.39,1861488,87028776.00
20170303,46.20,46.40,45.45,46.39,1598057,73965288.00
20170306,46.50,47.77,46.20,47.53,2146070,102071856.00
20170307,47.50,48.05,46.81,48.04,2277349,108987488.00
20170308,48.08,48.12,47.15,47.76,2073585,99437256.00
20170309,47.80,47.80,46.29,46.70,2371500,111674344.00
20170310,46.68,47.17,46.22,46.79,1683777,79128440.00
20170313,46.86,48.55,46.31,48.45,3366523,161624208.00
20170314,48.46,49.55,47.80,47.92,3877458,189832592.00
20170315,47.69,48.68,47.31,48.68,2413107,116931432.00
20170316,49.10,51.50,48.90,50.85,3904410,197266960.00
20170317,50.45,51.69,48.91,49.15,3681731,186528096.00
20170320,49.15,50.80,48.91,50.68,2546900,127145120.00
20170321,50.47,52.16,49.75,51.30,3045710,157012272.00
20170322,50.87,53.19,50.50,52.68,3017435,157320800.00
20170323,52.81,53.19,49.67,51.38,3336684,173692304.00
20170324,51.30,53.96,51.11,53.75,3566940,189554080.00
20170327,53.98,55.06,51.72,54.80,3187202,172877216.00
20170328,54.46,55.25,53.40,54.70,2789858,152921712.00
20170329,54.32,54.70,51.00,52.28,3134291,165715360.00
20170330,51.88,52.53,49.28,50.00,3435525,173921600.00
20170331,49.70,50.69,45.81,46.79,3931173,189952704.00
20170405,46.70,47.89,46.03,47.60,2804480,132107368.00
20170406,47.60,48.79,45.81,47.80,2101011,101213776.00
20170407,47.78,47.89,46.07,46.23,1621440,76450992.00
20170410,45.83,46.06,41.70,41.74,2498166,109395560.00
20170411,41.74,43.62,41.54,43.37,1747163,75075952.00
20170412,43.34,43.59,42.50,42.88,1248100,54027800.00
20170413,42.89,43.84,42.70,43.09,1110779,48475300.00
20170414,43.07,43.19,42.50,42.85,1008300,43487100.00
20170417,41.31,41.33,39.22,39.68,1908200,77693528.00
20170418,39.83,40.20,39.20,39.28,773600,30944528.00
20170419,39.28,40.46,38.71,40.40,1105085,44206096.00
20170420,40.42,40.42,38.92,39.70,1150785,46128372.00
20170421,39.74,40.12,39.23,39.55,670800,26796732.00
20170424,39.52,39.52,37.23,38.10,851700,32726328.00
20170425,38.05,39.19,38.00,38.30,697700,27054688.00
20170426,38.38,39.30,38.20,39.04,744507,29224968.00
20170427,38.98,41.08,38.03,40.39,1513907,60571296.00
20170428,40.30,40.68,39.90,40.19,967077,39211380.00
20170502,40.23,40.38,39.60,39.83,798000,32091332.00
20170503,39.60,40.20,39.19,40.03,882001,35325536.00
20170504,39.71,39.90,38.71,38.82,809901,32115650.00
20170505,38.80,39.28,38.20,38.57,1009400,39491548.00
20170508,38.50,38.50,37.26,37.28,678354,25969140.00
20170509,37.27,38.26,37.11,38.08,638599,24297592.00
20170510,38.06,38.68,37.31,37.78,831300,31992870.00
20170511,37.60,37.78,36.41,37.70,1000400,37444716.00
20170512,37.68,38.17,37.24,37.84,826100,31355252.00
20170515,37.82,38.10,37.30,37.43,547700,20815528.00
20170516,37.43,38.67,36.91,38.50,1031300,39386208.00
20170517,38.47,39.88,38.47,39.05,1022300,40263344.00
20170518,38.60,39.40,38.35,39.00,844800,33249376.00
20170519,38.80,39.32,38.31,38.37,584600,22837174.00
20170522,38.20,38.30,35.80,35.96,1083221,40442444.00
20170523,35.72,36.30,33.60,33.69,1064678,37276760.00
20170524,33.72,34.39,32.90,34.11,726155,24681446.00
20170525,34.18,34.37,32.71,33.96,776300,26324656.00
20170526,34.00,34.67,33.78,34.45,578500,19986410.00
20170531,35.70,36.20,34.13,34.45,779200,27838868.00
20170601,33.91,34.48,32.85,32.90,862844,29448736.00
20170602,32.75,34.45,32.70,34.40,929544,31686158.00
20170605,35.30,35.88,34.90,35.42,1100699,39357208.00
20170606,35.10,35.63,35.01,35.60,461156,16483552.00
20170607,35.64,37.55,35.35,36.70,1364550,50364748.00
20170608,36.65,37.04,36.25,36.62,897250,32874224.00
20170609,36.62,36.78,36.30,36.67,694600,25379704.00
20170612,36.32,36.32,34.61,34.70,715656,25307904.00
20170613,34.68,35.88,34.47,35.78,589700,20858028.00
20170614,35.78,35.99,35.00,35.47,598358,21192204.00
20170615,35.31,36.78,35.31,36.46,1050100,38240232.00
20170616,36.69,36.96,36.15,36.30,649100,23709296.00
20170619,36.38,36.80,35.61,36.02,587100,21265100.00
20170620,36.38,36.50,35.84,36.02,559800,20260394.00
20170621,36.23,36.41,35.53,35.78,458200,16445133.00
20170622,35.78,36.08,34.90,34.95,689000,24435204.00
20170623,35.30,35.56,34.41,34.96,532700,18616696.00
20170626,34.78,35.34,34.53,35.10,392200,13695155.00
20170627,35.18,35.40,34.80,34.89,355200,12471713.00
20170628,34.72,34.83,34.00,34.11,393200,13487359.00
20170629,34.00,34.65,34.00,34.35,288179,9910121.00
20170630,34.37,34.96,34.02,34.88,460279,15903447.00
20170703,34.76,35.35,34.72,35.19,354700,12450178.00
20170704,35.98,36.00,35.38,35.55,662200,23619864.00
20170705,35.39,35.98,35.29,35.79,694800,24791006.00
20170706,35.61,36.21,35.32,35.89,942758,33760572.00
20170707,36.64,39.48,36.64,38.55,3506466,135389488.00
20170710,38.25,38.25,36.80,36.83,2163586,80766272.00
20170711,36.82,36.82,35.79,35.79,1287700,46793576.00
20170712,35.65,36.21,34.91,35.85,834800,29717750.00
20170713,35.61,35.99,35.05,35.56,504401,17897124.00
20170714,35.56,36.35,35.15,35.92,755800,27038656.00
20170717,35.31,35.40,32.33,32.49,1450500,48495016.00
20170718,32.00,33.46,31.87,32.55,1013555,33090130.00
20170719,32.42,32.85,32.37,32.68,385100,12571764.00
数据来源:通达信
