300559 佳发安泰 日线 前复权
      日期	    开盘	    最高	    最低	    收盘	    成交量	    成交额
20161101,23.00,25.11,23.00,25.11,4000,100105.00
20161102,27.64,27.64,27.64,27.64,2300,63986.00
20161103,30.42,30.42,30.42,30.42,2100,64260.00
20161104,33.48,33.48,33.48,33.48,2600,87516.00
20161107,36.85,36.85,36.85,36.85,1800,66654.00
20161108,40.55,40.55,40.55,40.55,5100,207723.00
20161109,44.62,44.62,44.62,44.62,2800,125440.00
20161110,49.10,49.10,49.10,49.10,2400,118272.00
20161111,54.03,54.03,54.03,54.03,5602,303684.41
20161114,59.45,59.45,59.45,59.45,10100,602263.00
20161115,65.41,65.41,65.41,65.41,11500,754285.00
20161116,71.97,71.97,71.97,71.97,12000,865800.00
20161117,79.19,79.19,79.19,79.19,50807,4032551.50
20161118,87.13,87.13,87.13,87.13,83632,7301910.00
20161121,95.86,95.86,89.74,89.92,9580218,880450432.00
20161122,90.71,98.93,90.01,96.77,9409333,890655232.00
20161123,94.15,96.82,92.26,93.11,6687035,630486464.00
20161124,91.82,94.50,89.95,90.52,3951385,363378496.00
20161125,89.98,93.42,87.34,93.32,4577687,416467232.00
20161128,92.32,94.04,90.69,90.86,2713996,250174048.00
20161129,91.32,92.60,89.70,90.89,2560078,233951952.00
20161130,90.42,94.31,90.33,93.56,3660844,340641984.00
20161201,93.51,94.80,91.21,93.53,3333445,310421344.00
20161202,93.42,93.42,86.33,86.62,3470020,311153984.00
20161205,82.82,86.92,82.82,84.84,1562718,133142744.00
20161206,84.62,85.99,84.33,84.71,1269323,108316440.00
20161207,85.30,85.32,82.82,84.97,1439655,121194400.00
20161208,84.96,86.68,83.63,83.64,1503021,128211672.00
20161209,82.82,83.00,79.42,79.92,2065264,167652208.00
20161212,79.82,79.82,71.91,71.93,2091891,157879200.00
20161213,72.79,73.48,70.93,72.42,1113888,80961464.00
20161214,70.70,73.00,70.70,70.96,1012839,72780240.00
20161215,71.42,73.25,71.32,72.39,1140451,82899864.00
20161216,72.10,72.78,71.77,72.52,841100,60926640.00
20161219,72.62,72.62,70.82,71.82,790669,56714496.00
20161220,71.80,72.82,71.28,72.03,750532,54112920.00
20161221,71.32,72.60,71.04,72.32,971951,69915832.00
20161222,72.00,72.27,71.20,71.79,669351,48171508.00
20161223,71.76,71.76,67.62,67.62,1402000,97568600.00
20161226,66.82,69.11,64.97,68.82,979494,65837296.00
20161227,68.22,68.81,68.02,68.36,528933,36241932.00
20161228,68.52,68.76,67.73,67.82,426630,29230004.00
20161229,67.82,68.21,66.89,66.89,623821,42315968.00
20161230,67.03,67.72,65.84,66.23,563501,37592632.00
20170103,66.51,68.32,66.49,67.97,701233,47453256.00
20170104,68.22,68.96,67.73,68.60,674954,46349612.00
20170105,68.82,69.50,68.20,68.51,792446,54629776.00
20170106,68.62,68.67,64.82,64.97,1034909,68760656.00
20170109,64.42,64.79,63.12,64.03,690137,44252224.00
20170110,64.26,65.79,63.98,65.34,784717,51205040.00
20170111,66.82,70.82,63.00,68.67,2586084,178815872.00
20170112,67.32,68.71,66.14,66.22,1327488,89473296.00
20170113,65.06,65.59,59.82,59.82,1567377,97754504.00
20170116,58.85,59.17,53.82,54.99,1369267,76673336.00
20170117,54.60,58.32,53.15,56.98,1033980,57889400.00
20170118,56.37,56.41,54.02,54.24,612000,33973048.00
20170119,53.79,55.75,52.64,54.76,728102,39850908.00
20170120,53.82,57.38,53.33,56.70,886008,50114856.00
20170123,55.92,58.62,55.92,57.39,773066,44666056.00
20170124,57.39,57.39,55.67,55.70,576548,32660158.00
20170125,55.72,57.62,54.85,57.32,665500,37973136.00
20170126,57.32,58.32,57.25,57.62,477438,27618478.00
20170203,57.42,58.62,56.47,57.68,499712,28839684.00
20170206,58.82,59.27,57.88,58.60,1266309,74243912.00
20170207,58.36,58.71,58.12,58.62,1227374,71863296.00
20170208,58.62,59.74,58.17,59.61,1271643,75525632.00
20170209,59.19,60.79,59.04,59.43,1158245,69484216.00
20170210,59.28,59.59,57.70,57.77,1048500,61464988.00
20170213,57.42,59.79,57.22,59.36,1018189,60040212.00
20170214,59.35,60.32,58.87,59.77,877433,52494236.00
20170215,59.69,60.73,59.02,59.46,1009605,60683064.00
20170216,59.11,59.48,58.22,58.72,770513,45318960.00
20170217,58.50,59.16,57.35,57.52,601974,35145520.00
20170220,57.42,58.35,55.69,56.18,846113,47738356.00
20170221,56.24,57.41,56.24,57.13,707000,40342624.00
20170222,57.13,57.31,56.22,56.85,776841,44251900.00
20170223,56.82,57.80,56.57,57.59,788245,45252376.00
20170224,57.82,59.58,57.59,59.31,1227019,72273560.00
20170227,60.42,61.40,59.60,59.97,1574538,95495424.00
20170228,59.42,60.28,59.33,60.16,985828,59162924.00
20170301,60.32,61.00,59.74,59.82,867260,52363388.00
20170302,59.83,60.22,59.14,59.69,772200,46243296.00
20170303,59.70,59.98,58.84,59.82,635200,37828384.00
20170306,59.83,61.58,59.82,61.48,1121754,68582528.00
20170307,61.60,62.72,61.12,62.27,1191944,74138664.00
20170308,62.02,63.32,61.84,62.30,948945,59529752.00
20170309,62.17,62.17,60.93,61.19,887840,54579640.00
20170310,61.32,63.61,61.28,63.02,1277518,80268568.00
20170313,63.02,66.12,62.98,65.82,1986232,128988528.00
20170314,65.42,66.00,64.90,65.78,1326310,86985696.00
20170315,65.71,68.11,65.18,67.29,1694095,114124576.00
20170316,67.38,69.09,66.82,68.63,1735922,118108288.00
20170317,68.32,68.92,66.81,67.00,1475685,100321080.00
20170320,67.38,67.78,65.53,67.63,1358845,91253008.00
20170321,63.55,65.07,63.21,64.92,3494894,224445952.00
20170322,64.22,65.52,63.33,65.30,2399092,155024000.00
20170323,64.92,66.26,63.34,65.02,2086965,136300624.00
20170324,64.92,65.50,64.50,64.78,1329396,86667784.00
20170327,64.92,65.20,64.13,64.90,1016812,65892220.00
20170328,64.90,65.11,62.32,62.50,1340803,85853552.00
20170329,62.42,62.78,59.85,59.85,1282250,78323152.00
20170330,59.67,59.69,55.83,56.12,1394418,80223624.00
20170331,56.13,57.17,55.86,56.40,590986,33486724.00
20170405,56.41,57.86,56.22,57.72,734986,42333996.00
20170406,57.42,58.50,57.42,58.12,578820,33709224.00
20170407,57.93,58.42,56.63,56.64,683600,39389940.00
20170410,57.31,57.31,51.82,52.09,1261447,67998296.00
20170411,52.18,53.77,52.09,53.77,672654,35729960.00
20170412,53.77,53.78,52.22,52.41,492400,26166968.00
20170413,52.41,53.72,52.41,52.99,354310,18904720.00
20170414,52.99,52.99,52.14,52.51,357310,18784432.00
20170417,50.92,50.92,48.92,49.58,630036,31462824.00
20170418,49.62,50.06,48.09,48.22,495300,24401776.00
20170419,47.82,49.25,47.38,49.07,694150,33545478.00
20170420,48.83,49.25,47.03,47.92,558778,27067814.00
20170421,47.92,48.39,47.82,48.02,259284,12517499.00
20170424,48.12,48.29,46.86,47.32,318184,15160045.00
20170425,47.43,48.48,47.42,47.98,338300,16295838.00
20170426,48.02,48.78,47.98,48.52,356899,17351240.00
20170427,48.58,49.92,47.22,49.90,832749,40665860.00
20170428,49.80,49.81,49.00,49.33,527200,26155770.00
20170502,48.84,49.31,48.61,48.66,316700,15522673.00
20170503,48.49,49.10,48.15,48.52,380744,18553392.00
20170504,48.22,48.67,46.86,47.64,321350,15442779.00
20170505,47.41,47.94,47.31,47.54,339001,16185584.00
20170508,47.34,47.79,46.48,46.92,473300,22368344.00
20170509,46.92,47.52,46.12,47.46,297631,14032976.00
20170510,47.28,47.71,46.13,46.25,327500,15490087.00
20170511,45.82,46.22,44.82,45.80,433099,19743266.00
20170512,45.81,45.95,44.95,45.22,251092,11447114.00
20170515,45.47,45.65,45.10,45.21,194886,8876924.00
20170516,45.20,46.87,44.51,46.85,449607,20577886.00
20170517,46.62,47.51,46.62,47.30,438607,20796162.00
20170518,46.82,47.27,46.58,46.64,283577,13361454.00
20170519,46.46,46.91,46.32,46.37,197300,9234582.00
20170522,46.37,46.37,42.30,42.62,609655,27170414.00
20170523,42.62,42.71,39.25,39.32,747255,30580074.00
20170524,38.99,40.01,38.52,39.78,420400,16630717.00
20170525,40.02,40.02,38.10,39.70,507600,19938940.00
20170526,39.52,40.57,39.24,39.95,361200,14475826.00
20170531,41.32,41.81,39.57,39.80,459300,18893760.00
20170601,39.32,39.72,37.23,37.23,429321,16554504.00
20170602,37.11,39.67,36.67,39.51,554300,21343528.00
20170605,39.82,40.56,39.27,39.62,429900,17292320.00
20170606,40.41,40.41,39.22,39.56,307000,12262617.00
20170607,39.62,41.02,39.59,40.97,517000,21047846.00
20170608,40.73,41.70,40.58,40.73,459992,18942792.00
20170609,40.82,40.92,39.82,40.43,351500,14194021.00
20170612,39.91,40.20,38.20,38.34,493208,19373216.00
20170613,38.42,40.58,38.32,40.36,531300,21147724.00
20170614,40.40,40.60,40.00,40.57,341500,13775269.00
20170615,40.57,42.25,40.50,41.92,654893,27220516.00
20170616,41.83,41.89,41.05,41.23,364593,15058446.00
20170619,41.20,41.56,41.04,41.50,318500,13170610.00
20170620,41.60,42.10,40.83,41.38,407100,16916284.00
20170621,41.36,43.10,41.00,41.52,542514,22621154.00
20170622,41.52,41.53,39.20,39.20,632372,25554516.00
20170623,39.50,39.88,38.11,39.15,443900,17307688.00
20170626,39.15,39.68,38.80,39.60,335900,13165439.00
20170627,39.49,40.58,39.38,39.76,313093,12546660.00
20170628,39.60,39.76,38.51,38.79,350100,13632571.00
20170629,39.00,39.76,38.85,39.58,256500,10095543.00
20170630,39.30,40.00,39.07,39.95,386600,15307446.00
20170703,40.05,41.15,40.05,40.97,517293,21120542.00
20170704,41.28,41.35,40.40,40.65,402793,16452354.00
20170705,40.51,41.67,40.51,41.58,560800,23119432.00
20170706,41.45,41.70,40.62,41.15,604500,24934392.00
20170707,41.16,42.15,41.14,41.83,779115,32544036.00
20170710,41.42,41.86,40.30,40.33,697821,28557274.00
20170711,40.33,40.84,39.39,39.43,456600,18306784.00
20170712,39.19,39.68,38.58,39.65,503589,19653398.00
20170713,39.43,39.43,38.60,39.00,324900,12667110.00
20170714,39.02,39.35,38.70,38.74,252184,9822715.00
20170717,38.52,38.75,34.87,34.87,777000,27868248.00
20170718,34.80,35.72,34.10,35.31,372100,13015288.00
20170719,35.50,35.50,34.83,35.31,208586,7331336.50
数据来源:通达信
