300570 太辰光 日线 前复权
      日期	    开盘	    最高	    最低	    收盘	    成交量	    成交额
20161206,13.52,16.26,13.52,16.26,6685,192536.66
20161207,17.91,17.91,17.91,17.91,300,9786.00
20161208,19.72,19.72,19.72,19.72,5555,199313.41
20161209,21.72,21.72,21.72,21.72,6500,256555.00
20161212,23.91,23.91,23.91,23.91,13950,605709.00
20161213,26.32,26.32,26.32,26.32,15000,716400.00
20161214,28.98,28.98,28.98,28.98,9999,525347.44
20161215,31.89,31.89,31.89,31.89,18999,1097952.25
20161216,35.11,35.11,35.11,35.11,35272,2242241.00
20161219,38.64,38.64,38.64,38.64,214647,15010265.00
20161220,38.64,42.46,36.39,39.68,16879414,1180378112.00
20161221,37.57,38.43,35.69,35.69,11489301,764303680.00
20161222,34.79,36.42,34.36,34.87,7947212,507986400.00
20161223,34.46,34.67,31.88,31.94,8184930,492386624.00
20161226,31.34,32.55,30.47,32.20,5408749,309277952.00
20161227,32.06,32.49,31.30,31.63,4235933,243910352.00
20161228,31.46,31.68,30.94,31.09,3272487,185399168.00
20161229,31.09,31.59,30.71,30.71,3466643,196079376.00
20161230,30.48,30.89,30.08,30.51,3330536,183874864.00
20170103,30.68,31.61,30.52,31.40,4121895,232493504.00
20170104,31.33,31.93,30.99,31.59,4199002,239724656.00
20170105,31.67,32.56,31.04,31.12,4452501,257852304.00
20170106,30.62,30.62,28.79,28.89,5041570,271608000.00
20170109,28.25,29.04,28.23,28.59,2102991,109060136.00
20170110,28.68,29.22,28.41,28.57,1966686,102924920.00
20170111,28.68,28.78,26.87,27.01,3469477,174469312.00
20170112,27.12,27.71,26.51,26.73,2420356,118949280.00
20170113,26.79,26.88,25.28,25.39,3037201,142474624.00
20170116,25.11,25.11,22.94,23.98,3705647,164018080.00
20170117,23.69,26.41,23.68,26.34,6761524,313510112.00
20170118,25.81,25.89,24.78,24.79,4253264,195471776.00
20170119,24.51,25.87,24.01,25.04,3856785,175967328.00
20170120,24.84,26.17,24.69,25.73,3762311,175900016.00
20170123,25.63,26.28,25.52,26.00,2640441,124446488.00
20170124,25.88,25.88,24.91,24.97,2638146,121002632.00
20170125,24.79,25.73,24.72,25.52,2190733,101080160.00
20170126,25.51,26.04,25.22,25.54,1942651,90098712.00
20170203,25.59,25.59,24.72,25.12,1966042,89438680.00
20170206,25.57,26.44,25.52,26.44,3620264,171314864.00
20170207,26.46,26.50,25.80,26.12,2661076,126049384.00
20170208,25.90,27.29,25.81,26.86,3600609,173246784.00
20170209,26.77,27.18,26.59,26.86,2867065,140065200.00
20170210,26.86,27.01,25.93,26.38,2974129,142292768.00
20170213,26.21,27.25,26.12,26.96,2948102,143433056.00
20170214,26.90,27.07,26.56,27.01,2480444,120853208.00
20170215,26.85,27.87,26.79,27.01,4431676,219819392.00
20170216,26.73,26.94,26.12,26.55,2709875,130046848.00
20170217,26.57,26.99,25.99,26.06,2632260,126127776.00
20170220,25.73,25.89,23.76,24.59,4375619,196086752.00
20170221,24.47,25.19,24.47,25.02,2214649,100081960.00
20170222,25.07,25.18,24.58,24.91,1967288,88784840.00
20170223,24.90,25.72,24.79,25.48,2863912,131402328.00
20170224,25.46,28.04,25.35,27.34,7567637,370713120.00
20170227,27.34,28.04,26.84,27.82,6615530,330889088.00
20170228,27.46,27.81,27.04,27.74,3581702,178683472.00
20170301,27.79,28.12,27.13,27.18,4277262,213995440.00
20170302,27.22,27.48,26.73,27.18,3572345,176192496.00
20170303,26.98,27.54,26.57,27.35,2788410,137568320.00
20170306,27.35,28.64,27.29,28.56,4748403,241882016.00
20170307,28.59,29.21,28.29,28.84,5026821,262156176.00
20170308,28.71,28.96,28.08,28.38,3391390,175150784.00
20170309,28.23,28.32,27.56,27.64,3153906,159127232.00
20170310,27.46,28.54,27.46,28.47,3564637,181810688.00
20170313,28.40,29.00,27.84,28.98,3714763,191797648.00
20170314,28.79,29.28,28.43,28.56,4078096,213414960.00
20170315,28.34,29.32,27.95,29.18,4272971,222490400.00
20170316,29.16,30.28,29.12,29.61,5782418,311817184.00
20170317,29.67,30.49,28.71,28.74,5975683,321666080.00
20170320,28.41,29.66,28.34,29.66,3580298,188220368.00
20170321,29.59,29.96,29.33,29.83,3441400,185184864.00
20170322,29.51,30.31,29.08,30.07,4375207,235416176.00
20170323,30.05,30.97,29.16,30.58,6694473,367333760.00
20170324,30.32,30.74,30.07,30.41,3986493,219875808.00
20170327,30.41,30.44,29.65,29.83,3162205,171483344.00
20170328,29.78,29.98,28.60,28.71,3397628,180582592.00
20170329,28.66,28.94,26.81,26.91,3977035,198950736.00
20170330,26.91,26.93,25.58,25.83,2871660,136254800.00
20170331,26.00,26.22,25.62,26.02,1562526,73547488.00
20170405,26.18,26.69,26.11,26.65,1700628,81574616.00
20170406,26.64,27.18,26.48,26.74,1648410,80305232.00
20170407,26.68,26.77,26.02,26.09,1713440,81939816.00
20170410,25.86,25.86,23.93,24.15,3372715,151290368.00
20170411,24.07,25.02,24.01,25.02,2043110,90706824.00
20170412,25.38,26.04,25.03,25.23,2286737,106197184.00
20170413,25.07,25.79,25.07,25.38,1289250,59759056.00
20170414,25.23,25.51,24.73,24.79,1373137,62618780.00
20170417,23.68,24.15,22.94,23.87,1586075,68356440.00
20170418,23.87,24.20,23.51,23.52,1014600,44002064.00
20170419,23.68,24.16,23.32,24.13,1458785,63334264.00
20170420,23.97,24.33,23.46,23.98,1231100,53529784.00
20170421,23.91,24.23,23.88,23.91,786170,34284740.00
20170424,23.89,23.94,23.20,23.57,940250,40181468.00
20170425,23.53,24.44,23.53,23.95,1081544,47253060.00
20170426,24.17,24.44,23.96,24.24,1231779,54214308.00
20170427,24.34,25.06,23.69,24.98,2098370,93149536.00
20170428,24.86,25.08,24.79,24.92,1195650,54090744.00
20170502,24.90,25.29,24.62,24.95,1084058,49028988.00
20170503,24.94,25.07,24.44,24.83,1003169,45164772.00
20170504,24.56,24.89,24.07,24.17,1122101,50065720.00
20170505,24.04,24.40,23.62,23.83,1766244,76916536.00
20170508,23.59,23.83,23.32,23.32,985072,42211388.00
20170509,23.10,23.82,23.02,23.65,1017799,43364160.00
20170510,23.68,24.06,23.33,23.34,1263268,54440728.00
20170511,23.04,23.52,22.41,23.46,1405814,58841672.00
20170512,23.46,23.66,23.14,23.46,873314,37154668.00
20170515,23.50,23.67,23.36,23.44,627746,26783606.00
20170516,23.51,24.28,23.15,24.28,1520350,65784800.00
20170517,24.29,24.67,24.18,24.40,1581040,70129544.00
20170518,24.23,24.69,24.06,24.42,1214873,53850152.00
20170519,24.40,24.52,23.88,24.00,1079633,47310936.00
20170522,23.95,23.98,22.46,22.57,1588551,66828568.00
20170523,22.57,22.62,20.69,20.84,2000439,78537720.00
20170524,20.93,21.26,20.46,21.16,972369,37081764.00
20170525,21.16,21.43,20.46,21.18,1086310,41337132.00
20170526,21.22,21.60,21.08,21.53,947540,36753268.00
20170531,22.28,22.40,21.53,21.55,1329858,53195512.00
20170601,21.36,21.48,20.12,20.12,1340167,50578060.00
20170602,19.83,21.01,19.83,20.88,942466,35180672.00
20170605,21.18,21.41,21.03,21.16,904609,34942164.00
20170606,21.01,21.28,20.98,21.22,460910,17710008.00
20170607,21.18,22.47,21.13,22.29,1863952,74515392.00
20170608,22.28,22.56,22.01,22.20,1717079,69630600.00
20170609,22.03,22.32,21.79,22.25,1009976,40572820.00
20170612,21.71,21.93,21.01,21.12,1391689,54357124.00
20170613,20.97,22.32,20.97,22.05,1540185,61271680.00
20170614,22.02,22.32,21.79,22.01,1170596,46907696.00
20170615,21.93,22.94,21.93,22.72,1737951,71431472.00
20170616,22.50,22.88,22.46,22.76,1049837,43235176.00
20170619,22.57,22.78,22.41,22.68,917670,37642800.00
20170620,22.83,22.83,22.01,22.26,1295533,52921496.00
20170621,22.29,22.60,21.96,22.20,976870,39459584.00
20170622,22.32,22.45,21.75,21.79,1200762,48367612.00
20170623,22.18,22.21,21.12,21.92,1027483,40445548.00
20170626,22.11,22.29,21.82,22.29,1060551,42612388.00
20170627,22.42,22.61,22.21,22.39,953097,38834920.00
20170628,22.09,22.32,21.80,22.10,1144287,45691240.00
20170629,22.18,22.29,22.01,22.18,1174690,47334056.00
20170630,21.96,22.10,21.48,21.95,2059461,44849296.00
20170703,22.38,22.38,21.85,22.19,2351482,52003196.00
20170704,22.05,22.37,21.70,21.80,1739564,38230068.00
20170705,21.75,22.18,21.52,22.13,2239003,49205272.00
20170706,22.10,22.34,21.72,21.91,2285653,50479788.00
20170707,22.66,23.98,22.39,22.50,4609451,104865480.00
20170710,22.08,22.40,21.68,21.68,3073109,67427752.00
20170711,21.55,21.90,21.12,21.18,1652480,35542920.00
20170712,21.21,21.40,20.62,21.38,1578233,33111510.00
20170713,21.12,21.55,20.98,21.25,1315136,27920370.00
20170714,21.05,21.05,20.37,20.42,2058108,42509984.00
20170717,20.40,20.40,18.38,18.38,2842610,53719284.00
20170718,18.37,18.50,17.50,18.12,2166802,39023608.00
20170719,18.11,18.25,17.65,18.19,1560970,28188580.00
数据来源:通达信
