300588 熙菱信息 日线 前复权
      日期	    开盘	    最高	    最低	    收盘	    成交量	    成交额
20170105,5.89,7.07,5.89,7.07,9250,65299.50
20170106,7.78,7.78,7.78,7.78,1300,10166.00
20170109,8.56,8.56,8.56,8.56,2450,21070.00
20170110,9.42,9.42,9.42,9.42,300,2838.00
20170111,10.37,10.37,10.37,10.37,2200,22902.00
20170112,11.41,11.41,11.41,11.41,3600,41220.00
20170113,12.56,12.56,12.56,12.56,14050,177030.00
20170116,13.82,13.82,13.82,13.82,32950,456687.00
20170117,15.21,15.21,15.21,15.21,26460,403515.00
20170118,16.74,16.74,16.74,16.74,20024,336002.72
20170119,18.42,18.42,18.42,18.42,62190,1148027.38
20170120,20.27,20.27,20.27,20.27,58780,1193821.75
20170123,22.30,22.30,22.30,22.30,32212,719616.06
20170124,24.53,24.53,24.53,24.53,39600,972972.00
20170125,26.99,26.99,26.99,26.99,69960,1891018.75
20170126,29.69,29.69,29.69,29.69,441110,13114200.00
20170203,32.66,32.66,32.66,32.66,313213,10242065.00
20170206,35.93,35.93,35.03,35.93,5735637,206159856.00
20170207,37.96,39.32,37.27,37.86,16429611,625168256.00
20170208,39.16,41.65,38.48,41.65,12862082,514510688.00
20170209,40.17,40.94,39.57,40.31,10443622,420806688.00
20170210,39.97,42.57,39.86,39.86,8109409,331439168.00
20170213,40.48,42.36,39.66,41.31,7562933,312815520.00
20170214,40.38,43.34,40.02,42.09,7673611,318136064.00
20170215,41.93,46.30,41.56,43.39,12655400,560949632.00
20170216,41.96,42.45,39.96,40.84,8443155,349662496.00
20170217,40.46,40.90,37.35,37.52,7317110,284750656.00
20170220,37.62,37.95,35.56,36.57,4462779,163810400.00
20170221,36.64,38.23,36.46,37.69,4411923,165189024.00
20170222,37.96,37.99,36.84,37.70,3636912,136467072.00
20170223,37.46,38.94,37.31,38.62,4241545,162487520.00
20170224,38.45,40.73,38.27,39.88,5739135,227171040.00
20170227,39.97,43.46,39.71,42.82,7066083,295616864.00
20170228,42.46,43.29,41.37,42.86,5432534,229453856.00
20170301,42.57,42.59,40.33,40.37,4615316,191312224.00
20170302,40.26,41.89,40.00,41.20,3735850,153831040.00
20170303,41.10,41.92,39.96,41.63,3365187,138940096.00
20170306,41.06,45.29,41.06,44.26,5369905,232827136.00
20170307,43.95,44.56,42.76,44.56,5265642,229749376.00
20170308,44.16,45.54,43.66,44.94,5074679,226840816.00
20170309,44.34,44.62,42.96,43.76,3319916,145198928.00
20170310,43.81,43.92,43.09,43.33,2367680,103201432.00
20170313,43.43,46.24,42.94,45.95,5015679,223749072.00
20170314,45.45,47.46,44.77,44.81,5351109,246692480.00
20170315,44.44,47.76,44.17,46.69,4697972,216624048.00
20170316,46.73,49.21,46.08,47.36,5537514,263486448.00
20170317,46.96,48.24,45.76,45.83,4454766,209055248.00
20170320,45.73,49.96,45.73,49.89,5394535,256701120.00
20170321,49.22,50.65,48.32,50.32,5466489,271495808.00
20170322,49.36,54.46,49.27,54.15,6253564,325821760.00
20170323,53.31,54.95,50.20,51.79,6292520,330903456.00
20170324,51.83,54.81,51.83,52.48,4767646,254163904.00
20170327,52.48,52.93,50.76,52.07,3394150,175155152.00
20170328,51.46,51.71,49.57,49.88,3228961,163735648.00
20170329,49.61,49.94,45.64,45.76,3995503,188856768.00
20170330,45.36,46.80,42.76,45.17,4429098,198218032.00
20170331,44.90,45.76,43.18,43.44,3138319,139852416.00
20170405,43.02,44.95,41.74,44.30,2523672,110693104.00
20170406,44.03,46.95,44.03,45.23,3637223,167294672.00
20170407,44.96,46.15,43.76,43.96,2935767,132954464.00
20170410,43.96,43.96,40.74,40.96,3819385,159557856.00
20170411,40.56,42.06,39.77,41.97,2753590,113056096.00
20170412,41.61,41.96,40.16,40.18,1808626,73757232.00
20170413,40.30,44.16,40.30,43.04,3755285,159999152.00
20170414,43.06,45.41,42.82,43.68,3355069,148220000.00
20170417,40.46,43.64,39.31,41.46,3081571,128489424.00
20170418,42.64,42.88,40.86,41.24,1365504,56980100.00
20170419,40.62,44.74,40.62,44.40,2988838,129111304.00
20170420,43.96,46.73,43.07,45.98,3526657,157975200.00
20170421,46.18,47.82,44.07,44.66,3164444,146623440.00
20170424,44.15,46.81,43.46,46.81,3032235,137935840.00
20170425,46.96,49.97,46.46,49.93,4200169,203717104.00
20170426,49.14,50.76,48.06,49.74,3707773,183781008.00
20170427,49.15,49.86,46.07,49.06,3562285,172710272.00
20170428,48.46,49.56,47.97,48.56,2151224,104783992.00
20170502,49.16,49.16,46.52,46.76,2239810,106193088.00
20170503,46.76,48.71,45.61,47.80,3456425,162950592.00
20170504,47.11,47.52,45.76,46.58,2288117,106352152.00
20170505,46.06,46.45,41.92,41.92,3762277,163558672.00
20170508,40.96,43.16,40.56,41.21,1937072,81124832.00
20170509,41.44,42.84,41.16,42.01,1445330,60872876.00
20170510,42.00,43.16,39.56,39.82,1735650,72099960.00
20170511,39.46,40.96,36.96,40.66,1686491,67110592.00
20170512,40.37,41.79,40.37,41.46,1255750,51806532.00
20170515,45.61,45.61,43.58,44.71,6517418,293794496.00
20170516,42.76,43.96,40.24,42.92,5320507,221708208.00
20170517,41.96,43.21,41.64,41.74,2949119,124639400.00
20170518,41.00,42.14,40.21,40.32,2140334,88061488.00
20170519,40.24,41.24,38.96,39.81,1707117,68399680.00
20170522,39.36,41.43,39.36,40.31,2354156,95370672.00
20170523,40.46,40.90,36.96,37.28,1708202,66568448.00
20170524,36.38,38.36,35.68,36.55,2219831,81767520.00
20170525,36.65,36.65,32.89,33.87,3711411,125945128.00
20170526,33.96,34.43,32.06,33.47,2512886,83925008.00
20170531,34.55,34.90,32.46,32.86,2454731,83731208.00
20170601,32.06,32.75,29.59,29.68,2268643,70018872.00
20170602,29.90,31.32,29.41,30.82,2146311,65280820.00
20170605,30.96,32.99,30.96,31.57,2412643,77261888.00
20170606,31.32,31.91,30.34,31.40,1421639,44277328.00
20170607,31.26,33.06,31.26,33.06,3082201,100388032.00
20170608,33.10,34.31,32.62,33.48,2485214,83706144.00
20170609,33.11,33.41,31.76,32.86,2776301,89955168.00
20170612,32.21,32.76,31.21,31.43,1428400,45612168.00
20170613,31.43,32.76,31.38,32.51,1382769,44625304.00
20170614,32.56,33.51,31.97,33.16,1714593,56418580.00
20170615,33.45,35.46,33.45,34.44,2658492,91598816.00
20170616,34.96,35.43,34.14,34.26,1492226,51717720.00
20170619,33.96,34.95,33.91,34.41,1046889,36080464.00
20170620,34.75,34.95,34.03,34.05,1169600,40343352.00
20170621,34.14,34.18,33.27,33.61,1224438,41196348.00
20170622,33.67,33.85,31.36,31.75,1897065,61774424.00
20170623,32.08,32.26,31.09,32.17,1306158,41641088.00
20170626,32.06,32.51,31.77,32.51,811719,26170474.00
20170627,32.50,34.44,32.28,33.82,2245021,75243152.00
20170628,33.64,33.65,32.52,32.89,1128347,37173916.00
20170629,32.70,34.28,32.63,33.91,1487376,50171544.00
20170630,33.54,35.25,33.36,34.79,1686609,57952948.00
20170703,35.61,38.27,35.61,38.17,3830281,141683728.00
20170704,38.75,41.50,38.23,38.70,5680547,225043264.00
20170705,39.83,40.88,38.75,40.08,4697673,187410160.00
20170706,39.60,40.80,39.01,40.50,3771056,150113216.00
20170707,40.85,42.66,39.81,40.20,3625405,148084336.00
20170710,39.41,39.90,37.68,38.79,3414116,131546288.00
20170711,38.45,38.70,36.85,36.90,1883864,71198304.00
20170712,37.50,37.89,36.27,37.76,1752622,65445976.00
20170713,38.00,38.00,36.50,36.80,1707458,63064308.00
20170714,37.02,37.20,35.14,35.80,2033445,73676960.00
20170717,35.75,35.75,32.22,32.22,3147560,104353288.00
20170718,31.98,32.94,30.68,32.01,2505660,79753368.00
20170719,31.62,32.48,31.01,32.40,1806870,57465652.00
数据来源:通达信
