300590 移为通信 日线 前复权
      日期	    开盘	    最高	    最低	    收盘	    成交量	    成交额
20170111,16.69,20.11,16.69,20.11,7800,317490.00
20170112,22.16,22.16,22.16,22.16,1400,63154.00
20170113,24.41,24.41,24.41,24.41,6500,322530.00
20170116,26.89,26.89,26.89,26.89,31000,1691980.00
20170117,29.62,29.62,29.62,29.62,31300,1879252.00
20170118,32.62,32.62,32.62,32.62,41200,2720848.00
20170119,35.10,35.10,29.50,29.59,9510955,598769088.00
20170120,28.85,31.45,28.64,30.46,7278912,445473024.00
20170123,30.46,33.55,30.46,32.84,7713135,505751936.00
20170124,32.81,33.10,31.40,31.62,4658867,302598464.00
20170125,31.50,34.53,30.86,33.21,5575828,368440064.00
20170126,34.10,36.57,33.40,36.57,5141612,369023616.00
20170203,36.44,37.04,34.66,34.85,4989475,360973632.00
20170206,36.09,37.00,35.25,36.25,4681887,342232864.00
20170207,35.90,36.09,34.54,35.35,4051090,288267840.00
20170208,34.98,36.90,34.76,36.52,4276709,311503296.00
20170209,36.20,36.81,35.10,36.09,4331621,314189088.00
20170210,35.63,36.85,35.35,35.50,3243348,237010176.00
20170213,34.95,36.80,34.35,35.99,3771639,273233536.00
20170214,35.79,37.79,35.66,36.60,3804999,283420224.00
20170215,36.41,38.60,36.10,36.43,4751969,357278080.00
20170216,35.88,36.30,34.75,35.12,3168362,227236416.00
20170217,34.86,35.35,33.36,33.64,2879371,199494192.00
20170220,33.80,33.85,32.33,33.68,2123420,142079152.00
20170221,33.60,34.58,33.27,34.24,2274738,156700352.00
20170222,34.12,34.45,33.62,34.25,1976392,136337312.00
20170223,34.12,35.29,34.01,34.70,2385574,168072720.00
20170224,34.45,35.85,34.45,35.46,2549995,181786224.00
20170227,35.50,35.50,34.90,35.05,1826795,129664432.00
20170228,35.03,36.04,34.10,36.03,3122759,221569872.00
20170301,35.62,36.38,35.16,35.36,2179675,157623440.00
20170302,35.35,36.50,35.19,35.53,2448618,177545008.00
20170303,35.25,35.81,34.46,35.78,2103929,149295728.00
20170306,35.75,38.54,35.59,37.95,4022721,302006272.00
20170307,37.65,39.99,37.55,38.26,4047125,316863968.00
20170308,37.74,39.31,37.69,38.24,2751152,213503088.00
20170309,37.85,38.10,36.69,37.29,2687560,202286960.00
20170310,37.30,37.78,36.70,37.34,2021861,152516480.00
20170313,37.11,38.24,36.43,38.08,2346154,177295376.00
20170314,37.90,39.89,37.90,38.48,2923354,229826432.00
20170315,38.14,40.04,38.13,39.33,3351243,265707792.00
20170316,39.25,40.51,38.95,40.16,3238170,260094176.00
20170317,40.10,41.29,38.65,38.71,3554048,286981920.00
20170320,38.97,40.00,38.25,39.83,2009497,158332896.00
20170321,39.64,40.09,39.10,39.86,2100675,168348064.00
20170322,39.59,41.04,38.95,40.72,2715505,219327376.00
20170323,40.61,41.00,38.25,39.50,2665045,214015072.00
20170324,39.35,40.09,39.04,39.64,1769324,141604544.00
20170327,39.74,40.30,38.89,39.35,1877222,149486208.00
20170328,39.12,39.69,37.85,37.90,1874938,147066256.00
20170329,37.70,38.04,35.80,35.80,2270157,167998448.00
20170330,35.59,35.59,34.45,34.75,1732621,122536152.00
20170331,34.80,35.46,33.76,34.28,1420475,99278304.00
20170405,34.10,35.08,33.60,34.75,1364282,95350064.00
20170406,34.75,35.30,34.49,34.66,1546411,109220680.00
20170407,34.60,34.80,33.11,33.20,2138411,146168960.00
20170410,33.20,33.35,31.21,31.29,1893399,123384832.00
20170411,31.20,32.35,31.07,32.23,1894375,121624432.00
20170412,32.04,32.07,31.52,31.54,1024700,65930528.00
20170413,31.69,32.34,31.50,32.02,1198600,77815328.00
20170414,31.88,32.45,31.21,32.09,847240,54737868.00
20170417,31.10,31.53,30.11,31.45,1309220,82392800.00
20170418,32.21,33.34,31.69,31.90,1574061,103693120.00
20170419,31.60,32.99,31.44,32.81,1410920,92797896.00
20170420,32.64,33.08,31.85,32.68,1148600,75456768.00
20170421,32.64,32.93,32.25,32.46,654561,43159224.00
20170424,32.25,32.25,30.36,31.62,830800,52925624.00
20170425,31.66,32.33,31.60,31.60,762544,49386080.00
20170426,31.46,32.30,31.27,31.51,866699,55742992.00
20170427,31.46,32.92,30.69,32.90,1720101,111641512.00
20170428,32.68,33.23,32.67,32.99,1139200,76103936.00
20170502,33.05,33.21,32.31,32.50,941389,62424544.00
20170503,32.43,32.88,31.95,32.70,1028276,67606216.00
20170504,32.65,32.65,31.98,32.28,710001,46544376.00
20170505,32.11,33.53,32.11,32.90,1458501,97257464.00
20170508,32.60,33.01,31.60,32.09,839400,55207864.00
20170509,31.95,32.35,30.85,32.04,1183268,75793096.00
20170510,32.05,32.93,31.55,31.55,1575962,103420552.00
20170511,30.94,31.25,29.60,31.08,1622532,100378696.00
20170512,30.89,31.35,30.75,31.07,1019754,64255612.00
20170515,31.20,31.49,31.01,31.25,620795,39242252.00
20170516,31.25,34.35,30.95,34.10,2557515,170580992.00
20170517,34.04,34.70,33.69,34.05,2029621,140884528.00
20170518,34.19,35.00,33.88,33.97,1628378,113245328.00
20170519,33.76,34.25,32.68,32.88,1254695,84974416.00
20170522,32.88,33.35,31.04,31.24,1348282,87645728.00
20170523,31.27,31.70,29.78,30.22,1174386,72911040.00
20170524,30.11,30.76,29.65,30.71,922393,56796124.00
20170525,30.75,30.75,27.90,28.83,3282938,94583096.00
20170526,28.81,29.74,28.61,29.21,1818538,53155992.00
20170531,30.20,31.73,28.59,28.59,2424410,73060304.00
20170601,28.18,28.47,26.52,26.60,2641458,72294280.00
20170602,26.40,27.95,26.06,27.58,2347931,63428832.00
20170605,27.97,28.40,27.50,27.66,1732380,48423336.00
20170606,27.53,28.18,27.00,27.94,1590898,44072624.00
20170607,27.88,30.43,27.88,29.90,3945587,115635664.00
20170608,30.00,30.33,29.09,29.38,2962229,87717040.00
20170609,29.38,29.69,28.98,29.40,1692322,49540696.00
20170612,29.01,29.03,27.13,27.40,2237738,62749160.00
20170613,27.01,28.66,27.01,28.30,1966916,55384180.00
20170614,28.39,29.55,28.33,28.66,2130206,61785412.00
20170615,28.80,30.18,28.61,29.60,3296340,97611840.00
20170616,29.41,29.98,29.02,29.14,2021382,59333132.00
20170619,28.50,29.33,28.36,28.90,1483529,42628120.00
20170620,29.20,29.58,28.46,28.63,1900570,55268484.00
20170621,28.70,28.98,27.77,28.08,2246798,63265600.00
20170622,28.26,28.48,27.40,27.44,1847956,51657348.00
20170623,27.70,27.89,26.70,27.42,1356794,36930908.00
20170626,27.39,27.78,27.09,27.77,1002192,27621052.00
20170627,27.88,28.25,27.40,27.60,1143100,31863234.00
20170628,27.42,27.99,27.02,27.17,1166398,31916804.00
20170629,27.15,27.88,27.15,27.50,1070572,29390328.00
20170630,27.53,28.20,27.30,28.07,1832670,51270472.00
20170703,27.91,28.37,27.58,28.27,1515662,42424344.00
20170704,28.40,28.40,27.93,28.08,1234042,34699972.00
20170705,28.31,29.43,28.11,28.96,2548536,73557784.00
20170706,29.18,29.95,28.76,29.33,2793399,82176400.00
20170707,29.50,30.65,29.00,30.45,3727344,111979032.00
数据来源:通达信
