300628 亿联网络 日线 前复权
      日期	    开盘	    最高	    最低	    收盘	    成交量	    成交额
20170317,104.60,125.88,104.60,125.88,5300,669256.00
20170320,138.65,138.65,138.65,138.65,2000,280900.00
20170321,152.70,152.70,152.70,152.70,1300,200850.00
20170322,168.15,168.15,168.15,168.15,700,118965.00
20170323,185.15,185.15,185.15,185.15,1900,355205.00
20170324,203.85,203.85,203.85,203.85,6900,1418985.00
20170327,224.42,224.42,224.42,224.42,6900,1560918.00
20170328,247.04,247.04,247.04,247.04,5500,1368620.00
20170329,271.92,271.92,271.92,271.92,8900,2436108.00
20170330,299.29,299.29,299.29,299.29,143050,43070924.00
20170331,329.40,329.40,329.40,329.40,300910,99661392.00
20170405,362.52,362.52,332.52,344.82,9932831,3488990720.00
20170406,351.20,376.20,346.22,357.21,5199925,1883940864.00
20170407,351.78,364.20,344.21,345.20,3589324,1268593280.00
20170410,337.20,337.20,318.19,318.60,3585652,1183636224.00
20170411,314.30,322.99,304.90,313.63,3734659,1177319040.00
20170412,307.20,312.20,296.56,299.20,3396381,1035687488.00
20170413,300.70,314.70,300.70,303.90,2320626,719618496.00
20170414,299.40,316.20,294.90,309.20,1954212,606406208.00
20170417,298.20,313.13,293.20,300.20,1863000,568682688.00
20170418,298.20,310.20,298.20,303.20,1296684,398386528.00
20170419,302.85,333.28,302.85,321.99,2315785,742286528.00
20170420,322.09,331.51,315.51,326.40,1985420,645382464.00
20170421,323.10,325.50,317.21,318.00,1028402,330725760.00
20170424,316.35,318.00,300.20,310.19,1372785,427281216.00
20170425,311.14,334.48,306.22,328.31,1982732,646374848.00
20170426,326.22,332.19,317.17,322.20,1708663,557699008.00
20170427,326.20,354.60,323.48,354.60,3340151,1135545344.00
20170428,350.08,358.15,347.64,352.72,1648974,584785280.00
20170502,352.90,357.00,340.21,342.45,1439931,500594240.00
20170503,341.09,346.70,308.03,320.15,3962356,1279700480.00
20170504,313.18,319.65,306.70,309.97,1596621,501997696.00
20170505,307.21,315.70,306.27,308.32,1013976,317586272.00
20170508,306.86,314.99,306.20,306.34,987714,308490304.00
20170509,303.20,313.34,301.20,312.95,1042650,323053728.00
20170510,313.11,320.79,304.31,305.19,1288397,407307360.00
20170511,304.20,325.75,303.20,322.20,1933119,617583424.00
20170512,321.20,322.99,307.80,312.40,1526387,479694208.00
20170515,312.69,312.90,303.65,306.30,921849,284213440.00
20170516,306.33,319.99,303.98,319.99,1180144,368071872.00
20170517,319.00,336.88,318.90,323.20,1585630,519221248.00
20170518,320.00,324.88,307.85,311.18,1335339,420293920.00
20170519,309.98,314.25,307.33,311.26,840885,260885968.00
20170522,311.00,311.78,296.50,299.01,1381799,419038848.00
20170523,296.50,303.88,288.00,296.65,1260322,374820096.00
20170524,295.02,302.68,293.30,301.00,881307,263771488.00
20170525,300.99,300.99,288.00,296.00,1205395,354268096.00
20170526,295.33,298.79,289.69,292.61,697047,205075552.00
20170531,301.00,307.73,294.51,294.90,1192353,360720768.00
20170601,290.01,296.50,289.00,289.10,769549,224360608.00
20170602,289.00,296.50,283.03,293.63,937752,271276512.00
20170605,296.51,303.77,294.22,297.05,902129,269694368.00
20170606,295.00,298.00,292.10,297.08,536757,158490256.00
20170607,296.00,309.20,295.77,306.55,1240113,377385344.00
20170608,305.98,308.64,300.50,303.89,1021108,310350784.00
20170609,303.89,306.38,302.20,305.80,583305,177656608.00
20170612,303.00,303.00,294.60,297.77,882374,262642592.00
20170613,297.00,303.65,296.00,301.75,607381,183059056.00
20170614,301.50,327.50,301.18,317.28,2019481,638469632.00
20170615,316.00,322.88,315.33,317.73,1205180,384631968.00
20170616,319.99,322.68,317.20,320.01,763001,244072944.00
20170619,321.80,322.57,315.10,316.78,753984,239573072.00
20170620,318.01,321.80,312.00,312.80,717323,227865376.00
20170621,313.02,316.77,310.53,316.30,561948,175797536.00
20170622,315.99,320.88,311.00,311.18,727755,229920144.00
20170623,309.50,321.38,309.50,320.70,1081414,342697312.00
20170626,320.27,322.40,316.29,320.75,998535,318858080.00
20170627,320.21,329.80,316.50,317.39,1190177,383709440.00
20170628,315.10,315.75,305.30,306.03,1234242,381139872.00
20170629,306.00,307.99,302.00,303.25,851487,258857920.00
20170630,302.00,305.50,300.80,303.96,668875,203246416.00
20170703,303.50,308.68,302.03,306.70,660909,202354176.00
20170704,307.00,308.88,303.13,307.10,501510,153273280.00
20170705,307.00,307.00,294.00,297.65,1681538,500569504.00
20170706,297.91,298.55,294.00,296.76,722144,213563424.00
20170707,297.50,315.80,297.50,315.63,2160383,668835520.00
20170710,312.39,313.80,304.50,305.95,1098145,337959712.00
20170711,311.66,313.65,299.00,300.95,1621007,492298752.00
20170712,300.24,303.99,295.00,303.60,866737,259064144.00
20170713,302.00,303.54,295.80,297.01,665028,197973424.00
20170714,297.04,301.50,295.66,297.00,607007,181142160.00
20170717,294.50,294.50,271.00,271.65,1527008,426839584.00
20170718,271.27,276.40,270.00,274.00,639704,174725792.00
20170719,272.00,273.00,258.55,269.94,1062206,282583680.00
数据来源:通达信
