300600 瑞特股份 日线 前复权
      日期	    开盘	    最高	    最低	    收盘	    成交量	    成交额
20170125,17.68,19.32,17.68,19.32,6338,125138.26
20170126,21.30,21.30,21.30,21.30,4300,93525.00
20170203,23.48,23.48,23.48,23.48,3055,73106.15
20170206,25.87,25.87,25.87,25.87,5738,151024.16
20170207,28.50,28.50,28.50,28.50,7400,214230.00
20170208,31.40,31.40,31.40,31.40,8444,268941.41
20170209,34.59,34.59,34.59,34.59,8786,307861.44
20170210,38.09,38.09,38.09,38.09,8800,339152.00
20170213,41.94,41.94,41.94,41.94,20306,860771.31
20170214,46.18,46.18,46.18,46.18,25488,1188505.50
20170215,50.84,50.84,50.84,50.84,63390,3251273.00
20170216,55.97,55.97,55.97,55.97,63919,3606310.00
20170217,61.61,61.61,61.61,61.61,121357,7531415.50
20170220,62.20,63.00,55.40,55.40,12762769,741045568.00
20170221,55.06,60.74,55.06,58.45,10163642,592605632.00
20170222,60.35,64.34,58.73,64.34,10798387,671735552.00
20170223,63.05,69.61,62.35,67.41,9755302,648769984.00
20170224,68.05,74.20,67.06,73.43,7834041,558849792.00
20170227,73.43,73.45,68.56,69.40,6820991,482174048.00
20170228,68.90,75.31,68.86,73.12,7097478,514228672.00
20170301,71.55,72.05,68.35,68.64,6110568,430815552.00
20170302,67.92,70.85,67.92,68.75,4042266,282569408.00
20170303,68.43,72.05,66.21,70.79,5137932,359323040.00
20170306,70.75,75.05,70.75,71.61,4424660,324188352.00
20170307,71.51,73.43,70.77,72.50,3527663,254873328.00
20170308,71.99,74.33,70.26,71.20,4175098,303574656.00
20170309,70.55,70.55,68.32,69.23,3225688,224469200.00
20170310,68.55,69.88,66.13,66.30,3262795,222992304.00
20170313,66.68,70.73,66.65,70.63,3766349,260346768.00
20170314,70.45,71.87,69.10,70.55,3287303,232982112.00
20170315,69.95,71.55,69.24,69.55,2627798,185685840.00
20170316,69.55,72.86,69.45,72.37,3725103,267816560.00
20170317,71.66,73.43,69.34,69.46,4101946,294008160.00
20170320,69.35,70.65,68.06,70.65,2141689,150236224.00
20170321,70.65,72.86,70.07,72.00,3555444,256049168.00
20170322,71.25,74.53,70.86,73.94,4245351,311655008.00
20170323,73.57,75.01,70.40,72.00,4163013,303757152.00
20170324,71.57,73.95,71.01,73.41,3084360,225330032.00
20170327,74.05,80.80,72.58,80.80,5043228,391608448.00
20170328,81.03,84.55,77.90,79.22,6740063,548859648.00
20170329,78.55,79.00,73.56,74.07,4630968,353074400.00
20170330,72.55,73.28,67.67,67.85,4514157,319805120.00
20170331,68.35,70.53,65.28,69.03,3587664,246950304.00
20170405,66.55,69.15,65.45,68.27,3278336,223269664.00
20170406,68.03,70.75,67.57,68.82,1974100,137605088.00
20170407,68.85,71.35,67.75,68.55,2534466,177498816.00
20170410,69.65,70.05,64.82,64.82,3035550,206063680.00
20170411,63.55,69.05,62.55,68.43,3049312,201352912.00
20170412,67.78,69.50,65.39,65.39,2148347,145373728.00
20170413,65.61,66.85,64.85,64.98,1140558,75758968.00
20170414,64.95,66.40,64.94,65.43,1118554,73917888.00
20170417,62.35,62.35,58.84,58.84,2145117,129018984.00
20170418,58.55,59.24,56.55,56.60,1932158,112350352.00
20170419,56.15,59.91,55.91,58.85,1845334,108981088.00
20170420,58.51,59.38,54.16,55.38,2278243,128953712.00
20170421,55.65,57.05,55.55,55.95,1155200,65599952.00
20170424,55.66,57.15,55.35,56.27,1177634,66947072.00
20170425,55.89,58.95,55.89,58.80,1563927,91205600.00
20170426,58.80,59.53,57.59,58.76,1425771,84143840.00
20170427,58.30,61.37,56.15,60.56,2249215,133040560.00
20170428,60.39,61.93,59.95,61.55,1457104,89936136.00
20170502,61.53,61.65,60.25,60.57,954719,58534584.00
20170503,60.66,61.44,59.16,60.65,1082132,65901492.00
20170504,60.45,60.74,59.08,59.23,831452,49962500.00
20170505,59.35,59.75,58.30,58.30,818376,48540724.00
20170508,58.05,58.15,55.40,55.95,1216946,69593704.00
20170509,56.31,58.54,55.56,58.51,1362921,78531880.00
20170510,58.35,59.20,55.93,55.98,956654,55675104.00
20170511,55.48,58.11,55.40,57.93,1247378,71268696.00
20170512,57.70,58.83,57.45,58.76,857518,50269292.00
20170515,58.57,60.94,58.57,59.82,1079512,65298088.00
20170516,58.55,60.64,58.16,60.57,1014181,60431732.00
20170517,60.55,61.53,60.37,61.34,1334527,82014352.00
20170518,60.47,62.13,60.36,62.13,1164086,72156104.00
20170519,63.32,68.04,62.43,66.86,5986013,400853984.00
20170522,64.55,65.27,60.13,60.13,2794572,173603504.00
20170523,56.70,58.88,54.07,54.07,2685760,152369888.00
20170524,53.47,55.43,50.66,55.41,1696097,90395584.00
20170525,54.85,56.10,52.91,54.67,1152976,63304532.00
20170526,55.07,55.25,54.06,54.85,773253,42705328.00
20170531,57.15,57.24,55.33,55.91,1369762,77938888.00
20170601,55.55,56.15,53.33,54.18,889791,49207060.00
20170602,54.16,55.91,52.73,55.75,661094,36387872.00
20170605,57.21,57.21,56.16,56.52,766920,43813752.00
20170606,55.89,57.00,55.89,56.80,663700,37921128.00
20170607,56.83,59.43,56.81,58.74,1421656,83651464.00
20170608,58.74,59.25,57.61,57.85,887247,51970100.00
20170609,57.85,58.11,56.55,57.48,433438,25035102.00
20170612,56.68,56.84,55.18,55.57,633359,35675524.00
20170613,55.57,57.25,55.43,56.94,814513,46153020.00
20170614,56.70,59.16,56.52,58.40,1435945,83464152.00
20170615,58.50,59.40,58.23,58.97,1694500,99831912.00
20170616,58.80,58.80,57.48,58.05,944737,54818492.00
20170619,58.05,59.59,57.68,59.50,1206912,71081712.00
20170620,59.97,60.33,58.30,58.30,1239838,73651800.00
20170621,58.65,60.68,58.13,58.71,1301065,77339080.00
20170622,58.20,58.20,56.99,56.99,1208425,69386976.00
20170623,57.66,57.66,55.00,55.90,1005387,56283596.00
20170626,56.00,56.45,55.60,56.35,394163,22116794.00
20170627,56.51,57.19,56.02,56.10,471338,26660994.00
20170628,55.80,56.01,54.10,54.21,699708,38402388.00
20170629,54.73,55.33,54.26,54.51,458735,25118686.00
20170630,54.31,55.70,54.03,55.70,794151,43863984.00
20170703,55.70,56.97,55.42,56.66,670988,37854236.00
20170704,56.41,56.85,55.83,56.24,463361,26109616.00
20170705,56.49,57.10,56.03,57.10,662869,37665640.00
20170706,57.44,57.50,54.00,55.60,3747241,206765456.00
20170707,54.90,56.80,54.78,56.75,2463472,138029488.00
20170710,56.18,56.99,54.91,55.25,1679760,93732136.00
20170711,55.25,55.25,53.34,53.52,1450503,78414192.00
20170712,53.23,54.75,52.90,54.69,865914,46508692.00
20170713,54.66,54.68,53.50,54.28,595656,32117632.00
20170714,54.01,54.59,53.51,53.64,504908,27238800.00
20170717,52.90,52.90,48.28,48.28,1173300,58709048.00
20170718,47.00,47.40,43.60,46.56,1757586,79689040.00
20170719,45.80,46.46,44.44,45.97,895338,40806376.00
数据来源:通达信
