300601 康泰生物 日线 前复权
      日期	    开盘	    最高	    最低	    收盘	    成交量	    成交额
20170207,4.29,4.68,4.29,4.68,11600,54755.00
20170208,5.15,5.15,5.15,5.15,4637,24158.77
20170209,5.67,5.67,5.67,5.67,5092,29177.16
20170210,6.24,6.24,6.24,6.24,4400,27720.00
20170213,6.87,6.87,6.87,6.87,2600,18018.00
20170214,7.56,7.56,7.56,7.56,2900,22098.00
20170215,8.32,8.32,8.32,8.32,7209,60411.42
20170216,9.16,9.16,9.16,9.16,9509,87672.98
20170217,10.08,10.08,10.08,10.08,14700,149058.00
20170220,11.09,11.09,11.09,11.09,31031,345995.66
20170221,12.21,12.21,12.21,12.21,27747,340455.69
20170222,13.44,13.44,13.44,13.44,17278,233253.00
20170223,14.79,14.79,14.79,14.79,51909,770848.63
20170224,16.28,16.28,16.28,16.28,53088,867457.94
20170227,17.91,17.91,17.91,17.91,45349,814921.50
20170228,19.71,19.71,19.71,19.71,39196,774904.94
20170301,21.69,21.69,21.69,21.69,41500,902625.00
20170302,23.87,23.87,23.87,23.87,475544,11379768.00
20170303,26.26,26.26,26.26,26.26,768371,20223524.00
20170306,28.89,28.89,28.89,28.89,152787,4423183.50
20170307,31.79,31.79,31.79,31.79,110107,3506908.00
20170308,34.98,34.98,34.98,34.98,2250539,78858888.00
20170309,38.48,38.48,37.62,38.48,12107857,466129312.00
20170310,40.03,40.03,37.19,37.40,25413218,977370752.00
20170313,36.63,37.34,34.42,36.58,14127272,511341792.00
20170314,37.19,40.04,36.82,38.02,18476287,711621120.00
20170315,38.14,39.45,36.30,38.84,14998272,576060096.00
20170316,38.12,41.93,37.84,40.45,17914935,711159488.00
20170317,39.75,40.73,37.84,38.04,16099930,630437760.00
20170320,37.46,38.52,37.27,38.49,6184595,235566512.00
20170321,38.43,39.44,38.20,39.26,7995886,311140480.00
20170322,38.14,39.42,37.94,38.95,8487017,328472352.00
20170323,38.94,40.82,38.26,39.19,11925514,474074976.00
20170324,38.90,39.14,38.14,38.56,6229263,241078848.00
20170327,38.57,38.92,37.46,37.78,5147297,196204160.00
20170328,37.54,38.52,37.32,37.34,4415120,167723200.00
20170329,37.24,37.44,34.44,34.45,6881951,243867200.00
20170330,34.14,34.33,31.84,31.85,5751495,186679184.00
20170331,31.85,32.43,30.45,30.90,4197345,132590584.00
20170405,30.54,31.87,29.94,31.79,3132983,97553728.00
20170406,31.44,32.90,31.35,32.30,3197335,103264912.00
20170407,32.14,32.49,31.14,31.29,2768001,88115136.00
20170410,31.26,31.28,29.24,29.51,3472155,104700472.00
20170411,29.51,30.11,28.74,30.10,2735825,80976928.00
20170412,30.07,31.93,29.70,30.87,3595831,111954936.00
20170413,29.94,31.81,29.89,31.05,2174316,67987880.00
20170414,30.78,32.42,30.76,31.76,3296274,104778744.00
20170417,29.95,30.43,29.18,29.59,2983230,88660480.00
20170418,29.59,29.90,29.27,29.28,1317413,39056924.00
20170419,29.25,29.70,28.95,29.65,1669124,49147064.00
20170420,29.66,29.82,27.08,28.32,2811292,80299120.00
20170421,28.06,28.36,26.94,27.04,2030216,55659156.00
20170424,27.04,27.11,24.84,24.94,2053986,52389824.00
20170425,25.08,25.84,25.02,25.34,1547443,39496280.00
20170426,25.40,26.07,25.40,25.74,1214966,31427152.00
20170427,25.74,26.92,25.54,26.66,1862625,49150088.00
20170428,26.66,27.12,26.47,26.54,1468547,39455132.00
20170502,26.54,26.83,26.24,26.59,751396,20038330.00
20170503,26.84,27.03,25.80,26.38,1181509,31190552.00
20170504,26.34,26.63,25.75,26.24,1157212,30394920.00
20170505,25.97,28.33,25.96,27.28,2477443,68027416.00
20170508,27.24,27.32,26.80,26.87,1044198,28257064.00
20170509,26.87,27.12,25.78,26.82,1177776,31176182.00
20170510,26.61,27.41,25.94,26.31,1190925,32137332.00
20170511,26.00,26.45,25.45,26.44,1027456,26702454.00
20170512,26.38,27.13,25.99,26.66,967877,25691998.00
20170515,26.73,26.99,26.46,26.70,712875,19096262.00
20170516,26.44,27.41,26.15,27.24,1584858,42522896.00
20170517,27.24,28.03,27.05,27.38,1310396,36239424.00
20170518,27.02,27.89,26.70,27.50,1286558,35518316.00
20170519,27.63,27.74,27.14,27.24,699112,19176602.00
20170522,27.41,27.74,26.33,26.70,1186033,32271708.00
20170523,26.17,27.31,24.84,24.88,1469797,37794436.00
20170524,24.88,25.22,23.98,25.03,899465,22306540.00
20170525,25.12,25.39,24.34,25.18,984758,24694886.00
20170526,25.18,25.53,24.87,25.25,675317,17110906.00
20170531,25.65,26.44,25.54,25.54,1015094,26462590.00
20170601,25.37,25.59,24.22,24.31,792582,19821486.00
20170602,24.74,24.91,24.14,24.70,646016,15846337.00
20170605,24.96,25.19,24.63,24.84,509719,12756672.00
20170606,24.64,25.07,24.63,24.90,428066,10698953.00
20170607,24.93,26.00,24.91,26.00,1413964,36461444.00
20170608,26.05,26.22,25.60,25.67,641836,16599101.00
20170609,25.60,25.76,25.35,25.53,464600,11860154.00
20170612,25.63,25.67,25.02,25.18,448800,11340009.00
20170613,25.25,25.85,25.18,25.74,782934,19958060.00
20170614,25.80,25.80,25.18,25.40,608334,15425897.00
20170615,25.26,25.94,25.25,25.83,909691,23391692.00
20170616,25.96,25.96,25.62,25.79,703540,18160156.00
20170619,25.70,26.10,25.70,25.72,789606,20488338.00
20170620,25.98,26.30,25.75,26.07,951056,24817914.00
20170621,26.00,26.36,25.81,26.07,971766,25347436.00
20170622,25.90,26.18,25.01,25.36,854257,21961134.00
20170623,25.30,25.99,25.03,25.54,805952,20590148.00
20170626,25.55,26.49,25.38,26.36,1254058,32783164.00
20170627,26.36,26.59,26.01,26.26,662527,17395944.00
20170628,26.22,26.38,26.00,26.06,444136,11637437.00
20170629,26.06,26.50,26.01,26.50,814569,21403334.00
20170630,26.50,28.88,26.23,28.06,3327291,92191960.00
20170703,29.30,29.30,28.10,28.84,4461564,128787792.00
20170704,28.11,28.58,27.80,28.50,2658669,74958856.00
20170705,28.40,28.40,28.01,28.33,1502800,42397164.00
20170706,28.15,28.28,27.57,27.71,1923067,53605356.00
20170707,27.71,27.98,27.45,27.91,1347508,37440124.00
20170710,27.90,27.90,27.25,27.37,1217287,33467926.00
20170711,27.25,27.44,27.00,27.01,783398,21256222.00
20170712,27.02,27.17,26.50,27.13,780618,20912188.00
20170713,27.08,27.28,26.80,27.25,622409,16839920.00
20170714,27.20,27.58,26.97,27.00,705496,19226204.00
20170717,26.81,26.92,24.30,24.68,1581479,40122144.00
20170718,24.50,25.39,24.40,25.27,770549,19363158.00
20170719,25.40,25.79,25.20,25.55,599892,15294335.00
数据来源:通达信
