300633 开立医疗 日线 前复权
      日期	    开盘	    最高	    最低	    收盘	    成交量	    成交额
20170406,6.25,7.50,6.25,7.50,10100,75618.00
20170407,8.25,8.25,8.25,8.25,3600,29808.00
20170410,9.08,9.08,9.08,9.08,3537,32222.07
20170411,9.99,9.99,9.99,9.99,3600,36072.00
20170412,10.99,10.99,10.99,10.99,5600,61712.00
20170413,12.09,12.09,12.09,12.09,2900,35148.00
20170414,13.30,13.30,13.30,13.30,6310,84112.30
20170417,14.63,14.63,14.63,14.63,43615,639395.88
20170418,16.10,16.10,16.10,16.10,61431,990882.00
20170419,17.71,17.71,17.71,17.71,61529,1091524.50
20170420,19.48,19.48,19.48,19.48,40129,782916.81
20170421,21.43,21.43,21.43,21.43,116979,2510369.25
20170424,23.58,23.58,21.63,21.97,22274144,506946720.00
20170425,22.58,24.17,22.24,23.75,21670349,509611872.00
20170426,22.21,23.27,21.85,22.57,15860521,358080160.00
20170427,22.85,24.83,22.78,24.83,15461572,366916448.00
20170428,25.97,26.83,24.87,25.28,21914490,564101568.00
20170502,24.58,24.83,23.50,24.53,13682710,330218944.00
20170503,24.17,26.05,24.03,25.32,15887432,398531296.00
20170504,24.46,24.88,23.18,23.87,10878858,261898864.00
20170505,23.52,23.57,22.12,22.17,9338457,214343200.00
20170508,22.03,22.56,21.63,21.77,5640864,124900336.00
20170509,21.63,22.54,21.63,22.36,5597278,124372592.00
20170510,22.25,22.49,20.52,20.87,7312732,158592192.00
20170511,20.47,21.31,19.89,21.23,6921608,142382880.00
20170512,20.97,21.60,20.41,21.47,6795843,143532080.00
20170515,21.45,21.62,21.02,21.07,4595959,97824920.00
20170516,20.77,21.82,20.45,21.79,6242444,132238904.00
20170517,21.63,22.80,21.53,22.13,7004818,156232800.00
20170518,21.58,22.13,21.17,21.47,4374169,95064728.00
20170519,21.42,21.67,20.70,20.73,3418717,72036336.00
20170522,20.67,20.97,18.73,18.81,4665916,92336048.00
20170523,18.84,19.23,18.09,18.27,3827026,71677376.00
20170524,18.27,19.07,18.07,18.97,4550433,85517672.00
20170525,18.96,19.07,18.28,18.85,5013156,94101272.00
20170526,18.62,19.72,18.62,19.26,4669402,89403736.00
20170531,20.21,21.19,19.56,19.61,7157719,146683040.00
20170601,19.37,19.97,18.55,18.69,5133576,99231720.00
20170602,18.47,19.24,18.02,19.12,4561544,85127864.00
20170605,19.96,20.07,19.38,19.41,4796057,94824512.00
20170606,19.12,19.35,18.97,19.27,2593137,49761304.00
20170607,19.18,20.07,19.18,19.92,3726634,73675096.00
20170608,19.95,20.77,19.56,20.25,6043067,121898616.00
20170609,19.99,20.26,19.62,19.96,2588699,51680192.00
20170612,19.54,19.78,18.97,19.02,2638682,51284040.00
20170613,18.74,19.74,18.72,19.67,2331878,45432064.00
20170614,19.58,19.95,19.49,19.65,2043058,40368076.00
20170615,19.57,20.37,19.55,19.94,2655443,53464256.00
20170616,19.91,20.32,19.62,19.90,2135262,42613792.00
20170619,19.87,20.12,19.79,19.95,1468388,29304534.00
20170620,20.16,20.16,19.67,19.74,2016765,40116836.00
20170621,19.67,19.85,19.07,19.43,2151136,41941092.00
20170622,19.40,19.50,18.68,18.70,2812528,53558500.00
20170623,18.75,18.75,18.10,18.63,1847613,34045908.00
20170626,18.55,18.78,18.40,18.76,1101633,20543768.00
20170627,18.77,18.95,18.59,18.63,1207579,22668168.00
20170628,18.61,18.66,18.20,18.27,989643,18160998.00
20170629,18.27,18.45,18.02,18.22,1115960,20370478.00
20170630,18.19,18.88,18.05,18.62,1695834,31417702.00
20170703,20.39,20.48,20.19,20.48,4321750,88434808.00
20170704,21.78,22.53,21.50,22.53,18418331,406694336.00
20170705,22.50,24.78,22.44,24.78,14019496,329535680.00
20170706,25.97,27.26,25.39,27.26,17009071,447229696.00
20170707,28.60,28.88,26.88,28.01,22562799,625370752.00
20170710,27.17,27.80,26.53,27.56,17942705,487568288.00
20170711,27.13,27.28,25.12,25.69,16378225,425297024.00
20170712,25.80,26.48,25.25,26.31,15181173,394425248.00
20170713,25.99,26.71,25.15,26.23,15271930,394838912.00
20170714,25.81,26.47,24.78,24.95,12267165,313042272.00
20170717,24.39,24.50,22.67,23.16,12229514,288563744.00
20170718,23.26,24.24,23.03,23.80,11867688,281132064.00
20170719,23.06,24.10,22.35,24.01,11924940,276161568.00
数据来源:通达信
