601028 玉龙股份 日线 前复权
      日期	    开盘	    最高	    最低	    收盘	    成交量	    成交额
20111107,5.68,5.80,5.48,5.56,53311382,712163904.00
20111108,5.44,5.49,5.30,5.45,24029424,309021952.00
20111109,5.44,5.61,5.41,5.57,22917579,301801088.00
20111110,5.45,5.53,5.31,5.40,16699378,216183312.00
20111111,5.36,5.43,5.20,5.22,14387053,181925360.00
20111114,5.28,5.59,5.21,5.53,21079386,272675200.00
20111115,5.45,5.70,5.41,5.69,22757530,301527488.00
20111116,5.65,5.79,5.59,5.63,18592236,250679296.00
20111117,5.66,5.70,5.55,5.58,12855011,171928320.00
20111118,5.52,5.52,5.15,5.20,21963114,275315552.00
20111121,5.11,5.13,4.92,5.03,10635076,127975024.00
20111122,4.95,5.01,4.85,4.96,6484925,76970536.00
20111123,4.95,5.02,4.91,4.92,5037927,60134532.00
20111124,4.85,4.91,4.78,4.84,6140964,71518000.00
20111125,4.85,4.90,4.78,4.80,4677809,54497588.00
20111128,4.80,4.84,4.72,4.77,4053315,46811328.00
20111129,4.83,4.90,4.76,4.89,6065188,70532032.00
20111130,4.84,4.85,4.45,4.47,8488488,94803200.00
20111201,4.62,4.71,4.55,4.56,7177859,80306432.00
20111202,4.50,4.57,4.35,4.38,4996805,53826816.00
20111205,4.36,4.36,4.20,4.21,3953221,40947200.00
20111206,4.20,4.29,4.17,4.26,3594851,37176596.00
20111207,4.25,4.29,4.20,4.25,2588501,26812256.00
20111208,4.28,4.37,4.11,4.32,5509394,57250544.00
20111209,4.24,4.32,4.20,4.20,2882699,29842938.00
20111212,4.20,4.25,4.16,4.17,2161939,22171392.00
20111213,4.14,4.16,3.93,3.95,3713499,36546080.00
20111214,3.96,3.96,3.71,3.72,3886489,36708720.00
20111215,3.66,3.79,3.63,3.65,3738076,34221476.00
20111216,3.68,3.76,3.60,3.75,3906811,35635396.00
20111219,3.72,3.74,3.57,3.70,3598143,32593772.00
20111220,3.71,3.77,3.66,3.69,2855121,26262858.00
20111221,3.74,3.75,3.45,3.45,3391700,30451194.00
20111222,3.38,3.44,3.23,3.34,3600408,30011464.00
20111223,3.32,3.47,3.31,3.38,2842712,24053530.00
20111226,3.36,3.47,3.32,3.37,2149015,18253474.00
20111227,3.34,3.40,3.24,3.27,2656602,21962168.00
20111228,3.18,3.31,3.16,3.30,2080451,16896032.00
20111229,3.27,3.37,3.27,3.34,2238988,18623964.00
20111230,3.35,3.42,3.33,3.37,3075126,25919202.00
20120104,3.40,3.42,3.21,3.21,2474101,20633902.00
20120105,3.18,3.23,3.00,3.02,2372506,18603980.00
20120106,3.02,3.08,2.94,3.06,2130868,16224077.00
20120109,3.06,3.25,3.01,3.24,3716860,29590200.00
20120110,3.22,3.60,3.19,3.59,10914442,94432200.00
20120111,3.53,3.85,3.49,3.67,10198958,90798392.00
20120112,3.55,3.65,3.51,3.55,5149582,45660128.00
20120113,3.54,3.56,3.34,3.35,4405212,37477000.00
20120116,3.28,3.33,3.23,3.24,1737592,14298249.00
20120117,3.22,3.49,3.20,3.47,3559135,30031920.00
20120118,3.44,3.62,3.44,3.45,5778076,50721432.00
20120119,3.46,3.58,3.43,3.50,3954566,34604904.00
20120120,3.50,3.61,3.47,3.58,3223860,28463272.00
20120130,3.62,3.65,3.50,3.50,3451993,30421134.00
20120131,3.50,3.52,3.37,3.44,2279399,19502296.00
20120201,3.43,3.49,3.40,3.42,1679958,14410865.00
20120202,3.43,3.47,3.39,3.47,2355932,20174744.00
20120203,3.47,3.55,3.44,3.52,3315692,28893348.00
20120206,3.54,3.61,3.49,3.60,4429708,39056904.00
20120207,3.55,3.61,3.44,3.44,5770784,50590856.00
20120208,3.41,3.56,3.41,3.55,4687645,40777216.00
20120209,3.54,3.72,3.53,3.64,10764253,96793440.00
20120210,3.65,3.68,3.57,3.61,8209019,73696920.00
20120213,3.58,3.84,3.55,3.76,11396061,104735896.00
20120214,3.74,3.75,3.68,3.74,6111957,56106752.00
20120215,3.73,3.81,3.70,3.80,7996203,74321616.00
20120216,3.79,3.82,3.69,3.75,6398813,59351640.00
20120217,3.76,3.79,3.67,3.71,4704695,43217040.00
20120220,3.75,3.80,3.71,3.71,4742291,43861448.00
20120221,3.72,3.78,3.69,3.78,4538383,41890672.00
20120222,3.77,3.87,3.76,3.86,8109289,76399752.00
20120223,3.86,4.00,3.83,3.94,10960936,105835576.00
20120224,3.93,4.01,3.90,3.99,8293078,80644744.00
20120227,4.02,4.06,3.95,3.98,9460148,92831376.00
20120228,3.97,4.05,3.87,4.01,9059545,88219816.00
20120229,3.99,4.02,3.90,3.90,4274608,41509956.00
20120301,3.87,4.30,3.82,4.14,17421379,171668960.00
20120302,4.10,4.49,4.08,4.35,25938792,269543232.00
20120305,4.29,4.34,4.23,4.28,12605480,131399816.00
20120306,4.26,4.44,4.24,4.40,15006929,159500816.00
20120307,4.34,4.58,4.31,4.42,11670591,125982832.00
20120308,4.45,4.52,4.38,4.41,6980872,75032664.00
20120309,4.39,4.44,4.30,4.43,8430683,89623336.00
20120312,4.43,4.48,4.35,4.39,5553846,59500608.00
20120313,4.40,4.41,4.33,4.40,6055101,64474064.00
20120314,4.41,4.57,4.11,4.17,11835460,126521680.00
20120315,4.14,4.25,3.98,4.08,6704335,67252496.00
20120316,4.10,4.30,4.10,4.23,5788505,59475420.00
20120319,4.23,4.44,4.14,4.41,6054152,63553736.00
20120320,4.35,4.38,4.18,4.20,4798254,50029496.00
20120321,4.18,4.33,4.17,4.28,4053633,42037608.00
20120322,4.27,4.39,4.22,4.36,4835315,51059312.00
20120323,4.34,4.34,4.14,4.20,3296549,33966936.00
20120326,4.15,4.20,4.08,4.15,2508033,25386418.00
20120327,4.20,4.20,4.08,4.10,2398047,24185616.00
20120328,4.09,4.09,3.67,3.69,4391784,41775444.00
20120329,3.59,3.77,3.58,3.67,3990564,36252024.00
20120330,3.67,3.71,3.54,3.59,2056476,18465056.00
20120405,3.63,3.75,3.63,3.75,2554493,23396398.00
20120406,3.76,3.80,3.70,3.75,2386947,22144220.00
20120409,3.75,3.88,3.71,3.77,1938094,18130322.00
20120410,3.74,3.78,3.58,3.76,2824860,25755062.00
20120411,3.71,3.80,3.66,3.76,2039958,18890342.00
20120412,3.76,3.86,3.76,3.85,2863617,26981572.00
20120413,3.86,3.95,3.83,3.90,3193796,30744794.00
20120416,3.89,3.94,3.83,3.89,2096027,20019802.00
20120417,3.95,4.01,3.87,3.97,4222016,40952268.00
20120418,3.94,4.42,3.86,4.42,18933752,195409888.00
20120419,4.43,4.62,4.31,4.31,27589746,297831616.00
20120420,4.22,4.52,4.17,4.34,15470250,163584528.00
20120423,4.31,4.31,4.13,4.20,9093878,93364992.00
20120424,4.15,4.40,4.15,4.35,12535234,130743560.00
20120425,4.29,4.48,4.18,4.44,10470040,110490664.00
20120426,4.40,4.53,4.27,4.51,9749353,104426656.00
20120427,4.52,4.66,4.36,4.37,14049886,153464128.00
20120502,4.40,4.43,4.27,4.36,7047137,74613736.00
20120503,4.35,4.39,4.28,4.33,4039047,42524112.00
20120504,4.32,4.46,4.30,4.34,7642690,81614872.00
20120507,4.27,4.31,4.17,4.23,5914848,60986036.00
20120508,4.23,4.35,4.19,4.33,5454969,56814736.00
20120510,4.22,4.53,4.20,4.49,13010099,138694784.00
20120511,4.45,4.61,4.33,4.34,10731980,115805104.00
20120514,4.34,4.40,4.15,4.15,6550760,67747704.00
20120515,4.15,4.20,4.11,4.20,3412355,34762192.00
20120516,4.21,4.21,4.10,4.12,3300911,33536030.00
20120517,4.10,4.21,4.05,4.19,4925383,50008612.00
20120518,4.18,4.35,4.13,4.30,12306762,128014160.00
20120521,4.27,4.44,4.18,4.22,8451196,87833360.00
20120522,4.23,4.28,4.10,4.19,5686356,57930212.00
20120523,4.16,4.18,4.07,4.13,3699270,37279156.00
20120524,4.19,4.24,4.13,4.15,3806294,38008092.00
20120525,4.14,4.15,3.85,3.90,5846907,55694832.00
20120528,3.87,3.91,3.73,3.89,3199638,29543444.00
20120529,3.92,4.00,3.89,3.96,3049129,29033944.00
20120530,3.96,4.40,3.93,4.25,12130662,121866432.00
20120531,4.20,4.20,4.06,4.12,6470550,64036960.00
20120601,4.10,4.17,4.05,4.10,3630823,35827976.00
20120604,3.95,4.00,3.80,3.82,4403738,41438548.00
20120605,3.85,3.86,3.78,3.81,2040220,18811020.00
20120606,3.83,3.88,3.78,3.81,1625438,14990786.00
20120607,3.88,3.89,3.72,3.75,1959795,17981430.00
20120608,3.80,3.81,3.71,3.74,1771013,16064474.00
20120611,3.72,3.84,3.72,3.82,1598090,14618214.00
20120612,3.78,3.81,3.75,3.77,1346911,12280654.00
20120613,3.77,3.84,3.76,3.84,2055412,18891102.00
20120614,3.82,3.95,3.81,3.86,3214031,30066748.00
20120615,3.89,3.90,3.73,3.80,2063820,19009266.00
20120618,3.80,3.87,3.80,3.83,1385758,12844885.00
20120619,3.81,3.85,3.80,3.81,1360749,12555055.00
20120620,3.84,3.84,3.77,3.78,1821835,16699146.00
20120621,3.77,3.77,3.69,3.71,1711664,15412914.00
20120625,3.69,3.72,3.53,3.55,1768269,15511044.00
20120626,3.55,3.60,3.50,3.57,1548557,13385153.00
20120627,3.58,3.70,3.58,3.59,2341995,20695486.00
20120628,3.63,3.66,3.44,3.45,2291601,19787406.00
20120629,3.45,3.56,3.39,3.50,1879149,15939753.00
20120702,3.52,3.57,3.51,3.53,1358102,11662995.00
20120703,3.55,3.60,3.53,3.57,1975001,17092646.00
20120704,3.57,3.59,3.48,3.52,1973306,16875844.00
20120705,3.52,3.52,3.35,3.37,1839190,15219126.00
20120706,3.37,3.46,3.32,3.45,1994708,16496626.00
20120709,3.40,3.54,3.34,3.34,1818821,15196430.00
20120710,3.33,3.36,3.28,3.31,1141920,9239686.00
20120711,3.32,3.48,3.29,3.37,1292139,10671413.00
20120712,3.35,3.45,3.33,3.43,1875017,15521494.00
20120713,3.44,3.44,3.36,3.37,1313648,10849019.00
20120716,3.39,3.41,3.23,3.24,2200125,17805460.00
20120717,3.31,3.34,3.21,3.28,2250112,17991116.00
20120718,3.24,3.26,3.15,3.25,2610025,20478862.00
20120719,3.23,3.35,3.22,3.31,3078982,24830040.00
20120720,3.32,3.33,3.25,3.26,1637277,13150901.00
20120723,3.26,3.40,3.16,3.29,2277833,18363466.00
20120724,3.27,3.38,3.25,3.34,2130552,17344898.00
20120725,3.32,3.40,3.32,3.34,2015565,16552974.00
20120726,3.34,3.36,3.26,3.27,1297574,10490165.00
20120727,3.30,3.31,3.23,3.30,1286552,10294187.00
20120730,3.28,3.34,3.23,3.25,1145200,9187454.00
20120731,3.25,3.31,3.14,3.20,1615349,12745087.00
20120801,3.20,3.28,3.20,3.25,973965,7750372.00
20120802,3.26,3.31,3.18,3.20,1249789,9892965.00
20120803,3.21,3.29,3.20,3.29,1502318,11989457.00
20120806,3.27,3.35,3.26,3.35,2093613,16929250.00
20120807,3.35,3.39,3.34,3.38,2382445,19547476.00
20120808,3.36,3.39,3.34,3.39,2058338,16926824.00
20120809,3.38,3.49,3.36,3.46,3705505,30999626.00
20120810,3.45,3.67,3.44,3.55,7237580,62703456.00
20120813,3.50,3.54,3.38,3.40,3277166,27658316.00
20120814,3.38,3.69,3.36,3.64,7403546,64060500.00
20120815,3.61,3.71,3.51,3.54,6428430,56215652.00
20120816,3.50,3.50,3.43,3.48,2636057,22259170.00
20120817,3.45,3.52,3.40,3.45,2283877,19245732.00
20120820,3.44,3.83,3.41,3.81,8354461,74235880.00
20120821,3.76,3.93,3.73,3.85,13349609,123453224.00
20120822,3.78,4.20,3.78,3.93,12836351,122343968.00
20120823,3.94,4.04,3.83,3.84,8839257,83122776.00
20120824,3.79,3.80,3.68,3.68,6107784,54960536.00
20120827,4.04,4.09,4.04,4.09,8279222,81054488.00
20120828,4.45,4.53,4.24,4.39,38073295,402984224.00
20120829,4.35,4.86,4.35,4.47,37935944,417373024.00
20120830,4.36,4.46,3.99,4.00,26278922,260424208.00
20120831,3.95,4.34,3.90,4.17,25841006,254364592.00
20120903,4.05,4.29,3.94,4.15,18207991,178851488.00
20120904,4.09,4.47,4.05,4.27,22510516,229838864.00
20120905,4.18,4.25,4.00,4.08,15391939,151051264.00
20120906,4.09,4.16,4.00,4.08,9772886,95142240.00
20120907,4.11,4.38,4.05,4.23,18507874,186516800.00
20120910,4.19,4.36,4.11,4.35,18982293,192727456.00
20120911,4.29,4.38,4.19,4.23,13265417,135622048.00
20120912,4.25,4.69,4.25,4.55,27399615,294608736.00
20120913,4.50,4.62,4.38,4.39,19933027,213247280.00
20120914,4.38,4.43,4.15,4.21,11973551,121806312.00
20120917,4.20,4.21,3.97,4.00,7567187,73453512.00
20120918,4.00,4.04,3.91,3.99,4305078,41115012.00
20120919,3.98,4.03,3.91,3.98,3539403,33790232.00
20120920,4.01,4.01,3.69,3.70,6313407,58416828.00
20120921,3.70,3.76,3.65,3.66,3887820,34874220.00
20120924,3.67,3.75,3.60,3.71,3089587,27564592.00
20120925,3.72,3.83,3.67,3.76,4769445,43310320.00
20120926,3.73,3.75,3.49,3.53,4991464,43565396.00
20120927,3.53,3.65,3.50,3.60,3877583,33712168.00
20120928,3.56,3.62,3.52,3.61,3527512,30654006.00
20121008,3.63,3.70,3.60,3.65,2883884,25468958.00
20121009,3.63,3.83,3.63,3.77,5612202,50676972.00
20121010,3.75,3.84,3.72,3.80,5783282,52839152.00
20121011,3.80,3.80,3.63,3.64,4553329,40709892.00
20121012,3.68,3.70,3.55,3.60,2451664,21514480.00
20121015,3.61,3.61,3.41,3.51,3479193,29381888.00
20121016,3.51,3.68,3.51,3.63,5010954,44020220.00
20121017,3.81,4.02,3.72,3.76,9404474,86805712.00
20121018,3.65,3.88,3.64,3.84,8282950,76058224.00
20121019,3.82,3.86,3.77,3.79,4208411,38696912.00
20121022,3.75,3.88,3.70,3.84,5404096,49613992.00
20121023,3.79,3.85,3.73,3.75,3586275,32782428.00
20121024,3.66,3.73,3.65,3.67,2921742,26077852.00
20121025,3.69,3.75,3.64,3.66,2482215,22232046.00
20121026,3.58,3.65,3.48,3.49,3121752,26837588.00
20121029,3.51,3.53,3.45,3.48,1656783,14065504.00
20121030,3.48,3.57,3.48,3.50,1527191,13056998.00
20121031,3.50,3.53,3.38,3.42,2260853,18859196.00
20121101,3.41,3.49,3.40,3.48,2487230,20960226.00
20121102,3.63,3.72,3.55,3.57,8480581,74673728.00
20121105,3.52,3.53,3.46,3.49,4239608,35990912.00
20121106,3.52,3.57,3.43,3.49,3118449,26446684.00
20121107,3.47,3.51,3.44,3.47,2453296,20705110.00
20121108,3.44,3.44,3.32,3.33,2733818,22492978.00
20121109,3.34,3.37,3.28,3.30,1579464,12812693.00
20121112,3.29,3.35,3.29,3.33,1193828,9682825.00
20121113,3.34,3.34,3.26,3.27,1548416,12446491.00
20121114,3.26,3.31,3.25,3.30,1007426,8074521.00
20121115,3.30,3.32,3.22,3.23,1398899,11219393.00
20121116,3.24,3.29,3.21,3.25,1331242,10572266.00
20121119,3.25,3.26,3.19,3.26,1269416,10023646.00
20121120,3.26,3.30,3.25,3.28,1647758,13214393.00
20121121,3.28,3.33,3.26,3.33,1840260,14850890.00
20121122,3.35,3.35,3.30,3.32,1910813,15518591.00
20121123,3.33,3.36,3.31,3.32,2073390,16901132.00
20121126,3.32,3.32,3.21,3.22,1632500,13036113.00
20121127,3.21,3.21,3.05,3.06,2180448,16719023.00
20121128,3.06,3.06,2.92,2.94,1772081,12994446.00
20121129,2.93,2.98,2.85,2.87,1484479,10705673.00
20121130,2.87,2.92,2.87,2.90,1435211,10310463.00
20121203,2.90,2.94,2.73,2.77,1531390,10870941.00
20121204,2.77,2.82,2.65,2.81,3808715,25964360.00
20121205,2.78,2.96,2.75,2.95,4847570,34969220.00
20121206,2.98,3.09,2.95,3.05,5619893,41970188.00
20121207,3.00,3.09,2.99,3.07,5915760,44481856.00
20121210,3.07,3.15,3.04,3.11,5479841,41728236.00
20121211,3.09,3.35,3.05,3.18,7576474,58646940.00
20121212,3.17,3.23,3.13,3.16,3839515,29865612.00
20121213,3.17,3.30,3.10,3.22,8240214,65341924.00
20121214,3.19,3.35,3.18,3.31,6562573,52868540.00
20121217,3.31,3.41,3.31,3.38,6916217,56851432.00
20121218,3.37,3.40,3.30,3.31,4280591,35001308.00
20121219,3.30,3.37,3.29,3.34,4318206,35223576.00
20121220,3.33,3.44,3.25,3.43,9243202,75742304.00
20121221,3.40,3.46,3.34,3.42,6813450,56645724.00
20121224,3.42,3.42,3.36,3.40,2324795,19247778.00
20121225,3.40,3.65,3.37,3.63,18624831,159983184.00
20121226,3.63,3.94,3.58,3.90,24686404,224016784.00
20121227,3.93,4.03,3.85,3.87,22720479,213762224.00
20121228,3.90,3.95,3.77,3.88,16095769,149519504.00
20121231,3.93,4.06,3.73,3.76,20521876,190035872.00
20130104,3.72,3.75,3.56,3.60,10792051,94960640.00
20130107,3.59,3.64,3.55,3.62,4851422,42394732.00
20130108,3.63,3.70,3.56,3.66,7129524,62777800.00
20130109,3.64,3.68,3.58,3.61,7373224,64523348.00
20130110,3.60,3.69,3.60,3.67,7324863,64866464.00
20130111,3.69,3.69,3.44,3.48,7081425,61289752.00
20130114,3.46,3.64,3.44,3.62,6335347,54894556.00
20130115,3.61,3.73,3.59,3.70,8957503,79623888.00
20130116,3.70,3.70,3.58,3.64,6064292,53499788.00
20130117,3.62,3.79,3.61,3.74,8742837,78247496.00
20130118,3.70,3.75,3.66,3.73,6908481,62008840.00
20130121,3.75,3.76,3.66,3.70,4260878,38047928.00
20130122,3.68,3.72,3.52,3.56,4892965,42995076.00
20130123,3.54,3.60,3.46,3.54,2869839,24581496.00
20130124,3.54,3.60,3.38,3.41,3907323,33191632.00
20130125,3.43,3.46,3.39,3.43,1731670,14438314.00
20130128,3.43,3.52,3.43,3.51,2276860,19342202.00
20130129,3.49,3.57,3.49,3.55,2385562,20511610.00
20130130,3.55,3.60,3.50,3.58,3659574,31629094.00
20130131,3.59,3.75,3.58,3.69,7693802,68498736.00
20130201,3.69,3.72,3.61,3.71,4135508,36760084.00
20130204,3.72,4.12,3.66,4.05,17139059,161769248.00
20130205,3.95,4.28,3.89,4.24,19239318,189849584.00
20130206,4.16,4.44,3.99,4.10,20881123,206083616.00
20130207,4.04,4.15,3.89,3.92,10531469,100323912.00
20130208,3.91,3.98,3.86,3.94,5325886,50145156.00
20130218,3.92,3.97,3.88,3.95,4218249,39857776.00
20130219,3.94,3.95,3.75,3.79,4849936,44795100.00
20130220,3.80,3.85,3.76,3.85,2788625,25676240.00
20130221,3.80,3.84,3.70,3.73,3335511,30317140.00
20130222,3.71,3.78,3.70,3.75,2326595,21022758.00
20130225,3.75,3.88,3.75,3.87,3572913,32922034.00
20130226,3.85,3.88,3.78,3.79,3733958,34564304.00
20130227,3.80,3.84,3.75,3.78,2568318,23461544.00
20130228,3.79,3.86,3.76,3.85,3594506,33131680.00
20130301,3.86,3.90,3.82,3.88,4867507,45315760.00
20130304,3.87,3.87,3.65,3.67,4064807,36740776.00
20130305,3.68,3.73,3.64,3.73,2260682,20244700.00
20130306,3.73,3.84,3.73,3.81,3323593,30494520.00
20130307,3.81,3.82,3.72,3.75,2864413,26065478.00
20130308,3.75,3.85,3.73,3.82,4017950,36932528.00
20130311,3.82,3.85,3.78,3.81,2579906,23782342.00
20130312,3.83,3.84,3.62,3.69,3667615,32997158.00
20130313,3.69,3.72,3.63,3.69,1782113,15825443.00
20130314,3.67,3.69,3.61,3.62,2224946,19717728.00
20130315,3.61,3.69,3.55,3.65,2998653,26364442.00
20130318,3.62,3.68,3.59,3.60,1651328,14536038.00
20130319,3.65,3.80,3.61,3.79,6149230,55331892.00
20130320,3.85,4.08,3.81,3.97,15189053,143928416.00
20130321,4.06,4.28,4.06,4.13,22100272,220576352.00
20130322,4.05,4.13,4.00,4.05,11683294,113539000.00
20130325,4.13,4.17,3.96,3.96,11014554,107409968.00
20130326,3.89,3.89,3.78,3.84,7623420,70329296.00
20130327,3.84,3.86,3.79,3.86,4622781,42631212.00
20130328,3.81,3.95,3.73,3.85,8213784,76614200.00
20130329,3.81,3.85,3.77,3.80,3555776,32716308.00
20130401,3.78,3.85,3.77,3.80,2443131,22477848.00
20130402,3.80,3.90,3.80,3.88,6627053,61486568.00
20130403,3.81,3.81,3.60,3.61,6956693,61746416.00
20130408,3.53,3.53,3.27,3.46,3319018,27722800.00
20130409,3.53,3.57,3.48,3.50,2338384,19999160.00
20130410,3.50,3.54,3.40,3.50,2530572,21444204.00
20130411,3.54,3.54,3.45,3.47,1717236,14562643.00
20130412,3.47,3.49,3.40,3.41,1832913,15318330.00
20130415,3.41,3.45,3.34,3.39,1547896,12845848.00
20130416,3.36,3.43,3.34,3.41,1361276,11255808.00
20130417,3.41,3.44,3.39,3.42,1165005,9692772.00
20130418,3.40,3.44,3.37,3.41,1738179,14450058.00
20130419,3.43,3.59,3.40,3.56,4628835,39553948.00
20130422,3.52,3.57,3.50,3.56,2478988,21330572.00
20130423,3.56,3.56,3.37,3.38,2742226,22977264.00
20130424,3.38,3.45,3.38,3.44,1852545,15418283.00
20130425,3.43,3.45,3.34,3.35,1807168,14959990.00
20130426,3.37,3.39,3.32,3.35,1511308,12398324.00
20130502,3.35,3.35,3.26,3.28,1511015,12167724.00
20130503,3.31,3.38,3.30,3.35,1305849,10677268.00
20130506,3.35,3.43,3.35,3.42,1668834,13853368.00
20130507,3.42,3.46,3.38,3.45,1601200,13385914.00
20130508,3.45,3.50,3.44,3.46,2286590,19300352.00
20130509,3.48,3.53,3.46,3.52,3067097,26083974.00
20130510,3.50,3.53,3.46,3.52,1863148,15876621.00
20130513,3.52,3.59,3.52,3.58,2646085,22859154.00
20130514,3.58,3.58,3.46,3.52,2191898,18674062.00
20130515,3.47,3.54,3.47,3.53,1351987,11211113.00
20130516,3.53,3.59,3.50,3.58,1713278,14372242.00
20130517,3.56,3.63,3.55,3.61,2326375,19724010.00
20130520,3.61,3.77,3.61,3.75,5666598,49364648.00
20130521,3.75,3.79,3.70,3.77,4107949,36167660.00
20130522,3.76,3.80,3.73,3.75,3869174,34182776.00
20130523,3.83,3.95,3.83,3.88,8230006,75131456.00
20130524,3.81,3.93,3.80,3.88,5028008,45642164.00
20130527,3.87,3.98,3.82,3.96,7600281,69358784.00
20130528,3.99,4.03,3.91,3.95,5870537,54405448.00
20130529,3.95,3.96,3.86,3.90,4680684,42790816.00
20130530,3.89,3.95,3.87,3.93,3274092,30078678.00
20130531,3.91,4.03,3.88,3.97,7606253,70499328.00
20130603,4.00,4.01,3.90,3.91,4750536,43974068.00
20130604,3.93,3.95,3.77,3.81,4268155,38598688.00
20130605,3.82,3.91,3.78,3.88,3469087,31403228.00
20130606,3.85,3.92,3.79,3.84,3061574,27668760.00
20130607,3.84,3.85,3.65,3.74,2702594,23784308.00
20130613,3.66,3.66,3.47,3.55,1976691,16504093.00
20130614,3.63,3.73,3.61,3.70,3488187,30221742.00
20130617,3.70,3.78,3.60,3.74,3916190,33999000.00
20130618,3.73,3.81,3.69,3.78,3336742,29381558.00
20130619,3.74,3.86,3.67,3.85,5097708,45230072.00
20130620,3.87,3.87,3.69,3.70,3434318,30601492.00
20130621,3.50,3.63,3.50,3.57,2362395,19882980.00
20130624,3.59,3.62,3.20,3.30,3470544,28048166.00
20130625,3.21,3.39,3.05,3.36,3729298,28993468.00
20130626,3.37,3.49,3.31,3.46,2879460,23111748.00
20130627,3.45,3.49,3.34,3.36,2408706,19496774.00
20130628,3.34,3.44,3.28,3.35,1426075,11344014.00
20130701,3.32,3.54,3.30,3.53,2118920,17086952.00
20130702,3.52,3.60,3.45,3.53,2129872,17679678.00
20130703,3.49,3.53,3.40,3.47,1545757,12615698.00
20130704,3.44,3.56,3.38,3.54,2683743,22101114.00
20130705,3.53,3.65,3.48,3.54,3380333,28436634.00
20130708,3.46,3.48,3.31,3.32,2025144,16265778.00
20130709,3.30,3.68,3.30,3.45,2625736,21488092.00
20130710,3.45,3.52,3.42,3.51,1603499,13192487.00
20130711,3.52,3.63,3.51,3.58,3217189,27131690.00
20130712,3.55,3.67,3.53,3.54,3090445,26175090.00
20130715,3.53,3.63,3.53,3.59,2608865,22014230.00
20130716,3.59,3.65,3.55,3.64,3692577,31386334.00
20130717,3.64,3.64,3.53,3.57,2861493,24171214.00
20130718,3.54,3.58,3.49,3.50,2657721,22171934.00
20130719,3.50,3.54,3.36,3.38,2518440,20532870.00
20130722,3.38,3.47,3.28,3.38,1920547,15281453.00
20130723,3.38,3.51,3.36,3.51,2616151,21394174.00
20130724,3.49,3.53,3.41,3.45,2889652,23603738.00
20130725,3.44,3.50,3.38,3.41,2157033,17432012.00
20130726,3.39,3.44,3.36,3.39,1331119,10670851.00
20130729,3.30,3.40,3.30,3.31,1457259,11510812.00
20130730,3.32,3.36,3.26,3.33,1686207,13234503.00
20130731,3.34,3.44,3.34,3.39,2268356,18210034.00
20130801,3.51,3.56,3.44,3.47,2917516,23968304.00
20130802,3.47,3.55,3.45,3.50,3026237,25037756.00
20130805,3.49,3.54,3.47,3.54,1677574,13881004.00
20130806,3.54,3.57,3.48,3.55,2477934,20674184.00
20130807,3.53,3.60,3.51,3.55,4167329,34937380.00
20130808,3.55,3.58,3.49,3.55,2466235,20625150.00
20130809,3.53,3.65,3.50,3.65,3880849,32764000.00
20130812,3.63,3.71,3.63,3.68,3723681,32107778.00
20130813,3.68,3.82,3.66,3.78,4943921,43691708.00
20130814,3.81,3.81,3.68,3.69,3011432,26378624.00
20130815,3.69,3.83,3.69,3.71,3280407,28943460.00
20130816,3.70,3.76,3.60,3.65,2383104,20587920.00
20130819,3.61,3.74,3.58,3.73,1713504,14817576.00
20130820,3.72,3.78,3.69,3.70,1888317,16567253.00
20130821,3.70,3.73,3.68,3.70,1215120,10570196.00
20130822,3.72,3.72,3.63,3.64,1837582,15866456.00
20130823,3.67,3.95,3.64,3.90,12020706,108317184.00
20130826,3.90,3.93,3.86,3.91,4505252,41187404.00
20130827,3.89,4.12,3.85,4.06,7763681,72850512.00
20130828,4.02,4.22,3.98,3.99,11070283,106387208.00
20130829,4.00,4.13,3.96,4.10,6645224,63319396.00
20130830,4.10,4.21,4.02,4.14,6029197,58086056.00
20130902,4.11,4.36,4.06,4.20,8651697,85998488.00
20130903,4.18,4.34,4.12,4.28,4493505,44306324.00
20130904,4.28,4.37,4.19,4.29,6414073,64155112.00
20130905,4.38,4.50,4.27,4.35,7932696,80671392.00
20130906,4.36,4.49,4.20,4.39,11170143,113271416.00
20130909,4.44,4.44,4.25,4.32,6718869,67593584.00
20130910,4.37,4.41,4.29,4.34,4318056,43678872.00
20130911,4.35,4.80,4.35,4.65,12618806,136115968.00
20130912,4.56,4.86,4.50,4.81,7329576,80760192.00
20130913,4.81,4.83,4.65,4.72,4665131,51093108.00
20130916,4.79,4.97,4.68,4.75,4265522,47413720.00
20130917,4.73,4.78,4.59,4.66,2386449,25805268.00
20130918,4.63,4.82,4.63,4.69,2612795,28683964.00
20130923,4.70,4.97,4.69,4.93,4225845,47736480.00
20130924,4.96,4.96,4.82,4.93,3056205,34473560.00
20130925,4.88,5.01,4.75,4.86,2946041,33248112.00
20130926,4.81,4.85,4.70,4.81,2356745,26099242.00
20130927,4.79,4.90,4.72,4.80,2457172,27491936.00
20130930,4.77,4.81,4.64,4.77,2483159,27168678.00
20131008,4.71,5.14,4.70,5.01,3097655,35438184.00
20131009,4.99,4.99,4.87,4.92,1741617,19825092.00
20131010,4.94,4.96,4.75,4.77,2799896,31493984.00
20131011,4.77,4.94,4.73,4.91,2155173,24182864.00
20131014,4.95,5.12,4.95,5.09,4044441,47352448.00
20131015,5.05,5.27,4.95,5.23,3776896,45008384.00
20131016,5.20,5.32,5.02,5.14,2530791,30083548.00
20131017,5.14,5.64,5.14,5.52,4943712,62225100.00
20131018,5.72,5.72,5.30,5.44,2667905,33529774.00
20131021,5.44,5.67,5.31,5.64,2642740,33531174.00
20131022,5.79,5.86,5.56,5.84,3368815,44225592.00
20131023,5.86,5.90,5.52,5.79,3678233,48477104.00
20131024,5.75,5.80,5.53,5.54,2504242,32691158.00
20131101,5.05,5.50,5.05,5.12,5609367,68153264.00
20131104,5.13,5.62,5.12,5.62,3453813,43220892.00
20131105,5.56,6.20,5.52,6.20,10925170,153695792.00
20131106,6.15,6.34,5.94,6.11,9380298,131784312.00
20131107,5.98,6.11,5.82,5.86,4771850,65085984.00
20131108,5.78,5.94,5.57,5.69,4439033,58202936.00
20131111,5.65,5.91,5.65,5.85,3332993,44594972.00
20131112,5.84,5.84,5.56,5.66,3061074,39814028.00
20131113,5.56,5.61,5.30,5.47,3779540,47488972.00
20131114,5.51,5.75,5.35,5.72,2689182,34320188.00
20131115,5.76,5.91,5.60,5.65,2999622,39776324.00
20131118,5.62,5.88,5.61,5.86,3075738,40762456.00
20131119,5.87,5.87,5.70,5.78,2405883,31991222.00
20131120,5.79,5.93,5.72,5.81,2348411,31344084.00
20131121,5.79,5.79,5.57,5.73,3088350,40146684.00
20131122,5.70,5.75,5.57,5.57,1378904,17881084.00
20131125,5.92,6.10,5.57,5.63,4442644,58735968.00
20131126,5.45,5.59,5.29,5.50,3698514,46318136.00
20131127,5.50,5.73,5.36,5.67,3262459,41704452.00
20131128,5.64,5.81,5.64,5.66,1916131,25228262.00
20131129,5.66,5.80,5.65,5.72,2708018,35600144.00
20131202,5.61,5.61,5.20,5.22,4396836,54639016.00
20131203,5.16,5.39,5.16,5.32,1525194,18615610.00
20131204,5.34,5.45,5.33,5.40,2100347,26138394.00
20131205,5.38,5.41,5.20,5.25,2369111,28743194.00
20131206,5.29,5.31,5.07,5.17,3174552,37782208.00
20131209,5.15,5.43,5.15,5.41,4587462,56381532.00
20131210,5.39,5.44,5.34,5.40,1986755,24613660.00
20131211,5.34,5.37,5.23,5.28,2062971,25137134.00
20131212,5.32,5.35,5.17,5.18,3354102,40566384.00
20131213,5.14,5.26,5.14,5.21,1485273,17822286.00
20131216,5.20,5.29,5.09,5.10,1978078,23763398.00
20131217,5.12,5.12,4.91,4.95,2581008,29619220.00
20131218,4.94,5.20,4.94,5.17,2696762,31913050.00
20131219,5.17,5.20,4.89,4.95,2000299,23314906.00
20131220,4.95,5.06,4.91,4.95,1223780,14113367.00
20131223,5.01,5.10,4.84,5.08,1305496,15174915.00
20131224,5.09,5.22,5.06,5.21,1736823,20630184.00
20131225,5.16,5.44,5.16,5.43,3537521,43768468.00
20131226,5.44,5.54,5.39,5.52,3746632,47208620.00
20131227,5.49,5.69,5.38,5.66,3337361,42651280.00
20131230,5.69,5.70,5.51,5.69,2908801,37429364.00
20131231,5.61,5.65,5.45,5.52,2813002,35946920.00
20140102,5.52,5.57,5.42,5.43,2177005,27354370.00
20140103,5.43,5.48,5.33,5.34,1881396,23433680.00
20140106,5.33,5.36,5.12,5.13,1357056,16274159.00
20140107,5.15,5.18,5.05,5.11,1381351,16283286.00
20140108,5.13,5.19,5.06,5.19,1241514,14692006.00
20140109,5.19,5.45,5.14,5.40,2691250,33324294.00
20140110,5.38,5.43,4.95,5.15,3620148,43461284.00
20140113,5.10,5.16,4.91,5.06,1773382,20737556.00
20140114,5.06,5.29,5.06,5.27,1223577,14674052.00
20140115,5.27,5.33,5.11,5.24,1560344,18700346.00
20140116,5.24,5.25,4.99,5.17,1428603,16937958.00
20140117,5.10,5.13,5.02,5.05,862837,10121364.00
20140120,5.06,5.11,4.95,4.97,743728,8608406.00
20140121,5.03,5.09,4.97,5.01,739795,8612543.00
20140122,5.02,5.40,5.02,5.37,2670981,32622520.00
20140123,5.31,5.69,5.25,5.58,3428926,43354396.00
20140124,5.58,5.64,5.53,5.61,2766181,35618432.00
20140127,5.62,5.62,5.50,5.56,1746130,22266136.00
20140128,5.52,5.59,5.42,5.48,1475645,18687512.00
20140129,5.55,5.65,5.41,5.63,1833416,23515992.00
20140130,5.63,5.63,5.54,5.59,1355148,17375640.00
20140207,5.45,5.65,5.45,5.58,1252672,16050593.00
20140210,5.58,6.16,5.54,6.16,6683068,90852400.00
20140211,6.20,6.26,6.03,6.21,4275865,60385412.00
20140212,6.21,6.31,6.08,6.26,3177136,45167332.00
20140213,6.26,6.91,6.26,6.67,9225537,140992736.00
20140214,6.56,7.34,6.51,7.02,5196665,83059672.00
20140217,7.02,7.19,6.80,7.09,5033141,80305088.00
20140218,7.09,7.16,6.72,6.84,7133990,113258968.00
20140219,6.85,7.10,6.73,6.93,3594716,56582600.00
20140220,7.02,7.52,6.93,7.01,6867455,113566168.00
20140221,6.87,7.14,6.80,6.98,3746389,59368844.00
20140224,6.85,7.10,6.57,7.06,3887699,59898180.00
20140225,7.06,7.40,6.91,7.10,5817907,95066352.00
20140226,7.05,7.05,6.39,6.93,2358113,36544628.00
20140227,6.93,6.93,6.46,6.52,2616392,40101412.00
20140228,6.49,6.65,6.22,6.53,2769948,40708796.00
20140303,6.53,6.84,6.40,6.75,2080423,31839896.00
20140304,6.75,7.12,6.61,6.88,2962784,46960112.00
20140305,6.90,7.12,6.80,7.03,2944658,47148900.00
20140306,7.05,7.18,6.80,7.09,1828586,29338818.00
20140307,7.02,7.09,6.88,6.91,1441895,22916492.00
20140310,6.88,6.88,6.20,6.39,3204123,47416164.00
20140311,6.39,6.52,6.11,6.44,1567018,23037668.00
20140312,6.44,6.56,6.36,6.38,1509914,22379108.00
20140313,6.38,6.60,6.36,6.40,998331,14769827.00
20140314,6.40,6.47,6.25,6.29,630355,9132903.00
20140317,6.29,6.72,6.29,6.69,2467054,36511532.00
20140318,6.55,6.89,6.43,6.81,3705469,56068036.00
20140319,6.68,6.75,6.54,6.65,1672932,25315746.00
20140320,6.56,6.79,6.43,6.44,1130746,17151708.00
20140321,6.38,6.45,6.18,6.36,2182361,31550606.00
20140324,6.35,6.39,6.25,6.29,883721,12761671.00
20140327,6.31,6.65,6.13,6.18,2464502,35376060.00
20140328,6.15,6.27,5.73,6.07,2107849,28728822.00
20140331,6.02,6.13,5.94,6.11,967206,13400575.00
20140401,6.10,6.10,5.84,5.96,2215315,30170400.00
20140402,5.96,5.96,5.79,5.85,1204691,16240073.00
20140403,5.85,5.92,5.75,5.85,974497,13032318.00
20140404,5.85,5.95,5.77,5.92,1229049,16620621.00
20140408,5.88,6.09,5.84,6.00,1472492,20269742.00
20140409,6.00,6.09,5.97,6.05,2152878,29833872.00
20140410,6.05,6.08,5.98,6.01,2012485,27762984.00
20140411,6.01,6.07,5.79,5.85,2227634,29945902.00
20140414,5.80,5.90,5.80,5.89,1541485,20738028.00
20140415,5.94,6.08,5.89,6.06,2647457,36575104.00
20140416,6.06,6.14,5.97,6.05,2064400,28653226.00
20140417,6.05,6.41,6.02,6.40,3240575,46283160.00
20140418,6.34,6.65,6.20,6.24,4905572,72082144.00
20140421,6.16,6.19,5.93,5.97,2681197,37413092.00
20140422,5.93,6.00,5.87,5.97,1078423,14664138.00
20140423,5.90,5.97,5.90,5.94,648081,8809322.00
20140424,5.94,6.04,5.78,5.79,1078016,14648723.00
20140425,5.80,5.87,5.23,5.39,3302680,41725240.00
20140428,5.38,5.38,4.98,5.07,2718701,31997424.00
20140429,5.05,5.20,5.05,5.14,1290718,15317143.00
20140430,5.14,5.30,5.09,5.18,1864919,22230306.00
20140505,5.18,5.18,5.01,5.16,1288143,15110133.00
20140506,5.15,5.40,5.09,5.33,2068989,25152240.00
20140507,5.35,5.39,5.25,5.29,1367606,16764083.00
20140508,5.25,5.45,5.22,5.30,1194754,14684509.00
20140509,5.35,5.54,5.20,5.43,2905294,35938972.00
20140512,5.48,5.64,5.41,5.64,3072883,39182868.00
20140513,5.88,6.23,5.79,5.80,12217998,168942928.00
20140514,5.93,6.38,5.90,6.00,13211637,184585328.00
20140515,5.90,6.20,5.75,6.20,10702128,146021536.00
20140516,6.31,6.40,6.02,6.19,9009623,127650992.00
20140519,6.22,6.34,5.96,6.33,9446249,133504480.00
20140520,6.40,6.54,6.11,6.32,16847233,244384080.00
20140521,6.08,6.08,5.74,5.85,14799493,200210224.00
20140522,6.45,6.45,6.33,6.45,13255722,192261152.00
20140523,6.72,6.80,6.45,6.61,22838292,338392480.00
20140526,6.43,6.54,6.29,6.34,14754064,211826160.00
20140527,6.29,6.33,6.04,6.09,11857645,164186592.00
20140528,6.05,6.13,6.00,6.10,10405103,142324512.00
20140529,6.07,6.08,5.86,5.89,9156051,123031056.00
20140530,5.81,6.03,5.81,5.88,5160662,68920360.00
20140603,5.92,6.02,5.88,5.94,5453190,73267112.00
20140604,6.02,6.08,5.68,5.78,6666158,87718488.00
20140605,5.79,6.08,5.67,6.04,11774699,158269264.00
20140606,6.04,6.04,5.85,5.91,6459693,86507744.00
20140609,5.89,5.95,5.70,5.71,4542551,59595068.00
20140610,5.70,5.79,5.55,5.77,5376921,69001752.00
20140611,5.72,5.80,5.68,5.76,4405850,56895792.00
20140612,5.76,5.83,5.69,5.74,3421296,44387120.00
20140613,5.70,5.92,5.69,5.80,4044561,52838660.00
20140616,5.93,6.05,5.89,5.96,9573873,129132088.00
20140617,5.93,6.04,5.86,6.00,6487631,87129208.00
20140618,5.98,5.98,5.73,5.75,4294400,56538656.00
20140619,5.76,5.79,5.40,5.42,3606319,45399844.00
20140620,5.42,5.47,5.35,5.46,1733211,21212884.00
20140623,5.46,5.54,5.46,5.51,1934978,24112028.00
20140624,5.51,5.55,5.47,5.51,2017917,25021534.00
20140625,5.52,5.67,5.37,5.57,3416395,42294780.00
20140626,5.63,5.74,5.59,5.60,5464709,69639384.00
20140627,5.61,5.66,5.56,5.62,2721818,34533208.00
20140630,5.65,5.70,5.62,5.69,2624614,33554936.00
20140701,5.71,5.73,5.65,5.69,2808471,36006980.00
20140702,5.70,5.70,5.59,5.67,2410944,30702968.00
20140703,5.67,5.70,5.60,5.62,4533820,57572292.00
20140704,5.63,5.64,5.45,5.47,6079235,75478224.00
20140707,5.38,5.49,5.38,5.40,4092152,50029276.00
20140708,5.40,5.47,5.38,5.47,4616772,56516872.00
20140709,5.47,5.50,5.43,5.49,3986769,49247344.00
20140710,5.49,5.68,5.45,5.67,6253644,78882392.00
20140711,5.71,5.74,5.58,5.61,6812105,86561264.00
20140714,5.63,5.75,5.58,5.72,5398330,69114224.00
20140715,5.71,5.75,5.65,5.72,3919459,50453832.00
20140716,5.72,5.75,5.62,5.62,3757803,48164092.00
20140717,5.59,5.63,5.49,5.54,2337321,29171966.00
20140718,5.48,5.65,5.48,5.63,2673365,33496504.00
20140721,5.59,5.62,5.46,5.49,2665270,33206224.00
20140722,5.52,5.54,5.47,5.52,2533618,31523626.00
20140723,5.52,5.53,5.38,5.40,3345066,41110320.00
20140724,5.39,5.44,5.31,5.39,2448034,29744416.00
20140725,5.40,5.56,5.39,5.52,3645361,45319404.00
20140728,5.55,5.72,5.53,5.68,4915603,62754800.00
20140729,5.70,5.70,5.59,5.67,3133467,40033496.00
20140730,5.69,5.97,5.68,5.85,9758956,129263920.00
20140731,5.85,5.87,5.79,5.86,3634971,47796784.00
20140801,5.86,5.89,5.75,5.76,3845375,50564564.00
20140804,5.75,5.81,5.72,5.80,3583900,46523216.00
20140805,5.81,5.86,5.73,5.85,3261263,42690036.00
20140806,5.88,6.00,5.88,5.95,5857769,78480328.00
20140807,5.93,5.99,5.90,5.90,6010106,80583928.00
20140808,5.90,5.95,5.86,5.91,2214731,29409016.00
20140811,5.90,5.95,5.89,5.95,3150458,42014088.00
20140812,5.94,6.06,5.90,6.00,3543682,47804976.00
20140813,6.13,6.25,6.01,6.12,7204310,99400816.00
20140814,6.07,6.16,6.03,6.06,4746394,64915236.00
20140815,6.11,6.20,6.10,6.12,5127932,70838128.00
20140818,6.13,6.20,6.08,6.18,4679978,64600820.00
20140819,6.19,6.25,6.09,6.15,3557637,49247168.00
20140820,6.16,6.17,6.02,6.06,5910541,80777256.00
20140821,6.05,6.15,5.96,6.14,4811070,65534200.00
20140822,6.05,6.09,6.00,6.05,3594263,48959148.00
20140825,6.05,6.16,6.00,6.12,5459165,74985936.00
20140826,6.13,6.13,5.86,5.92,4269671,57422304.00
20140827,5.89,5.96,5.82,5.90,2067620,27541860.00
20140828,5.91,5.95,5.83,5.94,2137384,28357280.00
20140829,6.07,6.54,6.07,6.21,8940767,126044880.00
20140901,6.16,6.44,6.09,6.40,8509283,119765448.00
20140902,6.43,6.53,6.36,6.50,9783528,141743616.00
20140903,6.52,6.54,6.43,6.45,5061971,73606200.00
20140904,6.44,6.49,6.37,6.45,4721497,68234088.00
20140905,6.40,6.45,6.29,6.35,4254290,60708572.00
20140909,6.35,6.54,6.29,6.47,5506772,79922352.00
20140910,6.45,6.50,6.36,6.50,3284959,47618284.00
20140911,6.56,6.78,6.50,6.54,7881011,117428968.00
20140912,6.54,6.65,6.50,6.65,4299106,63642052.00
20140915,6.72,7.04,6.72,6.95,8493606,131676632.00
20140916,6.95,6.98,6.55,6.56,6089420,92707208.00
20140917,6.57,7.23,6.56,6.97,9520745,147617328.00
20140918,6.99,7.17,6.82,7.03,5229851,82572552.00
20140919,6.98,7.04,6.85,6.96,3206123,49884776.00
20140922,6.95,6.95,6.77,6.80,2818715,43225676.00
20140923,6.79,6.88,6.70,6.85,3373302,51353808.00
20140924,6.87,7.02,6.75,6.93,3581359,55281264.00
20140925,6.92,7.22,6.88,7.10,6156898,97841448.00
20140926,7.09,7.15,6.93,7.05,3223976,50812744.00
20140929,7.03,7.19,7.00,7.15,3559305,56518384.00
20140930,7.20,7.20,7.00,7.06,3657225,57956076.00
20141008,7.08,7.12,6.92,6.98,4066949,63641796.00
20141009,6.99,7.10,6.81,7.09,5753311,89594704.00
20141010,7.08,7.17,6.85,6.90,9093668,142840560.00
20141013,6.93,6.93,6.71,6.85,4057510,61742304.00
20141014,6.85,6.92,6.80,6.81,3417577,52635416.00
20141015,6.81,6.85,6.72,6.82,2625153,39995664.00
20141016,6.78,6.87,6.75,6.81,2514687,38504284.00
20141017,6.84,6.84,6.59,6.63,3207559,48023460.00
20141020,6.64,6.72,6.60,6.68,2422310,36142448.00
20141021,6.68,6.70,6.62,6.69,1968278,29428202.00
20141022,6.65,6.80,6.61,6.68,1927846,29083056.00
20141023,6.73,6.89,6.54,6.62,2345690,35332008.00
20141024,6.61,6.68,6.52,6.55,1373926,20425570.00
20141027,6.55,6.64,6.41,6.63,1052256,15473187.00
20141028,6.61,6.76,6.61,6.75,1602504,24168036.00
20141029,6.76,6.83,6.70,6.75,2632589,39946592.00
20141030,6.81,7.05,6.75,7.02,6954760,108286920.00
20141031,7.03,7.13,6.93,7.08,6488888,102667344.00
20141103,7.06,7.08,6.96,6.97,4389495,69003024.00
20141104,6.86,7.69,6.84,7.68,9363194,152855136.00
20141105,7.59,7.91,7.22,7.70,11566904,199427392.00
20141106,7.59,7.81,7.51,7.69,5256190,89894008.00
20141107,7.60,7.79,7.52,7.69,5161664,88987704.00
20141110,7.90,8.36,7.83,8.27,9984215,180999568.00
20141111,8.09,8.20,7.50,7.63,6429771,112631336.00
20141112,7.60,7.81,7.55,7.66,3500341,60139708.00
20141113,7.67,7.69,7.27,7.64,5583415,93747176.00
20141114,7.56,7.56,7.30,7.45,3019552,50069140.00
20141117,7.48,7.76,7.35,7.60,3416522,58459720.00
20141118,7.60,7.74,7.41,7.53,2378928,40276516.00
20141119,7.45,7.56,7.41,7.46,2455619,41142524.00
20141120,7.45,7.84,7.37,7.74,3769075,64720004.00
20141121,7.87,8.04,7.74,7.93,3938153,69892176.00
20141124,7.94,8.25,7.82,7.86,5689905,102068536.00
20141125,7.88,8.07,7.72,7.97,7242162,128080504.00
20141126,8.79,8.79,8.79,8.79,1328029,26082490.00
20141127,9.68,9.68,9.68,9.68,1819679,39305068.00
20141128,10.59,10.66,10.13,10.65,61760213,1443690752.00
20141201,10.09,10.31,9.88,10.01,30006759,675970624.00
20141202,10.10,10.20,9.81,9.90,25636802,570133184.00
20141203,9.88,10.08,9.69,9.98,17686344,390353248.00
20141204,10.01,10.01,9.78,9.84,17168101,377472960.00
20141205,9.68,10.10,9.31,9.99,28654076,625545856.00
20141208,9.69,10.02,9.60,9.74,16033854,350777440.00
20141209,9.65,9.65,8.80,8.85,17423339,363084768.00
20141210,8.85,9.27,8.77,9.17,11391336,230632320.00
20141211,9.22,9.68,9.09,9.66,13228275,278843392.00
20141212,9.59,9.59,9.36,9.40,9613609,203048784.00
20141215,9.31,9.77,9.23,9.72,10116253,217311136.00
20141216,9.77,9.79,9.53,9.58,6920314,148376304.00
20141217,9.54,9.54,9.11,9.23,9259309,192375200.00
20141218,9.23,9.41,9.22,9.22,3739915,77657928.00
20141219,9.22,9.25,8.86,8.96,6109945,122373024.00
20141222,8.89,8.89,8.40,8.45,5532042,105724896.00
20141223,8.47,8.80,8.47,8.62,5164364,99790480.00
20141224,8.70,9.49,8.61,9.30,11647032,238263184.00
20141225,9.18,9.48,9.01,9.13,11418607,235816096.00
20141226,9.10,9.10,8.84,8.94,8246382,164597216.00
20141229,8.87,8.89,8.52,8.72,5194317,100656520.00
20141230,8.71,8.80,8.57,8.60,4201755,81153176.00
20141231,8.59,8.75,8.50,8.72,4053215,78044944.00
20150105,8.72,8.85,8.55,8.76,4928087,95630856.00
20150106,8.67,8.83,8.59,8.80,4203383,81983088.00
20150107,8.80,8.81,8.67,8.74,3312322,64687412.00
20150108,8.73,8.75,8.50,8.51,3780969,72731168.00
20150109,8.51,8.69,8.47,8.48,2969116,57009400.00
20150112,8.48,8.54,8.36,8.49,2722823,51395000.00
20150113,8.49,8.74,8.43,8.71,4083150,78695992.00
20150114,8.76,9.09,8.62,9.05,8959919,177761808.00
20150115,8.95,9.03,8.82,8.92,5575397,110988016.00
20150116,8.95,9.06,8.82,8.99,5930895,118513136.00
20150119,8.84,9.19,8.52,8.70,8236887,164822800.00
20150120,8.77,9.15,8.77,9.11,6252981,125337280.00
20150121,9.24,9.31,9.13,9.21,7079402,145550960.00
20150122,9.23,9.29,9.09,9.25,6007012,123226840.00
20150123,9.25,9.25,8.95,9.00,4991555,101422504.00
20150126,8.99,9.09,8.95,9.03,2722717,54781216.00
20150127,9.08,9.11,8.92,9.06,3782136,76136048.00
20150128,8.98,9.00,8.86,8.88,2896348,57826556.00
20150129,8.80,8.94,8.50,8.87,4387286,85789016.00
20150130,8.88,8.92,8.59,8.60,2493245,48568004.00
20150202,8.53,8.59,8.40,8.42,1994819,37902576.00
20150203,8.45,8.59,8.45,8.59,1518644,29002544.00
20150204,8.60,8.64,8.43,8.44,1932375,36844588.00
20150205,8.50,8.54,8.39,8.40,2173211,41121920.00
20150206,8.39,8.39,7.98,8.04,3548583,64727036.00
20150209,8.04,8.09,7.99,8.00,1347201,24191340.00
20150210,8.00,8.10,7.99,8.10,1390669,25017168.00
20150211,8.10,8.29,8.05,8.29,2045504,37450880.00
20150212,8.28,8.28,8.16,8.23,1201362,22066592.00
20150213,8.24,8.53,8.24,8.38,2745218,51823340.00
20150216,8.39,8.52,8.39,8.47,1793758,33983404.00
20150217,8.45,8.51,8.44,8.49,1551409,29432774.00
20150225,8.50,8.50,8.40,8.49,1238396,23377670.00
20150226,8.48,8.52,8.40,8.51,1795472,34032508.00
20150227,8.54,9.28,8.54,9.22,13932718,281880256.00
20150302,9.25,9.64,9.03,9.56,11353291,238423856.00
20150303,9.52,9.52,9.31,9.33,5080079,106226848.00
20150304,9.24,9.58,9.23,9.33,4995650,105015744.00
20150305,9.30,9.35,9.09,9.16,3588722,73555160.00
20150306,9.14,9.22,8.94,9.22,4342686,88270264.00
20150309,9.09,9.40,9.00,9.34,4381470,90839736.00
20150310,9.30,9.40,9.27,9.31,3000587,62539968.00
20150311,9.31,9.36,9.07,9.11,2840607,58186936.00
20150312,9.13,9.13,8.79,8.81,5042691,100698576.00
20150313,8.87,9.09,8.86,9.00,3295423,66201948.00
20150316,9.06,9.34,9.04,9.23,4095307,84180448.00
20150317,9.24,9.60,9.18,9.52,8667883,182824304.00
20150318,9.61,9.70,9.43,9.66,7351457,157066944.00
20150319,9.60,9.66,9.47,9.56,7278620,155224256.00
20150320,9.58,10.01,9.58,9.97,9220740,201982144.00
20150323,10.08,10.43,9.93,10.30,10473048,237921328.00
20150324,10.33,10.53,9.86,10.26,12032448,274373824.00
20150325,10.17,11.30,10.05,11.28,16899119,409477952.00
20150326,11.00,11.31,10.58,10.90,11865806,290528608.00
20150327,10.90,11.22,10.77,11.02,7514958,184599888.00
20150330,11.16,11.68,10.77,10.81,26598235,669944960.00
20150331,10.76,11.09,10.50,10.69,14206291,339567904.00
20150401,11.00,11.45,11.00,11.30,14583649,365152352.00
20150402,11.45,12.32,11.27,12.28,18324222,483563584.00
20150403,12.04,13.18,11.84,12.73,14915625,420745120.00
20150407,12.71,13.17,12.37,12.81,18310472,516703392.00
20150408,12.90,12.90,12.19,12.45,14978117,418240480.00
20150409,12.53,12.56,11.47,12.21,12269264,329038784.00
20150410,12.22,12.81,12.15,12.67,13637952,381876928.00
20150413,12.70,13.44,12.50,13.31,15677908,452953152.00
20150414,13.20,13.20,12.72,12.87,10868449,313379648.00
20150415,12.81,12.81,11.94,11.98,10423662,284803584.00
20150416,11.68,12.44,11.56,12.20,7121225,191876064.00
20150417,12.36,13.15,12.13,12.78,13017488,366888768.00
20150420,12.72,12.72,11.90,12.00,11988015,328623872.00
20150421,12.31,12.52,11.90,12.49,8488079,231077232.00
20150422,12.40,12.77,12.36,12.52,14044613,391485088.00
20150423,12.55,13.05,12.36,12.90,18079952,511349056.00
20150424,12.55,12.72,12.32,12.59,11579775,322013408.00
20150427,12.61,13.26,12.50,13.09,21334189,613206848.00
20150428,13.50,13.72,12.95,13.17,25733667,764293760.00
20150429,13.00,13.13,12.59,13.11,10619308,305585504.00
20150430,13.16,13.49,13.00,13.34,14963372,440185568.00
20150504,13.46,14.60,13.34,14.40,21457292,671608448.00
20150505,14.94,15.54,14.40,14.48,29511200,976913728.00
20150506,14.95,15.93,14.49,15.93,26377672,407083648.00
20150507,14.79,15.24,14.33,14.33,31561425,462789440.00
20150508,13.78,14.29,13.06,14.14,42769245,588330240.00
20150511,14.20,14.84,14.16,14.33,50580733,733146560.00
20150512,14.34,14.63,13.84,14.25,48075926,682686976.00
20150513,14.29,14.29,13.85,13.92,34951962,490860704.00
20150514,13.92,14.43,13.44,14.35,48792958,682985088.00
20150515,14.19,14.28,13.72,13.83,28189821,394892704.00
20150518,13.79,13.93,13.59,13.69,19610273,270770784.00
20150519,13.70,14.20,13.64,14.07,29747965,414670304.00
20150520,14.30,14.60,14.10,14.21,40909629,589256640.00
20150521,14.25,15.30,14.25,15.15,45561163,671884992.00
20150522,15.22,15.44,14.58,15.02,45308366,681631296.00
20150525,15.08,16.37,14.77,16.15,51897236,808540224.00
20150526,16.24,17.09,15.75,16.80,51156273,846614848.00
20150527,16.75,18.49,16.49,18.49,52139252,921562432.00
20150528,18.95,19.75,16.95,17.44,69874787,1318812672.00
20150529,17.23,17.88,15.70,16.96,47748470,814289920.00
20150601,16.76,17.67,16.65,17.54,35318079,610945920.00
20150602,17.76,18.24,17.35,17.95,36131586,644629632.00
20150603,17.93,17.94,16.75,17.28,31894186,555646208.00
20150604,17.19,17.25,15.63,17.05,34628036,575910400.00
20150605,17.12,18.32,17.05,18.03,38965780,685899840.00
20150608,18.06,18.45,17.76,18.18,38941849,706089856.00
20150609,18.20,18.33,17.44,17.64,26020412,464522496.00
20150610,17.45,18.07,16.98,17.82,27154622,481269504.00
20150611,17.75,18.36,17.50,18.35,31492864,570728768.00
20150612,18.95,19.15,18.45,18.60,44209391,832026688.00
20150615,18.67,18.81,17.75,17.88,34117050,620090560.00
20150616,17.63,17.63,16.23,16.68,23579073,401744352.00
20150617,16.36,16.95,15.55,16.70,18461944,300989056.00
20150618,16.70,17.25,15.96,16.05,16935620,285950176.00
20150619,15.85,15.94,14.44,14.44,14663159,222273424.00
20150623,14.44,14.73,13.02,14.23,15889400,221929536.00
20150624,14.37,14.85,13.90,14.35,18400388,265656384.00
20150625,14.36,14.69,13.76,14.03,18510241,265233664.00
20150626,13.70,13.70,12.62,12.62,17672883,231446720.00
20150629,13.06,13.16,11.35,11.35,20261960,242785104.00
20150630,11.35,11.98,10.21,11.97,22297059,246915680.00
20150701,11.98,12.43,11.33,11.51,21148172,257067024.00
20150702,11.55,11.55,10.35,10.35,17280568,186972032.00
20150703,9.95,10.50,9.31,9.31,20604827,197868112.00
20150706,10.23,10.23,8.37,8.47,20792643,190541552.00
20150707,8.25,8.25,7.62,7.62,9448058,73639256.00
20150713,8.39,8.39,8.39,8.39,712523,6013694.00
20150714,9.23,9.23,9.23,9.23,552279,5125149.00
20150715,10.16,10.16,8.70,8.96,43715487,421486720.00
20150716,8.25,9.50,8.13,9.16,22378722,202410992.00
20150717,9.25,10.07,9.20,10.06,22175041,216024480.00
20150720,10.18,10.80,10.03,10.78,27845237,291551776.00
20150721,10.79,11.21,10.45,10.95,28617449,315841408.00
20150722,10.96,11.17,10.53,10.86,23723038,258480096.00
20150723,10.95,11.25,10.87,11.24,26198923,292679328.00
20150724,11.25,11.63,10.83,10.95,32426679,368839552.00
20150727,10.60,11.07,9.85,9.85,22626194,240091664.00
20150728,9.05,9.91,8.86,9.20,20964513,195294992.00
20150729,9.45,9.95,9.05,9.91,13553103,129050512.00
20150730,9.95,10.91,9.89,10.84,41056279,442486912.00
20150731,10.56,10.81,9.82,10.08,26258977,272484288.00
20150803,9.95,9.95,9.15,9.27,15655056,148973584.00
20150804,9.40,10.10,9.38,10.08,12715610,124192376.00
20150805,10.13,10.88,9.98,10.36,21504208,225388384.00
20150806,9.95,10.30,9.95,10.10,11804610,120143992.00
20150807,10.31,10.54,10.16,10.44,17357918,180850336.00
20150810,10.75,11.25,10.47,11.08,23433974,256024720.00
20150811,11.10,12.15,10.94,11.86,37794513,435716160.00
20150812,11.51,11.82,11.27,11.28,18563966,215211824.00
20150813,11.26,11.85,11.16,11.76,20662055,241206224.00
20150814,11.94,12.01,11.51,11.61,18971191,223131104.00
20150817,11.46,11.74,11.25,11.73,15052942,173290832.00
20150818,11.75,11.80,10.55,10.55,24655249,281075136.00
20150819,10.33,11.35,10.13,11.19,20633055,222225744.00
20150820,10.94,11.34,10.70,10.73,12377189,136904816.00
20150821,10.54,10.82,9.94,10.18,11179024,116472872.00
20150824,9.83,9.83,9.16,9.16,11444545,106523240.00
20150825,8.25,10.08,8.24,8.24,14618786,126621064.00
20150826,8.50,8.69,7.86,8.26,13265410,111834344.00
20150827,8.45,9.03,8.06,8.91,10364199,88442264.00
20150828,9.17,9.81,9.14,9.81,20279671,194157056.00
20150831,9.83,9.83,9.15,9.67,16291250,155677280.00
20150901,9.45,9.47,8.70,8.70,10637657,96311576.00
20150902,7.95,8.87,7.95,8.13,12575454,106723632.00
20150907,8.42,8.65,8.07,8.17,8326670,70112576.00
20150908,8.19,8.63,7.96,8.61,7132161,59762564.00
20150909,8.57,8.93,8.57,8.92,13182769,116552104.00
20150910,8.76,8.91,8.55,8.59,7872452,69435472.00
20150911,8.59,8.74,8.44,8.64,6518480,56476772.00
20150914,8.70,8.74,7.77,7.77,9322359,76247600.00
20150915,7.55,7.56,6.99,6.99,10722400,77358912.00
20150916,7.10,7.69,6.96,7.62,9259712,67804824.00
20150917,7.54,7.77,7.25,7.32,9986606,75788736.00
20150918,7.32,7.50,7.06,7.25,7910389,57864416.00
20150921,7.06,7.61,7.02,7.60,8623004,64048300.00
20150922,7.85,8.15,7.75,7.94,17908554,143309392.00
20150923,7.65,7.87,7.63,7.68,8904916,69189184.00
20150924,8.05,8.22,7.71,8.00,17782667,142743632.00
20150925,7.84,7.90,7.38,7.53,11163152,85921568.00
20150928,7.48,7.56,7.26,7.55,10992157,81632512.00
20150929,7.34,7.40,7.11,7.21,10007775,72942448.00
20150930,7.28,7.33,7.18,7.23,5158412,37670460.00
20151008,7.50,7.61,7.37,7.55,10246354,77614688.00
20151009,7.45,7.77,7.45,7.69,10049608,77008928.00
20151012,7.75,8.38,7.69,8.31,19670878,159777952.00
20151013,8.23,8.32,8.13,8.31,13075571,108136584.00
20151014,8.24,8.45,8.19,8.29,13600898,113938696.00
20151015,8.49,9.12,8.40,9.12,51539507,466542336.00
20151016,9.47,9.80,9.21,9.70,46951882,447606496.00
20151019,9.53,10.25,9.50,10.00,32146911,320603648.00
20151020,10.01,10.23,9.74,9.96,18961517,188844384.00
20151021,9.93,9.98,8.96,8.96,24206436,229965088.00
20151022,9.15,9.50,8.98,9.49,17255343,160571152.00
20151023,9.51,9.95,9.45,9.83,18113063,178079904.00
20151026,10.14,10.15,9.35,9.57,18034228,174192768.00
20151027,9.50,9.57,9.10,9.48,11312192,105945264.00
20151028,9.57,9.83,9.40,9.45,13317624,128290168.00
20151029,9.32,9.59,9.15,9.38,12697786,118905680.00
20151030,9.32,9.37,9.10,9.17,9063993,84078192.00
20151102,9.02,9.10,8.77,8.82,12021826,108040552.00
20151103,8.76,8.92,8.66,8.73,7741506,68547344.00
20151104,8.80,9.25,8.80,9.25,13090721,119366392.00
20151105,9.34,9.40,9.11,9.23,16428058,152615632.00
20151106,9.26,9.48,9.20,9.47,21987570,206069408.00
20151109,9.35,9.93,9.21,9.79,30337559,292143904.00
20151110,9.63,9.77,9.46,9.64,22351692,216490832.00
20151111,9.68,9.70,9.53,9.65,21535190,208432448.00
20151112,9.65,9.70,9.36,9.54,19094848,182988288.00
20151113,9.41,9.45,9.04,9.19,16244686,151102624.00
20151116,8.98,9.49,8.95,9.45,11945829,110636672.00
20151117,9.54,9.59,9.21,9.24,16310431,154905584.00
20151118,9.19,9.29,8.95,9.01,12740373,117040736.00
20151119,9.07,9.23,9.05,9.21,7873562,72474272.00
20151120,9.24,9.24,9.03,9.22,25813922,237136864.00
20151123,9.23,9.55,9.15,9.51,34369325,322914816.00
20151124,9.44,9.48,9.21,9.36,20124113,188426688.00
20151125,9.40,9.57,9.33,9.49,24866472,236226720.00
20151126,9.60,10.13,9.45,9.94,48354873,472494976.00
20151127,9.79,9.89,8.94,8.96,37551524,355725632.00
20151130,8.93,9.05,8.15,8.69,23301099,202160240.00
20151201,8.70,8.75,8.46,8.63,15771437,136779664.00
20151202,8.71,8.73,8.23,8.61,12667216,108487720.00
20151203,8.58,8.93,8.58,8.85,13778865,121721888.00
20151204,8.76,8.84,8.65,8.70,11822429,103878096.00
20151207,8.73,8.79,8.63,8.75,9584540,84024592.00
20151208,8.73,8.73,8.29,8.31,17243331,146387312.00
20151209,8.31,8.40,8.15,8.19,12034172,100128944.00
20151210,8.21,8.29,8.13,8.17,8526429,70440984.00
20151211,8.24,8.24,7.97,8.08,12014355,97750024.00
20151214,7.99,8.31,7.95,8.29,12983017,106406704.00
20151215,8.30,8.54,8.25,8.40,12505687,106114592.00
20151216,8.40,8.61,8.36,8.41,11314575,96577328.00
20151217,8.50,8.70,8.49,8.62,13202483,114221448.00
20151218,8.63,8.77,8.53,8.73,15445586,134450352.00
20151221,8.70,8.82,8.65,8.79,14613400,128637208.00
20151222,8.77,9.03,8.74,8.98,17086197,152240720.00
20151223,9.00,9.02,8.76,8.77,14064079,125533416.00
20151224,8.73,8.75,8.56,8.62,10009953,87002608.00
20151225,8.66,9.23,8.66,9.11,22397228,203036864.00
20151228,9.20,9.54,9.07,9.10,35912109,336592448.00
20151229,9.10,9.35,8.75,9.29,25224838,230766704.00
20151230,9.43,9.54,9.14,9.30,24076255,226355024.00
20151231,9.25,9.63,9.25,9.32,21322020,201999664.00
20160104,9.32,9.41,8.45,8.48,16114558,146113376.00
20160105,8.07,9.05,8.01,8.82,25872616,225285792.00
20160106,8.89,9.33,8.81,9.31,25706774,235017392.00
20160107,9.05,9.21,8.37,8.38,7296711,64027616.00
20160108,8.64,8.81,8.04,8.55,21261934,183708592.00
20160111,8.35,8.49,7.69,7.73,19310572,158255920.00
20160112,7.93,7.94,7.44,7.54,12950481,99683664.00
20160113,7.65,7.73,7.33,7.40,10208534,77683056.00
20160114,7.15,7.75,7.05,7.69,13365022,100203248.00
20160115,7.64,7.67,7.05,7.10,16961606,125470392.00
20160118,7.04,7.34,6.95,7.26,9626217,69680840.00
20160119,7.30,7.52,7.17,7.49,8560988,63651560.00
20160120,7.45,7.58,7.31,7.40,9660947,72426520.00
20160121,7.25,7.47,7.06,7.10,8557205,62720308.00
20160122,7.15,7.28,6.97,7.14,7659973,54962172.00
20160125,7.17,7.30,7.12,7.29,8880296,64582264.00
20160126,7.16,7.23,6.56,6.56,11582951,79724656.00
20160127,6.50,6.65,6.01,6.47,9946566,63756856.00
20160128,6.37,6.42,6.09,6.13,5959044,37639432.00
20160129,6.13,6.40,6.09,6.32,7524184,47544912.00
20160201,6.30,6.33,6.10,6.20,5669167,35641440.00
20160202,6.19,6.50,6.19,6.41,7445839,47962164.00
20160203,6.34,6.47,6.28,6.41,4699056,30074450.00
20160204,6.46,6.61,6.45,6.51,4890972,32136988.00
20160205,6.53,6.64,6.49,6.51,3932130,25997250.00
20160215,6.20,6.45,6.15,6.41,4933606,31545150.00
20160216,6.40,6.90,6.40,6.83,10942407,73357184.00
20160217,6.77,6.88,6.64,6.82,11216588,75995584.00
20160218,6.83,7.01,6.73,6.80,13331814,91763272.00
20160219,6.79,6.82,6.70,6.79,7258662,49448008.00
20160222,6.88,7.00,6.81,6.92,13464570,93689208.00
20160223,7.05,7.07,6.70,6.81,9282944,64256640.00
20160224,6.72,6.90,6.65,6.84,11318672,77123416.00
20160225,6.83,6.83,6.15,6.15,13824658,89666144.00
20160226,6.23,6.27,6.06,6.23,9448117,58918568.00
20160229,6.22,6.22,5.60,5.78,9544406,56100972.00
20160301,5.83,5.94,5.76,5.91,7332868,43286544.00
20160302,5.91,6.23,5.91,6.21,13237309,81549224.00
20160303,6.22,6.32,6.18,6.22,11823905,74375576.00
20160304,6.24,6.27,5.92,6.02,10471851,64321828.00
20160307,6.09,6.25,6.09,6.19,8791773,54738808.00
20160308,6.24,6.57,6.03,6.56,19310449,123221952.00
20160309,6.30,6.38,6.16,6.24,10591047,67037984.00
20160310,6.28,6.32,6.04,6.07,7673231,47940200.00
20160311,6.04,6.15,6.01,6.10,4875497,29905764.00
20160314,6.20,6.36,6.16,6.30,8316720,52734748.00
20160315,6.33,6.34,6.15,6.20,5138860,32266316.00
20160316,6.23,6.27,6.05,6.10,5721149,35600608.00
20160317,6.16,6.34,6.13,6.29,7702181,48451164.00
20160318,6.30,6.92,6.30,6.92,36733434,250907632.00
20160321,7.27,7.57,7.10,7.42,43265065,319111840.00
20160322,7.35,7.91,7.31,7.66,32898591,255130592.00
20160324,7.50,7.64,7.22,7.30,20717801,153898256.00
20160325,7.30,7.40,6.94,7.31,24036661,173150752.00
20160328,7.25,7.68,7.14,7.46,27070276,203664080.00
20160329,7.40,7.46,7.12,7.27,14694535,106906192.00
20160330,7.28,8.00,7.28,8.00,37019109,290212672.00
20160331,8.01,8.15,7.83,7.93,26130317,210360672.00
20160401,7.95,8.41,7.91,8.15,27848857,228907232.00
20160405,8.17,8.43,7.97,8.27,19764369,163307888.00
20160406,8.15,8.17,7.95,7.99,20497852,166092480.00
20160407,8.05,8.07,7.75,7.80,17100947,135561472.00
20160408,7.68,7.88,7.61,7.75,10726252,83660240.00
20160411,7.80,8.15,7.80,8.08,15637827,126280952.00
20160412,8.01,8.10,7.84,7.99,12791106,102620592.00
20160413,7.98,8.26,7.96,8.05,16319501,134116352.00
20160414,8.06,8.21,7.99,8.13,9200391,74794232.00
20160415,8.21,8.21,8.08,8.14,8654127,70915576.00
20160418,8.12,8.13,7.61,7.78,15885556,124611328.00
20160419,7.74,7.81,7.44,7.63,18618216,142021232.00
20160420,7.55,7.69,7.04,7.14,19090671,140358256.00
20160421,7.10,7.52,7.06,7.24,13708590,101045848.00
20160422,7.20,7.30,6.99,7.21,12773624,91579824.00
20160425,7.15,7.20,6.96,7.15,11031416,78743032.00
20160426,7.13,7.24,7.01,7.17,9254411,66388732.00
20160427,7.18,7.29,7.13,7.19,9595291,69623664.00
20160428,7.20,7.21,6.91,7.04,10356935,73296632.00
20160429,7.05,7.18,7.00,7.13,9990603,71428840.00
20160503,7.08,7.35,7.08,7.34,12634324,92306536.00
20160504,7.31,7.42,7.25,7.35,10458837,77229616.00
20160505,7.33,7.40,7.26,7.36,7017670,51754628.00
20160506,7.38,7.43,6.83,6.86,14216459,102750096.00
20160509,6.79,6.79,6.39,6.41,15756490,103922808.00
20160510,6.43,6.52,6.35,6.42,7228811,46937704.00
20160511,6.46,6.51,6.30,6.34,7364416,47690104.00
20160512,6.21,6.44,6.06,6.43,7584166,47658828.00
20160513,6.48,6.49,6.27,6.32,6731951,43312132.00
20160516,6.28,6.46,6.12,6.44,7771530,49354372.00
20160517,6.39,6.44,6.30,6.36,6577453,42176676.00
20160518,6.30,6.32,6.00,6.11,8475596,52492168.00
20160519,6.13,6.26,6.13,6.15,6553858,40905616.00
20160520,6.08,6.31,6.03,6.31,5813502,36394096.00
20160523,6.37,6.43,6.28,6.35,5569691,35768424.00
20160524,6.34,6.36,6.21,6.31,4019158,25478038.00
20160525,6.34,6.45,6.24,6.29,5157561,33019548.00
20160526,6.26,6.74,6.17,6.72,20006838,131286008.00
20160527,6.73,6.94,6.67,6.70,15362797,105066728.00
20160530,6.72,6.89,6.44,6.68,9912219,67251768.00
20160531,6.69,7.09,6.68,6.99,12894855,88873104.00
20160601,7.00,7.10,6.89,6.93,9538912,66481072.00
20160602,6.92,7.00,6.80,6.90,9639670,66489636.00
20160603,6.86,6.95,6.76,6.90,9598126,65796144.00
20160606,6.89,7.19,6.86,7.08,12133371,85807440.00
20160607,7.16,7.19,7.00,7.07,11134930,78804744.00
20160608,7.07,7.08,6.91,7.01,7901229,55228100.00
20160613,6.84,6.95,6.65,6.67,7812773,53236204.00
20160614,6.61,6.80,6.61,6.76,4121360,27644594.00
20160615,6.61,7.39,6.61,7.21,21348365,152990960.00
20160616,7.19,7.48,7.12,7.31,18275683,133618992.00
20160617,7.33,7.43,7.16,7.23,11389150,82820320.00
20160620,7.19,7.49,7.16,7.47,18047385,133278368.00
20160621,7.51,7.64,7.19,7.25,18752570,138829552.00
20160622,7.18,7.40,7.18,7.37,7274762,52877692.00
20160623,7.32,7.35,7.19,7.27,6552019,47529236.00
20160624,7.25,7.33,6.85,7.15,9700425,69238832.00
20160627,7.10,7.21,7.03,7.20,8218844,58847928.00
20160628,7.18,7.31,7.07,7.28,10375390,74615312.00
20160629,7.29,7.38,7.15,7.21,8118694,58811704.00
20160630,7.19,7.24,7.09,7.14,6831158,48813552.00
20160701,7.17,7.25,7.14,7.16,5130696,36871156.00
20160704,7.10,7.35,7.10,7.31,10161769,73967184.00
20160705,7.29,7.56,7.26,7.50,15409199,114202880.00
20160706,7.50,7.68,7.44,7.45,13009848,97941688.00
20160707,7.45,7.54,7.35,7.48,9495674,70787400.00
20160708,7.48,7.88,7.43,7.77,12375299,95467872.00
20160720,8.55,8.55,8.55,8.55,1503752,12857080.00
20160721,9.41,9.41,8.65,8.88,61373429,549782528.00
20160722,8.95,9.55,8.95,9.25,46987481,435724672.00
20160725,9.09,10.00,8.95,9.63,48027054,451796800.00
20160726,9.50,9.77,9.42,9.57,26858661,256591632.00
20160727,9.51,9.68,8.66,9.11,29021267,267537152.00
20160728,9.12,9.32,8.86,9.21,20073873,182572512.00
20160729,9.25,9.25,8.98,9.10,10178620,92461488.00
20160801,8.92,9.00,8.61,8.72,15943146,139944272.00
20160802,8.68,8.93,8.67,8.85,8635526,76251640.00
20160803,8.92,9.28,8.88,9.14,18637308,170044064.00
20160804,9.21,9.45,9.14,9.17,17201495,159177264.00
20160805,9.10,9.36,9.04,9.17,13222741,121949032.00
20160808,9.11,9.32,9.10,9.21,11553024,106572080.00
20160809,9.20,9.40,9.05,9.38,14726528,136046176.00
20160810,9.29,9.40,9.14,9.16,13611651,126118168.00
20160811,9.09,9.15,8.91,8.92,12137436,109439304.00
20160812,8.96,9.10,8.91,9.09,7783752,70065656.00
20160815,9.10,9.25,8.96,9.21,16054265,146576672.00
20160816,9.21,9.48,9.12,9.31,20797120,193640624.00
20160817,9.31,9.72,9.29,9.68,27644969,264993856.00
20160818,9.57,9.66,9.45,9.50,14568780,138745280.00
20160819,9.48,9.72,9.42,9.43,12312100,117574912.00
20160822,9.44,9.66,9.31,9.43,17050052,161160544.00
20160823,9.43,9.50,9.21,9.36,13251506,124406544.00
20160824,9.35,9.41,9.22,9.31,7729605,71979456.00
20160825,9.33,9.54,9.12,9.50,14426033,134387952.00
20160826,9.48,9.68,9.43,9.54,9588554,91525000.00
20160829,9.50,9.53,9.36,9.40,7650272,72098000.00
20160830,9.37,9.95,9.29,9.73,27542671,266897568.00
20160831,9.80,9.85,9.61,9.81,14737561,143596128.00
20160901,9.84,10.79,9.76,10.35,41305366,431663680.00
20160902,10.28,10.55,10.22,10.54,19233946,199993696.00
20160905,10.60,10.99,10.40,10.41,26012332,277412192.00
20160906,10.49,10.68,10.33,10.56,18995542,200324944.00
20160907,10.59,10.95,10.48,10.91,21642836,233843504.00
20160908,10.84,11.17,10.70,11.11,23612972,259243648.00
20160909,11.18,11.30,10.92,10.96,18052719,199523200.00
20160912,10.72,10.83,10.22,10.35,23383961,247468416.00
20160913,10.49,10.73,10.32,10.58,15650048,164300880.00
20160914,11.05,11.38,10.56,10.66,32481860,354945984.00
20160919,10.54,10.83,10.30,10.48,18658671,196066912.00
20160920,10.48,10.73,10.36,10.65,11923563,125931664.00
20160921,10.56,10.71,10.45,10.49,9856411,104394456.00
20160922,10.51,10.85,10.51,10.70,10871182,116274960.00
20160923,10.62,10.80,10.60,10.68,8903336,95040624.00
20160926,10.65,10.71,10.01,10.05,23525461,240850560.00
20160927,9.99,10.17,9.72,10.07,10844998,108177056.00
20160928,10.07,10.15,10.00,10.04,6198263,62473036.00
20160929,10.09,10.16,9.92,10.13,5914253,59563624.00
20160930,10.10,10.39,10.09,10.33,7139027,73178832.00
20161010,10.38,10.50,10.33,10.45,7817083,81442160.00
20161011,10.45,10.72,10.36,10.63,10627386,112557912.00
20161012,10.56,10.74,10.52,10.59,8060720,85464496.00
20161013,10.60,10.66,10.39,10.44,6539500,68653720.00
20161014,10.30,10.42,10.15,10.36,11336821,116366904.00
20161017,10.21,10.42,10.14,10.16,6533681,67069600.00
20161018,10.26,10.74,10.22,10.71,14065556,148035104.00
20161019,10.66,11.05,10.62,10.90,18085780,196793952.00
20161020,10.88,10.98,10.73,10.92,10276396,111526832.00
20161021,10.92,10.98,10.51,10.75,9460673,101807248.00
20161024,10.71,10.78,10.59,10.70,9492688,101194704.00
20161025,10.71,10.75,10.60,10.72,6764620,72137144.00
20161026,10.70,10.70,10.47,10.48,7833549,82838664.00
20161027,10.46,10.59,10.43,10.47,5276637,55389216.00
20161028,10.49,10.55,10.28,10.32,7522180,78475784.00
20161031,10.24,10.43,10.20,10.36,4910954,50704536.00
20161101,10.36,10.56,10.31,10.49,6639634,69141504.00
20161102,10.48,10.48,10.24,10.27,8438657,87201032.00
20161103,10.31,10.60,10.26,10.45,11817853,123875120.00
20161104,10.40,11.03,10.35,10.88,17990750,192866720.00
20161107,10.88,11.00,10.70,10.77,13340881,144822016.00
20161108,10.80,11.00,10.76,10.94,12066012,131449440.00
20161109,10.90,11.15,10.71,10.83,14190890,154933792.00
20161110,10.91,11.07,10.88,10.95,7696528,84309408.00
20161111,10.94,11.02,10.80,10.94,7564155,82480104.00
20161114,11.36,11.76,11.15,11.39,20939375,239249744.00
20161115,11.35,11.78,11.22,11.63,21654495,249941568.00
20161116,11.55,11.73,11.52,11.64,11961725,138992432.00
20161117,11.66,11.70,11.30,11.42,9626307,110318832.00
20161118,11.43,11.52,11.19,11.20,11122187,125531648.00
20161121,11.17,11.29,11.10,11.27,7802738,87450816.00
20161122,11.25,11.35,11.22,11.29,6259045,70557696.00
20161123,11.35,11.49,11.22,11.23,8146572,92570240.00
20161124,11.22,11.25,11.03,11.09,8149559,90780104.00
20161125,11.08,11.26,10.92,11.24,7803424,86674336.00
20161128,11.28,11.33,11.16,11.20,5922290,66418288.00
20161129,11.21,11.28,11.00,11.03,7554325,83786480.00
20161130,10.96,11.10,10.81,10.94,7512651,81953904.00
20161201,10.98,11.07,10.84,10.99,5024639,55171312.00
20161202,11.04,11.16,10.89,11.13,7734962,85505872.00
20161205,10.90,11.14,10.85,11.00,6477632,71511608.00
20161206,11.01,11.06,10.91,11.01,4978671,54738096.00
20161207,11.06,11.28,10.95,11.27,9434188,105373568.00
20161208,11.31,11.32,10.99,11.11,8138339,90674288.00
20161209,11.08,11.08,10.70,10.78,14175826,153683136.00
20161212,10.66,10.69,10.06,10.15,15854850,164971872.00
20161213,10.10,10.21,9.91,10.05,8610059,86662936.00
20161214,10.05,10.15,10.01,10.08,6056496,61007460.00
20161215,10.08,10.40,10.02,10.22,7295635,74467160.00
20161216,10.33,10.68,10.33,10.61,7223500,75731216.00
20161219,10.60,10.74,10.41,10.64,5569297,59030384.00
20161220,10.61,10.65,10.39,10.42,3775210,39575304.00
20161221,10.45,10.53,10.38,10.51,2619935,27410160.00
20161222,10.59,10.69,10.50,10.51,3930949,41633768.00
20161223,10.48,10.49,10.38,10.39,2845860,29643320.00
20161226,10.36,10.36,10.14,10.30,4180149,42693832.00
20161227,10.30,10.47,10.28,10.38,2731740,28353922.00
20161228,10.40,10.55,10.37,10.44,2664320,27862698.00
20161229,10.41,10.49,10.37,10.38,2361940,24613346.00
20161230,10.45,10.78,10.40,10.65,6139565,65371936.00
20170103,10.70,10.83,10.60,10.69,3808760,40694312.00
20170104,10.70,10.89,10.64,10.86,7057272,76168304.00
20170105,10.80,10.94,10.77,10.84,4020780,43654384.00
20170106,10.83,10.89,10.69,10.71,3607948,38802116.00
20170109,10.69,10.77,10.58,10.60,3985503,42351160.00
20170110,10.59,10.68,10.53,10.65,3056499,32426616.00
20170111,10.65,10.71,10.49,10.64,3860805,40911568.00
20170112,10.65,10.66,10.46,10.60,3080627,32521844.00
20170113,10.59,10.60,10.41,10.46,3115700,32746060.00
20170116,10.38,10.39,9.49,10.01,9454924,94437480.00
20170117,9.99,10.08,9.73,10.05,3737160,37151384.00
20170118,9.91,10.03,9.90,9.93,2557000,25464912.00
20170119,9.93,9.97,9.74,9.84,3140100,30851170.00
20170120,9.84,9.98,9.84,9.97,2997922,29695278.00
20170123,9.96,10.17,9.96,10.07,2392500,24098686.00
20170124,10.07,10.07,9.98,10.04,1851578,18561920.00
20170125,10.04,10.13,9.99,10.12,1645500,16611227.00
20170126,10.10,10.44,10.10,10.36,2925382,30026588.00
20170203,10.39,10.55,10.26,10.50,3122063,32594072.00
20170206,10.51,10.60,10.42,10.48,3025032,31786340.00
20170221,11.00,11.11,10.51,10.62,25474594,274862048.00
20170222,10.52,10.67,10.39,10.43,12480676,130996416.00
20170223,10.45,10.47,10.28,10.35,7753835,80132600.00
20170224,10.36,10.43,10.30,10.37,3865321,40071048.00
20170227,10.33,10.38,10.28,10.31,4926041,50862400.00
20170228,10.33,10.34,10.22,10.32,4116522,42317384.00
20170301,10.33,10.34,10.27,10.32,3622235,37340656.00
20170302,10.32,10.36,10.28,10.32,3590606,37065888.00
20170303,10.31,10.36,10.29,10.33,4001004,41263288.00
20170306,10.33,10.33,10.27,10.30,4578592,47132136.00
20170307,10.30,10.31,10.24,10.26,5067568,52016500.00
20170308,10.26,10.27,10.24,10.27,2367720,24284050.00
20170309,10.25,10.33,10.18,10.32,5855629,60085352.00
20170310,10.32,10.32,10.28,10.29,2480520,25546832.00
20170313,10.30,10.40,10.29,10.33,5789882,59943584.00
20170314,10.33,10.39,10.31,10.38,3010340,31155984.00
20170315,10.35,10.39,10.32,10.35,2616660,27085444.00
20170316,10.37,10.39,10.33,10.38,3544065,36731992.00
20170317,10.38,10.39,10.35,10.37,3742360,38821276.00
20170320,10.38,10.44,10.35,10.44,5059921,52503496.00
20170321,10.43,10.90,10.41,10.89,16619876,178720608.00
20170322,10.80,10.92,10.66,10.76,7452806,80366752.00
20170323,10.75,10.88,10.68,10.75,7222502,77928360.00
20170327,10.86,10.86,10.25,10.26,10630951,110965712.00
20170328,10.16,10.19,9.90,10.09,9562984,95846208.00
20170329,10.07,10.07,9.92,9.96,4095693,40879592.00
20170330,10.00,10.00,9.55,9.60,8660892,84236664.00
20170331,9.54,9.80,9.54,9.70,4012493,38915096.00
20170405,10.16,10.58,10.01,10.23,13487258,138426192.00
20170406,10.29,10.29,10.07,10.13,6794724,68950632.00
20170407,10.10,10.55,10.10,10.44,11016746,114960608.00
20170410,10.57,10.87,10.38,10.67,12433247,133059144.00
20170411,10.73,10.74,10.43,10.67,9769531,103421856.00
20170412,10.61,10.61,10.36,10.39,6835836,71581664.00
20170413,10.42,10.48,10.19,10.38,5535492,57231336.00
20170414,10.35,10.53,10.35,10.38,4779500,49805200.00
20170417,10.35,10.35,9.97,10.07,5709432,57838988.00
20170418,10.02,10.17,10.01,10.07,3194642,32234828.00
20170419,10.10,10.10,9.88,10.03,4730002,47136296.00
20170420,10.02,10.06,9.85,10.04,4755200,47222732.00
20170421,10.01,10.14,10.00,10.08,2735840,27570884.00
20170424,10.10,10.10,9.83,9.86,2965150,29346988.00
20170425,9.94,9.98,9.80,9.86,2529844,25045644.00
20170426,9.89,9.95,9.80,9.93,2245562,22153740.00
20170427,9.95,10.00,9.83,9.92,3463824,34325040.00
20170428,10.00,10.15,9.94,10.11,3931922,39567788.00
20170502,10.09,10.23,10.05,10.11,2600000,26321600.00
20170503,10.14,10.14,9.88,9.92,3686434,36736452.00
20170504,9.96,10.00,9.88,9.92,2270822,22566880.00
20170505,9.95,9.97,9.87,9.88,2469964,24464188.00
20170508,9.93,9.95,9.74,9.74,3343800,32909816.00
20170509,9.76,9.80,9.61,9.70,2797266,27121296.00
20170510,9.74,9.78,9.51,9.60,2981414,28817228.00
20170511,9.66,9.66,8.64,8.83,12973843,115092832.00
20170512,8.80,8.80,8.32,8.54,6187008,53065028.00
20170515,8.50,8.66,8.43,8.50,3318702,28221948.00
20170516,8.51,8.57,8.34,8.52,5360394,45260468.00
20170517,8.56,9.10,8.48,8.76,6680712,58445964.00
20170518,8.74,8.86,8.56,8.63,5163008,44898004.00
20170519,8.58,8.73,8.58,8.67,1911301,16559523.00
20170522,8.68,9.08,8.68,8.76,6256100,55443032.00
20170523,8.60,8.70,8.35,8.39,5061502,42976132.00
20170524,8.38,8.49,8.14,8.48,3259690,27094534.00
20170525,8.45,8.57,8.38,8.48,3217202,27282930.00
20170526,8.42,8.55,8.42,8.49,2718259,23080644.00
20170531,8.57,8.58,8.46,8.51,1830836,15611514.00
20170601,8.49,8.49,8.16,8.17,3572546,29593888.00
20170602,8.14,8.23,7.96,8.15,2937564,23782868.00
20170605,8.22,8.29,8.14,8.27,1675802,13786226.00
20170606,8.20,8.32,8.17,8.29,1166900,9643646.00
20170607,8.30,8.46,8.28,8.41,3065870,25715660.00
20170608,8.40,8.46,8.36,8.41,1933300,16235985.00
20170609,8.39,8.44,8.31,8.43,2180464,18276056.00
20170612,8.36,8.40,8.10,8.15,2932700,24223510.00
20170613,8.18,8.24,8.12,8.23,1816200,14879620.00
20170614,8.23,8.49,8.22,8.39,3788622,31693764.00
20170615,8.33,8.43,8.31,8.40,3468382,29041504.00
20170616,8.37,8.42,8.32,8.41,2158700,18070890.00
20170619,8.40,8.45,8.35,8.45,2149041,18068988.00
20170620,8.45,8.58,8.40,8.48,2938360,25000700.00
20170621,8.48,8.58,8.45,8.55,2679401,22845836.00
20170622,8.55,8.55,8.36,8.40,3383060,28657240.00
数据来源:通达信
