601139 深圳燃气 日线 前复权
      日期	    开盘	    最高	    最低	    收盘	    成交量	    成交额
20091225,7.95,9.53,7.95,9.25,94458620,1347095552.00
20091228,9.05,10.26,8.75,10.26,70545843,1074849280.00
20091229,9.83,11.10,9.83,10.37,63252271,1069191936.00
20091230,10.31,10.79,10.05,10.41,33292793,562762496.00
20091231,10.37,10.92,10.14,10.32,30525913,519213536.00
20100104,10.27,11.27,10.20,10.95,39640863,690438592.00
20100105,10.86,10.95,10.50,10.94,25611734,446244672.00
20100106,10.75,11.26,10.63,10.69,27255361,479488672.00
20100107,10.52,10.65,9.87,10.00,26736811,443356960.00
20100108,9.88,10.01,9.63,9.99,14741500,236257008.00
20100111,9.90,10.03,9.57,9.61,14983349,237753376.00
20100112,9.60,9.84,9.47,9.80,12398595,197538560.00
20100113,9.62,9.77,9.50,9.54,12526345,196933584.00
20100114,9.54,9.84,9.54,9.77,10268425,163040976.00
20100115,9.73,9.93,9.68,9.85,11025502,176699856.00
20100118,9.85,9.93,9.67,9.81,8405705,133963544.00
20100119,9.79,9.79,9.53,9.71,9050917,142789552.00
20100120,9.72,9.77,8.80,8.97,13843163,211855296.00
20100121,9.08,9.26,8.80,9.22,9302448,137329424.00
20100122,9.05,9.06,8.51,8.73,7008078,101702464.00
20100125,8.48,8.73,8.48,8.52,4278347,60614892.00
20100126,8.56,8.71,8.49,8.66,5877000,83462624.00
20100127,8.68,9.19,8.59,8.94,11918439,175104768.00
20100128,8.80,8.85,8.61,8.77,5728680,82335456.00
20100129,8.73,8.73,8.48,8.69,5596297,79674864.00
20100201,8.61,8.65,7.97,8.09,6990292,94252760.00
20100202,8.13,8.20,7.84,7.89,5519998,73563632.00
20100203,7.97,8.09,7.48,8.02,8264435,106976104.00
20100204,7.87,8.41,7.68,8.11,10170486,136364864.00
20100205,7.80,7.95,7.67,7.75,5205441,67565944.00
20100208,7.69,7.93,7.69,7.89,3961918,51719720.00
20100209,7.81,7.91,7.72,7.79,2879223,37416284.00
20100210,7.84,7.92,7.76,7.91,3160606,41317992.00
20100211,7.88,7.99,7.79,7.91,2998695,39420352.00
20100212,7.97,8.00,7.87,7.93,2846316,37504820.00
20100222,7.93,7.93,7.76,7.76,3551074,46202920.00
20100223,7.69,7.77,7.47,7.70,3784992,48174044.00
20100224,7.66,8.50,7.58,8.42,14789023,202117104.00
20100225,8.29,8.51,8.24,8.42,9295896,129045496.00
20100226,8.31,8.43,8.27,8.27,5594561,77056448.00
20100301,8.37,8.77,8.27,8.65,8514921,120671608.00
20100302,8.66,8.72,8.47,8.64,6095374,86249368.00
20100303,8.59,8.60,8.41,8.53,6049693,84985192.00
20100304,8.53,8.72,8.07,8.14,6447494,89753832.00
20100305,8.15,8.25,7.99,8.07,3799148,51284068.00
20100308,8.09,8.33,8.09,8.30,3897482,53376220.00
20100309,8.37,8.37,8.15,8.26,2652273,36385700.00
20100310,8.27,8.60,8.27,8.39,6002151,83962392.00
20100311,8.32,8.41,8.12,8.29,2749517,37610816.00
20100312,8.20,8.31,8.01,8.02,3132596,42203168.00
20100315,7.91,7.97,7.83,7.87,2118650,27825664.00
20100316,7.86,7.96,7.84,7.94,1428204,18780258.00
20100317,7.99,8.15,7.95,8.10,2640953,35408416.00
20100318,8.10,8.21,8.05,8.12,2821449,38011148.00
20100319,8.16,8.25,7.87,8.20,3025127,40970120.00
20100322,8.19,8.40,8.16,8.37,5134596,70763152.00
20100323,8.38,8.38,8.23,8.24,3293391,45172148.00
20100324,8.23,8.34,8.13,8.15,3500079,47758948.00
20100325,8.02,8.20,7.79,7.83,14934578,196684208.00
20100326,7.83,8.05,7.75,7.96,7009749,92117752.00
20100329,7.93,8.15,7.89,8.03,9014744,120207280.00
20100330,8.07,8.19,7.93,8.05,7920868,105855312.00
20100331,8.09,8.09,7.93,8.05,7316508,97339776.00
20100401,8.05,8.57,8.03,8.43,18676464,257781280.00
20100402,8.34,8.69,8.33,8.57,17241389,242688128.00
20100406,8.60,8.79,8.49,8.61,10756577,153000192.00
20100407,8.62,8.75,8.49,8.74,9483631,134812896.00
20100408,8.73,9.17,8.61,8.83,17919511,263246016.00
20100409,8.82,9.02,8.74,8.85,11410866,167243728.00
20100412,8.84,8.99,8.58,8.66,10221750,147319392.00
20100413,8.63,8.92,8.36,8.70,9598553,137047056.00
20100414,8.70,8.90,8.65,8.89,8501317,123418976.00
20100415,8.95,8.95,8.47,8.59,7675139,109977040.00
20100416,8.59,8.67,8.53,8.57,3664943,52024252.00
20100419,8.53,8.53,7.90,7.99,7673338,104996656.00
20100421,8.11,8.35,8.04,8.34,6149384,83816592.00
20100422,8.27,8.37,8.13,8.19,5263428,71651968.00
20100423,8.19,8.40,8.15,8.19,3942012,53935796.00
20100426,8.19,8.25,7.95,8.05,4206241,56344808.00
20100427,8.05,8.27,7.97,8.26,7689360,103796856.00
20100428,8.13,8.36,8.07,8.29,5765387,78813816.00
20100429,8.33,8.45,8.00,8.05,6176948,84986600.00
20100430,8.07,8.13,7.34,7.40,7970579,100930456.00
20100504,7.27,7.49,7.05,7.39,4278518,52282760.00
20100505,7.29,7.69,7.18,7.66,4263837,53460648.00
20100506,7.65,7.73,7.29,7.30,3499008,44033156.00
20100510,7.13,7.37,6.93,7.11,4048142,48619876.00
20100511,7.31,7.39,6.85,6.87,3209164,38226776.00
20100512,6.85,6.93,6.25,6.49,4480602,49879876.00
20100513,6.49,6.65,6.27,6.65,3164918,34975860.00
20100514,6.53,6.67,6.47,6.57,2442997,27243282.00
20100517,6.47,6.47,5.83,5.83,4154121,43742500.00
20100518,5.87,6.01,5.68,5.92,4350064,43872176.00
20100519,5.77,6.03,5.77,5.93,3239385,33024058.00
20100520,5.90,6.01,5.70,5.73,2934539,29713278.00
20100521,5.52,5.86,5.43,5.81,3314438,32355462.00
20100524,5.80,6.31,5.79,6.22,6457408,67673112.00
20100525,6.12,6.35,6.07,6.13,3884841,41135828.00
20100526,6.13,6.22,6.07,6.18,2118537,22312188.00
20100527,6.27,6.66,6.20,6.59,9441370,104327200.00
20100528,6.59,6.60,6.41,6.47,5224304,57603112.00
20100531,6.42,6.93,6.39,6.66,10639310,121093680.00
20100601,6.98,7.25,6.57,6.75,13574214,157463584.00
20100602,6.53,6.53,6.19,6.49,6967772,75423176.00
20100603,6.53,6.54,6.27,6.35,4764406,51995300.00
20100604,6.25,6.31,6.17,6.27,3112756,33183730.00
20100607,6.17,6.17,5.99,6.03,2654991,27421264.00
20100608,6.00,6.23,6.00,6.13,3048999,31645684.00
20100609,6.17,6.38,6.10,6.36,3933905,41590764.00
20100610,6.37,6.45,6.31,6.33,3397489,36527032.00
20100611,6.35,6.43,6.27,6.33,2587815,27727778.00
20100617,6.40,6.51,6.37,6.42,3214929,34861632.00
20100618,6.39,6.45,6.07,6.08,2917184,30799284.00
20100621,6.07,6.43,6.07,6.40,3072967,32675070.00
20100622,6.37,6.50,6.33,6.45,3204029,34702272.00
20100623,6.43,6.49,6.27,6.33,2548377,27411940.00
20100624,6.31,6.49,6.27,6.47,2786292,30200336.00
20100625,6.37,6.45,6.17,6.21,2385619,25322630.00
20100628,6.19,6.35,6.16,6.22,1909432,20247154.00
20100629,6.22,6.33,5.89,5.91,3155991,32580488.00
20100630,5.91,6.10,5.63,6.02,3142053,31558162.00
20100701,6.00,6.15,5.87,5.91,1735449,17729616.00
20100702,5.91,5.97,5.70,5.85,1966338,19497350.00
20100705,5.77,5.90,5.65,5.85,1314603,12989330.00
20100706,5.79,6.09,5.74,6.02,1916442,19444678.00
20100707,5.96,6.05,5.96,6.04,1256965,12834329.00
20100708,6.08,6.13,5.97,6.02,1382310,14188231.00
20100709,6.02,6.43,5.97,6.40,4216015,44600132.00
20100712,6.41,6.47,6.31,6.44,3276297,35408832.00
20100713,6.33,6.41,6.25,6.37,2358291,25215726.00
20100714,6.39,6.59,6.37,6.53,4959703,54341780.00
20100715,6.50,6.61,6.21,6.25,3733370,40588044.00
20100716,6.27,6.57,6.14,6.50,4241589,45588324.00
20100719,6.37,6.89,6.37,6.71,8842027,99912952.00
20100720,6.67,6.82,6.63,6.77,6762284,76597992.00
20100721,6.72,6.93,6.67,6.79,5509893,62961052.00
20100722,6.87,7.04,6.75,7.03,5907482,68269568.00
20100723,7.05,7.05,6.87,6.96,5978045,69508112.00
20100726,6.91,7.27,6.91,7.21,6447496,75896672.00
20100727,7.19,7.29,6.97,6.99,7073721,84097792.00
20100728,6.93,7.17,6.87,7.13,5059594,59391176.00
20100729,7.11,7.27,7.00,7.13,10303163,122658552.00
20100730,7.05,7.09,6.91,7.05,4813192,56316044.00
20100802,7.03,7.18,7.00,7.09,5883277,69713176.00
20100803,7.07,7.13,6.81,6.83,4992275,58292540.00
20100804,6.76,6.94,6.75,6.93,3058046,35074596.00
20100805,6.96,7.01,6.85,6.92,2384058,27581444.00
20100806,6.91,7.02,6.81,7.01,3262853,37879280.00
20100809,7.02,7.58,7.01,7.43,11716687,141708688.00
20100810,7.27,7.38,6.96,6.97,7932315,95110224.00
20100811,6.97,7.07,6.87,7.03,2966333,34618604.00
20100812,6.93,7.00,6.75,6.79,3302915,37960012.00
20100813,6.78,6.95,6.75,6.93,2405933,27620406.00
20100816,6.93,7.16,6.87,7.05,3802206,44716756.00
20100817,7.10,7.18,7.07,7.15,3743678,44571928.00
20100818,7.18,7.22,7.04,7.15,3215737,38121824.00
20100819,7.17,7.19,7.06,7.13,3265459,38836312.00
20100820,7.11,7.29,7.07,7.13,6444864,77242056.00
20100823,7.17,7.37,7.15,7.29,7175277,86973688.00
20100824,7.33,7.40,7.21,7.27,5432722,65898712.00
20100825,7.27,7.27,6.87,6.89,4685465,55104256.00
20100826,6.91,7.03,6.91,6.99,2450897,28531290.00
20100827,7.00,7.00,6.87,6.95,1729596,20056390.00
20100830,6.98,7.26,6.95,7.25,3508380,41458588.00
20100831,7.20,7.20,7.05,7.12,3012720,35744920.00
20100901,7.12,7.14,6.91,6.97,3356053,39398624.00
20100902,7.01,7.27,7.00,7.16,5720290,68199576.00
20100903,7.22,7.38,7.17,7.30,7581324,91995896.00
20100906,7.35,7.41,7.20,7.33,6008269,73049280.00
20100907,7.33,7.37,7.17,7.27,3736953,45091196.00
20100908,7.32,7.77,7.32,7.45,12766682,160327584.00
20100909,7.40,7.46,7.18,7.21,6605290,80289736.00
20100910,7.18,7.37,7.11,7.31,3553410,42935308.00
20100913,7.31,7.43,7.21,7.39,4690003,57306824.00
20100914,7.39,7.49,7.31,7.35,4295461,52808312.00
20100915,7.30,7.39,7.21,7.24,3451179,41927252.00
20100916,7.28,7.28,6.92,6.97,3849772,45296408.00
20100917,6.95,7.03,6.88,6.93,1930014,22434792.00
20100920,6.92,6.97,6.77,6.87,1560376,17984970.00
20100921,6.88,6.95,6.72,6.79,1349482,15413806.00
20100927,6.86,7.08,6.79,7.02,1902209,22210922.00
20100928,7.01,7.11,6.82,6.93,2083222,24234038.00
20100929,6.90,7.27,6.77,7.13,4282549,50294568.00
20100930,7.13,7.17,7.01,7.07,3120599,36949476.00
20101008,7.13,7.41,7.07,7.33,6673678,80889904.00
20101011,7.40,7.64,7.37,7.44,10692212,133471976.00
20101012,7.37,8.27,7.30,8.27,21892108,288668384.00
20101013,8.53,9.17,8.53,8.99,31628380,458301408.00
20101014,8.79,9.33,8.50,9.01,26507354,386408640.00
20101015,8.80,9.31,8.59,8.95,17324327,253029088.00
20101018,8.83,8.94,8.20,8.34,11419003,160153168.00
20101019,8.33,8.73,8.31,8.56,7073718,99045912.00
20101020,8.33,9.17,8.25,8.86,18777676,269399264.00
20101021,8.87,8.90,8.47,8.63,9735630,137516896.00
20101022,8.59,8.76,8.45,8.57,6931834,97784264.00
20101025,8.73,9.10,8.45,8.87,11958247,171952400.00
20101026,8.88,9.19,8.53,8.69,13885130,200782624.00
20101027,8.69,8.70,8.47,8.49,7154558,100325720.00
20101028,8.60,8.62,8.26,8.29,7803278,107647144.00
20101029,8.33,8.49,8.33,8.46,5007173,69274368.00
20101101,8.51,8.70,8.47,8.62,9018710,127312984.00
20101102,8.64,8.64,8.40,8.41,8951800,124311984.00
20101103,8.41,8.64,8.30,8.57,9212611,128752296.00
20101104,8.58,8.75,8.47,8.75,11017568,156116400.00
20101105,8.80,9.59,8.69,9.35,25403334,379713344.00
20101108,9.21,9.43,9.10,9.30,15009164,226488256.00
20101109,9.32,9.36,9.03,9.13,10832252,161930336.00
20101111,9.03,9.43,8.93,8.95,9833663,147177792.00
20101112,8.97,8.97,8.00,8.05,11818699,164871104.00
20101115,8.31,8.61,8.13,8.39,8381657,115055376.00
20101116,8.40,8.45,7.84,7.95,5918996,78838472.00
20101117,7.87,8.07,7.71,7.81,3618704,47207852.00
20101118,7.87,7.99,7.77,7.91,2727484,35494644.00
20101119,7.92,8.00,7.60,7.93,5274706,68198912.00
20101122,7.87,8.07,7.80,7.98,4059571,53306476.00
20101123,8.00,8.00,7.55,7.73,3209850,41192884.00
20101124,7.67,7.99,7.61,7.98,3307218,42982060.00
20101125,7.98,8.24,7.95,8.08,4838177,64634792.00
20101126,8.06,8.48,7.91,8.21,8349415,113168616.00
20101129,8.20,8.20,7.87,8.00,3916598,51608716.00
20101130,8.01,8.05,7.43,7.63,4354713,55564676.00
20101201,7.67,7.71,7.53,7.61,2150176,27119652.00
20101202,7.74,7.86,7.61,7.69,2731479,35084596.00
20101203,7.70,7.79,7.50,7.61,1783116,22503804.00
20101206,7.62,7.73,7.53,7.64,1843020,23333794.00
20101207,7.65,7.78,7.54,7.76,2512618,32046220.00
20101208,7.76,7.79,7.65,7.67,1870388,23906262.00
20101209,7.67,7.67,7.41,7.42,2353942,29381388.00
20101210,7.41,7.53,7.38,7.50,1601584,19831282.00
20101213,7.53,7.73,7.53,7.73,2565073,32607832.00
20101214,7.74,7.99,7.67,7.95,4371504,56700596.00
20101215,7.92,8.79,7.76,8.43,14895987,204800944.00
20101216,8.23,8.43,8.13,8.21,6815349,92600800.00
20101217,8.13,8.23,7.94,8.01,4041198,53594304.00
20101220,8.01,8.14,7.51,7.79,3956115,51423980.00
20101221,7.83,8.05,7.83,7.99,2950756,38759132.00
20101222,8.06,8.11,7.85,7.89,3451717,45346964.00
20101223,7.87,7.99,7.80,7.85,2294975,29901552.00
20101224,7.77,7.91,7.67,7.79,3104774,40109004.00
20101227,7.74,8.03,7.61,7.66,2644884,34401728.00
20101228,7.60,7.78,7.25,7.25,2427388,29969266.00
20101229,7.25,7.48,7.21,7.41,1701488,20866932.00
20101230,7.45,7.45,7.25,7.30,1368689,16697326.00
20101231,7.33,7.51,7.33,7.47,1745549,21552122.00
20110104,7.55,7.71,7.55,7.67,2877095,36467172.00
20110105,7.67,7.67,7.50,7.59,2387882,29987162.00
20110106,7.67,7.67,7.41,7.46,1863814,23185688.00
20110107,7.41,7.55,7.35,7.46,1810702,22426474.00
20110110,7.46,7.46,7.31,7.33,1496840,18360802.00
20110111,7.37,7.45,7.23,7.27,1220967,14807671.00
20110112,7.33,7.33,6.95,7.11,4449330,52752448.00
20110113,7.11,7.33,7.04,7.33,2791271,33533442.00
20110114,7.24,7.24,7.04,7.05,1665395,19782888.00
20110117,7.01,7.09,6.62,6.64,1858881,21235448.00
20110118,6.60,6.67,6.51,6.59,1131304,12551605.00
20110119,6.66,6.74,6.61,6.73,1157119,12972505.00
20110120,6.73,6.87,6.37,6.41,2219846,24677754.00
20110121,6.42,6.68,6.41,6.53,1699948,18792344.00
20110124,6.53,6.57,6.35,6.40,1229122,13333971.00
20110125,6.40,6.50,6.20,6.25,1291295,13703158.00
20110126,6.27,6.46,6.25,6.42,945957,10187013.00
20110127,6.39,6.57,6.32,6.54,1591546,17409180.00
20110128,6.53,6.70,6.48,6.63,1482959,16419380.00
20110131,6.54,6.73,6.54,6.71,1536653,17210378.00
20110201,6.77,6.79,6.66,6.69,1170701,13176961.00
20110209,6.59,6.68,6.47,6.47,1475120,16275227.00
20110210,6.47,6.67,6.47,6.66,1463785,16202050.00
20110211,6.66,6.94,6.63,6.93,4000930,45672060.00
20110214,6.96,7.31,6.83,7.29,4863061,57729304.00
20110215,7.29,8.02,7.16,7.59,11218499,141214688.00
20110216,7.51,7.82,7.45,7.64,7578935,95318584.00
20110217,7.56,7.77,7.39,7.48,4768910,59437944.00
20110218,7.47,7.57,7.17,7.27,3181877,38595272.00
20110221,7.20,7.38,7.16,7.37,2451647,29772456.00
20110222,7.39,7.45,7.07,7.07,2752777,33012566.00
20110223,7.07,7.25,7.01,7.21,1895670,22550468.00
20110224,7.19,7.25,7.07,7.17,1757107,21013742.00
20110225,7.17,7.28,7.07,7.21,1916129,22999944.00
20110228,7.20,7.43,7.11,7.40,2998383,36434288.00
20110301,7.39,7.40,7.27,7.32,2615433,31878198.00
20110302,7.31,7.39,7.20,7.25,1927250,23332922.00
20110303,7.25,7.33,7.20,7.22,1883019,22829228.00
20110304,7.22,7.34,7.19,7.33,2078514,25224972.00
20110307,7.33,7.61,7.33,7.53,5072746,63063200.00
20110308,7.56,7.56,7.39,7.46,2820076,34850560.00
20110309,7.46,7.53,7.42,7.45,2118027,26212926.00
20110310,7.48,7.50,7.23,7.24,3054683,37188784.00
20110311,7.21,7.31,7.13,7.14,2187141,26314682.00
20110314,7.13,7.23,7.11,7.17,1757243,20972356.00
20110315,7.20,7.23,6.77,6.92,3379142,39024588.00
20110316,6.92,7.01,6.86,6.98,2193785,25444592.00
20110317,6.97,7.17,6.71,6.95,2722041,31685090.00
20110318,6.97,7.03,6.91,6.96,1494594,17381602.00
20110321,6.94,7.04,6.88,6.94,1111885,12901526.00
20110322,6.99,6.99,6.83,6.93,1081711,12505700.00
20110323,6.97,7.06,6.90,7.05,1855540,21726988.00
20110324,7.07,7.15,6.97,6.98,1786375,20941102.00
20110325,7.02,7.07,6.98,7.04,1777291,20888970.00
20110328,7.04,7.41,7.04,7.31,5995081,72417208.00
20110329,7.22,7.29,7.07,7.09,3692231,44085252.00
20110330,7.05,7.14,6.91,6.93,2093866,24422264.00
20110331,6.91,7.01,6.78,6.79,1896274,21800982.00
20110401,6.84,6.90,6.77,6.89,989744,11344932.00
20110406,6.88,6.93,6.77,6.91,1366776,15701246.00
20110407,6.91,7.02,6.87,6.97,1521818,17729520.00
20110408,6.93,7.05,6.88,7.01,1580938,18488616.00
20110411,7.06,7.13,6.99,7.04,2489116,29309904.00
20110412,7.03,7.13,6.93,7.11,2442394,28745246.00
20110413,7.07,7.10,6.95,7.09,2296304,26940650.00
20110414,7.08,7.16,7.03,7.11,2520530,29897220.00
20110415,7.00,7.17,6.94,7.10,2809149,33157430.00
20110418,7.03,7.13,6.99,7.05,2295250,27038590.00
20110419,7.03,7.03,6.79,6.80,2731062,31302722.00
20110427,6.80,7.00,6.61,6.65,3014759,34390380.00
20110428,6.71,7.29,6.53,7.14,6784397,78948328.00
20110429,7.03,7.25,6.80,7.20,7344401,87063416.00
20110503,7.20,7.35,7.01,7.33,6745329,81035528.00
20110504,7.26,7.43,7.11,7.23,6486545,78491504.00
20110505,7.22,7.37,7.13,7.34,5585343,67959920.00
20110506,7.34,7.34,7.07,7.12,4150209,49692616.00
20110509,7.14,7.61,7.09,7.51,8911091,109680488.00
20110510,7.49,7.68,7.42,7.52,8020949,100193080.00
20110511,7.47,7.63,7.37,7.53,5552915,69211592.00
20110512,7.46,7.51,7.28,7.30,4347945,53494008.00
20110513,7.29,7.82,7.27,7.77,9652294,121360288.00
20110516,7.69,7.87,7.67,7.78,9680162,124665368.00
20110517,7.79,8.00,7.63,7.87,9824178,127357104.00
20110518,7.84,7.93,7.65,7.89,5659162,72747632.00
20110519,7.83,7.91,7.67,7.68,4031634,51690060.00
20110520,7.67,7.75,7.55,7.59,3814088,48313836.00
20110523,7.62,7.68,6.87,7.00,6728568,81297472.00
20110524,6.87,6.99,6.72,6.91,3587400,41139088.00
20110525,6.95,6.97,6.75,6.76,2287743,26205914.00
20110527,6.70,6.85,6.60,6.71,2015677,22785902.00
20110530,6.69,6.85,6.58,6.75,1607875,18235374.00
20110531,6.83,7.05,6.73,7.01,2629304,30439066.00
20110601,6.97,7.07,6.89,6.96,1803913,20977920.00
20110602,6.90,6.90,6.53,6.73,2736228,30756084.00
20110603,6.69,6.87,6.68,6.81,2048474,23290922.00
20110607,6.73,6.81,6.67,6.79,2014085,22783202.00
20110608,6.74,6.79,6.64,6.72,2299661,25893890.00
20110609,6.67,6.76,6.44,6.45,1907510,21226084.00
20110610,6.46,6.50,6.22,6.35,2188510,23437134.00
20110613,6.29,6.47,6.20,6.43,1268051,13673832.00
20110614,6.43,6.57,6.40,6.55,2382762,26156768.00
20110615,6.55,6.55,6.41,6.43,1085435,11822106.00
20110616,6.34,6.35,6.23,6.26,1543856,16421036.00
20110617,6.26,6.31,6.10,6.10,1293619,13605679.00
20110620,6.07,6.11,5.90,5.95,1559273,15902909.00
20110621,5.98,6.06,5.95,6.01,1232674,12567343.00
20110622,6.05,6.07,5.87,5.98,1033156,10530528.00
20110623,5.97,6.11,5.85,6.07,2122797,21553758.00
20110624,6.07,6.26,6.01,6.20,3079075,32124296.00
20110627,6.19,6.33,6.15,6.23,2476473,26185760.00
20110628,6.31,6.31,6.18,6.26,1530914,16123498.00
20110629,6.31,6.31,6.14,6.15,1723241,17874642.00
20110630,6.15,6.29,6.12,6.27,2630387,27399040.00
20110701,6.31,6.34,6.24,6.27,1729785,18162698.00
20110704,6.29,6.47,6.28,6.42,3468508,36899588.00
20110705,6.43,6.47,6.35,6.44,2350219,25172346.00
20110706,6.45,6.57,6.36,6.51,3498158,37692668.00
20110707,6.48,6.52,6.38,6.40,2912366,31299656.00
20110708,6.41,6.44,6.38,6.42,1689514,18042818.00
20110711,6.43,6.51,6.39,6.45,2001089,21465480.00
20110712,6.44,6.44,6.23,6.24,2363468,24844912.00
20110713,6.26,6.53,6.20,6.46,3817728,40597712.00
20110714,6.46,6.75,6.43,6.71,7601743,83687928.00
20110715,6.69,6.77,6.61,6.71,3809046,42377824.00
20110718,6.69,6.74,6.56,6.67,2425290,26741652.00
20110719,6.61,6.79,6.54,6.70,4304206,47561228.00
20110720,6.67,6.70,6.53,6.57,4345089,47957848.00
20110721,6.52,6.55,6.43,6.43,1937314,20908186.00
20110722,6.49,6.52,6.43,6.45,913110,9842994.00
20110725,6.45,6.49,6.15,6.18,2124237,22290762.00
20110726,6.19,6.27,6.16,6.25,958341,9952930.00
20110727,6.25,6.44,6.19,6.42,1537084,16265796.00
20110728,6.37,6.37,6.29,6.34,789905,8343073.00
20110729,6.39,6.45,6.29,6.39,1210222,12857952.00
20110801,6.35,6.63,6.35,6.57,2244586,24451352.00
20110802,6.57,6.69,6.45,6.67,2264556,24828608.00
20110803,6.54,6.79,6.53,6.76,3623576,40507496.00
20110804,6.74,6.86,6.65,6.67,2403867,26911838.00
20110805,6.49,6.67,6.42,6.51,2081676,22581416.00
20110808,6.48,6.58,5.95,6.46,3040279,32397208.00
20110809,6.22,6.49,6.15,6.44,1842989,19528520.00
20110810,6.53,7.01,6.53,6.83,5332327,59956432.00
20110811,6.67,7.15,6.65,7.01,5511962,63262608.00
20110812,7.01,7.23,6.95,7.03,5796558,67736568.00
20110815,7.07,7.07,6.89,6.99,3731390,42915236.00
20110816,6.98,7.13,6.80,6.89,4905375,56213116.00
20110817,6.81,7.09,6.68,7.03,7890249,90324232.00
20110818,6.96,7.03,6.81,7.01,4919330,56214912.00
20110819,6.79,7.19,6.75,7.03,5738146,66602728.00
20110822,6.95,7.12,6.92,6.99,2932487,33983172.00
20110823,7.07,7.11,6.90,7.01,2408353,27778792.00
20110824,7.05,7.05,6.81,6.84,3499371,40093692.00
20110825,6.89,7.00,6.81,6.97,2507264,28689704.00
20110826,6.93,7.17,6.93,7.11,3894127,45559128.00
20110829,7.06,7.11,6.95,7.01,2093647,24288476.00
20110830,7.05,7.07,6.82,6.83,2285580,26253778.00
20110831,6.84,6.87,6.66,6.79,2068091,23160128.00
20110901,6.82,6.87,6.63,6.67,1179714,13169853.00
20110902,6.67,6.71,6.57,6.61,1042047,11437547.00
20110905,6.55,6.55,6.41,6.44,1210256,13005278.00
20110906,6.39,6.51,6.37,6.46,662825,7143083.50
20110907,6.53,6.65,6.49,6.62,1016866,11120689.00
20110908,6.63,6.66,6.52,6.53,694651,7605019.50
20110909,6.62,6.63,6.48,6.49,833569,9066553.00
20110913,6.43,6.45,6.37,6.44,473172,5055713.50
20110914,6.49,6.55,6.34,6.53,701537,7546345.00
20110915,6.53,6.58,6.49,6.50,481804,5237440.50
20110916,6.53,6.59,6.47,6.49,501139,5451848.50
20110919,6.49,6.60,6.42,6.55,1060420,11552679.00
20110920,6.52,6.57,6.42,6.52,663684,7163487.00
20110921,6.49,6.81,6.49,6.74,1848976,20537172.00
20110922,6.68,6.75,6.42,6.43,1391208,15221836.00
20110923,6.35,6.55,6.29,6.46,1252493,13367502.00
20110926,6.42,6.51,6.32,6.39,729378,7778320.00
20110927,6.46,6.61,6.42,6.60,1017536,11037662.00
20110928,6.60,6.62,6.43,6.48,616259,6702714.00
20110929,6.45,6.55,6.42,6.45,723289,7811905.50
20110930,6.48,6.52,6.22,6.28,1255078,13169997.00
20111010,6.28,6.42,6.28,6.32,748029,7922255.00
20111011,6.53,6.57,6.23,6.32,766107,8158706.00
20111012,6.25,6.50,6.25,6.48,2157791,23147936.00
20111013,6.50,6.75,6.49,6.69,6835142,75222832.00
20111014,6.66,6.66,6.43,6.52,3139412,34123716.00
20111017,6.53,6.60,6.32,6.41,2368301,25352446.00
20111018,6.39,6.39,6.25,6.27,1796510,18934932.00
20111019,6.26,6.35,6.17,6.19,1288754,13420708.00
20111020,6.19,6.19,5.81,6.02,2929413,29375820.00
20111021,5.95,6.03,5.86,5.90,698471,6969536.50
20111024,5.95,6.19,5.90,6.13,1294227,13084709.00
20111025,6.12,6.25,6.04,6.21,1643198,16978462.00
20111026,6.22,6.29,6.12,6.25,2494331,25968066.00
20111027,6.28,6.29,6.19,6.24,1370867,14296706.00
20111028,6.25,6.38,6.25,6.34,1478098,15585122.00
20111031,6.34,6.36,6.23,6.29,1249875,13072296.00
20111101,6.29,6.39,6.23,6.33,1367227,14476064.00
20111102,6.22,6.59,6.17,6.52,2429198,26048952.00
20111103,6.51,6.62,6.47,6.53,2973209,32351598.00
20111104,6.52,6.69,6.45,6.61,2300225,25306764.00
20111107,6.50,6.69,6.49,6.63,1142562,12567660.00
20111108,6.62,6.67,6.47,6.55,1343502,14693645.00
20111109,6.57,6.59,6.45,6.59,1913143,20699224.00
20111110,6.49,6.62,6.47,6.52,2362408,25644294.00
20111111,6.50,6.82,6.49,6.71,3291757,36722588.00
20111114,6.73,7.03,6.73,6.91,3658072,41604204.00
20111115,6.91,7.09,6.82,6.98,3157833,36329960.00
20111116,6.95,7.04,6.82,6.93,2877939,33016324.00
20111117,6.95,7.20,6.94,6.97,4488512,52158472.00
20111118,7.02,7.05,6.89,7.00,6097864,70302864.00
20111121,6.99,7.09,6.85,7.01,2148787,24783670.00
20111122,7.01,7.15,6.94,7.05,2689867,31327062.00
20111123,7.09,7.29,7.09,7.21,4481265,53387972.00
20111124,7.19,7.26,6.63,6.93,5103861,59706644.00
20111125,6.85,7.10,6.82,7.07,2107393,24445510.00
20111128,7.07,7.26,7.07,7.26,2662680,31691466.00
20111129,7.31,7.33,7.15,7.25,2354692,28088338.00
20111130,7.26,7.26,6.90,7.10,2143835,25132704.00
20111201,7.25,7.41,7.06,7.07,4827736,57274416.00
20111202,7.10,7.24,6.95,7.06,1673733,19655710.00
20111205,6.97,7.08,6.59,6.62,3941686,44225068.00
20111206,6.63,6.74,6.42,6.61,3074697,33549792.00
20111207,6.62,6.62,6.48,6.53,1335594,14495340.00
20111208,6.47,6.60,6.43,6.53,1029088,11170757.00
20111209,6.53,7.07,6.47,6.89,3454384,39111104.00
20111212,6.82,6.95,6.72,6.83,1318584,14924077.00
20111213,6.67,6.81,6.54,6.69,2131794,23580346.00
20111214,6.69,6.85,6.60,6.75,866478,9715767.00
20111215,6.76,6.85,6.57,6.75,1267334,14129434.00
20111216,6.69,6.97,6.57,6.95,1613098,18084734.00
20111219,6.89,7.07,6.82,7.03,5559692,64099668.00
20111220,6.94,7.09,6.93,7.01,1364937,15801432.00
20111221,7.02,7.09,6.90,6.95,789469,9122093.00
20111222,6.85,7.00,6.69,6.97,1303073,14811271.00
20111223,6.83,7.08,6.83,6.99,1554176,17885984.00
20111226,6.89,6.99,6.75,6.78,670077,7586890.00
20111227,6.82,6.82,6.63,6.67,645899,7196963.00
20111228,6.76,7.35,6.74,6.89,3854956,44214384.00
20111229,6.69,6.81,6.58,6.68,2557758,28223058.00
20111230,6.62,6.72,6.49,6.69,2075023,22751756.00
20120104,6.70,6.78,6.63,6.67,770238,8553920.00
20120105,6.67,6.72,6.08,6.35,2372857,25034768.00
20120106,6.21,6.29,6.11,6.23,1146952,11835706.00
20120109,6.22,6.45,6.15,6.38,1259416,13319646.00
20120110,6.35,6.70,6.32,6.66,1471292,16095469.00
20120111,6.67,6.79,6.56,6.65,615391,6809097.00
20120112,6.56,6.79,6.51,6.65,1336860,14848855.00
20120113,6.71,6.71,6.36,6.45,819279,8844445.00
20120116,6.45,6.45,6.17,6.29,499933,5255940.00
20120117,6.35,6.59,6.26,6.55,2041873,21704620.00
20120118,6.49,6.70,6.33,6.43,1449852,15792637.00
20120119,6.29,6.55,6.29,6.51,978792,10586285.00
20120120,6.45,6.59,6.45,6.58,1261051,13672294.00
20120130,6.57,6.62,6.51,6.54,956698,10423568.00
20120131,6.37,6.51,6.37,6.42,2212874,23724548.00
20120201,6.45,6.45,6.35,6.37,360709,3843854.25
20120202,6.38,6.47,6.37,6.46,281309,3013261.00
20120203,6.47,6.54,6.43,6.50,592297,6392167.00
20120206,6.73,7.08,6.54,6.66,3233254,36089172.00
20120207,6.47,6.63,6.47,6.54,1269495,13751324.00
20120208,6.52,6.67,6.49,6.65,2158351,23670022.00
20120209,6.64,6.69,6.59,6.63,1315993,14505306.00
20120210,6.62,6.71,6.59,6.65,1243734,13743167.00
20120213,6.65,6.65,6.53,6.61,909197,9954850.00
20120214,6.61,6.65,6.44,6.55,1616291,17535176.00
20120215,6.50,6.63,6.49,6.59,1394642,15251727.00
20120216,6.59,6.66,6.53,6.58,1157518,12680673.00
20120217,6.57,6.75,6.52,6.72,2634725,29122612.00
20120220,6.77,6.79,6.62,6.68,2691902,29904904.00
20120221,6.67,6.73,6.57,6.68,1210217,13338194.00
20120222,6.66,6.77,6.57,6.77,2619095,29081914.00
20120223,6.73,6.87,6.67,6.83,3356381,37751044.00
20120224,6.82,6.89,6.75,6.85,2939377,33302298.00
20120227,6.85,6.99,6.79,6.80,3716140,42355356.00
20120228,6.79,6.88,6.73,6.81,2997130,33668372.00
20120229,6.81,6.99,6.75,6.83,5022643,57260604.00
20120301,6.75,6.82,6.70,6.75,2142986,23980648.00
20120302,6.75,6.86,6.72,6.83,2063781,23275724.00
20120305,6.85,6.97,6.79,6.91,4087547,46609428.00
20120306,6.84,6.87,6.63,6.74,2449436,27480288.00
20120307,6.67,6.93,6.65,6.82,2811390,31749590.00
20120308,6.83,7.08,6.83,6.97,4858737,56143228.00
20120309,6.97,7.05,6.92,7.03,2641055,30518580.00
20120312,7.09,7.15,6.93,7.00,2884793,33519550.00
20120313,6.99,7.16,6.98,7.15,2689840,31518790.00
20120314,7.15,7.15,6.72,6.85,3425377,39414944.00
20120315,6.85,6.91,6.62,6.71,2799343,31202446.00
20120316,6.75,6.85,6.63,6.83,1796739,20136354.00
20120319,6.82,7.00,6.70,6.97,2633338,29836026.00
20120320,7.02,7.18,6.83,7.09,4516798,52431204.00
20120321,7.02,7.07,6.89,7.02,1881689,21724396.00
20120322,6.99,7.13,6.81,6.82,2994621,34586156.00
20120323,6.75,6.85,6.72,6.77,1643888,18475956.00
20120326,6.85,6.85,6.69,6.77,889312,9953799.00
20120327,6.79,6.91,6.79,6.83,1478943,16767452.00
20120330,6.55,6.83,6.49,6.67,2549448,28268836.00
20120405,6.72,6.91,6.62,6.88,1595394,17917930.00
20120406,6.89,6.95,6.81,6.91,1149928,13107153.00
20120409,6.89,7.02,6.87,6.90,2049782,23577030.00
20120410,6.89,7.01,6.75,7.00,1748455,19936712.00
20120411,6.93,7.15,6.91,7.08,3637342,42463300.00
20120412,7.08,7.29,7.01,7.26,4052125,47835856.00
20120413,7.25,7.28,7.09,7.14,2958860,35079576.00
20120416,7.14,7.24,7.09,7.21,1891438,22417182.00
20120417,7.17,7.31,7.03,7.08,2026744,23901214.00
20120418,7.15,7.27,7.07,7.24,1897515,22532500.00
20120419,7.25,7.27,7.14,7.19,1546933,18402100.00
20120420,7.17,7.30,7.15,7.29,2782001,33181568.00
20120424,7.24,7.32,7.03,7.22,3273732,38643288.00
20120425,7.17,7.58,7.11,7.55,4326773,52272016.00
20120426,7.55,7.72,7.43,7.51,4840797,60070228.00
20120427,7.61,7.61,7.45,7.51,2344284,28974772.00
20120502,7.61,7.69,7.51,7.66,3026118,37827732.00
20120503,7.61,7.65,7.39,7.47,2978333,36707852.00
20120504,7.53,7.55,7.43,7.53,2426250,29886768.00
20120507,7.50,7.62,7.43,7.57,2384476,29541786.00
20120508,7.59,7.77,7.39,7.75,3733878,46684656.00
20120509,7.76,7.93,7.62,7.64,5296090,67347648.00
20120510,7.65,7.92,7.65,7.79,3617226,46294204.00
20120511,7.71,7.79,7.49,7.55,2847426,35575320.00
20120514,7.67,7.85,7.59,7.71,3555508,45056524.00
20120515,7.63,7.72,7.46,7.69,2603183,32324530.00
20120516,7.69,7.83,7.61,7.75,3389543,42973124.00
20120517,7.73,7.87,7.63,7.77,2141918,27153666.00
20120518,7.69,7.74,7.45,7.48,1949466,24198312.00
20120521,7.45,7.57,7.30,7.35,2294737,27968992.00
20120522,7.39,7.49,7.39,7.47,2230562,27279676.00
20120523,7.47,7.65,7.41,7.59,2163648,26707214.00
20120524,7.67,7.72,7.36,7.38,2032275,25062668.00
20120525,7.39,7.43,7.31,7.33,1320140,15988218.00
20120528,7.31,7.41,7.12,7.40,1467058,17514888.00
20120529,7.41,7.50,7.35,7.47,1328401,16218922.00
20120530,7.48,7.48,7.33,7.37,1144126,13909522.00
20120531,7.32,7.54,7.25,7.47,1696428,20679178.00
20120601,7.48,7.53,7.42,7.52,2030029,24946742.00
20120604,7.33,7.48,7.31,7.33,1303613,15823700.00
20120605,7.33,7.45,7.27,7.45,1365413,16557237.00
20120606,7.43,7.51,7.37,7.41,669108,8169887.00
20120607,7.44,7.60,7.44,7.47,1720722,21248486.00
20120608,7.65,7.65,7.47,7.49,1378402,17066944.00
20120611,7.51,7.51,7.29,7.47,1311945,15957895.00
20120612,7.47,7.47,7.32,7.36,1036495,12558073.00
20120613,7.40,7.63,7.34,7.61,2666828,32878056.00
20120614,7.61,7.72,7.50,7.66,2534885,20932616.00
20120615,7.55,7.74,7.43,7.70,3076876,25193704.00
20120618,7.73,7.73,7.59,7.65,2152593,17832412.00
20120619,7.66,7.66,7.51,7.54,1426847,11691963.00
20120620,7.55,8.07,7.43,7.82,4367115,36705184.00
20120621,7.72,7.77,7.45,7.50,3377111,27639426.00
20120625,7.47,7.49,7.27,7.38,2743494,21966166.00
20120626,7.40,7.44,7.22,7.29,1534569,12152262.00
20120627,7.25,7.42,7.24,7.40,1723888,13778329.00
20120628,7.38,7.50,7.36,7.36,1900886,15366397.00
20120629,7.35,7.47,7.25,7.45,1740137,13915983.00
20120702,7.49,7.52,7.35,7.51,2087335,16817100.00
20120703,7.52,7.78,7.43,7.67,3449051,28503980.00
20120704,7.66,7.79,7.58,7.67,2185124,18232594.00
20120705,7.67,7.78,7.55,7.57,1692066,13964105.00
20120706,7.59,7.74,7.57,7.66,2505419,20759130.00
20120709,7.62,7.72,7.40,7.49,2969340,24395220.00
20120710,7.47,7.48,7.30,7.41,1786851,14295037.00
20120711,7.38,7.49,7.31,7.48,1173645,9451382.00
20120712,7.50,7.60,7.40,7.55,2161802,17547038.00
20120713,7.50,7.61,7.50,7.58,1642919,13475732.00
20120716,7.58,7.67,7.32,7.39,4016623,32727170.00
20120717,7.20,7.43,7.20,7.36,1479637,11823630.00
20120718,7.35,7.58,7.34,7.56,1539689,12399098.00
20120719,7.59,7.64,7.55,7.59,1763702,14499921.00
20120720,7.58,7.58,7.48,7.51,562150,4584505.00
20120723,7.39,7.52,7.35,7.45,786996,6338337.00
20120724,7.45,7.62,7.42,7.56,884857,7217646.50
20120725,7.51,7.56,7.27,7.46,873050,7044941.50
20120726,7.46,7.46,7.32,7.36,1300447,10405270.00
20120727,7.39,7.42,7.33,7.35,748697,5978781.50
20120730,7.36,7.40,7.33,7.36,820181,6550704.00
20120731,7.37,7.39,6.82,6.93,2834378,21741874.00
20120801,6.88,7.02,6.82,6.88,1376070,10371636.00
20120802,6.88,6.94,6.67,6.76,1417108,10473806.00
20120803,6.80,7.07,6.68,7.06,1586502,11908597.00
20120806,6.97,7.25,6.92,7.19,2126715,16511977.00
20120807,7.23,7.40,7.23,7.27,1709850,13597432.00
20120808,7.27,7.43,7.15,7.29,2466314,19548394.00
20120809,7.34,7.46,7.22,7.40,2062892,16529002.00
20120810,7.40,7.42,7.20,7.26,2530348,19966080.00
20120813,7.27,7.29,7.17,7.22,877195,6894247.00
20120814,7.18,7.28,7.07,7.20,1305313,10196446.00
20120815,7.24,7.24,6.93,7.06,869479,6721895.50
20120816,7.05,7.24,7.03,7.12,814594,6349933.00
20120817,7.18,7.31,7.11,7.25,1176722,9265687.00
20120820,7.17,7.32,7.17,7.31,1177757,9309434.00
20120821,7.32,7.40,7.27,7.38,2113032,16793242.00
20120822,7.46,7.46,7.22,7.29,1024193,8109334.50
20120823,7.31,7.37,7.22,7.29,1367755,10841843.00
20120824,7.31,7.31,7.12,7.25,1160599,9086140.00
20120827,7.17,7.70,7.07,7.51,3338735,26899366.00
20120828,7.39,7.77,7.39,7.73,4697988,38797216.00
20120829,7.67,7.80,7.52,7.61,3114853,25926930.00
20120830,7.61,8.16,7.57,8.10,8177725,69794056.00
20120831,8.06,8.48,7.85,7.92,9504564,83453856.00
20120903,7.83,8.12,7.77,8.06,5600832,48436588.00
20120904,8.06,8.34,7.88,7.94,4752757,41642524.00
20120905,7.92,7.92,7.76,7.84,2723693,23020702.00
20120906,7.83,8.03,7.81,7.92,2645944,22580144.00
20120907,7.97,8.32,7.97,8.15,5284467,46680460.00
20120910,8.30,8.62,8.10,8.40,5162653,46582068.00
20120911,8.24,8.36,8.17,8.30,3980214,35291104.00
20120912,8.20,8.51,8.20,8.37,4083541,36779672.00
20120913,8.47,8.73,8.38,8.39,6055464,55682552.00
20120914,8.57,8.57,8.17,8.42,7523779,67351208.00
20120917,8.36,8.36,7.89,7.92,5994033,52200560.00
20120918,7.87,8.11,7.75,7.83,4854596,41255312.00
20120919,7.87,7.91,7.74,7.85,2167274,18339998.00
20120920,7.85,7.87,7.56,7.63,4081293,33896432.00
20120921,7.60,7.91,7.54,7.76,3106665,26200584.00
20120924,7.77,8.00,7.69,7.92,3111636,26569414.00
20120925,7.83,7.84,7.70,7.76,1748980,14682698.00
20120926,7.76,7.77,7.37,7.49,2952350,24032240.00
20120927,7.39,7.72,7.39,7.63,1782762,14618717.00
20120928,7.63,7.87,7.52,7.81,1937665,16196392.00
20121008,7.80,7.87,7.69,7.81,2135452,17931880.00
20121009,7.82,8.01,7.80,8.00,2595646,22264362.00
20121010,7.97,8.12,7.97,8.01,2216252,19206676.00
20121011,8.01,8.01,7.81,7.95,1927305,16469309.00
20121012,7.95,8.25,7.94,8.15,5989016,52178524.00
20121015,8.16,8.46,8.05,8.19,7929794,70457616.00
20121016,8.13,8.16,7.97,8.03,3943999,34232644.00
20121017,8.03,8.07,7.81,7.82,3330028,28326626.00
20121018,7.84,7.91,7.80,7.89,4489501,38131556.00
20121019,7.89,7.92,7.85,7.85,1587547,13513283.00
20121022,7.85,8.17,7.82,8.16,6069435,52849212.00
20121023,8.07,8.19,8.02,8.08,2559562,22362356.00
20121024,8.07,8.32,7.87,7.94,3305379,28807088.00
20121025,7.96,8.31,7.82,8.22,7315359,63742348.00
20121026,8.13,8.23,7.84,7.95,4471790,38681324.00
20121029,7.99,8.12,7.77,8.09,5130457,44492888.00
20121030,8.07,8.27,8.07,8.13,4680719,41319072.00
20121031,8.13,8.76,8.03,8.49,14646533,133013296.00
20121101,8.41,8.70,8.37,8.50,10228419,93336024.00
20121102,8.50,8.59,8.38,8.47,5157973,47061936.00
20121105,8.47,8.79,8.44,8.54,9551171,88557944.00
20121106,8.47,8.64,8.12,8.57,8033844,72117624.00
20121107,8.54,8.62,8.39,8.45,3913190,35780740.00
20121108,8.32,8.58,8.22,8.38,4333200,39276660.00
20121109,8.38,8.55,8.18,8.36,4464666,40147516.00
20121112,8.28,8.43,8.24,8.35,2439020,21879882.00
20121113,8.37,8.42,8.22,8.34,3021616,27021676.00
20121114,8.24,8.42,7.96,8.41,4354156,38506040.00
20121115,8.38,8.38,8.18,8.29,1644049,14619408.00
20121116,8.24,8.24,7.86,8.01,3701510,32048878.00
20121119,7.95,8.11,7.93,8.06,1280548,11066126.00
20121120,8.07,8.25,8.07,8.12,1876013,16497902.00
20121121,8.12,8.33,7.97,8.32,1921905,16908540.00
20121122,8.29,8.62,8.25,8.45,5653451,51520712.00
20121123,8.46,8.61,8.32,8.60,3906399,35764624.00
20121126,8.59,8.59,8.36,8.43,2172873,19724434.00
20121127,8.35,8.35,8.02,8.15,3208967,28189302.00
20121128,8.09,8.32,7.87,8.26,2362338,20677978.00
20121129,8.26,8.31,7.95,7.98,3520449,30533894.00
20121130,8.09,8.12,7.82,8.09,2369228,20415084.00
20121203,8.08,8.24,8.02,8.13,1958975,17170958.00
20121204,8.17,8.50,8.13,8.44,4186437,37548856.00
20121205,8.46,8.72,8.35,8.67,6940606,64052084.00
20121206,8.62,8.98,8.42,8.73,8814097,82180392.00
20121207,8.68,8.94,8.57,8.66,8217020,77226856.00
20121210,8.66,8.69,8.54,8.59,4990625,46129104.00
20121211,8.59,8.69,8.50,8.55,3577438,32955374.00
20121212,8.37,8.47,8.02,8.16,27309471,241036736.00
20121213,8.07,8.31,7.99,8.18,8636452,76045248.00
20121214,8.23,8.53,8.18,8.47,15273962,136997536.00
20121217,8.45,8.56,8.34,8.35,7088558,63988884.00
20121218,8.34,8.42,8.17,8.31,7619391,67877488.00
20121219,8.29,8.44,8.29,8.42,6599035,59429868.00
20121220,8.43,8.55,8.37,8.52,7297124,66500348.00
20121221,8.52,8.53,8.25,8.27,6960777,62865160.00
20121224,8.21,8.52,8.07,8.50,7374080,65348476.00
20121225,8.45,8.73,8.40,8.69,10560286,97871616.00
20121226,8.69,8.79,8.56,8.71,8085867,75067376.00
20121227,8.69,8.79,8.40,8.68,10001066,92780064.00
20121228,8.63,8.69,8.53,8.61,5687062,52441084.00
20121231,8.64,9.02,8.61,8.90,9241710,87546048.00
20130104,8.93,9.03,8.72,8.82,7035322,66714560.00
20130107,8.81,9.32,8.75,9.29,11131818,108626448.00
20130108,9.26,9.52,9.07,9.23,7085189,70254000.00
20130109,9.21,9.51,9.12,9.44,6416136,64122428.00
20130110,9.45,9.50,9.28,9.37,3740741,37355932.00
20130111,9.42,9.42,8.62,8.84,21437977,203860432.00
20130114,8.78,9.07,8.65,9.00,14104281,133860360.00
20130115,8.98,9.07,8.89,9.00,10668418,102563232.00
20130116,8.97,8.97,8.74,8.81,9276865,87724744.00
20130117,8.79,8.97,8.72,8.89,5173079,49003720.00
20130118,8.87,8.97,8.83,8.93,5401461,51496140.00
20130121,8.94,9.18,8.88,9.15,8488285,82114472.00
20130122,9.10,9.10,8.84,8.88,6196009,59273356.00
20130123,8.86,8.91,8.68,8.87,7055406,66217388.00
20130124,8.87,8.90,8.48,8.71,6221911,58061632.00
20130125,8.68,8.71,8.55,8.62,2604044,24116818.00
20130128,8.61,8.82,8.57,8.77,4045716,37879912.00
20130129,8.78,8.91,8.72,8.87,4003769,37840740.00
20130130,8.87,8.92,8.64,8.87,5684830,53675948.00
20130131,8.81,8.85,8.70,8.74,3918456,36751576.00
20130201,8.70,8.92,8.68,8.92,4796715,45391464.00
20130204,8.91,9.02,8.79,8.93,5993360,57264184.00
20130205,8.89,9.04,8.79,9.01,4246966,40737328.00
20130206,8.99,9.08,8.91,8.98,4321739,41480256.00
20130207,8.98,9.14,8.98,9.06,4956107,48046964.00
20130208,9.10,9.23,9.04,9.19,6237871,61006472.00
20130218,9.26,9.47,9.13,9.20,7391252,73431560.00
20130219,9.21,9.21,8.93,8.95,4272551,41234088.00
20130220,8.93,9.47,8.88,9.41,14382464,143421264.00
20130221,9.51,9.53,9.22,9.39,12528290,125776984.00
20130222,9.36,9.49,9.09,9.30,8660978,86198936.00
20130225,9.32,9.78,9.22,9.71,16367656,167116528.00
20130226,9.72,9.81,9.39,9.49,10578532,108722672.00
20130227,9.57,9.63,9.37,9.48,5493254,55456036.00
20130228,9.43,9.64,9.22,9.63,9318027,93650000.00
20130301,9.57,9.90,9.53,9.75,9227446,95877480.00
20130304,9.64,9.65,9.22,9.28,8970307,90071712.00
20130305,9.30,9.59,9.16,9.56,8210217,82386136.00
20130306,9.60,9.66,9.42,9.50,6579933,66893848.00
20130307,9.48,9.51,9.23,9.36,5997531,59896060.00
20130308,9.36,9.36,8.99,9.09,8826570,86335600.00
20130311,9.10,9.22,9.05,9.16,4393121,42906108.00
20130312,9.17,9.27,8.87,8.98,5521838,53529264.00
20130313,8.99,9.06,8.80,8.98,4134294,39570060.00
20130314,8.97,9.13,8.91,8.98,3083576,29771444.00
20130315,9.02,9.25,8.97,9.16,5786573,56543328.00
20130318,9.12,9.25,9.07,9.10,2461879,24066880.00
20130319,9.10,9.25,9.10,9.23,3513093,34497864.00
20130320,9.19,9.39,9.19,9.36,4791699,47666516.00
20130321,9.34,9.63,9.33,9.54,8454573,85663104.00
20130322,9.55,9.64,9.37,9.53,6571480,66828792.00
20130325,9.89,10.54,9.89,9.95,28406902,305679328.00
20130326,9.67,9.79,9.53,9.67,9176139,94261976.00
20130327,9.60,9.72,9.47,9.63,4939198,50500436.00
20130328,9.53,9.54,9.25,9.28,4964481,49782872.00
20130329,9.28,9.57,9.28,9.52,5391686,54234876.00
20130401,9.52,9.66,9.35,9.56,4080959,41340648.00
20130402,9.70,9.86,9.57,9.63,7207638,74492472.00
20130403,9.65,9.82,9.46,9.62,4594719,47064416.00
20130408,9.63,9.74,9.38,9.67,5170319,52702100.00
20130409,9.71,9.72,9.27,9.35,13199352,132370616.00
20130410,9.36,9.54,9.29,9.47,8534447,85659576.00
20130411,9.52,9.53,9.30,9.33,3794036,37904828.00
20130412,9.28,9.32,9.12,9.13,7302375,71734936.00
20130415,9.11,9.11,8.77,8.88,5217850,49831152.00
20130416,8.78,8.81,8.57,8.74,7637616,71212904.00
20130417,8.74,8.93,8.71,8.89,4612712,43847668.00
20130424,9.08,9.17,8.79,8.90,11008957,105371672.00
20130425,8.85,8.85,8.43,8.49,7116819,65370184.00
20130426,8.48,8.57,8.38,8.54,2962472,26948626.00
20130502,8.51,8.51,8.19,8.20,5088254,45616912.00
20130503,8.22,8.43,8.16,8.21,13293467,118089720.00
20130506,8.27,8.52,8.23,8.44,10602900,95832640.00
20130507,8.43,8.51,8.37,8.47,5890974,53343008.00
20130508,8.49,8.56,8.48,8.55,5607479,51338864.00
20130509,8.55,8.92,8.52,8.90,14517175,136584368.00
20130510,8.78,9.22,8.78,9.09,9967971,96866072.00
20130513,9.11,9.11,8.90,9.04,3185062,30603118.00
20130514,9.02,9.02,8.58,8.70,6072677,56673176.00
20130515,8.70,8.75,8.57,8.64,3169387,29414264.00
20130516,8.62,8.85,8.54,8.84,4646716,43464952.00
20130517,8.82,9.02,8.79,8.93,6831037,65289052.00
20130520,8.94,9.22,8.89,9.21,8528277,82832736.00
20130521,9.23,9.32,9.09,9.29,7948450,78323912.00
20130522,9.26,9.34,9.09,9.11,6930939,68356096.00
20130523,9.13,9.30,8.85,8.97,11993568,116772072.00
20130524,9.03,9.12,8.76,8.96,9039192,85937632.00
20130527,8.94,9.22,8.83,9.17,10580762,102855936.00
20130528,9.20,9.35,9.10,9.25,11964947,117848504.00
20130529,9.27,9.31,9.10,9.14,9428129,92930432.00
20130530,9.14,9.19,8.83,8.93,11565257,111445768.00
20130531,8.94,9.05,8.74,8.82,7907995,75505824.00
20130603,8.77,9.09,8.76,9.04,8178999,78534088.00
20130604,9.02,9.10,8.87,8.94,5898318,56734940.00
20130605,8.93,9.32,8.91,9.28,16525880,162322112.00
20130606,9.27,9.35,9.17,9.26,9828063,97223576.00
20130607,9.25,9.42,9.10,9.39,11150981,110342264.00
20130613,9.37,9.37,8.55,8.68,8830206,83312800.00
20130614,8.59,8.90,8.59,8.83,4827999,45468600.00
20130617,8.87,9.60,8.84,9.59,15052055,149776064.00
20130618,9.55,9.61,9.35,9.52,7350738,74456520.00
20130619,9.53,9.69,9.25,9.55,6827596,68932848.00
20130620,9.56,9.59,9.21,9.27,5628089,56381108.00
20130621,9.12,9.25,8.81,9.06,5135467,49402044.00
20130624,9.13,9.14,8.39,8.56,5283144,48490052.00
20130625,8.47,8.54,7.66,8.33,7795357,67451408.00
20130626,8.31,8.50,8.03,8.27,8350204,72721560.00
20130627,8.36,8.64,8.22,8.29,6920748,61733500.00
20130628,8.21,8.49,8.12,8.40,6812682,60227908.00
20130701,8.51,8.51,7.91,8.12,12596184,108309680.00
20130702,8.02,8.08,7.66,7.88,17504954,145068816.00
20130703,7.78,7.78,7.55,7.62,11335038,92038624.00
20130704,7.59,7.74,7.46,7.68,7480334,60742176.00
20130705,7.71,7.78,7.63,7.66,5542522,45356792.00
20130708,7.78,7.78,7.29,7.31,7795835,62405148.00
20130709,7.34,7.42,7.16,7.26,5654429,43887744.00
20130710,7.26,7.46,7.16,7.46,12538288,97428840.00
20130711,7.42,7.75,7.42,7.68,11146627,90479592.00
20130712,7.67,7.73,7.52,7.54,7951483,64647824.00
20130715,7.55,7.80,7.54,7.80,10077001,82411424.00
20130716,7.72,7.86,7.65,7.77,7386102,60781596.00
20130717,7.73,7.73,7.49,7.51,6887608,55736448.00
20130718,7.50,7.56,7.39,7.45,3619751,28742094.00
20130719,7.42,7.48,7.09,7.10,8362022,64891400.00
20130722,7.00,7.26,6.93,7.22,5395698,41026896.00
20130723,7.21,7.43,7.15,7.36,5742292,44952936.00
20130724,7.34,7.41,7.11,7.24,5702379,44028484.00
20130725,7.19,7.30,7.15,7.20,4144228,31963806.00
20130726,7.18,7.38,7.16,7.23,4392904,34035432.00
20130729,7.20,7.33,7.16,7.26,5090969,39492996.00
20130730,7.25,7.36,7.13,7.32,5526954,42839420.00
20130731,7.35,7.40,7.20,7.27,4135852,32205984.00
20130801,7.34,7.46,7.33,7.44,8307065,65553300.00
20130802,7.46,7.52,7.36,7.40,6805673,53775888.00
20130805,7.40,7.46,7.32,7.45,5571436,43880768.00
20130806,7.44,7.48,7.33,7.45,8309132,65645704.00
20130807,7.40,7.45,7.29,7.31,9116087,71578928.00
20130808,7.30,7.32,7.19,7.21,6634935,51294576.00
20130809,7.21,7.30,7.21,7.27,4427722,34292028.00
20130812,7.34,7.57,7.29,7.56,12852409,102105584.00
20130813,7.56,7.61,7.49,7.56,9491734,76356920.00
20130814,7.55,7.61,7.43,7.50,9571905,76619160.00
20130815,7.55,7.67,7.47,7.52,10298279,83237304.00
20130816,7.46,7.74,7.36,7.42,9636616,77124640.00
20130819,7.34,7.48,7.30,7.45,4389672,34646168.00
20130820,7.43,7.47,7.29,7.31,5286361,41578092.00
20130821,7.31,7.37,7.24,7.36,3774089,29434462.00
20130822,7.36,7.36,7.27,7.32,3796954,29603770.00
20130823,7.32,7.35,7.16,7.23,4454128,34512780.00
20130826,7.24,7.47,7.21,7.46,5971667,46833164.00
20130827,7.47,7.49,7.38,7.46,4673135,36974796.00
20130828,7.41,7.44,7.33,7.36,4436479,34900620.00
20130829,7.35,7.43,7.33,7.38,3504865,27554870.00
20130830,7.38,7.54,7.34,7.44,8489372,67480384.00
20130902,7.48,7.51,7.29,7.38,6368857,50033604.00
20130903,7.39,7.79,7.38,7.61,14308719,116183440.00
20130904,7.55,7.67,7.50,7.63,9659585,78019384.00
20130905,7.63,7.63,7.54,7.58,6457791,52147544.00
20130906,7.61,7.71,7.58,7.64,8417317,68436136.00
20130909,7.76,7.78,7.63,7.74,11081751,90846152.00
20130910,7.71,8.00,7.69,7.98,13149635,109884664.00
20130911,8.03,8.04,7.85,7.92,11582033,97539088.00
20130912,7.84,8.08,7.83,7.97,6694244,56517168.00
20130913,7.99,8.19,7.92,8.04,7917371,67517976.00
20130916,8.05,8.07,7.85,7.88,5516386,46490984.00
20130917,7.88,7.91,7.67,7.73,5728023,47363664.00
20130918,7.71,7.94,7.69,7.86,5040007,41762948.00
20130923,7.88,8.21,7.88,8.07,7501516,64233404.00
20130924,8.07,8.11,7.96,8.06,5787856,49297136.00
20130925,8.11,8.25,7.99,8.13,7371214,63355688.00
20130926,8.14,8.14,7.76,7.96,6366436,53643024.00
20130927,7.89,8.16,7.89,8.03,5511504,46969728.00
20130930,8.03,8.26,7.99,8.10,4793790,41222632.00
20131008,8.21,8.30,8.09,8.18,6232591,53932640.00
20131009,8.30,8.30,8.03,8.12,7183177,61852632.00
20131010,8.11,8.16,7.92,8.05,7802747,66638168.00
20131011,8.04,8.20,7.99,8.09,8454140,72550992.00
20131014,8.08,8.28,8.06,8.27,13129901,114289872.00
20131015,8.30,8.31,8.09,8.22,8207065,70983336.00
20131016,8.17,8.17,7.97,8.07,9851733,84295344.00
20131017,8.10,8.37,8.07,8.18,18450387,160694784.00
20131018,8.14,8.14,7.94,8.07,9009981,76468288.00
20131021,8.03,8.25,7.95,8.19,10165143,87853432.00
20131022,8.23,8.41,8.03,8.22,13371530,115938400.00
20131023,8.26,8.28,7.99,8.08,7030827,60495144.00
20131024,8.03,8.10,7.90,7.96,5423333,45821948.00
20131025,7.92,8.02,7.71,7.74,5862337,48636012.00
20131028,7.76,8.11,7.73,7.88,5483488,46060368.00
20131029,7.88,7.93,7.48,7.72,5810383,47481648.00
20131030,7.68,7.89,7.67,7.84,3301201,27400244.00
20131031,7.85,8.12,7.69,8.03,11637871,98625680.00
20131101,7.96,8.20,7.88,7.96,6211200,52458992.00
20131104,7.99,8.05,7.90,7.94,3119089,26295910.00
20131105,7.99,8.26,7.91,8.16,15135403,130179968.00
20131106,8.09,8.39,8.02,8.18,17201686,149650720.00
20131107,8.11,8.39,8.04,8.20,15112697,132267848.00
20131108,8.19,8.19,7.89,7.91,9113589,77389336.00
20131111,7.89,7.90,7.69,7.83,5108100,42328672.00
20131112,7.81,8.10,7.73,7.99,8434074,71421656.00
20131113,7.92,7.94,7.62,7.69,7813502,64267904.00
20131114,7.67,7.71,7.51,7.66,3992074,32336336.00
20131115,7.71,7.85,7.63,7.75,5172805,42724240.00
20131118,7.82,7.94,7.75,7.92,6730399,56213532.00
20131119,7.95,8.09,7.88,7.99,8380933,71028496.00
20131120,8.01,8.05,7.90,8.01,5564624,47124104.00
20131121,7.96,8.16,7.92,8.11,10653252,91222728.00
20131122,8.11,8.21,8.01,8.09,9358340,80361976.00
20131125,8.04,8.16,7.86,7.97,9886584,83908616.00
20131126,8.04,8.08,7.75,7.83,11048779,92730912.00
20131127,7.83,7.93,7.78,7.92,7186230,59966688.00
20131128,7.88,8.04,7.88,7.98,9509354,80285616.00
20131129,7.99,8.06,7.87,7.98,10702248,90133296.00
20131202,7.92,7.92,7.56,7.79,9959433,82432640.00
20131203,7.71,8.00,7.71,7.93,9384029,78751184.00
20131204,7.93,8.05,7.88,8.01,11502110,97567048.00
20131205,8.04,8.15,7.99,8.05,11078028,94692568.00
20131206,8.08,8.08,7.96,8.00,6506431,55277908.00
20131209,8.03,8.06,7.98,8.02,4780057,40647028.00
20131210,8.02,8.05,7.93,7.98,4606762,38980300.00
20131211,7.97,7.99,7.75,7.84,6635927,55314864.00
20131212,7.83,8.00,7.76,7.87,6311396,52885980.00
20131213,7.81,7.86,7.78,7.83,3245310,26974430.00
20131216,7.88,8.00,7.74,7.79,5871286,49024576.00
20131217,7.79,7.87,7.70,7.74,2943382,24320032.00
20131218,7.77,7.89,7.75,7.81,4971349,41373384.00
20131219,7.81,7.94,7.75,7.79,4313600,35911976.00
20131220,7.81,7.81,7.51,7.55,4804135,38902700.00
20131223,7.61,7.61,7.47,7.52,2219316,17808374.00
20131224,7.60,7.70,7.51,7.58,3608152,29133800.00
20131225,7.59,7.63,7.52,7.57,2909482,23392798.00
20131226,7.57,7.60,7.29,7.38,5027843,39753860.00
20131227,7.31,7.52,7.30,7.47,2982002,23630000.00
20131230,7.46,7.56,7.39,7.43,3358676,26607098.00
20131231,7.31,7.45,7.31,7.42,4463236,35042700.00
20140102,7.36,7.40,7.28,7.31,5306742,41448924.00
20140103,7.30,7.30,6.94,7.01,12424066,93252288.00
20140106,6.96,6.96,6.63,6.64,8540478,61661048.00
20140107,6.52,6.70,6.52,6.68,4359453,31057146.00
20140108,6.69,6.76,6.63,6.65,4584420,32861836.00
20140109,6.65,6.70,6.44,6.46,8114109,57284904.00
20140110,6.46,6.50,6.35,6.38,4383792,30169538.00
20140113,6.39,6.55,6.39,6.44,3747813,25934904.00
20140114,6.46,6.58,6.42,6.58,3714885,25875438.00
20140115,6.53,6.59,6.49,6.53,2950403,20723832.00
20140116,6.56,6.59,6.51,6.55,3555425,25038080.00
20140117,6.53,6.63,6.45,6.49,2896538,20282188.00
20140120,6.49,6.50,6.40,6.43,1727814,11975768.00
20140121,6.43,6.53,6.43,6.48,2563311,17867772.00
20140122,6.49,6.63,6.48,6.62,6329203,44640168.00
20140123,6.61,6.64,6.57,6.59,3138349,22273912.00
20140124,6.59,6.65,6.57,6.61,5497052,39027968.00
20140127,6.59,6.60,6.44,6.46,5672371,39719728.00
20140128,6.46,6.51,6.46,6.48,2815119,19635532.00
20140129,6.48,6.54,6.48,6.50,2481678,17383718.00
20140130,6.49,6.51,6.30,6.31,5960189,40982076.00
20140207,6.30,6.35,6.26,6.34,5487476,37357624.00
20140210,6.41,6.56,6.38,6.55,7047697,49157520.00
20140211,6.56,6.68,6.52,6.65,9929547,70706704.00
20140212,6.67,6.69,6.60,6.66,6999558,49918908.00
20140213,6.67,6.67,6.57,6.57,6796103,48295392.00
20140214,6.59,6.66,6.57,6.63,5600175,39771712.00
20140217,6.62,6.74,6.62,6.74,9117449,65483312.00
20140218,6.77,6.77,6.60,6.61,7590613,54258556.00
20140219,6.61,6.93,6.61,6.91,15171707,110062904.00
20140220,6.95,7.06,6.83,6.85,16401871,122380184.00
20140221,6.85,6.89,6.66,6.72,6423095,46521448.00
20140224,6.70,6.74,6.62,6.72,5155205,36981464.00
20140225,6.67,6.89,6.65,6.72,8127875,58680916.00
20140226,6.76,6.77,6.43,6.55,6626213,46875488.00
20140227,6.54,7.01,6.50,6.92,13978132,102030160.00
20140228,6.88,6.96,6.78,6.90,9665323,71242088.00
20140303,6.87,7.00,6.80,6.89,12493010,92137696.00
20140304,6.87,6.88,6.71,6.76,5897135,42804376.00
20140305,6.76,6.81,6.69,6.72,4714497,34144928.00
20140306,6.72,6.75,6.63,6.73,3898430,27982826.00
20140307,6.73,6.76,6.63,6.65,4725291,33937168.00
20140310,6.58,6.67,6.47,6.47,5003035,35197476.00
20140311,6.49,6.51,6.41,6.50,3264904,22705380.00
20140312,6.53,6.54,6.38,6.49,2778730,19313194.00
20140313,6.48,6.56,6.47,6.52,2823899,19796438.00
20140314,6.51,6.51,6.39,6.40,3446134,23862592.00
20140317,6.49,6.58,6.48,6.56,4824817,33847772.00
20140318,6.57,6.59,6.51,6.54,3063383,21524898.00
20140319,6.52,6.53,6.39,6.45,3299599,22861228.00
20140320,6.45,6.58,6.41,6.46,6137806,42980832.00
20140321,6.45,6.72,6.42,6.70,10720578,76043344.00
20140324,6.73,6.96,6.68,6.90,12278528,89889232.00
20140325,6.91,7.26,6.84,7.10,27401254,205585680.00
20140326,7.06,7.35,6.96,7.18,27877209,212737568.00
20140327,7.11,7.29,7.01,7.19,24933068,189979872.00
20140328,7.02,7.10,6.88,6.92,23367449,175123968.00
20140331,6.91,7.01,6.70,6.74,10391003,75570648.00
20140401,6.72,6.81,6.66,6.78,4503754,32665966.00
20140402,6.77,6.84,6.76,6.80,5060248,36838588.00
20140403,6.81,6.83,6.69,6.73,4632779,33540694.00
20140404,6.67,6.80,6.67,6.80,4555405,32956734.00
20140408,6.77,6.87,6.75,6.86,6694511,48954540.00
20140409,6.85,6.85,6.75,6.79,7040020,51360588.00
20140410,6.79,6.97,6.77,6.96,11194096,82629104.00
20140411,6.94,6.99,6.87,6.89,5456958,40428820.00
20140414,6.91,6.98,6.88,6.93,4931344,36568084.00
20140415,6.91,6.92,6.75,6.78,5388594,39420208.00
20140416,6.76,6.88,6.75,6.82,3828613,27978026.00
20140417,6.82,6.82,6.72,6.76,3483306,25284746.00
20140418,6.75,6.78,6.70,6.76,2794428,20216540.00
20140421,6.73,6.80,6.59,6.60,4456128,32001278.00
20140422,6.58,6.64,6.51,6.53,4540204,32028788.00
20140423,6.56,6.66,6.55,6.62,2828023,20080532.00
20140424,6.61,6.62,6.53,6.55,2599612,18347520.00
20140425,6.58,6.58,6.43,6.44,2642975,18465636.00
20140428,6.43,6.46,6.26,6.29,3808262,25956620.00
20140429,6.29,6.34,6.23,6.32,3323558,22517564.00
20140430,6.33,6.37,6.29,6.35,1939002,13219225.00
20140505,6.33,6.38,6.27,6.37,1929470,13139174.00
20140506,6.37,6.41,6.33,6.37,2308578,15839704.00
20140507,6.32,6.37,6.30,6.32,1681830,11465595.00
20140508,6.33,6.41,6.30,6.33,2287889,15665784.00
20140509,6.36,6.49,6.34,6.41,3481899,24044630.00
20140512,6.46,6.57,6.43,6.55,3861468,27067384.00
20140513,6.56,6.59,6.46,6.50,2415815,16923750.00
20140514,6.49,6.54,6.45,6.48,1478920,10320498.00
20140515,6.52,6.57,6.45,6.52,3562265,24985122.00
20140516,6.46,6.52,6.42,6.49,2566143,17847124.00
20140519,6.49,6.52,6.39,6.44,1927169,13317756.00
20140520,6.50,6.63,6.45,6.51,3660985,25714988.00
20140521,6.54,6.57,6.47,6.55,2594450,18206616.00
20140522,6.60,7.24,6.59,6.94,29835205,222745184.00
20140523,6.94,6.94,6.65,6.70,14258419,102629616.00
20140526,6.69,6.73,6.60,6.65,7460884,53252024.00
20140527,6.63,6.67,6.53,6.55,5921755,42031516.00
20140528,6.56,6.61,6.52,6.60,4906322,34638008.00
20140529,6.61,6.62,6.47,6.47,5155467,36227436.00
20140530,6.46,6.51,6.45,6.48,3123381,21777536.00
20140603,6.48,6.54,6.46,6.48,3117841,21790870.00
20140604,6.47,6.48,6.32,6.37,3352743,23001742.00
20140605,6.38,6.44,6.34,6.43,3150588,21667612.00
20140606,6.43,6.43,6.33,6.36,2999433,20539850.00
20140609,6.33,6.39,6.31,6.33,2309724,15780879.00
20140610,6.34,6.41,6.32,6.40,2087897,14331033.00
20140611,6.40,6.48,6.38,6.45,2552068,17647094.00
20140612,6.43,6.43,6.36,6.39,2348306,16160365.00
20140613,6.37,6.45,6.35,6.40,2513789,17355592.00
20140616,6.42,6.46,6.42,6.46,2810810,19497746.00
20140617,6.44,6.48,6.42,6.45,2642469,18344142.00
20140618,6.50,6.50,6.40,6.41,2059486,14251741.00
20140619,6.43,6.43,6.24,6.27,2784132,18984322.00
20140620,6.26,6.34,6.26,6.31,1634807,11116231.00
20140623,6.31,6.36,6.31,6.35,1402728,9581001.00
20140624,6.36,6.36,6.26,6.31,3101699,21122264.00
20140625,6.31,6.31,6.23,6.23,3099045,20460868.00
20140626,6.27,6.31,6.24,6.29,2585890,17136128.00
20140627,6.30,6.33,6.26,6.29,3990876,26551890.00
20140630,6.29,6.34,6.28,6.33,2802550,18689274.00
20140701,6.34,6.37,6.31,6.37,2945266,19723030.00
20140702,6.37,6.40,6.33,6.39,2695984,18102730.00
20140703,6.39,6.41,6.35,6.39,3522060,23734756.00
20140704,6.45,6.46,6.34,6.38,6205421,41797956.00
20140707,6.36,6.40,6.35,6.39,2517424,16914328.00
20140708,6.39,6.46,6.38,6.43,5648429,38298844.00
20140709,6.42,6.54,6.34,6.34,7654889,51975908.00
20140710,6.33,6.38,6.32,6.35,2528613,16922904.00
20140711,6.35,6.40,6.32,6.37,4710407,31608960.00
20140714,6.37,6.43,6.33,6.42,4355500,29343880.00
20140715,6.42,6.43,6.38,6.40,3441641,23239964.00
20140716,6.41,6.46,6.39,6.43,5136758,34842984.00
20140717,6.42,6.45,6.37,6.39,4008739,27074238.00
20140718,6.39,6.42,6.35,6.40,3140862,21170822.00
20140721,6.42,6.42,6.34,6.36,2309349,15497769.00
20140722,6.33,6.46,6.33,6.44,6911886,46666648.00
20140723,6.41,6.46,6.40,6.42,4075445,27614636.00
20140724,6.43,6.51,6.41,6.48,7871472,53715440.00
20140725,6.49,6.54,6.49,6.54,7193534,49435416.00
20140728,6.55,6.68,6.55,6.65,12338366,86130632.00
20140729,6.65,6.68,6.60,6.63,9454103,66047912.00
20140730,6.63,6.68,6.60,6.64,7576924,52881616.00
20140731,6.63,6.70,6.63,6.69,6426042,45029304.00
20140801,6.65,6.71,6.61,6.63,11107796,77885896.00
20140804,6.61,6.70,6.61,6.69,7691258,53873848.00
20140805,6.70,6.73,6.67,6.73,7782961,54877972.00
20140806,6.73,6.86,6.72,6.75,10982365,78249520.00
20140807,6.75,7.02,6.72,6.76,17891678,128914768.00
20140808,6.74,6.82,6.70,6.72,7240179,51285572.00
20140811,6.73,6.80,6.69,6.78,5969426,42438188.00
20140812,6.76,6.93,6.71,6.92,19304636,139252736.00
20140813,6.95,7.02,6.76,6.86,18548487,134347088.00
20140814,6.86,6.88,6.77,6.81,8210870,58737876.00
20140815,6.80,6.85,6.76,6.82,7570978,54275340.00
20140818,6.84,6.89,6.82,6.89,8763992,63165248.00
20140819,6.89,6.90,6.80,6.85,6968766,50159464.00
20140820,6.87,6.90,6.83,6.87,6126876,44195416.00
20140821,6.87,6.87,6.77,6.80,5404624,38653436.00
20140822,6.79,6.84,6.77,6.83,4441854,31809108.00
20140825,6.81,6.86,6.79,6.80,4131926,29602302.00
20140826,6.80,6.81,6.63,6.66,7898588,55788964.00
20140827,6.66,6.69,6.64,6.66,3235919,22690922.00
20140828,6.69,6.70,6.63,6.66,4086079,28620962.00
20140829,6.67,6.69,6.63,6.69,2707287,18992076.00
20140901,6.72,6.73,6.66,6.72,4990606,35175280.00
20140902,6.72,6.81,6.71,6.79,8066042,57374276.00
20140903,6.80,6.85,6.80,6.84,7455088,53489484.00
20140904,6.85,6.92,6.81,6.89,10446403,75443264.00
20140905,6.90,6.93,6.85,6.92,10835913,78398240.00
20140909,6.95,6.95,6.87,6.91,6769885,49110032.00
20140910,6.92,6.96,6.88,6.94,8618236,62695392.00
20140911,6.94,7.07,6.90,6.94,13741146,100655600.00
20140912,6.92,7.04,6.90,6.99,10509174,77096408.00
20140915,6.99,7.04,6.95,7.03,8486681,62480480.00
20140916,7.03,7.07,6.86,6.87,12238290,89749952.00
20140917,6.85,6.96,6.84,6.93,8559563,62026004.00
20140918,6.90,7.03,6.89,7.01,9368084,68708040.00
20140919,7.01,7.10,6.96,7.10,10200676,75386072.00
20140922,7.11,7.13,7.01,7.07,10229916,75904088.00
20140923,7.09,7.21,7.05,7.18,14291056,106998792.00
20140924,7.15,7.26,7.11,7.25,13193169,99820576.00
20140925,7.27,7.30,7.17,7.20,11953976,90681520.00
20140926,7.16,7.20,7.10,7.14,7719707,57778672.00
20140929,7.14,7.29,7.14,7.29,11938116,90782056.00
20140930,7.28,7.28,7.19,7.22,7293458,55290876.00
20141008,7.22,7.33,7.19,7.31,11242562,85839624.00
20141009,7.38,7.41,7.24,7.30,11912649,91501032.00
20141010,7.27,7.34,7.24,7.27,9051582,69142168.00
20141013,7.27,7.31,7.16,7.25,7164675,54280416.00
20141014,7.22,7.30,7.18,7.23,6988433,53085772.00
20141015,7.23,7.24,7.15,7.22,5262930,39718220.00
20141016,7.20,7.28,7.14,7.15,6904205,52219964.00
20141017,7.12,7.17,6.96,7.05,7026249,51970024.00
20141020,7.08,7.12,7.04,7.11,5700299,42407600.00
20141021,7.11,7.12,7.01,7.06,3897368,28914308.00
20141022,7.05,7.10,6.97,6.98,4303769,31803756.00
20141023,6.95,7.03,6.83,6.85,5835135,42394192.00
20141024,6.85,6.89,6.82,6.86,3047868,21955186.00
20141027,6.87,6.90,6.81,6.86,3083406,22226134.00
20141028,6.87,7.02,6.87,7.02,6258100,45790176.00
20141029,7.05,7.40,7.01,7.36,20880688,158019488.00
20141030,7.31,7.40,7.25,7.36,10368742,79321736.00
20141031,7.37,7.61,7.25,7.50,27222530,211447504.00
20141103,7.46,7.75,7.38,7.50,27459277,214448800.00
20141104,7.46,7.46,7.29,7.40,13191235,101858224.00
20141105,7.36,7.51,7.32,7.43,12444717,96763288.00
20141106,7.42,7.50,7.35,7.47,7025493,54598508.00
20141107,7.47,7.60,7.32,7.33,13515106,105735000.00
20141110,7.33,7.54,7.31,7.48,10037246,78359440.00
20141111,7.49,7.64,7.35,7.54,20823492,164167616.00
20141112,7.48,7.81,7.37,7.80,23582088,189022736.00
20141113,7.75,7.77,7.60,7.67,15451979,124030304.00
20141114,7.63,7.63,7.49,7.58,7796189,61604252.00
20141117,7.58,7.62,7.45,7.46,7396646,58360788.00
20141118,7.45,7.60,7.39,7.45,6878091,53977536.00
20141119,7.45,7.51,7.38,7.42,6628809,51586484.00
20141120,7.40,7.44,7.34,7.43,5737910,44470900.00
20141121,7.42,7.58,7.40,7.52,8560893,67330256.00
20141124,7.56,7.76,7.54,7.67,18103294,145172016.00
20141125,7.67,7.92,7.63,7.80,17028105,138358656.00
20141126,7.83,7.84,7.64,7.72,10828977,87436672.00
20141127,7.74,7.77,7.55,7.66,11222358,90014024.00
20141128,7.65,7.74,7.57,7.72,10591668,84619960.00
20141201,7.75,7.93,7.67,7.79,16186384,131803816.00
20141202,7.78,7.92,7.75,7.88,15973341,131120272.00
20141203,7.92,8.16,7.82,8.04,23862748,199039680.00
20141204,7.98,8.19,7.96,8.16,19998417,168406576.00
20141205,8.16,8.16,7.66,7.78,21515511,177194832.00
20141208,7.79,7.92,7.67,7.89,16494403,134660992.00
20141209,7.89,8.15,7.70,7.76,23499368,194703920.00
20141210,7.74,8.13,7.72,8.12,22508706,187938512.00
20141211,8.13,8.43,8.03,8.26,25231084,216810096.00
20141212,8.26,8.31,8.06,8.18,14266496,121406904.00
20141215,8.18,8.42,8.10,8.41,15790104,135929408.00
20141216,8.35,8.41,8.23,8.35,14520051,125814432.00
20141217,8.30,8.41,8.06,8.15,13117225,112401824.00
20141218,8.16,8.19,8.02,8.06,9293509,78395200.00
20141219,8.04,8.29,7.96,8.28,13847158,117296936.00
20141222,8.13,8.50,8.02,8.20,20421393,176495488.00
20141223,8.16,8.16,7.79,7.85,12962690,107742752.00
20141224,7.80,7.93,7.75,7.88,8696863,71150816.00
20141225,7.88,8.08,7.80,8.04,8550855,71055632.00
20141226,8.05,8.17,7.97,8.15,10579821,89230192.00
20141229,8.18,8.22,7.95,8.02,9416264,79716848.00
20141230,8.01,8.01,7.79,7.81,7418955,61054840.00
20141231,7.81,7.92,7.75,7.90,6303935,51715944.00
20150105,7.91,8.33,7.91,8.31,18036647,154163968.00
20150106,8.25,8.51,8.21,8.46,20275190,177380608.00
20150107,8.44,8.49,8.28,8.42,11871783,103527248.00
20150108,8.40,8.53,8.36,8.38,11700264,102806816.00
20150109,8.36,8.39,8.20,8.21,12319400,106416976.00
20150112,8.20,8.20,7.80,7.90,11127365,92343104.00
20150113,7.89,8.05,7.84,8.01,6233271,51962644.00
20150114,8.01,8.01,7.83,7.86,5787830,47758780.00
20150115,7.86,8.06,7.86,8.05,5184960,43061432.00
20150116,8.06,8.08,7.95,8.02,5753659,48167076.00
20150119,7.82,7.93,7.41,7.53,11678989,94002632.00
20150120,7.53,7.80,7.53,7.76,7694959,61935480.00
20150121,7.81,8.14,7.76,8.08,10374718,86591904.00
20150122,8.02,8.15,7.98,8.01,7483775,62898164.00
20150123,8.05,8.09,7.93,7.98,6103350,50842424.00
20150126,7.98,8.15,7.87,8.14,7876804,66018944.00
20150127,8.13,8.24,8.09,8.24,13070426,111444696.00
20150128,8.25,8.38,8.13,8.16,13525825,117003184.00
20150129,8.08,8.17,7.94,8.11,4486987,37719884.00
20150130,8.10,8.44,8.08,8.24,16954225,146951504.00
20150202,8.11,8.87,8.10,8.70,32406233,290873376.00
20150203,8.76,9.09,8.60,8.65,31575191,291289440.00
20150204,8.57,9.29,8.57,9.16,25881668,240815904.00
20150205,9.17,9.39,9.05,9.22,21166667,203737472.00
20150206,9.25,9.80,9.22,9.53,23651583,232516896.00
20150209,9.52,9.53,8.93,9.06,19314184,183961216.00
20150210,9.00,9.38,8.91,9.37,10491012,101011872.00
20150211,9.32,9.52,8.75,8.82,24640672,232661824.00
20150212,8.86,9.00,8.81,8.97,15740892,146114832.00
20150213,9.01,9.24,8.80,9.22,13285302,124760904.00
20150216,9.18,9.31,9.07,9.18,8349523,79911600.00
20150217,9.15,9.31,9.10,9.19,6550688,62606800.00
20150225,9.13,10.14,9.13,10.14,26340826,272367840.00
20150226,10.00,10.22,9.86,10.17,16914012,176050896.00
20150227,10.19,10.47,9.90,10.26,13971693,147373248.00
20150302,10.90,11.20,10.65,10.81,28004693,316100256.00
20150303,10.82,11.42,10.50,11.00,15942890,180149984.00
20150304,10.80,11.10,10.71,10.83,9213487,103181968.00
20150305,10.75,10.75,10.33,10.54,11020760,119421944.00
20150306,10.53,10.55,10.15,10.24,9096633,96666896.00
20150309,10.15,10.61,9.95,10.50,10381253,111594936.00
20150310,10.45,11.01,10.36,10.68,9043869,100805608.00
20150311,10.69,10.78,10.48,10.59,5251910,57240972.00
20150312,10.65,10.68,10.37,10.52,4751070,51278172.00
20150313,10.50,10.73,10.31,10.51,6809312,73746864.00
20150316,10.51,10.75,10.38,10.72,15475861,168330384.00
20150317,10.70,10.76,10.47,10.63,16292644,177986608.00
20150318,10.63,10.93,10.58,10.80,17125630,190335072.00
20150319,10.82,11.21,10.66,11.20,20839332,236589840.00
20150320,11.17,11.40,10.90,11.04,14915443,169867824.00
20150323,11.05,11.12,10.76,11.02,15760556,177402384.00
20150324,10.97,10.97,10.50,10.74,16362472,181718208.00
20150325,10.73,10.95,10.56,10.83,13291364,148349664.00
20150326,10.71,10.76,10.35,10.46,16455317,179546048.00
20150327,10.46,10.59,10.41,10.47,11830812,128138584.00
20150330,10.47,10.66,10.47,10.65,18918580,206576960.00
20150331,10.70,10.75,10.46,10.51,19824711,216718960.00
20150401,10.51,10.71,10.46,10.69,16169057,177175936.00
20150402,10.74,10.92,10.70,10.89,24224054,270638560.00
20150403,10.85,11.01,10.75,11.00,25474071,286715264.00
20150407,11.02,11.40,11.02,11.39,29737998,345492416.00
20150408,11.53,11.59,10.87,11.03,26583559,304244288.00
20150409,11.03,11.05,10.49,10.63,16586004,182863936.00
20150410,10.64,10.76,10.50,10.72,18841577,207344272.00
20150413,10.71,11.01,10.69,10.94,22695875,254238128.00
20150414,10.93,11.25,10.73,11.21,27642868,312158496.00
20150415,11.29,11.34,10.77,10.80,20393606,231179408.00
20150416,10.61,10.95,10.52,10.89,14235784,158119328.00
20150417,10.95,12.01,10.92,11.73,49407711,582799744.00
20150420,11.80,12.53,11.45,11.95,60145251,744232256.00
20150421,11.85,12.33,11.75,12.23,32128633,398688384.00
20150422,12.27,12.43,12.10,12.22,30171382,379037408.00
20150423,12.14,12.15,11.69,11.99,28363797,348313728.00
20150424,11.80,12.05,11.69,11.94,19038215,232854864.00
20150427,12.05,12.15,11.75,11.96,19359927,237316752.00
20150428,11.97,12.03,11.30,11.43,21348542,255487984.00
20150429,11.46,11.63,11.28,11.56,12933212,153415680.00
20150430,11.56,11.73,11.43,11.56,12451813,148530736.00
20150504,11.57,12.11,11.47,12.10,21540992,263622800.00
20150505,12.28,12.60,11.57,11.62,33176829,414506144.00
20150506,11.47,11.62,10.71,10.95,20107597,233980992.00
20150507,10.85,10.95,10.28,10.30,14199380,156104176.00
20150508,10.35,10.61,10.22,10.55,14390526,154906400.00
20150511,10.72,10.86,10.56,10.85,13807826,152665264.00
20150512,10.86,11.21,10.86,11.16,17858137,203869744.00
20150513,11.12,11.12,10.83,10.90,17034773,192437216.00
20150514,10.90,11.60,10.86,11.56,24631046,286462048.00
20150515,11.53,12.01,11.45,11.54,26585345,319962336.00
20150518,11.44,11.72,11.37,11.42,14253910,169249440.00
20150519,11.45,11.87,11.37,11.77,16787306,202092688.00
20150520,11.65,11.93,11.60,11.68,19109877,231911888.00
20150521,11.66,11.90,11.65,11.85,17556829,212611168.00
20150522,11.94,12.10,11.62,12.04,30738574,375598912.00
20150525,12.02,12.43,11.96,12.34,29391723,370413024.00
20150526,12.36,12.83,12.04,12.72,36249622,461267680.00
20150527,12.67,13.01,12.31,12.98,31565106,410736032.00
20150528,12.99,13.50,11.75,11.96,39685762,526880544.00
20150529,11.96,12.20,11.30,11.70,22131579,268100128.00
20150601,11.71,12.91,11.71,12.91,25376017,320771872.00
20150602,13.05,14.08,12.76,13.89,36974638,505539520.00
20150603,13.98,13.98,13.14,13.57,24971547,349274624.00
20150604,13.57,13.84,12.75,13.80,22020673,303176640.00
20150605,13.85,14.50,13.65,14.15,32465843,470890784.00
20150608,14.15,14.95,14.15,14.62,33382201,498772160.00
20150609,14.63,14.72,13.80,14.10,23503905,341661376.00
20150610,14.05,14.41,13.66,14.12,19551093,283496192.00
20150611,14.12,14.30,13.86,14.01,15347788,220520096.00
20150612,14.03,14.40,14.02,14.21,27196341,395461504.00
20150615,14.25,14.28,13.55,13.69,20733672,294603072.00
20150616,13.67,13.67,12.56,12.73,19510048,261807392.00
20150617,12.65,13.40,12.47,13.36,19543638,259230048.00
20150618,13.23,13.28,12.69,13.04,18989940,254047680.00
20150619,12.86,13.33,11.90,12.41,18022508,234286720.00
20150623,12.51,12.70,11.66,12.37,17090810,214345408.00
20150624,12.45,13.03,12.25,12.92,23641093,305543968.00
20150625,12.95,13.15,12.09,12.25,20872195,272556480.00
20150626,11.89,11.97,11.01,11.01,19843448,231403472.00
20150629,11.25,11.35,9.89,9.89,27611633,290260800.00
20150630,9.83,10.44,8.88,10.30,33762396,332683168.00
20150701,10.01,10.65,9.39,9.48,30726231,322644256.00
20150702,9.53,10.04,8.69,9.22,29982012,289879456.00
20150703,8.83,9.39,8.28,8.42,28360892,250873936.00
20150706,9.28,9.28,7.83,8.79,34386910,302961344.00
20150707,8.48,8.73,7.89,7.89,29664449,244938096.00
20150708,7.08,7.78,7.08,7.54,66931902,514612288.00
20150709,7.55,8.31,7.55,8.31,19961969,165573728.00
20150710,8.56,9.16,8.55,9.16,25119726,232656432.00
20150713,9.30,10.10,9.20,10.10,42667100,421937792.00
20150714,9.80,10.10,9.41,9.44,30509078,302192096.00
20150715,9.30,9.31,8.48,8.48,20984949,190017152.00
20150716,8.48,9.11,8.48,8.86,12881429,115389048.00
20150717,8.90,9.49,8.90,9.38,16100492,151641280.00
20150720,9.38,9.62,9.10,9.44,19001175,182195616.00
20150721,9.30,9.97,9.14,9.88,24083332,238418400.00
20150722,9.93,9.97,9.44,9.82,17313510,172294272.00
20150723,9.72,10.06,9.66,9.96,20868578,210633824.00
20150724,9.95,10.23,9.65,9.74,24930798,254645808.00
20150727,9.50,9.92,8.75,8.75,16733254,159377776.00
20150728,8.57,9.08,8.00,8.93,24992650,221344816.00
20150729,8.93,9.37,8.82,9.34,11310475,105042584.00
20150730,9.35,9.57,9.10,9.19,15836817,151030240.00
20150731,9.09,9.49,9.02,9.42,10792893,102591008.00
20150803,9.24,9.90,8.96,9.89,14292728,138667088.00
20150804,9.80,10.20,9.72,10.19,17511579,179060768.00
20150805,10.19,10.65,10.03,10.05,19741686,209411520.00
20150806,9.86,10.55,9.60,10.38,15716852,165312752.00
20150807,10.32,10.85,10.32,10.67,12652611,137391424.00
20150810,10.80,11.15,10.58,11.07,15350790,170614016.00
20150811,11.05,11.35,10.65,10.81,17154452,189784416.00
20150812,10.66,10.79,10.32,10.33,10092344,108523640.00
20150813,10.22,10.70,10.22,10.60,10432981,112387568.00
20150814,10.69,10.92,10.61,10.70,9460474,103712680.00
20150817,10.73,11.79,10.73,11.79,22077576,257280720.00
20150818,12.23,12.64,10.59,11.07,40722115,487341952.00
20150819,10.51,12.20,10.40,12.14,25307411,293072672.00
20150820,11.86,12.20,11.16,11.23,18839503,225574320.00
20150821,10.70,11.23,10.09,10.16,16677078,177270480.00
20150824,9.18,9.51,9.12,9.18,23248378,218026720.00
20150825,8.80,8.97,8.24,8.24,15530803,134060240.00
20150826,8.56,8.89,7.92,8.37,11948712,104142800.00
20150827,8.63,8.94,8.35,8.91,8184633,72364240.00
20150828,9.11,9.66,8.90,9.43,12491461,117647888.00
20150831,9.33,9.35,8.81,8.94,9111421,83831640.00
20150901,8.97,9.15,8.03,8.04,11398712,98819488.00
20150902,7.73,8.43,7.43,7.96,13141990,107948584.00
20150907,8.23,8.46,7.98,8.05,6174393,52031604.00
20150908,8.05,8.52,7.85,8.46,7575599,63250280.00
20150909,8.52,8.79,8.48,8.78,9687187,85814320.00
20150910,8.67,8.79,8.44,8.50,6016687,53293956.00
20150911,8.50,8.62,8.25,8.45,5218511,45125004.00
20150914,8.62,8.67,7.87,7.88,9237301,78115536.00
20150915,7.86,7.90,7.30,7.42,7657600,59556528.00
20150916,7.50,8.18,7.41,8.05,5735219,45961908.00
20150917,8.04,8.47,7.90,7.91,8702609,72783744.00
20150918,8.02,8.13,7.90,8.01,4117352,33745684.00
20150921,8.01,8.22,7.80,8.22,5957471,49155212.00
20150922,8.22,8.38,8.11,8.20,6744561,56900292.00
20150923,8.01,8.15,7.91,7.94,4697599,38576692.00
20150924,8.02,8.15,7.96,8.12,3994319,33035424.00
20150925,8.40,8.75,8.05,8.24,18692200,161367088.00
20150928,8.11,8.23,7.80,8.11,8014924,65963068.00
20150929,8.07,8.07,7.91,7.94,4790104,39096944.00
20150930,7.97,8.09,7.93,8.01,3386463,27762622.00
20151008,8.31,8.48,8.16,8.30,7950726,68109144.00
20151009,8.45,8.56,8.33,8.47,8097058,70123432.00
20151012,8.58,9.34,8.43,9.07,75478089,685391488.00
20151013,8.65,9.63,8.56,9.45,73130860,669436608.00
20151014,9.21,9.78,9.15,9.34,40787551,396078272.00
20151015,9.21,9.66,9.16,9.62,25765529,247230112.00
20151016,9.92,10.25,9.55,9.78,32390501,326517856.00
20151019,9.62,9.76,9.27,9.39,33355871,321462752.00
20151020,9.38,9.54,9.35,9.51,16199387,156111248.00
20151021,9.46,9.60,8.70,8.83,26426514,247453664.00
20151022,8.84,9.11,8.73,9.09,15267171,139472800.00
20151023,9.10,9.65,9.01,9.50,27663802,260670448.00
20151026,9.60,9.62,9.16,9.35,18799981,180331456.00
20151027,9.30,9.30,8.89,9.23,13606836,126745592.00
20151028,9.21,9.57,9.04,9.12,22435475,213403616.00
20151029,9.13,9.46,9.01,9.29,17799933,168667024.00
20151030,9.26,9.28,8.95,9.16,18843264,175551744.00
20151102,8.95,9.06,8.75,9.00,14711582,134072944.00
20151103,9.05,9.08,8.79,8.92,12364378,112655800.00
20151104,8.86,9.25,8.86,9.25,23171977,216133120.00
20151105,9.25,9.53,9.19,9.38,35923700,342759328.00
20151106,9.38,9.62,9.30,9.61,29982154,290374240.00
20151109,9.53,9.77,9.40,9.60,26169057,255287728.00
20151110,9.60,9.88,9.45,9.74,35264960,348041248.00
20151111,10.20,10.22,9.91,10.04,44780953,459240320.00
20151112,10.00,10.00,9.65,9.70,25836915,257940768.00
20151113,9.58,9.82,9.51,9.63,15102352,148883984.00
20151116,9.48,9.74,9.38,9.72,10935139,107326096.00
20151117,9.78,9.90,9.50,9.51,24412973,242115888.00
20151118,9.53,9.65,9.40,9.52,12773130,124407264.00
20151119,9.63,9.79,9.45,9.67,15256083,149994656.00
20151120,10.04,10.15,9.72,9.82,33435079,338248256.00
20151123,9.75,9.80,9.51,9.62,17720828,175243680.00
20151124,9.64,9.66,9.41,9.56,12572336,121868512.00
20151125,9.54,9.64,9.48,9.62,10824345,105916048.00
20151126,9.63,9.66,9.47,9.50,12313785,119893544.00
20151127,9.36,9.44,8.68,8.79,19051701,177716672.00
20151130,8.71,8.86,8.30,8.62,13440374,118115368.00
20151201,8.62,8.86,8.46,8.73,9024865,80165856.00
20151202,8.69,8.89,8.56,8.85,8905884,79477696.00
20151203,8.85,8.96,8.77,8.95,7471816,67797800.00
20151204,8.90,8.90,8.71,8.74,9887618,89006392.00
20151207,8.73,8.90,8.73,8.88,8495899,76582720.00
20151208,8.80,8.82,8.55,8.58,7509894,66430372.00
20151209,8.62,8.66,8.50,8.58,4997914,43898064.00
20151210,8.60,8.63,8.48,8.49,5195387,45503996.00
20151211,8.45,8.52,8.32,8.43,4809543,41391236.00
20151214,8.33,8.64,8.31,8.63,7398962,64178400.00
20151215,8.60,8.67,8.57,8.59,8084438,71298848.00
20151216,8.55,8.68,8.54,8.61,8532190,75189096.00
20151217,8.69,8.82,8.63,8.79,11767174,105184624.00
20151218,8.76,8.78,8.66,8.71,9169287,81723744.00
20151221,8.69,8.89,8.65,8.84,11027569,99129320.00
20151222,8.87,8.92,8.70,8.89,9767818,88361360.00
20151223,8.86,9.04,8.84,9.01,13883180,126676824.00
20151224,9.00,9.02,8.75,8.90,10967157,100017280.00
20151225,8.90,8.99,8.85,8.97,7082501,64662984.00
20151228,8.93,9.07,8.75,8.79,12574154,114886752.00
20151229,8.78,8.84,8.68,8.78,6234453,55777808.00
20151230,8.80,9.05,8.74,9.03,13028024,118618680.00
20151231,8.98,9.02,8.85,8.90,9309068,85024096.00
20160104,8.89,8.89,7.99,8.01,7967265,69349016.00
20160105,7.79,8.25,7.60,8.04,11605477,95474096.00
20160106,8.07,8.61,8.06,8.57,12013434,103115896.00
20160107,8.40,8.40,7.75,7.80,2131464,17896754.00
20160108,8.15,8.48,7.90,8.27,11860406,100213664.00
20160111,8.24,8.57,7.90,7.91,10532288,89088368.00
20160112,8.06,8.10,7.82,7.99,6357543,52197364.00
20160113,7.99,8.27,7.99,8.02,7017400,58392556.00
20160114,7.80,8.23,7.71,8.21,6687967,55283572.00
20160115,8.25,8.25,7.80,7.83,6151922,50790816.00
20160118,7.69,8.05,7.65,7.98,4727089,38276484.00
20160119,7.99,8.16,7.80,8.15,5378970,44310464.00
20160120,8.08,8.21,7.94,7.97,4629978,38270360.00
20160121,7.81,8.04,7.71,7.74,4579317,37013780.00
20160122,7.83,7.97,7.62,7.88,4869664,39253672.00
20160125,7.99,8.11,7.88,7.94,3789759,31080094.00
20160126,7.80,7.92,7.13,7.21,8163867,63833972.00
20160127,7.30,7.39,6.87,7.00,6777967,49180784.00
20160128,6.94,7.17,6.90,6.96,5354223,38843476.00
20160129,7.03,7.26,6.96,7.16,4042370,29564370.00
20160201,7.20,7.33,7.07,7.22,5557023,41141672.00
20160202,7.21,7.39,7.20,7.34,4808987,36204408.00
20160203,7.32,7.41,7.20,7.39,3210679,24175658.00
20160204,7.38,7.57,7.35,7.46,3539515,27218004.00
20160205,7.47,7.91,7.43,7.66,4347467,33873636.00
20160215,7.54,7.73,7.42,7.69,3078320,24154098.00
20160216,7.66,7.91,7.66,7.90,4662805,37573268.00
20160217,7.88,7.93,7.75,7.90,3338925,26865088.00
20160218,7.94,7.94,7.80,7.82,3391074,27336670.00
20160219,7.80,7.82,7.70,7.73,2636414,20962974.00
20160222,7.83,7.87,7.75,7.82,3931224,31506642.00
20160223,7.87,7.87,7.77,7.82,2485599,19914676.00
20160224,7.82,7.85,7.72,7.84,2839163,22698982.00
20160225,7.80,7.90,7.31,7.38,6287036,49543184.00
20160226,7.46,7.60,7.24,7.40,3383077,25757340.00
20160229,7.42,7.42,7.02,7.12,4897107,36100720.00
20160301,7.25,7.28,7.02,7.22,4377375,32271094.00
20160302,7.21,7.55,7.19,7.54,4437682,33696352.00
20160303,7.46,7.80,7.46,7.78,6878298,54049876.00
20160304,8.09,8.46,7.75,7.76,13695243,113358176.00
20160307,7.68,7.90,7.68,7.84,6013459,48195392.00
20160308,7.84,7.86,7.46,7.70,5132015,40186444.00
20160309,7.56,7.65,7.50,7.52,3119612,24221346.00
20160310,7.52,7.61,7.29,7.35,4412041,33536678.00
20160311,7.31,7.37,7.15,7.25,5568099,41413924.00
20160314,7.30,7.54,7.30,7.44,4895588,37434988.00
20160315,7.40,7.48,7.31,7.37,2952136,22419708.00
20160316,7.37,7.44,7.28,7.32,2435410,18363194.00
20160317,7.35,7.61,7.32,7.56,7468158,57454572.00
20160318,7.60,7.78,7.54,7.70,7329143,57663836.00
20160321,7.75,7.84,7.71,7.83,7013996,55940116.00
20160322,7.76,7.79,7.69,7.75,5365199,42580104.00
20160323,7.73,7.78,7.69,7.74,3998876,31715154.00
20160324,7.70,7.76,7.61,7.65,4513105,35529496.00
20160325,7.64,7.77,7.60,7.74,4295785,34031164.00
20160328,7.75,8.03,7.75,7.88,11406186,92836000.00
20160329,7.88,8.01,7.72,7.80,6022887,48734116.00
20160330,7.86,8.06,7.85,8.03,6190157,50529316.00
20160331,8.06,8.22,8.03,8.13,9592072,80175280.00
20160401,8.20,8.20,7.91,7.97,6537331,53987628.00
20160405,7.96,8.11,7.87,8.03,5160578,42341196.00
20160406,8.02,8.25,7.98,8.06,4880455,40618496.00
20160407,8.05,8.16,7.94,7.97,4301919,35497820.00
20160408,7.97,8.00,7.77,7.86,4539023,36638472.00
20160411,8.22,8.48,8.05,8.37,15121173,129471568.00
20160412,8.26,8.39,8.21,8.32,4518906,38367752.00
20160413,8.34,8.51,8.32,8.37,9644387,83304824.00
20160414,8.37,8.43,8.28,8.36,3022118,25831834.00
20160415,8.31,8.40,8.18,8.21,6398882,54241264.00
20160418,8.18,8.20,7.99,8.10,4195815,34722724.00
20160419,8.15,8.15,8.02,8.13,3121088,25894332.00
20160420,8.10,8.17,7.60,7.79,8361954,67438024.00
20160421,7.78,7.86,7.71,7.74,3933194,31433908.00
20160422,7.75,7.94,7.64,7.93,9190389,73987576.00
20160425,7.93,7.93,7.70,7.85,4313126,34468936.00
20160426,7.89,7.91,7.79,7.85,2733833,21987464.00
20160427,7.80,7.88,7.73,7.80,4180534,33470472.00
20160428,7.79,7.82,7.70,7.79,2778931,22131060.00
20160429,7.75,7.85,7.75,7.79,2247197,18000708.00
20160503,7.86,8.02,7.73,8.01,7351285,59800292.00
20160504,7.99,8.21,7.97,8.10,7701800,63998920.00
20160505,8.05,8.16,8.03,8.07,3872161,32052216.00
20160506,8.06,8.13,7.81,7.83,5343829,43470320.00
20160509,7.89,7.89,7.60,7.75,7567712,59925592.00
20160510,7.73,7.85,7.61,7.64,3926994,31091602.00
20160511,7.65,7.70,7.59,7.60,3287450,25783222.00
20160512,7.55,7.90,7.55,7.85,7782673,61804828.00
20160513,7.80,7.89,7.54,7.64,4902932,38922748.00
20160516,7.57,7.77,7.57,7.74,4442829,34856980.00
20160517,7.73,7.77,7.65,7.70,3503740,27644138.00
20160518,7.64,7.68,7.53,7.61,2950960,23025046.00
20160519,7.61,7.72,7.58,7.63,3233089,25372620.00
20160520,7.63,7.63,7.44,7.58,2814899,21725946.00
20160523,7.58,7.64,7.53,7.59,2793456,21746506.00
20160524,7.60,7.61,7.46,7.49,2586780,19962542.00
20160525,7.50,7.56,7.44,7.46,2070929,15932778.00
20160526,7.50,7.50,7.32,7.44,3033565,23059278.00
20160527,7.40,7.48,7.38,7.45,2173798,16620396.00
20160530,7.45,7.53,7.39,7.41,2821145,21553052.00
20160531,7.44,7.68,7.41,7.65,6731384,52516124.00
20160601,7.65,7.68,7.57,7.64,4107031,32133596.00
20160602,7.61,7.68,7.57,7.66,5888597,45949496.00
20160603,7.66,7.66,7.55,7.63,6704182,52268228.00
20160606,7.63,7.67,7.57,7.65,5611166,43878428.00
20160607,7.64,7.70,7.61,7.67,4582453,35994856.00
20160608,7.67,7.69,7.51,7.65,8849674,68888584.00
20160613,7.56,7.58,7.35,7.36,5614561,43240200.00
20160614,7.32,7.40,7.32,7.38,3102448,23445808.00
20160615,7.35,7.54,7.32,7.49,3814694,29257014.00
20160616,7.52,7.58,7.48,7.50,4019614,31114376.00
20160617,7.56,7.59,7.49,7.56,4154876,32141680.00
20160620,7.59,7.63,7.51,7.57,3542025,27160310.00
20160621,7.57,7.64,7.56,7.59,2709718,20858540.00
20160622,7.60,7.61,7.50,7.59,3397310,26004272.00
20160623,7.58,7.62,7.50,7.56,2245385,17188548.00
20160624,7.57,7.62,7.37,7.47,3954883,30036108.00
20160627,7.46,7.61,7.40,7.56,3304620,25293924.00
20160628,7.56,7.99,7.56,7.94,14510996,114807000.00
20160629,7.96,8.06,7.81,7.94,6804730,54749168.00
20160630,7.97,7.99,7.87,7.90,2010499,16118591.00
20160701,7.92,8.07,7.86,8.00,5182869,41991100.00
20160704,7.94,8.15,7.94,8.08,6586784,53833020.00
20160705,8.15,8.34,8.07,8.17,8472239,70503416.00
20160706,8.17,8.19,8.11,8.19,2369424,19545276.00
20160707,8.24,8.35,8.14,8.32,4638715,38658900.00
20160708,8.56,8.64,8.21,8.24,9679870,82619568.00
20160711,8.48,8.48,8.25,8.32,5800793,49139392.00
20160712,8.40,8.40,8.25,8.37,4535982,38258260.00
20160713,8.36,8.56,8.35,8.53,4905968,41893108.00
20160714,8.56,8.56,8.42,8.47,3153750,27082364.00
20160715,8.46,8.46,8.31,8.36,3283629,27771396.00
20160718,8.36,8.92,8.34,8.82,17754015,155868816.00
20160719,8.81,8.93,8.61,8.76,6913693,61283648.00
20160720,8.76,8.99,8.66,8.98,8286851,74685808.00
20160721,9.00,9.12,8.91,8.99,5107907,46659588.00
20160722,9.07,9.07,8.77,8.83,3535761,31802990.00
20160725,8.87,8.92,8.76,8.83,1775897,15862442.00
20160726,8.83,8.88,8.81,8.85,1918608,17166880.00
20160727,8.81,8.99,8.56,8.66,6224767,55121644.00
20160728,8.60,9.00,8.55,8.92,6265200,55674400.00
20160729,8.87,8.90,8.62,8.68,4471321,39516972.00
20160801,8.75,8.75,8.45,8.67,3816412,33237296.00
20160802,8.63,8.86,8.63,8.84,3105918,27501984.00
20160803,8.87,9.09,8.76,8.97,5554718,50646464.00
20160804,8.93,9.06,8.83,9.04,3243203,29313290.00
20160805,9.00,9.07,8.95,9.03,2477924,22613910.00
20160809,9.08,9.29,9.04,9.25,5561487,51803864.00
20160810,9.22,9.22,9.02,9.02,4378084,40190412.00
20160811,9.00,9.20,8.97,9.09,4558278,42140508.00
20160812,9.11,9.23,9.03,9.16,2797786,25903968.00
20160815,9.20,9.34,9.13,9.25,5345853,49929136.00
20160816,9.26,9.40,9.18,9.36,4128932,38829364.00
20160817,9.39,9.80,9.29,9.71,11326502,109832528.00
20160818,9.64,9.75,9.53,9.65,5674736,55255132.00
20160819,9.66,9.68,9.38,9.42,5812819,55575196.00
20160822,9.39,9.55,9.39,9.42,3053842,29139856.00
20160823,9.45,9.51,9.37,9.46,2544450,24290260.00
20160824,9.49,9.49,9.19,9.25,3718429,34970756.00
20160825,9.24,9.29,9.15,9.27,2157301,20129064.00
20160826,9.27,9.30,9.18,9.23,3634644,33883104.00
20160829,9.31,9.50,9.23,9.34,2272314,21507088.00
20160830,9.34,9.40,9.20,9.27,1892957,17789520.00
20160831,9.28,9.33,9.19,9.27,3192523,29812742.00
20160901,9.22,9.26,9.10,9.17,4926646,45600236.00
20160902,9.11,9.18,8.92,9.01,6408981,58462936.00
20160905,9.00,9.16,8.94,9.11,3179700,29156618.00
20160906,9.06,9.19,9.00,9.16,2146300,19742960.00
20160907,9.16,9.25,9.08,9.15,4994128,46234676.00
20160908,9.15,9.15,9.04,9.09,2106334,19297978.00
20160909,9.15,9.17,8.96,8.99,4598890,41990384.00
20160912,8.97,9.00,8.87,8.93,5268093,47512368.00
20160913,8.98,9.10,8.91,9.09,3608697,32870368.00
20160914,9.26,9.38,9.20,9.25,8869400,83297952.00
20160919,9.16,9.24,9.10,9.23,4603586,42634304.00
20160920,9.20,9.25,9.09,9.14,3183638,29423880.00
20160921,9.15,9.20,9.09,9.15,3621031,33438176.00
20160922,9.20,9.34,9.19,9.30,5471082,51446608.00
20160923,9.37,9.39,9.23,9.29,2716499,25567982.00
20160926,9.29,9.32,9.09,9.18,3264582,30262166.00
20160927,9.19,9.23,9.11,9.22,1465449,13587755.00
20160928,9.29,9.29,9.13,9.15,1793000,16700921.00
20160929,9.16,9.20,9.10,9.16,1284166,11872410.00
20160930,9.15,9.30,9.11,9.29,2205226,20590846.00
20161010,9.30,9.60,9.30,9.50,5176960,49604936.00
20161011,9.50,9.52,9.35,9.38,4178418,39708244.00
20161012,9.38,9.38,9.32,9.36,1950142,18433582.00
20161013,9.42,9.45,9.29,9.32,3459770,32758306.00
20161014,9.29,9.33,9.22,9.28,3028989,28346060.00
20161017,9.28,9.37,9.26,9.28,3742657,35225860.00
20161018,9.32,9.40,9.25,9.39,3234555,30541284.00
20161019,9.41,9.42,9.20,9.29,3750364,35240948.00
20161020,9.30,9.31,9.22,9.31,1710477,16040307.00
20161021,9.30,9.31,9.00,9.10,4107851,37915488.00
20161024,9.12,9.24,9.00,9.20,5434066,50120608.00
20161025,9.25,9.25,9.17,9.23,3119666,29052876.00
20161026,9.23,9.26,9.13,9.25,2653725,24672836.00
20161027,9.22,9.32,9.19,9.30,2413213,22604276.00
20161028,9.32,9.50,9.30,9.36,6227714,59411332.00
20161031,9.36,9.42,9.12,9.24,4927733,45947912.00
20161101,9.25,9.40,9.22,9.40,3751250,35250728.00
20161102,9.32,9.45,9.30,9.30,2648781,25103236.00
20161103,9.30,9.40,9.25,9.32,2447005,23065144.00
20161104,9.33,9.60,9.28,9.58,6456872,62041608.00
20161107,9.65,9.65,9.50,9.60,3944936,38126832.00
20161108,9.63,9.65,9.40,9.44,4003542,38336944.00
20161109,9.41,9.48,9.20,9.25,3631638,34212672.00
20161110,9.35,9.39,9.29,9.35,3074519,28995000.00
20161111,9.36,9.39,9.26,9.39,3403414,32070744.00
20161114,9.40,9.63,9.35,9.61,6136641,58984852.00
20161115,9.58,10.00,9.54,9.90,11215500,111425672.00
20161116,9.91,9.94,9.65,9.76,8098912,79781456.00
20161117,9.78,9.79,9.52,9.66,5645974,54876432.00
20161118,9.64,9.67,9.51,9.56,3877741,37505004.00
20161121,9.51,9.65,9.51,9.59,3435223,33284800.00
20161122,9.62,9.63,9.52,9.60,2636495,25490488.00
20161123,9.60,9.67,9.53,9.57,2261256,21963048.00
20161124,9.59,9.64,9.51,9.54,2614400,25276028.00
20161125,9.55,9.70,9.39,9.69,4193467,40535656.00
20161128,9.85,10.00,9.71,9.77,8271591,82315368.00
20161129,9.73,9.74,9.58,9.58,4621157,45058876.00
20161130,9.51,9.69,9.50,9.51,2704405,26033632.00
20161201,9.57,9.60,9.49,9.54,2374240,22876496.00
20161202,9.50,9.56,9.40,9.40,2951029,28175664.00
20161205,9.40,9.45,9.34,9.42,1898555,18055726.00
20161206,9.45,9.48,9.41,9.41,1182304,11272957.00
20161207,9.39,9.45,9.35,9.45,1293580,12300218.00
20161208,9.45,9.46,9.27,9.28,2561480,24234662.00
20161209,9.31,9.39,9.28,9.29,1649966,15550487.00
20161212,9.34,9.40,9.00,9.02,4464031,41335788.00
20161213,8.98,9.15,8.95,9.12,2132483,19533332.00
20161214,9.15,9.15,8.96,9.07,1852608,16979084.00
20161215,9.03,9.25,9.03,9.15,2565289,23739936.00
20161216,9.14,9.20,9.06,9.15,1946771,17991088.00
20161219,9.18,9.39,9.10,9.38,3702148,34848948.00
20161220,9.36,9.36,9.12,9.26,4154399,38753536.00
20161221,9.25,9.38,9.20,9.38,3638427,34202988.00
20161222,9.38,9.44,9.30,9.31,3326027,31458544.00
20161223,9.25,9.40,9.07,9.27,4607022,42973160.00
20161226,9.21,9.23,9.06,9.15,2239543,20667304.00
20161227,9.11,9.18,9.06,9.08,2549245,23446028.00
20161228,9.06,9.15,9.04,9.09,2774788,25473864.00
20161229,9.08,9.11,9.01,9.05,2424898,22207752.00
20161230,9.05,9.08,8.94,8.99,2772555,25182988.00
20170103,8.97,9.11,8.97,9.10,2926557,26809404.00
20170104,9.10,9.16,9.06,9.15,2661191,24496856.00
20170105,9.15,9.16,9.04,9.09,2830851,26082036.00
20170106,9.07,9.29,9.07,9.24,4364725,40588352.00
20170109,9.24,9.39,9.21,9.34,4183997,39378616.00
20170110,9.14,9.20,8.82,8.89,22742196,205858592.00
20170111,8.81,8.85,8.48,8.51,17134862,148844928.00
20170112,8.50,8.58,8.43,8.44,7178775,61718192.00
20170113,8.40,8.64,8.34,8.60,7258860,62013520.00
20170116,8.52,8.78,8.35,8.73,17528343,152583744.00
20170117,8.64,8.70,8.52,8.66,3382751,29440000.00
20170118,8.66,8.72,8.55,8.61,3273496,28459068.00
20170119,8.60,8.60,8.48,8.50,3970485,34185712.00
20170120,8.58,8.62,8.49,8.59,2249021,19479052.00
20170123,8.59,8.65,8.56,8.62,3209356,27945540.00
20170124,8.63,8.65,8.58,8.64,4015610,35046052.00
20170125,8.62,8.66,8.59,8.64,2331795,20353800.00
20170126,8.65,8.67,8.63,8.65,2111771,18483380.00
20170203,8.64,8.67,8.56,8.61,1489634,12967565.00
20170206,8.61,8.67,8.58,8.65,1655019,14448527.00
20170207,8.65,8.68,8.59,8.61,1278120,11140003.00
20170208,8.59,8.65,8.58,8.65,1393349,12154715.00
20170209,8.66,8.69,8.62,8.68,2053111,17998594.00
20170210,8.70,8.79,8.69,8.76,3331007,29500906.00
20170213,8.76,8.79,8.71,8.77,2721833,24101138.00
20170214,8.74,8.79,8.72,8.75,1958302,17320956.00
20170215,8.76,8.90,8.74,8.78,5708663,50972628.00
20170216,8.75,8.90,8.75,8.87,4374501,39148132.00
20170217,8.88,8.89,8.75,8.76,3037830,27061124.00
20170220,8.74,8.86,8.74,8.85,2905730,25855216.00
20170221,8.79,9.02,8.79,8.99,5119981,46101848.00
20170222,8.99,9.08,8.92,9.07,4672275,42502236.00
20170223,9.07,9.10,8.90,8.94,3842781,34825988.00
20170224,8.94,8.99,8.89,8.97,2001634,18121484.00
20170227,8.97,9.00,8.86,8.93,2986169,27005660.00
20170228,8.91,8.92,8.78,8.86,4850969,43322128.00
20170301,8.86,8.95,8.80,8.93,4942402,44511496.00
20170302,8.96,8.96,8.80,8.83,3136127,28053156.00
20170303,8.84,8.84,8.70,8.81,2629555,23321698.00
20170306,8.82,8.88,8.80,8.83,2444275,21840612.00
20170307,8.84,8.98,8.79,8.97,4637359,41763892.00
20170308,8.97,9.00,8.85,8.90,3639917,32871116.00
20170309,8.94,9.05,8.89,9.03,5175560,46990508.00
20170310,9.04,9.05,8.92,9.02,3640147,33003950.00
20170313,9.00,9.01,8.87,8.99,3245905,29330004.00
20170314,9.00,9.00,8.91,8.93,2106261,19024508.00
20170315,8.95,8.95,8.86,8.91,1830730,16457262.00
20170316,8.90,8.96,8.88,8.95,3033719,27344284.00
20170317,8.95,8.99,8.87,8.88,2727134,24633492.00
20170320,8.92,8.92,8.82,8.89,2520415,22587920.00
20170321,8.89,9.04,8.84,8.99,3344624,30311324.00
20170322,8.95,9.02,8.90,8.92,3222843,29147704.00
20170323,8.90,8.95,8.82,8.89,3091666,27753972.00
20170324,8.90,9.11,8.86,9.11,6482025,59194904.00
20170327,9.10,9.15,9.03,9.06,3101335,28474264.00
20170328,9.03,9.10,8.97,8.99,2420453,22053452.00
20170329,9.03,9.03,8.93,9.00,2195840,19920300.00
20170330,9.00,9.15,8.89,8.99,4428906,40358776.00
20170331,8.99,9.08,8.96,8.99,2676495,24395428.00
20170405,9.04,9.09,8.92,9.09,3010351,27404394.00
20170406,9.06,9.06,8.96,9.02,3784079,34417524.00
20170407,9.01,9.03,8.97,9.00,2064348,18783326.00
20170410,8.98,9.14,8.90,9.05,7614193,69650128.00
20170411,9.05,9.10,8.83,9.07,7518235,68138016.00
20170412,9.17,9.50,9.17,9.34,15525813,147176336.00
20170413,9.34,9.49,9.27,9.30,5657901,53420656.00
20170414,9.30,9.34,9.23,9.25,4362943,40886560.00
20170417,9.27,9.59,9.27,9.58,10471900,99617336.00
20170418,9.50,9.64,9.42,9.45,8062323,77687008.00
20170419,9.45,9.53,9.25,9.40,5246626,49627092.00
20170420,9.40,9.59,9.35,9.58,7203543,69106656.00
20170421,9.58,9.60,9.31,9.33,4399564,41926000.00
20170424,9.33,9.38,9.00,9.20,4971151,46154216.00
20170425,9.21,9.30,9.10,9.18,2677611,24856836.00
20170426,9.19,9.22,9.13,9.14,2408332,22333452.00
20170427,9.19,9.24,8.86,9.20,4841642,44415460.00
20170428,9.20,9.43,9.14,9.42,4831099,45513084.00
20170502,9.42,9.51,9.33,9.40,3406127,32403448.00
20170503,9.40,9.46,9.31,9.39,2180844,20701336.00
20170504,9.39,9.41,9.16,9.24,4458223,41627816.00
20170505,9.18,9.26,9.10,9.14,1998181,18578616.00
20170508,9.10,9.10,8.63,8.70,4370077,39033440.00
20170509,8.70,8.89,8.55,8.80,3775975,33306758.00
20170510,8.75,8.84,8.57,8.60,2298790,20262164.00
20170511,8.63,8.67,8.48,8.52,3140677,27200514.00
20170512,8.61,8.61,8.36,8.51,5527623,47264304.00
20170515,8.51,8.52,8.04,8.08,10060854,83743440.00
20170516,8.09,8.20,7.97,8.19,5236251,42862348.00
20170517,8.20,8.26,8.15,8.23,3114146,25872336.00
20170518,8.17,8.24,8.10,8.19,2557659,21202922.00
20170519,8.21,8.53,8.19,8.39,7229260,61261140.00
20170522,8.32,8.45,8.10,8.19,2950728,24747568.00
20170523,8.16,8.22,8.05,8.18,3600547,29738640.00
20170524,8.18,8.25,8.07,8.23,2123266,17619296.00
20170525,8.25,8.32,8.17,8.24,4290346,35873424.00
20170526,8.26,8.29,8.20,8.21,1947086,16253997.00
20170531,8.21,8.33,8.21,8.28,2412704,20200024.00
20170601,8.30,8.30,8.20,8.22,1437699,12003783.00
20170602,8.18,8.25,8.08,8.20,1815536,15067293.00
20170605,8.20,8.37,8.20,8.33,2831351,23790448.00
20170606,8.31,8.42,8.26,8.40,2206715,18697112.00
20170607,8.40,8.49,8.39,8.46,1777481,15203526.00
20170608,8.46,8.52,8.36,8.50,2242720,19202300.00
20170609,8.50,8.52,8.42,8.52,2964229,25416752.00
20170612,8.50,8.53,8.45,8.46,2557078,21982498.00
20170613,8.43,8.55,8.42,8.55,2185093,18812366.00
20170614,8.55,8.55,8.46,8.54,1558644,13267047.00
20170615,8.50,8.59,8.45,8.58,1488303,12705093.00
20170616,8.60,8.64,8.46,8.56,1203301,10289292.00
20170619,8.50,8.62,8.48,8.61,1556182,13377826.00
20170620,8.60,8.64,8.55,8.62,1346083,11591721.00
20170621,8.62,8.71,8.58,8.70,1791301,15528789.00
20170622,8.70,8.74,8.63,8.65,1691968,14664280.00
20170623,8.59,8.61,8.42,8.49,2171818,18449660.00
20170626,8.50,8.53,8.42,8.52,1897091,16121054.00
20170627,8.52,8.62,8.49,8.61,3329213,28425138.00
20170628,8.55,8.60,8.52,8.53,3259947,27872760.00
20170629,8.53,8.61,8.52,8.59,1553444,13334495.00
20170630,8.59,8.65,8.56,8.65,1487649,12820791.00
20170703,8.64,8.89,8.60,8.84,4004293,35339776.00
20170704,8.85,8.89,8.75,8.79,1651901,14570448.00
20170705,8.75,8.93,8.75,8.87,2969410,26325306.00
20170706,8.90,8.90,8.75,8.82,1681350,14793951.00
20170707,8.77,8.82,8.55,8.65,4082646,35290128.00
20170710,8.65,8.68,8.54,8.59,1718700,14785210.00
20170711,8.62,8.64,8.53,8.60,1249522,10750673.00
20170712,8.60,8.64,8.50,8.54,1771148,15157506.00
20170713,8.55,8.63,8.55,8.62,1874683,16128797.00
20170714,8.62,8.66,8.56,8.64,1204450,10349565.00
20170717,8.60,8.63,8.38,8.40,2687262,22711060.00
20170718,8.37,8.49,8.37,8.47,990402,8366492.00
20170719,8.47,8.57,8.43,8.56,1582885,13472294.00
数据来源:通达信
