601118 海南橡胶 日线 前复权
      日期	    开盘	    最高	    最低	    收盘	    成交量	    成交额
20110107,9.30,12.13,9.27,10.78,393658490,4035250432.00
20110110,10.52,11.88,10.39,11.88,179705112,2072764544.00
20110111,11.71,12.13,10.67,11.01,206033762,2395521280.00
20110112,10.78,11.15,10.55,11.03,114894368,1269043456.00
20110113,11.10,11.10,10.00,10.13,106349049,1129281792.00
20110114,10.02,10.62,10.02,10.33,84845139,898294272.00
20110117,10.25,10.73,9.86,10.23,86286026,913593216.00
20110118,10.06,10.07,9.33,9.72,76625099,759159040.00
20110119,9.59,10.72,9.44,10.50,104968592,1093546624.00
20110120,10.31,10.97,10.14,10.74,115367822,1244354176.00
20110121,10.58,11.72,10.58,11.05,134907976,1530494464.00
20110124,11.07,11.47,10.64,10.69,77067227,868239360.00
20110125,10.57,10.57,9.68,10.11,65689435,674305216.00
20110126,10.07,10.36,9.85,10.23,55336323,574364096.00
20110127,10.10,11.28,10.04,11.28,76982564,852263936.00
20110128,11.48,12.07,11.22,11.74,129378785,1531433216.00
20110131,11.57,12.94,11.53,12.52,123417257,1580712448.00
20110201,12.41,13.77,12.20,13.60,116012509,1506092288.00
20110209,13.57,14.95,13.37,14.64,131409991,1889695488.00
20110210,14.35,15.77,14.18,14.44,139029830,2100431872.00
20110211,14.40,15.00,14.25,14.65,96878933,1438719488.00
20110214,14.67,14.86,14.17,14.75,84952891,1248556544.00
20110215,14.57,15.64,14.37,14.81,112864071,1727810048.00
20110216,14.50,15.33,14.50,15.21,79555121,1209924096.00
20110217,15.62,16.75,15.33,16.75,130637277,2128082560.00
20110218,16.47,16.57,15.05,15.08,151701799,2411420928.00
20110221,14.81,15.51,14.44,15.20,82076174,1254242048.00
20110223,14.42,14.99,14.37,14.60,62552972,930503296.00
20110224,14.75,15.35,14.62,14.98,54647118,829340096.00
20110225,14.93,14.93,14.48,14.68,37195037,554435712.00
20110228,14.69,15.13,14.30,15.09,50940584,767503488.00
20110301,15.07,15.34,14.65,14.80,52012386,786719616.00
20110302,14.52,14.53,13.68,14.22,65392811,939382656.00
20110303,14.12,14.77,14.05,14.16,53474988,781649024.00
20110304,14.01,14.15,13.69,13.97,42538792,599285760.00
20110307,13.96,14.44,13.92,14.29,41802602,602518592.00
20110308,14.12,14.22,13.78,14.01,41862514,594749952.00
20110309,13.90,14.63,13.78,14.37,64332778,935686016.00
20110310,14.21,14.29,13.97,14.06,37502476,538308224.00
20110311,13.87,14.05,13.57,13.65,45623968,639977088.00
20110314,13.27,13.44,12.87,13.14,46339791,617447040.00
20110315,13.05,13.46,12.96,13.35,42484104,572469376.00
20110316,13.43,13.57,13.09,13.52,37732515,512644992.00
20110317,13.35,13.72,13.12,13.28,31496400,430258528.00
20110318,13.58,14.22,13.47,13.85,58210876,824751616.00
20110321,13.75,13.82,13.19,13.37,37431142,510206464.00
20110322,13.38,13.51,13.07,13.40,25021302,338863072.00
20110323,13.48,13.73,13.38,13.56,32265118,445750560.00
20110324,13.71,13.87,13.37,13.40,28074449,386243968.00
20110325,13.32,13.70,13.15,13.40,29441374,401456320.00
20110328,13.40,13.41,12.99,13.06,43149021,575585344.00
20110329,12.94,12.98,12.41,12.44,38796214,498099744.00
20110330,12.17,12.66,12.17,12.46,21648658,275509504.00
20110331,12.49,12.62,11.97,12.12,20218271,252074400.00
20110401,12.21,12.26,11.76,12.12,23336045,284970048.00
20110406,11.97,13.11,11.91,12.98,59764066,774581312.00
20110407,11.95,13.06,11.88,12.66,234082214,2956341504.00
20110408,12.46,12.72,12.17,12.60,94377354,1198309248.00
20110411,12.77,13.73,12.77,13.33,154112859,2089424384.00
20110412,13.24,13.72,13.09,13.56,116634470,1596377344.00
20110413,13.29,13.68,13.16,13.48,81612488,1118683264.00
20110414,13.56,13.56,12.87,12.95,84496236,1127327488.00
20110415,13.05,13.18,12.47,12.67,71315503,926134720.00
20110418,12.58,13.03,12.30,12.93,64084038,829232512.00
20110419,12.76,12.77,12.32,12.38,51069973,650883392.00
20110420,12.48,12.57,12.27,12.55,38703277,490113312.00
20110421,12.57,12.63,12.34,12.38,39921742,505169536.00
20110422,12.38,12.47,12.21,12.25,31629624,396189984.00
20110425,12.18,12.20,11.81,11.83,39198165,476206304.00
20110426,11.78,11.80,11.29,11.41,33818959,396575232.00
20110427,11.50,11.58,11.07,11.23,32230259,372143040.00
20110428,11.27,11.35,11.01,11.05,25859902,295013344.00
20110429,10.92,11.22,10.80,11.20,21274232,240540656.00
20110503,11.22,11.59,11.01,11.49,27074825,311882400.00
20110504,11.32,11.40,10.94,11.01,29246810,333689792.00
20110505,10.87,10.96,10.63,10.85,25343097,279949088.00
20110506,10.56,10.87,10.46,10.72,26097498,283956960.00
20110509,10.78,11.45,10.74,11.22,44046414,502657568.00
20110510,11.19,11.55,10.97,11.51,50932420,587475456.00
20110511,11.50,11.51,11.15,11.17,34465079,397753344.00
20110512,10.95,11.00,10.68,10.70,32568627,361135840.00
20110513,10.78,11.16,10.75,11.14,32589967,364604512.00
20110516,11.07,11.42,11.01,11.11,28960191,331494976.00
20110517,11.07,11.41,10.76,11.24,43345076,492851264.00
20110518,11.14,11.31,10.99,11.17,22466923,256297392.00
20110519,11.32,11.50,11.20,11.23,33911301,392648896.00
20110520,11.08,11.19,10.94,11.05,22936929,258094512.00
20110523,11.00,11.00,10.46,10.70,28440758,311642304.00
20110524,10.65,11.13,10.57,11.12,42378160,475740320.00
20110525,11.10,11.39,10.92,11.22,50957544,581678720.00
20110526,11.43,12.06,11.28,11.34,92694099,1103366144.00
20110527,11.45,11.72,11.15,11.30,53989046,629393984.00
20110531,10.97,11.21,10.38,11.13,48327915,534652832.00
20110601,11.04,11.11,10.80,10.97,30341007,339119712.00
20110602,10.66,10.77,10.49,10.68,31736339,344935008.00
20110603,10.76,10.93,10.67,10.87,23938441,264294480.00
20110607,10.77,10.90,10.72,10.87,21534080,238201616.00
20110608,10.77,11.75,10.69,11.56,69972416,806096192.00
20110609,11.48,11.60,10.97,11.02,55322123,636868480.00
20110610,10.95,11.31,10.77,11.13,43824402,494074560.00
20110613,10.96,11.15,10.75,11.02,29237312,326303456.00
20110614,11.04,11.63,10.99,11.34,54538244,632221376.00
20110615,11.39,11.55,11.22,11.40,51736063,601228352.00
20110616,11.22,11.62,11.14,11.51,67008055,782957248.00
20110617,11.46,11.55,11.17,11.19,50754148,588660672.00
20110620,11.15,11.15,10.80,10.88,30942878,344957408.00
20110621,10.95,11.07,10.68,10.98,33265919,370038176.00
20110622,10.92,11.14,10.86,10.94,28590340,320938624.00
20110623,10.79,11.35,10.72,11.24,46736409,529283296.00
20110624,11.17,12.26,11.13,11.83,103727742,1240240512.00
20110627,11.65,11.95,11.63,11.79,67935110,816724096.00
20110628,11.75,12.24,11.70,11.97,70572361,864245120.00
20110629,12.07,12.21,11.77,11.78,57965066,710078336.00
20110630,11.84,12.17,11.84,12.09,53908038,661052736.00
20110701,12.14,12.20,11.95,11.97,42266661,518467520.00
20110704,12.08,12.62,12.02,12.43,76946569,969431936.00
20110705,12.49,12.55,12.28,12.45,48230977,610046464.00
20110706,12.42,12.43,12.10,12.26,43399216,541259520.00
20110707,12.24,12.57,12.23,12.30,50322270,634414144.00
20110708,12.33,12.41,12.17,12.27,27297193,341621504.00
20110711,12.17,12.20,11.90,12.07,28173423,343563232.00
20110712,11.94,12.01,11.85,11.87,26953864,325197504.00
20110713,11.92,12.19,11.92,12.15,27850386,340949824.00
20110714,12.20,12.33,11.97,12.28,39080026,480709440.00
20110715,12.18,12.28,12.07,12.17,27381380,337322784.00
20110718,12.23,12.28,12.07,12.10,22217412,273543712.00
20110719,12.08,12.10,11.83,11.91,27197626,328013632.00
20110720,12.03,12.12,11.85,12.05,25217268,306192160.00
20110721,12.07,12.07,11.66,11.67,27067268,324060672.00
20110722,11.69,11.79,11.55,11.61,19964668,235569104.00
20110725,11.57,11.63,11.05,11.11,27746977,318905184.00
20110726,11.10,11.24,11.01,11.19,13047746,147507216.00
20110727,11.18,11.37,11.06,11.32,16683500,190201232.00
20110728,11.14,11.22,10.95,11.09,19080473,214164464.00
20110729,11.10,11.20,10.95,11.00,13977901,156650640.00
20110801,10.97,11.21,10.97,11.12,10926587,123090008.00
20110802,11.05,11.09,10.83,11.02,16260757,180170928.00
20110803,10.88,11.07,10.85,11.05,11530379,128592944.00
20110804,11.04,11.19,11.03,11.10,12650480,142584640.00
20110805,10.73,10.97,10.55,10.78,21073853,230869808.00
20110809,9.69,10.58,9.69,10.27,47898091,489478496.00
20110810,10.55,10.60,10.25,10.29,21651648,228505952.00
20110811,10.04,10.39,9.97,10.38,19178417,199062784.00
20110812,10.50,10.53,10.32,10.39,20525225,216761552.00
20110815,10.40,10.62,10.35,10.55,17285001,183842784.00
20110816,10.54,10.55,10.26,10.27,16155399,170519552.00
20110817,10.30,10.41,10.26,10.28,9049228,94713616.00
20110818,10.28,10.32,10.00,10.03,14245545,146578384.00
20110819,9.79,9.94,9.73,9.93,10627272,106339432.00
20110822,9.90,10.03,9.82,9.85,8901877,89732376.00
20110823,9.91,10.04,9.89,10.03,9481385,96002592.00
20110824,10.10,10.20,9.94,9.98,12430961,126920120.00
20110825,10.01,10.31,9.97,10.30,20641777,213269712.00
20110826,10.34,10.34,10.16,10.25,13632166,141601168.00
20110829,10.19,10.31,10.10,10.17,10254821,106004088.00
20110830,10.29,10.43,10.13,10.14,15848479,165669936.00
20110831,10.19,10.23,9.95,10.08,8908050,91106568.00
20110901,10.08,10.14,9.94,9.96,7535669,76654496.00
20110902,9.95,9.99,9.81,9.85,11824330,118344056.00
20110905,9.79,9.79,9.63,9.64,9667641,95080040.00
20110906,9.64,9.72,9.54,9.60,8261804,80634896.00
20110907,9.65,10.10,9.65,9.96,19901272,201046128.00
20110908,10.04,10.04,9.82,9.84,11756009,118033424.00
20110909,9.87,9.95,9.80,9.86,7455457,74665944.00
20110913,9.70,9.70,9.57,9.64,7974475,78017560.00
20110914,9.69,9.76,9.55,9.73,7139512,70005840.00
20110915,9.75,9.80,9.69,9.71,6760044,66859404.00
20110916,9.76,9.86,9.69,9.73,6595138,65497652.00
20110919,9.64,9.64,9.45,9.50,9134480,88413824.00
20110920,9.50,9.59,9.39,9.53,6326588,60998628.00
20110921,9.54,9.83,9.34,9.80,20293087,198930272.00
20110922,9.67,9.72,9.45,9.46,12242865,119489280.00
20110923,9.28,9.40,9.16,9.25,14295837,134382608.00
20110926,9.18,9.29,9.03,9.05,9304536,86578712.00
20110927,9.22,9.23,9.02,9.08,6893654,63741784.00
20110928,9.14,9.19,8.83,8.85,9541185,87191712.00
20110929,8.74,8.75,8.46,8.49,9983472,87091672.00
20110930,8.54,8.59,8.35,8.45,5892640,50667304.00
20111010,8.52,8.58,8.43,8.46,5317725,45927104.00
20111011,8.65,8.70,8.24,8.33,8681902,75003136.00
20111012,8.30,8.68,8.16,8.63,16292208,141089632.00
20111013,8.55,8.93,8.55,8.80,18838149,167306016.00
20111014,8.70,8.78,8.62,8.72,10492963,92656048.00
20111017,8.77,8.81,8.58,8.65,8355853,73780896.00
20111018,8.52,8.56,8.32,8.33,10878979,93162104.00
20111019,8.35,8.46,8.26,8.33,6072031,51677160.00
20111020,8.18,8.21,7.81,7.90,13810182,111974632.00
20111021,7.91,7.96,7.58,7.69,10358985,81991280.00
20111024,7.69,7.85,7.40,7.75,15170964,117566456.00
20111025,7.77,8.28,7.62,8.14,24100397,196865936.00
20111026,8.01,8.40,7.97,8.24,28055140,233965232.00
20111027,8.22,8.33,8.15,8.20,15168914,127060088.00
20111028,8.48,8.54,8.24,8.33,26999505,229404352.00
20111031,8.25,8.38,8.21,8.27,14788201,124807968.00
20111101,8.16,8.53,8.12,8.43,26856641,228926048.00
20111102,8.22,8.50,8.15,8.49,21856472,185033360.00
20111103,8.52,8.72,8.47,8.59,34561998,303595424.00
20111104,8.67,8.81,8.64,8.80,29714871,264130752.00
20111107,8.78,8.79,8.48,8.52,27374305,239742864.00
20111108,8.58,8.60,8.33,8.39,15385451,132804096.00
20111109,8.42,8.49,8.19,8.43,15668704,132733152.00
20111110,8.22,8.23,8.03,8.03,28286388,234343856.00
20111111,8.03,8.11,7.97,8.04,13813223,113127368.00
20111114,8.18,8.32,8.09,8.30,20000461,167495120.00
20111115,8.31,9.15,8.31,9.15,60709036,553706624.00
20111116,9.39,9.40,8.91,9.04,91719142,854955648.00
20111117,8.95,9.13,8.85,9.02,39159611,358123136.00
20111118,8.88,8.93,8.50,8.61,32934097,290644672.00
20111121,8.63,8.66,8.35,8.57,19912527,171365392.00
20111122,8.42,8.51,8.30,8.44,16319578,139725184.00
20111123,8.51,8.62,8.38,8.40,17861343,154375728.00
20111124,8.19,8.32,8.08,8.22,15929754,133061096.00
20111125,8.24,8.29,8.00,8.04,14318131,118857384.00
20111128,8.14,8.19,8.07,8.16,11134840,92233880.00
20111129,8.26,8.42,8.09,8.42,20600016,173231664.00
20111130,8.38,8.38,7.73,7.84,21945406,179531952.00
20111201,8.19,8.25,7.96,8.00,23143695,191489728.00
20111202,7.93,7.97,7.73,7.82,13517212,107906256.00
20111205,7.77,7.83,7.49,7.53,9690129,75239344.00
20111206,7.51,7.74,7.46,7.68,8650084,67320904.00
20111207,7.63,7.80,7.62,7.76,8667627,68190920.00
20111208,7.74,7.81,7.54,7.66,9668060,75545584.00
20111209,7.57,7.68,7.53,7.57,7251533,56041728.00
20111212,7.58,7.68,7.55,7.55,6727524,52127396.00
20111213,7.52,7.52,6.95,7.04,17774474,129633528.00
20111214,6.99,7.10,6.73,6.75,12381206,87296560.00
20111215,6.74,6.75,6.33,6.34,17887680,119217976.00
20111216,6.36,6.61,6.34,6.60,12746860,84296896.00
20111219,6.55,6.63,6.25,6.59,15171391,100211760.00
20111220,6.55,6.71,6.47,6.52,11492795,77463696.00
20111221,6.64,6.93,6.52,6.54,20179532,138828608.00
20111222,6.33,6.53,6.17,6.43,14532045,94165864.00
20111223,6.38,6.60,6.38,6.53,11262548,75039296.00
20111226,6.51,6.80,6.47,6.63,13401624,91486296.00
20111227,6.48,6.65,6.43,6.46,8563485,57156616.00
20111228,6.45,6.61,6.27,6.56,10133748,66394428.00
20111229,6.51,6.71,6.45,6.56,11795298,79794952.00
20111230,6.59,6.75,6.56,6.65,12096799,82066640.00
20120104,6.74,6.80,6.35,6.38,10617928,71727424.00
20120105,6.32,6.38,5.95,6.04,11974150,75956808.00
20120106,6.00,6.09,5.74,5.96,20815331,125143664.00
20120109,5.96,6.37,5.83,6.32,27272771,172702496.00
20120110,6.25,6.74,6.24,6.73,31739990,212558112.00
20120111,6.70,6.81,6.57,6.69,22703483,155380976.00
20120113,6.74,6.81,6.34,6.37,21918955,146960208.00
20120116,6.26,6.49,6.20,6.35,14354217,93000744.00
20120117,6.64,7.00,6.49,7.00,42177542,293357824.00
20120118,7.15,7.42,7.00,7.26,59082975,433280064.00
20120119,7.14,7.39,7.07,7.33,35123272,259287776.00
20120120,7.33,7.85,7.17,7.58,44573887,341546784.00
20120130,7.52,7.52,7.12,7.15,37167568,275723040.00
20120131,7.22,7.26,7.09,7.24,20108934,147359248.00
20120201,7.15,7.25,6.95,7.03,22374673,161980416.00
20120202,7.07,7.20,7.01,7.19,21067634,153403728.00
20120203,7.16,7.30,7.09,7.24,20801991,153307648.00
20120206,7.43,7.51,7.22,7.35,34957031,262992688.00
20120207,7.33,7.33,6.97,7.07,26094505,189308864.00
20120208,7.21,7.75,7.15,7.53,54862742,418704736.00
20120209,7.54,8.04,7.51,7.72,65361774,519647360.00
20120210,7.56,7.81,7.53,7.64,31350374,244289056.00
20120213,7.47,7.74,7.47,7.64,25087374,194855920.00
20120214,7.60,7.63,7.47,7.57,18792168,144615824.00
20120215,7.64,7.91,7.59,7.81,36227909,286511744.00
20120216,7.70,7.79,7.57,7.67,29750085,232844720.00
20120217,7.72,7.76,7.57,7.64,14677390,114333040.00
20120220,7.81,7.82,7.57,7.59,20018290,156952400.00
20120221,7.61,7.77,7.48,7.76,23897012,186522768.00
20120222,7.92,8.05,7.82,7.98,46772175,378801056.00
20120223,7.85,7.97,7.85,7.89,25886593,208347808.00
20120227,8.09,8.28,7.95,8.00,45944316,378740672.00
20120228,7.97,7.99,7.78,7.93,23032214,185299280.00
20120229,7.90,8.10,7.88,7.94,22830812,186127328.00
20120301,7.88,7.97,7.84,7.88,15304892,123240736.00
20120302,7.89,7.99,7.85,7.99,22609450,182799888.00
20120305,8.01,8.16,7.95,7.99,24260623,198633536.00
20120306,7.95,7.99,7.74,7.81,22023548,175385136.00
20120307,7.68,7.74,7.56,7.59,25624610,199109088.00
20120308,7.60,7.69,7.58,7.69,19306308,150453376.00
20120309,7.72,7.92,7.67,7.89,24164401,192312640.00
20120312,7.90,7.93,7.72,7.81,19782112,157178560.00
20120313,7.77,8.09,7.74,8.07,39842849,323013920.00
20120314,8.10,8.14,7.57,7.63,45912334,369652448.00
20120315,7.58,7.67,7.27,7.37,27337331,207981344.00
20120316,7.45,7.55,7.33,7.52,16753208,127427232.00
20120319,7.45,7.60,7.40,7.58,17873828,136471728.00
20120320,7.61,7.61,7.35,7.36,13952666,105657408.00
20120321,7.43,7.57,7.35,7.45,17816273,135314000.00
20120322,7.43,7.53,7.30,7.37,12520598,94400744.00
20120323,7.34,7.35,7.11,7.17,14467273,106571456.00
20120326,7.18,7.23,7.05,7.11,7261768,52774276.00
20120327,7.21,7.22,7.10,7.13,7648215,55914148.00
20120328,7.10,7.10,6.80,6.80,13411993,94583712.00
20120329,6.76,6.76,6.52,6.53,10375175,70473336.00
20120330,6.55,6.63,6.49,6.56,6991118,46897988.00
20120405,6.56,6.75,6.51,6.74,9824472,66912752.00
20120406,6.72,6.78,6.67,6.77,11265835,77556176.00
20120409,6.73,6.73,6.57,6.58,8553062,58074104.00
20120410,6.54,6.65,6.35,6.63,10930622,72947176.00
20120411,6.52,6.66,6.49,6.60,7824659,52616552.00
20120412,7.23,7.24,6.85,7.04,39141251,281008736.00
20120413,6.88,7.07,6.86,6.98,28918558,205977648.00
20120416,6.90,7.14,6.87,7.03,21968249,157856752.00
20120417,7.00,7.08,6.84,6.87,15621940,110783800.00
20120418,6.93,7.09,6.88,7.05,18215164,130385080.00
20120419,7.04,7.15,7.00,7.12,17686949,127842776.00
20120420,7.11,7.19,7.03,7.14,20523260,149343120.00
20120423,7.11,7.12,6.93,6.96,14812389,106147096.00
20120424,6.88,7.19,6.86,7.10,23792430,171005648.00
20120425,7.10,7.17,7.01,7.13,19158413,139033232.00
20120426,7.16,7.86,7.11,7.86,75101032,583703424.00
20120427,7.75,7.82,7.54,7.59,50578292,395527680.00
20120502,7.68,7.91,7.54,7.74,53389892,420366624.00
20120503,7.68,7.71,7.56,7.63,25713142,200003424.00
20120504,7.63,7.64,7.39,7.58,27016432,207277664.00
20120507,7.48,7.63,7.46,7.55,17544360,134698800.00
20120508,7.54,7.73,7.51,7.62,23612484,183935408.00
20120509,7.55,7.64,7.37,7.56,23643384,180852944.00
20120510,7.54,7.64,7.48,7.55,13189765,101701216.00
20120511,7.55,7.93,7.51,7.59,35924490,284023136.00
20120514,7.65,7.65,7.36,7.37,23082170,175691888.00
20120515,7.30,7.30,7.13,7.21,19590035,143783360.00
20120516,7.25,7.27,7.00,7.01,13978561,101843512.00
20120517,7.00,7.14,6.96,7.12,10617996,76559528.00
20120518,7.05,7.13,6.97,6.99,12702756,91277136.00
20120521,7.03,7.17,6.95,7.09,10236169,73918024.00
20120522,7.15,7.33,7.07,7.21,12503225,92063248.00
20120523,7.10,7.16,6.98,7.10,11778123,85114344.00
20120524,7.10,7.13,6.94,6.99,10098820,72392208.00
20120525,6.98,7.03,6.78,6.81,11341640,79676464.00
20120528,6.81,6.95,6.67,6.94,11114449,77606240.00
20120529,6.92,7.10,6.89,7.07,13801793,98982512.00
20120531,6.95,7.02,6.90,6.97,11243746,79860624.00
20120601,6.97,7.07,6.94,6.97,9396741,67145744.00
20120604,6.78,6.83,6.65,6.68,13114545,90307264.00
20120605,6.70,6.75,6.61,6.65,6406220,43687196.00
20120606,6.68,6.74,6.63,6.68,5985126,40912236.00
20120607,6.78,6.83,6.60,6.63,7143302,48924236.00
20120608,6.67,6.69,6.50,6.52,9832649,66200500.00
20120611,6.57,6.65,6.52,6.62,5935135,40067804.00
20120612,6.56,6.58,6.49,6.51,5874496,39255740.00
20120613,6.53,6.67,6.50,6.65,6047229,40832476.00
20120614,6.64,6.71,6.57,6.61,8300854,56453292.00
20120615,6.62,6.71,6.60,6.70,6843101,46602556.00
20120618,6.80,6.84,6.72,6.77,8970331,62152440.00
20120619,6.75,6.85,6.65,6.79,10068459,69451592.00
20120620,6.79,6.81,6.68,6.73,4703868,32393518.00
20120621,6.65,6.77,6.60,6.65,7625413,52022444.00
20120625,6.70,6.80,6.51,6.53,14866963,102078512.00
20120626,6.51,6.85,6.40,6.78,19675366,134997776.00
20120627,6.70,6.77,6.59,6.63,12276767,83614304.00
20120628,6.64,6.75,6.55,6.61,10101291,68962312.00
20120629,6.63,6.76,6.45,6.72,12705733,86390104.00
20120702,6.79,7.12,6.72,6.99,24409632,172062672.00
20120703,6.94,7.00,6.82,6.92,15440165,109080496.00
20120704,6.98,7.00,6.88,6.92,8751416,62015156.00
20120705,6.91,6.91,6.60,6.66,9971066,68647168.00
20120706,6.71,6.85,6.55,6.83,9221266,63247688.00
20120709,6.73,6.92,6.64,6.65,9579201,66506236.00
20120710,6.65,6.80,6.55,6.72,8304010,56553632.00
20120711,6.72,6.83,6.68,6.81,6492002,44269740.00
20120712,6.82,6.92,6.68,6.87,12305761,84834160.00
20120713,6.91,6.94,6.79,6.82,7558327,52268576.00
20120716,6.83,6.92,6.61,6.62,11973026,82176448.00
20120717,6.59,6.71,6.52,6.67,8437252,56468440.00
20120718,6.63,6.96,6.58,6.92,18352889,126875192.00
20120719,6.84,6.98,6.82,6.89,14190844,99017024.00
20120720,6.74,6.78,6.58,6.61,19176253,129068832.00
20120723,6.50,6.50,6.38,6.44,10094840,65711888.00
20120724,6.41,6.50,6.36,6.42,6653915,43236584.00
20120725,6.45,6.56,6.35,6.47,8722940,57088032.00
20120726,6.43,6.53,6.34,6.35,6284514,40868396.00
20120727,6.37,6.44,6.35,6.39,4535676,29291886.00
20120730,6.41,6.47,6.22,6.25,5428057,34549384.00
20120731,6.25,6.28,6.05,6.06,6392347,39822732.00
20120801,6.05,6.18,6.05,6.12,4150609,25733816.00
20120802,6.15,6.42,6.03,6.25,10397471,65634364.00
20120803,6.19,6.31,6.14,6.25,8369500,52630380.00
20120806,6.22,6.39,6.17,6.33,10926937,69584632.00
20120807,6.31,6.45,6.28,6.40,11273152,72481656.00
20120808,6.36,6.43,6.25,6.30,8581528,54885812.00
20120809,6.31,6.43,6.24,6.38,12547800,80700328.00
20120810,6.41,6.41,6.30,6.31,6979340,44708792.00
20120813,6.27,6.32,6.18,6.19,7580248,47935060.00
20120814,6.18,6.24,6.08,6.19,6888345,42924868.00
20120815,6.20,6.36,6.13,6.22,8145711,51574832.00
20120816,6.22,6.37,6.18,6.19,7355652,46719696.00
20120817,6.35,6.51,6.27,6.33,16266717,104874720.00
20120820,6.21,6.33,6.08,6.20,10784029,67111984.00
20120821,6.13,6.34,6.11,6.28,11399526,71717832.00
20120822,6.24,6.30,6.14,6.18,8680899,54335396.00
20120823,6.19,6.28,6.14,6.25,7932783,49735880.00
20120824,6.20,6.21,6.06,6.08,7761474,48088140.00
20120827,6.04,6.20,6.04,6.07,7485322,46243332.00
20120828,6.16,6.28,6.08,6.21,14167600,88630624.00
20120829,6.17,6.17,5.99,6.00,12334886,75892472.00
20120830,6.00,6.05,5.86,5.91,9246870,55564068.00
20120831,5.93,5.95,5.85,5.89,4576715,27267860.00
20120903,5.86,5.98,5.85,5.92,8971510,53609144.00
20120904,5.90,5.91,5.65,5.67,15062735,87914352.00
20120905,5.63,5.71,5.60,5.64,6579779,37641168.00
20120906,5.67,5.72,5.63,5.69,6025032,34624308.00
20120907,5.71,6.02,5.70,5.92,21342189,126891704.00
20120910,5.96,6.15,5.95,6.08,22001459,134876304.00
20120911,6.03,6.03,5.92,5.99,15708635,94839952.00
20120912,6.05,6.29,5.97,6.17,31724376,197018192.00
20120913,6.11,6.12,5.97,5.98,19063659,116891656.00
20120914,6.29,6.33,6.06,6.13,29219089,182419600.00
20120917,6.14,6.16,5.95,5.98,16509938,101036760.00
20120918,5.92,5.96,5.80,5.88,12602511,75079240.00
20120919,5.85,5.89,5.75,5.88,13372447,78749936.00
20120920,5.82,5.82,5.63,5.63,14524971,83638360.00
20120921,5.66,5.88,5.61,5.75,12337959,71736240.00
20120924,5.65,5.74,5.53,5.68,11196962,63841660.00
20120925,5.66,5.74,5.60,5.61,5467977,31314776.00
20120926,5.61,5.65,5.47,5.50,7770191,43556724.00
20120927,5.51,5.74,5.49,5.72,14548349,83364176.00
20120928,5.67,5.92,5.66,5.92,22156700,130866888.00
20121008,5.88,5.91,5.77,5.84,12839814,75703832.00
20121009,5.87,6.12,5.86,6.05,24470396,148732224.00
20121010,6.03,6.09,5.97,6.04,22939321,139775648.00
20121011,6.00,6.06,5.92,5.92,14813735,89409232.00
20121012,5.95,6.00,5.77,5.84,11936899,71043376.00
20121015,5.78,5.83,5.68,5.73,6650518,38519264.00
20121016,5.72,5.85,5.69,5.74,7121235,41637864.00
20121017,5.78,5.83,5.69,5.76,6661124,38853340.00
20121018,5.79,5.87,5.76,5.85,10948131,64599228.00
20121019,5.83,5.93,5.76,5.78,11038178,65284420.00
20121022,5.73,5.81,5.71,5.77,6802376,39630108.00
20121023,5.77,5.79,5.69,5.69,9246936,53641248.00
20121024,5.66,5.74,5.63,5.70,8117837,46699912.00
20121025,5.73,5.84,5.70,5.81,17528937,102693576.00
20121026,5.82,5.86,5.55,5.59,18114092,103848952.00
20121029,5.56,5.58,5.38,5.45,11791551,65455308.00
20121030,5.44,5.56,5.41,5.47,8950100,49743556.00
20121031,5.46,5.48,5.37,5.45,6782548,37216708.00
20121101,5.46,5.57,5.45,5.54,11574987,64738848.00
20121102,5.55,5.70,5.49,5.66,21652822,123210080.00
20121105,5.63,5.64,5.50,5.55,15023872,84615392.00
20121106,5.53,5.57,5.40,5.49,10239812,56686040.00
20121107,5.51,5.54,5.44,5.51,8353080,46574984.00
20121108,5.44,5.46,5.31,5.32,11049455,60303728.00
20121109,5.32,5.37,5.29,5.32,7115293,38339688.00
20121112,5.30,5.37,5.28,5.35,9439319,50925796.00
20121113,5.35,5.36,5.16,5.17,10218395,54293392.00
20121114,5.19,5.21,5.11,5.20,6271081,32877978.00
20121115,5.19,5.25,5.14,5.17,7389211,38896416.00
20121116,5.19,5.32,5.11,5.24,14727763,77888944.00
20121119,5.20,5.23,5.13,5.20,8427683,44307592.00
20121120,5.23,5.23,5.09,5.10,9456463,49252104.00
20121121,5.11,5.15,4.97,5.13,9260763,47666880.00
20121122,5.11,5.11,4.99,5.02,7384521,37761436.00
20121123,5.05,5.08,5.01,5.02,6013065,30713372.00
20121126,5.02,5.03,4.92,4.93,6808341,34284768.00
20121127,4.92,4.93,4.74,4.75,10017501,48892432.00
20121128,4.72,4.75,4.60,4.65,8470054,40179864.00
20121129,4.65,4.73,4.61,4.62,7192459,34085888.00
20121130,4.65,4.71,4.63,4.66,6364259,30145064.00
20121203,4.68,4.73,4.60,4.62,6235013,29541700.00
20121204,4.61,4.71,4.50,4.69,8514385,39835140.00
20121205,4.67,4.92,4.64,4.83,15755878,76733176.00
20121206,4.81,4.87,4.78,4.79,10088272,49360896.00
20121207,4.83,4.99,4.78,4.95,23450709,117001144.00
20121210,4.98,5.45,4.91,5.45,47143775,247744096.00
20121211,5.43,5.56,5.32,5.41,69235353,382620960.00
20121212,5.38,5.40,5.17,5.27,36354559,193815776.00
20121213,5.24,5.29,5.15,5.20,21003088,111217384.00
20121214,5.23,5.58,5.21,5.48,66526806,364859456.00
20121217,5.53,5.80,5.44,5.52,64659358,365989792.00
20121218,5.48,5.54,5.38,5.42,31701336,175128912.00
20121219,5.43,5.43,5.32,5.40,20411897,111134800.00
20121220,5.36,5.46,5.30,5.44,23759687,129570216.00
20121221,5.44,5.50,5.32,5.35,21327852,116454784.00
20121224,5.33,5.37,5.26,5.27,15139355,81394136.00
20121225,5.26,5.48,5.26,5.43,29709864,162238560.00
20121226,5.42,5.58,5.34,5.51,42886620,236618816.00
20121227,5.57,5.62,5.41,5.44,42369962,236757680.00
20121228,5.46,5.62,5.46,5.56,44757049,251230416.00
20121231,5.68,5.68,5.52,5.61,37016352,210279952.00
20130104,5.68,5.78,5.59,5.68,55370931,318826752.00
20130107,5.65,5.74,5.58,5.64,29923244,171332064.00
20130108,5.64,5.69,5.52,5.61,26687220,151399472.00
20130109,5.58,5.80,5.57,5.71,35251611,202731584.00
20130110,5.71,5.74,5.61,5.65,25016490,143657936.00
20130111,5.67,5.70,5.37,5.42,30432937,170359072.00
20130114,5.38,5.60,5.33,5.59,31099078,173524368.00
20130115,5.61,5.92,5.55,5.81,50127960,290394560.00
20130116,5.79,5.81,5.58,5.68,38691230,223006976.00
20130117,5.68,5.69,5.54,5.67,19383647,110298568.00
20130118,5.67,5.82,5.67,5.81,36593780,213219504.00
20130121,5.83,5.83,5.71,5.75,26737816,155750048.00
20130122,5.80,6.33,5.78,6.12,128941850,807419776.00
20130123,6.01,6.10,5.91,6.02,62219539,378374848.00
20130124,6.03,6.17,5.75,5.99,68463152,414038272.00
20130125,6.01,6.31,5.88,6.18,63672146,395181024.00
20130128,6.11,6.29,6.08,6.26,49578618,310791808.00
20130129,6.34,6.89,6.26,6.65,118930122,793236160.00
20130130,6.56,6.71,6.35,6.45,78113320,512307776.00
20130131,6.43,6.50,6.25,6.30,38681095,248220224.00
20130201,6.33,6.52,6.23,6.45,42847916,277012288.00
20130204,6.58,6.62,6.18,6.27,45290983,289267776.00
20130205,6.18,6.31,6.08,6.24,27897934,174436480.00
20130206,6.28,6.47,6.18,6.20,33500168,213106208.00
20130207,6.21,6.25,6.12,6.22,16542471,103688184.00
20130208,6.23,6.31,6.18,6.27,21275172,134496928.00
20130218,6.28,6.38,6.25,6.27,21037967,134276192.00
20130219,6.31,6.32,6.02,6.06,31331692,194210128.00
20130220,6.06,6.16,6.03,6.11,18041283,111253504.00
20130221,6.04,6.04,5.76,5.78,36699043,218067088.00
20130222,5.76,5.82,5.67,5.72,21361151,124395568.00
20130225,5.73,5.82,5.72,5.77,14137515,82391568.00
20130226,5.73,5.76,5.61,5.64,17090966,98399096.00
20130227,5.66,5.71,5.62,5.70,13669615,78297552.00
20130228,5.74,5.83,5.70,5.82,19998260,116940696.00
20130301,5.85,5.85,5.67,5.77,20752689,120951408.00
20130304,5.71,5.72,5.45,5.49,27403263,154926112.00
20130305,5.53,5.59,5.50,5.58,14268829,80131312.00
20130306,5.60,5.68,5.57,5.63,15552540,88666336.00
20130307,5.61,5.76,5.60,5.70,24428583,140587600.00
20130308,5.70,5.78,5.63,5.70,16825449,97121128.00
20130311,5.69,5.71,5.63,5.64,9313909,53325528.00
20130312,5.64,5.69,5.36,5.43,19619922,109386632.00
20130313,5.37,5.42,5.27,5.30,13244906,71748544.00
20130314,5.25,5.39,5.24,5.37,8932641,48085744.00
20130315,5.36,5.49,5.30,5.39,12733429,69777544.00
20130318,5.32,5.35,5.25,5.29,8790831,47187916.00
20130319,5.31,5.34,5.25,5.33,7077736,38045324.00
20130320,5.31,5.55,5.30,5.51,16563574,91223696.00
20130321,5.68,6.07,5.61,5.83,79797922,475429536.00
20130322,5.68,5.84,5.67,5.77,24665717,143822112.00
20130325,5.81,5.88,5.74,5.78,18074518,106350288.00
20130326,5.73,5.79,5.61,5.68,17081523,98419064.00
20130327,5.69,5.95,5.69,5.77,25644771,151191424.00
20130328,5.68,5.71,5.45,5.48,23244980,131468864.00
20130329,5.53,5.56,5.34,5.49,24604425,135579392.00
20130401,5.71,6.03,5.54,5.73,41376705,242275376.00
20130402,5.71,5.98,5.69,5.90,49914836,297338976.00
20130403,5.87,5.89,5.65,5.69,27372640,159764048.00
20130408,5.54,5.70,5.43,5.66,23401538,131289312.00
20130409,5.67,5.86,5.61,5.83,29588967,171860288.00
20130410,5.77,5.83,5.63,5.65,21725379,125840608.00
20130411,5.71,5.90,5.67,5.70,27220035,159590864.00
20130412,5.64,5.69,5.55,5.55,16383174,92986336.00
20130415,5.52,5.52,5.31,5.34,19130897,104457008.00
20130416,5.25,5.37,5.14,5.33,14353491,76293272.00
20130417,5.32,5.43,5.25,5.33,11267394,60764700.00
20130418,5.25,5.32,5.19,5.27,11407451,60749380.00
20130419,5.30,5.44,5.27,5.40,17617981,96177968.00
20130422,5.34,5.38,5.31,5.37,13881267,75021368.00
20130423,5.38,5.39,5.11,5.13,17337059,91903568.00
20130424,5.16,5.24,5.14,5.23,11129781,58531888.00
20130425,5.23,5.28,5.14,5.15,12063173,63694692.00
20130426,5.18,5.23,5.00,5.03,10710467,55484488.00
20130502,5.02,5.08,4.98,5.05,6702595,34198820.00
20130503,5.06,5.27,5.06,5.24,13365803,70416176.00
20130506,5.29,5.35,5.24,5.32,15284471,82255600.00
20130507,5.26,5.33,5.25,5.29,9157758,49042172.00
20130508,5.33,5.34,5.23,5.29,11200493,59907544.00
20130509,5.31,5.33,5.15,5.21,13848282,73278736.00
20130510,5.18,5.36,5.17,5.35,19684763,105214608.00
20130513,5.33,5.35,5.24,5.29,10984571,58788072.00
20130514,5.28,5.29,5.13,5.20,12202443,64156808.00
20130515,5.18,5.22,5.15,5.19,9558528,50203788.00
20130516,5.18,5.27,5.06,5.23,22872259,119473672.00
20130517,5.18,5.32,5.17,5.30,22891407,122097088.00
20130520,5.32,5.39,5.28,5.38,27017543,146503984.00
20130521,5.41,5.41,5.33,5.37,20282419,110041992.00
20130522,5.37,5.91,5.33,5.81,72630254,414538688.00
20130523,5.64,5.85,5.63,5.74,62666157,364519360.00
20130524,5.69,5.75,5.60,5.69,42836319,246287296.00
20130527,5.68,5.76,5.57,5.61,35771825,205058624.00
20130528,5.57,5.65,5.52,5.64,23306235,131884856.00
20130529,5.63,5.70,5.60,5.60,18525960,105836784.00
20130530,5.57,5.67,5.54,5.65,17135665,97475488.00
20130531,5.64,5.72,5.50,5.53,20364466,115735448.00
20130603,5.52,5.57,5.48,5.53,12218233,68417584.00
20130604,5.53,5.54,5.38,5.39,14102194,77734328.00
20130605,5.41,5.45,5.37,5.39,11632956,63677464.00
20130606,5.34,5.35,5.18,5.22,16597545,88650480.00
20130607,5.23,5.27,5.07,5.12,13291798,69404824.00
20130613,5.11,5.11,4.90,4.95,12652794,63639688.00
20130614,4.95,5.02,4.94,5.00,9100835,45975976.00
20130617,5.00,5.04,4.91,5.01,10206572,51484564.00
20130618,5.01,5.06,4.94,5.05,9501333,48184072.00
20130619,5.04,5.05,4.89,4.99,9413032,46814464.00
20130620,4.94,4.95,4.78,4.79,9024277,44178376.00
20130621,4.71,4.79,4.59,4.72,9630661,45387876.00
20130624,4.72,4.72,4.25,4.27,15757031,70834336.00
20130625,4.26,4.34,3.87,4.17,19394451,80580384.00
20130626,4.17,4.21,4.05,4.16,15019001,62318848.00
20130627,4.14,4.25,4.12,4.14,12993699,54592804.00
20130628,4.12,4.22,3.98,4.12,13511824,55936116.00
20130701,4.11,4.22,4.10,4.19,12238591,51130700.00
20130702,4.21,4.25,4.15,4.23,9673879,40798992.00
20130703,4.19,4.20,4.08,4.15,9400024,39096532.00
20130704,4.14,4.30,4.10,4.24,15214624,64490176.00
20130705,4.24,4.35,4.22,4.25,17910749,77136744.00
20130708,4.19,4.20,3.99,4.00,13324543,54725740.00
20130709,4.02,4.05,3.96,4.01,7889538,31784816.00
20130710,4.01,4.19,4.00,4.18,11339208,46639256.00
20130711,4.20,4.47,4.17,4.36,29671246,129233560.00
20130712,4.39,4.43,4.27,4.28,19193346,84008544.00
20130715,4.27,4.38,4.27,4.32,11946702,51885016.00
20130716,4.32,4.42,4.30,4.37,15603836,68490496.00
20130717,4.41,4.65,4.38,4.51,32502309,147130400.00
20130718,4.45,4.48,4.31,4.34,20418280,90015672.00
20130719,4.41,4.50,4.21,4.22,19249933,84529512.00
20130722,4.16,4.28,4.15,4.27,10384684,44164280.00
20130723,4.29,4.60,4.26,4.46,27954389,125578088.00
20130724,4.41,4.42,4.31,4.37,16112495,70782816.00
20130725,4.36,4.43,4.33,4.38,11120891,49010368.00
20130726,4.37,4.38,4.23,4.25,13036012,56019332.00
20130729,4.20,4.21,4.08,4.08,14504440,60077896.00
20130730,4.10,4.19,4.08,4.13,9879102,41090992.00
20130731,4.16,4.19,4.10,4.12,7691485,32078350.00
20130801,4.15,4.27,4.10,4.25,18710325,78875848.00
20130802,4.26,4.33,4.22,4.24,16183318,69326976.00
20130805,4.23,4.51,4.20,4.41,26971369,118791744.00
20130806,4.38,4.75,4.33,4.59,53629939,246509328.00
20130807,4.53,4.62,4.37,4.43,36124803,162699696.00
20130808,4.45,4.58,4.43,4.53,26502525,120018416.00
20130809,4.61,4.65,4.46,4.53,22488789,102865280.00
20130812,4.55,4.67,4.48,4.65,31772668,146677584.00
20130813,4.66,4.76,4.61,4.65,27917448,131188792.00
20130814,4.67,4.82,4.63,4.72,39268865,185827328.00
20130815,4.68,4.72,4.58,4.59,24510987,114478632.00
20130816,4.56,4.96,4.42,4.49,36712627,168342544.00
20130819,4.45,4.55,4.43,4.53,14551054,65793988.00
20130820,4.51,4.55,4.42,4.44,15866088,71350992.00
20130821,4.47,4.49,4.40,4.49,9637853,43049912.00
20130822,4.47,4.51,4.44,4.47,11359954,51167760.00
20130823,4.50,4.61,4.45,4.53,23904064,108903208.00
20130826,4.63,4.65,4.55,4.62,17419079,80529304.00
20130827,4.61,4.63,4.56,4.62,13612208,62854488.00
20130828,4.59,4.88,4.56,4.76,60747743,291221920.00
20130829,4.77,4.77,4.66,4.72,29889617,141066496.00
20130830,4.68,4.80,4.64,4.70,27618456,131272384.00
20130902,4.72,5.17,4.61,5.15,106480296,536839808.00
20130903,5.38,5.67,5.38,5.67,81813458,457388416.00
20130904,6.24,6.24,5.95,6.24,289038486,1774518272.00
20130905,5.98,6.84,5.93,6.51,239987906,1513143552.00
20130906,6.30,6.83,6.26,6.46,192371841,1263344640.00
20130909,6.52,7.11,6.45,7.11,241898965,1694903168.00
20130910,6.98,7.82,6.88,7.58,260524648,1904390656.00
20130911,7.38,7.97,7.14,7.32,217042146,1630905600.00
20130912,7.20,7.47,7.14,7.27,116598160,852934848.00
20130913,7.20,7.41,6.93,6.97,105166728,747165248.00
20130916,7.03,7.25,6.94,6.99,86959918,617446784.00
20130917,6.82,6.82,6.29,6.29,139431123,904005952.00
20130918,6.34,6.51,6.27,6.38,86173467,552772352.00
20130923,6.47,7.02,6.43,7.02,145174492,981359744.00
20130924,6.91,7.63,6.79,7.15,169260544,1227550848.00
20130925,7.17,7.87,7.04,7.69,208772441,1592080384.00
20130926,8.10,8.46,7.58,7.67,191013672,1513537664.00
20130927,7.53,7.53,6.90,7.13,129022183,920848192.00
20130930,7.21,7.85,7.08,7.85,143136186,1099654272.00
20131008,8.18,8.64,8.06,8.24,215921416,1833640704.00
20131009,8.28,9.07,8.20,9.07,202965977,1768580096.00
20131010,9.43,9.61,8.79,9.14,242820649,2247782656.00
20131011,9.10,9.45,8.90,9.14,146250010,1348975360.00
20131014,9.19,10.06,9.18,10.06,188513553,1873460864.00
20131015,9.98,10.71,9.76,10.50,195412043,1997732992.00
20131016,10.10,10.15,9.45,9.59,164103082,1592824832.00
20131017,9.96,10.24,9.01,9.96,203227747,1987045248.00
20131018,9.38,9.73,8.98,9.36,114370420,1077424128.00
20131021,9.35,9.73,9.10,9.58,116162220,1107401088.00
20131022,9.48,10.06,9.20,9.66,148550807,1442323968.00
20131023,9.28,9.45,8.69,8.70,146520949,1310593536.00
20131024,8.53,8.83,8.32,8.44,74411942,636179584.00
20131025,8.48,8.53,7.72,8.39,114120199,928880704.00
20131028,8.63,9.16,8.49,8.84,128885234,1145313408.00
20131029,8.73,9.16,7.96,8.98,147450924,1269003776.00
20131030,8.68,9.13,8.59,8.82,97359939,865590016.00
20131031,8.83,9.34,8.68,8.70,107711065,972094400.00
20131101,8.28,8.60,8.09,8.34,72741933,606469568.00
20131104,8.40,8.54,8.11,8.45,53643113,447857664.00
20131105,8.28,9.17,8.19,9.06,112042621,985087168.00
20131106,8.88,9.05,8.72,8.76,86346963,768022720.00
20131107,8.38,8.58,7.88,7.94,164138742,1345340416.00
20131108,7.43,7.97,7.28,7.64,116039820,878984704.00
20131111,7.56,7.60,6.96,7.04,79528427,588288960.00
20131112,6.88,7.05,6.63,6.96,102308669,701109952.00
20131113,6.93,7.66,6.80,7.66,139120651,1022843392.00
20131114,7.66,8.28,7.57,7.92,174748296,1392641792.00
20131115,7.73,8.42,7.68,8.17,140305828,1131286016.00
20131118,8.08,8.90,7.99,8.77,151536839,1298500224.00
20131119,8.76,8.91,8.43,8.59,127519914,1100985216.00
20131120,8.50,9.28,8.48,8.92,148912311,1334092672.00
20131121,8.83,9.45,8.75,9.09,148475474,1355358336.00
20131122,8.98,9.09,8.57,8.59,107369168,945175360.00
20131125,8.43,8.81,8.34,8.71,93380077,801643840.00
20131126,8.65,8.75,8.51,8.59,66064155,570966336.00
20131127,8.60,8.67,8.30,8.58,80245180,681760896.00
20131128,8.58,9.18,8.52,8.88,182096307,1636334336.00
20131129,8.78,8.92,8.58,8.77,90370290,792385472.00
20131202,8.38,8.67,7.94,8.02,98599259,816846272.00
20131203,8.08,8.44,7.96,8.38,71480427,587282880.00
20131204,8.39,8.86,8.35,8.60,117432997,1014471168.00
20131205,8.67,9.08,8.50,8.92,125119230,1105201280.00
20131206,8.81,8.90,8.67,8.78,65254913,574431360.00
20131209,8.75,9.17,8.74,9.07,119840654,1083636992.00
20131210,9.06,9.09,8.85,8.91,71382889,638600896.00
20131211,8.88,8.89,8.48,8.78,74525906,648503488.00
20131212,8.78,8.81,8.59,8.64,45400704,395467360.00
20131213,8.61,8.75,8.43,8.65,50446909,434097824.00
20131216,8.60,8.73,8.08,8.15,68973487,577390720.00
20131217,8.09,8.21,7.82,7.87,52276844,416504992.00
20131218,7.89,7.95,7.73,7.85,29106545,229193120.00
20131219,7.83,7.99,7.50,7.53,46750997,361693408.00
20131220,7.54,7.65,7.41,7.62,36005575,272391776.00
20131223,7.65,7.70,7.26,7.62,35109684,263013600.00
20131224,7.68,7.89,7.60,7.80,52078280,406174656.00
20131225,7.82,7.82,7.61,7.73,33326900,256712400.00
20131226,7.71,7.73,7.12,7.25,50782482,376829504.00
20131227,7.24,7.43,7.17,7.34,30826078,226466496.00
20131230,7.38,7.42,7.15,7.17,32161228,234132640.00
20131231,7.05,7.46,6.78,7.41,62707719,447424032.00
20140102,7.33,7.47,7.21,7.30,35242929,260090704.00
20140103,7.26,7.26,7.01,7.07,33555405,238847568.00
20140106,6.91,6.96,6.58,6.59,39516478,268517024.00
20140107,6.58,6.91,6.53,6.73,30466531,205835024.00
20140108,6.66,6.82,6.59,6.64,25285979,169577568.00
20140109,6.64,6.99,6.62,6.72,45008882,308993792.00
20140110,6.67,6.85,6.58,6.68,26402331,177774512.00
20140113,6.73,6.88,6.70,6.83,24064331,163593504.00
20140114,7.01,7.23,7.01,7.14,47877492,341521216.00
20140115,7.06,7.68,6.95,7.55,73198484,536892800.00
20140116,7.42,7.63,7.34,7.37,48760278,364529376.00
20140117,7.32,7.41,7.06,7.08,30362835,219901936.00
20140120,7.27,7.33,7.02,7.10,26728684,192062064.00
20140121,7.09,7.26,7.05,7.16,26581747,190904976.00
20140122,7.16,7.77,7.10,7.52,60575898,452118336.00
20140123,7.43,7.62,7.42,7.47,35690118,268095104.00
20140124,7.43,7.53,7.34,7.41,39600875,295374080.00
20140127,7.37,7.60,7.20,7.46,49695136,369329440.00
20140128,7.38,7.39,6.98,7.16,42289068,304981760.00
20140129,7.21,7.26,6.98,7.14,30900395,220680288.00
20140130,7.14,7.14,6.97,7.00,20612984,145667760.00
20140207,6.93,7.12,6.84,7.11,19868470,140447424.00
20140210,7.11,7.36,7.11,7.33,39047431,285028032.00
20140211,7.36,7.51,7.29,7.44,51135326,380002656.00
20140212,7.45,8.19,7.34,8.19,139709657,1100365824.00
20140213,8.17,8.17,7.87,7.88,104858328,843274880.00
20140214,7.89,8.24,7.87,8.06,74894695,605264320.00
20140217,8.17,8.26,8.00,8.13,67643247,550956992.00
20140218,8.24,8.54,8.14,8.19,88608525,739511104.00
20140219,8.11,8.48,8.03,8.33,93338590,774087488.00
20140220,8.22,8.53,8.02,8.20,80789734,670142208.00
20140221,8.11,8.37,8.05,8.28,62159082,512742048.00
20140224,8.26,8.56,8.11,8.39,82830489,693305600.00
20140225,8.31,8.45,7.68,7.87,74681311,606495872.00
20140226,7.87,7.98,7.56,7.87,46348135,361953248.00
20140227,7.83,8.04,7.62,7.70,59864010,470564192.00
20140228,7.58,7.58,7.13,7.42,55349124,407946880.00
20140303,7.38,7.65,7.28,7.62,38309637,289352032.00
20140304,7.54,7.76,7.45,7.68,37307485,285225728.00
20140305,7.79,8.20,7.72,7.92,76066601,608292544.00
20140307,7.98,8.36,7.78,7.79,67439357,544954880.00
20140310,7.63,7.63,7.18,7.20,41655448,307048160.00
20140311,7.21,7.28,7.04,7.14,25110563,180147936.00
20140312,7.21,7.26,6.88,7.06,28277427,200511648.00
20140313,7.06,7.15,6.99,7.10,24168643,171239728.00
20140314,7.06,7.06,6.90,6.95,19735365,137854640.00
20140317,6.96,7.07,6.95,7.05,17834117,125607848.00
20140318,7.05,7.16,7.02,7.12,20908673,148960288.00
20140319,7.07,7.10,6.91,6.98,20452904,142901984.00
20140320,6.98,7.21,6.91,7.01,31350339,222436352.00
20140321,6.93,7.12,6.80,7.08,26553334,185997648.00
20140324,7.10,7.19,7.06,7.12,22135383,157983680.00
20140325,7.11,7.30,7.07,7.28,40578285,292978912.00
20140326,7.28,7.28,7.14,7.16,25088505,181305840.00
20140327,7.12,7.12,6.93,6.94,27238996,191486320.00
20140328,6.89,7.00,6.73,6.76,28827513,197928208.00
20140331,6.74,6.82,6.66,6.70,14120486,95176944.00
20140401,6.73,6.86,6.68,6.79,10759875,73157216.00
20140402,6.80,6.97,6.78,6.93,22232286,153601424.00
20140403,6.94,7.01,6.75,6.78,23573191,161939280.00
20140404,6.74,6.81,6.70,6.77,19063017,129217128.00
20140408,6.74,6.84,6.71,6.84,26777510,182346528.00
20140409,6.87,7.16,6.81,7.05,57033118,399503744.00
20140410,6.98,7.03,6.91,6.95,38296488,267331472.00
20140411,6.93,6.94,6.79,6.82,30267168,207830736.00
20140414,6.83,6.87,6.81,6.82,19456481,133406384.00
20140415,6.85,7.13,6.83,7.11,69220609,486396672.00
20140416,7.11,7.16,6.94,7.04,51006869,360516448.00
20140417,7.03,7.09,6.88,6.89,27681412,193309616.00
20140418,6.83,6.87,6.78,6.84,17396750,119294264.00
20140421,6.79,6.94,6.75,6.79,21235067,145593472.00
20140422,6.74,6.83,6.53,6.65,29868282,199151744.00
20140423,6.67,6.70,6.44,6.48,25766420,169421232.00
20140424,6.46,6.51,6.20,6.21,33921957,214980336.00
20140425,6.24,6.27,5.94,5.96,29933118,182747328.00
20140428,5.97,5.97,5.47,5.62,30798567,175174656.00
20140429,5.62,5.74,5.58,5.71,19249517,109482976.00
20140430,5.71,5.76,5.65,5.68,13770723,78825192.00
20140505,5.69,5.75,5.58,5.73,17861440,101977040.00
20140506,5.74,5.83,5.70,5.79,19285390,111602032.00
20140507,5.77,5.77,5.58,5.58,15646966,88957184.00
20140508,5.55,5.73,5.53,5.61,14284272,80953752.00
20140509,5.63,5.65,5.50,5.54,11914007,66666224.00
20140512,5.63,5.84,5.59,5.80,30482630,175520352.00
20140513,5.80,5.85,5.73,5.78,21161228,122831592.00
20140514,5.76,5.80,5.71,5.73,12966916,74754080.00
20140515,5.73,5.77,5.58,5.59,13506956,76901104.00
20140516,5.58,5.62,5.52,5.58,10316915,57669052.00
20140519,5.59,6.02,5.51,5.88,53170603,311609408.00
20140520,5.82,5.93,5.79,5.86,30006339,176439520.00
20140521,5.84,5.86,5.72,5.85,18966265,110453912.00
20140522,5.83,5.93,5.80,5.82,23385022,137693200.00
20140523,5.87,5.87,5.70,5.79,23265731,134417168.00
20140526,5.79,5.93,5.76,5.88,28729942,168494176.00
20140527,5.89,5.89,5.75,5.77,16249912,94623408.00
20140528,5.73,5.85,5.71,5.82,16224836,94198216.00
20140529,5.82,5.88,5.72,5.74,20941048,122164576.00
20140530,5.78,5.80,5.68,5.73,15728050,90361416.00
20140603,5.73,5.80,5.71,5.71,12047947,69525584.00
20140604,5.71,5.71,5.57,5.60,16477351,92668664.00
20140605,5.60,5.66,5.56,5.65,13760251,77534728.00
20140606,5.66,5.67,5.48,5.53,19998395,111636280.00
20140609,5.53,5.64,5.50,5.54,13924241,77907912.00
20140610,5.56,5.61,5.51,5.61,13742124,76867768.00
20140611,5.59,5.70,5.54,5.65,19531316,110035432.00
20140612,5.64,5.65,5.56,5.58,14637720,82220896.00
20140613,5.57,5.83,5.54,5.74,38849745,223193344.00
20140616,5.73,5.83,5.69,5.77,23460901,135667360.00
20140617,5.74,5.77,5.69,5.70,17497319,100597536.00
20140618,5.70,5.72,5.61,5.62,14647652,83042448.00
20140619,5.64,5.91,5.58,5.76,53708764,310260736.00
20140620,5.74,5.88,5.63,5.87,49242553,285221248.00
20140623,5.98,6.25,5.98,6.10,82171010,504078528.00
20140624,6.06,6.14,6.02,6.07,35063095,213575312.00
20140625,6.08,6.32,6.02,6.17,49151009,304749664.00
20140626,6.14,6.25,6.11,6.19,36591533,226878800.00
20140627,6.16,6.39,6.09,6.25,68585378,429064256.00
20140630,6.18,6.22,6.09,6.12,34252765,211321312.00
20140701,6.10,6.48,6.10,6.33,65322316,414439328.00
20140702,6.29,6.32,6.13,6.27,43224609,271059328.00
20140703,6.27,6.31,6.18,6.25,24544095,153813456.00
20140704,6.22,6.38,6.16,6.17,29511034,185306400.00
20140707,6.17,6.18,6.04,6.07,28029436,171142240.00
20140708,6.09,6.10,6.00,6.09,19486659,118515408.00
20140709,6.07,6.15,6.01,6.04,29231484,178884640.00
20140710,6.03,6.07,5.91,5.94,24954618,150041664.00
20140711,5.95,6.02,5.92,5.98,23848473,142674384.00
20140714,5.98,6.05,5.93,6.04,23271682,139767360.00
20140715,6.03,6.04,5.96,6.02,21424528,129032616.00
20140716,6.03,6.09,6.01,6.04,24583215,149426912.00
20140717,6.08,6.17,5.97,6.14,38988895,237570784.00
20140718,6.11,6.24,6.07,6.21,44695707,275105728.00
20140721,6.25,6.25,6.04,6.06,37307420,228249392.00
20140722,6.05,6.11,5.97,6.08,26315862,159194144.00
20140723,6.09,6.10,6.01,6.03,22623004,136814480.00
20140724,6.05,6.25,6.01,6.13,55259292,339746240.00
20140725,6.12,6.22,6.04,6.15,41591896,254449056.00
20140728,6.10,6.34,6.10,6.29,68134157,425942880.00
20140729,6.31,6.67,6.28,6.51,106125944,686485952.00
20140730,6.42,6.55,6.38,6.49,58477262,377783616.00
20140731,6.47,6.60,6.37,6.53,48713729,316503232.00
20140801,6.49,6.54,6.31,6.32,48250897,310348704.00
20140804,6.31,6.46,6.31,6.45,31724292,203423328.00
20140805,6.44,6.60,6.40,6.56,58753224,383201024.00
20140806,6.50,6.60,6.43,6.58,46496687,303322720.00
20140807,6.58,6.63,6.43,6.47,38408084,250683552.00
20140808,6.46,6.48,6.38,6.41,24844769,159389424.00
20140811,6.45,6.65,6.41,6.59,52370053,342473376.00
20140812,6.57,6.76,6.55,6.67,76238017,507236672.00
20140813,6.68,6.84,6.59,6.69,66742350,447651552.00
20140814,6.67,6.71,6.55,6.57,50704339,336116480.00
20140815,6.62,6.70,6.52,6.69,43626485,288394592.00
20140818,6.67,6.83,6.62,6.79,58016317,391181760.00
20140819,6.79,7.35,6.74,7.28,140976052,996745344.00
20140820,7.18,7.30,6.99,7.06,87351228,624551360.00
20140821,7.09,7.23,6.90,7.03,58992126,417242400.00
20140822,7.02,7.06,6.86,6.97,49765548,346013472.00
20140825,6.99,7.18,6.96,6.97,45951037,324757984.00
20140826,6.93,6.93,6.59,6.64,54497078,366800096.00
20140827,6.58,6.67,6.54,6.62,26553908,175413152.00
20140828,6.63,6.70,6.58,6.63,25770506,171088256.00
20140829,6.63,6.70,6.59,6.69,19044930,126584568.00
20140901,6.69,6.76,6.65,6.74,23117230,155369088.00
20140902,6.77,6.85,6.71,6.82,34858700,236946096.00
20140903,6.82,7.03,6.80,6.90,52440277,362497856.00
20140904,6.90,6.94,6.83,6.91,37580020,258684256.00
20140905,6.93,7.03,6.89,6.94,48543171,338369568.00
20140909,6.96,6.98,6.83,6.93,30648749,211884064.00
20140910,6.90,7.62,6.84,7.62,208937914,1551373440.00
20140911,7.60,8.38,7.53,8.38,330138861,2689580288.00
20140912,8.20,8.28,7.98,8.11,178943906,1451932672.00
20140915,8.10,8.25,8.04,8.16,123251026,1002549120.00
20140916,8.21,8.51,7.80,7.85,175285373,1442329984.00
20140917,7.94,8.26,7.90,8.07,110311475,889357504.00
20140918,7.92,8.45,7.84,8.26,173054223,1414951424.00
20140919,8.24,8.77,8.15,8.50,208582190,1773764352.00
20140922,8.49,8.64,8.26,8.33,104399461,877497984.00
20140923,8.46,8.95,8.37,8.54,130691388,1129616384.00
20140924,8.50,8.67,8.39,8.51,85063045,724153600.00
20140925,8.47,8.81,8.40,8.53,97037800,835198400.00
20140926,8.50,9.26,8.47,8.99,158373926,1409719168.00
20140929,9.15,9.31,8.93,9.20,115860010,1058531520.00
20140930,9.10,9.10,8.28,8.37,244228660,2084970624.00
20141008,8.36,8.44,8.21,8.41,89691836,747581120.00
20141009,8.45,8.45,8.25,8.42,84523409,706031680.00
20141010,8.36,8.40,8.21,8.25,83741203,694927296.00
20141013,8.20,8.20,7.84,8.09,85119522,679243904.00
20141014,8.05,8.24,7.98,8.14,75672096,614297088.00
20141015,8.14,8.16,8.03,8.12,43968946,355490240.00
20141016,8.10,8.38,8.04,8.20,95318284,787686848.00
20141017,8.18,8.24,7.71,8.06,82889579,663725824.00
20141020,8.23,8.34,8.09,8.23,73000025,600776768.00
20141021,8.18,8.18,7.93,7.97,57793244,464220256.00
20141022,8.03,8.03,7.68,7.69,50045391,391949824.00
20141023,7.75,8.06,7.55,7.98,75243995,591196608.00
20141024,7.91,8.06,7.80,8.00,56678054,450181248.00
20141027,8.00,8.24,7.90,8.07,53941416,436083264.00
20141028,8.03,8.30,7.98,8.26,89481820,732798528.00
20141029,8.21,8.35,8.15,8.26,99023124,816180096.00
20141030,8.24,8.34,8.16,8.20,90559779,747416320.00
20141031,8.19,8.19,7.87,7.94,85581026,684111488.00
20141103,7.94,8.11,7.88,8.03,53484272,428326688.00
20141104,7.98,8.19,7.94,8.18,67331014,542942848.00
20141105,8.17,9.00,8.17,8.82,311913693,2716305152.00
20141106,8.60,8.69,8.38,8.49,155628793,1325013760.00
20141107,8.49,8.65,8.25,8.35,113870649,965613824.00
20141110,8.35,8.65,8.30,8.55,98582917,838120896.00
20141111,8.67,9.23,8.54,8.99,288633172,2572226304.00
20141112,8.99,9.19,8.75,9.14,227247543,2055158272.00
20141113,9.16,9.43,8.89,8.97,210045816,1922804864.00
20141114,8.90,9.05,8.52,8.63,110950208,964284096.00
20141117,8.59,8.87,8.41,8.81,86324778,752489408.00
20141118,8.86,9.42,8.78,9.17,175426348,1606288896.00
20141119,9.20,9.34,8.81,9.13,141366851,1282688768.00
20141120,9.04,9.55,8.90,9.29,151807974,1408243840.00
20141121,9.28,9.28,8.90,9.08,189721274,1717604992.00
20141124,9.10,9.22,8.90,9.11,123914680,1122878208.00
20141125,9.20,9.27,9.05,9.18,117712672,1078374656.00
20141126,9.21,9.24,8.89,9.00,111187136,1006345152.00
20141127,8.97,9.35,8.92,9.31,180108768,1658320384.00
20141128,9.40,9.47,9.08,9.19,127272615,1175833984.00
20141201,9.21,9.45,8.92,9.37,172148734,1584120960.00
20141202,9.28,9.37,9.15,9.27,124638367,1154236416.00
20141203,9.75,9.98,9.37,9.53,244829701,2350961408.00
20141204,9.56,9.65,9.40,9.64,161225766,1537332480.00
20141205,9.65,9.73,8.90,9.32,145800010,1362011648.00
20141208,9.22,9.63,9.10,9.51,139856672,1324245248.00
20141209,9.52,10.20,9.30,9.41,245409654,2408871424.00
20141210,9.41,9.81,9.30,9.80,131517590,1266843776.00
20141211,9.86,10.09,9.55,10.07,156114640,1531444864.00
20141212,10.04,10.04,9.80,9.84,102292311,1013020288.00
20141215,9.74,9.75,9.60,9.70,76108529,736130624.00
20141216,9.76,9.99,9.68,9.77,84844724,832184832.00
20141217,9.70,9.75,9.35,9.42,98784832,936140736.00
20141218,9.39,9.65,9.38,9.45,74527233,711315264.00
20141219,9.51,9.64,9.10,9.61,94685457,892795968.00
20141222,10.00,10.50,9.58,10.39,253399976,2547753728.00
20141223,10.00,10.15,9.40,9.53,119707523,1168435328.00
20141224,9.51,9.60,8.88,9.04,107190078,978092416.00
20141225,9.04,9.27,8.93,9.15,71308728,648827584.00
20141226,9.15,9.23,8.95,9.09,81105538,734450624.00
20141229,9.08,9.09,8.50,8.62,105224241,923844352.00
20141230,8.69,8.93,8.62,8.69,60048317,525991392.00
20141231,8.78,8.85,8.45,8.72,62878021,541150080.00
20150105,8.72,8.99,8.55,8.88,79481041,698253888.00
20150106,8.85,9.17,8.70,9.15,110719232,993130624.00
20150107,9.09,9.14,8.90,9.03,74000257,665174208.00
20150108,9.05,9.13,8.81,8.85,60058425,540506752.00
20150109,8.76,8.83,8.60,8.61,53512110,466951584.00
20150112,8.66,9.16,8.65,8.89,92150676,824430528.00
20150113,8.78,9.04,8.66,8.94,46818654,414078656.00
20150114,8.95,9.01,8.73,8.75,37578396,332893984.00
20150115,8.75,9.01,8.72,8.90,36181308,321623040.00
20150116,8.92,9.17,8.91,9.09,76506359,693662784.00
20150119,8.70,9.20,8.40,8.60,73985451,654648512.00
20150120,8.66,8.93,8.63,8.80,45443643,398432160.00
20150121,8.70,9.00,8.62,8.94,77220135,681860864.00
20150122,8.94,9.32,8.87,9.25,112487809,1027718592.00
20150123,9.18,9.23,8.95,9.06,76723570,696662400.00
20150126,9.10,9.27,9.01,9.20,63429411,580617088.00
20150127,9.20,9.35,9.14,9.34,91874610,851771584.00
20150128,9.30,9.30,9.06,9.15,55399186,508635168.00
20150129,9.01,9.18,8.97,9.04,41013696,371263296.00
20150130,9.14,9.18,9.00,9.14,47023981,428261152.00
20150202,9.24,9.40,8.76,8.81,100005107,915256000.00
20150203,8.75,8.88,8.52,8.73,57873370,502036224.00
20150204,8.78,8.85,8.62,8.64,39307968,342947552.00
20150205,8.74,8.78,8.35,8.37,44791289,383682304.00
20150206,8.37,8.43,7.90,7.93,59644487,484621376.00
20150209,7.95,8.08,7.90,8.01,31037607,247914560.00
20150210,7.99,8.08,7.95,8.04,24871832,199720832.00
20150211,8.04,8.22,8.04,8.18,28327365,230304272.00
20150212,8.17,8.27,8.07,8.14,29449616,239809840.00
20150213,8.21,8.34,8.17,8.23,37486368,309483232.00
20150216,8.26,8.34,8.25,8.29,26322986,218179648.00
20150217,8.30,8.43,8.29,8.35,27503588,230322080.00
20150225,8.35,8.45,8.30,8.41,37086587,310901504.00
20150226,8.41,8.65,8.41,8.64,52312934,447462208.00
20150227,8.65,8.77,8.56,8.73,54282129,471043488.00
20150302,8.76,9.15,8.65,9.08,91810463,817706176.00
20150303,9.03,9.15,8.82,8.87,65941951,591790784.00
20150304,8.90,9.04,8.76,8.93,48362473,430783648.00
20150305,8.95,8.97,8.70,8.73,44213185,387279264.00
20150306,8.66,8.78,8.53,8.56,35155087,302990304.00
20150309,8.57,8.64,8.35,8.61,34175695,290113024.00
20150310,8.56,8.68,8.53,8.63,30577198,263604320.00
20150311,8.64,8.72,8.55,8.57,30609545,264436560.00
20150312,8.62,8.71,8.55,8.61,31884143,275403520.00
20150313,8.62,8.78,8.61,8.75,43147204,375524800.00
20150316,8.79,8.99,8.75,8.94,69083644,615105024.00
20150317,8.95,9.15,8.93,9.03,96322371,871250496.00
20150318,9.12,9.39,9.06,9.30,134669685,1245042432.00
20150319,9.30,9.54,9.17,9.31,114281984,1067828096.00
20150320,9.31,9.42,9.23,9.39,126902172,1184202112.00
20150323,9.42,9.99,9.37,9.69,183932582,1773252608.00
20150324,9.56,9.78,9.15,9.58,155554139,1479231616.00
20150325,9.58,9.88,9.33,9.87,151940992,1465445504.00
20150326,9.88,10.06,9.51,9.86,138170222,1358585344.00
20150327,9.96,9.98,9.72,9.76,99531286,980920512.00
20150330,9.72,9.92,9.60,9.79,131290225,1282106240.00
20150331,9.74,10.17,9.72,9.95,181302182,1803735424.00
20150401,9.89,10.07,9.77,9.96,115108411,1143188096.00
20150402,9.96,10.10,9.82,9.94,111910449,1112464896.00
20150403,9.88,10.43,9.83,10.25,178641584,1822709376.00
20150407,10.26,10.48,10.14,10.39,133856810,1375771264.00
20150408,10.47,10.55,9.90,10.09,138910877,1414169984.00
20150409,10.05,10.23,9.65,9.96,104109115,1035542656.00
20150410,9.96,10.96,9.90,10.96,139657638,1481179136.00
20150413,11.35,11.35,10.83,10.98,213767024,2363559936.00
20150414,10.90,11.19,10.70,11.03,150642274,1649477504.00
20150415,10.87,11.25,10.68,10.87,131050549,1437345024.00
20150416,10.66,11.17,10.51,11.04,110619234,1212175232.00
20150417,10.90,11.55,10.85,11.17,191145410,2151577856.00
20150420,11.03,11.42,10.76,10.83,160896115,1774942848.00
20150421,10.90,11.46,10.83,11.30,146910174,1640866176.00
20150422,11.30,11.87,11.19,11.49,144470157,1661924608.00
20150423,11.51,11.60,11.21,11.42,126140716,1436382720.00
20150424,11.20,11.78,11.13,11.43,132638633,1519959296.00
20150427,11.50,12.26,11.44,11.93,183240034,2165147648.00
20150428,11.96,12.12,11.08,11.21,137263969,1587816832.00
20150429,11.20,11.48,10.89,11.32,82750943,927001920.00
20150430,11.41,12.18,11.11,11.79,154580152,1809119360.00
20150504,11.98,12.68,11.59,12.58,192507091,2349202432.00
20150505,12.25,12.39,11.74,11.80,128979944,1549704960.00
20150506,11.85,12.05,10.92,11.24,105583852,1226433920.00
20150507,11.08,11.20,10.52,10.64,83179387,899049408.00
20150508,10.75,10.96,10.44,10.83,74589624,801595904.00
20150511,10.84,11.13,10.50,11.07,99927985,1088874368.00
20150512,11.06,11.35,10.98,11.19,92658563,1032980544.00
20150513,11.30,12.09,11.12,11.74,154889058,1791817600.00
20150514,11.56,11.71,11.34,11.38,93059310,1069600896.00
20150515,11.32,11.65,11.03,11.19,101000743,1146011392.00
20150518,11.24,11.61,11.11,11.19,76953833,872088064.00
20150519,11.20,11.39,11.10,11.35,90555181,1019929280.00
20150520,11.35,11.66,11.28,11.38,109983640,1263630848.00
20150521,11.40,11.79,11.35,11.72,124969971,1448221568.00
20150522,11.75,12.01,11.56,11.93,138489098,1635140992.00
20150525,11.86,12.41,11.75,12.19,174638255,2121627648.00
20150526,12.24,12.77,11.92,12.51,197024295,2429241344.00
20150527,13.30,13.76,13.01,13.76,250471119,3372547328.00
20150528,13.98,14.21,12.38,12.38,264903497,3578046208.00
20150529,12.41,12.55,11.32,11.91,155398999,1855647360.00
20150601,11.92,12.62,11.70,12.59,154579023,1888906752.00
20150602,12.51,13.18,12.34,13.14,172133594,2186328320.00
20150603,13.15,13.48,12.60,12.93,154583164,2018470272.00
20150604,12.80,12.89,11.64,12.67,123410210,1522175616.00
20150605,12.78,13.45,12.61,13.29,181052365,2366814720.00
20150608,13.44,13.67,13.05,13.44,159022249,2130076928.00
20150609,13.45,13.47,12.92,13.14,110503682,1458712832.00
20150610,12.93,13.47,12.75,13.19,112335313,1485362560.00
20150611,13.16,13.70,13.10,13.68,152294791,2055903360.00
20150612,13.57,14.03,13.45,13.66,163819359,2258742784.00
20150615,13.65,13.68,12.90,12.97,130556611,1737563264.00
20150616,12.75,12.88,12.10,12.22,98078464,1220680448.00
20150617,12.24,13.14,12.12,13.00,103099363,1300847360.00
20150618,12.90,13.25,12.42,12.54,91135257,1181973888.00
20150619,12.01,12.40,11.29,11.33,71826205,858486080.00
20150623,11.33,11.53,10.20,11.39,74683125,821931264.00
20150624,11.45,11.85,11.22,11.69,79413690,920227072.00
20150625,11.78,12.00,11.02,11.21,83974114,977769088.00
20150626,10.79,11.04,10.09,10.09,75158984,789520320.00
20150629,10.31,10.41,9.08,9.08,105745033,1008683200.00
20150630,9.08,9.95,8.17,9.78,131866854,1184262784.00
20150701,9.60,10.07,9.00,9.02,106954795,1034461952.00
20150702,8.91,9.10,8.13,8.18,95723615,820555008.00
20150703,7.98,8.35,7.36,7.36,97446785,749406272.00
20150706,7.88,8.07,6.62,6.65,138582718,996566400.00
20150707,6.49,6.49,5.99,6.00,159609953,968089856.00
20150713,6.60,6.60,6.60,6.60,3876055,25581964.00
20150714,7.26,7.26,7.26,7.26,5147760,37372736.00
20150715,7.97,7.97,6.78,6.95,167829818,1246609024.00
20150716,6.95,7.34,6.49,7.18,77421474,545412736.00
20150717,7.18,7.80,7.18,7.69,93037097,699831424.00
20150720,7.69,8.10,7.57,7.91,104960089,822908864.00
20150721,7.75,8.27,7.65,8.23,103450845,837151040.00
20150722,8.10,8.45,7.97,8.35,133835720,1100737408.00
20150723,8.50,9.03,8.50,8.92,169432918,1489913600.00
20150724,8.87,8.95,8.30,8.50,130140621,1134082688.00
20150727,8.22,8.98,7.65,7.70,149130439,1251914880.00
20150728,7.18,8.47,6.96,8.33,148787912,1130701568.00
20150729,8.24,8.71,7.96,8.64,126953516,1067652224.00
20150730,8.49,8.82,8.08,8.20,89675970,762937152.00
20150731,8.03,8.29,7.57,7.86,66576094,531800928.00
20150803,7.75,8.15,7.31,7.85,61816519,481867168.00
20150804,7.88,8.40,7.75,8.34,67620211,547200960.00
20150805,8.25,8.36,8.00,8.03,53237665,435426688.00
20150806,7.84,8.45,7.80,8.32,69579798,567579136.00
20150807,8.40,8.63,8.30,8.53,86717763,734808896.00
20150810,8.66,9.00,8.51,8.90,94662504,834296768.00
20150811,8.89,9.37,8.69,9.01,118436654,1062907008.00
20150812,8.87,9.90,8.70,9.68,180324912,1705134464.00
20150813,9.50,9.90,9.21,9.81,108649755,1042158272.00
20150814,9.82,10.00,9.45,9.72,102314774,1000321728.00
20150817,9.58,10.42,9.46,10.21,118884213,1181716992.00
20150818,10.26,10.76,9.20,9.56,149093471,1475003904.00
20150819,9.35,10.52,9.33,10.52,191023610,1911307264.00
20150820,10.51,10.99,10.09,10.13,180494535,1897501056.00
20150821,9.77,9.96,9.12,9.12,114052454,1070180544.00
20150824,8.30,8.44,8.21,8.21,36125925,297629696.00
20150825,7.39,7.57,7.39,7.39,91905430,681973056.00
20150826,7.10,7.65,6.65,6.65,95354620,672894528.00
20150827,6.85,6.98,6.00,6.82,96689069,634067584.00
20150828,6.91,7.50,6.70,7.50,116013759,833185984.00
20150831,7.36,7.49,6.96,7.46,90970962,658152448.00
20150901,7.35,7.35,6.72,7.15,114913873,816484032.00
20150902,6.66,7.34,6.44,6.45,55545100,377863040.00
20150907,6.60,6.99,6.45,6.57,53428255,358470592.00
20150908,6.57,7.10,6.42,6.93,42515231,287634720.00
20150909,7.00,7.38,6.95,7.22,64221436,461308736.00
20150910,7.13,7.35,7.00,7.04,49590353,354315776.00
20150911,6.99,7.29,6.95,7.20,45283498,322811040.00
20150914,7.30,7.63,6.52,6.84,102632470,741907200.00
20150915,6.55,6.68,6.16,6.16,60277193,384113536.00
20150916,6.19,6.78,6.10,6.74,54558945,350459936.00
20150917,6.68,6.92,6.45,6.47,55725305,371129184.00
20150918,6.54,6.67,6.37,6.55,29224090,190635296.00
20150921,6.40,6.78,6.37,6.73,38529990,255348272.00
20150922,6.74,7.11,6.64,7.08,74042351,507106752.00
20150923,6.85,6.94,6.60,6.72,50586619,344621888.00
20150924,6.75,6.90,6.71,6.82,35792948,243016464.00
20150925,6.80,6.97,6.57,6.59,40913113,276550176.00
20150928,6.64,6.90,6.42,6.82,37363583,249959520.00
20150929,6.67,7.29,6.62,6.99,88785969,621202816.00
20150930,6.93,7.50,6.93,7.39,92008649,667933632.00
20151008,7.83,8.13,7.60,7.70,123109925,972217472.00
20151009,7.70,8.10,7.61,8.09,83664040,663864000.00
20151012,8.15,8.80,8.07,8.08,155970831,1300606208.00
20151013,8.08,8.36,7.91,8.30,80771148,662137472.00
20151014,8.30,8.48,7.91,7.98,162448982,1331174912.00
20151015,7.90,8.14,7.70,8.11,98848049,783193344.00
20151016,8.10,8.11,7.93,8.06,80450820,646328512.00
20151019,8.05,8.20,7.93,8.15,96397902,779949376.00
20151020,8.13,8.27,7.98,8.17,76410984,619648576.00
20151021,8.10,8.11,7.35,7.35,112169622,869334016.00
20151022,7.30,7.53,7.16,7.49,71187944,524252576.00
20151023,7.55,7.68,7.38,7.64,69632974,524959360.00
20151026,7.75,7.97,7.57,7.82,86427886,676559488.00
20151027,7.71,7.74,7.32,7.65,61871530,466523552.00
20151028,7.58,7.77,7.36,7.41,51833544,392682560.00
20151029,7.47,7.60,7.34,7.52,37641571,282097728.00
20151030,7.48,7.51,7.32,7.38,35754991,265215984.00
20151102,7.27,7.33,7.06,7.10,50349592,363290656.00
20151103,7.25,7.48,7.20,7.27,55752008,408653824.00
20151104,7.25,7.57,7.25,7.56,72392493,536716576.00
20151105,7.60,7.86,7.52,7.75,103498864,799384576.00
20151106,7.78,7.88,7.70,7.83,65454715,510697696.00
20151109,7.78,8.13,7.78,7.85,87590937,696482368.00
20151110,7.80,8.04,7.70,7.97,86077661,675409984.00
20151111,8.01,8.06,7.81,7.91,63772994,503892864.00
20151112,7.91,7.94,7.72,7.79,49701413,387722240.00
20151113,7.70,7.78,7.53,7.56,52825510,403930240.00
20151116,7.40,7.69,7.36,7.66,36860779,277337024.00
20151117,7.75,7.98,7.74,7.84,88489992,694392768.00
20151118,7.84,7.89,7.65,7.70,49560363,384824640.00
20151119,7.73,7.78,7.58,7.77,35982103,277212256.00
20151120,7.77,7.83,7.70,7.75,43985227,341246496.00
20151123,7.77,8.04,7.74,7.86,79297490,626300288.00
20151124,7.81,8.02,7.67,7.98,57170836,451604896.00
20151125,8.00,8.07,7.93,7.98,57230158,457112704.00
20151126,7.98,8.40,7.95,8.15,102906245,840901120.00
20151127,8.10,8.15,7.34,7.43,71063214,554723904.00
20151130,7.46,7.54,6.87,7.29,45904916,332857408.00
20151201,7.27,7.73,7.21,7.68,45894663,344229600.00
20151202,7.94,7.95,7.43,7.74,79968229,618706176.00
20151203,7.62,7.86,7.50,7.82,64410501,496089440.00
20151204,7.76,8.28,7.58,8.15,113713595,906549824.00
20151207,8.15,8.30,8.03,8.15,82058637,669784896.00
20151208,8.03,8.08,7.68,7.70,60307087,472940096.00
20151209,7.61,7.76,7.55,7.68,34037701,260518272.00
20151210,7.60,7.78,7.56,7.58,32650690,250691280.00
20151211,7.53,7.60,7.34,7.46,28876914,215185520.00
20151214,7.34,7.64,7.32,7.63,47520157,356681504.00
20151215,7.65,7.80,7.59,7.67,36945477,283409504.00
20151216,7.69,7.75,7.51,7.54,40712250,310244096.00
20151217,7.59,7.73,7.58,7.70,44355116,340196704.00
20151218,7.67,7.83,7.59,7.80,62619386,483183072.00
20151221,7.73,8.00,7.71,7.97,77493741,609783232.00
20151222,7.96,8.30,7.82,8.14,95699235,771389184.00
20151223,8.10,8.13,7.86,7.90,58062350,464134880.00
20151224,7.93,8.21,7.88,8.11,87375965,705456000.00
20151225,8.09,8.10,7.90,8.03,47812804,382129024.00
20151228,8.03,8.07,7.67,7.68,58250680,459449184.00
20151229,7.65,7.76,7.52,7.74,34086049,260249952.00
20151230,7.80,7.80,7.62,7.70,36402490,280758400.00
20151231,7.69,7.75,7.55,7.56,27949903,213361200.00
20160104,7.51,7.58,6.80,6.80,40971243,294855008.00
20160105,6.53,6.81,6.30,6.69,47800588,316277184.00
20160106,6.70,6.88,6.69,6.87,30998003,210601712.00
20160107,6.74,6.74,6.18,6.19,10613600,68370056.00
20160108,6.39,6.60,6.02,6.50,47947522,306892288.00
20160111,6.39,6.68,6.10,6.18,45373484,292321696.00
20160112,6.21,6.32,6.08,6.22,27817070,172503008.00
20160113,6.29,6.36,6.03,6.06,26542391,165334032.00
20160114,5.92,6.20,5.83,6.18,30861304,186519696.00
20160115,6.12,6.16,5.76,5.85,32575025,194101088.00
20160118,5.75,5.95,5.66,5.85,24069924,140286480.00
20160119,5.85,6.04,5.80,6.02,27567754,163957312.00
20160120,5.97,6.08,5.87,5.98,27017061,161716288.00
20160121,5.89,6.01,5.70,5.72,24044696,141394992.00
20160122,5.80,5.85,5.63,5.80,22717535,130944560.00
20160125,5.85,5.88,5.78,5.88,25515924,148794448.00
20160126,5.80,5.84,5.29,5.29,39672675,219785664.00
20160127,5.33,5.35,5.01,5.18,34110857,176466400.00
20160128,5.20,5.30,4.88,4.91,33121663,169696592.00
20160129,4.93,5.13,4.87,5.06,26856043,134846784.00
20160201,5.03,5.13,4.81,4.93,27754657,138482304.00
20160202,4.96,5.09,4.94,5.06,23324096,117347152.00
20160203,5.00,5.07,4.92,5.06,20553610,102689592.00
20160204,5.07,5.26,5.07,5.19,37697515,195050416.00
20160205,5.22,5.32,5.11,5.26,34588431,180468112.00
20160215,5.08,5.39,5.03,5.36,35344240,183678064.00
20160216,5.45,5.63,5.35,5.51,49760219,272583584.00
20160217,5.46,5.54,5.36,5.49,35439018,193232896.00
20160218,5.53,5.62,5.46,5.48,36117742,199081296.00
20160219,5.45,5.48,5.35,5.42,26211432,141667728.00
20160222,5.48,5.59,5.45,5.54,48527644,268189472.00
20160223,5.55,5.88,5.46,5.85,78000855,440552448.00
20160224,5.70,5.75,5.56,5.70,62816004,356155520.00
20160225,5.69,5.69,5.13,5.13,55808884,298883840.00
20160226,5.16,5.21,5.00,5.12,36587136,186835072.00
20160229,5.10,5.10,4.68,4.81,37726295,182358384.00
20160301,4.84,5.02,4.81,4.95,32801250,161673392.00
20160302,4.95,5.45,4.95,5.42,75941211,400313856.00
20160303,5.66,5.96,5.62,5.96,50172504,293545472.00
20160304,6.22,6.25,5.81,6.04,168364260,1025265792.00
20160307,6.40,6.64,6.27,6.58,192776086,1254587392.00
20160308,6.40,6.51,5.92,6.28,125020812,775338176.00
20160309,5.91,6.08,5.70,5.95,89636491,529017696.00
20160310,5.96,5.99,5.71,5.72,53139799,310313024.00
20160311,5.70,5.83,5.70,5.77,45919227,265026928.00
20160314,5.83,6.07,5.73,5.98,63614470,377924576.00
20160315,5.81,5.88,5.66,5.76,56394579,325879328.00
20160316,5.78,5.82,5.50,5.62,50234051,283694944.00
20160317,5.78,5.85,5.61,5.83,59000741,340567584.00
20160318,5.90,6.10,5.89,5.97,85000728,509537632.00
20160321,5.97,6.48,5.95,6.44,115988805,714409216.00
20160322,6.30,6.46,6.21,6.29,92199198,584842688.00
20160323,6.29,6.45,6.24,6.34,69870936,442578848.00
20160324,6.18,6.29,6.06,6.07,60089425,370485632.00
20160325,6.27,6.32,6.08,6.22,76265491,472333600.00
20160328,6.21,6.22,5.98,6.03,50941280,311902752.00
20160329,5.99,6.03,5.75,5.82,40274543,236040960.00
20160330,5.84,5.99,5.83,5.98,31799023,188458496.00
20160331,5.98,6.02,5.94,5.99,31753589,189930336.00
20160401,5.95,6.05,5.87,5.97,28836601,171790928.00
20160405,5.98,6.12,5.94,6.11,36284230,219645776.00
20160406,6.10,6.30,6.07,6.19,55596355,344639584.00
20160407,6.15,6.19,5.95,5.96,44677360,270014656.00
20160408,5.90,5.90,5.73,5.82,40985095,237453152.00
20160411,6.10,6.23,6.00,6.14,75759085,464818752.00
20160412,6.09,6.15,5.97,6.10,38143692,230916128.00
20160413,6.35,6.66,6.32,6.36,128011475,828447360.00
20160414,6.35,6.35,6.19,6.29,58495073,366697376.00
20160415,6.28,6.31,6.16,6.19,43515778,270170208.00
20160418,6.11,6.29,6.00,6.25,41697683,255478704.00
20160419,6.36,6.40,6.15,6.23,44996744,282807776.00
20160420,6.35,6.46,6.00,6.33,100349654,628339392.00
20160421,6.50,6.96,6.36,6.93,224870734,1514912128.00
20160422,6.60,6.66,6.28,6.31,138229985,894624512.00
20160425,6.20,6.26,5.95,6.12,70867401,433195360.00
20160426,6.07,6.15,6.02,6.12,42019522,256019536.00
20160427,6.17,6.34,6.09,6.16,66694732,415416448.00
20160428,6.09,6.13,5.96,6.06,44124886,265988864.00
20160429,6.05,6.12,6.02,6.04,23042582,139786624.00
20160503,6.04,6.28,6.01,6.27,51862068,320263840.00
20160504,6.20,6.34,6.16,6.21,38848125,242286144.00
20160505,6.17,6.21,6.04,6.15,38478034,235555264.00
20160506,6.14,6.14,5.97,5.99,45387434,274434304.00
20160509,5.94,5.94,5.53,5.58,44523193,252884736.00
20160510,5.60,5.65,5.50,5.56,24825733,138215808.00
20160511,5.63,5.66,5.48,5.50,35052476,195642688.00
20160512,5.40,5.40,5.20,5.39,36968349,196104400.00
20160513,5.31,5.45,5.27,5.37,31633838,169876192.00
20160516,5.35,5.40,5.24,5.39,35488842,188401808.00
20160517,5.40,5.40,5.31,5.34,25332164,135701072.00
20160518,5.31,5.33,5.05,5.13,34224500,176872304.00
20160519,5.08,5.21,5.08,5.13,21045385,108617648.00
20160520,5.10,5.27,5.05,5.22,32704043,168946112.00
20160523,5.20,5.25,5.13,5.21,32986227,171337232.00
20160524,5.20,5.24,5.15,5.19,19763640,102665952.00
20160531,5.30,5.54,5.27,5.53,59025547,320458144.00
20160601,5.48,5.60,5.43,5.50,42981890,235787888.00
20160602,5.52,5.53,5.44,5.50,29866310,163682208.00
20160603,5.50,5.51,5.45,5.48,25419854,139186992.00
20160606,5.50,5.52,5.46,5.51,24200856,132884248.00
20160607,5.51,5.58,5.46,5.53,28190398,155534096.00
20160608,5.50,5.51,5.39,5.43,26112929,141780304.00
20160613,5.35,5.37,5.11,5.14,22736608,120119632.00
20160614,5.10,5.20,5.08,5.18,23215407,118961248.00
20160615,5.11,5.33,5.09,5.32,28663342,150833584.00
20160616,5.27,5.34,5.26,5.28,21472971,113631872.00
20160617,5.31,5.55,5.31,5.49,50992790,278065728.00
20160620,5.49,5.52,5.39,5.45,23632496,128605200.00
20160621,5.46,5.50,5.31,5.34,25148269,136255328.00
20160622,5.32,5.42,5.31,5.41,15279312,81964144.00
20160623,5.41,5.43,5.31,5.35,18075323,96926136.00
20160624,5.34,5.37,5.11,5.28,31511337,165451440.00
20160627,5.22,5.44,5.18,5.41,29669730,158496688.00
20160628,5.36,5.44,5.33,5.43,23074735,124351200.00
20160629,5.44,5.56,5.43,5.47,34741095,190828816.00
20160630,5.50,5.62,5.44,5.59,48899804,271498336.00
20160701,5.58,5.61,5.51,5.57,24488259,136093776.00
20160704,5.62,6.13,5.62,6.13,92714825,549831680.00
20160705,6.20,6.35,6.05,6.22,145179587,901614976.00
20160706,6.02,6.15,6.01,6.12,73065242,443758784.00
20160707,6.09,6.27,6.00,6.07,71435560,437486400.00
20160708,6.02,6.06,5.96,6.00,43051483,258381184.00
20160711,6.01,6.25,6.00,6.09,66783949,410103744.00
20160712,6.12,6.23,6.05,6.18,57916823,356978400.00
20160713,6.25,6.46,6.19,6.30,73251686,462385920.00
20160714,6.20,6.30,6.17,6.29,36344414,225822704.00
20160715,6.38,6.39,6.20,6.21,35580527,223038048.00
20160718,6.18,6.18,6.08,6.10,27255971,166540112.00
20160719,6.11,6.15,6.06,6.15,18849565,115162408.00
20160720,6.22,6.33,6.21,6.26,48874138,307021856.00
20160721,6.30,6.33,6.21,6.26,28527230,178883376.00
20160722,6.22,6.24,6.10,6.12,27651691,169990896.00
20160725,6.06,6.15,6.06,6.11,16505420,100830328.00
20160726,6.12,6.16,6.09,6.15,21423667,131125496.00
20160727,6.16,6.23,5.75,5.92,48555569,292791936.00
20160728,5.88,5.92,5.78,5.88,25653548,149783136.00
20160729,5.86,5.86,5.79,5.81,15359305,89440824.00
20160801,5.80,5.83,5.70,5.82,16893629,97230440.00
20160802,5.81,5.86,5.79,5.85,10573221,61551272.00
20160803,5.90,5.96,5.85,5.92,21024711,124184432.00
20160804,5.92,6.00,5.88,5.91,13441922,79482120.00
20160805,5.91,5.96,5.87,5.89,11362400,67191808.00
20160808,5.89,6.02,5.85,6.01,20630180,123044688.00
20160809,6.01,6.05,5.95,6.00,14939555,89315704.00
20160810,5.98,6.05,5.95,5.99,15574083,93361232.00
20160811,5.96,5.98,5.85,5.86,15903468,94020040.00
20160812,5.89,6.04,5.86,6.02,20827982,124132944.00
20160815,6.00,6.17,5.99,6.17,33675980,205384320.00
20160816,6.16,6.21,6.12,6.16,28314468,174471264.00
20160817,6.18,6.19,6.08,6.16,19767991,121285648.00
20160818,6.14,6.18,6.11,6.14,16775827,102943464.00
20160819,6.14,6.17,6.03,6.15,19847091,121258648.00
20160822,6.11,6.13,6.00,6.02,16619819,100716576.00
20160823,6.03,6.04,5.96,6.00,14847461,89106040.00
20160824,6.01,6.04,5.98,5.99,9996090,60026096.00
20160825,5.96,5.96,5.90,5.94,13808166,81810328.00
20160826,5.94,5.97,5.91,5.93,12908664,76661400.00
20160829,5.92,5.97,5.91,5.95,10117986,60119496.00
20160830,5.95,5.98,5.93,5.94,8332455,49572720.00
20160831,5.96,6.18,5.95,6.09,39356006,240281152.00
20160901,6.08,6.09,6.02,6.03,16217076,98159872.00
20160902,6.03,6.08,5.94,6.00,14796438,88837872.00
20160905,6.02,6.07,6.00,6.03,10384128,62720980.00
20160906,6.01,6.06,5.94,6.06,14681303,88286416.00
20160907,6.04,6.12,6.03,6.05,17654976,107191208.00
20160908,6.04,6.08,6.02,6.05,11322544,68421048.00
20160909,6.07,6.09,5.99,6.00,14662295,88726664.00
20160912,5.90,5.90,5.72,5.75,30566528,176882016.00
20160913,5.75,5.79,5.71,5.78,11523156,66328892.00
20160914,5.73,5.76,5.70,5.74,13073212,74855632.00
20160919,5.75,5.90,5.75,5.89,16560679,96640208.00
20160920,5.90,6.12,5.85,6.06,36412641,218885552.00
20160921,6.06,6.06,5.96,6.00,15359345,92057832.00
20160922,6.06,6.13,6.01,6.03,24940732,151356800.00
20160923,6.06,6.06,5.94,5.98,13486040,80827496.00
20160926,5.96,5.97,5.85,5.86,13387925,78931424.00
20160927,5.81,5.88,5.79,5.87,10230901,59577856.00
20160928,5.88,5.90,5.83,5.84,6012240,35257040.00
20160929,5.89,6.00,5.87,5.90,15235886,90670208.00
20160930,5.85,5.96,5.83,5.90,10130962,59726456.00
20161010,5.98,6.10,5.94,6.09,24345832,147133152.00
20161011,6.14,6.25,6.08,6.21,46962657,289453120.00
20161012,6.18,6.21,6.12,6.15,29516492,181694944.00
20161013,6.14,6.17,6.10,6.13,18473458,113128440.00
20161014,6.16,6.32,6.14,6.29,55341801,345705376.00
20161017,6.25,6.27,6.05,6.09,40514104,250283312.00
20161018,6.04,6.21,6.02,6.19,24081345,147789040.00
20161019,6.18,6.21,6.09,6.13,21740298,133661936.00
20161020,6.08,6.29,6.08,6.22,28978504,179377376.00
20161021,6.17,6.20,6.05,6.13,24485246,149988224.00
20161024,6.15,6.69,6.15,6.40,76664197,492972448.00
20161025,6.38,6.54,6.33,6.44,45287128,290135904.00
20161026,6.37,6.65,6.34,6.54,61298627,400631840.00
20161027,6.59,6.64,6.45,6.58,34362234,224465664.00
20161028,6.56,6.56,6.30,6.32,59040174,377685280.00
20161031,6.36,6.38,6.27,6.32,21894057,138157472.00
20161101,6.33,6.38,6.24,6.35,26249344,165513600.00
20161102,6.30,6.33,6.21,6.23,26787403,167899696.00
20161103,6.22,6.29,6.18,6.22,24870989,155105072.00
20161104,6.24,6.26,6.14,6.16,26272631,162578080.00
20161107,6.18,6.39,6.16,6.33,50525361,317891968.00
20161108,6.37,6.90,6.36,6.71,123531549,824431232.00
20161109,6.71,6.79,6.43,6.55,96272278,632385408.00
20161110,6.67,7.00,6.61,6.92,108538089,736199680.00
20161111,6.95,7.60,6.85,7.32,164175699,1186443392.00
20161114,6.99,7.40,6.96,7.15,117937905,844654912.00
20161115,7.15,7.42,7.04,7.16,73699124,531745728.00
20161116,7.19,7.72,7.10,7.52,126089098,930813632.00
20161117,7.38,7.59,7.32,7.34,69148897,511212768.00
20161118,7.28,7.30,7.08,7.13,55726250,397895328.00
20161121,7.28,7.68,7.28,7.67,106931082,801030272.00
20161122,7.87,7.97,7.46,7.57,98575531,754971072.00
20161123,7.54,7.68,7.36,7.40,60555059,453503456.00
20161124,7.59,7.64,7.39,7.43,63064181,474901216.00
20161125,7.40,7.44,7.15,7.34,52306052,380236384.00
20161128,7.32,7.92,7.22,7.87,123191961,938057472.00
20161129,7.72,7.76,7.54,7.58,77794550,594748352.00
20161130,7.38,7.43,7.17,7.29,61690222,451227488.00
20161201,7.29,7.41,7.24,7.37,28487027,208779200.00
20161202,7.34,7.36,7.05,7.21,43024829,310314176.00
20161205,7.14,7.35,7.10,7.22,36071590,260483520.00
20161206,7.22,7.26,7.03,7.04,32541959,231826752.00
20161207,7.07,7.25,7.04,7.24,31860138,227410144.00
20161208,7.20,7.21,7.10,7.11,24892298,177744080.00
20161209,7.03,7.19,6.99,7.17,30149904,214139200.00
20161212,7.40,7.48,6.85,6.98,61987439,449054336.00
20161213,6.90,7.31,6.70,7.27,58582673,414947616.00
20161214,7.26,7.49,7.18,7.36,80989077,597230656.00
20161215,7.40,7.45,7.22,7.38,43159796,316434464.00
20161216,7.36,7.53,7.30,7.33,52420040,388328608.00
20161219,7.27,7.65,7.22,7.52,77269312,580012160.00
20161220,7.40,7.48,7.20,7.30,51489668,377158080.00
20161221,7.37,7.44,7.29,7.42,41262457,304578528.00
20161222,7.42,7.43,7.25,7.25,40382439,295216224.00
20161223,7.24,7.25,6.92,6.97,49014507,345192416.00
20161226,6.87,6.99,6.81,6.96,23893414,164803104.00
20161227,6.91,7.07,6.89,7.00,21473954,150600272.00
20161228,7.03,7.08,6.93,6.96,14557502,101739800.00
20161229,6.93,7.00,6.90,6.94,11843433,82272192.00
20161230,7.00,7.04,6.92,6.96,14082054,98266224.00
20170103,7.02,7.24,7.01,7.19,37461841,267702928.00
20170104,7.11,7.25,7.10,7.24,28759214,206685040.00
20170105,7.23,7.28,7.18,7.25,24410592,176593152.00
20170106,7.25,7.32,7.18,7.19,25770357,186638240.00
20170109,7.28,7.34,7.20,7.34,24811574,180474640.00
20170110,7.35,7.45,7.26,7.34,36997508,272323168.00
20170111,7.33,7.38,7.18,7.21,28860694,209251040.00
20170112,7.30,7.56,7.30,7.35,56234907,416743008.00
20170113,7.40,7.45,7.11,7.13,32919782,237598672.00
20170116,7.32,7.45,6.94,7.19,62048114,449878720.00
20170117,7.23,7.38,7.01,7.28,48138982,346500896.00
20170118,7.25,7.67,7.20,7.50,77755336,581645568.00
20170119,7.40,7.57,7.28,7.35,44478321,329054912.00
20170120,7.33,7.47,7.30,7.36,39440236,290682208.00
20170123,7.35,7.52,7.25,7.41,48016344,354188736.00
20170124,7.41,7.63,7.36,7.60,74330211,559444416.00
20170125,7.51,7.59,7.46,7.52,40574399,305059072.00
20170126,7.65,7.71,7.54,7.65,63273792,482719040.00
20170203,7.61,7.67,7.43,7.51,48211367,362793216.00
20170206,7.54,7.58,7.39,7.45,57153612,426193472.00
20170207,7.45,7.51,7.40,7.51,40386325,301048320.00
20170208,7.50,7.56,7.42,7.51,39499686,295882400.00
20170209,7.46,7.51,7.42,7.48,38758100,289149216.00
20170210,7.44,7.86,7.43,7.68,99901491,761099136.00
20170213,7.80,7.99,7.64,7.70,97892660,760110592.00
20170214,7.72,8.38,7.65,8.12,148182801,1189747840.00
20170215,8.00,8.07,7.85,7.95,92094590,734310656.00
20170216,7.91,8.10,7.85,7.88,74559940,593134784.00
20170217,7.78,7.79,7.58,7.63,73473501,563622592.00
20170220,7.60,7.76,7.58,7.75,36537160,280436160.00
20170221,7.75,7.77,7.63,7.68,36344758,279579776.00
20170222,7.64,7.77,7.63,7.72,42909167,330904832.00
20170223,7.72,7.79,7.46,7.48,69975887,533513312.00
20170224,7.38,7.48,7.23,7.38,72791587,533356640.00
20170227,7.40,7.45,7.26,7.29,36711062,270289696.00
20170228,7.27,7.33,7.24,7.31,22111456,161059616.00
20170301,7.30,7.39,7.23,7.36,35251225,258114544.00
20170302,7.35,7.39,7.24,7.26,31511987,229663120.00
20170303,7.15,7.30,7.12,7.29,29019177,208876928.00
20170306,7.25,7.36,7.24,7.33,26972941,196599008.00
20170307,7.31,7.54,7.28,7.39,49878879,369533344.00
20170308,7.33,7.50,7.28,7.35,32985057,243136112.00
20170309,7.32,7.33,7.17,7.19,27593773,199291792.00
20170310,7.24,7.25,7.14,7.19,16852442,120954680.00
20170313,7.18,7.22,7.03,7.19,33174289,235575312.00
20170314,7.18,7.21,7.08,7.14,22903959,163706288.00
20170315,7.12,7.14,7.06,7.09,15928153,112987824.00
20170316,7.13,7.30,7.09,7.24,38976201,281141440.00
20170317,7.27,7.32,7.20,7.20,26502534,192646784.00
20170320,7.30,7.41,7.28,7.32,38373365,281580032.00
20170321,7.30,7.32,7.23,7.28,19895546,144497664.00
20170322,7.18,7.24,7.08,7.19,36338998,259855920.00
20170323,7.20,7.28,7.10,7.15,35022874,251675184.00
20170324,7.17,7.22,7.10,7.17,36759071,262917536.00
20170327,7.16,7.16,7.00,7.05,41671023,294568960.00
20170328,7.04,7.09,7.00,7.02,20189693,142146928.00
20170329,7.04,7.07,6.99,7.01,18789312,132120880.00
20170330,7.01,7.03,6.77,6.91,46728743,322447840.00
20170331,6.90,6.93,6.85,6.90,14489561,99957488.00
20170405,6.90,7.05,6.88,7.05,21990298,153777920.00
20170406,7.03,7.04,6.97,7.03,17956693,125700824.00
20170407,6.89,6.95,6.86,6.90,26224401,181139792.00
20170410,6.86,6.86,6.66,6.71,35967139,242455856.00
20170411,6.70,6.76,6.65,6.75,26201984,175599008.00
20170412,6.70,6.82,6.65,6.75,23477322,158105840.00
20170413,6.73,6.80,6.69,6.75,23829601,160638816.00
20170414,6.75,6.76,6.66,6.66,19004088,127165696.00
20170417,6.63,6.68,6.60,6.62,13834258,91769760.00
20170418,6.64,6.65,6.46,6.55,20684103,135386832.00
20170419,6.49,6.49,6.10,6.23,29387546,183763712.00
20170420,6.25,6.25,5.98,6.15,28635655,174601824.00
20170421,6.18,6.18,6.04,6.07,17168126,104870160.00
20170424,6.02,6.02,5.70,5.75,29455265,172192704.00
20170425,5.74,5.84,5.72,5.73,16774278,97133088.00
20170426,5.79,5.80,5.71,5.72,16759700,96306928.00
20170427,5.72,5.75,5.55,5.65,30506351,172439072.00
20170428,5.67,5.75,5.55,5.74,38966817,219695024.00
20170502,5.71,5.81,5.69,5.75,29186244,168042624.00
20170503,5.75,5.77,5.70,5.72,13173965,75456728.00
20170504,5.60,5.69,5.55,5.57,25852020,145080848.00
20170505,5.52,5.53,5.45,5.47,20892971,114753048.00
20170508,5.47,5.49,5.37,5.38,17055409,92583600.00
20170509,5.38,5.52,5.36,5.51,20674363,113154616.00
20170510,5.51,5.53,5.41,5.42,13110281,71739368.00
20170511,5.36,5.49,5.30,5.47,17964364,96867120.00
20170512,5.44,5.52,5.42,5.49,12903505,70686896.00
20170515,5.52,5.54,5.47,5.51,8696885,47941856.00
20170516,5.49,5.61,5.44,5.61,13817647,76489432.00
20170517,5.61,5.63,5.58,5.59,12981934,72671320.00
20170518,5.52,5.56,5.47,5.48,11833962,65166800.00
20170519,5.50,5.61,5.49,5.56,13663922,75942984.00
20170522,5.60,5.62,5.47,5.48,15688877,86989728.00
20170523,5.49,5.54,5.30,5.32,17492700,95128512.00
20170524,5.30,5.32,5.20,5.30,13368543,70360904.00
20170525,5.32,5.42,5.26,5.39,13964385,74664384.00
20170526,5.39,5.40,5.30,5.34,12565786,67243304.00
20170531,5.39,5.42,5.28,5.30,13877981,74312760.00
20170601,5.29,5.30,5.12,5.14,15974055,83335680.00
20170602,5.14,5.23,5.07,5.22,11225321,57928896.00
20170605,5.26,5.27,5.20,5.23,8666714,45364872.00
20170606,5.23,5.27,5.19,5.26,8153526,42668012.00
20170607,5.27,5.36,5.23,5.36,19215172,102072152.00
20170608,5.34,5.62,5.30,5.59,39942942,217695904.00
20170609,5.50,5.54,5.46,5.51,25394739,139806016.00
20170612,5.50,5.59,5.43,5.45,15081756,83120864.00
20170613,5.46,5.53,5.43,5.51,11034363,60657836.00
20170614,5.52,5.68,5.47,5.58,27394000,153345888.00
20170615,5.52,5.61,5.52,5.60,15514032,86551624.00
20170616,5.65,5.66,5.59,5.59,17804028,100139984.00
20170619,5.57,5.70,5.50,5.66,17550463,98832192.00
20170620,5.66,5.68,5.59,5.62,14316069,80566544.00
20170621,5.63,5.66,5.53,5.59,10428923,58261572.00
20170622,5.60,5.64,5.53,5.54,20417053,114296440.00
20170623,5.52,5.54,5.37,5.49,20509682,111784768.00
20170626,5.48,5.61,5.46,5.60,17895087,99362136.00
20170627,5.58,5.63,5.53,5.61,15565150,86986496.00
20170628,5.60,5.65,5.55,5.62,15860361,88797376.00
20170629,5.63,5.80,5.63,5.71,43217407,247801456.00
20170630,5.66,5.71,5.64,5.68,20894807,118411584.00
20170703,5.69,5.90,5.67,5.84,32306729,188264544.00
20170704,5.80,5.82,5.69,5.73,26053861,149720928.00
20170705,5.70,5.77,5.68,5.75,20562313,117720880.00
20170706,5.74,5.77,5.65,5.73,18495624,105671304.00
20170707,5.71,5.83,5.66,5.81,25456080,146228832.00
20170710,5.78,5.93,5.76,5.84,32827526,191681520.00
20170711,5.86,5.86,5.75,5.77,19876782,115435312.00
20170719,5.80,6.25,5.79,6.17,81678176,496928512.00
数据来源:通达信
