601555 东吴证券 日线 前复权
      日期	    开盘	    最高	    最低	    收盘	    成交量	    成交额
20111212,7.30,7.42,6.47,6.59,229661972,1746653696.00
20111213,6.68,7.00,6.52,6.76,149097093,1122589696.00
20111214,6.70,6.91,6.33,6.85,105105769,778380480.00
20111215,6.67,7.20,6.53,6.57,136738370,1041247104.00
20111216,6.44,6.84,6.35,6.81,109401517,800084864.00
20111219,6.62,7.12,6.45,7.03,104497300,784525376.00
20111220,6.98,7.08,6.63,6.65,79518409,605343040.00
20111221,6.76,6.92,6.39,6.43,71841316,533717408.00
20111222,6.12,6.26,5.77,5.98,81459359,551361216.00
20111223,5.90,6.16,5.77,5.82,69452181,465116384.00
20111226,5.72,5.87,5.57,5.58,46210834,298420992.00
20111227,5.53,6.01,5.42,5.60,76457149,494367040.00
20111228,5.43,5.96,5.35,5.82,79053355,506495680.00
20111229,5.65,5.79,5.59,5.60,47479569,305869632.00
20111230,5.67,6.05,5.62,5.81,58644638,388631456.00
20120104,5.84,5.84,5.50,5.54,40568491,261376544.00
20120105,5.45,5.73,5.40,5.46,36926046,233433984.00
20120106,5.50,5.88,5.39,5.74,58041776,373152768.00
20120109,5.68,6.06,5.58,6.04,74724816,496014784.00
20120110,5.99,6.28,5.93,6.16,77497426,531473952.00
20120111,6.13,6.30,6.07,6.17,53595579,371952736.00
20120112,6.06,6.10,5.90,5.94,50663474,342416096.00
20120113,5.92,6.01,5.61,5.65,38061557,248152240.00
20120116,5.57,5.71,5.47,5.53,24446045,154847824.00
20120117,5.57,6.00,5.47,5.96,43586098,284705408.00
20120118,5.96,6.59,5.84,5.91,70445569,487665920.00
20120119,5.87,6.26,5.76,6.09,46669956,317489216.00
20120120,6.10,6.14,5.93,6.09,31948318,217668752.00
20120130,6.05,6.08,5.91,5.95,25261805,170269072.00
20120131,5.97,6.01,5.84,6.00,18055530,121078416.00
20120201,5.97,6.02,5.79,5.81,22458590,149724736.00
20120202,5.86,5.96,5.72,5.95,25337875,167288560.00
20120203,5.92,6.00,5.80,5.96,26998839,180264928.00
20120206,5.99,6.18,5.90,6.03,34514997,234721120.00
20120207,5.93,5.93,5.72,5.76,24301249,159566448.00
20120208,5.77,6.21,5.72,6.06,38198540,257753824.00
20120209,6.01,6.14,5.97,6.04,36483464,247668736.00
20120210,6.00,6.29,5.94,6.08,45066611,310895904.00
20120213,5.98,6.13,5.92,6.06,27721922,188419024.00
20120214,6.05,6.20,5.99,6.10,27767046,190529232.00
20120215,6.06,6.39,6.04,6.21,58600599,409422240.00
20120216,6.17,6.24,6.02,6.14,34900701,240509904.00
20120217,6.16,6.21,6.07,6.12,23470177,161923376.00
20120220,6.24,6.28,6.05,6.07,30020131,207929184.00
20120221,6.05,6.11,5.93,6.10,25617357,173937264.00
20120222,6.07,6.79,6.05,6.79,106810610,783579968.00
20120223,6.82,6.99,6.72,6.88,85459262,650342528.00
20120224,6.99,7.40,6.93,7.12,99852171,790404352.00
20120227,7.03,7.91,6.98,7.70,116590792,969966528.00
20120228,7.65,7.89,7.55,7.71,70536945,596774528.00
20120229,7.64,7.68,7.40,7.52,49773694,411632928.00
20120301,7.52,7.64,7.33,7.42,55067739,453959392.00
20120302,7.44,7.67,7.40,7.61,54184826,449920192.00
20120305,7.63,7.73,7.42,7.49,49124506,408844736.00
20120306,7.44,7.80,7.38,7.61,61207461,513518400.00
20120307,7.46,7.61,7.24,7.40,48159707,393566112.00
20120308,7.44,7.97,7.40,7.54,65891112,554958784.00
20120309,7.46,7.64,7.39,7.53,41108961,339313600.00
20120312,7.40,7.48,7.17,7.32,146322019,1179679232.00
20120313,7.29,7.48,7.20,7.46,84714968,684231552.00
20120314,7.46,8.03,7.13,7.32,183153550,1543882112.00
20120315,7.34,7.52,7.14,7.42,89461968,726166272.00
20120316,7.42,7.62,7.21,7.52,77552074,637654912.00
20120319,7.45,7.83,7.38,7.80,81782913,684108480.00
20120320,7.74,7.75,7.32,7.33,79426425,655828288.00
20120321,7.43,7.46,7.13,7.29,57095240,459154240.00
20120322,7.24,7.44,7.16,7.31,34219900,275853728.00
20120323,7.24,7.29,6.82,6.89,58777661,459205504.00
20120326,6.85,6.93,6.66,6.83,39973446,301539328.00
20120327,6.90,6.94,6.71,6.74,31691180,240438768.00
20120328,6.70,6.80,6.46,6.55,50293236,372483296.00
20120329,6.45,6.54,6.21,6.27,46478739,330670880.00
20120330,6.32,6.50,6.24,6.39,50584906,360680256.00
20120405,6.40,6.88,6.37,6.71,58240069,431623712.00
20120406,6.64,6.80,6.61,6.71,37402982,278855296.00
20120409,6.66,6.70,6.45,6.46,29363133,215423328.00
20120410,6.44,6.60,6.21,6.59,38322577,274537504.00
20120411,6.47,6.72,6.42,6.56,32181180,235330816.00
20120412,6.58,7.19,6.54,7.03,77265132,590365376.00
20120413,7.03,7.27,6.94,7.04,72086568,566868544.00
20120416,6.96,7.27,6.96,7.15,54163642,427537440.00
20120417,7.14,7.19,6.81,6.84,46927360,362823104.00
20120418,6.89,7.60,6.85,7.60,136943266,1120695168.00
20120419,7.70,8.25,7.64,8.00,207370166,1797498496.00
20120420,7.89,8.88,7.87,8.88,198959546,1829385216.00
20120423,9.24,9.61,8.82,9.16,185154357,1829617920.00
20120424,8.94,9.16,8.47,8.92,165041530,1583457920.00
20120425,8.84,9.44,8.66,8.76,158124145,1554317568.00
20120426,8.70,9.71,8.55,9.70,190056029,1899937024.00
20120427,9.34,9.52,8.96,9.04,113725363,1139023360.00
20120502,9.30,9.53,9.02,9.06,135194544,1352309760.00
20120503,8.89,9.62,8.78,9.44,122663821,1227540224.00
20120504,9.24,9.42,9.04,9.19,86379556,860342400.00
20120507,9.16,9.39,8.72,8.97,80021891,786704064.00
20120508,9.00,9.03,8.56,8.68,74068145,699493120.00
20120509,8.56,8.85,8.46,8.63,59070458,556777536.00
20120510,8.63,8.86,8.44,8.69,61573965,579895488.00
20120511,8.68,8.88,8.53,8.62,55820575,529578656.00
20120514,8.74,9.05,8.66,8.73,82855919,796424896.00
20120516,8.82,9.22,8.74,8.79,76034731,740698624.00
20120517,8.84,9.75,8.78,9.63,140085983,1411601408.00
20120518,9.35,9.56,9.17,9.30,99685537,1008603968.00
20120521,9.11,9.12,8.48,8.66,85635539,815989184.00
20120522,8.69,8.90,8.66,8.84,47324052,451693376.00
20120523,8.74,9.17,8.70,9.03,60496787,587873344.00
20120524,8.95,9.05,8.66,8.76,44247836,425161856.00
20120525,8.76,8.91,8.57,8.66,31337401,297315776.00
20120528,8.53,8.65,8.04,8.57,49808722,453347840.00
20120529,8.52,9.04,8.41,8.85,57690562,551812736.00
20120530,8.78,9.00,8.74,8.86,39368750,379016096.00
20120531,8.74,9.08,8.71,8.89,43202865,419520704.00
20120601,8.99,9.32,8.92,9.05,53763082,530067744.00
20120604,8.74,9.20,8.65,8.67,50171726,485377760.00
20120605,8.70,8.79,8.29,8.46,40702526,376150432.00
20120606,8.44,8.57,8.29,8.38,21519832,197752336.00
20120607,8.53,8.63,8.26,8.34,27197693,250756608.00
20120608,8.50,8.67,8.29,8.42,38872027,360275840.00
20120611,8.44,8.64,8.31,8.62,31896424,295133824.00
20120612,8.53,8.59,8.42,8.44,20775553,192267488.00
20120613,8.52,9.11,8.52,8.92,68371236,657097152.00
20120614,8.83,8.93,8.72,8.79,39945093,382791296.00
20120615,8.84,9.07,8.71,8.91,43733318,423383584.00
20120618,9.02,9.07,8.88,8.97,33081492,322251104.00
20120619,8.94,8.96,8.71,8.78,24195468,232094256.00
20120620,8.84,8.99,8.71,8.72,26289983,251791616.00
20120621,8.69,8.69,8.36,8.40,26863518,245139520.00
20120625,8.27,8.27,7.83,7.85,32285283,279730208.00
20120626,7.73,8.02,7.67,7.93,23746399,204043408.00
20120627,7.93,7.97,7.77,7.78,16508154,141159136.00
20120628,7.85,7.90,7.63,7.65,17647684,149467552.00
20120629,7.60,8.27,7.54,8.16,46108453,400161184.00
20120702,8.10,8.23,8.04,8.08,24003226,211549840.00
20120703,8.08,8.25,8.00,8.07,21879921,192725936.00
20120704,8.06,8.12,7.93,7.96,17018936,147799056.00
20120705,7.88,7.88,7.58,7.66,21390024,179222432.00
20120706,7.82,8.17,7.63,8.07,27748705,238035008.00
20120709,7.93,8.09,7.67,7.72,20935813,179378976.00
20120710,7.66,7.77,7.60,7.74,18567241,155406992.00
20120711,7.70,7.87,7.63,7.85,17989203,151956080.00
20120712,7.72,8.17,7.58,8.00,35274747,303242336.00
20120713,7.94,8.17,7.89,7.97,21153560,183900224.00
20120716,7.99,8.02,7.63,7.65,20843580,175464624.00
20120717,7.60,8.02,7.56,7.82,24859544,211063904.00
20120718,7.74,7.99,7.57,7.96,32074833,271440448.00
20120719,7.88,8.38,7.84,8.10,58847475,520188768.00
20120720,8.01,8.15,7.93,8.00,26715137,232670592.00
20120723,7.91,8.02,7.71,7.90,19587622,167409120.00
20120724,7.79,8.21,7.77,8.10,32369999,282838976.00
20120725,8.02,8.17,7.90,7.97,19828954,172768880.00
20120726,7.98,8.16,7.90,7.96,19575677,170775360.00
20120727,8.02,8.06,7.75,7.89,22354018,191692704.00
20120730,7.90,7.98,7.60,7.63,19798635,166408816.00
20120731,7.60,7.74,7.51,7.55,15180885,125798248.00
20120801,7.54,7.88,7.52,7.72,17297052,145327472.00
20120802,7.71,7.72,7.46,7.56,17115901,141179408.00
20120803,7.67,7.76,7.57,7.75,16652842,138956512.00
20120806,7.69,8.01,7.63,7.98,31698007,270740064.00
20120807,7.98,8.04,7.89,7.97,20341428,175826464.00
20120808,8.03,8.15,7.94,7.97,24892795,216844384.00
20120809,7.92,8.07,7.76,8.03,24434316,210399408.00
20120810,7.94,7.99,7.83,7.85,15121967,129699856.00
20120813,7.83,7.84,7.02,7.12,50390257,408193696.00
20120814,7.11,7.13,6.77,7.06,28741056,218749568.00
20120815,6.98,7.04,6.86,6.87,13173152,100399200.00
20120816,6.89,7.02,6.85,6.90,12014852,91530304.00
20120817,6.88,6.93,6.80,6.90,10046842,75705744.00
20120820,6.80,6.92,6.70,6.85,11066960,82605640.00
20120821,6.89,7.02,6.81,6.93,15646029,119328752.00
20120822,6.95,6.96,6.75,6.78,11708652,88022984.00
20120823,6.88,6.96,6.80,6.85,13837617,104635216.00
20120824,6.82,6.90,6.70,6.71,10686948,79807864.00
20120827,6.68,6.68,6.21,6.22,18513051,130557048.00
20120828,6.23,6.50,6.20,6.39,15568740,109526024.00
20120829,6.33,6.37,6.20,6.21,11618160,80835120.00
20120830,6.21,6.68,6.16,6.49,31131295,221597968.00
20120831,6.42,6.50,6.36,6.43,13793594,98051744.00
20120903,6.43,6.69,6.35,6.63,26320160,191022096.00
20120904,6.64,6.67,6.42,6.45,17397357,125831352.00
20120905,6.42,6.62,6.41,6.51,12942673,93296272.00
20120906,6.52,6.63,6.49,6.59,10313008,74673928.00
20120907,6.69,7.32,6.69,7.32,72931974,571308544.00
20120910,7.39,7.77,7.34,7.52,83143252,682585280.00
20120911,7.42,7.66,7.33,7.60,39138786,319652832.00
20120912,7.66,7.77,7.39,7.59,31997776,263156736.00
20120913,7.53,7.61,7.30,7.31,24612046,200374000.00
20120914,7.49,7.71,7.30,7.49,48413212,396807808.00
20120917,7.43,7.46,7.10,7.11,33465834,265591840.00
20120918,7.03,7.22,7.00,7.11,17888811,139398240.00
20120919,7.15,7.36,7.15,7.27,23499062,186656512.00
20120920,7.17,7.23,7.00,7.01,22339081,173382384.00
20120921,6.98,7.20,6.87,6.99,21296492,164490448.00
20120924,6.87,7.31,6.71,7.14,34926436,270672864.00
20120925,7.04,7.28,7.04,7.15,21495552,168823760.00
20120926,7.16,7.34,7.05,7.10,18029693,141501104.00
20120927,7.10,7.88,7.06,7.84,92615469,769114432.00
20120928,7.60,7.97,7.51,7.87,74792922,628759872.00
20121008,7.75,7.85,7.56,7.67,34154278,285718880.00
20121009,7.71,8.25,7.71,7.91,68448231,593003008.00
20121010,7.82,7.97,7.73,7.88,31091102,264858144.00
20121011,7.82,8.04,7.69,7.70,34736780,296327584.00
20121012,7.74,7.95,7.51,7.75,29977556,252048240.00
20121015,7.78,7.90,7.68,7.89,27972808,237549264.00
20121016,7.89,8.04,7.83,7.87,34278871,295211968.00
20121017,7.92,8.07,7.73,7.89,32689582,280928864.00
20121018,7.89,8.10,7.86,8.01,39817376,344863104.00
20121019,8.02,8.09,7.95,7.97,22979768,199632656.00
20121022,7.91,8.03,7.87,8.03,20380595,176254880.00
20121023,8.03,8.07,7.67,7.70,33585195,286114624.00
20121024,7.63,7.71,7.52,7.54,23056545,190940032.00
20121025,7.51,7.63,7.42,7.46,16956685,138867456.00
20121026,7.47,7.54,7.25,7.38,20793111,167810736.00
20121029,7.32,7.39,7.23,7.34,11921093,95185952.00
20121030,7.42,7.67,7.36,7.53,28490897,234120976.00
20121031,7.56,7.59,7.40,7.56,15122952,123611336.00
20121101,7.63,7.89,7.58,7.74,35883739,302650304.00
20121102,7.72,7.80,7.61,7.73,22281995,186887104.00
20121105,7.69,7.73,7.50,7.52,19794785,163532736.00
20121106,7.57,7.71,7.30,7.62,33760462,275814304.00
20121107,7.49,7.58,7.41,7.44,16797766,136978672.00
20121108,7.27,7.39,6.97,7.01,23292351,184007760.00
20121109,7.01,7.09,6.91,6.97,14418135,110633832.00
20121112,6.93,7.07,6.93,7.06,11072450,85132928.00
20121113,7.03,7.07,6.72,6.74,16269807,122741248.00
20121114,6.77,6.89,6.69,6.82,12979198,96961048.00
20121115,6.74,6.85,6.59,6.63,13310165,98466624.00
20121116,6.63,6.71,6.58,6.67,12148264,89018656.00
20121119,6.67,6.83,6.61,6.78,16991325,126256496.00
20121120,6.83,6.85,6.63,6.66,11213564,83148560.00
20121121,6.63,6.90,6.63,6.88,22601137,169067776.00
20121122,6.79,6.83,6.70,6.74,12439816,92632136.00
20121123,6.77,6.82,6.68,6.71,12998585,96656032.00
20121126,6.68,6.74,6.45,6.46,15968996,116096312.00
20121127,6.43,6.52,6.26,6.29,15219460,107751384.00
20121128,6.23,6.36,6.20,6.35,14281843,99196688.00
20121129,6.25,6.39,5.70,5.78,27417221,184258464.00
20121130,5.72,5.85,5.53,5.78,19615178,125690256.00
20121203,5.76,5.85,5.54,5.56,12272304,78403072.00
20121204,5.50,5.76,5.48,5.71,18506831,116656792.00
20121205,5.63,6.33,5.60,6.07,43948183,296211584.00
20121206,6.02,6.11,5.95,5.98,20252945,135822976.00
20121207,6.00,6.25,5.98,6.16,32855643,223660192.00
20121210,6.12,6.30,6.08,6.20,32788242,225170912.00
20121211,6.14,6.17,6.01,6.04,24077298,163066928.00
20121212,6.03,6.34,6.01,6.21,30861856,211949024.00
20121213,6.20,6.21,6.00,6.01,23881115,160897760.00
20121214,6.01,6.68,6.01,6.68,68809216,491922592.00
20121217,6.82,6.91,6.57,6.80,89570884,664803456.00
20121218,6.71,7.28,6.64,6.94,77881701,595173760.00
20121219,6.84,6.91,6.73,6.80,39812779,298426464.00
20121220,6.76,7.14,6.69,7.00,55590422,423714272.00
20121221,6.96,7.06,6.68,6.80,60696378,456799552.00
20121224,6.76,7.09,6.73,6.89,44109222,336258016.00
20121225,6.82,7.62,6.74,7.22,85266851,673630080.00
20121226,7.15,7.24,7.09,7.23,44044208,345386464.00
20121227,7.24,7.41,7.09,7.12,43795792,345492896.00
20121228,7.27,7.46,7.11,7.37,61654573,491914432.00
20121231,7.40,7.46,7.26,7.38,48254472,387886240.00
20130104,7.42,7.45,7.18,7.29,41679992,332725216.00
20130107,7.22,7.51,7.13,7.38,40140931,320754336.00
20130108,7.32,7.36,7.15,7.28,33041693,261809296.00
20130109,7.22,7.42,7.13,7.22,31209428,247835856.00
20130110,7.20,7.37,7.14,7.22,29573145,234234704.00
20130111,7.12,7.15,6.73,6.74,61255571,466469120.00
20130114,6.72,7.21,6.69,7.14,59283746,455704896.00
20130115,7.15,7.29,7.10,7.24,45471118,358692960.00
20130116,7.24,7.24,6.92,7.11,34639264,269244352.00
20130117,7.05,7.52,6.96,7.35,78743368,628272384.00
20130118,7.38,7.87,7.24,7.59,82122513,676250304.00
20130121,7.57,7.61,7.43,7.57,38643579,317136480.00
20130122,7.54,7.60,7.38,7.44,35435418,289336224.00
20130123,7.39,7.48,7.25,7.42,28943965,232571600.00
20130124,7.49,7.77,7.22,7.29,70392435,577925312.00
20130125,7.26,7.28,7.06,7.08,27980691,219185472.00
20130128,7.12,7.47,7.11,7.46,46961041,377294784.00
20130129,7.48,7.79,7.44,7.70,77131675,642564608.00
20130130,7.72,7.99,7.59,7.71,64721192,548728064.00
20130131,7.69,8.53,7.65,8.16,109496272,964759936.00
20130201,8.01,8.64,7.97,8.55,100301994,900843840.00
20130204,8.80,8.80,8.20,8.36,87997694,806164928.00
20130205,8.25,8.50,8.21,8.42,45962463,415794400.00
20130206,8.49,8.85,8.46,8.51,58562308,546577856.00
20130207,8.50,8.77,8.35,8.65,57172191,530099456.00
20130208,8.62,8.70,8.42,8.54,36483804,336859776.00
20130218,8.54,8.59,8.25,8.25,34055763,308916832.00
20130219,8.22,8.32,8.07,8.17,33224266,293500416.00
20130220,8.14,8.29,8.00,8.27,31639025,279422656.00
20130221,8.13,8.17,7.83,7.90,34149251,296156192.00
20130222,7.88,7.96,7.73,7.81,23724543,202933200.00
20130225,7.87,8.05,7.81,7.90,29419157,253570368.00
20130226,7.81,8.12,7.71,7.82,35935344,309749568.00
20130227,7.88,8.16,7.87,8.06,39182696,341898848.00
20130228,8.14,8.61,8.00,8.55,71707251,643273984.00
20130301,8.45,8.59,8.29,8.54,60756954,555587456.00
20130304,8.32,8.44,7.95,8.08,57837793,514833376.00
20130305,8.09,8.85,8.09,8.83,100709362,932220160.00
20130306,8.76,8.89,8.62,8.68,81146001,765591616.00
20130307,8.77,8.84,8.26,8.43,67791219,629877696.00
20130308,8.43,8.49,8.12,8.20,44375504,397875680.00
20130311,8.18,8.40,8.10,8.23,28171265,251491504.00
20130312,8.22,8.48,7.97,8.16,39876111,354817248.00
20130313,8.10,8.12,7.87,7.91,29558316,255804224.00
20130314,7.88,8.07,7.85,7.95,19354290,167698112.00
20130315,7.97,8.36,7.76,8.07,49174591,432332128.00
20130318,8.02,8.21,7.92,8.00,27183566,236837552.00
20130319,7.98,8.27,7.87,8.22,37110325,326449376.00
20130320,8.22,8.69,8.18,8.60,80381417,736926272.00
20130321,8.57,8.81,8.46,8.73,71352337,664810304.00
20130322,8.70,8.82,8.59,8.70,46715533,438696000.00
20130325,8.73,8.80,8.37,8.49,51983640,478506208.00
20130326,8.42,8.45,8.14,8.20,45951089,410281120.00
20130327,8.23,8.39,8.05,8.23,37922458,338044512.00
20130328,8.02,8.02,7.62,7.66,45833292,386912512.00
20130329,7.71,7.77,7.54,7.57,23219901,193212480.00
20130401,7.59,7.77,7.57,7.66,14581931,121730096.00
20130402,7.70,7.87,7.61,7.79,30316994,255456816.00
20130403,7.79,7.86,7.52,7.69,25225377,210874096.00
20130408,7.40,7.60,7.32,7.54,19798055,161141616.00
20130409,7.58,7.77,7.58,7.67,20834656,174365184.00
20130410,7.67,7.68,7.40,7.55,20444892,168140496.00
20130411,7.63,7.68,7.38,7.41,14461983,118502480.00
20130412,7.41,7.46,7.12,7.16,20430370,162329152.00
20130415,7.13,7.27,7.05,7.13,15930270,124870464.00
20130416,7.02,7.43,6.97,7.38,20783388,164852544.00
20130417,7.37,7.41,7.21,7.33,18788848,150094752.00
20130418,7.32,7.67,7.25,7.52,27325252,223909936.00
20130419,7.55,7.86,7.49,7.81,47841141,402821312.00
20130422,7.74,7.80,7.66,7.75,30012839,251964096.00
20130423,7.73,7.74,7.28,7.31,29853639,243084496.00
20130424,7.33,7.67,7.28,7.57,31522307,257443008.00
20130425,7.52,7.77,7.36,7.45,32347466,266561664.00
20130426,7.52,7.63,7.32,7.38,25044248,204109440.00
20130502,7.37,7.54,7.28,7.48,16146119,131108104.00
20130503,7.57,7.85,7.54,7.72,41414329,348765344.00
20130506,7.80,7.91,7.70,7.87,40474831,343762304.00
20130507,7.81,7.81,7.64,7.73,29076935,244016048.00
20130508,7.71,7.82,7.58,7.68,25576302,213598256.00
20130509,7.69,7.81,7.50,7.80,34090053,284119136.00
20130510,7.72,7.85,7.68,7.75,25183283,212782288.00
20130514,7.52,7.56,7.35,7.38,40358030,327614592.00
20130515,7.39,7.49,7.32,7.41,21075141,170339728.00
20130516,7.36,7.65,7.29,7.59,39828014,326271136.00
20130517,7.57,7.71,7.48,7.69,36418038,301639168.00
20130520,7.71,7.91,7.64,7.78,40634738,344453920.00
20130521,7.77,7.78,7.64,7.72,26619878,223635920.00
20130522,7.73,7.85,7.68,7.74,30803158,260370224.00
20130523,7.70,7.90,7.63,7.75,37862768,319798464.00
20130524,7.82,8.01,7.78,7.96,48851148,419389184.00
20130527,8.00,8.35,7.98,8.16,66583691,590223168.00
20130528,8.12,8.44,8.10,8.41,55399307,496422976.00
20130529,8.45,8.47,8.17,8.22,44606825,399977760.00
20130530,8.18,8.39,8.15,8.20,31328756,280204832.00
20130531,8.24,8.26,8.00,8.02,29420993,258634320.00
20130603,8.03,8.16,7.99,8.03,19252687,168402768.00
20130604,8.01,8.01,7.74,7.80,25480596,217385616.00
20130605,7.84,7.90,7.78,7.86,16391378,139525840.00
20130606,7.82,7.97,7.79,7.87,21187751,181410896.00
20130607,7.90,8.03,7.50,7.58,34821692,295316288.00
20130613,7.42,7.42,7.12,7.19,21630329,171107552.00
20130614,7.25,7.29,7.13,7.25,16057927,126956368.00
20130617,7.27,7.28,7.09,7.10,15335843,120256416.00
20130618,7.18,7.27,7.10,7.20,14461876,113827328.00
20130619,7.15,7.25,6.89,7.21,19083375,148571712.00
20130620,7.12,7.20,6.92,6.93,12365329,96090336.00
20130621,6.82,7.09,6.72,6.98,17097159,130245200.00
20130624,7.02,7.02,6.22,6.31,25829411,185103216.00
20130625,6.19,6.37,5.62,6.21,37014454,244748816.00
20130626,6.19,6.37,6.01,6.25,24491454,167138208.00
20130627,6.27,6.40,5.96,6.00,31037362,212393456.00
20130628,5.96,6.40,5.90,6.22,34207908,233428832.00
20130701,6.12,6.30,6.04,6.27,16405387,111896032.00
20130702,6.27,6.52,6.15,6.49,27012710,188057152.00
20130703,6.41,6.86,6.24,6.49,28136712,199143024.00
20130704,6.39,6.77,6.34,6.52,30978779,223492512.00
20130705,6.53,6.64,6.46,6.47,22538465,161497568.00
20130708,6.34,6.42,6.13,6.15,19662851,135161152.00
20130709,6.05,6.22,5.99,6.02,16074971,108112008.00
20130710,6.05,6.35,5.99,6.32,26294653,179257248.00
20130711,6.36,6.97,6.25,6.79,60304499,441466752.00
20130712,6.72,6.85,6.49,6.51,44494280,325138144.00
20130715,6.67,7.05,6.59,6.81,51288127,382623520.00
20130716,6.77,6.91,6.64,6.84,28103257,208637792.00
20130717,6.82,6.90,6.65,6.66,26435433,195401616.00
20130718,6.63,6.69,6.50,6.54,24905916,179147440.00
20130719,6.55,6.64,6.28,6.30,22179479,157922560.00
20130722,6.25,6.43,6.18,6.42,15723869,109400872.00
20130723,6.45,6.75,6.39,6.66,31588809,229599424.00
20130724,6.56,6.63,6.42,6.58,24324378,174438096.00
20130725,6.58,6.72,6.53,6.58,25927570,188350016.00
20130726,6.52,6.60,6.39,6.45,16211097,115386448.00
20130729,6.38,6.40,6.22,6.26,15493636,107293480.00
20130730,6.29,6.55,6.23,6.40,19646222,138276816.00
20130731,6.45,6.60,6.30,6.35,19312640,136726784.00
20130801,6.37,6.57,6.37,6.55,24461188,174797120.00
20130802,6.60,6.64,6.49,6.52,16263594,116708040.00
20130805,6.52,6.62,6.47,6.61,19332161,138696480.00
20130806,6.57,6.68,6.48,6.61,24465097,176280992.00
20130807,6.61,6.72,6.52,6.55,25391368,184109920.00
20130808,6.52,6.65,6.49,6.55,17642051,126904024.00
20130809,6.64,6.70,6.54,6.65,27530605,199949664.00
20130812,6.66,7.07,6.61,7.02,61884000,461856096.00
20130813,7.00,7.03,6.89,6.98,23816617,180845568.00
20130814,6.97,7.11,6.83,6.97,28019524,212836128.00
20130815,6.93,7.00,6.81,6.84,17931014,135340512.00
20130816,6.78,7.59,6.74,6.79,57689082,442048096.00
20130819,6.57,6.67,6.50,6.59,37539532,270457536.00
20130820,6.57,6.71,6.52,6.59,27643256,200538992.00
20130821,6.63,6.66,6.58,6.65,18746364,135947744.00
20130822,6.62,6.71,6.55,6.57,21471949,155807600.00
20130823,6.62,6.64,6.36,6.50,20267942,144640560.00
20130826,6.63,6.98,6.61,6.97,54338390,401880768.00
20130827,6.88,6.98,6.81,6.87,37270688,279263296.00
20130828,6.79,7.00,6.72,6.91,45593807,342680256.00
20130829,7.05,7.14,6.89,6.94,30415402,232289984.00
20130830,6.92,7.17,6.83,7.03,44246216,339625440.00
20130902,6.97,7.17,6.88,7.10,28198868,216945232.00
20130903,7.14,7.19,7.02,7.13,26349082,203745008.00
20130904,7.09,7.13,6.95,7.01,25891898,198082480.00
20130905,7.01,7.04,6.91,6.93,15047511,114329024.00
20130906,6.95,7.15,6.92,7.09,29277356,224926656.00
20130909,7.14,7.62,7.08,7.42,69622601,557143552.00
20130910,7.43,7.60,7.33,7.57,54601447,441373824.00
20130911,7.61,7.72,7.42,7.53,52320752,428738880.00
20130912,7.51,7.83,7.47,7.66,63045941,522802496.00
20130913,7.62,7.65,7.44,7.48,30011083,244952560.00
20130916,7.51,7.54,7.28,7.35,29780287,238273104.00
20130917,7.35,7.39,7.16,7.17,22538152,178116032.00
20130918,7.17,7.29,7.12,7.25,16323197,127951848.00
20130923,7.28,7.35,7.23,7.34,15428899,122261816.00
20130924,7.30,7.32,7.15,7.21,20449667,160453744.00
20130925,7.18,7.27,7.05,7.09,24808293,193060640.00
20130926,7.09,7.09,6.86,6.89,21582756,163577936.00
20130927,6.88,7.00,6.86,6.97,13856610,104803552.00
20130930,6.99,7.01,6.88,6.93,13170151,99480792.00
20131008,6.92,7.09,6.85,7.06,19093760,145827856.00
20131009,7.01,7.15,6.99,7.14,17264294,133202104.00
20131010,7.16,7.17,6.92,6.96,19117526,146286368.00
20131011,7.02,7.15,6.98,7.10,18301923,141114480.00
20131014,7.10,7.12,7.02,7.07,13875003,106774480.00
20131015,7.10,7.11,7.00,7.06,12793456,98297672.00
20131016,7.04,7.04,6.66,6.74,22900580,170681488.00
20131017,6.80,6.90,6.72,6.78,13883596,103065432.00
20131018,6.74,6.99,6.73,6.84,18110997,136073712.00
20131021,6.85,6.94,6.74,6.91,19774780,147891472.00
20131022,6.91,6.93,6.79,6.82,14635526,109469984.00
20131023,6.83,6.99,6.78,6.79,17132486,128567304.00
20131024,6.74,6.84,6.71,6.75,9350376,69152552.00
20131025,6.77,6.87,6.65,6.71,14002172,103630632.00
20131028,6.70,6.77,6.67,6.72,9558899,70196960.00
20131029,6.75,6.90,6.60,6.81,20807222,153621664.00
20131030,6.86,6.90,6.78,6.88,15053042,112492104.00
20131031,6.89,6.90,6.75,6.76,11785438,87949624.00
20131101,6.74,7.10,6.74,6.99,38234719,291619808.00
20131104,6.97,7.03,6.88,6.93,17639704,133448696.00
20131105,6.90,6.95,6.77,6.95,17355315,129762672.00
20131106,6.91,7.01,6.80,6.81,12448231,93767728.00
20131107,6.76,6.83,6.72,6.75,10537807,77904840.00
20131108,6.73,6.80,6.44,6.47,17328092,124662128.00
20131111,6.47,6.60,6.40,6.51,7347073,52325388.00
20131112,6.52,6.59,6.50,6.54,8849680,63460056.00
20131113,6.49,6.49,6.29,6.30,10540695,73924208.00
20131114,6.31,6.34,6.21,6.33,7927517,54886876.00
20131115,6.39,6.94,6.37,6.69,41993059,309255008.00
20131118,6.77,7.36,6.71,7.28,63012602,484015744.00
20131119,7.22,7.28,7.10,7.19,27375268,213698928.00
20131120,7.28,7.32,7.12,7.22,17847874,139782224.00
20131121,7.15,7.38,7.00,7.33,49308485,387241248.00
20131122,7.35,7.44,7.17,7.24,35991723,285710464.00
20131125,7.17,7.34,7.02,7.12,28890329,225531072.00
20131126,7.06,7.32,7.06,7.17,25383917,198826704.00
20131127,7.15,7.59,7.11,7.48,57744722,465999808.00
20131128,7.40,7.56,7.36,7.38,47148789,380746848.00
20131129,7.42,7.50,7.36,7.43,32250924,260205280.00
20131202,7.82,8.22,7.63,7.98,120136683,1026065536.00
20131203,7.85,7.97,7.73,7.92,47362299,402928192.00
20131204,7.96,8.25,7.87,8.12,61018917,532317824.00
20131205,8.08,8.22,7.97,8.14,41428543,363118624.00
20131206,8.06,8.13,7.81,7.87,42164768,359929184.00
20131209,7.90,8.04,7.75,7.77,29534331,251315952.00
20131210,7.78,7.92,7.72,7.82,24888601,209831328.00
20131211,7.75,7.75,7.54,7.64,29755699,245343648.00
20131212,7.63,7.78,7.55,7.72,24169196,200701344.00
20131213,7.67,7.99,7.60,7.98,36597514,310524448.00
20131216,8.15,8.17,7.63,7.78,33575453,284088352.00
20131217,7.76,7.81,7.52,7.69,20496192,170693504.00
20131218,7.67,7.83,7.67,7.78,18654737,156546704.00
20131219,7.79,7.92,7.68,7.72,17684180,148891584.00
20131220,7.71,7.79,7.48,7.52,21298243,175726640.00
20131223,7.41,7.52,7.27,7.44,18421918,147974176.00
20131224,7.45,7.53,7.38,7.47,19816621,160335312.00
20131225,7.48,7.71,7.43,7.70,31418668,257653200.00
20131226,7.63,7.68,7.48,7.50,15630293,128427872.00
20131227,7.52,7.86,7.50,7.82,27514217,229622112.00
20131230,7.87,7.89,7.68,7.79,19099867,160680272.00
20131231,7.73,8.02,7.71,7.97,37484755,320218688.00
20140102,7.88,7.95,7.80,7.86,17281384,146812800.00
20140103,7.78,7.84,7.46,7.52,31059089,255022720.00
20140106,7.49,7.53,7.32,7.44,20239976,162724912.00
20140107,7.40,7.47,7.33,7.38,14295733,114841992.00
20140108,7.42,7.57,7.37,7.39,20959124,169382384.00
20140109,7.39,7.49,7.32,7.33,17393409,139763696.00
20140110,7.28,7.32,6.93,7.01,28327416,217532128.00
20140113,7.01,7.07,6.81,6.88,14019324,105661232.00
20140114,6.91,7.05,6.87,6.99,11130569,84463976.00
20140115,6.99,7.05,6.90,7.00,9898940,75328384.00
20140116,7.01,7.07,6.91,6.96,16028683,122289936.00
20140117,6.91,6.98,6.77,6.88,17102307,128374032.00
20140120,6.88,6.96,6.82,6.93,8856917,66827248.00
20140121,6.93,7.22,6.93,7.12,14907440,115411008.00
20140122,7.13,7.44,7.07,7.44,29125528,231739440.00
20140123,7.41,7.52,7.37,7.47,21022672,170019600.00
20140124,7.43,7.75,7.41,7.70,29853506,245092176.00
20140127,7.60,7.62,7.43,7.48,16040890,130544392.00
20140128,7.53,7.65,7.44,7.50,12837543,104695784.00
20140129,7.53,7.59,7.45,7.49,29697276,241649392.00
20140130,7.45,7.50,7.24,7.27,18532566,147701776.00
20140207,7.22,7.36,7.11,7.34,11805842,92964856.00
20140210,7.37,7.56,7.36,7.52,21464954,174269040.00
20140211,7.48,7.77,7.46,7.73,34595806,284610464.00
20140212,7.67,7.76,7.49,7.53,47862781,393459680.00
20140213,7.54,7.55,7.37,7.38,26315786,213308576.00
20140214,7.39,7.50,7.37,7.46,13767062,111029912.00
20140217,7.51,7.58,7.47,7.55,26863792,218872784.00
20140218,7.54,7.54,7.29,7.34,32051833,257151296.00
20140219,7.32,7.46,7.21,7.37,24942960,198531920.00
20140220,7.37,7.45,7.12,7.14,26806360,212128784.00
20140221,7.08,7.13,6.79,6.90,29329681,222223040.00
20140224,6.82,6.87,6.72,6.84,17908391,132941352.00
20140225,6.86,6.89,6.51,6.56,22891757,168141808.00
20140226,6.52,6.62,6.47,6.61,20636873,148261744.00
20140227,6.64,6.70,6.54,6.55,16729927,121330104.00
20140228,6.51,6.97,6.51,6.88,34664391,257912016.00
20140303,6.84,6.88,6.71,6.78,28623252,212342224.00
20140304,6.78,6.83,6.72,6.79,18743146,138679936.00
20140305,6.82,6.82,6.64,6.64,14381171,105929792.00
20140306,6.63,6.79,6.52,6.75,17675273,129454320.00
20140307,6.71,6.85,6.65,6.67,15971827,118021320.00
20140310,6.61,6.63,6.42,6.45,13938352,99536496.00
20140311,6.43,6.55,6.39,6.49,19764951,140077184.00
20140312,6.48,6.53,6.32,6.45,14556020,102796672.00
20140313,6.46,6.64,6.45,6.52,15097046,108406616.00
20140314,6.51,6.60,6.43,6.49,10303325,73519704.00
20140317,6.51,6.57,6.43,6.57,24380077,174202896.00
20140318,6.53,6.58,6.47,6.50,12912481,92327864.00
20140319,6.47,6.48,6.42,6.46,9897391,70031696.00
20140320,6.45,6.57,6.39,6.39,13632488,97260880.00
20140321,6.37,6.67,6.33,6.64,31869623,228721680.00
20140324,6.61,6.82,6.55,6.72,34736454,254151104.00
20140325,6.69,6.88,6.66,6.76,29550348,218968096.00
20140326,6.85,6.89,6.64,6.69,17829314,131170368.00
20140327,6.64,6.73,6.55,6.63,17834513,129655776.00
20140328,6.64,6.74,6.52,6.54,20582754,148964944.00
20140331,6.57,6.60,6.48,6.52,8158607,58514772.00
20140401,6.52,6.62,6.51,6.57,9172632,66049108.00
20140402,6.58,6.62,6.47,6.55,18561019,133368920.00
20140403,6.57,6.77,6.57,6.64,39590787,289303936.00
20140404,6.57,6.75,6.57,6.74,23089693,168840336.00
20140408,6.73,6.94,6.69,6.88,37279049,278924480.00
20140409,6.91,7.00,6.84,6.96,27422201,206936608.00
20140410,6.95,7.25,6.91,7.10,46047492,356178560.00
20140411,7.08,7.26,7.03,7.03,25640705,198630912.00
20140414,7.05,7.10,6.93,7.03,17162273,130812992.00
20140415,7.03,7.03,6.84,6.88,18516386,139376192.00
20140416,6.87,7.05,6.85,6.94,27422810,207541520.00
20140417,6.93,7.03,6.82,6.93,17861951,135010464.00
20140418,6.87,7.02,6.77,6.97,32670724,245645920.00
20140421,6.91,6.99,6.76,6.80,21182524,159294176.00
20140422,6.80,6.84,6.70,6.82,15641985,115791056.00
20140423,6.83,6.86,6.78,6.80,9865981,73480224.00
20140424,6.79,6.87,6.76,6.77,10369405,77138496.00
20140425,6.78,6.82,6.69,6.70,13099672,96826792.00
20140428,6.69,6.74,6.57,6.59,11951707,86813176.00
20140429,6.59,6.78,6.55,6.74,12636698,92319712.00
20140430,6.74,6.82,6.68,6.79,17108649,125568080.00
20140505,6.73,6.89,6.68,6.88,12787367,93994368.00
20140506,6.81,7.02,6.81,6.92,23330052,175013232.00
20140507,6.90,7.01,6.82,6.84,18726439,140258496.00
20140508,6.84,7.15,6.82,6.93,31045403,234874240.00
20140509,6.93,7.01,6.81,6.98,19363409,145227824.00
20140512,7.12,7.22,6.97,7.11,45881629,352352416.00
20140513,7.06,7.14,7.04,7.09,15660030,119844992.00
20140514,7.08,7.21,7.08,7.11,20159452,155410256.00
20140515,7.07,7.15,6.84,6.86,23254896,175285888.00
20140516,6.90,6.91,6.68,6.77,22402912,164348432.00
20140519,6.73,6.75,6.57,6.63,18836584,135743840.00
20140520,6.69,6.72,6.59,6.65,11207508,80967864.00
20140521,6.61,6.74,6.55,6.73,11664795,84521888.00
20140522,6.72,6.82,6.67,6.70,14244100,104322536.00
20140523,6.69,6.76,6.66,6.74,12541105,91215512.00
20140526,6.75,6.79,6.67,6.72,12776284,93058544.00
20140527,6.69,6.71,6.61,6.62,11069405,80062816.00
20140528,6.62,6.78,6.60,6.74,15958585,115925632.00
20140529,6.73,6.76,6.54,6.57,19454691,140227920.00
20140530,6.58,6.65,6.53,6.59,9240445,66249272.00
20140603,6.61,6.65,6.56,6.57,7904656,56734280.00
20140604,6.58,6.59,6.50,6.53,8635342,61250316.00
20140605,6.53,6.64,6.51,6.63,9801687,70085064.00
20140606,6.61,6.65,6.47,6.55,10165699,72414056.00
20140609,6.52,6.60,6.50,6.52,8726850,62077548.00
20140610,6.56,6.64,6.52,6.63,14702953,105396456.00
20140611,6.60,6.64,6.57,6.60,9158788,65719168.00
20140612,6.60,6.61,6.55,6.56,7074262,50577160.00
20140613,6.56,6.68,6.55,6.62,19714510,141949472.00
20140616,6.63,6.68,6.61,6.65,14750946,106524856.00
20140617,6.64,6.65,6.50,6.53,15440862,110293160.00
20140618,6.53,6.56,6.49,6.52,10216913,72448112.00
20140619,6.52,6.55,6.33,6.36,16678499,116821464.00
20140620,6.36,6.39,6.32,6.36,11694597,80910344.00
20140623,6.37,6.43,6.36,6.42,10431703,72669256.00
20140624,6.45,6.47,6.41,6.47,8226978,57726460.00
20140625,6.47,6.49,6.37,6.39,10366619,72348024.00
20140626,6.40,6.54,6.40,6.50,13702201,96840976.00
20140627,6.48,6.57,6.44,6.52,14107420,99824080.00
20140630,6.53,6.59,6.52,6.55,13346242,95066504.00
20140701,6.55,6.59,6.52,6.58,10531403,75160504.00
20140702,6.57,6.63,6.56,6.61,12934956,92690664.00
20140703,6.61,6.65,6.57,6.63,13282838,95471296.00
20140704,6.63,6.66,6.58,6.61,11098871,79809904.00
20140707,6.64,6.65,6.58,6.60,8992425,64541272.00
20140708,6.58,6.63,6.57,6.62,8944037,64155880.00
20140709,6.66,6.70,6.56,6.57,21654647,156567872.00
20140710,6.60,6.95,6.58,6.88,68557191,506862944.00
20140711,6.84,7.09,6.84,7.00,48644475,368846944.00
20140714,7.01,7.08,6.91,7.03,28477798,216161824.00
20140715,7.01,7.07,6.92,6.99,20524980,154997440.00
20140716,6.98,7.09,6.91,6.93,19686626,148866336.00
20140717,6.94,6.96,6.84,6.91,16104332,120335368.00
20140718,6.90,7.37,6.86,7.13,42499657,326594144.00
20140721,7.14,7.19,7.04,7.10,19746503,151926176.00
20140722,7.07,7.49,7.07,7.33,59711951,471720352.00
20140723,7.30,7.57,7.21,7.25,39386152,313017536.00
20140724,7.24,7.64,7.24,7.42,46787206,376095168.00
20140725,7.43,7.58,7.32,7.51,34509825,277691264.00
20140728,7.63,8.19,7.58,7.88,78160866,657676800.00
20140729,7.84,7.97,7.78,7.84,48189870,406327936.00
20140730,7.89,8.36,7.87,8.01,58634351,509485664.00
20140731,8.03,8.13,7.88,8.10,29594794,253898704.00
20140801,8.03,8.20,7.79,7.80,40939455,350848160.00
20140804,7.88,8.14,7.80,8.09,52633357,450937056.00
20140805,8.09,8.13,7.89,8.02,31532669,270176736.00
20140806,8.01,8.19,7.87,8.14,46479536,400511584.00
20140807,8.13,8.18,7.80,7.83,42577578,362797984.00
20140808,7.85,7.89,7.66,7.73,35489798,295444704.00
20140811,7.76,7.92,7.70,7.84,34593114,290619616.00
20140812,7.82,7.88,7.67,7.81,33708166,280910400.00
20140813,7.81,7.97,7.72,7.88,38491484,323736160.00
20140814,7.85,7.97,7.78,7.82,26435906,223216288.00
20140815,7.83,8.15,7.75,8.10,43760063,375069856.00
20140818,8.09,8.22,8.05,8.09,33609063,292023104.00
20140819,8.10,8.13,7.87,8.00,39336816,336374016.00
20140820,7.94,8.07,7.87,7.92,30005217,256434240.00
20140821,7.94,7.95,7.68,7.78,29058194,242728544.00
20140822,7.79,8.21,7.73,8.14,55508772,475006688.00
20140825,8.15,8.16,7.98,7.99,34202181,295093024.00
20140826,7.95,8.00,7.68,7.74,28313947,237188288.00
20140827,7.76,7.94,7.73,7.82,20307535,170842928.00
20140828,7.82,7.93,7.72,7.80,21540008,180466240.00
20140829,7.80,7.98,7.76,7.97,21096231,178744624.00
20140901,7.95,8.07,7.94,8.01,21198614,181700512.00
20140902,8.05,8.25,7.97,8.24,47403508,412241280.00
20140903,8.25,8.33,8.14,8.23,45054577,397388640.00
20140904,8.26,8.72,8.26,8.70,75003774,681063744.00
20140905,8.74,8.88,8.60,8.75,61785492,575317056.00
20140909,8.81,8.81,8.55,8.59,32655527,300249088.00
20140910,8.51,8.62,8.36,8.55,29492858,267006064.00
20140911,8.51,8.92,8.45,8.63,45464417,420989440.00
20140912,8.57,8.69,8.43,8.65,30479388,277888704.00
20140915,8.60,8.67,8.49,8.64,25063194,229396208.00
20140916,8.65,8.71,8.21,8.22,39994075,361163264.00
20140917,8.27,8.33,7.93,8.14,43398532,378086560.00
20140918,8.10,8.47,7.98,8.32,38819651,342230400.00
20140919,8.32,8.38,8.21,8.34,19678173,174522352.00
20140922,8.33,8.35,8.13,8.19,20550852,180770912.00
20140923,8.19,8.54,8.14,8.46,41230773,369896032.00
20140924,8.41,9.36,8.38,9.36,127736470,1230664448.00
20140925,9.43,9.63,9.28,9.32,96199347,964058560.00
20140926,9.24,9.39,9.14,9.37,41224611,405381056.00
20140929,9.38,9.96,9.38,9.73,75128200,771643200.00
20140930,9.73,9.81,9.55,9.73,34791469,356030208.00
20141008,9.75,9.81,9.46,9.63,42760674,434932320.00
20141009,9.66,9.71,9.28,9.45,46991235,470728224.00
20141010,9.36,9.64,9.29,9.43,37138645,372628864.00
20141013,9.35,9.42,9.22,9.38,30099400,297825504.00
20141014,9.32,9.53,9.25,9.36,27638758,275664288.00
20141015,9.33,10.35,9.29,10.01,75664600,792424128.00
20141016,9.88,10.17,9.65,9.70,56842774,597158848.00
20141017,9.72,9.98,9.47,9.88,58030471,601339200.00
20141020,9.85,10.16,9.73,10.05,53813639,567184000.00
20141021,10.11,10.74,9.94,10.28,75677257,829032320.00
20141022,10.28,10.62,10.06,10.12,61362904,672529216.00
20141023,10.01,10.27,9.83,10.05,42653773,451688096.00
20141024,10.03,10.58,9.99,10.24,55171028,597173056.00
20141027,9.83,9.94,9.24,9.43,70429916,719067392.00
20141028,9.48,10.38,9.43,10.23,70181918,732375808.00
20141029,10.21,11.31,10.14,11.06,133674598,1536849408.00
20141030,10.93,11.43,10.83,11.42,99590036,1170681856.00
20141031,11.54,11.83,11.26,11.49,88934166,1079888768.00
20141103,11.48,12.06,11.26,11.81,87322641,1077738752.00
20141104,11.69,12.23,11.63,11.95,60965369,764388224.00
20141105,11.93,13.10,11.69,12.56,78095204,1011579072.00
20141106,12.54,12.84,12.23,12.82,56841569,742958912.00
20141107,12.70,14.03,12.68,13.16,87216871,1206809216.00
20141110,13.58,13.81,12.79,13.67,96337197,1339661696.00
20141111,13.73,14.35,12.43,13.03,134589457,1891084032.00
20141112,12.78,13.58,12.62,13.53,68504483,934518912.00
20141113,13.53,13.73,12.93,13.12,77929500,1085663616.00
20141114,12.92,12.97,12.44,12.65,63946858,843865536.00
20141117,12.75,13.63,12.43,13.04,95745509,1315830400.00
20141118,12.94,13.13,12.63,12.82,54221163,726753856.00
20141119,12.73,13.21,12.68,12.83,47478120,641494976.00
20141120,12.75,13.58,12.73,13.42,77171949,1068334528.00
20141121,13.35,14.82,13.16,14.69,128420776,1875990784.00
20141124,15.21,16.03,14.80,15.51,132713399,2137064704.00
20141125,15.28,15.61,15.09,15.30,70190652,1116671360.00
20141126,15.45,16.38,15.39,15.82,101955722,1672294144.00
20141127,15.96,16.63,15.37,16.46,134786022,2231985664.00
20141128,16.13,16.48,15.59,15.92,108609433,1805177472.00
20141201,15.91,16.34,15.28,15.63,117999540,1939625216.00
20141202,15.45,17.25,15.24,17.25,159177788,2723588352.00
20141203,17.42,18.74,16.69,17.23,186212372,3393078528.00
20141204,16.94,19.01,16.74,19.01,168950614,3149986816.00
20141205,19.37,20.97,18.55,20.96,213767255,4408730112.00
20141208,20.23,23.05,19.43,22.44,175133147,3924152064.00
20141209,22.02,24.41,20.14,20.25,219158327,5137736192.00
20141210,19.83,20.93,18.17,19.71,167997701,3312852736.00
20141211,18.81,19.30,17.80,17.92,121389457,2336305408.00
20141212,17.89,19.33,17.88,18.32,124454786,2387231232.00
20141215,18.51,19.93,18.23,19.63,108945076,2123623168.00
20141216,19.82,21.65,19.54,21.65,168466223,3583295488.00
20141217,22.48,23.00,20.59,21.86,182905099,4135832576.00
20141218,21.18,21.42,19.63,19.71,113540787,2388255232.00
20141219,19.88,21.41,19.73,20.86,168995290,3592280576.00
20141222,20.43,20.81,18.72,19.97,124904032,2558512640.00
20141223,19.68,20.39,19.30,19.66,75729187,1551779584.00
20141224,19.93,20.05,18.08,18.47,89935167,1747903488.00
20141225,18.61,19.51,18.35,19.14,92150008,1802193280.00
20141226,19.23,21.11,19.13,21.03,148730364,3114294528.00
20141229,21.41,21.56,19.59,20.03,117557091,2475862528.00
20141230,19.98,20.86,19.31,20.29,95093434,1975446656.00
20141231,20.29,22.38,20.06,21.85,229400419,5167519232.00
20150105,21.73,22.01,20.61,21.52,174733149,3833998592.00
20150106,20.99,21.55,20.33,20.89,115859679,2488460544.00
20150107,21.01,22.23,20.85,21.17,126726245,2792264192.00
20150108,21.27,21.29,19.95,20.14,86547170,1814606720.00
20150109,19.93,20.85,19.52,19.81,108013713,2237497088.00
20150112,19.75,20.10,18.93,19.10,87733289,1755144832.00
20150113,18.98,19.28,18.40,18.56,57156537,1107389696.00
20150114,18.66,19.03,18.53,18.82,41071940,794624192.00
20150115,18.85,19.61,18.43,19.55,68840289,1357652352.00
20150116,19.58,19.68,19.11,19.35,54532935,1090219776.00
20150119,17.36,17.51,17.36,17.36,40489080,726298496.00
20150120,16.43,16.91,15.83,16.44,102424953,1738606976.00
20150121,16.78,17.83,16.64,17.57,89556326,1589587200.00
20150122,17.57,17.67,17.18,17.57,54978634,989698944.00
20150123,17.71,18.51,17.71,17.94,69561104,1300063872.00
20150126,17.96,18.10,17.56,17.74,38965122,712564864.00
20150127,17.74,17.99,17.13,17.56,47469879,861189440.00
20150128,17.44,18.07,17.37,17.58,48067897,878828736.00
20150129,17.35,18.08,17.15,17.63,66836040,1226439552.00
20150130,17.66,17.81,16.99,17.03,52046142,932846400.00
20150202,16.47,16.88,16.15,16.41,39955764,679274048.00
20150203,16.73,17.35,16.48,17.28,54776060,958850368.00
20150204,17.29,17.63,16.93,16.94,50273735,899344832.00
20150205,17.73,17.77,16.89,16.92,62058116,1110201600.00
20150206,16.98,18.42,16.96,17.73,108848338,2000271104.00
20150209,17.91,19.56,17.79,19.53,179619579,3519354112.00
20150210,19.13,19.75,19.04,19.53,122892221,2450318592.00
20150211,19.68,20.41,19.09,20.12,99817323,2027354880.00
20150212,19.93,20.15,19.44,19.85,61924216,1261921024.00
20150213,20.05,20.26,19.46,19.52,71998137,1470829952.00
20150216,19.43,20.01,19.29,19.74,72619143,1467592960.00
20150217,19.71,20.58,19.70,20.08,73581150,1527718528.00
20150225,20.03,20.03,19.28,19.44,50886009,1024865408.00
20150226,19.42,20.81,18.81,20.52,102280682,2097384832.00
20150227,20.31,20.71,20.12,20.30,67628808,1419320064.00
20150302,20.73,21.23,20.34,20.52,94685334,2016219648.00
20150303,20.49,20.49,19.48,19.58,76585705,1569867136.00
20150304,19.48,20.04,19.33,19.65,50325054,1016862464.00
20150305,19.63,20.63,19.50,20.08,93631607,1937876608.00
20150306,20.10,20.58,19.53,19.56,61842103,1276485504.00
20150309,18.63,19.02,17.94,18.78,87089891,1650482048.00
20150310,18.58,19.23,18.39,18.70,59385880,1146212608.00
20150311,18.78,19.16,18.66,18.78,43179822,841059520.00
20150312,18.98,19.48,18.70,19.26,52831098,1041614016.00
20150313,19.43,19.93,19.01,19.29,55579660,1113535616.00
20150316,19.46,19.98,19.13,19.79,71244615,1437289728.00
20150317,19.98,21.83,19.78,21.31,168746464,3630379264.00
20150318,21.35,21.63,21.09,21.47,124577747,2735176704.00
20150319,21.47,22.00,21.23,21.74,104462739,2318843648.00
20150320,21.71,23.78,21.30,22.69,148358843,3418900224.00
20150323,22.90,23.22,22.32,22.92,112748218,2628072960.00
20150324,22.96,23.53,22.15,22.75,112242049,2630768896.00
20150325,22.72,23.29,22.18,22.20,91616522,2128229248.00
20150326,21.92,22.51,21.58,22.02,67085292,1517341312.00
20150327,22.03,22.55,21.93,22.04,51034644,1164735872.00
20150330,22.33,22.87,22.03,22.72,85468556,1975469056.00
20150331,23.19,24.09,22.28,22.34,114769144,2732761600.00
20150401,22.63,23.39,22.24,23.08,96759329,2261582592.00
20150402,23.23,23.53,22.62,22.98,75269406,1778737792.00
20150403,22.98,24.53,22.98,24.34,138287223,3398861312.00
20150407,24.96,25.23,24.34,25.03,113982124,2895576064.00
20150408,25.03,27.33,24.67,26.76,129596993,3464480256.00
20150409,27.54,29.39,26.76,27.01,154953554,4422716928.00
20150410,26.43,27.13,25.90,26.86,112401590,3042135296.00
20150413,27.23,27.28,26.09,26.63,83343241,2255272704.00
20150414,26.46,28.93,25.64,28.62,128682626,3577087232.00
20150415,28.22,29.43,26.95,27.18,110237688,3223370240.00
20150416,26.43,29.31,26.14,28.35,94025540,2693664512.00
20150417,28.66,29.35,27.84,28.44,105109794,3061177856.00
20150420,27.23,27.63,25.58,25.70,174509596,4756937216.00
20150421,25.63,27.18,25.34,26.56,110627034,2975741696.00
20150422,26.58,28.28,26.14,27.76,152787064,4208199680.00
20150423,27.76,28.16,26.83,26.99,118838798,3326183936.00
20150424,26.13,26.63,25.43,25.99,85651664,2282967296.00
20150427,26.16,26.68,26.02,26.27,65697695,1762658560.00
20150428,26.62,26.71,25.91,25.94,77280606,2081288832.00
20150429,25.73,26.22,25.48,25.89,49407781,1307713280.00
20150430,25.93,26.17,25.36,25.42,50898048,1344059008.00
20150504,25.43,25.97,25.16,25.70,41561557,1085152512.00
20150505,25.70,26.41,24.54,24.55,63733882,1670387968.00
20150506,24.78,25.48,24.13,24.65,54748163,1392209920.00
20150507,24.42,25.18,24.26,24.84,42709245,1086755968.00
20150508,25.39,25.58,24.23,24.89,49708407,1260670208.00
20150511,25.09,25.58,24.78,25.57,67282653,1732593920.00
20150512,25.58,26.93,25.31,26.43,102673079,2758505984.00
20150513,26.43,27.00,25.63,26.02,80165594,2162650880.00
20150514,26.04,26.27,25.43,25.51,56945213,1496992512.00
20150515,25.31,25.45,24.25,24.31,59237531,1495396096.00
20150518,24.21,24.40,23.73,23.81,44726872,1098913920.00
20150519,23.83,25.93,23.74,25.42,88389977,2269773568.00
20150520,25.43,25.43,24.73,24.86,69170650,1765884160.00
20150521,24.97,25.03,24.43,24.84,51054323,1288503680.00
20150522,25.03,26.03,24.87,25.62,88782488,2323199488.00
20150525,25.70,26.90,25.70,26.20,61335159,1657509120.00
20150601,25.23,27.69,24.43,27.12,127800781,3416352256.00
20150602,26.61,27.55,26.03,26.61,109581259,2991853312.00
20150603,26.69,27.40,26.50,26.79,80228683,2201147904.00
20150604,26.88,27.39,24.43,26.85,95477719,2583938048.00
20150605,27.37,27.57,25.78,26.30,94504661,2569471744.00
20150608,26.31,28.48,26.11,27.96,141416725,3907720960.00
20150609,28.01,28.28,26.63,27.07,94824230,2651903488.00
20150610,26.98,27.08,26.28,26.57,67698862,1846645120.00
20150611,26.52,26.52,25.93,26.12,53736161,1437308288.00
20150612,26.24,26.69,25.93,26.15,51421152,1379908608.00
20150615,26.45,26.62,25.21,25.27,76729026,2022995712.00
20150616,25.09,25.77,24.50,24.75,46373982,1195016704.00
20150617,24.76,25.62,24.59,25.38,47495150,1216974592.00
20150618,25.23,25.23,23.33,23.48,60531057,1510560512.00
20150619,23.46,24.09,22.03,22.14,46435087,1113811072.00
20150623,22.28,23.10,21.24,23.04,47073365,1082919936.00
20150624,23.10,23.29,22.33,23.05,45444069,1065522880.00
20150625,23.24,23.63,22.13,22.39,49558328,1173715328.00
20150626,22.05,22.94,20.11,20.11,55615881,1214363776.00
20150629,20.65,20.91,18.05,18.19,74750307,1474098816.00
20150630,17.76,20.05,16.57,20.02,84674856,1618167424.00
20150701,19.91,20.73,18.53,18.57,69751569,1431301376.00
20150702,19.40,20.00,17.65,18.93,92906227,1833478912.00
20150703,18.93,19.97,17.05,18.38,68385755,1313040256.00
20150706,20.26,20.26,18.11,19.19,93264996,1826460288.00
20150707,18.45,19.15,17.23,17.23,104106150,1871631104.00
20150708,15.46,15.46,15.46,15.46,23134100,368063520.00
20150709,15.40,17.05,13.87,17.05,161161696,2638911744.00
20150710,17.05,18.80,16.55,18.80,114477601,2165211648.00
20150713,18.55,20.13,18.15,19.61,106423380,2088484608.00
20150714,19.05,19.57,18.16,18.33,80994486,1567948800.00
20150715,18.29,18.72,16.45,16.46,66410564,1177294336.00
20150716,16.46,17.05,15.47,16.48,52468944,887012160.00
20150717,16.64,17.68,16.48,17.32,53140815,927731520.00
20150720,17.43,17.67,16.68,16.89,56366678,992355776.00
20150721,16.75,17.69,16.42,17.25,64619984,1136109440.00
20150722,17.51,18.17,17.16,17.65,75452000,1365364480.00
20150723,17.58,18.26,17.50,18.10,76853247,1418719744.00
20150724,18.15,18.25,17.27,17.35,64354977,1178047360.00
20150727,16.95,17.14,15.57,15.57,55101506,931866880.00
20150728,14.55,17.17,14.30,17.17,147863265,2490429696.00
20150729,17.15,17.35,16.54,17.23,86914694,1502199680.00
20150730,16.85,17.33,15.99,16.04,57990301,1000914560.00
20150731,15.72,17.04,15.72,16.56,68581799,1148283904.00
20150803,16.20,16.89,16.06,16.87,45953522,778185984.00
20150804,16.86,17.34,16.43,17.14,55869370,973162048.00
20150805,16.85,17.05,16.45,16.49,40288437,693321856.00
20150806,16.25,16.42,15.77,15.91,26689984,443270560.00
20150807,15.86,16.38,15.86,16.06,31417126,520807968.00
20150810,16.25,17.36,15.86,17.03,68658825,1178838272.00
20150811,16.87,17.51,16.79,17.13,61311485,1080344576.00
20150812,16.75,17.65,16.60,17.17,56044284,992232384.00
20150813,17.32,17.91,17.14,17.87,68663338,1236580096.00
20150814,18.06,18.39,17.72,18.31,76910246,1423030016.00
20150817,18.20,18.35,17.72,17.96,48483111,892329472.00
20150818,18.08,19.29,16.27,16.45,87768990,1633009408.00
20150819,16.00,16.91,15.45,16.84,52346028,874706624.00
20150820,16.51,16.71,15.76,15.77,34465069,574296384.00
20150821,15.55,15.89,14.25,14.41,41434529,645087872.00
20150824,13.83,13.83,12.92,12.92,44764649,603100352.00
20150825,11.58,12.10,11.58,11.58,53080580,643127168.00
20150826,11.58,12.18,10.41,10.53,66174805,776689472.00
20150827,10.85,11.59,10.16,11.55,61036438,692628352.00
20150828,11.72,12.35,11.56,12.11,70339770,870725760.00
20150831,12.13,12.14,11.03,11.73,55685554,668094784.00
20150901,11.50,12.18,10.65,11.96,88167557,1067761728.00
20150902,11.22,12.08,11.08,11.79,64027838,777675456.00
20150907,11.75,12.30,11.35,11.45,32492129,400769152.00
20150908,11.35,11.85,11.02,11.84,31415144,374879616.00
20150909,11.85,12.52,11.83,12.37,49816197,630093120.00
20150910,12.07,12.23,11.87,11.97,24826514,311035264.00
20150911,11.93,12.17,11.64,11.81,19890485,246176976.00
20150914,11.75,11.88,10.58,10.92,56321387,642028672.00
20150915,10.63,10.92,9.78,9.86,32579953,349342144.00
20150916,9.84,10.89,9.73,10.73,37034936,396345280.00
20150917,10.57,10.88,10.15,10.19,37912743,418954336.00
20150918,10.36,10.46,10.13,10.27,20036943,215002816.00
20150921,10.15,10.63,9.97,10.60,23960180,259010592.00
20150922,10.55,11.45,10.55,11.17,51462748,596766528.00
20150923,10.93,11.11,10.70,10.74,29476675,334394304.00
20150924,10.84,11.11,10.81,10.96,21037864,239828816.00
20150925,10.94,11.11,10.15,10.37,27300257,302283072.00
20150928,10.37,10.69,10.05,10.57,20777251,225126048.00
20150929,10.35,11.00,10.06,10.47,32195110,351867328.00
20150930,10.44,10.84,10.40,10.48,27145421,300255168.00
20151008,11.25,11.33,10.95,10.96,39724291,459033376.00
20151009,10.97,11.73,10.97,11.62,53674119,635005120.00
20151012,11.65,12.76,11.44,12.41,59660861,755090560.00
20151013,12.30,12.46,12.10,12.34,31321443,399179872.00
20151014,12.29,12.78,12.07,12.12,40577386,522799680.00
20151015,11.97,12.70,11.97,12.68,41567153,533401024.00
20151016,12.90,13.69,12.68,13.37,82880915,1139883776.00
20151019,13.59,14.55,13.54,13.83,84048622,1217067520.00
20151020,13.67,14.45,13.35,14.35,59551261,851950400.00
20151021,14.41,14.63,12.95,13.36,65377326,949096960.00
20151022,13.35,14.38,13.13,14.35,54955429,778577472.00
20151023,14.43,14.53,13.72,14.32,63797712,929822848.00
20151026,14.67,15.65,14.53,14.85,85140835,1321637888.00
20151027,14.47,15.00,13.84,14.85,44208517,657556416.00
20151028,14.64,14.80,13.92,14.05,36386145,537790656.00
20151029,14.35,14.35,13.69,13.88,37520881,538462144.00
20151030,13.85,14.85,13.55,14.48,64321467,949368960.00
20151102,14.07,14.40,13.44,13.50,50329185,725795200.00
20151103,13.64,13.75,13.27,13.52,42702135,596443392.00
20151104,13.68,14.92,13.60,14.92,97301297,1450436096.00
20151105,15.55,16.46,15.44,16.13,207775670,3466473728.00
20151106,15.98,17.79,15.80,17.79,178697770,3100119808.00
20151109,17.95,18.77,16.97,17.16,220286034,4013696768.00
20151110,16.81,18.34,16.63,17.12,183239363,3272243968.00
20151111,16.93,17.75,16.43,17.43,158746656,2768304128.00
20151112,17.24,17.49,16.68,16.90,123142696,2158580736.00
20151113,16.58,17.49,16.43,16.97,128368000,2234458624.00
20151116,16.45,16.87,16.25,16.84,96953687,1648180096.00
20151117,17.26,18.44,16.76,16.87,203170208,3658184704.00
20151118,16.77,16.99,15.61,15.90,115242559,1943659520.00
20151119,15.96,16.32,15.75,16.28,70352527,1157587072.00
20151120,16.25,16.45,16.05,16.27,59563524,994545984.00
20151123,16.40,16.75,15.87,16.10,66918957,1125035776.00
20151124,15.99,16.75,15.92,16.56,70625578,1187381248.00
20151125,16.50,16.78,16.29,16.70,72190294,1228194944.00
20151126,17.02,17.33,16.38,16.42,83678712,1450483328.00
20151127,15.97,16.14,14.73,14.73,111410117,1764131200.00
20151130,14.66,14.90,13.83,14.67,96553310,1431426432.00
20151201,14.55,14.77,14.26,14.50,55449069,828747840.00
20151202,14.45,15.41,14.38,15.24,99279617,1521318784.00
20151203,15.15,15.45,14.94,15.23,70142222,1097229952.00
20151204,15.04,15.11,14.55,14.71,57075868,870848832.00
20151207,14.65,14.68,14.36,14.63,35038472,524745792.00
20151208,14.50,14.83,14.30,14.34,46250756,695412416.00
20151209,14.36,14.56,14.25,14.27,35494324,526622624.00
20151210,14.51,15.08,14.41,14.49,67164855,1020947200.00
20151211,14.26,14.94,14.13,14.66,62436100,938699392.00
20151214,14.42,16.15,14.35,16.12,106413373,1678034816.00
20151215,16.00,16.11,15.55,15.68,74072924,1206024320.00
20151216,15.81,16.17,15.65,15.73,50839967,829531520.00
20151217,15.91,16.38,15.75,16.01,68819505,1136622336.00
20151218,15.98,16.12,15.71,15.83,39558498,646206720.00
20151221,15.82,16.31,15.70,16.04,48097382,793837760.00
20151222,16.13,16.53,15.97,16.46,64440952,1080605184.00
20151223,16.55,17.33,16.40,16.46,125039642,2156666368.00
20151224,16.23,16.36,15.56,15.78,56661473,928151232.00
20151225,15.86,16.00,15.66,15.86,32592921,531057952.00
20151228,16.03,16.07,15.05,15.08,47077651,756624128.00
20151229,15.05,15.61,15.05,15.49,36941417,583710336.00
20151230,15.49,15.79,15.33,15.71,37131255,594521600.00
20151231,15.70,16.00,15.55,15.62,44129053,717350720.00
20160104,15.49,15.64,14.01,14.01,37614061,570305152.00
20160105,13.40,14.24,12.98,13.79,49116064,693140864.00
20160106,13.83,14.18,13.35,14.07,46858780,668535936.00
20160107,13.60,13.70,12.62,12.62,15541242,210450864.00
20160108,13.01,13.53,12.01,12.85,60318837,808795904.00
20160111,12.50,12.68,11.52,11.52,56386385,707261120.00
20160112,11.75,12.03,11.45,11.63,48165278,587352064.00
20160113,11.79,11.95,11.43,11.72,52184886,636392576.00
20160114,11.25,12.29,11.25,12.24,54456146,671905472.00
20160115,12.10,12.21,11.56,11.82,46486496,574612224.00
20160118,11.55,12.02,11.52,11.82,33180211,407125856.00
20160119,11.84,12.41,11.68,12.22,52751477,660177664.00
20160120,12.08,12.27,11.85,12.02,44849390,561459264.00
20160121,11.91,12.19,11.10,11.17,51701539,628771008.00
20160122,11.43,11.55,10.96,11.35,34739968,408892480.00
20160125,11.51,11.84,11.40,11.63,33513947,402737568.00
20160126,11.45,11.51,10.42,10.44,45398709,519203520.00
20160127,10.43,10.62,9.60,10.11,47303174,500656288.00
20160128,10.05,10.41,9.61,9.70,45426700,477549664.00
20160129,9.77,10.40,9.71,10.28,58765236,624957504.00
20160201,10.24,10.26,9.91,10.12,31860426,336604960.00
20160202,10.13,10.65,10.13,10.54,40247443,438682816.00
20160203,10.35,10.48,10.20,10.45,33693281,363173024.00
20160204,10.53,10.80,10.45,10.63,37114100,411170176.00
20160205,10.45,10.55,10.16,10.18,35341687,381844000.00
20160215,9.85,10.07,9.77,9.95,24774586,256697168.00
20160216,10.09,10.73,10.01,10.56,47173547,514189120.00
20160217,10.56,10.78,10.46,10.76,40288730,446926784.00
20160218,10.90,11.19,10.68,10.75,52096575,594357568.00
20160219,10.70,10.90,10.59,10.81,32226887,360680064.00
20160222,11.01,11.40,10.83,11.21,55229263,639713984.00
20160223,11.19,11.22,10.81,10.97,37232448,425567840.00
20160224,10.91,11.14,10.69,11.09,36331877,413897632.00
20160225,11.02,11.13,9.94,9.95,57377541,627183104.00
20160226,10.09,10.13,9.72,9.95,51768924,538706560.00
20160229,9.94,9.94,9.05,9.43,50972801,499646880.00
20160301,9.46,10.05,9.33,9.75,50388613,508600704.00
20160302,9.81,10.77,9.76,10.77,83762820,904902336.00
20160303,11.05,11.65,10.92,11.23,150751706,1760790784.00
20160304,11.15,11.40,10.78,11.11,107013851,1243932288.00
20160307,11.31,11.51,11.08,11.21,78827636,924389888.00
20160308,11.16,11.36,10.53,11.33,74437944,843428864.00
20160309,10.94,11.31,10.78,11.02,57801457,659675392.00
20160310,10.92,11.02,10.44,10.53,54880275,613934208.00
20160311,10.31,10.82,10.25,10.65,51360552,565063616.00
20160314,10.80,11.76,10.62,11.23,131027888,1539082112.00
20160315,11.14,11.33,11.01,11.22,89936851,1046576128.00
20160316,11.16,11.37,11.06,11.08,83744487,977076352.00
20160317,11.21,11.80,11.05,11.57,110319657,1311595648.00
20160318,11.64,12.53,11.52,12.28,142160533,1780395904.00
20160321,12.77,13.55,12.65,13.55,230383935,3167254016.00
20160322,13.22,13.45,12.90,12.99,147547159,2001915904.00
20160323,12.90,13.32,12.65,13.22,119190657,1598712832.00
20160324,12.85,12.98,12.49,12.51,98037191,1293021184.00
20160325,12.41,12.82,12.36,12.77,66687013,875569152.00
20160328,12.79,12.94,12.33,12.41,67145595,879735424.00
20160329,12.38,12.72,12.17,12.39,71571942,924535680.00
20160330,12.70,12.97,12.62,12.95,82476260,1093737344.00
20160331,13.05,13.33,12.85,12.96,87378964,1180649472.00
20160401,12.89,12.97,12.37,12.78,63349731,831851904.00
20160405,12.76,13.35,12.68,13.07,74050474,1000246528.00
20160406,12.95,13.18,12.75,12.90,62610149,838265472.00
20160407,13.00,13.04,12.55,12.57,46903931,617508544.00
20160408,12.42,12.53,11.97,12.25,57018992,723660480.00
20160411,12.76,13.15,12.71,12.72,94639126,1263725824.00
20160412,12.65,12.81,12.40,12.79,49208156,641185344.00
20160413,12.89,13.63,12.87,13.16,118668146,1632033920.00
20160414,13.35,13.39,13.05,13.26,50311732,686439808.00
20160415,13.25,13.25,13.01,13.10,42189701,571331008.00
20160418,12.88,12.91,12.63,12.71,47055947,619627648.00
20160419,12.78,12.90,12.58,12.86,44578109,587880320.00
20160420,12.81,12.82,11.91,12.49,90732978,1163160192.00
20160421,12.20,12.45,12.03,12.08,37723784,479324576.00
20160422,11.95,12.20,11.89,12.16,33425441,418927488.00
20160425,12.05,12.08,11.76,11.93,28816257,356453376.00
20160426,11.98,12.15,11.87,12.10,27130215,338545824.00
20160427,12.13,12.14,11.86,11.93,26728624,332454528.00
20160428,11.97,12.03,11.73,12.00,30542849,377154560.00
20160429,11.89,11.99,11.83,11.86,18310341,226334528.00
20160503,11.87,12.43,11.84,12.26,48736083,617695680.00
20160504,12.16,12.33,12.10,12.23,32395018,409968992.00
20160505,12.17,12.34,12.14,12.27,32443005,412264800.00
20160506,12.23,12.35,11.70,11.71,46093995,575378496.00
20160509,11.45,11.50,10.90,10.97,51998729,602345984.00
20160510,10.95,11.07,10.86,10.95,22244492,253889856.00
20160511,11.03,11.06,10.75,10.77,23966072,271897408.00
20160512,10.55,11.10,10.50,11.01,33316216,375612512.00
20160513,10.95,11.10,10.81,10.91,21208255,242131552.00
20160516,10.85,11.05,10.75,11.03,16850895,191938464.00
20160517,11.03,11.30,10.80,11.02,29860414,342279296.00
20160518,10.93,11.17,10.77,11.06,38098097,435700352.00
20160519,11.05,11.20,10.95,11.00,23907218,275042176.00
20160520,10.87,11.26,10.81,11.24,30548547,352480896.00
20160523,11.24,11.47,11.12,11.20,36175667,424106208.00
20160524,11.18,11.19,10.91,10.97,20250840,232398256.00
20160525,11.07,11.20,10.91,10.94,21862502,252006032.00
20160526,10.93,11.03,10.71,10.98,23251094,263218576.00
20160527,10.94,11.02,10.87,10.92,16739939,190796848.00
20160530,10.86,11.17,10.75,11.02,26006430,297603744.00
20160531,11.04,12.17,11.03,12.17,110990000,1370468864.00
20160601,12.26,12.28,11.91,12.04,78578909,983369984.00
20160602,11.96,12.12,11.85,12.07,55743191,695151424.00
20160603,12.09,12.45,11.91,12.12,59460269,748955264.00
20160606,12.19,12.23,11.94,12.02,31171414,390730112.00
20160607,12.12,12.35,12.09,12.18,44973561,569211840.00
20160608,12.22,12.64,12.05,12.41,71896681,919980672.00
20160613,12.15,12.28,11.55,11.59,52854013,660391680.00
20160614,11.54,11.85,11.45,11.81,36267995,439667264.00
20160615,11.55,12.95,11.50,12.35,75585435,963643840.00
20160616,12.33,12.33,11.97,12.07,44061574,541953408.00
20160617,12.14,12.52,12.13,12.35,55437947,692550784.00
20160620,12.34,12.47,12.10,12.45,38059238,473958400.00
20160621,12.65,13.29,12.38,12.44,92745826,1202719360.00
20160622,12.32,12.99,12.27,12.94,71241794,919259264.00
20160623,12.90,12.97,12.60,12.84,56227213,726267392.00
20160624,12.75,13.03,12.21,12.59,73389619,940313088.00
20160627,12.46,13.03,12.45,13.02,69068307,898652736.00
20160628,12.89,13.53,12.81,13.30,84064276,1115016448.00
20160629,13.33,13.59,13.18,13.20,67892055,917447104.00
20160630,13.30,13.50,13.17,13.25,45473040,613151232.00
20160701,13.31,13.49,13.15,13.24,40066655,539614336.00
20160704,13.05,13.95,13.01,13.69,78305203,1075729280.00
20160705,13.60,13.79,13.55,13.63,44456454,613294272.00
20160706,13.58,13.82,13.49,13.72,40807403,563264896.00
20160707,13.71,14.09,13.50,13.96,69977136,976651136.00
20160708,13.88,14.23,13.77,13.99,55031429,778032576.00
20160711,14.10,14.71,13.92,14.01,92256498,1331839232.00
20160712,13.95,14.73,13.95,14.72,99884625,1452791680.00
20160713,14.65,15.25,14.46,14.61,96028263,1435978368.00
20160714,14.49,15.00,14.47,14.93,62169977,924333824.00
20160715,14.85,14.96,14.61,14.71,39092736,582450240.00
20160718,14.56,14.60,14.05,14.08,58261915,839460544.00
20160719,14.16,14.35,14.01,14.26,45949468,658643584.00
20160720,14.24,14.32,14.01,14.02,39890786,569930560.00
20160721,14.07,14.39,14.05,14.17,48308488,693926848.00
20160722,14.09,14.24,13.94,14.15,38623804,549399552.00
20160725,14.15,14.32,14.07,14.25,32616503,468298880.00
20160726,14.28,14.50,14.23,14.44,41270580,599670272.00
20160727,14.43,14.53,13.37,13.87,91325819,1283330688.00
20160801,13.43,13.52,12.98,13.15,45198951,601414912.00
20160802,13.16,13.24,12.96,13.13,24526909,324379520.00
20160803,13.07,13.19,13.01,13.06,21169891,280094272.00
20160804,13.06,13.22,13.00,13.18,23354012,310074496.00
20160805,13.18,13.29,13.03,13.07,27498749,365302240.00
20160808,13.09,13.24,12.90,13.23,23785581,315127232.00
20160809,13.20,13.42,13.17,13.39,32215105,432975040.00
20160810,13.38,13.52,13.26,13.29,32189407,435282976.00
20160811,13.29,13.60,13.28,13.29,45144160,612548544.00
20160812,13.21,13.62,13.10,13.55,47465914,641120384.00
20160815,13.60,14.86,13.52,14.33,121352513,1740782336.00
20160816,14.25,14.35,14.14,14.20,60050447,863649280.00
20160817,14.21,14.46,13.99,14.09,56320663,806662656.00
20160818,14.03,14.18,13.92,14.00,35180808,498908320.00
20160819,14.00,14.09,13.92,14.00,25700158,363888864.00
20160822,13.95,14.02,13.54,13.56,34189277,476038368.00
20160823,13.58,13.75,13.45,13.61,23213770,319114016.00
20160824,13.61,13.71,13.45,13.49,22689395,311246272.00
20160825,13.46,13.65,13.40,13.57,30011149,410921760.00
20160826,13.58,13.66,13.48,13.50,21232631,291251264.00
20160829,13.53,13.62,13.45,13.58,17705651,242131872.00
20160830,13.62,13.78,13.53,13.63,27014919,372748288.00
20160831,13.63,14.13,13.59,13.90,49213468,688951424.00
20160901,13.84,13.88,13.54,13.56,31526609,436534240.00
20160902,13.49,13.85,13.46,13.65,28775886,396907456.00
20160905,13.70,13.90,13.55,13.58,26463240,367007776.00
20160906,13.58,13.72,13.33,13.65,32323967,441427488.00
20160907,13.65,13.80,13.57,13.59,24666535,340959552.00
20160908,13.59,13.61,13.44,13.51,18718828,255882704.00
20160909,13.51,13.60,13.30,13.31,19738025,268596864.00
20160912,12.96,13.07,12.81,13.04,41420673,542530688.00
20160913,13.08,13.12,12.84,12.92,23374039,305302560.00
20160914,12.80,12.88,12.67,12.70,18227571,235536544.00
20160919,12.70,12.81,12.70,12.75,11855894,152962912.00
20160920,12.75,12.78,12.63,12.67,12663869,162561760.00
20160921,12.67,13.06,12.66,12.90,29068276,378317696.00
20160922,13.02,13.03,12.85,12.94,19557826,256000128.00
20160923,12.95,12.97,12.82,12.85,11776260,153499136.00
20160926,12.84,12.84,12.45,12.51,16046680,205717456.00
20160927,12.50,12.70,12.47,12.69,14135281,180581904.00
20160928,12.71,12.74,12.55,12.60,9127628,116894440.00
20160929,12.67,12.98,12.64,12.80,23253964,302363168.00
20160930,12.75,12.88,12.72,12.84,11123377,144311552.00
20161010,12.96,13.04,12.86,13.03,23772096,311767808.00
20161011,13.03,13.18,12.99,13.06,20925834,276565376.00
20161012,13.03,13.05,12.95,13.02,13088942,172071088.00
20161013,13.00,13.33,12.95,13.14,30913323,410907648.00
20161014,13.07,13.15,12.98,13.08,16767666,221305120.00
20161017,13.20,13.22,12.85,12.90,21657262,286080256.00
20161018,12.93,13.30,12.87,13.24,35622841,473400992.00
20161019,13.26,13.39,13.16,13.24,23833552,319796320.00
20161020,13.27,13.33,13.11,13.18,16990553,226523168.00
20161021,13.14,13.36,13.07,13.19,30495922,407674784.00
20161024,13.25,14.39,13.18,13.80,130225668,1826446336.00
20161025,13.69,13.82,13.60,13.73,55801350,772315200.00
20161026,13.80,14.10,13.73,13.77,70291089,988760192.00
20161027,13.70,14.00,13.70,13.96,44156847,619064448.00
20161028,14.34,14.80,14.07,14.13,115102214,1686148992.00
20161031,14.00,14.40,13.88,14.35,52165393,745290560.00
20161101,14.25,14.68,14.20,14.48,55698583,815307072.00
20161102,14.37,14.85,14.33,14.44,60172813,888099328.00
20161103,14.35,15.54,14.32,15.25,123835682,1885817984.00
20161104,15.25,15.42,14.92,15.12,74816873,1143771904.00
20161107,15.08,15.13,14.77,15.04,53319420,805223680.00
20161108,15.23,15.45,15.01,15.09,51075891,783328768.00
20161109,15.02,15.24,14.61,14.88,77118181,1159927680.00
20161110,15.25,15.34,15.01,15.08,66929967,1024302080.00
20161111,15.10,15.70,15.03,15.56,92203650,1433938816.00
20161114,15.42,15.96,15.25,15.41,109380364,1724198144.00
20161115,15.38,15.48,15.13,15.18,51096923,788517952.00
20161116,15.25,15.29,14.95,15.07,41416331,631001280.00
20161117,15.01,15.18,14.89,15.07,35165028,533739392.00
20161118,14.98,14.98,14.56,14.62,44334444,661977728.00
20161121,14.58,14.85,14.44,14.65,32985068,490085056.00
20161122,14.70,14.95,14.66,14.84,36714456,550604352.00
20161123,14.90,14.97,14.69,14.71,37715489,564154496.00
20161124,14.62,15.01,14.57,14.70,52507126,783655104.00
20161125,14.65,14.72,14.27,14.64,42047264,615193792.00
20161128,14.90,14.91,14.55,14.71,53574998,797478144.00
20161129,14.69,14.84,14.46,14.73,42352528,626823744.00
20161130,14.65,14.80,14.36,14.45,33655324,495592992.00
20161201,14.48,14.62,14.41,14.59,33389300,489871520.00
20161202,14.59,14.61,14.14,14.21,39906830,577254208.00
20161205,14.06,14.18,13.59,13.62,42083077,589623424.00
20161206,13.70,13.78,13.58,13.63,19634034,271373760.00
20161207,13.64,13.75,13.57,13.74,20734634,286445856.00
20161208,13.74,13.78,13.49,13.50,20721318,285484672.00
20161209,13.50,13.70,13.47,13.53,26411744,363124768.00
20161212,13.53,13.59,12.92,13.09,44384668,589947264.00
20161213,13.05,13.24,12.98,13.10,21201118,281340736.00
20161214,13.15,13.21,12.88,12.92,20764314,273812992.00
20161215,12.88,13.16,12.88,12.99,21618234,284467296.00
20161216,13.00,13.14,12.91,13.01,23806616,313179040.00
20161219,12.98,12.98,12.68,12.73,27284233,352605056.00
20161220,12.66,12.82,12.64,12.79,19850335,255909888.00
20161221,12.81,13.42,12.80,13.18,54784344,729461568.00
20161222,13.05,13.24,13.03,13.23,21210558,281472096.00
20161223,13.15,13.21,12.99,13.05,19447067,256845040.00
20161226,12.88,13.37,12.80,13.30,38317274,509603008.00
20161227,13.23,13.36,13.20,13.22,20407350,273874112.00
20161228,13.24,13.32,13.13,13.22,14009642,187569168.00
20161229,13.20,13.25,13.06,13.07,18049893,240120992.00
20161230,13.08,13.16,12.96,13.12,16279631,214990432.00
20170103,13.09,13.38,13.09,13.28,24488490,328801536.00
20170104,13.30,13.34,13.17,13.31,26672464,357805440.00
20170105,13.34,13.34,13.17,13.18,17685411,236518144.00
20170106,13.16,13.19,12.97,12.99,20711283,273346944.00
20170109,12.96,13.09,12.95,13.03,14509984,191113184.00
20170110,13.03,13.11,12.98,13.00,14496364,191192704.00
20170111,12.97,13.04,12.91,12.91,14857969,194849200.00
20170112,12.91,13.03,12.89,12.91,13154953,172483312.00
20170113,12.89,13.04,12.78,12.98,17960857,235028496.00
20170116,12.85,13.16,12.71,13.09,50235295,658305664.00
20170117,13.00,13.05,12.70,12.87,18684139,242754832.00
20170118,12.86,12.96,12.79,12.82,10870100,141515024.00
20170119,12.78,12.88,12.63,12.65,16518981,213073856.00
20170120,12.56,12.81,12.56,12.70,37673696,483702592.00
20170123,12.68,12.81,12.63,12.74,23596408,303622240.00
20170124,12.71,12.75,12.65,12.69,11546068,148355344.00
20170125,12.67,12.69,12.60,12.66,15039732,192337344.00
20170126,12.66,12.80,12.66,12.72,16358823,210894256.00
20170203,12.73,12.89,12.72,12.74,19552129,253194240.00
20170206,12.75,12.82,12.70,12.80,14115302,182182640.00
20170207,12.77,12.81,12.65,12.71,12486505,160787200.00
20170208,12.70,13.12,12.60,13.05,40747762,531109504.00
20170209,12.95,13.13,12.92,13.00,32003915,421552192.00
20170210,13.02,13.20,12.98,13.07,29851688,395092800.00
20170213,13.08,13.32,13.04,13.16,40142387,535104576.00
20170214,13.21,13.32,13.09,13.13,25795822,344774592.00
20170215,13.13,13.24,12.98,13.02,30916003,409322944.00
20170216,13.02,13.23,12.98,13.16,28848031,382747168.00
20170217,13.20,13.59,13.10,13.12,64336643,867735296.00
20170220,13.07,13.27,13.02,13.25,41532537,551140032.00
20170221,13.27,13.48,13.21,13.29,43396482,584680512.00
20170222,13.29,13.31,13.15,13.26,24600729,328636032.00
20170223,13.24,13.24,12.95,13.05,41710007,551564096.00
20170224,13.05,13.10,13.00,13.09,20245863,267292672.00
20170227,13.07,13.08,12.86,12.90,21034501,276256480.00
20170228,12.91,13.04,12.86,12.96,18785672,245730496.00
20170301,12.95,13.05,12.89,12.95,21670434,284449952.00
20170302,13.00,13.19,12.89,12.94,35874196,473608864.00
20170303,12.87,12.93,12.79,12.88,20084574,260962528.00
20170306,12.86,13.10,12.86,13.03,20514909,269420736.00
20170307,13.06,13.07,12.97,13.04,16114077,212095952.00
20170308,13.03,13.05,12.92,13.01,18940448,248786976.00
20170309,13.00,13.00,12.86,12.95,19652886,256933296.00
20170310,12.93,12.97,12.79,12.80,13131800,171199696.00
20170313,12.76,12.90,12.68,12.90,16242789,210319360.00
20170314,12.91,12.95,12.77,12.80,15686409,204064080.00
20170315,12.78,12.87,12.76,12.83,11103669,144052512.00
20170316,12.86,13.12,12.86,13.09,40840343,539193024.00
20170317,13.11,13.14,12.80,12.83,36495366,478661440.00
20170320,12.79,12.82,12.61,12.77,29502796,379895488.00
20170321,12.77,12.79,12.64,12.68,18909323,242783184.00
20170322,12.62,12.67,12.52,12.57,19173324,244186256.00
20170323,12.55,12.69,12.38,12.58,18460757,234725680.00
20170324,12.58,12.80,12.41,12.72,34803429,443232224.00
20170327,12.66,12.80,12.56,12.58,24620334,315490688.00
20170328,12.57,12.60,12.50,12.51,11974667,151884016.00
20170329,12.51,12.59,12.38,12.40,18856894,238225408.00
20170330,12.40,12.50,12.26,12.32,21751257,272474528.00
20170331,12.34,12.39,12.11,12.20,26000221,322078816.00
20170405,12.22,12.48,12.18,12.45,25528414,319524512.00
20170406,12.43,12.57,12.40,12.43,19575515,247250528.00
20170407,12.42,12.53,12.38,12.47,16722349,210808128.00
20170410,12.40,12.48,12.26,12.30,18500760,231564784.00
20170411,12.30,12.40,12.10,12.39,20939320,259523920.00
20170412,12.40,12.57,12.36,12.44,29903251,377241760.00
20170413,12.35,12.49,12.35,12.40,14185448,178372048.00
20170414,12.37,12.40,12.20,12.36,17021208,211663696.00
20170417,12.29,12.37,12.16,12.30,15078339,187212240.00
20170418,12.27,12.29,12.03,12.04,15103143,186260752.00
20170419,12.02,12.02,11.72,11.94,21318457,256354928.00
20170420,11.90,11.93,11.67,11.84,14721818,175679552.00
20170421,11.79,11.95,11.76,11.93,12615183,151421088.00
20170424,11.85,12.00,11.63,11.99,24144909,289370528.00
20170425,11.89,11.96,11.78,11.79,9826898,118272968.00
20170426,11.80,11.99,11.75,11.79,13575467,163108976.00
20170427,11.73,11.87,11.66,11.82,15613770,185793024.00
20170428,11.80,11.81,11.72,11.79,13118467,156209264.00
20170502,11.77,11.77,11.60,11.61,11120370,131740512.00
20170503,11.58,11.65,11.35,11.44,20104391,233426784.00
20170504,11.38,11.44,11.28,11.35,15071232,173239984.00
20170505,11.26,11.30,10.95,11.12,36774220,412489280.00
20170508,11.02,11.25,10.87,11.21,33751258,378815264.00
20170509,11.12,11.23,11.05,11.09,13669352,154003968.00
20170510,11.11,11.12,10.93,10.97,14974273,167642736.00
20170511,10.87,11.13,10.84,11.07,20149613,224476608.00
20170512,11.05,11.27,11.01,11.13,12532458,141695968.00
20170515,11.13,11.29,11.10,11.20,18922327,215292304.00
20170516,11.15,11.31,11.09,11.30,11276308,128012744.00
20170517,11.31,11.46,11.24,11.27,12060459,138591280.00
20170518,11.16,11.25,11.10,11.11,8464305,95826968.00
20170519,11.14,11.17,11.06,11.08,5254982,58363276.00
20170522,11.05,11.06,10.72,10.77,13741548,149437408.00
20170523,10.78,10.84,10.61,10.62,9748471,104502400.00
20170524,10.54,10.74,10.54,10.67,9954274,105929520.00
20170525,10.65,11.28,10.61,11.17,32023757,353039136.00
20170526,11.11,11.24,11.07,11.10,13794600,153732784.00
20170531,11.28,11.37,11.16,11.19,16452110,184992064.00
20170601,11.19,11.20,10.90,11.01,13100035,145379488.00
20170602,10.95,11.05,10.74,10.98,15527704,168798336.00
20170605,11.00,11.01,10.91,10.97,9747524,106782448.00
20170606,10.99,11.06,10.93,11.04,12869685,141683024.00
20170607,11.04,11.21,10.98,11.20,19993661,222820880.00
20170608,11.08,11.13,10.92,11.03,28928397,319123616.00
20170609,10.97,11.06,10.86,10.92,19801748,216709744.00
20170612,10.89,10.95,10.72,10.74,16940661,183907568.00
20170613,10.72,10.92,10.72,10.86,10703211,115970312.00
20170614,10.86,10.96,10.84,10.91,10321967,112618160.00
20170615,10.85,11.16,10.85,11.12,19935435,220425072.00
20170616,11.12,11.18,11.09,11.12,13048606,145404320.00
20170619,11.15,11.40,11.11,11.32,21141039,239132112.00
20170620,11.35,11.35,11.17,11.26,14347821,161784752.00
20170621,11.38,11.47,11.17,11.21,20610702,233050656.00
20170622,11.20,11.47,11.18,11.20,30223222,342365536.00
20170623,11.16,11.23,11.06,11.19,14881296,165807088.00
20170626,11.16,11.44,11.15,11.43,34766764,394398432.00
20170627,11.44,11.52,11.33,11.35,26926561,307212768.00
20170628,11.30,11.36,11.25,11.27,15442828,174495808.00
20170629,11.27,11.32,11.20,11.23,15183202,170653392.00
20170630,11.20,11.25,11.14,11.23,9525922,106613704.00
20170703,11.21,11.23,11.12,11.20,12246744,136838064.00
20170704,11.20,11.23,11.03,11.04,15820700,175855008.00
20170705,11.05,11.20,11.04,11.19,14581518,162185184.00
20170706,11.20,11.20,11.06,11.17,11548868,128620344.00
20170707,11.13,11.48,11.05,11.41,32752209,370281472.00
20170710,11.35,11.62,11.32,11.46,43292514,497629728.00
20170711,11.47,11.54,11.31,11.33,30484114,349313504.00
20170712,11.33,11.42,11.14,11.18,28639125,321668960.00
20170713,11.23,11.55,11.16,11.54,42433294,483596672.00
20170714,11.50,11.61,11.37,11.46,28961908,332462624.00
20170717,11.45,11.52,11.01,11.04,36574664,409842336.00
20170718,10.95,11.07,10.82,10.93,27895963,305003200.00
20170719,10.91,11.60,10.82,11.58,61983356,701527744.00
数据来源:通达信
