601800 中国交建 日线 前复权
      日期	    开盘	    最高	    最低	    收盘	    成交量	    成交额
20120309,5.88,5.98,5.30,5.55,564317801,3777891072.00
20120312,5.59,5.63,5.26,5.34,246675003,1609656064.00
20120313,5.34,5.38,5.23,5.36,158962909,1020441152.00
20120314,5.36,5.42,4.90,4.91,202749073,1280444928.00
20120315,4.87,4.95,4.67,4.69,135898098,800169984.00
20120316,4.69,5.12,4.54,5.02,209273466,1241170048.00
20120319,4.89,5.00,4.80,4.94,117872110,707258112.00
20120320,4.90,4.90,4.69,4.70,79798808,469493120.00
20120321,4.75,4.77,4.61,4.70,64375032,373880928.00
20120322,4.74,4.88,4.69,4.76,81236259,478901600.00
20120323,4.71,4.74,4.61,4.65,52173406,302193376.00
20120326,4.63,4.78,4.60,4.73,48115893,279422176.00
20120327,4.80,4.81,4.67,4.68,51317920,300481792.00
20120328,4.65,4.67,4.55,4.58,58710869,335217152.00
20120329,4.54,4.55,4.41,4.43,51336285,286804896.00
20120330,4.44,4.48,4.40,4.46,33516414,186231264.00
20120405,4.47,4.65,4.44,4.61,60243673,342017536.00
20120406,4.59,4.60,4.51,4.56,49146034,278499264.00
20120409,4.53,4.57,4.45,4.45,32894398,184657104.00
20120410,4.44,4.50,4.38,4.50,41847051,231964048.00
20120411,4.44,4.64,4.43,4.58,61538777,348683360.00
20120412,4.57,4.64,4.51,4.61,58012397,330258976.00
20120413,4.63,4.64,4.56,4.58,43755029,249598896.00
20120416,4.55,4.60,4.52,4.58,31626933,179493072.00
20120417,4.57,4.58,4.48,4.49,34807168,196197536.00
20120418,4.51,4.70,4.49,4.67,77249921,441786464.00
20120419,4.65,4.67,4.61,4.63,33721709,193806704.00
20120420,4.62,4.81,4.61,4.79,83430433,488388096.00
20120423,4.75,4.91,4.75,4.79,70004689,415362752.00
20120424,4.76,4.94,4.71,4.92,89167249,531048768.00
20120425,4.89,4.97,4.82,4.91,63331251,380286848.00
20120426,4.85,4.87,4.73,4.76,59344943,350114240.00
20120427,4.74,4.82,4.72,4.78,30633257,180140288.00
20120502,4.84,4.84,4.76,4.78,46054103,272106368.00
20120503,4.76,4.77,4.68,4.72,37374492,217933376.00
20120504,4.69,4.75,4.68,4.74,29402968,171064256.00
20120507,4.70,4.71,4.66,4.70,27209996,157626176.00
20120508,4.70,4.77,4.68,4.76,37002261,216332112.00
20120509,4.74,4.76,4.65,4.66,32910124,191673344.00
20120510,4.66,4.69,4.56,4.58,30573586,174969712.00
20120511,4.58,4.60,4.53,4.55,23541043,133527480.00
20120514,4.59,4.60,4.51,4.52,25169200,142728880.00
20120515,4.50,4.51,4.44,4.48,25617891,142980880.00
20120516,4.48,4.51,4.45,4.45,16902287,94567304.00
20120517,4.47,4.54,4.44,4.52,20500419,114953064.00
20120518,4.48,4.49,4.39,4.42,28815086,159773072.00
20120521,4.42,4.51,4.42,4.44,16998791,94649016.00
20120522,4.47,4.56,4.46,4.55,33817146,190056272.00
20120523,4.54,4.55,4.43,4.49,26789708,150355872.00
20120524,4.52,4.54,4.43,4.45,21027394,117416840.00
20120525,4.44,4.51,4.40,4.43,20657634,114844592.00
20120528,4.42,4.62,4.41,4.61,49692269,280961600.00
20120529,4.59,4.69,4.57,4.62,65414067,375256960.00
20120530,4.60,4.60,4.51,4.53,38174810,215585328.00
20120531,4.50,4.52,4.44,4.47,18414053,102878752.00
20120601,4.47,4.49,4.42,4.45,21689998,120599056.00
20120604,4.38,4.38,4.17,4.18,50931944,274971648.00
20120605,4.19,4.21,4.04,4.09,37404519,194982576.00
20120607,4.13,4.14,4.03,4.04,30681645,159424288.00
20120608,4.08,4.08,4.02,4.05,28925389,149312384.00
20120611,4.07,4.08,4.01,4.06,49046548,253049504.00
20120612,4.01,4.04,3.93,3.95,42258509,215490080.00
20120613,3.96,4.01,3.95,3.99,46763855,238326864.00
20120614,3.97,3.98,3.89,3.91,39881499,200933920.00
20120615,3.92,3.98,3.89,3.97,29873615,150263536.00
20120618,3.97,3.98,3.94,3.95,18776703,95217424.00
20120619,3.96,3.96,3.88,3.90,27132602,136239184.00
20120620,3.91,3.92,3.84,3.89,30134458,150464272.00
20120621,3.88,3.88,3.80,3.81,21979225,108567288.00
20120625,3.79,3.81,3.76,3.76,15599261,76300312.00
20120626,3.74,3.76,3.69,3.72,19302617,93226056.00
20120627,3.71,3.74,3.68,3.72,24857910,119763448.00
20120628,3.72,3.73,3.63,3.64,15883816,76170832.00
20120629,3.62,3.71,3.61,3.70,20891859,99966672.00
20120702,3.72,3.74,3.67,3.73,19302582,92848480.00
20120703,3.72,3.75,3.69,3.70,16710399,80711456.00
20120704,3.71,3.73,3.68,3.72,13040240,62814932.00
20120705,3.70,3.71,3.64,3.71,16064628,76835472.00
20120706,3.72,3.74,3.67,3.73,21858590,105278632.00
20120709,3.71,3.71,3.58,3.63,21201261,101046680.00
20120710,3.61,3.70,3.59,3.63,20702217,98718680.00
20120711,3.63,3.73,3.63,3.73,19943910,95945648.00
20120712,3.72,3.75,3.70,3.72,17142551,82831592.00
20120713,3.71,3.73,3.69,3.70,10513693,50636684.00
20120716,3.69,3.70,3.54,3.54,23637128,111318416.00
20120717,3.54,3.57,3.50,3.52,27585609,128113984.00
20120718,3.52,3.67,3.50,3.66,37966316,178300576.00
20120719,3.64,3.76,3.64,3.71,34513080,166300144.00
20120720,3.72,3.73,3.63,3.68,14556407,69796520.00
20120723,3.64,3.67,3.60,3.61,10927729,51739000.00
20120724,3.60,3.66,3.58,3.64,10202366,48228264.00
20120725,3.61,3.67,3.58,3.63,16260521,77023736.00
20120726,3.61,3.72,3.59,3.67,24242216,115547608.00
20120727,3.68,3.68,3.62,3.64,12226501,55975704.00
20120730,3.66,3.67,3.61,3.62,11875213,54215844.00
20120731,3.61,3.64,3.56,3.57,15083825,68152456.00
20120801,3.57,3.67,3.55,3.66,17386562,79315872.00
20120802,3.65,3.74,3.62,3.73,21054788,96919192.00
20120803,3.71,3.75,3.69,3.74,18448132,85948696.00
20120806,3.71,3.77,3.70,3.74,28809896,134776160.00
20120807,3.74,3.75,3.71,3.74,13736212,63985136.00
20120808,3.73,3.75,3.71,3.72,9055196,42197060.00
20120809,3.72,3.77,3.70,3.75,14881214,69378632.00
20120810,3.75,3.78,3.73,3.75,14567789,68292120.00
20120813,3.75,3.76,3.65,3.66,14113738,65237720.00
20120814,3.66,3.68,3.60,3.67,12006558,54971744.00
20120815,3.66,3.68,3.63,3.64,7423246,33965208.00
20120816,3.64,3.67,3.63,3.66,5564643,25518120.00
20120817,3.66,3.74,3.65,3.72,11691243,54057212.00
20120820,3.69,3.69,3.65,3.67,4960104,22809012.00
20120821,3.67,3.70,3.66,3.69,8011640,36985200.00
20120822,3.67,3.69,3.60,3.62,9682762,44248524.00
20120823,3.62,3.66,3.61,3.64,10227573,46721184.00
20120824,3.63,3.64,3.59,3.61,9169300,41618076.00
20120827,3.58,3.58,3.50,3.51,12558054,56071420.00
20120828,3.50,3.56,3.45,3.54,13458904,59671488.00
20120829,3.52,3.52,3.43,3.44,19467351,85532160.00
20120830,3.44,3.46,3.38,3.40,14507540,62911268.00
20120831,3.39,3.41,3.34,3.34,11921719,51217392.00
20120903,3.34,3.38,3.32,3.34,14121001,60452732.00
20120904,3.35,3.36,3.17,3.18,31616753,131919704.00
20120905,3.16,3.21,3.13,3.19,18027438,74086072.00
20120906,3.21,3.24,3.21,3.23,13090890,54372064.00
20120907,3.30,3.57,3.30,3.54,61793304,271166880.00
20120910,3.52,3.61,3.48,3.56,42760621,192295120.00
20120911,3.54,3.54,3.45,3.48,19867170,87456808.00
20120912,3.48,3.53,3.43,3.49,13569203,59673160.00
20120913,3.49,3.49,3.39,3.40,15474354,67521280.00
20120914,3.43,3.44,3.32,3.39,20643710,89026600.00
20120917,3.39,3.43,3.31,3.33,18490948,79680232.00
20120918,3.31,3.37,3.28,3.33,9945042,42361588.00
20120919,3.32,3.37,3.32,3.33,9696935,41408032.00
20120920,3.32,3.34,3.21,3.23,14840089,62059432.00
20120921,3.22,3.27,3.20,3.23,12197603,50786304.00
20120924,3.20,3.23,3.19,3.21,11382947,47156824.00
20120925,3.20,3.22,3.13,3.14,12976855,53150744.00
20120926,3.15,3.15,3.06,3.07,11860729,47796552.00
20120927,3.07,3.20,3.06,3.14,18644661,75956368.00
20120928,3.12,3.23,3.11,3.22,14236521,58514212.00
20121008,3.22,3.25,3.20,3.21,17535924,72836456.00
20121009,3.21,3.32,3.21,3.30,18698661,78681952.00
20121010,3.28,3.33,3.25,3.30,14062151,59358060.00
20121011,3.29,3.42,3.27,3.33,21813252,93255968.00
20121012,3.35,3.42,3.34,3.40,29209164,125861928.00
20121015,3.39,3.43,3.35,3.41,19992370,86476160.00
20121016,3.44,3.45,3.38,3.39,13367995,58101976.00
20121017,3.40,3.56,3.39,3.53,34836851,154062064.00
20121018,3.53,3.68,3.52,3.65,49857196,226397856.00
20121019,3.66,3.74,3.65,3.67,34046787,157702032.00
20121022,3.65,3.70,3.64,3.70,16609385,76452696.00
20121023,3.70,3.71,3.62,3.64,13247439,60765736.00
20121024,3.62,3.62,3.57,3.62,16883575,76420032.00
20121025,3.61,3.72,3.59,3.60,12638772,57966820.00
20121026,3.60,3.62,3.47,3.48,12783112,57001572.00
20121029,3.49,3.52,3.45,3.48,7210422,31809968.00
20121030,3.50,3.55,3.47,3.54,11727352,52241784.00
20121031,3.52,3.62,3.51,3.61,12469954,56168140.00
20121101,3.61,3.69,3.61,3.66,18038560,82913840.00
20121102,3.67,3.78,3.64,3.78,30143590,140601984.00
20121105,3.77,3.81,3.73,3.77,19889982,93412472.00
20121106,3.77,3.77,3.66,3.70,12833966,59330028.00
20121107,3.72,3.74,3.66,3.69,9780732,45250844.00
20121108,3.66,3.68,3.59,3.60,12752247,58190780.00
20121109,3.59,3.64,3.57,3.61,7746793,35090352.00
20121112,3.59,3.68,3.59,3.66,12661369,57895332.00
20121113,3.66,3.66,3.47,3.52,22077418,98287832.00
20121114,3.52,3.54,3.48,3.51,6837478,30301804.00
20121115,3.47,3.51,3.41,3.42,6867776,30218956.00
20121116,3.40,3.43,3.38,3.42,7611629,32951610.00
20121119,3.41,3.42,3.36,3.37,8255537,35644708.00
20121120,3.40,3.44,3.36,3.41,21192952,91714912.00
20121121,3.41,3.46,3.36,3.45,10902171,47265596.00
20121122,3.43,3.44,3.37,3.39,7797774,33772928.00
20121123,3.39,3.45,3.39,3.42,7164489,31219108.00
20121126,3.42,3.46,3.39,3.43,7662110,33370722.00
20121127,3.42,3.43,3.35,3.36,9539055,41091804.00
20121128,3.34,3.35,3.21,3.26,13882445,58301544.00
20121129,3.26,3.33,3.26,3.28,8847599,37443080.00
20121130,3.28,3.42,3.27,3.41,14037564,60435608.00
20121203,3.41,3.84,3.38,3.64,75558042,345332256.00
20121204,3.62,3.74,3.59,3.70,43082395,198881152.00
20121205,3.67,4.00,3.65,3.92,74420414,356136832.00
20121206,3.92,3.97,3.82,3.90,48304930,233782384.00
20121207,3.88,4.02,3.85,3.95,44346127,216298256.00
20121210,3.95,4.03,3.90,3.98,36133929,176919728.00
20121211,3.97,3.97,3.81,3.83,28501792,136900256.00
20121212,3.84,3.90,3.80,3.88,16564600,79383040.00
20121213,3.86,3.91,3.83,3.86,12517598,60111884.00
20121214,3.88,4.09,3.82,4.07,47434921,233950992.00
20121217,4.07,4.30,4.05,4.23,70832204,364304544.00
20121218,4.22,4.27,4.14,4.17,31722927,163359456.00
20121219,4.15,4.21,4.13,4.14,21633389,110367272.00
20121220,4.15,4.19,4.12,4.19,16457208,83749648.00
20121221,4.19,4.27,4.09,4.11,25593266,130345216.00
20121224,4.09,4.14,4.08,4.14,16721065,84302328.00
20121225,4.12,4.29,4.09,4.27,29886402,154011360.00
20121226,4.25,4.29,4.18,4.21,32922803,169527184.00
20121227,4.23,4.25,4.15,4.18,25828783,132706264.00
20121228,4.18,4.26,4.16,4.25,24148437,124029536.00
20121231,4.25,4.40,4.19,4.37,38090932,198835904.00
20130104,4.37,4.57,4.36,4.47,42447678,228524528.00
20130107,4.47,4.51,4.38,4.46,19837274,106631312.00
20130108,4.45,4.45,4.35,4.38,22462586,119454096.00
20130109,4.36,4.42,4.17,4.27,31133362,163074224.00
20130110,4.25,4.30,4.20,4.23,24955856,129089592.00
20130111,4.25,4.28,4.08,4.11,21948640,112315240.00
20130114,4.09,4.30,4.08,4.26,23857493,122740952.00
20130115,4.26,4.32,4.22,4.26,27879818,144411920.00
20130116,4.25,4.25,4.09,4.15,31259070,158916992.00
20130117,4.14,4.15,4.05,4.07,15917138,80023784.00
20130118,4.12,4.20,4.09,4.17,23851411,121099744.00
20130121,4.18,4.38,4.18,4.36,39816645,208224944.00
20130122,4.37,4.37,4.26,4.30,23907875,125167568.00
20130123,4.28,4.39,4.26,4.31,30356831,159420144.00
20130124,4.30,4.40,4.20,4.23,32649537,170981200.00
20130125,4.24,4.27,4.10,4.12,18743986,95223592.00
20130128,4.15,4.31,4.12,4.30,23156113,119382112.00
20130129,4.30,4.37,4.24,4.33,24435022,127688824.00
20130130,4.26,4.32,4.25,4.29,17970545,93559688.00
20130131,4.31,4.42,4.27,4.36,46554933,245067728.00
20130201,4.36,4.48,4.32,4.40,56616589,302138272.00
20130204,4.43,4.46,4.34,4.36,31106912,165887408.00
20130205,4.33,4.86,4.26,4.65,84088106,461319584.00
20130206,4.60,4.64,4.49,4.53,36041104,198057600.00
20130207,4.51,4.58,4.43,4.50,27162712,147630768.00
20130208,4.51,4.59,4.45,4.54,26164099,142758800.00
20130218,4.55,4.57,4.43,4.46,20449223,110697568.00
20130219,4.47,4.50,4.27,4.32,29380701,155381696.00
20130220,4.32,4.34,4.26,4.33,19587062,102462048.00
20130221,4.30,4.30,4.10,4.15,26996605,137870496.00
20130222,4.15,4.16,4.10,4.12,14207813,71872968.00
20130225,4.16,4.17,4.12,4.14,10500240,53313024.00
20130226,4.11,4.14,3.97,3.99,28082851,140293440.00
20130227,4.00,4.03,3.89,3.94,34199676,166518192.00
20130228,3.97,4.06,3.94,4.06,34728214,171357088.00
20130301,4.05,4.08,3.97,4.03,19285348,95481960.00
20130304,3.99,3.99,3.82,3.85,43103948,206823664.00
20130305,3.85,3.93,3.84,3.90,20158987,97041728.00
20130306,3.93,3.99,3.89,3.94,22374656,109243256.00
20130307,3.93,3.97,3.85,3.91,23785521,114864352.00
20130308,3.90,3.95,3.89,3.94,16187050,78455512.00
20130311,3.96,4.03,3.94,3.96,21705880,106701184.00
20130312,3.95,3.98,3.80,3.86,20950104,101061856.00
20130313,3.85,3.85,3.76,3.77,12301538,58084468.00
20130314,3.74,3.80,3.73,3.78,7237674,33998028.00
20130315,3.78,3.86,3.72,3.83,17175782,81443240.00
20130318,3.80,3.80,3.71,3.73,12088603,56416272.00
20130319,3.76,3.76,3.68,3.73,9308723,43272664.00
20130320,3.73,3.84,3.72,3.83,20866545,98610016.00
20130321,3.83,3.84,3.78,3.80,18734783,88743048.00
20130322,3.80,3.81,3.75,3.78,15690055,73886368.00
20130325,3.81,3.83,3.77,3.83,15260150,72231848.00
20130326,3.81,3.82,3.71,3.76,27545503,128826776.00
20130327,3.82,4.02,3.81,4.00,72025539,350751904.00
20130328,3.95,4.11,3.90,4.06,83069294,410808768.00
20130329,4.06,4.20,4.03,4.07,47139031,237917296.00
20130401,4.04,4.12,4.01,4.02,16516476,82362072.00
20130402,4.05,4.17,4.05,4.08,27667897,139409488.00
20130403,4.12,4.13,4.01,4.06,17794483,88542192.00
20130408,3.99,4.09,3.94,4.07,19230623,95436232.00
20130409,4.08,4.11,4.04,4.09,21694750,108456392.00
20130410,4.08,4.13,4.03,4.12,17037228,85296264.00
20130411,4.15,4.27,4.14,4.21,36125556,186004128.00
20130412,4.23,4.23,4.06,4.08,23698257,119845256.00
20130415,4.06,4.09,3.99,4.09,18536330,92063496.00
20130416,4.05,4.13,4.02,4.13,14327568,71635736.00
20130417,4.13,4.13,4.03,4.06,12308353,61542352.00
20130418,4.04,4.13,4.01,4.12,18334569,92111720.00
20130419,4.11,4.22,4.11,4.21,24759739,126522464.00
20130422,4.18,4.26,4.17,4.22,17341265,89241384.00
20130423,4.19,4.20,4.03,4.05,23536485,118374080.00
20130424,4.06,4.15,4.05,4.12,16785820,84484448.00
20130425,4.10,4.13,4.05,4.09,13141190,65984292.00
20130426,4.09,4.12,4.01,4.02,14420437,71701408.00
20130502,3.99,4.00,3.90,3.93,15602013,76175528.00
20130503,3.95,4.02,3.94,3.98,15475425,76104888.00
20130506,3.99,4.08,3.99,4.07,13320939,66294004.00
20130507,4.05,4.12,4.04,4.09,14113854,70870280.00
20130508,4.13,4.16,4.09,4.10,15087083,76166672.00
20130509,4.09,4.15,4.07,4.10,15442387,77801728.00
20130510,4.09,4.15,4.09,4.13,10407979,52638728.00
20130513,4.12,4.14,4.07,4.10,8585752,43265628.00
20130514,4.09,4.11,3.99,4.01,11891980,58985460.00
20130515,3.99,4.02,3.97,4.01,8669948,42710148.00
20130516,3.99,4.05,3.97,4.04,8968363,44398632.00
20130517,4.04,4.17,4.03,4.15,17142004,86457280.00
20130520,4.16,4.17,4.12,4.14,21552360,109300504.00
20130521,4.14,4.15,4.10,4.13,12688925,64148416.00
20130522,4.14,4.20,4.09,4.16,22179023,112518816.00
20130523,4.15,4.15,4.06,4.07,12399603,62443608.00
20130524,4.08,4.12,4.07,4.10,9384932,47205908.00
20130527,4.10,4.12,4.06,4.07,17998023,90205176.00
20130528,4.07,4.14,4.05,4.14,14198505,71241096.00
20130529,4.14,4.18,4.13,4.14,18244631,92734696.00
20130530,4.14,4.14,4.06,4.10,26317131,132025160.00
20130531,4.09,4.12,4.03,4.04,18078800,90357544.00
20130603,4.05,4.06,3.99,4.01,21686530,107541624.00
20130604,4.01,4.01,3.92,3.94,18798647,91892632.00
20130605,3.93,3.96,3.90,3.92,8314748,40359740.00
20130606,3.91,3.93,3.80,3.82,16529946,79148880.00
20130607,3.82,3.84,3.72,3.74,13131986,61786748.00
20130613,3.71,3.71,3.52,3.61,14798219,67105264.00
20130614,3.61,3.66,3.59,3.65,11648960,52985964.00
20130617,3.63,3.65,3.59,3.62,7083646,32242466.00
20130618,3.63,3.64,3.58,3.60,10806846,49036480.00
20130619,3.58,3.59,3.44,3.50,17416705,77058640.00
20130620,3.47,3.49,3.34,3.37,15425832,66995888.00
20130621,3.33,3.40,3.27,3.35,18645529,79787080.00
20130624,3.33,3.33,3.09,3.13,19042699,78973584.00
20130625,3.10,3.14,2.92,3.07,36233724,143307952.00
20130626,3.06,3.11,2.95,3.03,22036596,87440000.00
20130627,3.04,3.14,3.04,3.07,24601660,98743456.00
20130628,3.07,3.15,3.05,3.12,24946548,101045456.00
20130701,3.12,3.18,3.10,3.17,17961692,73139352.00
20130702,3.17,3.19,3.10,3.14,12442665,50602132.00
20130703,3.13,3.14,2.99,3.02,21875277,86643064.00
20130704,2.98,3.08,2.95,3.05,24892822,98384672.00
20130705,3.05,3.08,3.03,3.04,11769984,46903808.00
20130708,3.00,3.00,2.89,2.90,14959922,57677104.00
20130709,2.91,2.93,2.88,2.90,7928742,30395378.00
20130710,2.90,2.99,2.90,2.98,16066270,62260092.00
20130711,2.98,3.19,2.98,3.14,39904458,161068320.00
20130712,3.14,3.26,3.12,3.12,30790205,126474280.00
20130715,3.14,3.19,3.10,3.12,18054485,73508000.00
20130716,3.12,3.14,3.05,3.13,25630456,103221000.00
20130717,3.12,3.14,3.06,3.08,16803459,67804816.00
20130718,3.07,3.09,2.98,3.00,19862829,78754088.00
20130719,3.01,3.02,2.90,2.91,21238715,82791496.00
20130722,2.89,2.93,2.87,2.91,12118191,46420624.00
20130723,2.93,3.05,2.91,3.04,19269650,75974064.00
20130724,3.02,3.09,2.98,3.06,21122774,83963024.00
20130725,3.10,3.17,3.05,3.05,24162349,97753200.00
20130726,3.03,3.10,3.02,3.07,12282323,49149808.00
20130729,3.05,3.05,2.95,2.97,13291833,52070252.00
20130730,2.98,3.05,2.97,3.00,8753605,34480236.00
20130731,3.03,3.06,3.00,3.01,7759726,30726190.00
20130801,3.04,3.12,3.03,3.11,15376422,61784368.00
20130802,3.14,3.17,3.11,3.13,13463010,54711936.00
20130805,3.14,3.16,3.11,3.14,10055654,40918304.00
20130806,3.12,3.16,3.10,3.14,10669430,43274020.00
20130807,3.13,3.17,3.11,3.13,12075099,49166128.00
20130808,3.12,3.13,3.08,3.11,10035120,40521084.00
20130809,3.13,3.14,3.08,3.13,9117622,36824760.00
20130812,3.14,3.22,3.10,3.21,34810620,143002512.00
20130813,3.21,3.25,3.21,3.24,26492652,110126776.00
20130814,3.25,3.28,3.19,3.20,15941464,66421952.00
20130815,3.20,3.29,3.20,3.26,30203917,126635560.00
20130816,3.25,3.68,3.20,3.24,35294700,150265168.00
20130819,3.22,3.29,3.21,3.28,10639199,44539288.00
20130820,3.28,3.32,3.24,3.28,16131214,67872504.00
20130821,3.30,3.31,3.26,3.28,9485427,38207856.00
20130822,3.27,3.31,3.25,3.25,10848789,43657300.00
20130823,3.27,3.29,3.19,3.24,9920638,39614860.00
20130826,3.25,3.33,3.25,3.31,9951913,40139672.00
20130827,3.32,3.33,3.27,3.30,11855207,47835604.00
20130828,3.28,3.29,3.22,3.25,27615458,110144272.00
20130829,3.26,3.26,3.22,3.25,21915486,87217584.00
20130830,3.25,3.31,3.23,3.26,27076427,108275856.00
20130902,3.28,3.33,3.25,3.31,26191617,105480280.00
20130903,3.31,3.34,3.29,3.33,24744504,100469632.00
20130904,3.33,3.34,3.29,3.31,16627133,67390240.00
20130905,3.32,3.32,3.27,3.30,11913006,48107964.00
20130906,3.29,3.33,3.27,3.30,19331022,78110768.00
20130909,3.31,3.46,3.30,3.45,44281661,183374976.00
20130910,3.46,3.57,3.42,3.54,44852682,190771040.00
20130911,3.61,3.85,3.60,3.72,75358045,336169760.00
20130912,3.71,3.76,3.62,3.74,37013767,164337664.00
20130913,3.71,3.74,3.62,3.65,24231657,106754528.00
20130916,3.67,3.70,3.57,3.58,21726431,94552536.00
20130917,3.61,3.64,3.48,3.49,18757107,80539208.00
20130918,3.49,3.51,3.45,3.49,18803076,79313752.00
20130923,3.51,3.54,3.48,3.53,16834150,71517648.00
20130924,3.51,3.51,3.42,3.44,17901006,75165520.00
20130925,3.43,3.45,3.38,3.40,18711668,77788824.00
20130926,3.39,3.40,3.32,3.32,17058765,69633384.00
20130927,3.32,3.34,3.31,3.34,9872896,40140532.00
20130930,3.35,3.40,3.34,3.36,13389215,55033996.00
20131008,3.36,3.41,3.34,3.40,13329340,54944608.00
20131009,3.39,3.42,3.38,3.40,14418915,59621440.00
20131010,3.40,3.41,3.34,3.35,13800770,56821092.00
20131011,3.37,3.43,3.37,3.42,18103232,75066328.00
20131014,3.44,3.57,3.44,3.54,39079652,166674592.00
20131015,3.52,3.53,3.45,3.48,22429039,94827800.00
20131016,3.48,3.48,3.36,3.39,18252490,75705128.00
20131017,3.41,3.46,3.40,3.41,12949510,53935024.00
20131018,3.42,3.43,3.38,3.39,10399945,43071164.00
20131021,3.40,3.44,3.37,3.43,25783451,106917424.00
20131022,3.41,3.46,3.39,3.44,17702241,73773336.00
20131023,3.46,3.50,3.40,3.41,21258661,89069664.00
20131024,3.41,3.42,3.37,3.40,14698063,60796564.00
20131025,3.40,3.41,3.31,3.34,19541541,80191880.00
20131028,3.33,3.35,3.31,3.33,9590713,39006316.00
20131029,3.33,3.39,3.27,3.31,19385761,78846168.00
20131030,3.33,3.44,3.31,3.43,22378877,92276352.00
20131031,3.45,3.46,3.38,3.41,19327661,80308736.00
20131101,3.41,3.45,3.39,3.44,18129735,75461144.00
20131104,3.46,3.47,3.26,3.41,18567926,77299824.00
20131105,3.37,3.45,3.34,3.45,18685504,77259560.00
20131106,3.43,3.46,3.39,3.40,12040705,50196716.00
20131107,3.42,3.49,3.38,3.46,23236280,97361080.00
20131108,3.44,3.46,3.39,3.39,13799159,57410072.00
20131111,3.40,3.43,3.37,3.41,6489127,26867710.00
20131112,3.42,3.45,3.40,3.43,9431182,39326848.00
20131113,3.41,3.42,3.34,3.35,13883217,57020612.00
20131114,3.36,3.36,3.31,3.33,9914444,40333492.00
20131115,3.33,3.43,3.33,3.39,14640653,60563844.00
20131118,3.42,3.51,3.40,3.49,28115285,117862408.00
20131119,3.51,3.53,3.46,3.48,19904048,84262600.00
20131120,3.50,3.51,3.46,3.51,15372962,64954976.00
20131121,3.50,3.50,3.44,3.49,14974003,63069236.00
20131122,3.50,3.50,3.46,3.47,11645458,49102980.00
20131125,3.46,3.48,3.43,3.46,12990540,54512388.00
20131126,3.46,3.47,3.43,3.44,8972521,37585008.00
20131127,3.44,3.50,3.42,3.49,16574045,69803816.00
20131128,3.50,3.55,3.48,3.53,22430127,95514840.00
20131129,3.52,3.55,3.51,3.53,14829363,63329156.00
20131202,3.52,3.63,3.49,3.54,32339472,138843712.00
20131203,3.54,3.61,3.52,3.60,19909821,86032544.00
20131204,3.60,3.73,3.57,3.67,41022126,180940128.00
20131205,3.67,3.68,3.61,3.63,23138467,101355168.00
20131206,3.62,3.64,3.56,3.58,19869206,86027728.00
20131209,3.61,3.63,3.58,3.60,14007323,60849084.00
20131210,3.60,3.66,3.59,3.62,15149858,66092760.00
20131211,3.60,3.62,3.54,3.57,22368947,96650016.00
20131212,3.56,3.59,3.53,3.55,15924086,68478760.00
20131213,3.52,3.57,3.51,3.54,10340867,44290372.00
20131216,3.55,3.55,3.44,3.45,12882127,54504172.00
20131217,3.46,3.48,3.43,3.48,7887068,33099472.00
20131218,3.47,3.49,3.44,3.46,6371977,26816008.00
20131219,3.48,3.48,3.36,3.39,13663980,56775392.00
20131220,3.38,3.40,3.30,3.31,13033127,53202328.00
20131223,3.32,3.34,3.27,3.30,5682451,22989918.00
20131224,3.32,3.34,3.28,3.31,7079020,28703810.00
20131225,3.31,3.33,3.29,3.32,6422372,26062708.00
20131226,3.31,3.33,3.21,3.23,13367039,53482496.00
20131227,3.24,3.31,3.22,3.29,10716017,43059868.00
20131230,3.31,3.34,3.25,3.28,13160392,53033512.00
20131231,3.25,3.31,3.24,3.30,11275826,45318216.00
20140102,3.29,3.31,3.26,3.28,9844549,39570352.00
20140103,3.26,3.28,3.21,3.22,11462794,45489008.00
20140106,3.22,3.22,3.08,3.12,18767010,72508192.00
20140107,3.09,3.16,3.09,3.15,8951883,34654440.00
20140108,3.14,3.17,3.08,3.13,8256615,31988032.00
20140109,3.12,3.14,3.07,3.10,10144056,38977172.00
20140110,3.10,3.14,3.06,3.10,12033884,46022200.00
20140113,3.08,3.11,3.06,3.11,10415033,39784380.00
20140114,3.10,3.14,3.07,3.13,7049788,27114816.00
20140115,3.11,3.12,3.07,3.10,6071484,23272146.00
20140116,3.10,3.11,3.07,3.08,8118368,31104964.00
20140117,3.07,3.10,3.03,3.05,10205065,38779364.00
20140120,3.05,3.06,3.00,3.05,10567512,39757484.00
20140121,3.05,3.09,3.04,3.07,9760918,37183352.00
20140122,3.08,3.16,3.06,3.15,11991239,46334180.00
20140123,3.14,3.15,3.10,3.12,8325621,32099412.00
20140124,3.10,3.15,3.09,3.13,7848354,30324444.00
20140127,3.10,3.11,3.07,3.08,6957469,26597632.00
20140128,3.09,3.11,3.04,3.09,9907237,37797804.00
20140129,3.09,3.12,3.08,3.11,6384725,24509362.00
20140130,3.09,3.09,3.06,3.08,7396639,28195250.00
20140207,3.06,3.09,3.05,3.09,6822079,25983426.00
20140210,3.10,3.17,3.09,3.17,17014831,66011800.00
20140211,3.16,3.20,3.13,3.19,15585140,60920384.00
20140212,3.19,3.24,3.17,3.22,16084229,63486564.00
20140213,3.20,3.22,3.16,3.16,11250009,44185724.00
20140214,3.17,3.21,3.16,3.20,8969231,35197660.00
20140217,3.20,3.23,3.19,3.21,13553329,53506572.00
20140218,3.21,3.21,3.14,3.16,9342229,36575308.00
20140219,3.15,3.22,3.13,3.20,16918136,66260044.00
20140220,3.21,3.25,3.18,3.19,25350017,100314104.00
20140221,3.20,3.20,3.13,3.16,13896422,54291412.00
20140224,3.15,3.16,3.06,3.07,14405965,55275856.00
20140225,3.07,3.09,3.01,3.02,14790451,56161912.00
20140226,3.02,3.04,3.00,3.03,9226355,34706188.00
20140227,3.05,3.07,2.95,2.98,28094070,104940968.00
20140228,2.97,3.00,2.93,2.98,13203093,48947176.00
20140303,2.99,3.03,2.97,3.01,13095419,49016620.00
20140304,2.99,3.01,2.96,3.01,10606635,39568976.00
20140305,3.01,3.01,2.96,2.96,10540247,39233588.00
20140306,2.97,3.01,2.93,3.00,15153057,56238576.00
20140307,2.99,3.01,2.96,2.97,14552025,54206936.00
20140310,2.95,2.95,2.86,2.86,16084501,58613552.00
20140311,2.86,2.88,2.83,2.88,10493151,37765424.00
20140312,2.86,2.89,2.84,2.88,11155707,40233356.00
20140313,2.89,2.94,2.87,2.91,10869414,39632584.00
20140314,2.90,2.90,2.85,2.88,9399786,33988808.00
20140317,2.89,2.91,2.87,2.90,9535084,34617976.00
20140318,2.90,2.91,2.88,2.90,8174596,29708500.00
20140319,2.89,2.89,2.84,2.88,11669032,42040192.00
20140320,2.88,2.92,2.87,2.87,11156225,40559104.00
20140321,2.86,3.00,2.86,2.99,25611294,94295664.00
20140324,3.00,3.13,2.99,3.11,36812620,140260592.00
20140325,3.09,3.15,3.08,3.13,26344016,101546352.00
20140326,3.09,3.10,3.02,3.05,33530289,127433528.00
20140327,3.03,3.06,3.01,3.02,17997611,67896864.00
20140328,3.01,3.05,3.00,3.02,13907697,52413248.00
20140331,3.03,3.05,3.01,3.02,11617281,43759184.00
20140401,3.02,3.05,3.00,3.03,14209347,53472816.00
20140402,3.04,3.08,3.02,3.07,24701885,93653344.00
20140403,3.10,3.13,3.01,3.03,28604906,109068264.00
20140404,3.02,3.05,3.01,3.04,10943735,41286684.00
20140408,3.03,3.12,3.03,3.11,23863998,91185576.00
20140409,3.13,3.13,3.09,3.11,15696794,60392612.00
20140410,3.11,3.36,3.08,3.27,97872326,389354656.00
20140411,3.29,3.32,3.21,3.22,60859017,243376624.00
20140414,3.21,3.23,3.18,3.22,23471244,92513328.00
20140415,3.20,3.20,3.13,3.14,28508546,111201032.00
20140416,3.14,3.16,3.12,3.15,14368462,55799960.00
20140417,3.15,3.17,3.10,3.11,20534782,79284040.00
20140418,3.10,3.11,3.07,3.10,12413730,47541300.00
20140421,3.08,3.11,3.02,3.04,22470120,85494408.00
20140422,3.04,3.05,3.00,3.03,13031455,49030092.00
20140423,3.02,3.04,3.00,3.02,11916897,44775908.00
20140424,3.01,3.05,3.00,3.02,11066413,41655936.00
20140425,3.03,3.04,2.97,2.98,15177105,56842292.00
20140428,2.98,2.98,2.93,2.94,12199871,44990608.00
20140429,2.95,2.97,2.93,2.96,11274286,41647940.00
20140430,2.96,2.98,2.94,2.98,12006448,44430176.00
20140505,2.99,3.00,2.94,2.98,13403201,49669600.00
20140506,2.97,3.00,2.95,2.98,9789398,36398828.00
20140507,2.96,3.01,2.96,2.97,13029117,48511236.00
20140508,2.97,3.01,2.95,2.96,11447682,42560912.00
20140509,2.97,2.98,2.94,2.95,9914418,36691752.00
20140512,2.99,3.07,2.96,3.04,22830149,85759472.00
20140513,3.04,3.05,3.01,3.02,14673908,55258216.00
20140514,3.02,3.04,3.01,3.02,7511017,28255626.00
20140515,3.02,3.03,2.99,2.99,9831355,36855556.00
20140516,2.99,3.01,2.98,2.99,6375255,23816324.00
20140519,2.99,3.01,2.96,2.98,8641430,32080394.00
20140520,2.99,3.01,2.98,2.99,8132093,30372098.00
20140521,2.98,3.02,2.97,3.01,6899391,25779188.00
20140522,3.01,3.04,3.00,3.01,10646369,40083316.00
20140523,3.02,3.04,3.00,3.04,7482704,28122200.00
20140526,3.04,3.05,3.01,3.02,6411182,24164474.00
20140527,3.02,3.03,2.99,2.99,7026574,26339244.00
20140528,3.00,3.02,2.97,3.01,7961381,29757930.00
20140529,3.01,3.02,2.97,2.98,9506121,35502384.00
20140530,2.98,2.99,2.97,2.98,8782518,32659818.00
20140603,2.98,3.00,2.96,2.97,12110625,45031088.00
20140604,2.97,2.97,2.92,2.94,12266558,45097016.00
20140605,2.94,2.96,2.92,2.96,7524417,27707488.00
20140606,2.96,2.97,2.93,2.95,9613177,35461488.00
20140609,2.94,2.97,2.92,2.95,9782767,36073528.00
20140610,2.95,2.98,2.94,2.98,6566165,24328786.00
20140611,2.97,2.98,2.95,2.96,7621769,28201182.00
20140612,2.97,2.98,2.95,2.98,9102242,33762524.00
20140613,2.97,3.02,2.96,3.00,12268153,45832104.00
20140616,3.00,3.03,2.99,3.02,11581956,43482720.00
20140617,3.02,3.03,2.99,3.00,9514106,35622676.00
20140618,3.00,3.00,2.97,2.98,10301212,38367356.00
20140619,2.98,2.99,2.93,2.93,13923238,51393024.00
20140620,2.94,2.96,2.93,2.96,7641020,28143596.00
20140623,2.96,2.96,2.93,2.94,11253776,41488712.00
20140624,2.94,2.97,2.94,2.96,6018442,22237646.00
20140625,2.96,2.96,2.94,2.94,4667173,17200154.00
20140626,2.96,2.99,2.95,2.97,9805936,36416512.00
20140627,2.97,3.00,2.96,2.99,9614228,35800808.00
20140630,2.99,3.03,2.98,3.02,16167071,60691928.00
20140701,3.02,3.03,2.99,3.01,13880005,51996280.00
20140702,3.01,3.02,2.99,3.02,14897690,53126844.00
20140703,3.02,3.03,3.00,3.02,13823937,49429688.00
20140704,3.02,3.04,3.01,3.03,13311985,47692312.00
20140707,3.03,3.04,3.02,3.02,11125170,39905632.00
20140708,3.03,3.04,3.01,3.04,10131765,36363960.00
20140709,3.03,3.04,2.99,3.01,10352314,37007980.00
20140710,3.00,3.04,3.00,3.02,14678788,52570888.00
20140711,3.02,3.07,3.02,3.05,16929798,61061948.00
20140714,3.06,3.10,3.04,3.09,14782626,53674032.00
20140715,3.09,3.12,3.08,3.11,17474126,63900232.00
20140716,3.11,3.20,3.10,3.16,37114032,138162816.00
20140717,3.15,3.19,3.11,3.13,20386288,75495584.00
20140718,3.13,3.17,3.11,3.16,18624623,69085848.00
20140721,3.15,3.16,3.12,3.14,11845164,43862000.00
20140722,3.13,3.19,3.12,3.17,21063997,78522376.00
20140723,3.17,3.24,3.16,3.21,40045391,151166160.00
20140724,3.22,3.28,3.22,3.25,35885604,136943184.00
20140725,3.26,3.29,3.24,3.28,19713234,75386272.00
20140728,3.31,3.42,3.29,3.41,59147046,232784608.00
20140729,3.41,3.42,3.37,3.39,25200793,99594648.00
20140730,3.38,3.41,3.35,3.35,23524302,92619520.00
20140731,3.37,3.40,3.35,3.39,15731840,61912908.00
20140801,3.38,3.46,3.37,3.38,36829050,146306544.00
20140804,3.39,3.45,3.39,3.44,23823080,94811592.00
20140805,3.44,3.46,3.41,3.43,19644485,78467616.00
20140806,3.43,3.45,3.38,3.43,25831711,102583976.00
20140807,3.43,3.44,3.33,3.34,34445101,135613248.00
20140808,3.35,3.39,3.34,3.36,21897712,85884456.00
20140811,3.36,3.42,3.36,3.42,22478329,88930328.00
20140812,3.42,3.42,3.38,3.41,29125425,115359408.00
20140813,3.46,3.57,3.45,3.54,119833839,489556384.00
20140814,3.52,3.67,3.50,3.60,81839022,341162112.00
20140815,3.59,3.62,3.56,3.61,32749952,136151760.00
20140818,3.63,3.64,3.58,3.61,26273205,109419136.00
20140819,3.61,3.61,3.53,3.57,39518697,163019792.00
20140820,3.57,3.57,3.53,3.56,19664241,80892648.00
20140821,3.57,3.57,3.48,3.53,32462627,132301192.00
20140822,3.50,3.53,3.50,3.52,19832179,80747400.00
20140825,3.51,3.53,3.48,3.51,15908944,64655748.00
20140826,3.51,3.52,3.47,3.49,17165191,69574648.00
20140827,3.50,3.51,3.47,3.48,15348132,62150328.00
20140828,3.48,3.48,3.40,3.41,24809684,99072936.00
20140829,3.41,3.46,3.40,3.46,22403084,89259184.00
20140901,3.46,3.49,3.45,3.48,20098752,81032024.00
20140902,3.49,3.52,3.47,3.52,24665762,100020704.00
20140903,3.53,3.57,3.52,3.55,35222393,144739904.00
20140904,3.56,3.58,3.54,3.56,23553532,97063280.00
20140905,3.58,3.61,3.57,3.60,32322901,134093104.00
20140909,3.60,3.62,3.58,3.61,30892064,128700544.00
20140910,3.60,3.60,3.56,3.59,24245618,100398760.00
20140911,3.58,3.64,3.57,3.59,35836864,149154336.00
20140912,3.59,3.63,3.54,3.62,36377952,151107888.00
20140915,3.60,3.78,3.60,3.70,77027650,327527008.00
20140916,3.70,4.13,3.68,4.00,218537226,998025472.00
20140917,3.99,4.16,3.85,4.05,134646233,615843776.00
20140918,4.01,4.08,3.90,3.93,87764634,396976064.00
20140919,3.95,4.08,3.90,4.04,94571862,432100544.00
20140922,3.99,4.03,3.94,3.96,54835031,248662848.00
20140923,3.96,3.99,3.89,3.97,56343662,253703184.00
20140924,3.98,4.32,3.96,4.16,120907890,571196096.00
20140925,4.16,4.28,4.10,4.17,85937103,408393568.00
20140926,4.13,4.20,4.08,4.13,35098240,164789712.00
20140929,4.19,4.29,4.15,4.21,59681224,284251008.00
20140930,4.27,4.28,4.15,4.18,45992332,218384464.00
20141008,4.18,4.19,4.11,4.17,45945704,216398064.00
20141009,4.16,4.32,4.14,4.26,91337179,438517632.00
20141010,4.22,4.24,4.13,4.16,69581243,330012480.00
20141013,4.13,4.13,4.01,4.06,51430791,237276736.00
20141014,4.06,4.13,4.04,4.09,41109583,190952192.00
20141015,4.07,4.12,4.00,4.09,38523952,178129104.00
20141016,4.05,4.29,4.04,4.14,114993592,546984256.00
20141017,4.11,4.16,3.94,4.06,56497409,260572432.00
20141020,4.08,4.09,4.02,4.07,27113369,125107664.00
20141021,4.05,4.11,4.03,4.03,26496794,122389560.00
20141022,4.04,4.06,3.94,3.97,30614648,139855888.00
20141023,3.97,4.06,3.95,4.01,42540045,194399872.00
20141024,3.99,4.06,3.92,3.94,26853729,121818120.00
20141027,3.90,3.92,3.80,3.85,33678867,148540608.00
20141028,3.86,4.12,3.85,4.08,64865653,295968000.00
20141029,4.09,4.27,4.05,4.20,122949157,584330240.00
20141030,4.17,4.64,4.16,4.56,159622240,798941952.00
20141031,4.60,4.65,4.42,4.52,115045257,582424000.00
20141103,4.55,5.03,4.55,5.01,281009644,1548909056.00
20141104,5.26,5.57,5.06,5.57,281460034,1671919104.00
20141105,5.93,5.99,5.59,5.62,360124310,2276188160.00
20141106,5.60,6.24,5.40,6.24,380987443,2435499008.00
20141107,6.30,6.48,6.00,6.10,384734519,2609767168.00
20141110,6.19,6.47,6.00,6.42,304018566,2079171200.00
20141111,6.24,6.27,5.81,5.91,222669777,1468825856.00
20141112,5.89,6.00,5.75,5.98,143995237,929349632.00
20141113,5.93,6.25,5.86,5.96,165877971,1092270208.00
20141114,5.82,5.82,5.62,5.75,122942440,771587904.00
20141117,5.72,5.97,5.56,5.76,115920224,734984000.00
20141118,5.75,6.26,5.69,6.03,197159832,1297995136.00
20141119,5.96,6.06,5.83,5.85,110591169,717791296.00
20141120,5.74,5.93,5.71,5.83,79432968,507191488.00
20141121,5.82,6.12,5.74,6.06,129099300,838696576.00
20141124,6.14,6.72,6.03,6.72,226807375,1596764672.00
20141125,6.85,7.12,6.68,6.94,298810550,2223540224.00
20141126,6.94,7.15,6.72,6.92,221882556,1660150016.00
20141127,6.93,6.94,6.59,6.75,173441871,1265778176.00
20141128,6.62,7.29,6.54,7.02,217393296,1607529344.00
20141201,6.87,6.91,6.62,6.65,130453015,954122368.00
20141202,6.65,6.93,6.63,6.75,132502909,968913984.00
20141203,6.75,6.99,6.57,6.70,173499228,1272156032.00
20141204,6.72,6.89,6.61,6.81,155207730,1132959232.00
20141205,6.87,6.87,6.40,6.54,162113079,1159122304.00
20141208,6.59,7.25,6.59,7.25,239367650,1811176960.00
20141209,7.59,8.03,7.29,7.63,386547012,3236257024.00
20141210,8.00,8.45,7.99,8.45,299798949,2660414976.00
20141211,8.98,9.35,8.52,9.35,353738505,3372244224.00
20141212,9.24,10.14,8.62,9.68,313814976,3133626624.00
20141215,9.48,10.70,9.25,10.70,241071541,2594949120.00
20141216,11.09,11.72,10.35,11.22,285244121,3314716672.00
20141217,11.24,11.93,10.91,11.60,235073904,2830500096.00
20141218,11.75,12.77,11.24,12.45,257894742,3222233344.00
20141219,12.44,13.75,12.10,13.75,271591049,3724308992.00
20141222,14.49,15.16,12.33,12.58,365057732,5273850880.00
20141223,12.31,13.39,11.45,12.77,250633174,3261087744.00
20141224,12.41,12.62,11.66,12.00,215054358,2722956544.00
20141225,12.22,13.26,11.94,13.26,253234411,3321617408.00
20141226,13.41,14.22,12.59,13.30,328198477,4575509504.00
20141229,12.85,14.32,12.66,13.71,252739206,3589269504.00
20141230,13.45,13.84,13.12,13.43,136681885,1908240128.00
20141231,13.64,13.88,13.06,13.33,134604091,1884438656.00
20150105,13.51,13.58,12.75,12.98,146639569,1998220928.00
20150106,12.94,13.14,12.30,12.74,162386992,2150245888.00
20150107,12.80,13.82,12.79,13.52,225227552,3146227968.00
20150108,13.32,13.33,12.64,12.72,143132454,1923275008.00
20150109,12.45,14.05,12.44,13.60,430828699,6144227328.00
20150112,13.02,13.42,12.74,13.32,212923463,2893848832.00
20150113,13.33,13.37,12.89,13.00,118572353,1617164928.00
20150114,13.05,13.17,12.13,12.26,156442417,2055666688.00
20150115,12.24,12.79,11.94,12.72,133788680,1735069952.00
20150116,12.62,13.07,12.44,12.64,123902450,1648700544.00
20150119,11.62,12.14,11.32,11.32,138375841,1678352128.00
20150120,11.17,11.82,11.17,11.43,120290507,1451755008.00
20150121,11.54,12.27,11.34,12.12,143089461,1774336640.00
20150122,12.11,12.11,11.64,11.91,107938088,1339159552.00
20150123,11.93,12.78,11.80,12.43,180089252,2345287936.00
20150126,12.24,12.44,12.02,12.37,91493503,1169600128.00
20150127,12.41,13.12,12.22,12.92,216724380,2888806656.00
20150128,12.64,13.08,12.45,12.56,124794176,1656355328.00
20150129,12.24,12.68,12.11,12.19,82601883,1066894912.00
20150130,12.19,12.34,11.49,11.50,102628312,1263251584.00
20150202,10.94,10.94,10.34,10.42,124911424,1395908224.00
20150203,10.47,10.86,10.27,10.79,97729493,1088777472.00
20150204,10.84,11.71,10.64,11.19,130772054,1520935936.00
20150205,11.33,11.33,10.55,10.58,94786304,1092659072.00
20150206,10.53,11.14,10.32,10.77,105749679,1200552192.00
20150209,10.62,11.29,10.44,11.09,98370015,1140107392.00
20150210,11.12,11.73,11.00,11.62,127219999,1529504640.00
20150211,11.46,11.73,11.24,11.40,81787879,981462656.00
20150212,11.34,11.68,11.30,11.34,78613123,945993664.00
20150213,11.42,11.51,11.30,11.36,72568146,869264640.00
20150216,11.36,11.48,11.19,11.38,69078491,822891200.00
20150217,11.37,11.59,11.34,11.44,64628378,776166848.00
20150225,11.54,11.87,11.38,11.77,109176802,1333216768.00
20150226,11.64,13.00,11.49,13.00,328604812,4329959936.00
20150227,13.02,13.55,12.99,13.28,312301845,4328183808.00
20150302,13.56,13.60,12.80,13.05,164654238,2247136512.00
20150303,12.94,14.01,12.79,13.69,247509820,3459381248.00
20150304,13.58,13.58,13.06,13.25,143848389,1992280192.00
20150305,13.02,13.56,12.44,13.09,183238669,2444696064.00
20150306,12.92,12.92,12.34,12.35,111369163,1466680704.00
20150309,11.94,12.53,11.85,12.44,85823159,1100727168.00
20150310,12.38,12.56,12.18,12.29,66288635,854456320.00
20150311,12.27,12.50,12.09,12.12,85572465,1098613760.00
20150312,12.03,12.54,11.86,12.40,111280641,1420075392.00
20150313,12.50,12.94,12.33,12.61,131474093,1733371776.00
20150316,12.63,12.84,12.41,12.75,101838462,1346548992.00
20150317,13.03,13.46,13.03,13.18,195999746,2704572928.00
20150318,13.22,13.58,13.22,13.42,148897028,2075507584.00
20150319,13.44,14.74,13.27,14.55,290033808,4301568512.00
20150320,14.44,14.53,14.13,14.21,210736096,3120249856.00
20150323,14.42,15.12,14.27,14.80,229619174,3504280320.00
20150324,14.79,15.11,13.82,14.83,233287606,3514740736.00
20150325,14.55,14.82,14.15,14.35,169689857,2546445056.00
20150326,14.29,14.63,13.94,14.26,134476841,1998745600.00
20150327,14.54,15.74,14.40,15.74,306434969,4869033984.00
20150330,16.14,17.37,16.04,17.37,215583018,3749965824.00
20150331,18.64,19.16,17.74,17.93,431316208,8170972160.00
20150401,18.28,19.28,17.78,18.12,360787696,6839583744.00
20150402,17.74,17.96,17.50,17.74,208985795,3810171648.00
20150403,17.44,17.54,17.09,17.29,200002886,3564188160.00
20150407,17.65,17.68,17.15,17.45,178337373,3208025856.00
20150408,17.54,19.25,17.32,18.99,452465542,8771054592.00
20150409,18.49,18.63,17.46,18.00,303938238,5615670784.00
20150410,17.99,18.72,17.54,18.64,201188240,3765760256.00
20150413,18.54,20.00,18.24,19.35,290497628,5686737408.00
20150414,19.39,20.60,18.74,20.10,302586192,6216834048.00
20150415,19.86,22.17,19.33,20.50,371166944,8055318016.00
20150416,19.45,21.10,18.72,19.82,245208480,5009857024.00
20150417,20.06,21.86,20.06,21.64,339891631,7368926720.00
20150420,21.79,23.55,20.74,22.81,393129604,9035770880.00
20150421,22.21,22.60,20.47,21.09,285695646,6165108736.00
20150422,21.09,21.85,20.09,21.06,211335538,4563349504.00
20150423,21.02,21.43,20.62,20.88,151396038,3251287808.00
20150424,20.88,22.09,20.53,21.49,204533875,4460338688.00
20150427,21.94,23.34,21.14,22.66,322484380,7288701952.00
20150428,22.14,23.90,21.74,22.05,282446425,6572715520.00
20150429,21.49,21.59,20.44,20.93,171165031,3681598720.00
20150430,20.88,22.14,20.72,21.03,153469877,3384371712.00
20150504,21.14,21.94,21.13,21.33,129369066,2846906368.00
20150505,21.20,21.62,19.32,19.47,141741603,2974119680.00
20150506,19.39,19.85,18.06,18.38,129154521,2490797312.00
20150507,18.07,18.07,16.49,16.49,142215430,2514119936.00
20150508,16.64,17.83,16.64,17.80,168728581,3000182016.00
20150511,17.69,18.54,17.44,18.23,154783411,2879812096.00
20150512,18.24,18.83,17.94,18.56,127568761,2419528704.00
20150513,18.43,18.89,17.86,17.94,123329657,2328605440.00
20150514,17.74,17.84,17.14,17.62,93054497,1676421632.00
20150515,17.59,18.21,17.30,17.68,100303438,1843301760.00
20150518,17.76,18.06,17.34,17.36,81733669,1487416704.00
20150519,17.82,19.15,17.74,19.15,238858207,4605306880.00
20150520,19.14,19.42,18.72,18.87,199235451,3895886080.00
20150521,18.69,18.96,18.42,18.84,104635509,2011785088.00
20150522,19.04,20.17,18.86,19.80,198256373,3991366656.00
20150525,19.94,21.12,19.65,20.82,191280921,3981547264.00
20150526,20.74,21.44,20.03,20.83,187334521,3981920000.00
20150527,20.83,20.96,19.79,19.98,160256537,3331738880.00
20150528,19.94,20.03,17.93,17.97,185729674,3656317696.00
20150529,17.69,18.22,16.50,17.31,136277990,2436901120.00
20150601,17.31,18.13,17.24,18.08,106716878,1951971584.00
20150602,17.94,18.81,17.80,18.44,128821156,2422253568.00
20150603,18.54,19.88,18.45,19.18,164610079,3251200512.00
20150604,19.18,19.43,17.26,18.67,117912504,2241066240.00
20150605,18.76,20.59,18.57,20.38,229058102,4597720064.00
20150608,20.38,20.59,19.24,19.74,192815518,3937839104.00
20150609,19.65,19.66,18.71,18.90,125509956,2457674496.00
20150610,18.55,18.91,18.24,18.67,82807799,1584642944.00
20150611,18.70,18.97,18.34,18.60,74667872,1430534144.00
20150612,18.62,18.74,18.04,18.25,94646678,1787356928.00
20150615,18.24,18.69,18.14,18.20,77385498,1466793984.00
20150616,17.94,17.94,16.44,16.70,104021474,1844682624.00
20150617,16.70,17.40,16.55,17.32,71370491,1248474240.00
20150618,17.24,17.24,15.94,16.08,71503491,1229273344.00
20150619,15.79,15.93,14.42,14.46,83694576,1316221440.00
20150623,14.49,14.93,13.33,14.87,82037181,1229908480.00
20150624,14.91,15.31,14.74,15.17,77504499,1207453952.00
20150625,15.19,15.21,14.07,14.40,74136522,1134400384.00
20150626,14.24,15.90,13.86,15.18,213101557,3337186560.00
20150629,15.44,16.75,14.92,16.75,313771512,5225307136.00
20150630,16.62,17.52,15.05,17.18,279256542,4656165888.00
20150701,16.62,16.89,15.42,15.46,172052231,2875426304.00
20150702,15.30,15.30,13.88,13.88,131713453,1941662336.00
20150703,13.12,13.71,12.45,12.45,106868370,1397610880.00
20150706,13.72,13.72,12.77,13.18,183177792,2479806464.00
20150707,12.92,14.54,12.52,14.54,222754330,3208682496.00
20150708,13.61,15.62,13.05,15.11,307432507,4651205120.00
20150709,14.42,16.66,14.00,16.66,156149889,2548362240.00
20150710,16.57,18.26,16.00,17.97,185390436,3366983168.00
20150713,17.72,18.82,17.42,17.84,187392049,3451666432.00
20150714,17.22,17.55,16.02,16.03,139411000,2376183296.00
20150715,15.62,15.78,14.62,15.73,97377258,1515847296.00
20150716,15.73,16.45,15.73,16.16,99031755,1643036416.00
20150717,16.32,17.02,15.63,16.60,104655083,1764928512.00
20150720,16.22,17.32,16.12,16.93,118414743,2020988544.00
20150721,16.47,17.91,16.28,17.18,143905899,2549948672.00
20150722,16.92,17.18,16.19,16.41,89980218,1526102912.00
20150723,16.37,16.67,16.21,16.48,79966670,1348155136.00
20150724,16.35,16.86,15.92,16.01,77679989,1304098432.00
20150727,15.42,15.76,14.37,14.37,68194633,1054280384.00
20150728,14.06,14.11,12.92,13.60,68707102,954994624.00
20150729,13.81,14.68,13.62,14.59,64639738,940328768.00
20150730,14.52,14.70,13.42,13.74,53890322,791273664.00
20150731,13.62,14.22,13.52,14.08,44505300,640597888.00
20150803,14.12,14.71,13.82,14.67,59263476,882294272.00
20150804,14.61,15.00,14.12,14.92,58598758,879466496.00
20150805,14.78,15.52,14.62,14.73,52289314,806300032.00
20150806,14.29,14.62,14.10,14.16,35684319,523050496.00
20150807,14.22,14.82,14.22,14.46,35277981,525362720.00
20150810,15.19,15.94,14.92,15.94,95741763,1540556160.00
20150811,16.26,16.26,15.44,15.63,95305192,1541785856.00
20150812,15.42,16.34,15.32,15.66,68085466,1099211776.00
20150813,15.52,15.92,15.21,15.71,49459656,790624832.00
20150814,15.87,15.97,15.52,15.58,51163564,825782848.00
20150817,15.52,15.52,14.95,15.32,43385729,676268160.00
20150818,15.42,15.47,13.75,13.75,59885994,893645120.00
20150819,13.52,14.15,13.32,14.07,41291723,587053120.00
20150820,13.93,14.02,13.51,13.55,27524305,388764416.00
20150821,13.55,13.86,12.84,13.01,31364162,430794560.00
20150824,12.58,13.37,11.67,11.75,69478722,860978112.00
20150825,11.14,11.62,10.54,10.54,46226985,528878464.00
20150826,10.66,10.87,9.54,9.63,59284994,629872448.00
20150827,9.83,10.57,9.71,10.54,59106173,620505152.00
20150828,10.77,11.63,10.60,11.63,71555243,827473920.00
20150831,11.57,11.88,10.78,11.82,70149102,819557952.00
20150901,11.42,12.34,10.92,12.33,89047904,1088991744.00
20150902,11.77,13.50,11.67,13.48,118979551,1580418176.00
20150907,13.00,13.77,12.25,12.28,73219186,981521856.00
20150908,12.01,12.42,11.16,12.26,45402009,554514496.00
20150909,12.37,12.80,12.22,12.45,40008864,515773216.00
20150910,12.22,12.60,12.13,12.22,26393961,335210912.00
20150911,12.21,12.39,11.92,12.05,19576777,245509920.00
20150914,12.52,13.22,12.23,12.46,66385868,871641664.00
20150915,12.02,12.09,11.18,11.18,38122666,451826112.00
20150916,10.99,12.27,10.99,11.98,32927864,393224352.00
20150917,12.01,13.19,11.65,12.09,54230473,703528832.00
20150918,12.19,12.52,12.02,12.34,33616276,426066912.00
20150921,12.32,12.72,12.18,12.56,25015601,322147488.00
20150922,12.57,12.84,12.37,12.50,29910653,387940352.00
20150923,12.32,12.72,12.02,12.10,23777959,302596832.00
20150924,12.17,12.42,12.08,12.25,17683696,222970768.00
20150925,12.14,12.44,11.68,11.95,21659577,269396224.00
20150928,12.01,12.12,11.65,11.91,10514156,128755072.00
20150929,11.66,11.74,11.22,11.43,15165745,180310496.00
20150930,11.61,11.82,11.46,11.49,13050236,156713936.00
20151008,11.92,12.08,11.83,11.87,14206112,174610112.00
20151009,11.97,12.04,11.85,11.95,13577522,167394320.00
20151012,11.96,12.71,11.93,12.55,35706891,457926400.00
20151013,12.38,12.52,12.37,12.44,21924730,280731584.00
20151014,12.56,12.74,12.31,12.34,28588862,370189952.00
20151015,12.27,12.61,12.23,12.57,27851274,357438432.00
20151016,12.70,12.90,12.55,12.83,43228768,568543936.00
20151019,12.96,12.97,12.44,12.56,31374789,410100736.00
20151020,12.58,13.85,12.38,13.85,61934890,838400384.00
20151021,14.61,15.27,14.15,14.89,187905192,2861174016.00
20151022,14.32,15.60,14.02,15.04,139104369,2086851456.00
20151023,14.62,15.04,14.42,14.66,82416852,1240371328.00
20151026,14.72,15.61,14.62,14.66,74713094,1150982912.00
20151027,14.32,15.11,14.02,14.83,64433346,958868416.00
20151028,14.67,14.98,13.95,14.04,50459379,749614976.00
20151029,14.12,14.45,13.82,13.91,32822591,474105312.00
20151030,13.81,14.60,13.73,14.04,48837453,717054592.00
20151102,13.68,14.77,13.63,14.07,45520147,661151296.00
20151103,13.97,14.48,13.92,14.16,38465666,559411648.00
20151104,14.02,15.12,14.02,14.89,69822323,1048814016.00
20151105,14.95,16.42,14.74,16.29,192508309,3176272896.00
20151106,15.82,16.39,15.63,16.18,128554865,2103345664.00
20151109,15.94,17.32,15.85,16.20,117671835,1996595840.00
20151110,15.99,16.20,15.62,15.82,69034214,1120444544.00
20151111,15.75,16.59,15.60,15.92,54165598,887753472.00
20151112,15.94,16.06,15.62,15.71,41762298,673375360.00
20151113,15.51,15.92,15.24,15.34,43105305,688354560.00
20151116,15.13,16.01,15.03,15.90,50493099,807048576.00
20151117,16.08,16.47,15.71,15.76,64953009,1072257152.00
20151118,15.77,15.78,15.18,15.28,42050209,666815424.00
20151119,15.38,15.56,15.24,15.53,26138626,412750592.00
20151120,15.56,15.96,15.35,15.48,35565735,569458048.00
20151123,15.48,16.04,15.47,15.88,47002924,759821184.00
20151124,15.88,15.88,15.38,15.67,32018441,510001376.00
20151125,15.52,15.61,15.29,15.47,40675081,641666944.00
20151126,15.65,15.75,15.20,15.23,40335403,635971904.00
20151127,15.12,15.20,13.67,13.74,57807798,852256320.00
20151130,13.72,13.83,12.76,13.34,41009467,559876608.00
20151201,13.22,14.09,13.22,13.71,34010378,475480096.00
20151202,13.73,14.53,13.42,14.34,49756083,720163136.00
20151203,14.16,14.51,13.82,14.20,35650659,520086560.00
20151204,14.02,14.27,13.65,13.76,28016007,400302144.00
20151207,13.75,13.89,13.52,13.71,16925537,238347536.00
20151208,13.62,13.62,13.03,13.06,24164643,330206976.00
20151209,12.98,13.24,12.97,13.10,16531340,222595904.00
20151210,13.16,13.32,12.87,12.93,14689065,197920640.00
20151211,12.95,13.12,12.85,12.91,13341566,177984864.00
20151214,12.82,13.57,12.74,13.49,27356788,373472160.00
20151215,13.49,13.57,13.19,13.25,19694298,269628768.00
20151216,13.24,13.39,13.14,13.25,14771302,201545712.00
20151217,13.32,13.70,13.27,13.46,25151925,348417536.00
20151218,13.48,13.78,13.41,13.48,25900598,362166400.00
20151221,13.52,13.88,13.32,13.77,36416565,513103616.00
20151222,13.78,13.78,13.50,13.61,20242191,282737824.00
20151223,13.68,13.74,13.47,13.50,24895990,348196000.00
20151224,13.48,13.58,13.13,13.32,22289841,305595904.00
20151225,13.31,13.72,13.23,13.59,20563197,284837280.00
20151228,13.56,13.59,12.90,13.06,26506796,361032672.00
20151229,13.00,13.11,12.88,13.09,11890056,158809840.00
20151230,13.13,13.20,12.98,13.10,8893948,119683912.00
20151231,13.02,13.34,13.02,13.03,11806674,160037344.00
20160104,13.07,13.13,11.82,11.87,12318615,158957472.00
20160105,11.42,11.93,11.17,11.73,21678169,260406560.00
20160106,11.67,12.17,11.67,12.10,18387051,226781328.00
20160107,11.82,11.90,10.87,10.94,4580968,53856964.00
20160108,11.22,11.50,10.13,11.11,18763051,215951312.00
20160111,11.02,11.82,10.74,10.91,28261384,331592192.00
20160112,11.07,11.33,10.89,11.25,23041851,265767312.00
20160113,11.35,11.38,10.52,10.60,17514499,199394960.00
20160114,10.20,10.87,10.03,10.83,17833639,195074816.00
20160115,10.72,10.92,10.20,10.25,14994165,163590400.00
20160118,10.02,10.58,9.90,10.36,16644345,178287184.00
20160119,10.36,11.43,10.17,11.43,18321144,209049600.00
20160120,12.47,12.61,12.27,12.42,110707278,1425404288.00
20160121,11.62,12.13,11.34,11.42,76380425,929846912.00
20160122,11.50,12.09,10.97,11.74,65915520,791211840.00
20160125,11.62,11.70,11.37,11.50,39498399,469991008.00
20160126,11.30,11.42,10.31,10.38,40530549,453797312.00
20160127,10.00,10.62,9.82,10.55,34523880,366764224.00
20160128,10.32,10.43,9.75,9.93,23327817,245201344.00
20160129,9.99,10.71,9.83,10.42,30141315,325487328.00
20160201,10.24,10.36,9.92,10.11,18729204,197206784.00
20160202,10.14,10.60,10.14,10.38,17904224,192818608.00
20160203,10.23,10.56,10.06,10.33,16402063,174515136.00
20160204,10.33,10.77,10.33,10.49,20784313,226997008.00
20160205,10.46,10.62,10.36,10.41,15320065,165887472.00
20160215,9.97,10.28,9.97,10.15,12874971,135135120.00
20160216,10.24,10.78,10.20,10.59,25405008,278104896.00
20160217,10.47,11.69,10.47,11.45,63887113,738922176.00
20160218,11.28,11.57,11.13,11.25,33946949,396227968.00
20160219,11.17,11.41,11.01,11.21,21770720,252959904.00
20160222,11.40,11.72,11.22,11.49,30274921,359944640.00
20160223,11.42,11.50,11.12,11.22,17404061,202531200.00
20160224,11.14,11.52,11.00,11.47,25857882,302997568.00
20160225,11.36,11.41,10.29,10.30,32152520,359707328.00
20160226,10.42,10.59,10.12,10.44,17660472,190641152.00
20160229,10.38,10.51,9.66,10.18,19110266,198409424.00
20160301,10.25,10.47,10.08,10.39,13200937,141160512.00
20160302,10.54,11.23,10.42,11.09,32418569,364592032.00
20160303,11.09,11.41,10.96,11.16,27301710,314698688.00
20160304,11.04,11.52,11.00,11.48,49734077,584172096.00
20160307,11.62,12.02,11.20,11.34,32124618,382599104.00
20160308,11.22,11.41,10.66,11.37,23609649,268375952.00
20160309,11.05,11.32,10.87,11.30,18278486,209383568.00
20160310,11.12,11.31,10.85,10.88,10080009,115796992.00
20160311,10.84,11.14,10.73,11.03,9492221,107855840.00
20160314,11.20,11.46,11.12,11.23,16511565,192685040.00
20160315,11.29,11.32,11.02,11.20,15370983,177810944.00
20160316,11.12,11.41,11.12,11.33,28240033,330088512.00
20160317,11.41,11.46,11.14,11.39,18577356,217257680.00
20160318,11.49,11.68,11.36,11.54,36264704,432139200.00
20160321,11.61,12.73,11.61,12.30,70998548,903030592.00
20160322,12.02,12.22,11.86,11.93,41830199,518590240.00
20160323,11.97,12.01,11.75,11.92,19456538,238703360.00
20160324,11.63,12.11,11.63,11.67,22911365,280762080.00
20160325,11.74,11.96,11.68,11.87,14437527,176082048.00
20160328,11.87,12.02,11.60,11.66,18637543,227588240.00
20160329,11.72,11.83,11.38,11.44,18480299,221464384.00
20160330,11.57,11.76,11.43,11.75,17431632,209640448.00
20160331,11.81,11.94,11.73,11.82,18750254,229036896.00
20160401,11.87,11.91,11.55,11.87,17940551,217768096.00
20160405,11.82,12.46,11.77,12.22,37476530,470716928.00
20160406,12.08,12.22,11.97,12.08,15629189,194809232.00
20160407,12.14,12.20,11.81,11.82,13094866,162155488.00
20160408,11.77,11.87,11.66,11.76,10832292,131456184.00
20160411,11.95,12.05,11.88,11.97,12534400,154902064.00
20160412,11.93,11.98,11.77,11.80,9802196,119624328.00
20160413,11.90,12.25,11.87,12.03,21739571,271085152.00
20160414,12.04,12.25,11.94,12.15,15861491,197902512.00
20160415,12.07,12.28,11.96,11.99,14038809,175398368.00
20160418,11.90,11.91,11.68,11.73,11247979,136487216.00
20160419,11.86,11.91,11.62,11.71,11331649,137018768.00
20160420,11.73,11.78,11.05,11.41,24034328,282512576.00
20160421,11.42,11.46,11.22,11.28,10710689,125623528.00
20160422,11.12,11.30,11.12,11.26,7579620,87797616.00
20160425,11.21,11.28,11.04,11.19,9556421,110071992.00
20160426,11.19,11.67,11.13,11.37,11747182,138290352.00
20160427,11.29,11.42,11.21,11.26,6474208,75553256.00
20160428,11.28,11.32,11.02,11.13,6436584,74139616.00
20160429,11.12,11.16,11.00,11.02,7761294,88765664.00
20160503,11.05,11.38,11.00,11.33,12798273,148365296.00
20160504,11.21,11.40,11.17,11.25,11261012,131170312.00
20160505,11.20,11.33,11.16,11.24,8606514,99841376.00
20160506,11.27,11.30,10.65,10.69,15503429,175405280.00
20160509,10.68,10.68,10.32,10.40,10641240,115176680.00
20160510,10.41,10.77,10.35,10.53,11704297,127551176.00
20160511,10.53,11.62,10.33,10.94,22419031,255520208.00
20160512,10.76,10.92,10.55,10.72,14381481,159364256.00
20160513,10.77,11.02,10.67,10.74,11248996,125696096.00
20160516,10.74,10.81,10.56,10.73,10598679,117317288.00
20160517,10.74,10.78,10.57,10.62,9512807,104873192.00
20160518,10.54,10.57,10.32,10.43,10730542,115939512.00
20160519,10.39,10.48,10.33,10.36,9170759,98921312.00
20160520,10.33,10.42,10.26,10.41,7977735,85588656.00
20160523,10.39,10.60,10.31,10.48,16419097,177476896.00
20160524,10.42,10.43,10.31,10.32,7462518,80060720.00
20160525,10.41,10.44,10.21,10.25,7273925,77753376.00
20160526,10.22,10.32,10.04,10.20,7160293,75424008.00
20160527,10.22,10.28,10.12,10.18,5783086,61077036.00
20160530,10.15,10.47,10.13,10.25,12848474,137585904.00
20160531,10.26,10.69,10.19,10.62,22973291,250748416.00
20160601,10.60,10.99,10.54,10.65,17175946,190472448.00
20160602,10.67,10.69,10.54,10.65,11668026,128103160.00
20160603,10.65,10.69,10.50,10.62,13134390,144043328.00
20160606,10.56,10.87,10.56,10.64,11718625,129630080.00
20160607,10.61,10.67,10.54,10.58,6078279,66655736.00
20160608,10.57,10.68,10.49,10.60,8933004,97731904.00
20160613,10.37,10.58,10.00,10.01,16640131,177190960.00
20160614,9.95,10.20,9.95,10.08,6794079,70902952.00
20160615,9.86,10.30,9.86,10.21,11530288,121548280.00
20160616,10.18,10.29,10.09,10.11,9911805,104577512.00
20160617,10.17,10.26,10.02,10.12,8119653,85647960.00
20160620,10.19,10.19,10.09,10.16,6166590,64849524.00
20160621,10.20,10.32,10.04,10.09,12018985,127180432.00
20160622,10.03,10.21,10.00,10.17,7085706,74241880.00
20160623,10.19,10.24,10.05,10.21,9336581,98290376.00
20160624,10.17,10.25,9.72,9.94,13735521,142792320.00
20160627,9.75,10.07,9.75,10.05,10506837,108426384.00
20160628,9.98,10.14,9.94,10.13,11019619,114857408.00
20160629,10.13,10.82,10.08,10.51,34065074,372636320.00
20160630,10.48,10.57,10.30,10.34,13676990,144345584.00
20160701,10.34,10.42,10.29,10.29,8490820,89309448.00
20160704,10.26,10.58,10.23,10.51,17883521,190340032.00
20160705,10.56,10.99,10.53,10.73,29098907,319025216.00
20160706,10.61,10.64,10.48,10.55,15248419,163495856.00
20160707,10.56,10.60,10.47,10.56,11419281,122474104.00
20160708,10.55,10.57,10.45,10.47,9920023,105966536.00
20160711,10.55,10.66,10.45,10.51,13330596,143161792.00
20160712,10.48,10.81,10.48,10.79,22477771,243829248.00
20160713,10.79,11.06,10.77,10.87,27792190,308824768.00
20160714,10.80,10.81,10.66,10.74,12588955,137328448.00
20160715,11.02,11.30,10.77,10.79,26771228,298507104.00
20160718,10.70,10.86,10.57,10.76,16394804,178535808.00
20160719,10.72,10.77,10.59,10.73,11991572,130202688.00
20160720,10.70,10.74,10.62,10.65,7220537,78412968.00
20160721,10.71,10.77,10.64,10.66,10143975,110467568.00
20160722,10.64,10.67,10.50,10.52,8921514,96041824.00
20160725,10.53,10.60,10.49,10.52,5252915,56317892.00
20160726,10.52,10.63,10.51,10.63,6134482,66110544.00
20160727,10.62,10.79,10.26,10.53,17926028,192390208.00
20160728,10.42,10.89,10.42,10.64,16039071,173638064.00
20160729,10.61,10.79,10.55,10.66,14111579,153593104.00
20160801,10.61,10.66,10.39,10.44,9382109,100161680.00
20160802,10.43,10.52,10.40,10.49,8064191,85682488.00
20160803,10.42,10.59,10.39,10.45,6606893,70475968.00
20160804,10.43,10.47,10.37,10.41,5759437,60957060.00
20160805,10.41,10.51,10.39,10.43,7400862,78790160.00
20160808,10.42,10.58,10.37,10.57,9559457,102116728.00
20160809,10.58,11.03,10.54,10.92,42036671,465240576.00
20160810,10.86,11.01,10.80,10.92,18495672,205111472.00
20160811,10.91,11.04,10.72,10.80,12816815,142401824.00
20160812,10.80,11.09,10.78,11.05,15681918,174810096.00
20160815,11.20,11.81,11.15,11.58,50213477,589681216.00
20160816,11.52,12.01,11.50,11.53,39961750,476402272.00
20160817,11.61,12.28,11.61,11.90,37960905,458992032.00
20160818,12.21,12.51,11.64,11.91,51636646,633269312.00
20160819,11.69,12.75,11.68,12.44,53954788,670287808.00
20160822,12.33,12.43,12.01,12.17,30485998,378011296.00
20160823,12.14,12.43,11.92,12.01,18430559,227293936.00
20160824,11.99,12.33,11.98,12.10,18723962,231069088.00
20160825,11.94,12.05,11.68,11.80,14257849,171775872.00
20160826,11.77,11.98,11.63,11.64,18814262,225135376.00
20160829,11.63,12.00,11.63,11.93,16386659,197613552.00
20160830,11.91,11.96,11.71,11.80,10379312,124749632.00
20160831,11.84,11.89,11.66,11.80,7969544,95233240.00
20160901,11.75,11.89,11.63,11.69,16590956,198713360.00
20160902,11.70,11.80,11.59,11.78,14066989,167136880.00
20160905,11.86,11.86,11.39,11.43,24644680,290137504.00
20160906,11.36,11.48,11.17,11.47,18162417,209123792.00
20160907,11.50,11.95,11.46,11.68,35123904,419286080.00
20160908,11.68,11.73,11.49,11.58,11226097,132177968.00
20160909,11.61,11.79,11.52,11.54,14285657,169101792.00
20160912,11.21,11.34,10.94,11.32,32457454,366824832.00
20160913,11.23,11.25,11.09,11.21,9868318,112076064.00
20160914,11.14,11.16,10.94,11.00,10128447,113771000.00
20160919,11.04,11.16,11.03,11.14,8476230,95568128.00
20160920,11.16,11.32,11.09,11.26,12435529,141837616.00
20160921,11.26,11.31,11.16,11.19,9255171,105771392.00
20160922,11.24,11.33,11.15,11.28,16529359,189406208.00
20160923,11.30,11.39,11.17,11.25,12749129,146185120.00
20160926,11.21,11.23,10.81,10.85,14623740,163528976.00
20160927,10.84,10.95,10.71,10.93,11385949,125534472.00
20160928,10.93,10.93,10.78,10.84,5525579,60902852.00
20160929,10.86,10.92,10.82,10.85,5094411,56355684.00
20160930,10.85,10.88,10.75,10.85,6696907,73714504.00
20161010,10.89,11.09,10.89,11.07,11819707,132140952.00
20161011,11.16,11.16,11.01,11.06,9473517,106632824.00
20161012,11.07,11.07,10.95,11.00,6974848,78037376.00
20161013,10.98,11.45,10.89,11.44,28625831,326387360.00
20161014,11.46,11.97,11.31,11.90,59587464,710786944.00
20161017,11.84,12.37,11.67,12.04,54542175,667493376.00
20161018,11.86,13.08,11.79,12.95,74898820,957501952.00
20161019,12.81,13.29,12.76,13.16,49596778,658080256.00
20161020,13.01,13.36,12.91,13.21,34963821,467095488.00
20161021,13.13,14.55,13.09,14.16,62718570,893243264.00
20161024,14.16,14.56,14.10,14.51,50002971,729412992.00
20161025,14.31,14.39,13.81,13.88,54935783,780899712.00
20161026,13.89,14.12,13.63,13.77,43699437,612893248.00
20161027,13.74,13.85,13.51,13.74,29304704,405114496.00
20161028,13.78,13.78,13.15,13.20,32613067,444816032.00
20161031,13.25,13.36,13.12,13.25,16836340,226716256.00
20161101,13.33,13.43,13.21,13.35,19659255,265548048.00
20161102,13.47,13.50,12.86,12.97,25530133,339805856.00
20161103,13.01,14.29,12.97,14.28,86837947,1222468736.00
20161104,14.11,14.51,13.82,13.87,68614181,981136576.00
20161107,13.81,14.24,13.43,13.88,38369625,537744000.00
20161108,13.88,14.31,13.59,13.62,39955786,563611968.00
20161109,13.49,14.28,13.39,13.95,46621878,654693888.00
20161110,14.31,15.36,14.31,14.93,76007774,1156066176.00
20161111,14.61,16.29,14.54,15.31,84481320,1325775360.00
20161114,15.21,16.11,15.21,15.74,64457671,1029165120.00
20161115,15.82,16.16,15.21,15.78,50120681,793744128.00
20161116,15.60,15.96,15.39,15.59,24796829,391744288.00
20161117,15.36,15.95,15.36,15.81,35761858,568519744.00
20161118,15.91,16.06,15.26,15.36,25831633,408826624.00
20161121,15.26,15.97,15.19,15.59,38836471,615181568.00
20161122,15.46,15.77,15.39,15.53,33376546,524943008.00
20161123,15.60,15.62,14.82,15.12,43128295,664604672.00
20161124,15.06,15.22,14.91,15.13,22229844,338805728.00
20161125,15.16,15.46,14.79,15.39,40198521,616915392.00
20161128,15.43,16.76,15.36,16.40,98002908,1588672000.00
20161129,16.09,17.55,15.82,16.66,106740213,1790502528.00
20161130,16.31,16.53,15.71,15.84,65254831,1055153024.00
20161201,15.71,15.99,15.46,15.68,40106907,635121600.00
20161202,15.52,16.00,15.41,15.69,44024619,702072448.00
20161205,15.31,15.38,14.10,14.10,59205401,875358976.00
20161206,14.01,14.34,14.01,14.16,27373970,393287520.00
20161207,14.17,14.35,13.93,14.34,18882766,271313344.00
20161208,14.31,14.31,14.01,14.07,16702429,238868000.00
20161209,14.03,14.73,13.94,14.53,39372661,575127296.00
20161212,14.41,14.86,13.76,14.49,48007989,697537664.00
20161213,14.36,14.78,14.22,14.52,37597281,553543296.00
20161214,14.41,14.51,13.80,13.94,39212310,556434624.00
20161215,13.81,14.10,13.78,13.94,18364035,259195744.00
20161216,13.86,14.08,13.82,14.00,20275329,286987936.00
20161219,13.90,14.07,13.70,13.77,20791262,291836032.00
20161220,13.67,13.90,13.61,13.79,14608295,203596256.00
20161221,13.86,14.44,13.80,14.33,39032537,558931264.00
20161222,14.20,15.06,14.17,14.80,53329004,798072896.00
20161223,14.63,15.17,14.62,14.82,36492376,551794496.00
20161226,14.64,16.32,14.42,16.01,63851021,1001446848.00
20161227,16.08,16.27,15.63,15.83,52797804,850505792.00
20161228,15.68,15.90,15.43,15.60,29641531,467510752.00
20161229,15.58,15.89,15.49,15.53,31430867,498791200.00
20161230,15.46,15.59,14.75,15.00,47040816,717656576.00
20170103,14.94,15.20,14.94,15.10,24754117,378230304.00
20170104,15.05,15.41,14.92,15.26,26223957,404372416.00
20170105,15.21,15.46,14.99,15.23,23918084,367547872.00
20170106,15.24,15.71,15.13,15.42,39215044,615064128.00
20170109,15.22,15.60,15.00,15.56,28403778,440851264.00
20170110,15.49,15.66,15.07,15.12,22185238,344991712.00
20170111,15.14,15.53,14.92,15.24,30936894,476005408.00
20170112,15.10,15.52,15.00,15.22,26241043,407009120.00
20170113,15.13,15.45,14.88,15.24,26062443,400401088.00
20170116,15.22,15.36,14.09,15.32,46775854,703456064.00
20170117,15.01,15.26,14.87,15.09,13375691,204029696.00
20170118,15.17,15.93,15.11,15.57,39924500,631533952.00
20170119,15.41,15.99,15.26,15.76,39687889,633932672.00
20170120,15.77,15.91,15.58,15.91,23319340,372766592.00
20170123,15.92,16.10,15.69,15.84,23703603,380218528.00
20170124,15.84,16.05,15.74,15.86,21917235,352474080.00
20170125,15.81,15.96,15.64,15.71,19341160,308965856.00
20170126,15.75,15.80,15.44,15.65,15355165,242528000.00
20170203,15.63,15.89,15.57,15.68,13567945,216388320.00
20170206,15.77,16.36,15.73,16.18,42544912,694823808.00
20170207,16.09,16.26,15.99,16.20,22052155,359730688.00
20170208,16.24,16.28,16.01,16.18,21029787,344347392.00
20170209,16.17,17.09,16.06,16.78,54277432,917957760.00
20170210,16.86,18.48,16.86,17.70,91879574,1648206080.00
20170213,17.71,18.36,17.42,17.89,56672065,1023052160.00
20170214,17.85,18.60,17.53,18.51,56910453,1038653248.00
20170215,18.39,18.39,17.75,17.93,46577304,851556288.00
20170216,17.93,18.17,17.66,17.88,36139193,653490496.00
20170217,17.87,17.89,17.51,17.68,32849387,586357888.00
20170220,17.61,18.16,17.54,17.93,46807105,844197824.00
20170221,17.91,17.96,17.55,17.61,36992777,661384768.00
20170222,17.60,17.83,17.31,17.68,39754184,706699200.00
20170223,17.65,17.75,17.34,17.52,25222905,446951040.00
20170224,17.44,17.74,17.33,17.73,25504732,453751040.00
20170227,17.73,18.16,17.41,17.45,40094880,722348736.00
20170228,17.46,17.81,17.28,17.79,37151235,657372864.00
20170301,17.83,18.10,17.69,17.80,52277701,947082112.00
20170302,17.87,17.95,17.47,17.51,23670843,422266528.00
20170303,17.35,17.59,16.98,17.18,35944658,626230720.00
20170306,17.19,17.19,16.79,16.95,32599721,557257344.00
20170307,16.91,17.09,16.71,16.97,25936780,443360864.00
20170308,16.91,17.25,16.90,17.11,26293087,455270432.00
20170309,17.01,17.25,16.87,17.14,21245766,366872544.00
20170310,17.06,17.13,16.85,16.90,15283873,262070880.00
20170313,16.82,17.21,16.63,17.18,27144534,468564128.00
20170314,17.18,17.44,17.09,17.20,23329961,406939232.00
20170315,17.20,17.56,17.02,17.28,26215930,459276576.00
20170316,17.36,17.59,17.13,17.32,32354625,564936576.00
20170317,17.25,17.68,17.25,17.36,39572473,699655552.00
20170320,17.46,17.99,17.38,17.83,51465390,921131456.00
20170321,17.71,18.66,17.71,18.51,64611115,1197018624.00
20170322,18.33,19.37,18.32,18.72,72049247,1374392704.00
20170323,18.72,18.77,18.19,18.69,45195843,843596672.00
20170324,18.67,19.49,18.31,18.70,78284411,1489745536.00
20170327,18.54,18.78,18.04,18.05,59098461,1092773376.00
20170328,18.06,18.19,17.81,17.92,34644623,629087296.00
20170329,17.94,18.27,17.87,18.00,34554974,631833664.00
20170330,17.96,18.17,17.54,17.83,36290902,652797120.00
20170331,17.70,17.87,17.54,17.72,18197584,325478656.00
20170405,18.25,18.78,18.13,18.47,88774561,1651088128.00
20170406,18.41,19.46,18.31,19.00,74875122,1432408320.00
20170407,18.82,19.07,18.57,18.82,37358816,709933248.00
20170410,18.98,19.26,18.49,18.57,47951618,911447424.00
20170411,18.56,18.82,18.10,18.70,59426045,1106983296.00
20170412,18.59,18.59,18.11,18.24,30321136,561120768.00
20170413,18.13,18.26,18.03,18.07,21936294,401772640.00
20170414,18.11,18.29,17.79,17.82,30455518,554484864.00
20170417,17.79,18.18,17.63,18.14,32029772,582359168.00
20170418,18.16,18.59,18.04,18.32,35656879,661831936.00
20170419,18.32,18.43,17.87,18.34,33422421,614916544.00
20170420,18.28,18.98,18.20,18.96,58970321,1113829760.00
20170421,18.96,19.11,18.38,18.78,48496417,917329280.00
20170424,18.61,18.61,16.88,17.22,76968755,1357729664.00
20170425,16.91,17.07,16.25,16.81,38408995,649484352.00
20170426,16.81,16.99,16.36,16.45,34400701,577902656.00
20170427,16.31,17.01,15.83,16.97,47296721,791607424.00
20170428,16.91,17.24,16.79,17.14,29672947,510628896.00
20170502,17.13,17.67,17.09,17.29,29894118,526048704.00
20170503,17.24,17.53,17.02,17.10,22516794,392858304.00
20170504,17.06,17.93,16.63,17.37,40194360,703276416.00
20170505,17.20,17.55,17.04,17.40,29248371,512566272.00
20170508,17.35,17.54,16.12,17.07,69636403,1180864128.00
20170509,16.70,16.91,16.42,16.64,24540679,413504640.00
20170510,16.64,17.07,16.23,16.38,34135050,574042240.00
20170511,16.11,16.71,15.99,16.60,31189425,517699232.00
20170512,16.52,16.76,16.40,16.46,23059110,386000032.00
20170515,16.72,16.72,15.86,15.98,34247327,560690304.00
20170516,15.90,15.90,15.01,15.76,46490173,722843648.00
20170517,15.60,16.01,15.51,15.64,29079343,463159648.00
20170518,15.47,15.61,15.10,15.22,28871366,447253760.00
20170519,15.20,15.29,14.73,14.75,28838760,435465824.00
20170522,14.70,14.70,14.23,14.65,28078782,411374272.00
20170523,14.52,14.89,14.43,14.87,30290444,451836672.00
20170524,14.78,14.90,14.56,14.88,17464334,260726400.00
20170525,14.88,15.21,14.67,15.09,26515411,402466240.00
20170526,15.07,15.46,15.01,15.23,23835954,369176832.00
20170531,15.40,15.48,15.12,15.45,22225257,345091744.00
20170601,15.41,15.69,15.31,15.64,28268584,444853056.00
20170602,15.66,15.66,15.20,15.41,19129265,299328864.00
20170605,15.31,15.48,15.23,15.36,9278110,144105120.00
20170606,15.33,15.48,15.24,15.42,11448750,178185712.00
20170607,15.42,15.70,15.32,15.63,26661792,419270496.00
20170608,15.59,15.75,15.52,15.66,15420302,244096656.00
20170609,15.64,16.11,15.54,16.00,26207651,423227648.00
20170612,15.91,16.06,15.69,15.81,14625831,234076480.00
20170613,15.72,15.76,15.45,15.63,17106350,269480032.00
20170614,15.67,15.75,15.45,15.46,12715310,200680288.00
20170615,15.47,15.58,15.40,15.54,10127772,158809504.00
20170616,15.54,15.57,15.29,15.29,12119447,188672736.00
20170619,15.30,15.47,15.30,15.41,9945943,154920128.00
20170620,15.45,15.47,15.24,15.25,11678214,181088720.00
20170621,15.25,15.44,15.25,15.36,11031562,171243424.00
20170622,15.31,15.67,15.26,15.42,26000807,406947872.00
20170623,15.31,15.37,14.79,15.10,23944501,365107328.00
20170626,15.05,15.31,14.90,14.99,33030941,502248352.00
20170627,15.02,15.70,14.92,15.67,45311091,703785472.00
20170628,15.61,16.14,15.53,15.94,53978328,867400512.00
20170629,15.83,16.06,15.75,15.94,23821708,382592896.00
20170630,15.88,16.05,15.81,15.89,15745014,250181168.00
20170703,15.85,15.99,15.68,15.92,14568400,230654480.00
20170704,15.90,15.94,15.56,15.58,17038475,267442880.00
20170705,15.51,15.96,15.40,15.94,20740162,326140928.00
20170706,15.91,16.03,15.66,15.78,16476459,261023712.00
20170707,15.72,15.91,15.68,15.79,11784785,186187440.00
20170710,15.78,16.57,15.66,16.55,55054885,892534848.00
20170711,16.58,16.63,16.25,16.37,29677360,486971648.00
20170712,16.37,16.85,16.23,16.50,34341342,569891008.00
20170713,16.43,17.05,16.43,16.70,45633263,769663296.00
20170714,16.70,17.10,16.70,16.98,26723526,453290720.00
20170717,17.03,17.24,16.45,16.49,39267836,660713024.00
20170718,16.35,17.28,16.33,17.25,44158122,748547584.00
20170719,17.25,17.89,17.20,17.34,68259248,1196652544.00
数据来源:通达信
