603036 如通股份 日线 前复权
      日期	    开盘	    最高	    最低	    收盘	    成交量	    成交额
20161209,9.75,9.75,9.75,9.75,18300,180255.00
20161212,10.74,10.74,10.74,10.74,12253,132823.00
20161213,11.82,11.82,11.82,11.82,6311,75227.00
20161214,13.01,13.01,13.01,13.01,13500,176985.00
20161215,14.32,14.32,14.32,14.32,20300,292726.00
20161216,15.76,15.76,15.76,15.76,27214,431614.00
20161219,17.35,17.35,17.35,17.35,47400,827130.00
20161220,19.10,19.10,19.10,19.10,90424,1736141.00
20161221,21.02,21.02,21.02,21.02,44796,946092.00
20161222,23.13,23.13,23.13,23.13,91328,2121549.00
20161223,25.45,25.45,25.45,25.45,144688,3696778.00
20161226,28.01,28.01,25.46,26.37,31384452,840138624.00
20161227,26.78,29.02,26.70,29.02,34496250,986386240.00
20161228,27.00,27.23,26.11,26.11,19349679,515505536.00
20161229,24.60,25.65,24.14,24.30,20117185,499968800.00
20161230,24.40,25.36,24.18,24.39,12757113,315823712.00
20170103,24.78,26.50,24.60,25.73,17371585,447442816.00
20170104,25.51,25.89,24.97,25.33,14751032,375642400.00
20170105,25.08,25.59,24.46,24.58,12097816,303098176.00
20170106,24.55,24.55,22.96,23.00,11000192,260964336.00
20170109,22.50,23.18,22.41,22.77,5177967,118432312.00
20170110,22.77,23.26,22.61,22.77,4982250,114785440.00
20170111,22.79,24.50,22.26,23.21,11980116,280356256.00
20170112,22.42,23.09,21.77,21.98,9121290,205643744.00
20170113,21.56,21.65,20.10,20.89,8541368,180455344.00
20170116,20.49,21.07,18.90,19.85,7853064,157958672.00
20170117,19.80,20.85,19.03,20.54,8081676,162819936.00
20170118,20.10,22.50,20.00,22.13,13120939,280008960.00
20170119,21.70,23.54,21.60,23.47,14428005,329606784.00
20170120,23.14,25.70,23.08,25.58,13727864,334259328.00
20170123,25.65,27.88,25.62,26.42,13619120,362023360.00
20170124,26.40,27.38,25.45,27.18,12538492,333472064.00
20170125,26.91,28.89,26.73,28.38,10940879,306371872.00
20170126,28.10,31.14,27.40,30.89,10603822,317113280.00
20170203,30.90,32.18,27.80,30.76,10906507,338788992.00
20170206,30.10,31.90,29.00,31.57,9198643,284698688.00
20170207,31.10,32.25,30.64,30.90,5136253,161590912.00
20170208,30.50,31.36,28.92,30.85,5771935,176894080.00
20170209,30.88,31.40,30.50,31.22,5660596,176265248.00
20170210,31.11,31.80,30.92,31.76,5025925,158032640.00
20170213,31.40,33.89,31.40,33.71,5898994,194075856.00
20170214,33.68,35.90,33.66,35.33,5505642,192809712.00
20170215,34.60,36.90,34.40,36.83,6195261,223270592.00
20170216,36.88,38.68,36.48,38.59,4966024,187305760.00
20170217,38.80,41.56,38.80,40.05,6985215,280443936.00
20170220,40.40,43.81,40.10,43.30,8689989,364743712.00
20170221,44.79,47.40,43.70,46.88,11194143,513465728.00
20170222,46.91,51.58,43.16,50.74,15016646,730423744.00
20170223,51.08,53.78,49.08,51.74,11926152,621202496.00
20170224,51.76,53.68,50.47,52.81,7537138,397903392.00
20170227,52.70,57.10,49.63,51.71,8973534,474183232.00
20170228,51.20,51.85,46.53,46.53,12727438,605290240.00
20170301,44.19,44.31,41.87,41.87,9131000,389231616.00
20170302,37.67,43.65,37.67,40.02,39011118,1518947584.00
20170303,37.51,37.89,36.01,36.09,24042036,890336512.00
20170306,35.90,36.72,35.30,36.42,13986954,505879680.00
20170307,36.14,36.48,35.06,35.77,14747356,527994144.00
20170308,35.60,36.89,35.40,36.76,16905661,614500608.00
20170309,36.70,36.70,35.61,35.66,10490199,379103936.00
20170310,35.23,37.32,35.22,36.27,15705732,575611456.00
20170313,35.75,36.00,34.40,35.35,10523325,370056512.00
20170314,35.40,35.70,34.91,35.54,9186528,325743936.00
20170315,35.38,35.50,34.21,34.30,9870174,343467104.00
20170316,34.15,35.08,34.15,34.63,8487009,295487392.00
20170317,34.41,37.24,34.41,36.12,20821478,757237056.00
20170320,36.40,39.74,35.42,39.74,24836243,945934976.00
20170321,40.83,43.72,40.55,43.72,23364083,1007766720.00
20170322,45.90,48.10,41.99,47.10,34711765,1568124672.00
20170323,45.58,46.33,42.60,43.51,23765897,1062565120.00
20170324,43.59,46.32,43.59,44.36,21237679,960005312.00
20170327,42.63,44.45,40.44,43.75,18300341,773299520.00
20170328,42.90,42.90,40.70,40.88,12471826,521075392.00
20170329,39.85,40.45,37.20,37.48,13678782,532208032.00
20170330,37.30,41.24,35.75,41.24,18430926,713449664.00
20170331,42.40,44.40,39.91,40.03,23625973,1007446720.00
20170405,38.40,41.89,36.02,40.97,17598763,693129664.00
20170406,39.85,45.08,39.60,45.08,23186392,994577728.00
20170407,44.90,46.90,43.34,43.72,27086536,1233810944.00
20170410,41.90,46.65,40.40,45.11,22056567,971408960.00
20170411,44.30,46.05,43.23,43.88,18726075,837881920.00
20170412,42.47,44.39,39.48,39.48,15321517,642117312.00
20170413,38.31,40.88,37.60,38.96,12123924,477557696.00
20170414,39.30,39.39,37.40,37.45,8503276,324312832.00
20170417,34.49,35.90,33.70,33.70,9293561,320627936.00
20170418,33.12,34.37,30.45,31.07,10072246,328057728.00
20170419,30.63,34.19,30.60,34.19,11426212,374608480.00
20170420,34.90,36.63,34.40,35.49,15762447,560267968.00
20170421,35.70,36.20,34.40,34.68,8966943,316686368.00
20170424,33.97,36.25,33.97,35.24,10580724,375189664.00
20170425,35.27,36.16,34.25,36.04,10692021,378895456.00
20170426,36.00,36.36,35.24,35.48,9037360,323535808.00
20170427,34.30,36.53,34.02,35.81,11196822,399439680.00
20170428,35.47,35.74,34.51,34.83,7482655,263948208.00
20170502,34.82,35.85,34.40,34.60,6149025,216128336.00
20170503,34.85,36.10,34.31,36.05,9480590,335278560.00
20170504,35.88,39.67,35.45,39.67,17507414,667815296.00
20170505,40.75,41.38,36.47,37.39,19169327,756767936.00
20170508,36.70,38.86,35.90,37.16,11893148,448498496.00
20170509,35.95,38.48,33.45,38.14,12068952,434976288.00
20170510,37.45,38.78,36.40,36.45,10526749,398933568.00
20170511,35.50,37.85,34.74,37.10,9454767,348325728.00
20170512,37.10,37.73,36.35,36.79,8042167,298328768.00
20170515,36.75,37.32,34.91,35.06,7714673,278487808.00
20170516,34.78,35.38,32.28,35.09,9005325,308335520.00
20170517,34.71,35.76,34.50,34.91,7040998,247812592.00
20170518,34.05,35.40,33.65,33.86,5694766,196726752.00
20170519,33.65,37.26,33.60,36.47,17600846,642551232.00
20170522,35.61,35.61,33.58,33.83,12543027,431660160.00
20170523,32.60,34.10,31.30,31.91,8249192,270590240.00
20170524,32.20,33.08,31.91,32.52,4809234,156610928.00
20170525,32.31,32.49,29.92,30.69,6975260,216118944.00
20170526,30.67,31.49,30.50,30.69,4876400,150578208.00
20170531,31.49,32.30,30.61,30.75,5463630,171157008.00
20170601,30.50,30.50,27.68,27.68,7553814,216715840.00
20170602,27.00,30.00,25.64,28.71,7604846,212224336.00
20170605,28.84,29.28,28.54,28.73,4700061,135663168.00
20170606,28.39,28.65,27.48,27.78,4285672,119674088.00
20170607,27.78,29.00,27.78,28.67,6746910,192088112.00
20170608,28.61,31.49,28.51,30.80,13814663,420348736.00
20170609,30.00,30.20,28.89,29.38,9035459,265940048.00
20170612,28.86,29.30,27.80,28.01,5945895,168827296.00
20170613,27.55,29.29,27.55,28.87,5666768,162756000.00
20170614,29.00,30.00,28.14,29.14,8489113,247656944.00
20170615,28.38,31.46,28.36,30.32,12832220,391238176.00
20170616,30.20,30.20,29.21,29.56,8982755,266366080.00
20170619,29.30,31.22,29.30,30.27,7351540,221627488.00
20170620,30.11,30.87,29.68,29.88,6613452,199393536.00
20170621,30.02,30.60,29.71,29.99,5444800,164017840.00
20170622,29.90,30.15,28.30,28.38,6491896,189084224.00
20170623,28.25,28.89,27.61,28.58,4367496,123896992.00
20170626,28.49,28.79,28.20,28.74,3086115,88094264.00
20170627,28.79,29.43,28.51,28.90,4171742,120884112.00
20170628,28.77,28.87,28.03,28.07,3955442,111786536.00
20170629,28.07,28.37,27.80,28.12,2571425,72288560.00
20170630,28.08,28.46,27.68,28.11,2955414,82918480.00
20170703,28.13,28.46,28.03,28.34,2375310,67206064.00
20170704,28.34,28.53,28.00,28.14,2380482,67031528.00
20170705,28.14,28.99,28.02,28.70,5294403,151865440.00
20170706,28.64,28.88,28.01,28.29,4598377,130580056.00
20170707,28.26,29.50,28.02,29.14,7506054,217591680.00
20170710,28.83,28.85,28.12,28.19,4748414,134781072.00
20170711,28.21,28.54,27.40,27.56,3761814,105106880.00
20170712,27.30,27.75,26.12,27.12,4619729,124022600.00
20170713,27.09,27.20,26.50,26.80,2874898,77032024.00
20170714,26.77,27.13,26.10,26.21,2470100,65617556.00
20170717,26.01,26.16,23.59,23.59,4347222,105028232.00
20170718,22.80,23.78,22.70,23.41,3306320,77020312.00
20170719,23.50,24.49,23.00,23.61,3937063,93036072.00
数据来源:通达信
