603041 美思德 日线 前复权
      日期	    开盘	    最高	    最低	    收盘	    成交量	    成交额
20170330,18.60,18.60,18.60,18.60,5356,99622.00
20170331,20.46,20.46,20.46,20.46,6602,135077.00
20170405,22.51,22.51,22.51,22.51,3215,72370.00
20170406,24.76,24.76,24.76,24.76,1400,34664.00
20170407,27.24,27.24,27.24,27.24,9300,253332.00
20170410,29.96,29.96,29.96,29.96,11400,341544.00
20170411,32.96,32.96,32.96,32.96,22427,739194.00
20170412,36.26,36.26,36.26,36.26,41470,1503702.00
20170413,39.89,39.89,39.89,39.89,85742,3420248.00
20170414,43.88,43.88,37.50,37.79,12040172,482224992.00
20170417,35.20,35.88,34.01,34.01,5248532,181313760.00
20170418,33.00,34.55,32.99,33.35,5571851,187247936.00
20170419,32.97,35.92,32.85,35.13,6092351,208674176.00
20170420,34.90,34.90,32.90,33.46,4305172,146250432.00
20170421,33.70,34.33,33.34,33.55,2808170,94796344.00
20170424,33.00,33.47,31.51,31.82,3548908,114051368.00
20170425,32.18,32.96,32.01,32.12,2716230,88125144.00
20170426,32.06,33.23,31.92,32.73,2620174,85694064.00
20170427,33.31,35.60,32.50,34.89,5652928,193002128.00
20170428,34.85,35.27,34.28,34.56,3563423,123735424.00
20170502,34.74,35.10,34.17,34.83,2679092,92979720.00
20170503,34.73,35.76,33.85,35.73,4832058,168750432.00
20170504,35.21,35.28,34.22,34.45,3073585,106716408.00
20170505,34.00,34.46,33.00,33.03,2825241,95795000.00
20170508,32.95,32.95,31.60,31.63,2434208,78737680.00
20170509,31.60,32.49,31.38,32.30,1851605,59331756.00
20170510,32.20,32.58,30.56,30.67,2377869,75533184.00
20170511,30.36,31.46,29.80,31.28,2182918,67014392.00
20170512,31.28,31.75,30.70,31.42,1983276,61990632.00
20170515,31.45,32.28,31.45,32.14,2078871,66358832.00
20170516,32.11,32.96,31.50,32.90,2315963,74777840.00
20170517,32.80,33.45,32.48,32.81,2633569,86862720.00
20170518,32.33,33.10,32.27,32.47,1617441,52883816.00
20170519,32.47,32.76,31.10,31.57,1942574,62014196.00
20170522,31.51,31.83,29.61,30.15,2132387,65114900.00
20170523,29.60,30.18,27.88,27.99,1901523,55286888.00
20170524,27.92,29.79,27.51,28.95,1772930,50689116.00
20170525,28.88,29.20,28.00,28.88,1338673,38341540.00
20170526,28.95,29.94,28.84,29.41,1447562,42409984.00
20170531,30.51,31.10,29.42,29.46,2176445,66193420.00
20170601,29.02,29.02,27.62,27.65,1520030,43113456.00
20170602,27.50,28.58,27.21,28.50,1156634,32492948.00
20170605,29.00,29.42,28.80,28.90,1385304,40334080.00
20170606,28.55,29.29,28.50,29.10,717032,20726072.00
20170607,29.00,30.10,29.00,29.98,1767809,52707840.00
20170608,30.01,30.29,29.45,29.73,1397521,41830656.00
20170609,29.83,30.43,29.77,30.18,1409452,42424856.00
20170612,29.43,29.69,28.13,28.22,1729445,50138136.00
20170613,28.22,29.22,28.22,29.15,1195734,34586496.00
20170614,29.27,29.50,28.80,29.08,1015398,29586472.00
20170615,29.07,30.01,29.07,29.93,1385285,41250096.00
20170616,29.94,29.94,29.40,29.63,1118835,33121648.00
20170619,29.70,30.14,29.70,30.09,1467844,43999876.00
20170620,30.09,30.82,30.09,30.38,1818628,55624964.00
20170621,30.25,30.70,30.12,30.45,1290095,39279092.00
20170622,30.45,30.55,29.40,29.64,1349927,40436920.00
20170623,29.61,30.33,29.27,30.20,1608469,47970432.00
20170626,30.19,31.97,30.11,31.41,3967492,124374160.00
20170627,31.50,31.75,30.73,31.19,3241990,101227664.00
20170628,30.88,31.20,30.13,30.28,1479622,45235724.00
20170629,30.03,30.45,29.97,30.10,1220419,36841856.00
20170630,29.70,30.49,29.63,30.31,1336773,40285280.00
20170703,30.33,32.90,29.95,32.68,3942092,123888056.00
20170704,32.40,33.94,32.16,33.46,6898377,228017920.00
20170705,33.47,34.43,32.72,34.27,6857046,231739264.00
20170706,34.00,34.90,32.15,32.68,6468518,214624848.00
20170707,32.88,33.35,32.32,32.86,4021643,132146784.00
20170710,32.20,32.37,30.72,31.09,4236206,132647728.00
20170711,31.05,31.12,30.34,30.53,1799360,55278192.00
20170712,30.35,30.61,28.66,29.97,2788204,82285080.00
20170713,29.91,29.95,28.89,29.08,1612670,47247236.00
20170714,29.00,29.12,28.35,28.53,1490993,42840248.00
20170717,28.25,28.25,25.68,25.68,2610714,69092648.00
20170718,25.55,26.22,25.11,26.07,1567488,40384776.00
20170719,26.05,26.27,25.60,26.11,1150128,29786172.00
数据来源:通达信
