603019 中科曙光 日线 前复权
      日期	    开盘	    最高	    最低	    收盘	    成交量	    成交额
20141106,3.62,3.62,3.62,3.62,64400,490728.00
20141107,4.00,4.00,4.00,4.00,10722,89850.36
20141110,4.42,4.42,4.42,4.42,15600,143832.00
20141111,4.88,4.88,4.88,4.88,20500,207870.00
20141112,5.39,5.39,5.39,5.39,21900,244185.00
20141113,5.95,5.95,5.95,5.95,35300,433131.00
20141114,6.56,6.56,6.56,6.56,42600,575100.00
20141117,7.24,7.24,7.24,7.24,81400,1208790.00
20141118,7.98,7.98,7.98,7.98,153500,2508190.00
20141119,8.80,8.80,8.80,8.80,191100,3434067.00
20141120,9.70,9.70,9.70,9.70,181896,3596084.00
20141121,10.69,10.69,10.69,10.69,249440,5425320.00
20141124,11.78,11.78,11.78,11.78,213870,5117909.00
20141125,12.97,12.97,12.97,12.97,346780,9127250.00
20141126,14.29,14.29,14.29,14.29,325219,9415090.00
20141127,15.74,15.74,15.74,15.74,223550,7120067.50
20141128,17.33,17.33,17.33,17.33,467125,16368060.00
20141201,19.08,19.08,19.08,19.08,310850,11980159.00
20141202,21.01,21.01,21.01,21.01,342290,14509673.00
20141203,23.13,23.13,23.13,23.13,254205,11853579.00
20141205,25.46,25.46,25.46,25.46,3727642,191190752.00
20141208,28.02,28.02,28.02,28.02,8985418,506957280.00
20141209,26.42,29.31,25.20,25.35,41207596,2198130944.00
20141210,25.22,27.31,23.82,25.94,22329358,1162966784.00
20141211,26.26,28.56,25.95,28.56,15662476,869555136.00
20141212,30.56,31.31,25.81,26.47,28227799,1632089856.00
20141215,25.26,26.61,24.25,26.27,14823289,757639552.00
20141216,25.76,26.11,24.81,24.90,10458371,532569856.00
20141217,24.21,25.75,24.06,24.81,10191263,512167872.00
20141218,24.64,26.76,24.56,25.42,12493404,648177088.00
20141219,24.87,25.11,22.86,22.86,13879452,660479424.00
20141222,22.43,22.81,20.56,20.56,8930014,378905408.00
20141223,19.72,21.56,19.45,19.91,9581748,396107616.00
20141224,20.35,20.86,19.87,20.30,7300372,299836192.00
20141225,20.41,22.35,19.81,21.63,11535670,493290240.00
20141226,21.06,22.31,20.96,21.68,8295756,363550208.00
20141229,21.31,21.81,20.17,21.52,10759338,455276032.00
20141230,21.25,22.09,20.81,21.77,9094753,397619808.00
20141231,21.61,22.11,21.01,21.08,7348777,318459584.00
20150105,20.41,20.46,19.31,19.68,9167544,366566080.00
20150106,19.36,20.56,19.21,20.24,7397392,298767808.00
20150107,20.11,20.41,19.71,19.88,4508641,180923312.00
20150108,19.91,21.25,19.76,20.27,7744136,322571616.00
20150109,19.94,22.31,19.89,22.31,9565624,416594240.00
20150112,22.81,24.51,22.57,23.71,18721979,888096832.00
20150113,23.56,25.13,23.06,23.72,13957858,679101312.00
20150114,23.50,23.64,22.56,22.61,8559263,397283168.00
20150115,22.39,23.40,22.15,22.54,7360691,336224544.00
20150116,22.41,24.32,22.25,23.93,10169899,481420800.00
20150119,23.31,26.30,23.16,24.23,13461932,673854208.00
20150120,24.56,26.05,24.21,25.74,10412234,528455104.00
20150121,25.61,25.66,25.02,25.44,7381670,376365344.00
20150122,25.80,28.01,25.57,28.01,9968369,545533184.00
20150123,28.81,28.91,26.64,26.67,9969829,546903808.00
20150126,27.06,28.81,26.76,27.16,9474855,527482272.00
20150127,26.81,27.06,25.90,26.95,7764131,414472288.00
20150128,26.65,28.16,26.61,26.81,6787997,373401600.00
20150129,26.16,26.79,25.15,25.48,8111739,425853216.00
20150130,25.62,26.14,24.51,24.57,6971730,353396320.00
20150202,24.31,25.36,23.96,24.91,4571701,230094864.00
20150203,24.76,26.49,24.72,25.66,8366597,434935424.00
20150204,25.52,26.36,25.34,25.65,5433967,282000064.00
20150205,25.79,26.31,24.98,25.28,6565660,339241376.00
20150206,25.31,26.01,24.16,24.39,5150487,258006032.00
20150209,24.18,24.41,22.99,23.21,4689327,223495280.00
20150210,23.16,23.64,22.62,23.60,3572196,166385296.00
20150211,23.51,25.56,23.34,25.18,5925265,295515808.00
20150212,24.84,26.05,24.82,25.20,5393992,277468576.00
20150213,25.44,25.82,25.00,25.62,4257304,217916064.00
20150216,25.64,26.74,25.64,26.45,5210820,276811264.00
20150217,26.46,27.31,25.72,26.79,6500864,346964864.00
20150225,26.66,29.49,26.58,28.79,12311619,703935616.00
20150226,28.76,29.46,27.31,28.21,7656188,439775424.00
20150227,28.25,29.39,28.09,29.28,6520166,377620544.00
20150302,29.45,30.91,28.92,30.49,7527926,457444480.00
20150303,30.21,31.06,28.61,28.77,8102857,485535168.00
20150304,28.84,29.32,28.41,28.77,4443544,257606544.00
20150305,29.16,30.75,28.56,29.78,6372370,381750368.00
20150306,29.81,30.16,28.15,28.22,5405885,312772480.00
20150309,27.71,28.47,27.31,28.30,3425432,192592736.00
20150310,28.31,28.86,28.12,28.19,3052584,174749728.00
20150311,27.96,28.49,27.47,27.77,3756889,211534688.00
20150312,27.86,28.75,27.59,28.49,3525951,199214848.00
20150313,28.41,30.56,28.41,30.04,5872273,350791968.00
20150316,30.81,32.41,29.97,31.81,7999840,502815328.00
20150317,31.81,31.91,31.08,31.35,5478458,346479136.00
20150318,31.31,32.56,31.12,32.05,5312553,343199680.00
20150319,32.07,32.51,30.81,31.27,6265166,396848416.00
20150320,31.11,33.60,30.91,32.05,6533661,424346496.00
20150323,32.07,33.14,31.69,32.88,5272413,343150944.00
20150324,33.46,35.61,32.86,35.56,11207790,769011392.00
20150325,35.51,39.13,35.20,39.13,10745332,819020736.00
20150327,35.31,37.17,35.20,35.26,11595601,835015232.00
20150330,35.35,36.06,34.21,34.81,6959875,486949248.00
20150331,34.80,35.86,34.32,34.80,4337883,306793024.00
20150401,34.76,38.30,34.64,38.30,8311250,620386944.00
20150402,38.30,39.06,37.11,38.91,5977438,459352576.00
20150403,38.35,42.16,37.99,41.07,5980263,479346528.00
20150407,40.99,43.55,40.81,42.11,5905036,500534304.00
20150408,42.36,43.30,39.22,40.80,5828294,481573792.00
20150409,40.32,44.90,40.31,44.90,8941110,773011136.00
20150410,45.81,49.41,45.00,49.38,6291272,598574976.00
20150427,54.33,54.33,54.33,54.33,106403,11602183.00
20150428,59.31,59.31,52.31,57.27,11432124,1295518336.00
20150429,55.31,63.01,55.31,63.01,5729367,695517632.00
20150430,65.81,69.33,65.81,67.37,3883229,529197568.00
20150504,69.66,69.76,60.81,66.13,5263023,695654272.00
20150505,65.26,65.81,59.65,60.62,4583413,577263616.00
20150506,61.31,65.90,61.31,62.60,4426488,563154240.00
20150507,61.32,63.61,59.86,60.96,3227669,399967680.00
20150508,62.76,65.81,61.56,64.73,4318159,552411392.00
20150511,65.31,69.76,63.31,67.83,4783413,647890176.00
20150512,67.81,70.96,66.31,66.86,5034189,685402368.00
20150513,66.28,73.57,64.54,72.12,6612885,908249984.00
20150514,72.38,75.36,69.81,70.73,4167448,609095744.00
20150515,69.20,71.08,67.41,68.95,3025020,421604704.00
20150518,68.31,71.55,67.48,69.13,3643955,508280096.00
20150519,72.31,76.06,71.62,76.06,3506086,522203776.00
20150520,79.76,83.68,76.31,76.76,6693541,1083049856.00
20150521,77.06,79.72,74.31,77.03,4738882,724127168.00
20150522,78.62,78.81,69.81,73.91,6188143,913683328.00
20150525,70.81,73.81,69.75,72.23,4460593,637825728.00
20150526,72.31,77.31,72.24,74.56,3873256,576654080.00
20150527,74.91,82.00,73.57,81.33,5754517,897061376.00
20150528,82.01,84.81,73.18,73.18,6137714,977920960.00
20150529,70.94,76.21,68.81,72.84,4826833,700935808.00
20150601,71.61,74.56,71.24,73.25,3245133,475343456.00
20150602,72.31,74.06,66.81,69.28,6552898,919668224.00
20150603,71.21,73.73,68.57,73.13,5158400,736430656.00
20150604,72.37,72.41,65.80,67.62,4932830,671311936.00
20150605,69.31,70.31,63.51,65.29,5696791,760090944.00
20150608,64.06,64.06,59.77,61.02,5909468,728231168.00
20150609,62.03,63.16,59.38,62.75,3348299,418136288.00
20150610,62.69,67.07,61.20,66.10,3899718,507374080.00
20150611,65.91,67.21,63.10,63.27,4981871,641981376.00
20150612,63.28,63.85,59.74,60.42,5738752,700907584.00
20150615,60.48,60.78,54.66,55.27,6220037,711366592.00
20150616,54.00,57.60,52.85,56.23,4563532,511448768.00
20150617,56.28,58.10,53.90,57.95,4024491,455943776.00
20150618,59.08,61.25,56.35,57.00,5289058,635292416.00
20150619,55.95,56.08,51.29,51.29,3337607,357397184.00
20150623,49.85,52.85,46.18,52.43,5142475,513833920.00
20150624,53.34,53.63,49.61,51.59,4197695,434647200.00
20150625,53.05,55.80,50.85,51.67,4655742,495678624.00
20150626,49.48,51.48,46.49,46.49,4674681,452151456.00
20150629,47.85,48.25,41.82,41.82,4955367,427078560.00
20150630,40.24,44.42,37.63,43.15,6144471,499089792.00
20150701,42.37,44.09,38.82,38.82,4705847,396633152.00
20150702,38.58,38.60,34.92,34.92,5316083,386403936.00
20150703,32.10,35.85,31.42,31.42,5917300,385320800.00
20150706,34.57,34.57,28.26,28.83,8364614,511524800.00
20150707,28.80,30.73,25.93,25.94,8886004,493658080.00
20150710,28.55,28.55,28.55,28.55,476070,27321658.00
20150713,31.42,31.42,31.42,31.42,70841,4472192.50
20150714,34.57,34.57,34.57,34.57,96920,6730125.00
20150715,38.04,38.04,34.27,35.61,15240463,1135812992.00
20150716,35.61,39.18,34.29,39.18,10114823,771744768.00
20150717,40.35,43.12,39.35,43.11,9115866,764497344.00
20150720,41.85,46.25,41.75,44.23,8961315,787209984.00
20150721,43.35,44.29,42.48,43.61,4922391,429851072.00
20150722,42.89,47.98,42.86,47.49,8636223,802295872.00
20150723,47.70,48.85,46.35,48.09,6058334,577649344.00
20150724,48.30,49.25,45.58,45.91,6481434,615958848.00
20150727,44.24,45.63,41.30,41.30,7497561,649550208.00
20150728,38.35,41.30,37.16,37.37,7458144,575047744.00
20150729,38.85,40.79,36.98,40.42,6779117,522734304.00
20150730,40.70,42.98,39.10,40.01,6530831,543421632.00
20150731,38.35,39.75,36.35,37.00,5543766,425494624.00
20150803,36.04,36.60,33.28,33.31,4685571,325345920.00
20150804,33.85,36.66,33.85,36.66,5162336,369364960.00
20150805,37.44,38.79,36.40,37.22,6358716,480060384.00
20150806,35.70,38.10,35.35,37.15,4234316,316289248.00
20150807,38.05,40.15,37.50,39.19,6514330,509345600.00
20150810,39.85,43.13,39.35,42.99,6102960,509089504.00
20150811,42.76,43.35,41.46,42.05,5890980,502098432.00
20150812,41.64,42.50,40.85,40.97,4333974,362543776.00
20150813,40.85,42.00,39.22,41.67,5086172,415182688.00
20150814,41.98,43.55,41.05,42.61,6903050,590174784.00
20150817,41.66,42.30,40.93,41.40,3647480,303463232.00
20150818,41.35,42.30,37.24,37.24,6359163,507001184.00
20150819,36.35,38.85,34.39,38.51,5024176,368688800.00
20150820,38.35,40.14,36.90,37.52,4480652,347272672.00
20150821,36.35,37.04,34.35,34.39,4098705,293092000.00
20150824,32.11,32.85,30.94,30.94,4101892,258142640.00
20150825,28.00,28.90,27.83,27.83,4237825,239152192.00
20150826,27.65,29.85,25.10,27.32,9283509,511270496.00
20150827,28.21,29.60,26.05,27.88,8350680,469792832.00
20150828,28.35,30.45,27.75,30.38,6907130,399062592.00
20150831,29.60,29.83,27.37,27.39,5173521,296661728.00
20150901,26.85,26.86,24.63,24.63,5192012,264800672.00
20150902,22.86,25.84,22.75,22.78,4456023,213926016.00
20150907,24.04,25.07,23.67,25.07,6395422,319413408.00
20150908,24.57,27.15,24.21,26.73,5130012,262292016.00
20150909,26.73,28.90,26.36,28.44,6242896,350380352.00
20150910,27.35,28.53,27.30,27.54,3433210,193058624.00
20150911,27.79,29.34,27.38,28.31,4810304,274911168.00
20150914,28.53,28.84,25.46,25.46,4279993,231833440.00
20150915,24.60,25.23,22.95,23.07,4054616,196561536.00
20150916,23.40,25.39,23.35,25.39,4440463,217057136.00
20150917,25.50,27.94,24.91,27.54,8366183,458936512.00
20150918,27.36,28.10,26.58,27.90,5466602,300506912.00
20150921,27.19,29.95,26.95,29.67,4545297,262432704.00
20150922,29.65,30.14,28.72,29.13,3575255,210327152.00
20150923,28.75,31.48,28.55,30.12,5809592,354292448.00
20150924,30.24,30.81,29.76,30.48,3775532,229545520.00
20150925,30.35,30.48,28.10,28.45,3787455,222595744.00
20150928,28.28,30.05,27.58,30.01,3420929,200202864.00
20150929,29.34,30.75,28.86,29.73,3386893,203693536.00
20150930,30.10,30.29,29.15,29.34,2138453,127518112.00
20151008,30.86,32.29,30.30,32.29,3307997,208563008.00
20151009,32.45,34.20,32.45,32.82,4418966,295668672.00
20151012,33.09,35.49,32.66,33.71,7228046,495066016.00
20151013,34.69,36.45,33.75,35.38,5992594,424776352.00
20151014,34.99,35.40,33.90,34.18,4354595,303409952.00
20151015,33.89,36.91,33.70,36.21,5318200,381856480.00
20151016,36.38,37.52,35.57,36.30,4535712,332638752.00
20151019,36.11,37.39,34.64,35.32,5770085,416957792.00
20151020,34.95,36.54,34.75,36.32,4872329,349249504.00
20151021,36.40,37.60,33.10,33.76,5736901,409017056.00
20151022,33.61,35.46,33.61,35.11,4123583,285464416.00
20151023,35.00,38.09,34.76,36.85,5758640,423432800.00
20151026,37.40,39.80,36.85,38.98,6565153,505585440.00
20151027,38.44,39.10,36.60,38.95,4419913,336584064.00
20151028,38.64,40.10,37.30,37.69,5449068,424205312.00
20151029,38.35,38.85,37.08,38.06,3596858,274365824.00
20151030,37.35,41.88,37.10,41.88,6880775,559092864.00
20151102,39.85,46.08,39.50,44.44,10492153,933847616.00
20151103,44.35,45.47,42.16,44.40,7001630,615972864.00
20151104,44.63,46.60,44.15,45.76,5001481,453135264.00
20151105,44.85,45.68,43.94,44.00,5174555,462939104.00
20151106,42.35,46.85,42.35,45.85,10698613,971240384.00
20151109,46.35,50.35,45.39,49.76,9399541,909237568.00
20151110,49.75,50.83,47.73,49.38,6263613,620569408.00
20151111,49.50,53.91,48.90,52.85,7242632,753122816.00
20151112,52.74,55.98,51.85,54.92,6890590,755237504.00
20151113,53.85,54.85,49.69,49.71,7006166,729991936.00
20151116,48.37,51.65,48.35,51.10,5117105,519765952.00
20151117,51.60,52.54,48.00,48.16,4850799,485542912.00
20151118,48.68,49.10,45.35,45.86,4731000,445577888.00
20151119,46.35,48.15,45.90,48.09,5012183,470795552.00
20151120,48.01,51.63,47.99,50.85,5894375,586761856.00
20151123,49.86,50.79,47.77,48.11,3867741,380434592.00
20151124,48.13,49.58,47.35,49.47,3403612,332265056.00
20151125,49.35,51.21,49.15,50.70,4378170,442791296.00
20151126,50.45,50.45,48.51,48.89,3445123,340328512.00
20151127,47.90,48.35,43.99,44.71,5630363,522339680.00
20151130,44.70,45.54,41.70,45.38,5101460,447146688.00
20151201,44.44,45.30,43.50,43.94,3730382,332740032.00
20151202,43.96,44.35,40.38,42.18,3830007,322940160.00
20151203,42.16,44.35,42.15,43.35,3899811,339808192.00
20151204,43.43,44.85,43.15,43.44,3714096,327964096.00
20151207,43.85,45.60,43.03,45.23,4159175,373567040.00
20151208,44.85,45.83,43.81,43.97,4087086,368795264.00
20151209,43.85,45.50,42.71,44.57,3988178,354360576.00
20151210,44.25,45.35,42.35,43.46,4278607,377942976.00
20151211,42.91,44.24,42.91,43.57,2466761,215811904.00
20151214,43.35,44.55,42.97,44.47,2972541,262517328.00
20151215,44.55,46.05,44.55,45.27,2946205,268674688.00
20151216,45.75,46.29,45.08,45.15,2648581,243441584.00
20151217,45.75,46.38,45.27,46.35,4141744,382517952.00
20151218,46.59,48.79,46.59,46.86,5901873,562884032.00
20151221,47.35,51.35,46.95,49.32,9207476,911758528.00
20151222,48.90,51.10,48.25,49.02,7309849,726648832.00
20151223,49.10,49.10,46.35,46.70,5267898,502809376.00
20151224,46.69,47.02,45.54,46.91,3359598,312423360.00
20151225,47.00,47.10,45.50,46.04,2273881,211870576.00
20151228,46.20,46.60,43.80,44.02,4950961,449507232.00
20151229,43.61,44.24,43.44,44.04,2999527,264036144.00
20151230,44.00,45.09,43.71,44.47,3606384,320975488.00
20151231,44.51,46.20,43.86,45.44,4843125,440299392.00
20160104,45.45,45.45,40.88,40.88,4196466,355905344.00
20160105,37.27,40.29,36.78,37.38,10588533,799168256.00
20160106,37.65,38.04,34.96,37.14,7823963,576413056.00
20160107,36.10,36.24,33.41,33.41,1322900,92005864.00
20160108,34.05,34.70,30.85,33.12,6510615,434453600.00
20160111,32.10,32.32,29.80,29.98,7968582,491463904.00
20160112,30.33,30.84,29.16,30.52,5021085,303930240.00
20160113,30.78,31.34,28.28,28.35,4260977,257440160.00
20160114,27.34,30.33,26.96,29.99,5414446,314017152.00
20160115,29.70,30.65,28.86,29.22,4280134,256816864.00
20160118,28.52,30.63,28.45,30.44,4409010,265170672.00
20160119,30.13,33.50,29.61,33.50,7438799,469193664.00
20160120,33.18,35.63,32.94,33.48,7695368,529339488.00
20160121,32.91,34.10,31.46,31.57,5907845,388692384.00
20160122,31.90,32.55,30.85,32.35,4159788,267154016.00
20160125,32.51,33.70,32.11,33.09,3986723,263899648.00
20160126,32.60,32.79,29.86,30.03,4884390,309816960.00
20160127,30.35,31.40,28.28,31.28,5945048,355988224.00
20160128,30.78,31.10,29.10,29.18,4004752,243980832.00
20160129,28.91,31.85,28.91,31.11,4630154,285684352.00
20160201,30.95,31.85,30.57,31.31,4188147,262185376.00
20160202,31.31,33.35,31.31,32.63,4153025,272255552.00
20160203,32.10,32.72,31.77,32.48,3320563,214708224.00
20160204,32.90,34.10,32.90,33.08,4067218,273757792.00
20160205,33.14,33.60,32.71,32.86,1891455,125508208.00
20160215,31.64,32.61,31.35,32.31,2591189,166346528.00
20160216,32.50,34.45,32.45,34.15,4103647,277368544.00
20160217,34.00,34.44,33.26,34.37,4330653,294535744.00
20160218,34.80,35.10,33.75,33.88,3527471,243716016.00
20160219,33.87,34.31,33.40,34.10,3106686,211701280.00
20160222,34.65,34.99,33.70,34.00,4807724,328744448.00
20160223,33.95,34.10,32.42,33.01,4382897,292636480.00
20160224,33.01,33.55,31.67,32.45,5646588,368224256.00
20160225,32.45,32.45,29.19,29.19,6933849,422939328.00
20160226,29.56,29.57,27.91,28.95,4758410,274903424.00
20160229,28.88,29.68,26.04,26.05,6290591,343934816.00
20160301,25.94,27.34,25.46,26.81,4859141,256486224.00
20160302,26.50,28.13,26.19,27.93,5471055,299281856.00
20160303,27.85,29.25,27.63,27.95,5115747,292185088.00
20160304,27.85,28.10,25.60,26.30,4754525,258146816.00
20160307,26.80,27.92,26.60,27.14,3430292,188262912.00
20160308,26.86,27.72,25.60,27.66,4400665,236798128.00
20160309,27.35,28.50,26.85,27.82,4426728,246793952.00
20160310,28.35,28.98,27.08,27.22,4246749,240663952.00
20160311,26.78,27.77,26.78,27.30,3010695,164926016.00
20160314,27.90,29.08,27.60,28.62,5365534,308428000.00
20160315,28.45,29.03,28.18,28.22,3857511,221583936.00
20160316,28.54,28.74,27.35,27.70,3214245,180807840.00
20160317,27.87,29.43,27.58,29.39,6891661,398111072.00
20160318,29.85,31.90,29.69,31.35,8187024,507548992.00
20160321,31.86,33.65,31.86,33.61,8274164,546492544.00
20160322,33.25,34.80,32.86,34.11,8407404,572643840.00
20160323,33.24,34.30,32.98,33.90,7206977,486451456.00
20160324,33.65,35.18,33.41,33.95,7836503,541908096.00
20160325,33.64,35.11,33.64,34.88,6689214,464487680.00
20160328,35.25,35.74,33.35,33.45,6115448,422821184.00
20160329,33.25,33.58,31.76,32.08,5271261,344362880.00
20160330,32.73,34.10,32.45,34.09,5490003,368107392.00
20160331,34.55,35.18,34.11,34.42,5599838,389445760.00
20160401,34.20,34.20,33.30,34.11,4051917,274158112.00
20160405,34.43,35.29,34.05,35.11,4673407,326361280.00
20160406,34.85,35.41,34.65,34.89,4346335,305743328.00
20160407,35.34,36.24,35.02,35.05,6500462,464048416.00
20160408,34.70,34.78,33.37,33.94,5373562,367411680.00
20160411,34.35,35.52,34.35,34.84,4590125,322304160.00
20160412,34.80,35.34,33.71,34.12,4662339,321807616.00
20160413,34.37,35.85,34.37,34.84,6523804,461046176.00
20160414,35.49,36.00,34.85,35.57,4202445,298112480.00
20160415,35.70,36.19,35.20,35.41,4092384,292430432.00
20160418,35.10,35.29,34.27,34.58,3644580,252886352.00
20160419,35.45,35.77,34.70,34.87,3941865,278449408.00
20160420,35.25,36.21,33.19,34.23,7665493,536937536.00
20160421,34.24,35.19,33.89,34.44,4848427,336050496.00
20160422,34.35,34.55,33.38,33.99,4394128,300509632.00
20160425,35.17,37.40,34.52,36.05,12089234,438835680.00
20160426,34.93,35.27,33.72,34.31,14373568,495770752.00
20160427,34.69,34.91,33.65,34.62,10206044,351718784.00
20160428,35.22,35.70,34.37,35.44,14246419,501376416.00
20160429,34.94,35.42,34.66,34.94,8574109,300877728.00
20160503,35.03,36.87,34.52,36.38,16210601,583403648.00
20160504,36.12,39.85,35.88,38.88,21345526,823190848.00
20160505,38.83,39.47,38.42,39.05,13496153,526366944.00
20160506,39.52,40.60,36.92,37.18,20464476,791086528.00
20160509,36.80,36.82,34.47,34.88,12993954,465351296.00
20160510,35.02,35.63,34.70,35.27,8693855,306157984.00
20160511,35.59,35.72,33.77,33.86,9393976,326428352.00
20160512,33.14,34.10,32.57,34.04,7566851,253399376.00
20160513,33.92,34.61,32.76,33.04,7533708,253696800.00
20160516,33.02,33.92,32.74,33.90,6320691,210774208.00
20160517,34.02,34.42,33.22,33.74,7460054,253359520.00
20160518,33.42,33.42,31.42,32.24,7931150,258297568.00
20160519,32.25,33.42,32.25,32.56,6793402,223928176.00
20160520,32.32,33.21,32.06,33.14,5811175,190680704.00
20160523,33.27,34.56,33.23,34.26,8675982,296979040.00
20160524,34.74,34.91,33.56,33.87,6623018,226067952.00
20160525,34.12,34.73,33.60,33.90,6371426,218357472.00
20160526,33.74,34.03,32.78,33.97,7266426,242732176.00
20160527,34.12,34.87,34.12,34.34,8450019,292665376.00
20160530,33.72,34.66,33.53,34.03,6061872,207360384.00
20160531,34.36,37.08,34.22,36.95,15337561,550578368.00
20160601,37.02,37.69,36.42,36.69,13682319,506914880.00
20160602,36.42,37.42,36.42,37.25,10242850,379784288.00
20160603,37.47,37.82,36.86,37.06,10267857,384030176.00
20160606,37.35,38.42,36.95,37.33,9122844,344412224.00
20160607,37.38,37.48,36.38,36.86,7322583,269429088.00
20160608,36.91,37.11,36.22,36.81,6373720,233875152.00
20160613,35.98,36.51,33.73,33.79,10303524,366417376.00
20160614,33.77,34.42,33.32,33.76,6713595,228147536.00
20160615,33.45,35.42,33.23,34.81,8255897,287193600.00
20160616,34.75,35.02,33.80,34.00,8846437,303781440.00
20160617,34.04,35.11,34.03,34.60,6523352,226340192.00
20160620,34.67,37.69,33.83,37.41,13230984,473916192.00
20160621,38.92,39.48,35.92,36.31,19026830,721522880.00
20160622,35.92,38.09,35.77,37.88,12945298,482131232.00
20160623,37.45,39.11,37.27,38.72,18356357,706473152.00
20160624,38.92,40.38,37.91,39.78,28786616,1142089216.00
20160627,39.20,40.70,38.68,40.35,20528205,815410688.00
20160628,39.87,40.07,39.07,39.56,14407421,571768384.00
20160629,39.77,40.32,39.12,39.26,11238024,446219776.00
20160630,39.41,40.40,39.18,39.74,10149861,405436128.00
20160701,39.38,39.80,38.37,38.41,10648091,415684256.00
20160704,38.62,39.73,38.52,39.41,8213635,323400608.00
20160705,39.73,41.05,39.73,39.86,13253456,535413504.00
20160706,40.27,41.42,40.06,40.39,13730567,558919296.00
20160707,39.87,40.07,38.80,39.70,13490089,533282816.00
20160708,39.72,40.25,39.30,39.60,8916522,355125376.00
20160711,39.62,40.40,38.93,39.03,9523518,379507520.00
20160712,38.92,40.04,38.77,39.77,11397691,448007264.00
20160713,39.80,40.00,38.92,39.57,10516437,415039904.00
20160714,39.36,39.51,38.92,39.31,6987280,274387072.00
20160715,39.42,39.51,38.37,38.41,10997795,426036032.00
20160718,38.41,38.43,37.17,37.35,10349585,390373632.00
20160719,37.41,38.22,37.02,38.15,8985396,339053504.00
20160720,37.92,38.34,37.61,37.94,7016498,267281824.00
20160721,37.92,38.57,37.77,38.30,7844773,300517888.00
20160722,38.32,38.86,37.98,38.69,9600862,370579136.00
20160725,38.80,38.80,37.88,38.02,7543818,289152224.00
20160726,38.02,38.37,37.84,38.17,5378670,205396288.00
20160727,38.48,39.62,36.59,37.67,19432294,751106176.00
20160728,37.34,37.57,36.02,36.64,11372520,419524896.00
20160729,36.67,37.05,35.82,35.92,6147524,224230416.00
20160801,35.46,35.80,34.53,34.97,7040628,246677696.00
20160802,35.15,35.58,34.92,35.52,4563248,161226224.00
20160803,35.18,35.67,35.12,35.30,4528197,160386176.00
20160804,35.32,35.61,34.92,35.42,4622141,163474560.00
20160805,35.42,35.90,35.32,35.36,4554314,162516384.00
20160808,35.12,35.62,34.43,35.53,5053436,176954864.00
20160809,35.50,36.05,35.50,36.00,4295320,154284096.00
20160810,36.01,36.19,35.50,35.61,3773114,135414144.00
20160811,35.60,35.67,34.99,35.09,3213632,113721296.00
20160812,34.94,35.67,34.94,35.55,3192365,112874432.00
20160815,35.66,36.92,35.13,36.70,8889499,322864416.00
20160816,36.92,37.40,36.63,36.91,7863299,292007136.00
20160817,36.73,37.27,36.64,36.83,5224911,193263696.00
20160818,36.72,36.91,35.94,36.16,6473063,236436528.00
20160819,36.20,36.42,36.06,36.22,3618713,131351640.00
20160822,36.31,36.73,36.01,36.21,5026423,183309488.00
20160823,36.22,36.22,34.95,35.25,7835899,278893984.00
20160824,35.12,35.57,35.12,35.36,3288160,116544992.00
20160825,35.40,35.90,35.15,35.55,4058449,144285008.00
20160826,35.71,35.92,35.40,35.50,4032369,144201664.00
20160829,35.44,35.47,34.99,35.15,3461630,122081080.00
20160830,35.27,35.39,35.09,35.16,2685311,94872960.00
20160831,35.12,35.35,34.93,35.31,2630451,92705968.00
20160901,35.41,35.41,34.98,34.99,3201462,112838272.00
20160902,34.82,35.12,34.49,34.61,4053450,141112048.00
20160905,34.71,34.90,34.32,34.44,3816756,132171016.00
20160906,34.47,34.98,33.83,34.95,5937789,204881968.00
20160907,34.92,34.98,34.37,34.53,4578197,159366560.00
20160908,34.42,34.75,34.37,34.54,3465254,120065792.00
20160909,34.64,34.64,33.85,33.88,4943700,169234816.00
20160912,33.25,33.41,32.22,32.32,6997525,230693296.00
20160913,32.42,32.71,32.37,32.50,2754848,89875216.00
20160914,32.42,32.74,32.16,32.57,2875663,93837184.00
20160919,32.92,33.89,32.72,33.42,4549215,152940496.00
20160920,33.42,33.79,33.24,33.29,2624067,87910384.00
20160921,33.24,33.28,32.75,32.87,3803891,125625784.00
20160922,33.02,33.23,32.52,32.60,5784127,189640640.00
20160923,32.59,32.97,32.55,32.71,3072424,100962224.00
20160926,32.52,32.55,31.83,31.89,4657302,150233024.00
20160927,31.72,32.16,31.40,32.01,4234593,134752240.00
20160928,32.11,32.12,31.73,31.78,2046465,65362160.00
20160929,31.78,32.03,31.70,31.88,2062948,65875412.00
20160930,31.91,32.12,31.77,32.11,2282892,73183520.00
20161010,32.50,33.76,32.47,33.43,8391817,280134560.00
20161011,33.44,33.88,33.42,33.52,4897727,165037360.00
20161012,33.43,33.79,33.21,33.62,3929426,132170984.00
20161013,33.60,33.67,33.32,33.47,2742819,92017720.00
20161014,33.46,33.46,32.89,33.11,2919762,96776048.00
20161017,33.17,33.29,32.74,32.80,2935696,97242120.00
20161018,32.83,33.28,32.73,33.22,3457416,114501264.00
20161019,33.40,33.45,32.99,33.12,2360121,78466192.00
20161020,33.12,33.22,32.92,33.11,2428460,80545144.00
20161021,33.44,33.51,32.80,33.14,3023229,100442992.00
20161024,33.08,33.51,33.02,33.24,4034108,134657072.00
20161025,33.37,33.52,33.20,33.51,4167385,139451424.00
20161026,33.39,33.48,33.08,33.32,3648208,121661480.00
20161027,33.28,33.28,32.92,33.04,2886098,95571936.00
20161028,32.99,33.22,32.87,32.90,2940362,97296816.00
20161031,32.73,32.80,32.13,32.31,3172578,102975976.00
20161101,32.16,32.52,32.16,32.51,2789397,90553184.00
20161102,32.38,32.38,31.98,32.09,3482110,112414480.00
20161103,32.04,32.38,31.85,32.18,4661810,149694304.00
20161104,32.15,32.51,32.09,32.50,3851647,124828552.00
20161107,32.43,32.69,32.07,32.19,2683670,86647816.00
20161108,32.64,32.83,32.42,32.46,3306146,107889920.00
20161109,32.47,32.62,31.67,31.82,4773661,153256320.00
20161110,32.11,32.22,31.99,32.08,4065464,130863472.00
20161111,32.02,32.02,31.47,31.73,7417110,235421936.00
20161114,31.52,32.08,31.52,32.04,6550426,209257024.00
20161115,32.10,32.17,31.73,32.16,5195794,166336880.00
20161116,32.40,33.27,32.26,32.76,9320504,307338368.00
20161117,32.79,32.79,31.30,31.40,18820797,600275200.00
20161118,31.40,31.67,31.35,31.56,6509405,205609520.00
20161121,31.62,31.80,31.46,31.51,4467840,141513440.00
20161122,31.50,31.72,31.30,31.70,6154279,194163968.00
20161123,31.72,31.89,31.45,31.66,6749977,214450384.00
20161124,31.66,31.67,31.32,31.34,4463447,140826480.00
20161125,31.20,31.27,30.49,31.19,6387938,197972048.00
20161128,31.22,31.29,30.83,31.04,4203054,130668800.00
20161129,30.92,30.92,30.56,30.61,5199876,160032112.00
20161130,30.80,31.17,30.67,30.88,5181420,160731536.00
20161201,31.02,31.03,30.73,30.87,3619121,111807200.00
20161202,30.88,30.92,30.02,30.03,5078888,154905600.00
20161205,29.92,29.99,29.65,29.86,3439495,102872512.00
20161206,29.87,30.08,29.80,30.00,2515230,75459616.00
20161207,29.94,29.95,29.68,29.93,3624579,108362496.00
20161208,30.12,30.22,29.91,30.01,3990244,120154864.00
20161209,29.91,29.92,29.67,29.71,2709259,80897760.00
20161212,29.72,29.78,27.93,28.01,6666678,191882560.00
20161213,27.92,28.02,27.25,27.83,4382299,121627472.00
20161214,27.90,27.90,27.43,27.49,2543536,70475512.00
20161215,27.53,27.99,27.49,27.78,2794982,77792448.00
20161216,27.65,28.20,27.48,28.02,3511616,98326616.00
20161219,27.94,28.00,27.32,27.42,4231468,116800840.00
20161220,27.45,27.58,27.02,27.32,2900370,79267832.00
20161221,27.32,27.70,27.32,27.55,2801156,77438896.00
20161222,27.55,27.86,27.46,27.84,2788997,77539616.00
20161223,27.86,28.20,27.66,27.80,4086004,114420720.00
20161226,27.60,27.61,27.02,27.48,3689168,100785184.00
20161227,27.32,27.68,27.32,27.44,2114119,58422688.00
20161228,27.45,27.78,27.26,27.50,2584327,71372448.00
20161229,27.52,27.97,27.40,27.71,2933563,81735816.00
20161230,27.74,27.90,27.47,27.74,2549517,70667232.00
20170103,27.78,28.04,27.77,27.89,2612330,73051960.00
20170104,27.90,27.90,27.02,27.56,7657102,210212864.00
20170105,27.58,27.81,27.34,27.38,4127158,113781208.00
20170106,27.38,27.44,26.80,26.82,5395190,146695392.00
20170109,26.80,26.80,26.22,26.62,5367346,142596784.00
20170110,26.38,26.47,25.73,25.84,16248252,424785056.00
20170111,25.82,25.84,24.76,24.79,13250791,335196896.00
20170112,24.72,24.99,24.72,24.89,5867261,146416224.00
20170113,24.92,24.99,24.17,24.19,6249700,152992272.00
20170116,24.02,24.07,22.25,23.06,9830114,229271296.00
20170117,22.91,23.77,22.62,23.62,6868563,160193088.00
20170118,23.48,23.76,23.32,23.53,3609952,85376904.00
20170119,23.40,23.99,23.22,23.67,5220752,123883328.00
20170120,23.57,24.42,23.54,24.19,6700732,162204960.00
20170123,24.13,24.68,24.07,24.52,4774344,117116552.00
20170124,24.57,25.62,24.57,24.85,9038701,228189824.00
20170125,24.72,24.90,24.43,24.66,2988076,73941896.00
20170126,24.73,25.07,24.68,24.86,2561353,63810832.00
20170203,24.82,25.20,24.75,24.94,2958070,74310368.00
20170206,24.88,25.14,24.64,25.00,3199208,79906272.00
20170207,24.98,25.10,24.70,24.81,2857769,71351960.00
20170208,24.82,24.94,24.37,24.85,3320430,82067664.00
20170209,24.97,25.41,24.84,25.27,5431990,137154976.00
20170210,25.32,25.32,24.83,24.87,4552385,114248264.00
20170213,24.86,25.18,24.70,24.83,4025127,100382944.00
20170214,24.76,25.01,24.70,24.74,2921576,72698136.00
20170215,24.82,24.83,24.22,24.23,4304886,106193280.00
20170216,24.12,24.34,23.83,24.30,5248056,126962352.00
20170217,24.18,24.32,23.82,23.93,3391359,81873736.00
20170220,23.97,25.60,23.94,24.88,10742505,268373184.00
20170221,24.83,25.22,24.74,25.10,6699834,168171136.00
20170222,25.04,25.68,25.03,25.61,8408636,214165472.00
20170223,25.61,25.89,25.30,25.39,6029982,154279680.00
20170224,25.39,25.72,25.35,25.44,4402428,112546048.00
20170227,25.53,26.06,25.08,25.19,6342148,163004432.00
20170228,25.21,25.49,25.03,25.26,3481826,88215128.00
20170301,25.25,25.44,25.12,25.33,3353200,85206208.00
20170302,25.49,25.62,24.92,25.04,4877655,123421248.00
20170303,25.04,25.58,24.93,25.57,6555282,166773888.00
20170306,25.77,26.58,25.76,26.49,11436204,300780256.00
20170307,26.53,27.21,26.42,27.14,13514022,362385248.00
20170308,27.13,27.13,26.52,26.70,8088610,217444256.00
20170309,26.70,27.37,26.20,27.32,10635421,285998976.00
20170310,27.35,28.12,26.92,26.93,13613532,374513888.00
20170313,26.56,27.61,26.55,27.36,9829814,268271408.00
20170314,27.56,28.10,27.37,27.95,14384581,402009344.00
20170315,27.72,27.86,27.37,27.51,8332563,230680672.00
20170316,27.57,28.10,27.52,27.81,7385635,206206656.00
20170317,27.78,28.37,27.72,27.84,10826069,304737792.00
20170320,27.80,27.99,27.08,27.38,8749319,240913120.00
20170321,27.22,27.36,26.98,27.06,5753377,156511328.00
20170322,26.82,27.31,26.73,26.95,5488704,148380736.00
20170323,26.96,28.04,26.92,27.65,12695753,351250400.00
20170324,27.68,27.77,27.17,27.54,5028914,138544992.00
20170327,27.82,28.05,27.50,27.62,5131358,142684016.00
20170328,27.54,28.01,27.35,27.82,6450247,179458528.00
20170329,27.83,27.91,27.20,27.22,5581970,154040464.00
20170330,27.13,27.21,25.92,26.12,8172008,216845440.00
20170331,26.12,26.53,26.02,26.23,3926738,103460648.00
20170405,26.10,28.86,26.10,28.86,23080054,657024704.00
20170406,30.11,30.11,28.26,28.35,27021465,789023936.00
20170407,28.68,30.39,28.22,30.01,27928982,828577664.00
20170410,29.62,31.38,29.22,30.74,31807943,964099712.00
20170411,30.40,33.22,30.18,31.15,33883213,1074926976.00
20170412,30.41,30.50,29.02,29.17,23108325,686920128.00
20170413,28.88,29.90,28.87,29.32,11052865,327505344.00
20170414,29.50,30.15,28.99,30.09,15703739,468658848.00
20170417,29.72,30.41,29.12,29.49,11459314,340979744.00
20170418,29.30,29.90,28.38,28.51,11355787,331821024.00
20170419,28.14,28.38,26.94,27.40,13229302,365527264.00
20170420,27.40,27.67,27.03,27.55,7327408,201322608.00
20170421,27.60,27.79,27.04,27.08,5736607,157388912.00
20170424,26.76,26.84,24.92,25.59,8548189,221973280.00
20170425,25.52,26.21,25.04,25.53,8365113,214866592.00
20170426,25.80,26.29,25.58,26.08,6859112,178671264.00
20170427,25.98,26.97,25.12,26.89,10248153,266677552.00
20170428,26.32,26.92,26.32,26.69,5792325,154676688.00
20170502,26.68,26.95,26.33,26.84,5251245,140598208.00
20170503,26.84,29.53,26.34,28.57,21414207,613154880.00
20170504,27.92,28.62,27.67,28.10,13261976,374030560.00
20170505,27.80,27.92,26.10,26.18,12728356,345695584.00
20170508,26.18,26.18,25.32,25.52,7357021,190139024.00
20170509,25.33,26.29,25.22,26.07,5825063,151226752.00
20170510,26.10,26.27,24.82,24.90,7105942,182512208.00
20170511,24.60,24.61,23.23,24.23,9997502,239845568.00
20170512,24.29,24.65,24.11,24.24,5107080,124204688.00
20170515,24.88,25.80,24.70,25.43,10442729,264273776.00
20170516,25.20,26.03,25.02,25.97,9237144,235666096.00
20170517,26.05,27.46,25.97,26.95,14522063,388543552.00
20170518,26.55,27.78,26.41,26.73,13467204,364715552.00
20170519,27.05,28.35,26.63,28.18,20999633,580928448.00
20170522,27.79,28.11,26.35,26.49,17164457,468339776.00
20170523,26.18,26.41,24.87,24.98,12473245,320430816.00
20170524,24.75,25.90,24.24,25.88,9301886,235184944.00
20170525,25.80,26.96,25.63,26.84,13107597,346810688.00
20170526,26.72,29.52,26.52,29.52,25395013,727230016.00
20170531,31.00,31.44,28.80,29.07,51736286,1566460288.00
20170601,29.24,30.30,28.31,29.27,33314625,981074496.00
20170602,28.45,29.87,27.57,29.61,29527217,849489984.00
20170605,29.60,30.55,28.75,28.86,27168366,802826560.00
20170606,28.30,28.58,27.60,28.06,19760709,555752512.00
20170607,28.09,29.45,28.09,29.19,23880154,688590848.00
20170608,29.16,30.16,28.67,29.19,26514180,781293824.00
20170609,29.21,29.28,28.20,28.82,16267247,466147424.00
20170612,28.60,28.78,28.04,28.08,11176528,316961152.00
20170613,28.14,28.98,28.14,28.72,14107260,405031776.00
20170614,28.57,28.89,28.24,28.49,10986054,313966464.00
20170615,28.39,29.18,28.28,28.81,13440415,387677344.00
20170616,28.70,28.97,28.00,28.07,11716000,334391712.00
20170619,28.06,28.47,27.64,27.95,12277822,343255648.00
20170620,28.07,28.60,27.92,28.05,11713330,330829664.00
20170621,27.95,28.15,27.08,27.19,15319867,421514304.00
20170622,27.19,27.88,26.80,26.95,13829008,377572736.00
20170623,26.91,27.13,26.06,26.60,11036086,292806784.00
20170626,26.72,27.46,26.63,27.20,11025033,298247008.00
20170627,27.05,27.30,26.60,27.08,10134238,272971904.00
20170628,27.07,28.17,26.25,28.10,19009869,516513824.00
20170629,27.80,29.24,27.74,28.48,23446049,669534336.00
20170630,28.22,28.82,28.03,28.14,12255314,347466304.00
20170703,28.06,28.62,28.01,28.55,10426005,296076704.00
20170704,28.51,28.54,27.58,27.63,14053438,392675904.00
20170705,27.46,27.59,27.06,27.57,10648079,291153792.00
20170706,27.45,27.98,27.31,27.61,9922107,274306080.00
20170707,27.59,27.75,27.10,27.29,8314388,227452000.00
20170710,27.33,27.34,26.77,26.87,7614721,205526400.00
20170711,26.85,27.39,26.76,26.91,6769589,183777776.00
20170712,26.80,27.10,26.08,26.64,9414727,249247664.00
20170713,26.64,26.89,26.35,26.48,6144100,163385920.00
20170714,26.30,26.44,26.03,26.15,6813377,178425504.00
20170717,25.90,25.90,24.01,24.06,13551201,333965504.00
20170718,24.00,24.72,23.87,24.57,7182188,174777584.00
20170719,24.57,24.94,24.13,24.79,6068635,148637648.00
数据来源:通达信
