603131 上海沪工 日线 前复权
      日期	    开盘	    最高	    最低	    收盘	    成交量	    成交额
20160607,7.09,7.09,7.09,7.09,11763,170916.39
20160608,7.82,7.82,7.82,7.82,2778,44392.44
20160613,8.62,8.62,8.62,8.62,4211,74029.38
20160614,9.50,9.50,9.50,9.50,4143,80125.62
20160615,10.46,10.46,10.46,10.46,15463,328898.00
20160616,11.53,11.53,11.53,11.53,10563,247174.20
20160617,12.70,12.70,12.70,12.70,13069,336396.06
20160620,13.98,13.98,13.98,13.98,16200,458622.00
20160621,15.40,15.40,15.40,15.40,30363,945503.81
20160622,16.95,16.95,16.95,16.95,32100,1099425.00
20160623,18.67,18.67,18.67,18.67,28053,1057037.00
20160624,20.55,20.55,20.55,20.55,169072,7008034.50
20160627,22.63,22.63,22.63,22.63,103624,4725254.50
20160628,24.91,24.91,24.91,24.91,79688,3997150.00
20160629,27.42,27.42,27.42,27.42,52436,2893418.50
20160630,30.18,30.18,30.18,30.18,363038,22036406.00
20160701,33.21,33.21,33.21,33.21,604280,40347776.00
20160704,36.55,36.55,36.55,36.55,252056,18513514.00
20160705,40.23,40.23,40.23,40.23,125808,10165286.00
20160706,44.27,44.27,44.27,44.27,99883,8877601.00
20160707,48.71,48.71,48.71,48.71,167648,16390945.00
20160708,52.60,53.60,51.33,53.60,16406847,1745827584.00
20160711,51.83,53.83,48.23,48.55,10625500,1078899200.00
20160712,46.62,48.23,43.70,47.24,7501196,688144384.00
20160713,46.33,49.72,45.54,47.49,6074545,583396992.00
20160714,46.85,47.46,45.76,46.17,3933175,365735264.00
20160715,46.33,47.40,45.84,46.40,3444365,323113696.00
20160718,45.83,45.83,43.95,44.27,3879058,348082592.00
20160719,44.08,44.08,41.47,42.84,4357489,374082048.00
20160720,42.78,43.27,42.38,42.75,2367732,203870928.00
20160721,42.73,42.92,41.59,41.74,2832810,239662592.00
20160722,41.33,41.57,39.14,39.39,4238314,341462368.00
20160725,38.73,40.83,37.58,40.27,3901481,306003456.00
20160726,40.22,41.78,39.58,40.41,3582436,293631744.00
20160727,39.83,40.33,36.73,37.35,3872470,298916000.00
20160728,37.08,37.57,35.48,36.39,2800434,205158992.00
20160729,36.39,38.23,36.08,37.25,3540224,265027616.00
20160801,36.48,36.48,33.83,34.57,2672738,187767920.00
20160802,34.33,35.63,34.33,34.88,1818535,127828704.00
20160803,34.91,36.28,34.53,36.23,3227530,231111792.00
20160804,36.17,36.68,35.75,36.08,2501496,181844320.00
20160805,36.07,36.07,34.89,34.94,2295427,163149568.00
20160808,34.80,35.98,33.83,35.93,2493541,174582976.00
20160809,35.67,36.35,35.50,36.34,2589309,187800080.00
20160810,36.33,39.99,36.08,39.98,8040708,633129728.00
20160811,39.13,40.18,38.77,38.83,5574108,440325504.00
20160812,38.43,39.95,38.18,39.14,3810648,299518080.00
20160815,39.08,40.38,38.58,39.92,4548498,362015232.00
20160816,39.91,40.82,39.59,39.65,4022368,324827808.00
20160817,39.38,39.95,38.93,39.35,3127138,246827392.00
20160818,39.13,40.12,39.03,40.02,3583291,285106208.00
20160819,40.31,42.33,40.10,40.69,5281794,438977440.00
20160822,40.01,40.01,37.16,37.27,3991169,307990912.00
20160823,36.83,37.81,36.69,37.53,1857967,139330592.00
20160824,37.58,37.76,37.08,37.24,1439916,108120736.00
20160825,37.08,37.08,35.68,36.50,2072272,150540864.00
20160826,36.60,36.82,36.02,36.05,1422630,104058320.00
20160829,36.05,36.43,35.78,36.02,941777,68257536.00
20160830,36.04,36.35,35.93,36.14,1133736,82253784.00
20160831,36.23,37.82,35.99,37.38,2964138,220969920.00
20160901,37.39,37.42,36.18,36.22,1935828,143352352.00
20160902,36.03,36.55,35.83,36.01,1162365,84296336.00
20160905,36.01,36.73,35.99,36.12,923666,67238384.00
20160906,36.35,36.47,35.08,36.25,1383940,99639528.00
20160907,36.51,36.51,35.57,35.79,1176988,85117888.00
20160908,35.58,36.06,35.39,35.55,911387,65231816.00
20160909,35.39,35.68,34.88,34.94,1050469,74478880.00
20160912,34.08,34.08,33.08,33.51,1524941,102957808.00
20160913,33.84,33.91,33.33,33.48,891554,60212496.00
20160914,33.20,33.66,33.00,33.25,702727,47174476.00
20160919,33.30,33.73,33.30,33.53,767734,51747384.00
20160920,33.58,33.69,33.40,33.46,667339,44952732.00
20160921,33.57,33.73,33.34,33.50,761271,51292432.00
20160922,33.58,33.73,33.49,33.50,795582,53725824.00
20160923,33.51,33.73,32.43,32.45,1509350,99775800.00
20160926,32.33,32.34,29.97,30.00,1934281,120127296.00
20160927,29.95,30.95,29.83,30.77,1225423,74671520.00
20160928,30.73,30.82,30.48,30.75,664701,40957820.00
20160929,31.04,31.04,30.63,30.70,659841,40835608.00
20160930,30.70,30.70,29.93,30.18,796813,48575428.00
20161010,30.58,31.57,30.43,31.40,1190472,74470144.00
20161011,31.18,31.78,31.09,31.33,919128,57840480.00
20161012,31.13,31.88,31.10,31.76,1367706,87208816.00
20161013,31.77,31.98,31.59,31.75,881632,56315200.00
20161014,31.63,31.80,31.12,31.50,977985,61764564.00
20161017,31.72,31.73,31.23,31.28,817162,51745552.00
20161018,31.28,31.86,31.23,31.82,1180977,74910592.00
20161019,31.78,32.20,31.68,32.00,1192371,76539576.00
20161020,32.03,32.30,31.58,31.78,895889,57279372.00
20161021,31.86,32.08,31.33,31.67,1136791,72377016.00
20161024,31.66,32.62,31.42,32.38,1739512,112423944.00
20161025,32.46,35.58,32.13,34.21,3788774,257204416.00
20161026,33.75,33.83,33.17,33.23,2032859,136575776.00
20161027,33.19,34.07,33.08,33.29,1633905,110255096.00
20161028,32.63,34.03,32.62,32.96,1414924,94560192.00
20161031,32.97,33.24,32.52,33.20,1047666,69229296.00
20161101,33.13,34.12,33.00,33.83,1903453,128684544.00
20161102,34.03,34.03,33.40,33.52,1462284,98883072.00
20161103,33.16,34.12,33.13,33.63,1896387,128698960.00
20161104,33.57,36.67,33.57,35.03,3792619,266320464.00
20161107,35.33,35.52,34.58,34.71,2154386,150945040.00
20161108,34.85,35.06,34.33,34.92,1742070,121692016.00
20161109,34.92,35.68,33.83,35.41,2984898,209906176.00
20161110,36.13,37.01,35.78,36.38,3796395,277853568.00
20161111,36.02,37.31,35.88,36.03,3225410,236812512.00
20161114,35.84,35.97,35.06,35.62,2233885,159365792.00
20161115,35.62,35.73,35.13,35.69,1187606,84381048.00
20161116,35.68,35.78,34.83,34.93,1109842,78690024.00
20161117,34.74,34.93,33.73,33.81,1884708,129065000.00
20161118,34.02,34.80,33.98,34.22,1557511,107782584.00
20161121,34.08,35.58,34.08,35.55,2352404,165690880.00
20161122,35.88,36.33,35.40,36.09,2849644,205961824.00
20161123,36.18,36.18,35.01,35.07,1829402,130278688.00
20161124,35.09,35.62,34.60,34.81,1148872,81036872.00
20161125,34.58,34.81,33.33,34.71,1333876,91537968.00
20161128,34.53,34.93,34.03,34.14,873753,60258272.00
20161129,34.18,34.54,33.47,33.48,872179,59392444.00
20161130,33.34,33.73,33.16,33.29,719351,48277392.00
20161201,33.29,33.75,33.29,33.57,756688,50913720.00
20161202,33.40,33.62,32.17,32.18,1406362,92234536.00
20161205,31.82,32.47,31.38,31.94,549479,35371456.00
20161206,32.04,32.65,32.04,32.31,768251,50008280.00
20161207,32.28,32.63,32.18,32.49,588963,38314772.00
20161208,32.51,32.66,31.99,32.02,518645,33572648.00
20161209,32.02,32.20,31.16,31.37,736023,46702672.00
20161212,31.53,31.53,29.20,29.36,1168210,71000408.00
20161213,29.13,29.67,28.85,29.47,815225,47949736.00
20161214,29.48,29.53,28.88,29.02,569549,33436688.00
20161215,29.00,29.82,28.87,29.44,793602,47082976.00
20161216,29.44,29.91,29.38,29.82,550158,32882684.00
20161219,29.87,29.88,29.38,29.46,480772,28596974.00
20161220,29.46,29.64,29.18,29.53,451765,26737110.00
20161221,29.54,29.92,29.53,29.91,620085,37051184.00
20161222,29.98,30.41,29.68,30.25,767144,46283892.00
20161223,30.12,30.12,29.26,29.37,684682,40794636.00
20161226,29.38,29.62,27.83,29.19,818632,47160688.00
20161227,29.19,29.55,29.01,29.28,462240,27236116.00
20161228,29.13,29.77,29.09,29.30,476270,28227392.00
20161229,29.30,29.69,29.07,29.30,415400,24581840.00
20161230,29.58,29.60,29.05,29.09,317904,18663304.00
20170103,29.09,29.48,29.09,29.44,524858,31009270.00
20170104,29.54,29.75,29.27,29.67,454207,26999672.00
20170105,29.75,29.75,29.34,29.40,427316,25379742.00
20170106,29.40,29.50,28.76,28.77,580000,33788180.00
20170109,28.77,28.89,28.18,28.28,493747,28213568.00
20170110,28.37,28.66,28.16,28.24,389145,22261976.00
20170111,28.33,28.53,27.62,27.67,547009,30797884.00
20170112,27.68,27.93,27.28,27.34,448891,24884602.00
20170113,27.34,27.48,24.59,25.63,977804,51655576.00
20170116,25.33,25.33,23.05,23.34,1364277,65943156.00
20170117,23.34,24.16,22.13,23.94,1133910,52910688.00
20170118,23.83,23.83,22.92,23.01,540344,25286132.00
20170119,22.83,23.52,22.51,23.11,533200,24869930.00
20170120,23.09,24.27,22.83,23.84,865580,41423696.00
20170123,23.70,24.56,23.70,23.97,531089,25707068.00
20170124,23.97,24.27,23.48,23.53,407207,19463458.00
20170125,23.58,23.95,23.41,23.66,410490,19606116.00
20170126,23.71,23.96,23.71,23.88,451975,21729852.00
20170203,24.03,24.03,23.83,23.92,316800,15278059.00
20170206,23.99,24.72,23.86,24.62,603101,29626392.00
20170207,24.62,24.73,24.33,24.46,533550,26346528.00
20170208,24.48,24.82,24.33,24.75,595006,29483142.00
20170209,24.75,25.83,24.63,25.28,1153179,59100864.00
20170210,25.26,25.26,24.65,24.79,684078,34290936.00
20170213,24.83,25.24,24.59,25.17,651682,32891842.00
20170214,25.13,25.98,25.01,25.42,776740,39904256.00
20170215,25.41,26.58,25.33,26.03,1662098,86891968.00
20170216,26.33,26.33,25.30,25.65,1025149,52986444.00
20170217,25.43,25.78,24.83,24.83,816510,41538404.00
20170220,24.80,24.95,24.12,24.57,693341,34128860.00
20170221,24.78,25.05,24.55,24.95,579917,29013288.00
20170222,24.95,25.14,24.69,25.00,584355,29282112.00
20170223,24.98,25.47,24.77,25.19,694903,35160652.00
20170224,25.21,25.60,25.08,25.52,646264,33064704.00
20170227,25.50,25.76,24.83,24.97,835646,42564308.00
20170228,24.97,25.42,24.95,25.38,593051,30107688.00
20170301,25.27,25.75,25.24,25.43,774995,39773324.00
20170302,25.44,25.60,24.98,25.09,714329,36239048.00
20170303,24.92,25.02,24.68,24.96,615849,30806884.00
20170306,24.97,26.02,24.97,25.97,1497238,77276096.00
20170307,25.97,26.20,25.67,26.14,1373935,71715864.00
20170308,26.23,26.23,25.64,25.77,878175,45663116.00
20170309,25.62,25.72,25.28,25.69,788763,40439864.00
20170310,25.65,26.47,25.58,26.27,1516348,79900280.00
20170313,26.26,26.86,25.67,26.84,1920472,102461704.00
20170314,26.84,27.43,26.68,26.73,1587129,86066944.00
20170315,26.63,27.07,26.45,27.05,1404919,75784008.00
20170316,27.06,27.75,26.93,27.72,2043192,112849232.00
20170317,27.75,27.77,26.80,26.82,1675177,92111200.00
20170320,26.72,27.17,26.57,27.16,1031156,55785768.00
20170321,27.10,27.73,27.10,27.45,1233368,68101024.00
20170322,27.33,27.93,26.88,27.83,1973299,109142848.00
20170323,27.83,28.82,27.64,28.46,3024467,172515104.00
20170324,28.38,28.72,28.08,28.50,1475166,84132944.00
20170327,28.68,28.96,28.23,28.46,1305093,74919232.00
20170329,28.83,30.33,28.06,28.07,3333010,196327680.00
20170330,26.98,27.13,25.72,25.77,2390733,126329272.00
20170331,25.58,26.28,25.53,25.89,1004166,52451816.00
20170405,25.78,26.73,25.78,26.67,1456569,77373400.00
20170406,26.73,28.58,26.53,27.61,2138310,119020352.00
20170407,27.67,28.42,27.13,27.32,1294355,71964504.00
20170410,27.05,27.05,25.78,25.89,1259527,66341280.00
20170411,25.58,26.57,25.53,26.54,820952,43135520.00
20170412,26.64,26.66,26.33,26.44,746586,39838020.00
20170413,26.44,26.65,25.83,25.95,627600,33175428.00
20170414,25.83,26.01,25.63,25.68,591736,30661988.00
20170417,25.66,25.66,24.28,24.29,755100,37496552.00
20170418,24.33,24.62,23.07,23.18,1033532,49434000.00
20170419,22.87,24.00,22.87,23.83,671760,31701256.00
20170420,23.83,24.22,22.88,23.17,662918,31297834.00
20170421,23.28,23.72,23.28,23.46,435414,20602622.00
20170424,23.41,23.41,21.80,23.07,582810,26851844.00
20170425,23.05,23.58,23.05,23.29,305876,14401525.00
20170426,23.29,23.77,23.29,23.58,417807,19871956.00
20170427,23.54,24.28,23.07,24.11,640064,30572732.00
20170428,24.13,24.32,23.95,24.07,483900,23558818.00
20170502,24.22,24.22,23.68,23.74,356618,17223302.00
20170503,23.63,24.00,23.63,23.97,319070,15326445.00
20170504,24.00,24.05,23.63,23.93,439700,21137698.00
20170505,23.93,24.95,23.82,24.78,1358807,67032204.00
20170508,24.93,25.89,24.80,24.94,1752982,89499144.00
20170509,24.58,25.23,24.08,25.03,939657,46628116.00
20170510,25.20,25.83,24.83,25.51,1562104,80310512.00
20170511,25.17,25.82,24.84,25.79,1357398,69530768.00
20170512,25.58,25.95,25.10,25.35,1030569,52903080.00
20170515,25.38,25.40,24.96,25.22,683754,34576364.00
20170516,25.68,27.12,25.43,26.67,2092054,110446984.00
20170517,26.69,26.72,26.08,26.36,1425300,75728472.00
20170518,26.05,26.67,25.99,26.49,856047,45461632.00
20170519,26.51,26.58,26.04,26.15,762418,40248304.00
20170522,26.23,26.24,24.90,24.96,922538,47240872.00
20170523,24.54,25.18,24.23,24.53,971237,48084756.00
20170524,24.28,25.90,24.28,25.40,1238718,31234344.00
20170525,24.02,24.90,22.90,23.74,2209763,52622652.00
20170526,23.75,24.10,23.10,23.17,1304223,30595528.00
20170531,23.90,24.17,22.91,22.96,1222207,28788738.00
20170601,22.70,22.87,20.88,20.96,1800629,39216392.00
20170602,20.98,21.50,20.56,21.27,1298068,27336980.00
20170605,21.27,21.55,20.81,21.19,1337562,28322156.00
20170606,21.11,21.25,20.86,21.21,815462,17206698.00
20170607,21.24,22.77,21.24,22.50,2684564,59621928.00
20170608,22.65,22.77,22.00,22.21,1957728,43810180.00
20170609,22.00,23.44,21.83,23.11,2882258,66161564.00
20170612,22.72,22.88,22.03,22.06,1780024,39813864.00
20170613,21.85,22.74,21.85,22.54,1366402,30696766.00
20170614,22.48,22.98,22.06,22.78,1832812,41140616.00
20170615,22.50,23.35,22.45,23.22,2404470,55647792.00
20170616,23.01,23.44,22.81,23.03,1480056,34099296.00
20170619,22.83,23.01,22.58,22.65,1231300,28012044.00
20170620,22.84,23.25,22.60,22.90,1621918,37135016.00
20170621,22.84,23.10,22.63,22.77,876996,19992540.00
20170622,22.71,22.98,21.60,21.87,1254898,28056820.00
20170623,21.80,22.16,21.61,22.14,946730,20779656.00
20170626,22.14,22.32,22.00,22.28,612230,13579066.00
20170627,22.27,22.51,22.11,22.21,560200,12490618.00
20170628,22.20,22.20,21.78,21.80,680100,14898487.00
20170629,21.80,22.10,21.71,21.87,453600,9950121.00
20170630,21.99,23.34,21.80,22.88,2710434,61989780.00
数据来源:通达信
