603197 保隆科技 日线 前复权
      日期	    开盘	    最高	    最低	    收盘	    成交量	    成交额
20170519,32.93,32.93,32.93,32.93,17162,565145.00
20170522,36.22,36.22,36.22,36.22,8366,303017.00
20170523,39.84,39.84,39.84,39.84,9868,393141.00
20170524,43.82,43.82,43.82,43.82,79499,3483646.00
20170525,48.20,48.20,48.20,48.20,110276,5315303.00
20170526,53.02,53.02,53.02,53.02,2919549,154794496.00
20170531,58.32,58.32,53.51,54.97,16762349,938938688.00
20170601,52.95,53.38,49.47,49.47,11479215,583216512.00
20170602,46.80,48.56,45.52,48.40,8542559,403228256.00
20170605,49.01,50.34,46.78,46.88,8488790,414525216.00
20170606,45.30,45.45,43.00,44.39,8636306,383110912.00
20170607,44.00,46.35,43.89,45.64,7653578,347076736.00
20170608,45.28,45.49,43.52,43.81,6376528,283075520.00
20170609,43.62,44.99,43.21,44.51,4737311,209710480.00
20170612,43.51,43.51,41.38,41.72,5274093,224001104.00
20170613,41.78,42.89,41.75,42.22,3474101,147089776.00
20170614,42.14,42.65,41.50,42.38,3115772,131314512.00
20170615,42.38,43.86,42.29,43.21,4381074,190178736.00
20170616,43.20,43.39,42.34,42.54,2701857,115271616.00
20170619,42.55,42.70,42.07,42.58,1713956,72670752.00
20170620,43.01,46.84,43.01,46.84,9581944,439285376.00
20170621,48.50,51.52,48.16,51.52,10825415,539438976.00
20170622,51.88,54.19,49.31,50.75,17299110,889389376.00
20170623,50.30,54.38,49.55,52.74,13281606,694130880.00
20170626,53.77,57.00,52.08,54.92,12346966,670794880.00
20170627,54.51,56.32,53.01,53.73,9689391,531733696.00
20170628,53.18,53.69,51.23,52.07,7681780,402498976.00
20170629,53.77,54.42,52.64,53.02,7119978,381128448.00
20170630,53.90,54.24,51.55,53.05,6816915,362211296.00
20170703,53.38,56.52,51.28,56.24,8043171,429064000.00
20170704,55.38,56.26,54.50,54.86,5438213,300687648.00
20170705,54.51,57.36,54.12,54.78,8840173,490723488.00
20170706,52.95,53.61,51.83,53.22,7865502,415337984.00
20170707,52.18,53.56,52.05,53.11,5390405,284751744.00
20170710,52.61,54.70,51.38,52.76,5821874,307841600.00
20170711,52.01,52.97,47.48,47.48,6247223,314086208.00
20170712,47.51,48.50,46.66,48.05,4215616,200899104.00
20170713,47.70,47.77,44.96,46.19,5500083,253777056.00
20170714,45.89,47.45,45.81,46.13,3465594,161630944.00
20170717,45.18,45.18,42.00,43.60,4594516,200594064.00
20170718,43.22,45.38,43.20,44.79,3482293,154847056.00
20170719,44.20,45.78,44.00,45.42,3626742,162938688.00
数据来源:通达信
