603268 松发股份 日线 前复权
      日期	    开盘	    最高	    最低	    收盘	    成交量	    成交额
20150319,13.66,16.46,13.66,16.46,32000,537000.00
20150320,18.14,18.14,18.14,18.14,6607,122031.29
20150323,19.99,19.99,19.99,19.99,13400,272288.00
20150324,22.02,22.02,22.02,22.02,47000,1050450.00
20150325,24.26,24.26,24.26,24.26,65400,1608186.00
20150326,26.72,26.72,26.72,26.72,244200,6605610.00
20150327,28.17,28.43,26.67,27.74,13447065,375392384.00
20150330,28.09,29.97,27.70,28.75,10627779,309901152.00
20150331,27.67,28.65,27.47,28.42,6586471,186027152.00
20150401,28.17,29.64,28.17,28.95,6118300,179842544.00
20150402,28.67,31.88,28.48,31.88,5859094,180466976.00
20150403,31.88,33.57,30.67,32.79,9668379,315124768.00
20150407,31.67,32.55,31.38,32.41,5640909,182581440.00
20150408,32.17,32.90,30.67,32.80,5470244,176056624.00
20150409,32.31,32.87,30.84,31.82,3613354,116170024.00
20150410,31.66,33.33,31.37,32.82,5150726,169908800.00
20150413,32.75,33.81,31.88,33.06,4943307,164473056.00
20150414,32.86,34.86,32.37,34.72,5234784,176510688.00
20150415,34.17,34.17,32.07,32.09,3481459,116034136.00
20150416,32.02,32.66,31.13,31.79,1983496,63858432.00
20150417,32.07,32.47,31.37,31.42,2698311,86606528.00
20150420,31.45,31.45,30.01,30.04,2644653,81937496.00
20150421,30.04,31.16,29.97,30.99,1930454,60001896.00
20150422,31.00,31.84,31.00,31.55,2535188,80672688.00
20150423,31.58,31.60,31.08,31.41,2226300,70480928.00
20150424,30.92,32.34,30.70,32.21,3691584,118530760.00
20150427,32.29,32.87,31.90,32.45,3690460,120692264.00
20150428,32.36,32.41,30.98,31.27,2608008,83393240.00
20150429,30.97,32.34,30.78,32.27,2054549,66042292.00
20150430,32.16,35.53,32.07,33.75,8990312,313020128.00
20150504,33.79,37.16,32.73,37.16,7786660,278728672.00
20150505,38.66,40.82,36.23,39.40,7974153,308500288.00
20150506,38.57,42.27,37.67,39.31,7432068,303616096.00
20150507,38.27,40.81,37.31,40.12,5041623,199563312.00
20150508,39.48,43.15,39.37,42.11,5345180,222113552.00
20150511,42.51,42.53,40.67,41.33,7023001,291979232.00
20150512,40.91,41.05,39.02,40.31,7027896,282045120.00
20150513,39.50,41.35,38.75,40.15,4427223,179049808.00
20150514,39.69,44.20,39.52,44.20,6275994,266776320.00
20150515,43.67,45.67,41.17,42.93,5773342,250068592.00
20150518,42.01,47.10,41.99,46.61,5641620,258777856.00
20150519,46.67,47.47,44.37,45.29,4719099,216513232.00
20150520,44.27,47.64,43.27,43.95,4858407,222149968.00
20150521,43.68,45.17,43.17,44.98,3223453,143620160.00
20150522,45.67,48.65,43.99,47.63,4951776,230039008.00
20150525,47.37,51.67,46.19,50.22,4896787,243172208.00
20150526,50.10,55.28,49.72,55.28,5186335,276279616.00
20150527,58.67,60.84,55.67,60.84,4722001,280582176.00
20150528,65.67,66.96,54.87,55.32,5689591,374086432.00
20150529,54.07,60.42,49.76,57.47,6834618,382904288.00
20150601,56.67,61.67,53.17,60.61,5665655,328568992.00
20150602,58.87,63.47,58.87,60.19,4674026,286568768.00
20150603,61.37,61.67,58.11,59.63,3633502,217638208.00
20150604,59.58,62.67,53.67,55.49,3563431,204354080.00
20150605,56.17,56.67,53.12,54.41,2894197,159121344.00
20150608,54.30,54.30,49.67,49.88,2811355,144819632.00
20150609,49.76,52.23,48.70,51.02,1810859,92688768.00
20150610,50.50,54.88,49.77,53.75,2569892,137864176.00
20150611,53.82,56.31,53.22,55.71,1878148,103262224.00
20150612,55.35,55.96,52.78,53.37,2138776,115847432.00
20150615,52.67,52.68,49.39,49.70,1933387,98706592.00
20150616,48.67,48.67,45.43,46.76,1821762,85922440.00
20150617,46.87,49.24,46.77,48.80,2224601,107464712.00
20150618,48.78,51.45,45.77,47.03,2442487,122340352.00
20150619,46.71,46.71,42.43,43.55,1495965,67462320.00
20150623,43.43,46.82,43.37,46.57,1881364,84849200.00
20150624,47.28,49.37,45.77,48.68,2011377,96070848.00
20150625,48.97,53.57,46.77,50.64,3941736,201902448.00
20150626,49.08,52.98,45.67,47.19,3028351,152413232.00
20150629,49.07,49.97,42.45,42.45,2650765,120773672.00
20150630,40.31,44.45,38.18,42.63,2614948,106332520.00
20150701,41.62,44.21,38.34,38.34,1965868,81674472.00
20150702,37.19,37.29,34.48,34.48,2315149,82022904.00
20150703,32.57,34.77,31.01,31.01,2200901,70518304.00
20150706,34.08,34.13,27.89,28.48,3389569,104953960.00
20150707,27.65,27.65,25.61,25.61,977040,25728198.00
20150708,23.03,23.77,23.03,23.03,3068911,71448240.00
20150709,23.00,25.36,22.21,25.36,2346233,58044416.00
20150710,27.38,27.92,26.77,27.92,689953,19159288.00
20150713,30.74,30.74,29.42,30.74,4859083,147723888.00
20150714,31.47,33.84,30.87,33.82,5893042,196393504.00
20150715,32.67,33.15,30.42,30.43,2983751,93470360.00
20150716,27.78,33.50,27.78,33.50,4505390,147106944.00
20150717,34.16,36.75,33.66,36.10,2037101,71811400.00
20150720,35.97,37.64,34.88,36.16,1876208,68939336.00
20150721,35.77,37.74,34.97,37.25,1557388,58079520.00
20150722,36.77,39.46,36.18,39.39,2681399,102950568.00
20150723,38.90,42.57,38.52,41.10,1910164,77380368.00
20150724,41.18,41.76,39.09,39.48,1573479,64481664.00
20150727,38.85,41.33,37.27,39.05,2484539,98342952.00
20150728,37.49,42.98,35.65,42.98,3308363,136497424.00
20150729,43.83,47.30,41.77,47.30,2595019,117379944.00
20150730,48.57,50.57,44.27,44.83,2970767,142009440.00
20150731,42.90,46.45,41.67,43.87,1786905,78474520.00
20150803,43.97,43.97,39.46,41.80,2033232,84820216.00
20150804,41.80,45.22,40.78,44.89,1131667,48994936.00
20150805,45.11,47.77,42.70,45.67,2375090,106263064.00
20150806,43.57,45.05,42.97,43.16,902490,39897532.00
20150807,43.72,46.39,43.18,45.09,1043002,47277512.00
20150810,45.09,47.16,44.08,46.60,999940,46549980.00
20150811,46.37,47.46,45.35,46.02,903551,42391336.00
20150812,45.26,46.77,45.09,45.60,631951,29054024.00
20150813,45.00,46.25,44.07,45.74,472921,21544212.00
20150814,46.27,50.33,43.07,50.28,2352561,112427728.00
20150817,49.67,49.67,45.23,45.23,5937918,271796800.00
20150818,42.57,43.72,40.68,40.68,3366200,141078496.00
20150819,37.67,40.77,36.59,39.24,2343929,89513800.00
20150820,38.86,38.87,35.29,35.29,1544070,57527192.00
20150821,35.83,35.83,32.06,32.31,1700301,58412604.00
20150824,29.27,31.27,29.09,30.72,2139258,63921040.00
20150825,28.77,33.66,27.87,33.59,3662156,113349296.00
20150826,33.77,36.77,33.14,36.25,3994706,142735264.00
20150827,35.99,35.99,32.60,33.78,3342674,113784744.00
20150828,33.87,36.37,32.79,35.82,2538697,87490888.00
20150831,34.77,34.77,32.22,34.17,1860342,62515516.00
20150901,32.87,34.88,30.73,34.71,2169242,71358832.00
20150902,32.71,36.07,31.87,32.23,1346629,46307848.00
20150907,31.77,34.02,30.77,31.79,743533,24294720.00
20150908,31.79,33.53,30.97,33.31,821539,26855428.00
20150909,33.96,34.77,33.32,34.21,1260311,43424212.00
20150910,33.52,33.75,32.38,32.77,726450,24296218.00
20150911,32.27,33.24,31.98,32.29,607970,19940634.00
20150914,32.09,33.39,29.04,32.62,1108200,34231256.00
20150915,31.66,32.80,30.37,32.68,948410,30488130.00
20150916,32.74,35.97,32.42,35.87,1598602,55231416.00
20150917,34.97,36.13,33.77,35.42,1484372,52331796.00
20150918,34.77,35.41,34.27,35.21,665171,23291362.00
20150921,34.65,36.75,33.95,36.06,921000,33121406.00
20150922,35.54,36.06,34.58,34.93,753000,26723192.00
20150923,33.77,34.52,33.29,33.95,573800,19589424.00
20150924,34.76,34.76,33.47,34.15,477137,16420204.00
20150925,34.14,37.59,33.47,37.58,3114593,113557800.00
20150928,38.12,40.02,36.87,38.97,2850653,110651472.00
20150929,37.08,38.46,36.77,37.64,1471181,55564352.00
20150930,37.46,40.37,35.80,40.23,3501321,135107712.00
20151008,40.76,44.27,40.76,44.25,3466312,148475200.00
20151009,42.53,43.77,41.65,42.71,1782201,76483384.00
20151012,41.77,44.37,41.77,43.48,1659534,72352472.00
20151013,43.59,45.20,42.45,43.20,2295991,101547312.00
20151014,42.75,43.17,41.44,41.48,1354534,57087148.00
20151015,41.58,42.69,41.18,42.56,1266218,53494436.00
20151016,43.16,43.45,41.37,43.08,1469700,62539280.00
20151019,42.80,43.17,41.37,41.59,1061398,44745240.00
20151020,41.69,42.95,41.38,42.18,1062334,45073576.00
20151021,42.75,42.76,37.94,37.94,1280150,51805940.00
20151022,36.77,39.06,36.77,38.37,1224100,46502472.00
20151023,38.57,39.27,37.98,38.62,1118050,43225584.00
20151026,38.74,39.65,38.62,38.99,1104464,43410020.00
20151027,38.82,39.07,35.80,38.60,849980,32659736.00
20151028,38.87,42.48,38.27,42.48,2002308,81793896.00
20151029,42.48,43.67,41.15,41.60,1741522,73849776.00
20151030,42.37,42.72,40.27,40.76,1398008,58214384.00
20151102,40.17,44.27,38.97,41.19,1492824,63436756.00
20151103,40.79,43.77,37.09,43.38,3402146,140922864.00
20151104,43.27,44.57,42.57,44.27,2663021,117659920.00
20151105,43.81,45.45,42.69,43.67,1965916,87330480.00
20151106,43.77,44.74,43.48,44.38,1792356,79559392.00
20151109,44.37,47.05,42.76,46.30,2694978,122494752.00
20151110,45.65,47.17,45.02,45.38,1735005,80204872.00
20151111,45.22,49.47,44.82,48.92,2652598,125643504.00
20151112,48.77,52.27,48.01,51.67,3080539,155043712.00
20151113,50.21,51.25,46.48,46.48,2402293,116425048.00
20151116,44.65,47.66,44.28,46.81,866369,40231376.00
20151117,47.27,48.12,46.39,47.29,1286275,61144152.00
20151118,47.27,47.56,43.87,44.00,1252534,57144292.00
20151119,44.21,45.94,44.09,45.90,653837,29616090.00
20151120,45.89,50.51,45.67,50.51,2788035,138663744.00
20151123,55.57,55.58,51.58,55.58,5198323,286939680.00
20151124,56.52,61.07,53.28,61.00,5571165,315056288.00
20151125,58.77,67.12,58.33,66.89,6499500,417071872.00
20151126,68.23,72.22,62.88,63.83,5279294,356932256.00
20151127,63.65,64.61,57.42,57.42,3243968,198970016.00
20151130,58.37,61.77,57.37,61.66,4169455,250690496.00
20151201,59.87,62.75,55.47,56.40,2455331,145662016.00
20151202,56.18,56.77,51.69,54.92,2613096,142492080.00
20151203,55.83,58.37,54.98,57.27,2298174,130630104.00
20151204,56.75,58.24,54.03,56.90,2673835,152290464.00
20151207,56.85,58.60,55.59,58.30,1902317,109841088.00
20151208,58.26,59.14,55.67,58.15,1974680,114198672.00
20151209,57.77,63.63,56.79,63.18,2863250,174699168.00
20151210,61.77,68.17,60.87,65.45,3961168,258263872.00
20151211,63.87,64.77,58.88,60.38,1910117,118523560.00
20151214,57.27,60.58,57.27,59.59,1017374,59966636.00
20151215,61.13,63.37,59.55,60.02,1443850,88239640.00
20151216,59.38,61.12,58.97,60.02,1079601,65259768.00
20151217,60.47,61.87,60.47,61.66,1399370,86031832.00
20151218,61.63,64.41,61.08,63.41,1734385,108829008.00
20151221,63.27,64.67,62.13,63.31,1394473,88412352.00
20151222,63.31,63.75,61.08,61.27,1439976,89172408.00
20151223,61.29,61.65,57.89,58.63,1427713,84961168.00
20151224,58.76,62.65,57.84,61.98,1285749,77773952.00
20151225,62.17,64.75,61.99,63.95,2393064,152871520.00
20151228,62.97,64.17,59.95,63.22,1594119,99265984.00
20151229,62.57,64.37,60.76,64.35,1034778,65182440.00
20151230,64.26,67.55,64.17,66.79,3156407,211264448.00
20151231,67.27,72.86,65.77,68.45,2623637,183972240.00
20160104,68.47,69.43,61.58,61.58,940270,60633248.00
20160105,56.92,63.03,55.40,57.66,1126299,66322748.00
20160106,59.77,60.77,55.77,60.51,1087772,63771168.00
20160107,58.77,59.07,54.44,54.44,220350,12517687.00
20160108,55.90,56.75,49.03,52.30,1336222,71377024.00
20160111,50.57,50.77,47.05,47.05,1199481,57815484.00
20160112,46.75,46.77,42.32,43.44,2206284,96072272.00
20160113,43.42,44.05,39.07,39.07,1369734,57693668.00
20160114,36.47,41.47,35.28,40.88,1985778,75943816.00
20160115,39.77,40.76,36.77,36.92,2064609,80067024.00
20160118,35.42,39.27,35.07,38.37,1603102,60977880.00
20160119,38.17,42.23,37.75,42.23,1955439,78918752.00
20160120,42.77,45.06,42.27,43.26,2209081,97040784.00
20160121,42.27,43.26,41.05,42.25,2010768,85196416.00
20160122,43.77,46.30,42.08,44.72,2668537,117960008.00
20160125,44.50,47.26,43.65,47.02,2193745,99827448.00
20160126,45.77,45.77,42.30,42.30,1125199,49928676.00
20160127,42.27,43.48,38.05,40.52,2479967,98194808.00
20160128,38.37,40.67,36.45,36.45,1364805,51932632.00
20160129,36.42,39.53,35.32,39.09,1360383,51714344.00
20160201,39.09,39.09,37.18,38.23,1002221,38198552.00
20160202,38.22,41.16,37.40,39.76,985757,39679912.00
20160203,39.15,40.67,38.47,40.17,924210,36802584.00
20160204,39.82,42.27,39.82,41.39,949960,39546852.00
20160205,41.71,43.27,40.92,42.24,1259336,53832940.00
20160215,39.59,41.77,39.59,41.17,656717,26989016.00
20160216,40.76,43.77,40.74,42.97,1802097,76761896.00
20160217,42.47,43.22,41.79,42.73,1854022,79015056.00
20160218,44.77,45.72,42.95,43.03,2048033,90212072.00
20160219,41.82,43.77,41.78,43.55,1973311,85154560.00
20160222,43.96,44.75,42.46,43.62,3000345,130686104.00
20160223,43.68,43.77,41.98,42.75,2259744,96526880.00
20160224,42.57,43.10,40.77,41.42,1787867,74943120.00
20160225,40.79,41.62,37.26,37.26,1612324,63140384.00
20160226,37.22,37.99,35.38,36.36,2016760,74334944.00
20160229,36.45,36.77,32.70,32.70,1701952,57327888.00
20160301,32.73,34.55,30.97,34.08,2419172,80525896.00
20160302,34.07,37.51,33.78,37.07,2398099,87085168.00
20160303,36.84,38.63,36.47,37.58,1831567,69080720.00
20160304,37.78,37.99,34.77,36.61,1301079,47752220.00
20160307,37.71,38.97,37.57,38.43,1708283,65808612.00
20160308,39.19,40.75,38.65,40.01,2393218,95147136.00
20160309,39.98,40.00,37.54,37.96,1299084,50121132.00
20160310,38.08,38.92,36.83,37.24,879489,33421448.00
20160311,36.34,37.50,36.32,36.96,702531,25954484.00
20160314,37.27,39.32,36.83,38.05,1767314,68053144.00
20160315,37.67,37.93,35.87,36.82,1369178,50856644.00
20160316,37.27,39.21,37.17,38.10,2320605,89381528.00
20160317,36.62,41.67,36.62,40.18,2866587,111547928.00
20160318,39.33,43.57,39.33,42.82,2895677,121398376.00
20160628,42.08,44.14,40.69,43.24,6933651,291564320.00
20160629,42.12,42.75,41.52,41.86,3507632,147711408.00
20160630,41.55,41.86,39.63,39.79,4141948,168627552.00
20160701,39.89,40.83,39.68,40.39,2308327,93525224.00
20160704,40.36,41.01,40.03,40.97,2881369,117740624.00
20160705,41.06,41.30,40.16,40.85,2724275,111355768.00
20160706,40.84,42.07,40.59,41.97,3920853,163070960.00
20160707,42.05,46.18,41.89,46.18,6790207,302632288.00
20160708,46.26,50.46,46.26,47.34,11089012,530936832.00
20160711,46.95,49.86,45.57,49.37,9208306,441656960.00
20160712,48.56,48.70,46.66,48.11,5553919,266321152.00
20160713,46.86,47.08,45.68,46.30,4984405,231154512.00
20160714,46.06,47.67,45.71,46.76,4517902,211418160.00
20160715,46.34,49.40,45.96,48.33,5138894,245918000.00
20160718,47.76,50.63,47.19,49.50,4992468,246338960.00
20160719,49.56,49.56,47.59,48.59,2827158,136912160.00
20160720,48.62,49.34,47.76,48.61,2667934,129867936.00
20160721,48.27,50.80,48.07,50.22,5497742,273918016.00
20160722,49.36,55.25,48.36,48.73,10447661,534386016.00
20160725,47.06,53.62,46.37,53.62,12560758,648596544.00
20160726,52.06,52.86,50.37,51.44,10182048,527544096.00
20160727,50.91,51.73,47.00,48.49,9037504,453369376.00
20160728,48.36,50.85,47.96,50.18,4580155,227950992.00
20160729,49.85,51.46,48.92,49.65,5291810,266221360.00
20160801,48.97,49.86,47.36,48.47,2917982,141375104.00
20160802,47.97,49.73,47.90,49.23,2877545,141589776.00
20160803,48.01,51.35,47.46,50.37,11799661,590091648.00
20160804,50.16,50.16,48.38,48.55,6627140,328056576.00
20160805,47.87,50.16,47.87,48.48,5055260,250049648.00
20160808,48.46,48.46,46.38,46.64,3120084,147271712.00
20160809,46.56,47.59,46.21,46.85,2108900,99230000.00
20160810,46.64,48.16,46.62,47.79,3612595,172649248.00
20160811,47.36,48.18,46.93,47.17,1935014,92208592.00
20160812,47.17,47.51,46.47,46.97,1520750,71465248.00
20160815,46.97,49.52,46.83,48.80,4871796,237356864.00
20160816,48.86,49.12,48.46,48.82,1853400,90715496.00
20160817,48.86,50.26,48.06,49.94,2844865,140401648.00
20160818,49.54,50.86,49.36,50.35,5898980,297179200.00
20160819,49.54,49.66,48.16,48.66,3269844,160637872.00
20160822,48.36,49.35,47.27,48.10,3570216,172212208.00
20160823,47.77,48.41,47.48,47.82,1570886,75503600.00
20160824,47.82,49.17,47.82,48.40,1272554,61922236.00
20160825,48.21,48.24,47.47,47.68,1256950,60194984.00
20160826,47.79,49.23,47.69,47.90,2948382,143938624.00
20160829,47.46,48.35,47.46,47.74,1730000,83140848.00
20160830,47.74,48.81,47.74,48.24,2067632,100338192.00
20160831,48.23,48.25,47.12,47.31,2269100,108489184.00
20160901,47.30,52.06,42.58,51.34,7385743,372371264.00
20160902,51.16,51.34,49.34,50.04,3324500,168645344.00
20160905,49.36,53.36,49.36,51.36,4980246,258466656.00
20160906,51.63,52.96,50.09,52.00,3709566,191277120.00
20160907,52.00,55.99,51.49,53.03,9522187,516174272.00
20160908,52.79,55.97,51.83,52.02,14471251,784914112.00
20160909,50.66,52.36,50.22,50.27,5834307,300705632.00
20160912,48.91,51.78,48.36,50.29,6223302,311865312.00
20160913,50.29,54.22,50.29,53.16,7992523,421575584.00
20160914,52.58,58.49,51.88,58.49,11198477,634500096.00
20160919,59.27,64.35,57.46,64.35,12387932,754582912.00
20160920,64.86,65.36,57.90,58.89,23891223,1411616256.00
20160921,56.06,56.74,52.99,52.99,13470022,726570240.00
20160922,52.12,53.47,51.88,52.28,9910873,521335744.00
20160923,52.14,52.14,49.76,49.91,7880308,401373824.00
20160926,49.86,49.88,47.54,47.61,5838415,284696448.00
20160927,47.86,48.12,46.61,47.78,4189565,198828720.00
20160928,47.86,48.85,47.20,48.14,4959945,239576352.00
20160929,48.13,48.36,46.86,46.98,3930045,186938080.00
20160930,46.86,47.31,46.42,46.69,2665910,125271040.00
20161010,47.27,48.04,46.84,48.00,3177365,151506368.00
20161011,48.00,48.72,47.49,48.38,4227865,203988768.00
20161012,48.36,49.62,47.86,49.54,5038920,246824608.00
20161013,49.45,49.45,48.37,48.71,3869767,189441072.00
20161014,48.72,49.13,48.19,48.73,2888504,140999824.00
20161017,48.56,48.90,47.42,47.52,2538000,122731872.00
20161018,47.52,48.06,46.91,48.05,2439800,116376536.00
20161019,48.08,49.77,47.86,49.37,4924710,241249376.00
20161020,49.14,49.46,48.51,49.32,3155302,155013472.00
20161021,49.53,52.86,49.34,52.01,9293747,478115520.00
20161024,51.26,52.16,50.87,51.62,5078131,261969248.00
20161025,51.36,52.20,50.87,52.00,4584693,236474848.00
20161026,52.04,52.11,50.36,50.38,3785285,193775744.00
20161027,50.02,50.35,48.88,49.46,2825101,140345488.00
20161028,49.54,50.55,49.19,49.66,2890900,144597952.00
20161031,49.27,49.60,48.66,49.18,1908472,93963712.00
20161101,49.94,53.49,49.94,52.14,7041493,369066816.00
20161102,52.44,53.54,51.47,52.50,6608440,347728864.00
20161103,51.66,53.96,51.56,52.87,6021815,319418976.00
20161104,52.46,53.54,52.37,52.54,4585877,243540736.00
20161107,52.60,52.60,51.47,51.78,2787420,145125808.00
20161108,52.07,53.18,52.07,52.34,3835847,203027008.00
20161109,52.01,53.06,51.47,52.67,3270800,171696848.00
20161110,53.11,54.85,52.56,53.85,5482995,295098912.00
20161111,53.65,54.73,53.06,54.43,4730007,255979376.00
20161114,54.86,55.35,53.64,54.64,3663186,199577856.00
20161115,54.66,54.74,53.51,53.85,2560033,138408656.00
20161116,54.41,55.31,53.59,54.34,3682935,201123264.00
20161117,53.95,54.40,53.59,53.93,1807300,97790656.00
20161118,54.07,55.25,53.96,54.20,2823839,154563920.00
20161121,54.64,55.85,53.74,55.76,3596458,197786672.00
20161122,55.94,60.86,55.52,57.85,7128804,415154624.00
20161123,58.36,59.65,56.95,57.01,4866802,284534496.00
20161124,56.65,58.85,56.54,58.40,3838433,222707696.00
20161125,58.30,58.30,54.12,56.51,3851664,217205840.00
20161128,56.01,56.40,54.86,55.33,2124720,118477192.00
20161129,55.08,56.24,53.59,53.79,2883102,157939520.00
20161130,53.16,54.05,52.14,53.77,2884302,152236864.00
20161201,53.34,54.66,53.33,54.34,1751302,95116744.00
20161202,54.31,54.63,52.48,52.52,1783950,95798896.00
20161205,51.79,52.82,51.01,51.71,1447354,75309360.00
20161206,52.61,53.84,51.90,53.34,1747400,92949800.00
20161207,53.54,54.29,52.82,53.85,1193355,64167324.00
20161208,54.06,54.06,52.31,52.46,1334200,70914496.00
20161209,52.06,53.13,51.24,52.77,1870737,97757440.00
20161212,52.53,53.23,48.55,48.67,2006500,102364928.00
20161213,49.56,49.56,47.41,48.95,1289659,63011856.00
20161214,48.95,52.26,48.95,50.96,2034786,104439856.00
20161215,50.11,51.70,50.11,51.10,1263800,64860012.00
20161216,50.59,53.04,50.59,52.05,1153562,60482240.00
20161219,52.21,53.06,51.63,52.83,770000,40445720.00
20161220,52.84,53.40,52.09,52.78,1101300,58239632.00
20161221,52.86,53.52,52.46,52.83,675402,35866192.00
20161222,52.83,54.35,52.83,53.61,1299104,69755280.00
20161223,53.04,53.76,52.46,52.65,959200,50823376.00
20161226,52.67,52.86,51.84,52.78,828271,43455988.00
20161227,53.04,53.76,52.58,52.74,899050,47871060.00
20161228,52.66,53.36,52.40,52.50,874201,46198584.00
20161229,51.97,52.86,49.87,50.48,934515,48737008.00
20161230,50.82,51.82,50.27,50.31,992894,50901684.00
20170103,50.85,53.51,50.66,53.03,1890653,99294640.00
20170104,52.86,53.85,52.75,53.12,1586489,84932224.00
20170105,53.12,54.74,52.51,52.58,1353371,72549440.00
20170106,52.11,54.51,52.11,53.47,2343107,126061224.00
20170109,53.47,53.95,52.46,52.74,1180733,62679788.00
20170110,52.61,52.76,51.66,51.67,1269274,66039896.00
20170111,51.36,51.66,50.46,50.86,1066676,54350332.00
20170112,50.86,50.91,48.96,50.68,1749669,87579536.00
20170113,50.59,50.59,49.36,49.46,683474,34060268.00
20170116,48.94,49.75,44.50,45.95,2864425,131635840.00
20170117,45.96,46.21,42.86,45.12,1393312,62143320.00
20170118,44.86,46.56,43.94,46.38,1207856,55482496.00
20170119,46.29,48.16,45.76,47.60,1213902,57627168.00
20170120,47.30,49.44,47.30,47.70,1041429,50601212.00
20170123,48.16,49.36,47.44,47.75,606381,29139310.00
20170124,47.75,48.46,47.36,47.86,667255,32015756.00
20170125,47.86,48.20,47.54,47.71,438842,21084986.00
20170126,47.48,48.14,47.42,47.70,497847,23884676.00
20170203,47.70,48.34,47.70,48.17,303380,14653902.00
20170206,48.26,49.44,47.95,48.64,656641,32141340.00
20170207,48.64,49.32,48.07,48.25,407871,19842744.00
20170208,48.05,48.75,47.94,48.44,426270,20671546.00
20170209,48.54,48.72,48.22,48.54,543143,26409642.00
20170210,48.66,51.66,48.37,51.50,1482622,73786224.00
20170213,50.78,51.41,49.92,50.75,887374,45034380.00
20170214,50.76,50.83,49.88,50.10,642274,32335264.00
20170215,50.06,50.07,48.87,49.07,771261,38298856.00
20170216,48.90,49.84,48.89,49.37,512990,25453706.00
20170217,49.41,50.09,48.86,48.90,615731,30550334.00
20170220,48.96,49.41,47.16,47.81,1019718,49222972.00
20170221,47.86,48.21,46.86,47.98,809538,38717032.00
20170222,47.86,48.35,47.58,47.94,523025,25136608.00
20170223,47.94,48.26,47.43,47.80,530275,25386846.00
20170224,47.71,49.57,47.50,49.02,929371,45249148.00
20170531,44.12,44.12,44.12,44.12,100600,4438472.00
20170601,39.71,39.71,39.71,39.71,71300,2831323.00
20170602,35.74,35.74,35.74,35.74,102100,3649054.00
20170605,32.23,35.70,32.21,33.79,6279448,207570128.00
20170606,32.50,32.68,31.68,31.87,4169449,133760024.00
20170607,31.80,32.80,31.47,32.57,3691499,118822144.00
20170608,32.44,33.74,32.30,33.71,3955533,130941832.00
20170609,33.01,33.35,32.22,32.70,2950638,96405440.00
20170612,32.70,32.84,31.60,31.85,1844269,59412432.00
20170613,31.85,32.48,31.50,32.31,1561798,50322024.00
20170614,32.32,32.56,32.03,32.25,1149645,37105272.00
20170615,32.25,33.49,32.07,33.02,2030186,66579984.00
20170616,33.00,33.25,32.39,32.47,1559262,51063916.00
20170619,32.60,32.94,32.35,32.74,1108201,36185716.00
20170620,33.00,33.46,32.84,33.11,1818654,60399336.00
20170621,33.20,33.30,32.73,33.25,1376970,45410184.00
20170622,33.34,34.92,32.70,32.80,2868695,97434128.00
20170623,32.09,32.88,31.51,32.76,1350464,43734060.00
20170626,32.91,33.28,32.48,33.04,1394411,46023872.00
20170627,33.50,33.69,32.78,32.96,957107,31650524.00
20170628,32.88,32.99,32.10,32.27,786835,25512924.00
20170629,32.29,32.66,32.06,32.21,677900,21885170.00
20170630,32.26,32.45,31.88,32.34,645791,20784990.00
20170703,32.43,32.50,32.20,32.39,639600,20680180.00
20170704,32.54,32.54,31.95,32.04,705700,22700044.00
20170705,32.00,32.36,32.00,32.33,684065,21991720.00
20170706,32.30,32.42,32.00,32.13,757156,24382868.00
20170707,32.20,32.50,32.07,32.37,773300,24988052.00
20170710,32.25,32.55,31.90,31.97,1017000,32711412.00
20170711,31.95,31.95,29.58,29.89,2162446,65858696.00
20170712,30.07,30.07,28.70,29.53,2024858,58879096.00
20170713,29.51,29.60,29.05,29.47,1077572,31647196.00
20170714,29.50,29.73,29.20,29.59,870875,25747724.00
20170717,29.70,29.70,26.63,26.90,1731262,47527656.00
20170718,26.46,27.99,26.46,27.80,967450,26300324.00
20170719,27.60,28.92,27.52,27.99,1048989,29229622.00
数据来源:通达信
