603355 莱克电气 日线 前复权
      日期	    开盘	    最高	    最低	    收盘	    成交量	    成交额
20150513,22.27,26.85,22.27,26.85,24700,673260.00
20150514,29.60,29.60,29.60,29.60,9800,296254.00
20150515,32.62,32.62,32.62,32.62,13126,436439.50
20150518,35.95,35.95,35.95,35.95,13300,486514.00
20150519,39.61,39.61,39.61,39.61,46500,1871160.00
20150520,43.63,43.63,43.63,43.63,49900,2208574.00
20150521,48.06,48.06,48.06,48.06,61200,2979828.00
20150522,52.93,52.93,52.93,52.93,45000,2410200.00
20150525,58.29,58.29,58.29,58.29,56100,3305412.00
20150526,64.18,64.18,64.18,64.18,43766,2836474.50
20150527,70.66,70.66,70.66,70.66,55287,3941410.25
20150528,77.79,77.79,77.79,77.79,232200,18209124.00
20150529,85.63,85.63,85.63,85.63,1205200,103960552.00
20150601,94.26,94.26,94.26,94.26,120200,11405778.00
20150602,103.75,103.75,103.75,103.75,266555,27823010.00
20150603,114.19,114.19,98.19,114.19,16633716,1888445568.00
20150604,114.37,114.37,102.71,102.71,6184504,666188608.00
20150605,92.38,92.38,92.38,92.38,1506000,140073056.00
20150608,83.08,83.08,83.08,83.08,696500,58304016.00
20150609,74.71,89.76,74.71,78.47,15990610,1259507712.00
20150610,74.37,82.37,72.70,79.76,12525920,992831936.00
20150611,78.26,87.80,77.37,87.80,10212486,864140032.00
20150612,90.36,96.57,80.38,80.97,14862877,1316269696.00
20150615,75.86,75.87,72.81,72.81,6922295,514583552.00
20150616,66.87,71.27,65.57,65.88,7655623,519131712.00
20150617,66.47,69.53,65.57,68.70,4986343,339427296.00
20150618,67.67,67.67,61.77,61.77,5186856,337959232.00
20150619,59.97,64.33,56.47,57.15,5532502,334366144.00
20150623,58.45,62.87,56.58,61.34,4863020,293011936.00
20150624,62.87,63.64,58.72,60.34,5057750,310871520.00
20150625,59.82,59.87,55.03,56.19,4152808,243198976.00
20150626,53.87,54.27,50.51,50.51,4760169,249376368.00
20150629,51.37,51.71,45.40,45.40,4708814,224696144.00
20150630,43.87,48.88,40.80,48.43,6562489,296297024.00
20150701,47.17,50.35,43.52,43.52,6416081,309326176.00
20150702,42.67,44.07,39.16,39.39,5869682,247453008.00
20150703,37.77,41.36,35.87,37.40,5616197,218764128.00
20150706,41.20,41.20,36.43,39.96,6973276,280295328.00
20150707,38.38,39.72,35.90,35.90,4421373,166540704.00
20150708,32.25,32.25,32.25,32.25,557700,18337176.00
20150709,28.97,35.54,28.96,35.54,5246413,180860464.00
20150710,36.87,39.16,36.37,39.16,4260414,167419056.00
20150713,42.68,43.14,41.48,43.14,6617483,286614592.00
20150714,45.19,47.52,43.99,47.44,11723529,552161600.00
20150715,45.38,46.22,42.63,42.63,4884749,216420528.00
20150716,38.30,44.87,38.30,41.53,6487484,270920192.00
20150717,41.87,44.73,41.52,43.91,5556744,243637888.00
20150720,43.90,48.36,41.68,48.36,8774095,398518336.00
20150721,46.35,51.13,45.60,49.57,9915856,485446464.00
20150722,48.67,54.57,46.92,54.22,10189662,522733056.00
20150723,52.55,59.69,52.43,59.69,16359061,943497728.00
20150724,59.70,62.54,57.05,57.72,9433113,573467328.00
20150727,55.05,57.72,51.90,57.23,9919693,549130624.00
20150728,52.55,63.00,52.25,58.72,7598902,434138976.00
20150729,58.55,63.53,55.53,61.64,8245639,488741248.00
20150730,61.23,62.55,56.35,56.95,6353217,385816064.00
20150731,54.55,58.18,51.56,57.71,7088270,393935584.00
20150803,55.44,57.25,54.05,57.09,3622672,203940592.00
20150804,59.91,61.55,54.55,61.16,6923626,410723584.00
20150805,61.45,61.45,57.96,60.48,9849208,589493568.00
20150806,58.97,58.97,56.65,57.07,5170712,302151776.00
20150807,55.65,58.55,55.11,55.73,6000121,340059008.00
20150810,55.86,58.54,54.57,57.56,8447952,480985344.00
20150811,56.81,58.52,56.06,56.87,6975549,404117280.00
20150812,55.65,56.48,51.64,51.75,6351457,348744096.00
20150813,50.54,52.15,49.35,51.72,5500632,282769696.00
20150814,52.55,53.05,51.56,51.73,4676413,245812528.00
20150817,52.15,52.15,49.27,49.47,4059280,204136992.00
20150818,49.55,50.84,44.48,44.48,4460320,216918832.00
20150819,42.05,45.53,40.23,44.95,4897761,212127216.00
20150820,44.85,44.85,41.74,41.93,3483073,152630608.00
20150821,40.75,41.65,37.91,38.05,3424243,138394688.00
20150824,36.45,36.45,34.20,34.20,4987473,175521376.00
20150825,32.05,35.52,30.80,31.40,5604636,189428880.00
20150826,32.05,34.59,31.57,33.99,7671024,261356944.00
20150827,35.14,36.50,33.11,36.43,6684067,233819616.00
20150828,36.39,38.88,35.15,37.99,6786460,252125024.00
20150831,37.06,37.20,34.15,34.25,4223926,152662704.00
20150901,33.55,33.55,30.78,30.78,3591628,115299648.00
20150902,28.58,32.54,28.56,29.27,3295654,101695280.00
20150907,30.05,31.55,29.81,30.17,2703559,84160744.00
20150908,30.55,33.21,29.65,33.13,3436606,110077720.00
20150909,33.21,35.55,33.21,34.84,4971356,173451184.00
20150910,34.35,34.73,32.85,32.92,3145946,108185824.00
20150911,32.95,33.99,32.90,33.82,2582972,87729840.00
20150914,33.65,34.04,30.39,30.39,3179469,102513752.00
20150915,29.35,29.95,27.66,27.73,2835038,83252856.00
20150916,27.75,30.55,27.75,30.55,2817095,83787008.00
20150917,31.15,32.05,29.83,29.91,3355358,105490896.00
20150918,30.14,30.95,29.88,30.63,2206268,67990800.00
20150921,30.24,32.76,29.67,32.70,3373817,108408672.00
20150922,32.90,33.71,31.95,32.89,3940796,131528816.00
20150923,32.30,32.78,31.56,32.37,3007108,98665304.00
20150924,32.70,33.65,32.60,33.17,2934323,98409968.00
20150925,33.20,33.20,30.55,30.84,2839453,90676944.00
20150928,30.87,31.90,30.05,31.72,1931520,60896696.00
20150929,30.85,31.50,30.49,31.34,1966594,61772744.00
20150930,31.54,33.39,31.30,32.49,2817449,92578144.00
20151008,33.75,35.15,33.55,34.39,3516240,122342976.00
20151009,33.75,34.65,33.75,34.44,2829608,98433904.00
20151012,34.53,37.88,34.52,37.55,5302139,194217648.00
20151013,36.55,37.51,36.37,37.11,3673106,137534576.00
20151014,36.86,37.65,35.77,35.80,3810792,141674992.00
20151015,35.54,37.34,35.43,37.28,3742163,138480384.00
20151016,37.89,38.58,36.75,37.90,5119860,195188624.00
20151019,37.98,38.52,36.42,37.05,5189590,197881360.00
20151020,36.94,38.55,36.91,38.50,5063242,194340144.00
20151021,38.50,39.35,34.71,35.05,6141874,231937184.00
20151022,35.27,36.75,35.05,36.65,3880376,140850912.00
20151023,37.35,37.91,36.55,37.76,4411728,166479872.00
20151026,38.27,39.02,37.55,38.81,5303530,205886352.00
20151027,38.45,42.23,36.55,41.52,6699817,265557568.00
20151028,40.55,41.57,39.24,39.33,5030603,206514272.00
20151029,39.44,39.95,38.35,39.13,3084629,122456184.00
20151030,39.05,40.08,37.85,39.98,3779973,149684032.00
20151102,39.20,42.55,38.58,40.73,4913726,203820976.00
20151103,40.54,43.04,40.30,42.79,6193623,262139008.00
20151104,42.79,44.65,42.13,44.53,7209366,315317056.00
20151105,43.84,45.00,42.66,42.95,5998519,264381552.00
20151106,43.15,44.64,43.15,44.45,4794565,213572864.00
20151109,43.94,47.52,43.83,46.84,6142176,284094912.00
20151110,46.41,47.31,45.76,46.70,4893409,229649104.00
20151111,46.50,50.21,46.33,49.77,5626582,275209056.00
20151112,50.33,54.79,50.18,54.18,7648751,405935072.00
20151113,52.94,54.18,48.72,48.87,7509920,385928832.00
20151116,46.55,48.87,45.57,48.85,3930090,189041024.00
20151117,49.55,50.83,46.70,47.38,3880714,191669968.00
20151118,47.25,48.55,44.67,45.17,3342368,157088272.00
20151119,44.85,46.83,44.85,46.75,3166657,147460448.00
20151120,47.03,47.55,46.33,47.44,2901615,138074144.00
20151123,47.04,48.40,46.35,47.68,3226263,153991840.00
20151124,47.68,50.72,47.44,50.69,5215069,259427904.00
20151125,50.21,50.95,49.41,50.42,4256689,215328112.00
20151126,50.45,53.55,49.85,52.67,5764493,300296896.00
20151127,51.74,52.52,48.55,49.99,6311989,320350688.00
20151130,49.94,52.43,46.25,52.21,4661738,235185616.00
20151201,52.55,54.75,50.75,52.16,6752284,362826688.00
20151202,50.75,52.18,47.78,51.58,4314096,216852592.00
20151203,51.75,53.75,51.55,52.81,3511875,186752112.00
20151204,52.55,53.65,51.55,51.67,2959295,157133280.00
20151207,51.74,52.84,49.95,52.78,3172325,165858496.00
20151208,52.35,52.55,50.55,51.27,2295988,119155528.00
20151209,50.73,51.40,48.11,48.63,2714578,134824576.00
20151210,48.23,49.04,47.05,48.87,2238480,108713256.00
20151211,48.11,48.75,47.35,47.48,970789,47027888.00
20151214,47.03,48.77,46.55,48.75,1102430,53372052.00
20151215,49.05,52.57,48.75,50.79,2149465,110951216.00
20151216,50.88,51.62,49.56,50.55,1907197,98228120.00
20151217,51.21,52.30,50.76,51.83,2797344,145132192.00
20151218,51.55,52.04,49.65,50.00,1900521,97481200.00
20151221,49.57,49.95,48.56,49.26,1736267,86126976.00
20151222,49.52,49.95,49.15,49.75,1027759,51363560.00
20151223,49.86,50.95,49.74,49.87,2114600,107273960.00
20151224,49.54,51.43,48.85,51.33,2130206,108385504.00
20151225,51.53,51.75,49.88,50.42,1854510,95288296.00
20151228,50.43,51.01,47.55,47.59,2174499,107511216.00
20151229,47.81,48.20,47.15,48.02,985041,47447032.00
20151230,48.01,48.48,46.55,48.04,1444317,70028896.00
20151231,48.01,50.04,45.95,46.25,4293563,206659040.00
20160104,46.25,46.33,41.58,41.58,1973300,86431512.00
20160105,37.58,40.50,37.58,39.03,2491864,98324552.00
20160106,39.31,40.22,38.91,40.17,1577413,63451964.00
20160107,39.50,39.50,36.11,36.13,394771,14985892.00
20160108,37.55,38.24,34.06,36.72,1871245,69375840.00
20160111,36.55,37.05,33.25,33.30,1733576,62097408.00
20160112,33.55,34.55,32.66,34.09,1295275,44399224.00
20160113,34.20,34.98,32.85,33.06,1162958,40178396.00
20160114,32.55,34.64,30.81,34.57,1552430,52673308.00
20160115,34.57,35.24,33.32,33.44,1734517,60321444.00
20160118,33.05,34.70,32.55,34.34,1153509,39834280.00
20160119,34.47,35.75,34.19,35.57,1442764,51289600.00
20160120,35.07,36.05,34.77,35.09,1375254,49182012.00
20160121,34.55,35.50,33.23,33.28,1270826,44528196.00
20160122,33.66,34.34,33.10,34.03,883329,30213026.00
20160125,34.55,35.23,34.25,34.73,1003968,35397028.00
20160126,34.72,34.72,31.65,31.85,1194516,40332328.00
20160127,31.88,33.35,29.72,32.20,1455603,46437900.00
20160128,32.21,32.55,30.55,30.64,827950,26480744.00
20160129,30.31,31.98,30.14,31.73,1689001,53377340.00
20160201,31.75,31.80,30.35,30.91,1034036,32631758.00
20160202,30.82,32.24,30.82,31.96,1115183,35950380.00
20160203,31.55,32.05,31.08,31.94,887023,28361066.00
20160204,31.93,33.03,31.93,32.82,1485840,49218608.00
20160205,32.55,32.87,32.10,32.20,1043209,34367184.00
20160215,30.85,31.75,30.65,31.40,770413,24390642.00
20160216,31.54,33.04,31.54,32.97,1487680,49193132.00
20160217,33.03,34.28,32.88,33.72,1700974,57921944.00
20160218,34.03,34.22,33.37,33.61,1504909,51316992.00
20160219,33.17,34.05,33.17,33.74,1253677,42870356.00
20160222,34.10,35.79,34.10,35.63,2239397,79621728.00
20160223,35.62,35.64,33.75,34.82,1873081,66091516.00
20160224,34.74,35.13,33.97,35.10,1561495,54704584.00
20160225,35.34,35.45,31.55,31.73,2010432,67935896.00
20160226,31.95,32.53,31.40,31.92,1014941,32872998.00
20160229,31.92,32.02,29.54,30.00,1315788,40157772.00
20160301,30.33,31.03,29.61,30.87,1224820,37614384.00
20160302,31.05,32.40,30.71,32.22,1196932,38425960.00
20160303,32.33,33.04,32.04,32.06,1205459,39514128.00
20160304,31.82,32.32,30.36,30.93,1149054,36396524.00
20160307,30.99,31.94,30.99,31.63,884604,28437620.00
20160308,31.65,32.05,30.45,31.97,1144589,36178376.00
20160309,31.21,31.62,30.55,31.10,750459,23642632.00
20160310,31.20,31.53,30.57,30.73,843353,26544492.00
20160311,30.53,31.93,29.87,31.91,1478352,47062156.00
20160314,32.45,33.32,32.13,32.78,2052403,68307256.00
20160315,32.54,32.68,31.94,32.05,1076163,35207976.00
20160316,32.30,32.74,31.11,31.21,1154313,37183356.00
20160317,31.64,32.54,31.15,32.44,1658901,53808268.00
20160318,32.55,34.20,32.35,33.90,2734299,92880440.00
20160321,34.48,34.55,33.88,34.33,2207985,76513280.00
20160322,34.15,34.90,33.93,34.54,1870267,65135664.00
20160323,34.10,37.71,34.05,36.97,4394369,160013856.00
20160324,36.55,36.65,35.65,35.68,3555805,130092208.00
20160325,35.55,36.12,34.78,35.46,1773654,63484856.00
20160328,35.88,36.08,34.85,35.23,1768260,63866692.00
20160329,35.23,35.36,33.55,33.98,1495677,52211756.00
20160330,34.30,35.55,34.30,35.48,1406566,49759292.00
20160331,35.72,36.55,35.08,35.49,1695822,61504508.00
20160401,35.14,35.40,34.40,34.93,1266562,44623928.00
20160405,35.06,36.18,34.67,36.06,1769508,63970604.00
20160406,36.01,37.63,36.01,36.51,2390754,88716288.00
20160407,36.51,37.02,35.51,35.56,1885276,68778760.00
20160408,34.65,35.54,34.65,35.31,1119084,39837112.00
20160411,35.65,36.40,35.65,36.13,1457806,53383708.00
20160412,36.23,37.05,36.15,36.47,2426823,89602336.00
20160413,36.85,37.36,36.57,36.78,2816926,105355816.00
20160414,36.78,37.54,36.57,37.52,2119312,79409224.00
20160415,37.48,38.15,37.27,37.70,2502571,95669288.00
20160418,37.07,37.54,36.20,36.60,1669212,61999132.00
20160419,36.94,37.05,36.02,36.38,1400277,51713904.00
20160420,36.51,36.74,33.86,34.83,2248981,79975288.00
20160421,34.55,35.81,34.43,34.82,1432128,50974420.00
20160422,34.57,35.43,34.35,35.41,1161686,41316992.00
20160425,35.33,35.33,34.06,34.73,913319,32031062.00
20160426,34.54,35.30,34.10,35.28,1020795,36099420.00
20160427,35.28,35.83,34.61,34.68,1005951,35914328.00
20160428,34.56,35.24,34.21,34.69,851938,29806488.00
20160429,34.69,35.01,34.55,34.64,767847,26998436.00
20160503,34.95,36.05,34.56,36.04,1768120,63603948.00
20160504,36.04,36.75,35.80,36.38,2003600,73824704.00
20160505,36.38,36.54,35.85,36.50,1256053,46020140.00
20160506,36.56,36.85,35.03,35.05,2342657,85518720.00
20160509,34.45,34.56,32.88,33.08,1457875,49614836.00
20160510,33.05,33.54,32.59,33.25,642348,21631148.00
20160511,33.48,33.87,33.19,33.51,882601,30038520.00
20160512,32.64,33.37,32.47,32.99,883894,29402018.00
20160513,33.09,33.43,32.58,33.27,784644,26267196.00
20160516,33.05,34.05,33.05,33.98,949438,32419040.00
20160517,34.13,34.25,33.43,33.94,893136,30582460.00
20160518,33.45,33.65,32.55,32.74,743994,24795128.00
20160519,32.61,33.50,32.61,32.87,533446,17954054.00
20160520,32.90,34.05,32.66,34.05,1303844,44559788.00
20160523,34.09,35.47,33.92,34.96,1329871,47030108.00
20160524,35.06,35.06,33.86,33.97,1205497,41770992.00
20160525,34.24,34.69,33.75,33.79,872481,30222392.00
20160526,33.72,34.23,33.08,34.11,885980,30178462.00
20160527,34.05,35.02,33.79,34.78,1459840,50950388.00
20160530,34.55,36.04,34.35,35.35,2356801,84642216.00
20160531,35.31,36.65,35.15,36.59,2962902,108513728.00
20160601,36.59,36.71,36.09,36.42,2195422,80936232.00
20160602,36.31,36.97,36.25,36.60,2012481,74605544.00
20160603,36.65,37.47,36.63,37.43,2641037,98877528.00
20160606,37.50,37.93,36.73,36.99,2037347,76528408.00
20160607,36.95,38.09,36.36,37.67,1920819,71720272.00
20160608,37.66,37.66,36.85,36.97,1303986,48758548.00
20160613,36.34,36.49,33.74,34.04,1648845,58952984.00
20160614,34.33,34.61,33.87,34.26,1008702,34799100.00
20160615,34.18,35.62,33.74,35.29,1461932,51899620.00
20160616,35.15,35.94,34.64,35.47,1400298,49962736.00
20160617,35.42,36.22,35.37,35.91,1420196,51292492.00
20160620,35.89,37.11,35.59,37.01,2427063,89644792.00
20160621,37.09,37.47,36.34,36.73,2171261,80538912.00
20160622,36.63,37.24,36.36,37.23,2081876,77468304.00
20160623,37.29,37.29,36.54,36.57,1960492,72598616.00
20160624,36.77,37.03,34.74,36.05,2146427,78150880.00
20160627,35.44,37.24,35.39,37.20,2604966,96446576.00
20160628,37.13,37.72,36.42,37.68,3905159,145733648.00
20160629,37.80,38.39,37.36,38.21,3560906,135851760.00
20160630,38.04,38.14,37.54,37.84,1865624,71035296.00
20160701,38.12,39.72,38.12,39.03,4201610,164896304.00
20160704,38.74,41.14,38.44,40.78,4558125,184697808.00
20160705,40.74,40.74,39.90,40.48,3093324,125607952.00
20160706,40.46,41.56,39.90,41.33,3381383,138733792.00
20160707,41.34,41.34,40.24,40.45,2457906,100644272.00
20160708,40.29,40.38,39.64,39.92,2049158,82515720.00
20160711,39.79,40.38,39.69,39.76,1819377,73277416.00
20160712,39.61,40.24,38.75,40.10,2223611,88554080.00
20160713,40.14,40.82,39.94,40.28,1934842,78804376.00
20160714,40.09,40.22,39.45,39.78,1676210,67044052.00
20160715,39.79,40.21,39.68,39.93,1192469,47939648.00
20160718,39.64,40.03,39.03,39.34,887275,35249632.00
20160719,39.32,40.02,39.14,40.01,1111710,44218164.00
20160720,40.07,40.29,39.54,40.01,1213855,48914260.00
20160721,40.01,40.34,39.64,39.70,1322013,53244608.00
20160722,39.64,39.90,39.36,39.38,1113250,44384424.00
20160725,39.14,39.54,38.76,38.93,932659,36698336.00
20160726,38.89,39.44,38.89,39.27,652739,25771560.00
20160727,39.34,39.50,36.84,36.98,2038954,77656040.00
20160728,37.00,37.43,36.44,36.92,1069746,39792732.00
20160729,36.89,37.24,36.81,36.97,878137,32762122.00
20160801,36.74,37.17,36.23,36.55,921190,33894312.00
20160802,36.35,37.18,36.35,37.01,665608,24702512.00
20160803,37.01,37.19,36.84,37.01,638419,23819024.00
20160804,37.01,37.16,36.55,36.92,698044,25881810.00
20160805,36.91,37.06,36.49,36.57,792813,29325614.00
20160808,36.29,36.98,36.29,36.87,570390,21090190.00
20160809,37.09,37.18,36.81,37.17,746664,27833760.00
20160810,37.16,37.24,36.93,37.03,802262,29956904.00
20160811,37.03,37.03,36.24,36.44,901007,33223380.00
20160812,36.64,36.72,36.35,36.68,689686,25389058.00
20160815,36.74,37.55,36.54,37.50,1135811,42507544.00
20160816,37.54,37.74,37.34,37.61,910595,34457808.00
20160817,37.54,37.68,37.34,37.54,856947,32358890.00
20160818,37.64,38.04,37.37,37.85,1338920,50838376.00
20160819,37.71,37.94,37.57,37.75,937232,35604896.00
20160822,37.76,38.49,37.14,37.18,1458315,55673120.00
20160823,37.10,37.55,37.08,37.27,766080,28739784.00
20160824,37.43,37.70,37.10,37.66,994843,37516968.00
20160825,37.61,37.61,36.64,37.31,1063662,39758724.00
20160826,37.39,38.06,37.34,37.68,1394846,53061244.00
20160829,37.68,39.15,37.68,38.41,1591358,61626524.00
20160830,38.21,38.82,38.14,38.36,1250689,48443072.00
20160831,38.41,38.61,37.87,38.24,920244,35361112.00
20160901,38.13,38.89,38.08,38.45,1368114,52956512.00
20160902,38.24,39.73,38.14,39.73,3872839,153271360.00
20160905,39.96,41.82,39.96,40.62,4881366,201137952.00
20160906,40.25,41.04,39.74,41.02,3083830,125361832.00
20160907,41.06,41.19,40.04,40.12,2696925,109929016.00
20160908,40.04,40.33,39.73,40.30,1497600,60362128.00
20160909,40.34,40.56,39.26,39.38,1618767,64732248.00
20160912,38.46,38.92,38.05,38.08,1837246,71087088.00
20160913,38.24,38.74,37.97,38.31,1106366,42714984.00
20160914,38.00,38.23,37.76,38.05,813485,31117452.00
20160919,38.12,39.07,38.12,39.02,1157021,45016520.00
20160920,39.02,39.14,38.46,38.53,930739,36285628.00
20160921,38.64,38.94,38.23,38.81,1199685,46661720.00
20160922,40.07,42.72,40.07,42.72,8054429,342883072.00
20160923,42.65,44.19,42.48,43.44,10139276,441089472.00
20160926,42.74,42.84,41.44,41.57,4886633,206348256.00
20160927,40.99,42.73,40.97,42.70,4044890,170341600.00
20160928,42.54,42.68,41.75,41.83,2548427,107937816.00
20160929,41.74,42.24,41.45,41.95,2157693,90735384.00
20160930,41.68,42.24,41.54,41.91,1873480,78946944.00
20161010,42.02,43.64,42.02,43.23,3589895,155307040.00
20161011,43.00,43.02,42.47,42.87,2661966,114337456.00
20161012,42.60,42.70,41.62,41.75,2742096,115813712.00
20161013,41.80,42.39,41.66,42.05,2023587,85512264.00
20161014,41.94,42.24,41.38,41.62,1822246,76272152.00
20161017,41.55,42.06,40.94,41.07,1715039,71615136.00
20161018,41.05,41.99,41.03,41.94,1802947,75336640.00
20161019,42.24,43.02,42.11,42.22,3251697,139226592.00
20161020,42.13,42.13,41.51,42.08,1678255,70680304.00
20161021,42.18,42.31,40.81,41.09,2883431,119952376.00
20161024,40.69,41.31,40.12,40.90,1978472,81184496.00
20161025,40.94,41.41,40.64,41.14,1723810,71358360.00
20161026,40.98,41.07,40.51,40.65,1206432,49455968.00
20161027,40.74,41.04,40.52,41.02,886642,36437528.00
20161028,41.02,41.23,40.56,40.83,1165205,47890536.00
20161031,40.91,42.12,40.54,41.76,2266301,94542696.00
20161101,41.79,45.96,41.64,45.96,6308583,281139136.00
20161102,45.74,45.94,44.34,44.50,5265352,239329568.00
20161103,44.70,48.32,44.28,47.21,7876012,367460800.00
20161104,46.45,47.91,45.99,46.84,4099531,193412400.00
20161107,46.85,47.82,45.44,47.10,3049486,142346608.00
20161108,46.52,49.24,46.52,48.46,6292047,305230720.00
20161109,48.14,48.22,46.14,46.54,4810067,228249968.00
20161110,47.12,47.74,46.56,47.32,2857625,135840416.00
20161111,46.95,47.88,46.95,47.58,2818612,134455712.00
20161114,47.64,47.77,46.04,47.18,2400812,113395200.00
20161115,46.74,47.14,46.04,46.63,1601497,74784144.00
20161116,46.61,47.29,46.34,46.80,1777177,83618280.00
20161117,46.62,46.82,45.56,46.22,1477243,68518056.00
20161118,46.44,47.13,46.24,46.44,2168427,101946800.00
20161121,46.75,47.99,46.25,47.35,4111677,195308384.00
20161122,47.24,47.72,46.50,46.64,3142703,148455536.00
20161123,46.74,46.74,45.94,46.13,2333592,108626504.00
20161124,45.92,46.33,44.84,44.97,2217274,101377080.00
20161125,44.64,45.47,44.04,45.41,1772797,79846952.00
20161128,45.42,46.21,45.30,45.43,1732067,79533760.00
20161129,45.64,46.03,44.59,44.79,1926779,87746456.00
20161130,44.64,44.78,43.74,44.44,1868850,83218264.00
20161201,44.27,45.07,44.27,44.76,1255616,56615888.00
20161202,44.82,45.37,44.29,44.31,1343677,60451092.00
20161205,43.82,45.92,43.82,45.85,2178119,99003984.00
20161206,45.99,46.97,45.57,45.87,2008382,93632672.00
20161207,45.82,46.73,45.44,46.71,1654615,76813352.00
20161208,46.74,47.33,46.13,46.88,2462673,115818992.00
20161209,46.75,47.33,46.49,46.53,2148783,101337584.00
20161212,46.52,46.72,44.06,44.55,2253342,102702680.00
20161213,45.12,45.73,44.54,45.48,1397569,63636288.00
20161214,45.31,48.74,45.31,46.87,4012288,190824592.00
20161215,46.65,48.11,46.49,47.23,2792360,132575560.00
20161216,47.36,48.62,46.85,47.50,2442190,116971144.00
20161219,47.54,47.57,46.66,46.76,1842102,87218264.00
20161220,46.50,46.74,45.85,46.14,1442918,66947080.00
20161221,46.18,48.40,45.89,48.27,3216404,153604336.00
20161222,48.21,48.46,47.44,48.22,2269581,109499800.00
20161223,48.28,50.29,48.28,48.80,6057812,300862400.00
20161226,48.44,48.52,46.45,48.00,2826215,134661520.00
20161227,47.44,48.00,46.99,47.08,1613281,76903120.00
20161228,47.03,47.99,47.00,47.19,1114800,53164848.00
20161229,47.04,47.04,45.49,45.69,2317851,107706248.00
20161230,46.19,46.29,45.28,45.91,1424528,65645576.00
20170103,45.90,46.64,45.81,46.40,829595,38557408.00
20170104,46.30,46.86,46.30,46.62,1083764,50800788.00
20170105,46.52,46.62,45.94,45.99,1004380,46630452.00
20170106,45.98,46.17,44.84,45.00,1670855,76133024.00
20170109,44.99,45.39,44.94,45.26,639928,29066000.00
20170110,45.26,45.27,43.60,43.62,1848148,82549576.00
20170111,43.72,43.93,42.60,42.96,1152590,50092240.00
20170112,43.24,43.58,42.75,43.06,679499,29517652.00
20170113,43.05,44.54,42.84,44.29,1356950,59587744.00
20170116,44.24,45.22,43.22,45.17,3122618,139615024.00
20170117,45.24,45.24,44.29,44.92,973847,43878720.00
20170118,44.79,45.24,44.28,44.30,551300,24794462.00
20170119,43.95,44.60,43.85,44.04,461462,20502032.00
20170120,44.06,44.64,43.62,43.73,988174,43814032.00
20170123,43.52,44.31,43.50,43.66,728600,32134526.00
20170124,43.66,43.99,43.45,43.85,498950,21998650.00
20170125,43.84,44.79,43.84,44.69,752948,33762908.00
20170126,44.74,45.04,44.58,44.83,410780,18504540.00
20170203,44.89,44.95,44.05,44.25,391324,17452810.00
20170206,44.25,44.73,44.05,44.72,411128,18386026.00
20170207,44.36,44.49,43.64,43.75,810239,35827296.00
20170208,43.73,43.74,42.64,43.46,838970,36389848.00
20170209,43.48,44.64,43.25,44.43,995064,44117452.00
20170210,44.51,44.61,43.79,44.12,690984,30686380.00
20170213,43.91,44.83,43.84,44.76,1064735,47555004.00
20170214,44.92,45.62,44.38,45.33,1510963,68793616.00
20170215,45.70,45.70,44.33,44.54,859775,38752408.00
20170216,45.54,46.14,45.49,45.79,1841720,84799320.00
20170217,45.94,46.24,45.30,46.21,1152600,53004216.00
20170220,46.19,46.74,45.82,46.61,1371645,63911032.00
20170221,46.65,46.74,46.25,46.64,1029269,48171332.00
20170222,46.54,46.72,46.06,46.13,746394,34763344.00
20170223,46.19,46.74,45.78,46.69,861557,40107828.00
20170224,46.45,47.44,46.27,46.31,1676026,79084552.00
20170227,46.32,46.53,45.54,46.10,1107488,51312672.00
20170228,46.07,47.22,46.07,46.92,1195599,56180972.00
20170301,46.92,48.22,46.74,47.36,1886483,90225416.00
20170302,47.36,47.58,46.54,46.78,788210,37213304.00
20170303,46.59,46.92,46.15,46.26,782895,36539668.00
20170306,46.27,49.48,46.19,47.73,2184908,105109896.00
20170307,47.72,47.74,47.00,47.67,1114236,53044512.00
20170308,47.54,48.56,47.35,48.30,1277982,61830764.00
20170309,48.33,48.33,47.54,47.72,732349,35160748.00
20170310,47.40,48.60,47.39,48.42,1098639,53325780.00
20170313,48.63,49.70,47.82,48.85,1734794,85524152.00
20170314,48.74,50.51,48.65,50.16,2540571,127335400.00
20170315,49.89,53.29,49.66,52.72,4421658,231375648.00
20170316,52.55,53.99,52.13,53.70,2861464,153002128.00
20170317,53.21,54.18,52.36,52.60,2480376,132077176.00
20170320,52.38,53.24,51.11,52.22,1703276,89093592.00
20170321,52.64,57.02,51.87,55.91,3496664,192612144.00
20170322,55.54,55.99,54.74,55.26,1806406,100231040.00
20170323,55.23,56.59,54.15,55.35,1699188,94535672.00
20170324,54.57,55.34,53.45,53.54,1955514,106685392.00
20170327,53.54,54.05,52.62,53.25,1502082,80525504.00
20170328,52.87,55.74,52.70,52.74,1676792,90145528.00
20170329,52.76,53.36,51.54,52.50,1278994,67479312.00
20170330,52.39,53.46,52.04,52.06,1328142,70584040.00
20170331,52.26,55.54,52.26,53.85,2012765,109756272.00
20170405,53.64,55.03,52.95,53.30,1557165,84227208.00
20170406,53.32,54.54,53.01,54.53,1221679,66154856.00
20170407,54.47,55.36,54.06,54.96,1303489,71608216.00
20170410,54.96,55.76,53.75,54.02,1306236,72007472.00
20170411,54.03,54.62,52.46,53.42,1420024,76327600.00
20170412,53.54,54.65,52.86,54.34,1019086,55192880.00
20170413,54.69,54.96,53.04,53.24,678366,36827980.00
20170414,53.05,53.72,51.99,52.44,750207,39621252.00
20170417,51.91,53.04,51.74,51.88,634700,33263796.00
20170418,51.92,54.05,51.85,53.37,988321,53122436.00
20170419,53.54,54.29,51.85,52.75,1130377,60201292.00
20170420,52.73,56.28,52.43,55.83,2947469,163618352.00
20170421,55.91,56.43,54.65,54.96,1543553,85603672.00
20170424,55.03,55.30,51.69,53.20,1150433,61755200.00
20170425,52.24,54.73,51.94,53.76,1106213,59603640.00
20170426,53.19,54.64,52.92,52.95,1024654,55364244.00
20170427,53.24,53.24,51.24,52.26,1268216,66197808.00
20170428,51.84,56.02,51.84,55.67,3041385,167952640.00
20170502,55.83,56.14,54.94,55.47,1763166,98370424.00
20170503,55.24,59.66,55.24,58.67,2933926,171734976.00
20170504,58.24,60.46,57.29,58.06,2226140,131566400.00
20170505,56.35,59.74,56.35,56.77,1540855,89591856.00
20170508,57.44,58.67,54.24,54.36,2083902,116221640.00
20170509,54.51,55.20,52.04,52.94,1860317,99017832.00
20170510,52.95,55.13,52.84,53.92,1717044,93289296.00
20170511,53.74,53.76,51.64,53.59,1438557,76225384.00
20170512,53.64,54.09,52.26,52.60,921864,48878760.00
20170515,52.61,53.40,52.27,52.94,933847,49577608.00
20170516,52.72,54.71,52.44,54.34,1233922,66325428.00
20170517,54.27,55.24,53.95,54.62,1252140,68736816.00
20170518,54.65,54.65,53.00,53.02,688239,37229264.00
20170519,52.82,53.72,52.74,52.92,703128,37508860.00
20170522,52.75,53.52,52.53,53.39,853999,45468076.00
20170523,53.60,53.94,51.95,53.01,801296,42745932.00
20170524,52.94,52.94,50.72,51.37,1236233,64053400.00
20170525,51.44,52.73,51.44,52.30,594505,31089984.00
20170526,52.32,52.69,51.32,51.89,519790,27130392.00
20170531,52.37,54.71,52.37,53.72,1252092,67645344.00
20170601,53.54,54.24,52.14,52.29,661980,35153736.00
20170602,51.94,53.99,51.35,53.23,954791,50630896.00
20170605,53.40,53.73,52.85,53.26,681421,36500428.00
20170606,53.26,57.43,53.06,56.62,1838333,102929488.00
20170607,56.63,57.46,56.24,57.03,1454971,83034096.00
20170608,56.36,58.43,55.70,56.00,1686323,96463920.00
20170609,56.44,57.80,55.34,57.66,1382172,78826456.00
20170612,57.77,57.77,55.84,56.11,1295604,73829392.00
20170613,55.69,56.54,55.55,56.17,978482,55182284.00
20170614,56.32,56.38,54.42,54.74,1014097,56114184.00
20170615,54.70,57.20,54.69,56.73,1460313,82749128.00
20170616,56.90,57.24,56.05,56.92,918358,52269256.00
20170619,56.80,58.36,56.52,57.91,1171667,67452320.00
20170620,57.60,58.98,57.60,58.58,1354754,79375248.00
20170621,58.83,59.00,57.71,58.94,927952,54057176.00
20170622,58.93,58.94,56.73,56.79,1069936,61809472.00
20170623,56.51,57.37,56.05,57.19,979686,55396184.00
20170626,57.25,58.80,57.20,58.07,1035401,60248304.00
20170627,58.05,59.30,57.58,58.97,1216516,71523256.00
20170628,58.96,58.96,57.55,57.86,939851,54555928.00
20170629,57.67,58.65,57.67,57.99,614149,35834364.00
20170630,57.74,59.40,57.22,58.77,902864,52950784.00
20170703,58.99,59.87,58.39,58.68,746136,44116780.00
20170704,58.64,59.30,57.51,58.56,1027933,59987828.00
20170705,58.10,59.20,57.70,58.60,637706,37192880.00
20170706,58.70,59.09,57.20,58.04,1001304,58042424.00
20170707,58.05,58.30,56.57,56.97,1248475,71654496.00
20170710,56.95,57.95,56.70,57.03,817115,46738464.00
20170711,57.68,57.99,57.03,57.18,836049,48130784.00
20170712,57.45,57.78,54.51,55.65,1177245,65646496.00
20170713,55.40,55.96,55.17,55.44,676185,37577268.00
20170714,55.70,55.90,53.60,53.73,1285899,69839208.00
20170717,53.86,53.86,51.02,52.80,1511675,79359296.00
20170718,53.10,53.40,52.15,52.62,1005390,53129912.00
20170719,52.70,53.21,51.30,52.88,1931347,99955432.00
数据来源:通达信
