603339 四方冷链 日线 前复权
      日期	    开盘	    最高	    最低	    收盘	    成交量	    成交额
20160519,14.49,14.49,14.49,14.49,46484,681920.25
20160520,15.96,15.96,15.96,15.96,17641,284725.75
20160523,17.57,17.57,17.57,17.57,6765,120078.75
20160524,19.35,19.35,19.35,19.35,17430,340407.91
20160525,21.30,21.30,21.30,21.30,66808,1435035.88
20160526,23.45,23.45,23.45,23.45,71613,1692215.25
20160527,25.81,25.81,25.81,25.81,73004,1897374.00
20160530,28.41,28.41,28.41,28.41,102700,2936193.00
20160531,31.27,31.27,31.27,31.27,312363,9823816.00
20160601,34.42,34.42,34.42,34.42,359702,12445689.00
20160602,37.88,37.88,37.88,37.88,864494,32902642.00
20160603,41.69,41.69,40.87,41.69,14586534,610092736.00
20160606,42.82,45.88,42.02,45.88,32666928,1449235072.00
20160607,45.90,50.49,43.84,50.49,27517590,1311985920.00
20160608,50.93,55.56,50.82,53.85,26654969,1439391616.00
20160613,50.82,53.32,48.45,48.45,19649579,987242496.00
20160614,45.73,47.77,44.68,46.31,15764499,729236416.00
20160615,44.82,48.84,44.64,47.40,16826390,800174080.00
20160616,47.02,51.00,46.40,50.80,19826618,982111680.00
20160617,51.70,54.25,49.42,52.39,20241459,1048607360.00
20160620,51.82,54.51,49.92,52.40,18056174,952248384.00
20160621,53.00,55.81,51.47,53.73,22000720,1179822848.00
20160622,52.32,54.01,51.42,52.34,13858142,731022784.00
20160623,51.82,52.42,49.85,50.70,10107272,518426784.00
20160624,50.32,51.62,45.85,49.78,10796243,540730688.00
20160627,48.82,53.62,48.42,53.35,13200607,686723392.00
20160628,53.22,55.80,52.54,54.62,17478960,954830528.00
20160629,54.12,60.10,53.40,60.03,24522198,1401504384.00
20160630,56.82,58.00,54.01,54.24,20549505,1152938752.00
20160701,54.54,56.32,53.62,54.96,11472798,637047488.00
20160704,54.18,57.32,53.82,56.60,11343175,637422912.00
20160705,57.47,61.82,57.22,60.85,18664188,1118138880.00
20160706,58.94,60.32,57.33,58.73,13859268,818701824.00
20160707,58.82,62.12,57.92,60.91,15034492,905953984.00
20160708,60.50,60.50,57.82,58.60,10435556,620285696.00
20160711,58.32,58.32,52.72,53.72,12994891,716212800.00
20160712,52.82,55.82,50.94,55.73,10155720,548107520.00
20160713,55.73,57.19,54.30,56.17,8789421,493658688.00
20160714,55.82,56.79,55.32,56.00,5178737,290804224.00
20160715,56.29,57.36,55.82,55.99,7446987,423310144.00
20160718,55.47,55.49,52.02,53.21,7677718,412866336.00
20160719,53.23,53.78,51.56,53.00,4943508,261266944.00
20160720,53.21,53.60,52.47,52.65,3814451,203281664.00
20160721,53.32,54.71,52.70,52.87,6940358,374299360.00
20160722,51.72,51.77,48.89,49.31,8592912,432635200.00
20160725,48.27,50.31,48.27,48.78,4734568,232848992.00
20160726,48.73,49.79,48.73,49.31,4004824,198300768.00
20160727,49.21,49.29,44.65,45.02,7555134,353287264.00
20160728,44.67,45.34,42.33,44.90,6097423,268938336.00
20160729,44.82,45.67,44.02,44.89,4804035,216812912.00
20160801,44.31,44.31,41.32,42.67,3927134,167949008.00
20160802,42.71,43.62,42.54,43.11,2917450,125937536.00
20160803,43.27,46.02,42.72,45.65,6959516,310375360.00
20160804,45.32,47.15,44.93,45.57,5940227,274981760.00
20160805,44.83,45.52,44.33,44.43,4229479,190138224.00
20160808,44.32,45.20,42.70,44.98,4078732,180286224.00
20160809,44.84,45.81,44.62,45.56,4592756,208919840.00
20160810,45.72,47.27,44.86,46.40,7045045,326124832.00
20160811,45.82,46.32,44.52,44.67,4944434,226258480.00
20160812,44.67,45.00,43.52,44.83,4259729,190407952.00
20160815,45.10,47.02,44.92,46.67,7176375,332413504.00
20160816,46.97,48.80,46.32,48.26,7979213,384458944.00
20160817,48.12,49.21,47.33,48.28,6315008,306722560.00
20160818,47.96,48.92,47.23,47.34,6105985,293704736.00
20160819,47.34,47.80,46.33,46.52,4339502,203877952.00
20160822,46.62,46.79,44.57,44.76,3945218,180096656.00
20160823,44.30,45.52,44.30,45.32,3187506,144068224.00
20160824,45.28,45.62,44.34,44.75,3104743,139634608.00
20160825,44.52,44.52,43.12,44.40,3892774,170990144.00
20160826,44.52,44.71,43.74,43.87,2618032,116492888.00
20160829,43.76,44.30,43.40,44.25,1815260,79900000.00
20160830,44.31,44.52,43.95,44.18,1922834,85337888.00
20160831,44.04,44.79,43.48,44.76,3358866,149418432.00
20160901,44.57,44.92,43.67,43.70,2681284,119456904.00
20160902,43.42,43.77,42.52,42.83,2754952,119317840.00
20160905,43.24,43.35,42.62,42.68,1484436,64003736.00
20160906,42.68,43.27,41.84,43.10,2207811,94578032.00
20160907,43.31,43.31,42.62,42.75,2257863,97560128.00
20160908,42.37,42.97,42.37,42.79,1391667,59601696.00
20160909,42.79,43.30,42.60,42.77,2140363,92306352.00
20160912,41.70,44.04,41.32,42.53,3297791,141598768.00
20160913,42.52,43.12,41.96,42.23,1712069,72717176.00
20160914,41.90,42.69,41.73,42.06,1536984,65203140.00
20160919,42.46,42.58,41.72,42.21,1474944,62304000.00
20160920,42.23,43.09,41.92,43.08,3194461,136885600.00
20160921,43.10,45.40,43.08,44.63,7915463,352196864.00
20160922,44.47,44.47,43.61,43.90,4523070,199418240.00
20160923,43.69,44.20,42.17,42.19,3797031,164386976.00
20160926,41.83,41.83,38.43,38.74,5014391,200803776.00
20160927,38.92,39.02,37.93,38.79,2691539,104095360.00
20160928,38.77,38.77,38.20,38.24,1529698,58905300.00
20160929,38.24,38.50,38.13,38.16,1597617,61435236.00
20160930,38.20,38.32,37.87,37.94,1455449,55616712.00
20161010,38.31,39.27,38.13,39.16,2365430,92333392.00
20161011,39.42,39.56,38.99,39.38,2144531,84754608.00
20161012,39.32,40.71,39.13,40.20,3137815,126579904.00
20161013,40.12,40.76,39.88,39.94,2272399,91989496.00
20161014,39.79,39.90,39.22,39.46,1769756,70068424.00
20161017,39.82,39.97,38.47,38.66,1984953,78406608.00
20161018,38.67,39.67,38.62,39.58,2069535,81498240.00
20161019,39.92,40.22,39.28,39.89,2687265,107435192.00
20161020,39.72,40.22,39.60,39.70,2221852,88964736.00
20161021,39.80,39.80,38.82,39.43,2748209,108382480.00
20161024,39.38,40.22,39.02,40.14,3223594,128706352.00
20161025,40.20,41.10,39.96,40.63,3990809,162514512.00
20161026,40.37,40.42,39.64,39.83,2878811,115488552.00
20161027,39.70,40.31,39.47,40.07,2341815,94103992.00
20161028,39.98,40.56,39.77,40.31,3480002,140415696.00
20161031,40.20,40.20,39.41,39.56,2307450,91869528.00
20161101,39.58,41.29,39.43,41.09,5381976,219678304.00
20161102,40.82,42.70,40.60,41.46,7564749,318166592.00
20161103,41.21,45.62,40.83,45.62,5521158,248217536.00
20161104,50.20,50.20,50.20,50.20,5298115,266919040.00
20161107,55.20,55.20,48.06,49.48,22368812,1146904064.00
20161108,48.95,52.52,48.72,51.10,19777665,1001350336.00
20161109,49.89,50.79,48.30,49.73,13865705,692789248.00
20161110,50.00,52.41,49.43,51.13,15188402,776843328.00
20161111,50.11,50.93,48.92,49.06,10988473,548911872.00
20161114,48.62,49.32,46.82,47.39,8071887,388249120.00
20161115,47.75,48.18,46.66,47.11,5399067,255243072.00
20161116,47.26,48.07,46.83,47.85,6267981,299269472.00
20161117,47.32,47.75,46.22,46.24,4472369,209104384.00
20161118,46.62,48.62,46.52,47.30,6166678,295358848.00
20161121,46.48,49.27,46.40,49.25,9395603,456361344.00
20161122,49.55,49.65,48.13,48.74,6196746,302811456.00
20161123,48.48,48.50,46.62,46.87,5082856,242382992.00
20161124,46.87,47.71,46.03,46.14,3283694,154217056.00
20161125,45.82,46.37,43.88,45.38,3607974,163136160.00
20161128,45.31,46.04,44.83,45.63,2394205,109116920.00
20161129,45.65,45.67,43.82,43.83,3151862,140811616.00
20161130,43.52,44.30,43.25,43.91,2209404,97287600.00
20161201,43.97,44.77,43.42,44.60,2143854,95164856.00
20161202,44.60,44.79,42.20,42.28,3343569,145195632.00
20161205,42.12,42.52,41.09,41.40,2621910,109583648.00
20161206,41.60,41.98,41.40,41.69,1707251,71553760.00
20161207,42.07,42.49,41.67,42.35,1965426,83064352.00
20161208,42.52,43.10,41.62,41.65,2321684,98798960.00
20161209,41.37,41.62,40.41,40.60,2293812,94399872.00
20161212,40.23,41.01,37.02,37.34,3184495,124857248.00
20161213,37.35,37.82,36.30,37.59,2543646,94990144.00
20161214,37.72,37.81,36.76,36.84,1852540,69192272.00
20161215,36.73,37.79,36.47,37.37,1953246,73391848.00
20161216,37.38,38.27,37.32,38.14,2281640,86902192.00
20161219,38.32,38.32,37.19,37.63,1863466,70455488.00
20161220,37.62,37.92,37.32,37.76,1212331,45893316.00
20161221,37.80,39.32,37.76,39.08,3005830,116330872.00
20161222,39.30,39.30,38.28,38.66,2033024,78993800.00
20161223,38.65,38.79,37.32,37.43,2129187,81368144.00
20161226,36.92,38.32,36.45,38.24,1859100,69997744.00
20161227,37.95,38.27,37.62,37.74,1122237,42802484.00
20161228,37.62,38.24,37.45,37.62,1052222,40059736.00
20161229,37.63,38.04,37.42,37.56,1051357,39854756.00
20161230,37.43,37.80,37.03,37.10,1048918,39302096.00
20170103,36.82,37.71,36.82,37.65,908614,34226744.00
20170104,37.66,37.92,37.29,37.81,1505914,57106924.00
20170105,37.92,37.95,37.57,37.58,1125648,42720080.00
20170106,37.52,37.52,36.42,36.52,2102363,77829440.00
20170109,36.61,36.79,36.40,36.72,981769,36151988.00
20170110,36.81,37.01,36.48,36.74,1039200,38387912.00
20170111,36.72,36.74,34.90,35.01,2261233,81256536.00
20170112,34.83,35.51,33.72,34.00,2035927,70556984.00
20170113,33.71,34.00,32.15,32.33,2191020,72342984.00
20170116,31.62,32.32,29.08,29.48,2696271,82013488.00
20170117,29.07,30.66,28.35,30.10,2299250,68271832.00
20170118,29.82,30.07,29.27,29.36,1261239,37572036.00
20170119,29.41,30.19,28.84,29.77,1456365,43468376.00
20170120,29.82,30.51,29.32,30.26,1603045,48787032.00
20170123,30.40,30.75,30.22,30.51,1293786,39713648.00
20170124,30.51,30.51,29.65,29.76,1250744,37632984.00
20170125,29.87,30.32,29.23,30.22,1035725,31344260.00
20170126,30.27,30.70,30.23,30.34,955146,29187790.00
20170203,30.51,30.77,30.32,30.34,1006731,30924416.00
20170206,30.38,31.50,30.03,31.33,2048169,63610940.00
20170207,31.16,31.28,30.63,30.89,1529212,47526848.00
20170208,30.90,31.42,30.80,31.32,1744512,54669180.00
20170209,31.32,33.78,31.32,32.58,3684859,121494512.00
20170210,32.51,32.72,31.92,32.06,1807029,58484312.00
20170213,31.88,32.79,31.81,32.40,1634887,53358160.00
20170214,32.27,32.60,32.12,32.35,1400496,45575612.00
20170215,32.48,32.67,32.16,32.24,1782974,58089348.00
20170216,32.24,32.27,31.61,31.84,1516693,48549468.00
20170217,31.97,32.18,31.27,31.35,1467035,46679912.00
20170221,31.51,32.32,31.51,32.02,1746130,55995504.00
20170222,32.16,33.32,31.51,32.81,2793221,90874784.00
20170223,32.75,33.29,32.17,32.82,2487432,81876472.00
20170224,32.98,33.95,32.62,33.51,3231186,108439200.00
20170227,33.52,33.57,32.75,32.79,2144166,71356552.00
20170228,32.67,33.32,32.62,33.11,1612507,53468040.00
20170301,33.20,33.20,32.55,32.58,2041526,67256352.00
20170302,32.76,32.80,32.08,32.17,1555028,50685624.00
20170303,31.92,32.37,31.59,32.19,1392969,44755732.00
20170306,32.31,33.26,32.18,33.16,2720455,90081904.00
20170307,33.32,34.06,32.89,33.88,3567547,120078016.00
20170308,33.82,33.82,33.04,33.36,2502216,84125800.00
20170309,33.22,33.72,32.70,33.05,1562804,52053940.00
20170310,33.02,33.96,32.84,33.77,2974631,100385680.00
20170313,33.89,34.20,33.17,34.14,2712191,91965712.00
20170314,34.28,36.30,33.67,36.09,7037971,247551616.00
20170315,35.44,36.73,35.14,36.01,5128034,185244544.00
20170316,35.82,37.28,35.72,37.02,4975683,183227648.00
20170317,37.10,38.30,36.49,37.45,8473440,320631104.00
20170320,37.38,38.16,36.52,36.89,4135601,155049664.00
20170321,36.42,36.70,35.70,36.26,3292795,119521000.00
20170322,36.16,37.02,35.68,36.86,3279967,119697448.00
20170323,36.86,37.15,34.82,36.76,2981582,109400248.00
20170324,36.49,36.92,36.03,36.07,1727887,63135824.00
20170327,36.08,36.13,35.17,35.40,1885524,67249464.00
20170328,35.42,35.86,34.60,34.71,1669442,59089120.00
20170329,34.71,35.16,33.02,33.07,2870040,97279992.00
20170330,32.59,32.96,30.52,30.64,3073859,98212840.00
20170331,31.02,31.54,30.06,31.19,3873389,119609776.00
20170405,31.02,32.02,30.94,31.60,2287807,72804656.00
20170406,31.62,32.00,31.44,31.66,1683847,53786064.00
20170407,31.84,31.84,31.23,31.51,1311359,41552032.00
20170410,31.10,31.42,29.86,29.99,2437300,74617808.00
20170411,29.98,30.69,29.83,30.62,1607672,48834544.00
20170412,30.41,30.50,29.99,30.04,1124117,34109184.00
20170413,29.99,30.56,29.92,30.09,825142,25097796.00
20170414,30.07,30.07,28.41,28.80,2620034,76733512.00
20170417,28.44,31.10,28.00,29.92,3679253,109330176.00
20170418,29.93,30.30,28.82,29.24,2639608,78852112.00
20170419,29.23,29.27,28.06,28.97,1972307,56882332.00
20170420,28.96,29.18,27.85,28.23,1802437,51557480.00
20170421,28.62,29.67,28.32,29.13,2465760,72354368.00
20170424,29.80,30.61,29.23,29.39,3541859,106441440.00
20170425,28.97,30.07,28.85,29.56,2411314,71715560.00
20170426,29.60,30.41,29.36,30.26,2917684,88457728.00
20170427,30.04,31.62,29.82,31.31,4607933,142748208.00
20170428,31.02,31.50,30.71,31.18,2523826,78840184.00
20170502,31.18,31.19,30.33,30.49,2390731,73885280.00
20170503,30.30,30.76,30.04,30.75,2144696,65625244.00
20170504,30.78,30.78,29.84,29.96,1883727,57475064.00
20170505,29.70,30.21,29.11,29.16,2042646,60813032.00
20170508,29.17,29.66,28.43,28.49,1378424,39940104.00
20170509,28.51,29.21,28.29,29.11,1242996,36088996.00
20170510,29.02,29.47,28.54,28.73,1353531,39552892.00
20170511,28.32,28.82,27.37,28.47,1885552,53262744.00
20170512,28.22,28.70,27.68,27.85,1612539,45542704.00
20170515,27.71,27.71,25.13,25.21,4532097,119393056.00
20170516,24.92,25.84,24.22,25.67,3367512,84313984.00
20170517,25.42,26.05,25.23,25.87,2345659,60876240.00
20170518,25.43,25.96,25.22,25.62,1544546,39970992.00
20170519,25.84,27.49,25.52,26.64,3267498,87621032.00
20170522,26.72,26.82,24.85,25.06,2555154,66544824.00
20170523,24.82,25.32,24.41,24.43,1722548,43015360.00
20170524,24.02,24.79,23.92,24.75,1359437,33551042.00
20170525,24.82,24.92,24.05,24.76,1680594,41523556.00
20170526,24.72,25.27,24.63,24.85,1689088,42310152.00
20170531,25.58,26.10,25.13,25.29,2332533,60104288.00
20170601,25.02,25.19,23.95,24.00,1710100,42341252.00
20170602,23.32,24.62,23.32,24.47,1379005,33468088.00
20170605,24.63,25.02,24.63,24.82,1305105,32625652.00
20170606,24.68,24.91,24.47,24.89,919200,22940120.00
20170607,24.80,25.67,24.69,25.53,2498223,63935148.00
20170608,25.62,25.70,25.20,25.33,1748300,44793360.00
20170609,25.33,25.87,25.12,25.81,1812129,46669040.00
20170612,25.52,25.70,24.82,24.83,1438891,36492472.00
20170613,24.83,25.64,24.83,25.39,1319441,33646096.00
20170614,25.34,26.39,25.12,26.26,3159083,82535776.00
20170615,26.22,27.14,25.97,26.92,3166245,85218400.00
20170616,26.88,26.91,26.21,26.33,1974097,52259300.00
20170619,26.21,26.85,26.18,26.32,1143042,30070174.00
20170620,26.58,26.58,26.09,26.11,1233743,32420438.00
20170621,26.11,26.49,25.85,26.06,1330493,34753964.00
20170622,26.00,26.67,25.85,25.88,1814871,47600300.00
20170623,25.88,26.10,25.13,25.68,1803471,46139468.00
20170626,25.68,26.10,25.51,26.05,1217980,31536630.00
20170627,26.06,26.42,25.67,25.84,1642750,42718648.00
20170628,25.72,26.03,25.58,25.66,1146981,29572784.00
20170629,25.67,25.98,25.57,25.82,946927,24413176.00
20170630,25.70,25.93,25.40,25.86,945600,24337970.00
20170703,25.90,26.29,25.66,26.25,1316105,34321788.00
20170704,26.21,26.30,25.92,26.06,1363350,35497560.00
20170705,26.14,26.21,25.86,26.20,1751554,45666280.00
20170706,26.24,26.47,25.73,25.90,2751055,71566008.00
20170707,25.99,26.25,25.81,26.19,2745350,71598456.00
20170710,26.14,26.44,25.70,25.77,2445812,63760420.00
20170711,25.76,25.76,25.00,25.04,1985694,50506784.00
20170712,25.00,25.25,24.25,24.70,1791878,44193648.00
20170713,24.83,24.91,24.52,24.85,1052100,26032308.00
20170714,24.92,24.92,24.60,24.79,781127,19329684.00
20170717,24.70,24.70,22.40,22.52,2144000,49773316.00
20170718,22.53,22.90,22.31,22.78,1118403,25320580.00
20170719,22.79,23.29,22.62,23.14,1111400,25505956.00
数据来源:通达信
