603536 惠发股份 日线 前复权
      日期	    开盘	    最高	    最低	    收盘	    成交量	    成交额
20170613,10.99,10.99,10.99,10.99,19408,213294.00
20170614,12.09,12.09,12.09,12.09,2900,35061.00
20170615,13.30,13.30,13.30,13.30,7100,94430.00
20170616,14.63,14.63,14.63,14.63,13908,203474.00
20170619,16.09,16.09,16.09,16.09,40080,644887.00
20170620,17.70,17.70,17.70,17.70,113978,2017411.00
20170621,19.47,19.47,19.47,19.47,111691,2174624.00
20170622,21.42,21.42,21.42,21.42,226170,4844561.00
20170623,23.56,23.56,23.56,23.56,2554053,60173488.00
20170626,25.92,25.92,24.50,25.33,18476550,467648704.00
20170627,25.05,25.62,23.48,23.69,16415827,400491584.00
20170628,22.92,23.42,22.15,22.47,11613223,264316736.00
20170629,22.51,22.90,22.20,22.69,7804123,176058736.00
20170630,22.24,24.50,22.20,23.95,13466879,316185248.00
20170703,23.56,23.82,23.05,23.60,8417424,197391280.00
20170704,24.00,24.58,22.96,23.34,8553249,202407216.00
20170705,23.16,24.20,23.08,23.94,8898408,211658352.00
20170706,23.88,24.20,23.11,23.60,6622280,156522944.00
20170707,23.61,24.48,23.41,24.10,8692218,208769424.00
20170710,23.60,23.68,22.35,22.79,7086620,162894224.00
20170711,22.76,23.00,22.45,22.81,3822191,87069992.00
20170712,23.00,23.00,22.30,22.97,3720651,84365312.00
20170713,22.76,23.35,22.55,22.73,4398481,100510272.00
20170714,22.88,22.88,22.20,22.52,3753200,84422608.00
20170717,22.50,22.50,20.27,20.27,6409642,134436640.00
20170718,19.63,20.20,19.06,19.64,4546986,89190784.00
20170719,19.45,20.55,19.32,19.66,3947822,77947656.00
数据来源:通达信
