603616 韩建河山 日线 前复权
      日期	    开盘	    最高	    最低	    收盘	    成交量	    成交额
20150611,6.79,8.15,6.79,8.15,13200,215416.00
20150612,8.96,8.96,8.96,8.96,9900,177903.00
20150615,9.86,9.86,9.86,9.86,4012,79317.24
20150616,10.85,10.85,10.85,10.85,14400,313200.00
20150617,11.94,11.94,11.94,11.94,43732,1046506.75
20150618,13.14,13.14,13.14,13.14,28900,760648.00
20150619,14.45,14.45,14.45,14.45,160733,4653220.50
20150623,15.90,15.90,15.90,15.90,131300,4181905.00
20150624,17.50,17.50,17.50,17.50,38500,1349040.00
20150625,19.25,19.25,19.25,19.25,84100,3241214.00
20150626,21.17,21.17,17.39,21.17,24240713,962102848.00
20150629,19.05,19.92,19.05,19.05,2659700,102027216.00
20150630,17.15,18.97,17.15,17.15,13255147,466151488.00
20150701,16.48,18.31,15.43,15.47,16853629,566144448.00
20150702,14.23,14.92,13.92,13.92,7685170,217599952.00
20150703,12.60,13.23,12.52,12.52,5672229,143898208.00
20150706,13.78,13.78,11.27,11.27,9449903,233907024.00
20150707,10.28,10.48,10.14,10.14,1586900,32369182.00
20150708,9.12,9.12,9.12,9.12,307900,5631491.00
20150709,8.21,10.04,8.21,10.04,11369833,210733104.00
20150710,10.71,11.04,10.23,11.04,4428698,96460264.00
20150713,12.15,12.15,11.73,12.15,6292252,152688208.00
20150714,13.07,13.36,12.48,13.36,14126390,371610240.00
20150715,12.98,13.12,12.02,12.02,7680485,189018640.00
20150716,10.82,12.42,10.82,11.39,9590515,219985200.00
20150717,11.43,12.23,11.35,11.99,7969610,188416000.00
20150720,11.98,12.25,11.49,11.67,7121540,169028928.00
20150721,11.49,12.28,11.28,12.26,7110319,169744240.00
20150722,12.42,12.72,11.88,12.08,6854680,168938208.00
20150723,12.21,13.29,12.03,13.29,6796977,173276704.00
20150724,13.98,14.41,13.06,13.60,13842197,385452064.00
20150727,12.98,14.41,12.24,12.24,11093766,298957376.00
20150728,11.28,12.71,11.02,11.41,8015540,186203008.00
20150729,11.84,12.56,11.28,12.56,6615387,157367408.00
20150730,12.97,13.82,12.60,13.65,9275836,252633600.00
20150731,13.62,15.02,13.02,15.02,8812045,257483936.00
20150803,16.53,16.53,16.53,16.53,1938349,64159352.00
20150804,18.18,18.18,17.48,18.18,21061030,764827328.00
20150805,17.97,20.00,16.53,20.00,9267203,345908288.00
20150806,22.01,22.01,18.80,22.01,28129736,1204798720.00
20150807,20.98,24.21,20.48,24.21,19491457,879493696.00
20150810,25.48,26.64,23.23,24.76,23543280,1202189440.00
20150811,25.02,26.22,24.32,24.77,19817543,1001980416.00
20150812,22.93,24.42,22.29,22.29,17943296,830696832.00
20150813,21.35,23.08,21.35,22.06,13800965,604445376.00
20150814,22.08,24.27,21.73,24.27,17100273,791448576.00
20150817,24.28,24.98,21.84,21.98,18342696,840314944.00
20150818,20.96,23.69,20.48,21.20,15990151,713155904.00
20150819,20.28,21.73,19.37,20.74,14172024,574922240.00
20150820,20.05,21.62,19.48,19.50,11487448,476176992.00
20150821,18.28,18.69,17.55,17.55,9121862,327056160.00
20150824,15.80,16.18,15.80,15.80,1567700,49710764.00
20150825,14.22,17.07,14.22,14.22,12923352,390813376.00
20150826,14.58,15.64,13.55,15.64,16650027,505621632.00
20150827,15.73,17.21,14.78,17.21,17370034,558666560.00
20150828,16.90,18.73,16.37,17.52,15402667,534072928.00
20150831,16.98,17.44,15.76,15.76,9566829,316811936.00
20150901,14.95,15.63,14.18,14.18,7443160,219764224.00
20150902,12.85,14.75,12.76,12.76,8309357,227165680.00
20150907,13.26,13.73,12.27,12.66,6273762,164110352.00
20150908,12.73,13.93,12.70,13.93,6802907,187810592.00
20150909,15.33,15.33,15.33,15.33,839009,25757576.00
20150910,15.86,16.86,15.73,16.79,19481723,641309888.00
20150911,15.92,18.18,15.48,16.84,17632256,587888768.00
20150914,16.30,17.48,15.15,15.15,12191221,397196768.00
20150915,14.47,15.57,13.73,14.01,10481336,303350880.00
20150916,14.48,15.42,14.47,15.42,4013312,122080104.00
20150917,16.96,16.96,16.73,16.96,9732731,330527904.00
20150918,17.53,17.95,16.52,17.37,18728239,650134976.00
20150921,16.60,19.11,16.28,19.11,16243783,576394112.00
20150922,19.27,19.85,18.27,18.90,16772949,644733120.00
20150923,18.36,20.61,18.15,19.20,13856013,540260992.00
20150924,19.08,20.47,18.70,19.98,14687224,575812800.00
20150925,19.49,20.13,17.98,17.98,11360474,428830240.00
20150928,18.33,19.68,18.30,19.47,10439644,398240384.00
20150929,18.95,19.13,18.36,18.52,8712790,326042880.00
20150930,18.60,18.98,17.51,17.83,6833365,246744672.00
20151008,18.49,19.62,18.03,19.62,11353707,433635744.00
20151009,19.48,20.21,18.98,19.28,11653025,455550912.00
20151012,19.07,20.53,19.01,20.06,12808188,511792960.00
20151013,19.79,19.93,19.39,19.85,7881523,310775456.00
20151014,19.93,21.84,19.82,21.59,18939127,818906368.00
20151015,21.16,22.11,21.08,21.98,14115662,609852480.00
20151016,21.98,22.20,21.33,21.61,11600733,502540352.00
20151019,21.70,22.78,20.71,21.33,11123541,478589696.00
20151020,21.03,21.52,20.64,21.41,7964321,337126464.00
20151021,21.20,22.00,19.27,19.27,12208874,507874848.00
20151022,18.83,20.43,18.18,19.86,11841038,456618048.00
20151023,19.48,21.22,19.38,20.08,10580971,429616096.00
20151026,20.08,20.97,19.41,19.67,8559875,343990400.00
20151027,19.23,20.43,19.18,20.12,9045973,361384256.00
20151028,19.84,20.14,19.03,19.15,7366449,287696416.00
20151029,19.35,19.64,19.00,19.29,5116578,197527328.00
20151030,19.23,21.15,19.01,19.98,10911196,439224576.00
20151102,18.73,20.97,18.47,19.91,11176287,447313344.00
20151103,19.45,21.03,19.41,20.97,12870737,525476128.00
20151104,21.29,21.54,20.34,21.38,13950917,583070784.00
20151105,21.08,21.72,20.49,20.58,9567360,402011872.00
20151106,20.64,21.48,20.33,21.11,11101794,468609568.00
20151109,20.73,22.73,20.42,22.04,14374837,630658048.00
20151110,21.73,22.47,20.78,21.22,11296331,485252192.00
20151111,21.01,22.78,20.81,22.37,12976247,568032704.00
20151112,22.37,24.37,22.33,23.65,14851023,694163008.00
20151113,22.93,23.03,21.28,21.28,12016624,527422336.00
20151116,20.23,21.23,20.23,20.89,5946468,246231440.00
20151117,20.97,21.29,20.33,20.41,5706213,238070384.00
20151118,20.48,20.62,19.38,19.57,4866710,194591680.00
20151119,19.70,20.25,19.67,20.09,4020446,160471520.00
20151120,20.22,20.33,19.72,19.96,3999530,159725728.00
20151123,19.99,20.93,19.83,20.28,4811771,196600528.00
20151124,20.00,20.88,20.00,20.74,4878427,200719536.00
20151125,20.68,20.70,20.27,20.56,4714412,193079120.00
20151126,20.43,21.48,20.43,20.86,7492553,315369120.00
20151127,20.88,20.88,18.77,18.83,6723722,264688672.00
20151130,18.80,19.08,16.99,18.55,5487978,199695408.00
20151201,18.53,19.73,18.13,18.88,4914688,187199120.00
20151202,18.47,18.48,17.43,18.09,4052914,145711392.00
20151203,18.38,19.07,18.25,18.82,4265279,160608688.00
20151204,18.48,18.96,18.25,18.55,3722495,138717552.00
20151207,18.55,18.88,18.42,18.70,2759274,103019296.00
20151208,18.88,19.24,18.58,18.91,4484324,169628400.00
20151209,18.99,19.83,18.55,18.91,4656321,179293168.00
20151210,18.42,18.92,18.23,18.38,3357651,124416104.00
20151211,18.00,18.88,17.68,18.62,3944941,143442368.00
20151214,18.48,18.87,18.41,18.78,3111923,116274448.00
20151215,18.78,19.19,18.73,18.97,2923099,110686216.00
20151216,19.15,19.78,18.73,19.36,5176580,201025200.00
20151217,19.33,19.75,19.28,19.70,5106551,199311328.00
20151218,19.98,20.19,19.11,19.19,3942488,154263360.00
20151221,18.89,19.20,18.48,18.84,2683077,101118328.00
20151222,18.89,19.22,18.86,19.07,2226034,84934784.00
20151223,19.22,19.73,18.99,19.20,4196408,162661696.00
20151224,18.99,19.20,18.57,18.83,2542088,95460312.00
20151225,18.98,19.19,18.73,18.98,2045887,77586960.00
20151228,18.98,19.73,18.68,19.38,4350870,167441184.00
20151229,19.13,21.26,19.04,20.72,10106761,411752352.00
20151230,20.07,20.63,19.93,20.35,6673380,269747648.00
20151231,21.43,21.47,20.33,20.46,10217496,429553472.00
20160104,19.98,19.98,18.41,18.41,4588770,173662784.00
20160105,16.72,18.07,16.56,17.04,4925196,169082752.00
20160106,17.38,17.58,16.98,17.54,3460726,120006976.00
20160107,17.23,17.23,15.79,15.80,799600,26229302.00
20160108,16.06,16.42,14.38,15.44,3517747,110180112.00
20160111,14.73,15.18,13.90,13.90,2977342,86118360.00
20160112,13.70,14.41,12.98,14.15,2889531,80928256.00
20160113,14.22,14.33,12.98,13.08,2224540,61587260.00
20160114,12.48,14.23,12.23,13.79,2928245,78384784.00
20160115,13.72,13.91,12.88,13.21,2485860,66862128.00
20160118,12.79,13.70,12.73,13.54,2330789,62496480.00
20160119,14.18,14.63,13.98,14.55,4562108,131234592.00
20160120,14.20,14.48,13.88,14.06,3327867,94560704.00
20160121,13.53,14.42,13.53,13.63,2866085,80368224.00
20160122,13.78,13.95,13.33,13.72,2176817,59640244.00
20160125,13.93,13.93,13.60,13.73,1707985,47080084.00
20160126,13.48,13.63,12.35,12.35,2162913,55964056.00
20160127,12.43,12.48,11.48,12.01,2042399,48491496.00
20160128,11.90,12.07,11.02,11.14,1496279,34798252.00
20160129,11.16,11.73,11.12,11.59,1687621,38855492.00
20160201,11.59,11.67,10.98,11.26,1608664,36642692.00
20160202,11.30,11.83,11.28,11.80,2082286,48794048.00
20160203,11.63,11.90,11.33,11.80,1509982,35188816.00
20160204,11.80,12.98,11.63,12.69,3404859,85046448.00
20160205,12.48,12.80,12.27,12.37,2125234,53098872.00
20160215,11.96,12.35,11.76,12.24,1391383,33826856.00
20160216,12.28,12.95,12.28,12.77,2108783,53681988.00
20160217,12.68,12.93,12.59,12.89,2352907,60187880.00
20160218,12.98,13.13,12.75,12.84,2566793,66516756.00
20160219,12.75,13.90,12.60,13.50,3596647,95086200.00
20160222,13.75,13.78,13.35,13.63,3468805,94135752.00
20160223,13.49,14.29,13.44,13.83,3662404,102199600.00
20160308,13.78,13.83,12.61,13.26,3805521,99684840.00
20160309,12.49,13.73,12.48,13.09,2789935,73520824.00
20160310,12.98,13.32,12.48,12.53,1902095,48552196.00
20160311,12.48,12.53,11.98,12.13,1461061,35717176.00
20160314,12.16,12.73,12.16,12.53,2060852,51834204.00
20160315,12.58,12.70,12.43,12.59,1791200,45082012.00
20160316,12.68,13.27,12.53,12.71,2719428,70420840.00
20160317,12.68,13.63,12.42,13.29,3969583,103633904.00
20160318,13.08,14.23,13.08,13.96,4946505,134602592.00
20160321,14.03,14.63,13.73,14.33,5140067,145461968.00
20160322,14.08,14.17,13.88,13.89,2917745,81844168.00
20160323,13.81,14.13,13.68,14.03,2600983,72660336.00
20160324,14.03,14.07,13.53,13.55,2670533,73935136.00
20160325,13.73,13.93,13.57,13.77,1797834,49448768.00
20160328,13.96,13.97,13.48,13.56,2038265,56210680.00
20160329,13.78,14.47,13.67,14.03,4433025,124664360.00
20160330,13.88,14.39,13.85,14.32,4341672,122651320.00
20160331,14.33,15.53,14.13,14.97,6871988,204869440.00
20160401,14.78,14.82,14.30,14.47,3957203,115352704.00
20160405,14.23,14.73,14.15,14.67,3118747,90436768.00
20160406,14.53,14.89,14.45,14.63,3047779,89293328.00
20160407,14.67,14.77,14.10,14.13,2561059,73601456.00
20160408,13.84,14.39,13.73,14.26,2280535,63601284.00
20160411,14.76,14.76,14.36,14.47,2398397,69838280.00
20160412,14.60,14.68,14.16,14.29,2268872,65488720.00
20160413,14.30,14.63,14.30,14.40,2524031,73314376.00
20160414,14.50,15.73,14.42,15.33,6206244,186445696.00
20160415,15.14,15.14,14.73,14.86,3825680,114052584.00
20160418,14.80,14.80,14.43,14.51,1857482,53987268.00
20160419,14.52,14.72,14.40,14.56,1574777,45882428.00
20160420,14.60,14.72,13.16,13.45,2925255,80717880.00
20160421,13.36,13.61,12.98,13.08,1679321,44709940.00
20160422,13.04,14.02,12.91,13.87,1566562,41627864.00
20160425,13.48,13.79,13.33,13.66,1316933,35813412.00
20160426,13.59,13.72,13.41,13.66,1244348,33853452.00
20160427,13.68,13.96,13.68,13.74,1691821,46796132.00
20160428,13.95,14.15,13.59,13.77,2068963,57516056.00
20160429,13.73,13.92,13.50,13.76,1204044,33173740.00
20160503,13.74,14.08,13.63,14.07,1675434,46830484.00
20160504,14.03,14.26,13.98,14.06,1544472,43626688.00
20160505,13.98,14.30,13.93,14.27,1796596,50951080.00
20160506,14.37,15.02,13.81,14.17,4716528,138017296.00
20160509,13.77,13.86,12.98,13.12,3205588,84969472.00
20160510,12.96,13.23,12.96,13.15,1754612,46095784.00
20160511,13.18,13.32,12.93,13.12,1526083,40141984.00
20160512,12.48,12.83,12.45,12.76,1314711,33415692.00
20160513,12.70,12.93,12.63,12.77,884296,22645968.00
20160516,12.73,12.91,12.65,12.90,845845,21708594.00
20160517,12.93,12.98,12.80,12.83,1014750,26213748.00
20160518,12.78,12.87,11.98,12.11,1416952,35051676.00
20160519,12.15,12.52,12.15,12.21,962798,23801094.00
20160520,12.22,12.44,12.03,12.35,836000,20556672.00
20160523,12.35,12.71,12.35,12.64,1479167,37282172.00
20160524,12.63,12.65,12.40,12.50,998950,25009164.00
20160525,12.66,13.46,12.66,13.13,3473524,91252048.00
20160526,12.91,13.13,12.58,13.03,2019912,52076716.00
20160527,13.24,13.46,12.98,13.06,1955659,51734624.00
20160530,12.95,12.95,12.33,12.68,1811764,45891404.00
20160531,12.63,13.24,12.63,13.22,2917588,76208992.00
20160601,13.38,13.72,13.18,13.32,3585833,96501352.00
20160602,13.32,13.64,13.28,13.59,2404785,64804432.00
20160603,13.48,13.87,13.43,13.67,3138638,85739960.00
20160606,13.63,14.17,13.52,13.87,4056291,112502784.00
20160607,13.65,14.42,13.63,14.41,4936112,139254656.00
20160608,14.19,14.46,13.99,14.08,3668021,104481248.00
20160613,13.92,13.92,13.04,13.07,3434376,93230992.00
20160614,12.94,14.38,12.93,13.79,1481830,39166212.00
20160615,13.42,14.37,13.23,14.28,3936117,110487864.00
20160616,14.17,14.47,14.03,14.12,2557462,72880200.00
20160617,14.23,14.37,13.91,14.02,2537821,71673696.00
20160620,13.98,14.17,13.73,14.08,2701750,75461832.00
20160621,14.14,14.22,13.54,13.67,2302544,64350844.00
20160622,13.68,14.02,13.58,13.95,1708421,47393132.00
20160623,13.88,13.95,13.63,13.64,1844385,50849060.00
20160624,13.64,13.89,12.98,13.37,2668260,72319680.00
20160627,13.43,13.78,13.23,13.70,2131682,57803268.00
20160628,13.53,13.78,13.48,13.77,2405203,65767944.00
20160629,13.80,14.07,13.71,13.93,3349841,93310992.00
20160630,13.86,13.98,13.68,13.83,2117826,58619204.00
20160701,13.89,14.08,13.80,13.96,3029021,84612392.00
20160704,13.96,14.74,13.96,14.52,6530223,190051104.00
20160705,14.54,14.73,14.26,14.66,5670824,164678992.00
20160706,14.62,14.67,14.38,14.49,3881631,112860472.00
20160707,14.45,15.13,14.45,15.01,6503103,194082000.00
20160708,15.53,16.18,15.01,15.07,7902292,244846640.00
20160711,14.93,15.80,14.88,15.40,6790311,209625888.00
20160712,15.46,15.49,14.65,15.38,5947803,179429216.00
20160713,15.25,15.59,15.13,15.26,4209234,129427024.00
20160714,15.03,15.33,14.92,15.27,3299287,99795656.00
20160715,15.26,15.47,15.06,15.40,3307472,101383016.00
20160718,15.97,15.97,15.38,15.69,5902902,185423376.00
20160719,15.48,15.73,15.18,15.61,3428820,105569048.00
20160720,15.49,15.98,15.49,15.69,4280157,135417648.00
20160721,15.83,16.30,15.62,15.77,5279772,167741184.00
20160722,16.00,16.70,15.79,16.07,6507813,105361096.00
20160725,15.69,15.69,15.02,15.20,8530264,129979768.00
20160726,15.10,16.25,14.91,15.68,9511997,148334544.00
20160727,15.57,16.97,15.19,16.33,26812150,435392384.00
20160728,15.96,15.97,15.11,15.62,13457675,211441424.00
20160729,15.50,15.60,14.57,14.61,9365670,140186464.00
20160801,14.24,14.41,13.46,13.83,7336964,101374696.00
20160802,13.76,14.21,13.61,13.94,3401503,47203188.00
20160803,13.85,13.96,13.70,13.87,3191536,44102312.00
20160804,13.77,14.19,13.72,14.08,4453490,62275100.00
20160805,14.08,14.18,13.75,13.81,3337046,46435608.00
20160808,13.81,13.88,13.46,13.74,3871256,52663944.00
20160809,13.83,13.88,13.61,13.87,4142562,56863324.00
20160810,13.74,13.96,13.66,13.71,4159812,57298980.00
20160811,13.64,13.69,13.21,13.23,4796749,64364168.00
20160812,13.27,13.44,13.23,13.40,2677583,35702720.00
20160815,13.41,13.80,13.31,13.76,5187483,70643056.00
20160816,13.79,14.00,13.71,13.81,4531879,62789088.00
20160817,13.84,13.90,13.58,13.81,3454235,47506144.00
20160818,13.77,13.88,13.66,13.83,3520028,48550064.00
20160819,13.83,13.88,13.61,13.74,2526640,34717064.00
20160822,13.75,13.87,13.58,13.76,3427320,47109056.00
20160823,13.77,13.82,13.61,13.73,2189220,30024296.00
20160824,13.69,15.10,13.69,15.10,7190370,106344080.00
20160825,15.20,16.50,14.60,15.79,21556461,333708608.00
20160826,15.46,15.60,15.00,15.08,11383149,173654192.00
20160829,14.81,15.45,14.56,15.07,8893164,133814592.00
20160830,14.90,15.04,14.65,14.73,5349851,79264832.00
20160831,14.70,14.96,14.66,14.83,3778491,55930840.00
20160901,14.80,14.86,14.43,14.51,4419248,64554564.00
20160902,14.50,14.59,14.19,14.33,4502837,64691852.00
20160905,14.32,14.60,14.31,14.42,3045554,43942512.00
20160906,14.25,14.58,13.90,14.56,5761912,81801344.00
20160907,14.56,16.02,14.50,16.02,9943848,156365376.00
20160908,17.00,17.62,16.51,17.62,39134023,673891520.00
20160909,18.30,19.38,18.14,18.57,52166385,981277952.00
20160912,17.99,18.24,17.43,17.65,35098614,623624832.00
20160913,17.66,17.77,16.92,17.30,27534017,475407680.00
20160914,17.19,17.27,16.66,16.70,21374234,361399744.00
20160919,16.75,16.93,16.65,16.87,17507706,293805728.00
20160920,16.95,17.48,16.69,16.71,26678082,456095904.00
20160921,16.36,16.80,16.08,16.70,16667389,272703552.00
20160922,16.91,16.94,16.52,16.64,13266280,221427920.00
20160923,16.79,17.28,16.62,16.77,19924413,337301888.00
20160926,16.33,16.47,15.50,15.59,15197464,243878448.00
20160927,15.60,15.90,15.22,15.87,9643843,149588592.00
20160928,15.70,15.76,15.53,15.60,6314631,98656856.00
20160929,15.70,15.80,15.43,15.49,5490221,85742312.00
20160930,15.51,15.57,15.24,15.42,6046587,92976152.00
20161010,15.58,16.18,15.47,16.15,11170808,177987952.00
20161011,16.19,16.49,15.87,16.39,11657011,188872896.00
20161012,16.06,17.36,16.01,16.75,15463746,257432160.00
20161013,16.56,17.17,16.33,16.36,12980309,216258288.00
20161014,16.23,16.60,16.15,16.39,7339664,120068664.00
20161017,16.31,16.97,16.08,16.69,12754617,211440928.00
20161018,16.43,16.98,16.43,16.96,14814805,248847808.00
20161019,17.00,17.13,16.60,16.79,10200152,170950224.00
20161020,16.71,17.44,16.43,17.38,21825235,373473312.00
20161021,17.20,17.20,16.60,16.96,12824000,216798448.00
20161024,16.80,17.00,16.54,16.72,7587810,126978936.00
20161025,16.66,16.80,16.50,16.68,6604124,109733280.00
20161026,17.70,18.20,17.15,17.18,29383642,515147776.00
20161027,16.80,16.80,16.40,16.53,13711834,226831808.00
20161028,16.55,16.64,15.91,15.98,10585317,171481200.00
20161031,15.90,16.28,15.61,16.02,5214107,83253328.00
20161101,16.16,16.50,16.12,16.36,7516317,122892952.00
20161102,16.25,16.30,15.87,15.91,7369897,117809704.00
20161103,15.68,16.11,15.65,15.94,5944430,94676016.00
20161104,15.90,16.06,15.80,16.01,5206295,83000832.00
20161107,16.00,16.00,15.80,15.92,3719808,59113272.00
20161108,15.95,16.14,15.90,16.00,4203614,67208096.00
20161109,15.98,15.99,15.45,15.71,5679897,89344704.00
20161110,15.81,16.23,15.80,16.08,7026000,112634024.00
20161111,16.15,16.18,15.94,16.12,5458260,87657712.00
20161114,15.97,17.00,15.97,16.79,14448330,238512240.00
20161115,16.63,16.82,16.46,16.62,8077554,133953408.00
20161116,16.52,17.15,16.52,16.79,11541961,194714096.00
20161117,16.70,16.75,16.28,16.51,7287234,119942288.00
20161118,16.45,16.59,16.34,16.38,4553647,74800640.00
20161121,16.49,16.65,16.37,16.63,5460404,90178688.00
20161122,16.89,18.29,16.70,17.76,28502023,509502144.00
20161123,17.35,17.68,17.05,17.28,16854987,291465088.00
20161124,17.39,18.66,17.38,18.53,27822549,505418752.00
20161125,18.17,19.98,18.17,19.01,27441535,522771232.00
20161128,19.19,20.46,18.60,19.88,23236751,456036896.00
20161129,19.69,20.70,19.28,19.92,24040059,485422528.00
20161130,19.70,19.81,18.06,18.58,19432912,366353504.00
20161201,18.50,18.99,17.40,18.18,17063984,308868000.00
20161202,18.10,19.05,17.71,18.45,18303671,337139104.00
20161205,18.27,18.60,17.58,17.87,8970871,161884960.00
20161206,18.02,18.25,17.56,18.15,8219321,146698640.00
20161207,18.05,18.48,17.91,18.08,7984686,144932928.00
20161208,18.09,19.89,17.96,19.24,25266780,484281472.00
20161209,19.00,19.62,18.54,19.36,19049882,362904448.00
20161212,19.19,19.19,17.57,17.91,11446779,210819424.00
20161213,17.71,17.89,17.02,17.32,7485750,130459728.00
20161214,17.33,19.05,17.33,17.88,13129276,240523984.00
20161215,17.65,18.76,17.50,18.48,10196981,186902736.00
20161216,18.34,18.87,18.11,18.59,8417519,155348832.00
20161219,18.59,19.17,18.51,18.58,8854391,166226832.00
20161220,18.39,18.68,17.91,18.02,6281200,114060688.00
20161221,18.10,19.48,17.98,19.24,12091151,226038320.00
20161222,19.14,19.14,18.75,18.85,8382539,158540048.00
20161223,19.05,19.25,18.31,18.41,6761892,126412928.00
20161226,18.20,18.38,17.51,18.32,5168742,92751832.00
20161227,18.29,18.97,18.27,18.60,5804106,108250784.00
20161228,18.45,18.50,18.02,18.19,4738802,86149632.00
20161229,18.00,18.78,17.80,18.68,8074534,149324080.00
20161230,18.62,18.77,18.21,18.27,3895473,71904008.00
20170103,18.31,18.44,18.12,18.40,3422473,62626328.00
20170104,18.36,18.80,18.19,18.75,7320189,135604928.00
20170105,18.80,19.74,18.80,19.37,16797096,324564896.00
20170106,18.65,19.00,18.35,18.39,13166626,244986608.00
20170109,18.30,18.30,17.69,18.04,12847373,230565536.00
20170110,18.02,18.02,17.66,17.89,8080683,143813584.00
20170111,17.79,18.18,17.66,18.02,5889734,105363736.00
20170112,17.80,17.94,17.01,17.07,6298765,110527864.00
20170113,17.07,17.29,15.66,15.76,11582798,187208816.00
20170116,15.58,15.60,14.18,14.81,7721963,115123408.00
20170117,14.90,15.30,14.52,15.18,4207130,62925464.00
20170118,15.10,15.38,14.91,15.18,3096092,46987772.00
20170119,15.06,15.19,14.70,14.74,3245941,48442148.00
20170120,14.74,15.10,14.72,14.99,3387009,50607988.00
20170123,15.15,15.33,15.07,15.11,2855714,43404348.00
20170124,15.20,15.36,15.05,15.24,3255487,49533484.00
20170125,15.15,15.20,15.00,15.10,2357745,35554152.00
20170126,15.05,15.26,15.05,15.16,1987262,30117892.00
20170203,15.19,15.29,15.03,15.17,1652444,25015208.00
20170206,15.17,16.40,15.17,15.87,6679376,105514048.00
20170207,15.87,15.98,15.59,15.81,4214654,66341100.00
20170208,15.81,15.92,15.56,15.88,3269223,51650240.00
20170209,15.88,16.38,15.70,16.18,5452786,88082616.00
20170210,16.18,16.57,16.00,16.28,5696604,92898256.00
20170213,16.10,16.25,15.87,16.16,3842340,61651128.00
20170214,16.10,16.48,16.03,16.12,3864076,62672952.00
20170215,16.12,16.25,15.69,15.71,4145980,66084332.00
20170216,15.70,15.96,15.53,15.78,2840289,44753076.00
20170217,15.84,16.78,15.84,16.13,7858502,128282792.00
20170220,16.13,16.30,15.59,16.25,4900503,78640144.00
20170221,16.17,16.40,16.09,16.29,3949148,64129424.00
20170222,16.41,16.97,16.31,16.82,11803280,196781728.00
20170223,16.95,16.95,16.23,16.36,8961750,148017584.00
20170224,16.37,16.42,16.03,16.23,4419212,71455072.00
20170227,16.20,16.35,15.96,16.07,3578830,57668744.00
20170228,16.01,16.18,15.97,16.17,2963002,47665992.00
20170301,16.16,16.24,16.01,16.06,3462180,55834856.00
20170302,16.10,16.17,15.70,15.73,4039763,64080604.00
20170303,15.75,15.78,15.46,15.56,3237700,50422264.00
20170306,15.61,15.87,15.57,15.85,3030061,47834600.00
20170307,15.85,15.94,15.63,15.79,3255693,51356988.00
20170308,15.79,15.97,15.72,15.95,3487254,55301220.00
20170309,15.95,16.03,15.66,15.73,2836290,44813176.00
20170310,15.70,15.81,15.62,15.69,2112823,33202912.00
20170313,15.84,15.84,15.55,15.79,2292823,36024672.00
20170314,15.83,16.01,15.74,15.85,3485411,55282808.00
20170315,15.83,15.86,15.54,15.69,2148499,33698360.00
20170316,15.67,15.88,15.65,15.79,3114562,49092392.00
20170317,15.81,15.87,15.57,15.58,3419337,53811280.00
20170320,15.60,15.92,15.55,15.89,3790769,59818648.00
20170321,15.93,15.98,15.78,15.85,2364807,37464204.00
20170322,15.82,15.92,15.66,15.67,2544430,40095396.00
20170323,15.60,15.74,15.01,15.33,3857400,59491900.00
20170324,15.34,15.78,15.30,15.69,3839285,59748136.00
20170327,15.69,15.82,15.52,15.62,2444080,38271848.00
20170328,15.55,15.70,15.55,15.67,2181165,34139872.00
20170329,15.68,15.74,15.13,15.18,3568340,54708572.00
20170330,15.20,15.29,14.40,14.47,5205976,76174944.00
20170331,14.45,14.69,14.44,14.55,2237338,32525512.00
20170405,16.01,16.01,16.01,16.01,1775193,28420840.00
20170406,17.61,17.61,17.61,17.61,3740768,65874924.00
20170407,19.37,19.37,19.37,19.37,6252324,121107520.00
20170410,21.31,21.31,21.31,21.31,3010861,64161448.00
20170411,23.44,23.44,23.44,23.44,1392528,32640856.00
20170412,25.78,25.78,25.78,25.78,1638591,42242876.00
20170417,28.36,28.36,26.39,27.94,74572951,2091459840.00
20170418,26.50,29.94,25.39,28.65,56855068,1593563136.00
20170419,27.65,28.31,26.20,26.58,44226995,1209504896.00
20170420,26.70,28.42,24.63,25.21,44034707,1171741184.00
20170421,24.32,25.30,22.69,22.69,36208139,860873216.00
20170424,22.31,23.08,21.06,21.80,31868563,701400320.00
20170425,22.00,23.98,21.55,22.99,56426627,1300238976.00
20170426,22.30,25.29,21.85,25.27,61581663,1445051392.00
20170427,24.47,25.78,23.27,23.55,60501969,1483088768.00
20170428,22.82,25.87,22.81,25.27,54578183,1347569536.00
20170502,25.37,27.80,24.41,27.80,34388364,896211008.00
20170503,29.40,30.58,28.51,29.97,70601836,2116978816.00
20170504,31.93,32.97,31.91,32.97,24628004,805355456.00
20170505,34.99,36.27,31.20,31.34,81594848,2810907904.00
20170508,32.00,32.00,28.71,29.47,57710811,1753581696.00
20170509,29.00,30.58,28.51,30.46,49552963,1462903040.00
20170510,30.18,31.15,27.83,29.01,54996028,1639294464.00
20170511,29.88,31.91,29.60,31.71,65509432,2023373824.00
20170512,31.00,34.41,30.80,32.13,69568939,2255310080.00
20170515,31.30,35.30,30.53,34.39,66721706,2188970496.00
20170516,33.20,34.48,32.40,34.05,57647451,1938907904.00
20170517,33.93,35.75,32.10,32.34,54553005,1855462912.00
20170518,30.96,31.29,29.11,29.11,46556087,1400502272.00
20170519,28.77,30.10,27.81,29.80,37767261,1094542208.00
20170522,29.15,29.26,27.92,28.05,22577275,644529152.00
20170523,28.06,28.47,25.50,26.37,26522699,716097024.00
20170524,25.80,26.89,25.60,26.83,19596100,519521024.00
20170525,26.67,27.05,24.83,26.54,27732454,722878336.00
20170526,26.47,27.98,26.00,26.09,27245548,735808320.00
20170531,26.01,27.10,25.49,27.04,26425174,699664320.00
20170601,26.00,26.59,24.34,24.34,20305306,521197024.00
20170602,23.80,24.97,23.15,24.45,17433221,421284064.00
20170605,24.35,25.09,24.20,24.60,15591288,385054112.00
20170606,24.30,24.98,23.68,24.45,17400870,422854528.00
20170607,25.41,26.90,25.41,26.90,35637583,932169856.00
20170608,26.91,27.96,26.62,26.66,43811085,1190331264.00
20170609,25.70,27.10,25.11,26.62,30677972,797795520.00
20170612,26.00,27.00,25.50,26.12,22781700,597512832.00
20170613,25.88,26.50,25.74,26.28,15384399,402211488.00
20170614,26.00,26.21,25.30,25.32,15495190,398918304.00
20170615,25.24,25.67,24.90,25.14,13805564,348855680.00
20170616,25.15,26.30,25.12,25.47,18387149,474160288.00
20170619,25.20,25.44,24.88,25.39,11803597,296459872.00
20170620,25.42,27.56,25.31,26.60,31549900,833932352.00
20170621,26.38,28.23,26.10,27.85,39757989,1084080768.00
20170622,27.50,27.83,26.45,26.59,25137006,680173824.00
20170623,26.05,26.46,24.60,25.54,20093100,513290848.00
20170626,25.40,25.87,24.73,25.58,13614691,344713152.00
20170627,25.40,25.74,25.11,25.18,10248499,259878192.00
20170628,25.00,25.01,24.06,24.29,15329320,374836256.00
20170629,24.36,24.96,24.27,24.52,12837418,315762624.00
20170630,24.30,24.40,23.80,23.87,10299500,248343104.00
20170703,23.97,24.98,23.91,24.45,13192700,324278208.00
20170711,23.00,23.99,22.05,22.39,19021017,439957824.00
20170712,22.07,23.58,22.07,23.49,17289340,397413696.00
20170713,23.21,23.22,22.50,22.62,11602534,264737120.00
20170714,22.83,22.96,21.41,21.87,10913083,241566032.00
20170717,21.73,21.80,19.68,19.68,13081600,262536192.00
20170718,19.15,20.60,18.70,19.92,12895921,251891008.00
20170719,19.89,19.97,19.19,19.83,10890796,213385248.00
数据来源:通达信
