603660 苏州科达 日线 前复权
      日期	    开盘	    最高	    最低	    收盘	    成交量	    成交额
20161201,9.57,11.49,9.57,11.49,10200,115800.00
20161202,12.65,12.65,12.65,12.65,13200,167904.00
20161205,13.92,13.92,13.92,13.92,9000,125910.00
20161206,15.32,15.32,15.32,15.32,4891,75272.00
20161207,16.86,16.86,16.86,16.86,11900,201467.00
20161208,18.55,18.55,18.55,18.55,26601,495311.00
20161209,20.41,20.41,20.41,20.41,39153,801853.00
20161212,22.46,22.46,22.46,22.46,45626,1027954.00
20161213,24.71,24.71,24.71,24.71,82748,2050495.00
20161214,27.19,27.19,27.19,27.19,62995,1717244.00
20161215,29.92,29.92,29.92,29.92,87481,2623555.00
20161216,32.92,32.92,32.92,32.92,92789,3061109.00
20161219,36.22,36.22,36.22,36.22,210699,7646267.00
20161220,39.85,39.85,39.85,39.85,1730756,69091776.00
20161221,41.95,43.43,37.81,38.58,30996866,1260126464.00
20161222,38.58,39.90,36.39,36.75,20443712,779520064.00
20161223,36.37,36.69,33.14,33.45,16083386,561900416.00
20161226,32.93,35.01,32.04,34.69,16358489,552258176.00
20161227,34.03,34.82,33.33,33.69,10574370,360169856.00
20161228,33.63,33.69,32.15,32.30,7750978,253878256.00
20161229,32.48,32.77,31.81,32.13,4425326,143410816.00
20161230,32.15,32.71,31.93,32.15,4841655,157201360.00
20170103,32.38,33.20,32.17,32.95,5922413,193473168.00
20170104,32.93,33.07,32.64,32.87,4378305,144166864.00
20170105,32.91,33.20,32.04,32.09,4843700,157999376.00
20170106,31.58,31.83,29.95,30.08,6774954,209436176.00
20170109,29.68,30.92,29.36,30.22,3747376,113058944.00
20170110,30.13,30.71,29.63,29.80,2654636,80269024.00
20170111,29.82,29.94,28.60,28.62,3889049,114099968.00
20170112,28.65,28.98,27.92,28.06,3728003,106222992.00
20170113,27.98,28.13,26.93,27.02,4277774,117733336.00
20170116,26.91,27.40,25.43,26.53,4547003,121135320.00
20170117,26.33,28.49,26.25,27.91,5714112,157113968.00
20170118,27.70,27.76,26.91,27.02,3422236,93672624.00
20170119,26.58,28.79,26.28,27.76,5746726,159729152.00
20170120,27.50,28.68,27.38,28.42,4639191,131599968.00
20170123,28.53,29.77,28.53,29.42,5132969,150715728.00
20170124,29.25,29.27,28.43,28.74,3248966,93609496.00
20170125,28.70,29.31,28.46,29.21,3225559,93966520.00
20170126,28.93,29.68,28.64,29.17,2906333,84616080.00
20170203,29.23,29.23,28.09,28.48,2587475,74004568.00
20170206,28.73,30.26,28.54,30.15,5927245,175789984.00
20170207,30.04,30.23,29.46,29.76,3874931,115866720.00
20170208,29.67,30.90,29.59,30.55,5026243,153042576.00
20170209,30.51,31.12,30.13,31.11,5090746,156104096.00
20170210,31.12,31.76,30.54,30.89,4949054,154324368.00
20170213,30.66,31.70,30.31,31.33,3737756,116343024.00
20170214,31.23,31.66,31.05,31.63,2659212,83602936.00
20170215,31.45,32.81,31.45,31.68,5786359,185791760.00
20170216,31.43,32.06,30.83,31.85,4264401,134187712.00
20170217,31.71,31.99,30.82,30.95,2930544,91959072.00
20170220,30.68,30.93,29.63,30.49,3130420,94613392.00
20170221,30.38,31.23,30.36,31.19,2577398,79704256.00
20170222,31.13,31.22,30.65,31.02,2217082,68785032.00
20170223,30.73,32.59,30.73,32.27,6143183,197101728.00
20170224,32.22,32.90,32.06,32.87,4150002,135368464.00
20170227,32.64,33.67,32.33,32.78,4690447,154660464.00
20170228,32.64,33.07,32.13,33.01,3964373,129633696.00
20170301,33.03,33.43,32.46,32.73,3415816,112536136.00
20170302,32.53,33.38,32.45,32.78,3445147,113719296.00
20170303,32.62,32.63,31.93,32.26,2789900,90141584.00
20170306,32.11,33.57,32.11,33.48,4694774,155857536.00
20170307,33.33,34.41,33.18,34.31,5064412,171788032.00
20170308,34.08,34.51,33.69,34.32,4186082,142967520.00
20170309,34.27,34.30,33.58,33.86,3037311,103088448.00
20170310,34.03,35.41,34.03,34.53,5241560,182645136.00
20170313,34.03,34.82,33.43,34.75,3555391,121663032.00
20170314,34.72,35.70,34.53,35.37,5244692,185436960.00
20170315,35.18,38.73,35.04,37.04,8498068,314316640.00
20170316,36.98,38.43,36.98,37.55,7909852,298482816.00
20170317,37.28,37.85,36.53,36.68,5378974,200161056.00
20170320,36.48,37.43,35.96,37.42,4122290,152037472.00
20170321,37.23,37.79,36.83,37.36,3058278,114032168.00
20170322,37.19,37.73,36.53,37.40,3506861,130788064.00
20170323,37.34,37.73,34.93,36.96,4623404,170794992.00
20170324,36.74,37.33,36.49,37.20,3272062,121255864.00
20170327,37.25,37.71,36.73,37.05,2274285,84741952.00
20170328,36.83,37.11,34.98,35.05,4105111,148369488.00
20170329,34.94,35.06,32.15,32.44,4810785,161217696.00
20170330,32.59,33.20,31.74,32.21,3257499,106194240.00
20170331,32.29,32.54,31.14,32.20,2459156,78798496.00
20170405,32.19,33.07,31.26,32.75,2082101,67859464.00
20170406,32.73,33.42,32.62,32.89,1751095,57965112.00
20170407,32.83,33.02,32.43,32.73,1549812,50722496.00
20170410,33.03,33.63,31.88,32.45,2420251,79627656.00
20170411,31.98,32.49,31.43,32.40,1958568,63189932.00
20170412,32.84,33.61,32.33,32.79,3349208,110630448.00
20170413,33.00,33.28,32.69,32.90,2106247,69613640.00
20170414,32.90,32.90,32.13,32.37,1426249,46293888.00
20170417,31.43,31.78,30.53,31.05,2408849,75290264.00
20170418,31.08,31.51,30.79,31.05,1013044,31634034.00
20170419,31.23,31.37,30.73,31.13,1524963,47548856.00
20170420,31.13,31.34,28.93,29.95,2712831,81635368.00
20170421,30.04,30.80,29.59,30.77,2001700,60742660.00
20170424,30.55,31.19,30.07,31.10,2075745,64092184.00
20170425,31.03,32.23,30.93,32.05,2006118,63817904.00
20170426,32.83,34.43,32.65,33.78,4043876,135706144.00
20170427,33.48,34.61,33.36,34.48,3367859,114870712.00
20170428,33.96,35.18,33.96,34.90,2691533,93719144.00
20170502,34.74,35.08,34.13,34.41,1836976,63503296.00
20170503,34.46,35.03,34.18,34.54,1558550,53875720.00
20170504,34.31,34.68,33.75,33.92,1662555,56946284.00
20170505,33.93,35.27,33.77,33.93,2436653,84717496.00
20170508,33.93,34.93,33.67,34.17,2054624,70916888.00
20170509,34.13,36.74,33.68,36.68,5145107,183418944.00
20170510,36.48,37.03,35.63,35.68,3699161,134953040.00
20170511,35.57,35.92,34.08,35.36,5154024,180608608.00
20170512,35.01,35.73,34.53,34.84,2135031,75157176.00
20170515,35.17,36.80,34.98,36.68,3753484,135987472.00
20170516,36.36,36.71,35.65,36.69,3522301,127279728.00
20170517,36.81,37.79,35.92,36.01,2773205,102320520.00
20170518,35.14,36.40,35.14,35.34,2310966,82478808.00
20170519,35.24,35.91,35.03,35.08,1236700,43797768.00
20170522,34.98,35.28,32.23,32.74,3707305,124817176.00
20170523,33.26,33.26,31.73,31.90,1713005,55698716.00
20170524,31.78,32.78,31.42,32.68,1321117,42668584.00
20170525,32.73,33.07,31.81,32.81,1141056,37166776.00
20170526,32.65,33.31,32.65,32.95,973000,32177720.00
20170531,34.43,34.43,32.33,32.36,1401753,47079036.00
20170601,31.93,32.73,30.93,31.42,1620200,51684128.00
20170602,31.39,33.18,31.39,32.85,1503100,48915132.00
20170605,33.08,35.27,33.08,35.03,2693472,92944432.00
20170606,34.88,35.48,34.65,35.10,1522149,53414524.00
20170607,35.08,36.04,34.94,35.71,3130675,111496600.00
20170608,35.59,36.15,34.96,35.93,2756595,98283856.00
20170609,35.59,36.17,35.23,35.63,1734500,61906948.00
20170612,35.24,36.13,35.24,35.62,1394102,49920740.00
20170613,35.49,36.81,35.08,36.27,2270960,82291256.00
20170614,36.22,36.46,35.33,35.55,2045510,73406088.00
20170615,35.54,38.13,34.94,37.38,4094668,152690688.00
20170616,37.33,37.67,36.81,37.17,1796770,66982808.00
20170619,37.40,37.43,36.12,36.85,1665270,61234312.00
20170620,36.92,37.63,36.36,36.71,1371800,50934284.00
20170621,36.71,38.65,36.44,38.22,3600657,136692656.00
20170622,37.88,39.39,37.41,37.87,3751061,144408800.00
20170623,38.05,38.79,36.70,37.91,3062195,115444448.00
20170626,37.70,38.19,37.21,38.09,2109590,79552648.00
20170627,38.00,40.35,37.88,39.79,3674863,145157200.00
20170628,39.28,40.10,39.05,39.59,2198617,87016800.00
20170629,39.59,39.73,38.90,39.07,1649600,64603904.00
20170630,38.96,41.24,38.80,40.95,3447492,138868128.00
20170703,40.72,41.18,40.30,40.88,1826255,74270936.00
20170704,40.81,41.99,39.62,40.10,2750914,112126208.00
20170705,40.25,41.22,39.83,41.16,2410294,98204144.00
20170706,40.99,41.54,39.80,40.50,2757277,111440072.00
20170707,40.23,41.58,39.92,40.50,2470607,100765408.00
20170710,40.21,40.30,38.20,38.30,2933234,115189488.00
20170711,38.30,39.05,37.62,38.01,1881858,72224280.00
20170712,37.81,38.94,37.81,38.88,1876830,72134936.00
20170713,38.89,38.90,38.23,38.48,864100,33296096.00
20170714,38.48,38.60,36.82,36.90,2759865,102737728.00
20170717,36.12,36.71,34.60,34.90,3531356,125618136.00
20170718,35.00,35.80,34.60,35.55,1448212,51006636.00
20170719,35.55,35.99,35.20,35.95,1326690,47205056.00
数据来源:通达信
