603628 清源股份 日线 前复权
      日期	    开盘	    最高	    最低	    收盘	    成交量	    成交额
20170112,6.64,7.98,6.64,7.98,20615,165198.00
20170113,8.78,8.78,8.78,8.78,14300,126126.00
20170116,9.66,9.66,9.66,9.66,33000,320100.00
20170117,10.63,10.63,10.63,10.63,49840,531793.00
20170118,11.70,11.70,11.70,11.70,55317,649422.00
20170119,12.87,12.87,12.87,12.87,159822,2063302.00
20170120,14.16,14.16,14.16,14.16,213460,3031132.00
20170123,15.58,15.58,15.58,15.58,176510,2757086.00
20170124,17.14,17.14,17.14,17.14,2156591,37050232.00
20170125,17.51,18.86,16.48,18.40,46489828,819184960.00
20170126,17.52,17.61,16.73,17.11,32142392,553844928.00
20170203,17.12,17.24,16.25,16.94,21519628,360640864.00
20170206,17.57,18.64,17.57,18.64,11714357,215298240.00
20170207,20.51,20.51,19.25,19.84,40502321,808437952.00
20170208,19.46,21.83,19.24,20.84,45938362,940897408.00
20170209,20.07,20.83,19.84,20.06,30266606,612588224.00
20170210,19.76,20.10,18.89,19.03,22696554,441520128.00
20170213,19.31,20.65,19.25,20.06,24114673,483920992.00
20170214,19.89,21.26,19.68,20.80,26047060,537652800.00
20170215,20.79,22.88,20.56,22.88,12838128,285939264.00
20170216,22.96,22.96,20.97,22.12,30244470,660701248.00
20170217,21.61,22.09,20.29,20.40,21625704,456489056.00
20170220,19.97,20.15,18.76,19.56,14919404,289848928.00
20170221,19.36,20.41,19.36,20.20,13749221,275975968.00
20170222,20.04,20.12,19.40,19.62,11331882,223400880.00
20170223,19.48,20.25,19.38,20.10,12075816,241203408.00
20170224,20.41,21.83,20.11,20.65,19777918,416465408.00
20170227,20.87,21.27,20.25,21.18,14642761,305112352.00
20170228,21.06,22.85,20.77,22.36,23134184,503398944.00
20170301,22.41,24.60,21.97,24.56,33350871,796153152.00
20170302,24.52,27.02,24.41,27.02,36056532,942026432.00
20170303,26.44,29.46,25.34,28.75,33945194,930466240.00
20170306,28.38,31.63,27.96,31.52,32898859,994746496.00
20170307,31.11,33.21,30.16,31.97,35811074,1135822720.00
20170308,31.57,32.24,30.25,31.90,21535807,680041728.00
20170309,31.22,32.56,31.22,31.97,15216588,486223552.00
20170310,32.06,35.06,31.93,34.84,25549629,859741568.00
20170313,35.11,36.48,33.46,35.86,24582303,862635712.00
20170314,35.46,38.73,34.97,38.62,21669617,805696640.00
20170315,38.71,40.44,35.96,36.45,24349030,947049408.00
20170316,36.46,38.44,32.96,37.71,26863905,987391360.00
20170317,36.96,38.36,36.46,37.98,15832212,596462848.00
20170320,38.01,38.95,35.96,38.60,13986515,533679392.00
20170321,38.72,40.31,38.11,39.98,14706302,577567232.00
20170328,43.98,43.98,40.46,42.98,25648440,1083617408.00
20170329,42.65,43.34,40.97,42.93,10748291,458553664.00
20170330,42.08,42.96,39.84,41.86,9970392,417050400.00
20170331,41.88,42.36,40.84,42.13,7138268,298696064.00
20170405,42.22,42.72,41.26,41.88,7606028,321068544.00
20170406,42.04,42.04,41.31,41.86,4245968,177135328.00
20170407,41.88,41.95,41.16,41.88,3722122,154965152.00
20170410,41.92,42.15,41.37,41.88,4551674,189971344.00
20170411,42.11,42.11,40.96,42.02,4331290,180852672.00
20170412,42.05,42.05,41.19,41.68,3566803,148342224.00
20170413,41.68,42.16,41.37,41.85,3933698,164480016.00
20170414,41.95,43.75,41.95,43.01,5203820,224416304.00
20170417,38.71,38.71,38.71,38.71,157200,6091500.00
20170418,34.84,34.84,34.84,34.84,46600,1625408.00
20170419,31.35,31.35,31.35,31.35,130300,4090117.00
20170420,28.21,28.21,28.21,28.21,234400,6621800.00
20170421,25.39,25.39,25.39,25.39,502000,12765860.00
20170424,22.85,24.42,22.85,22.97,30936490,717823552.00
20170425,21.76,25.27,21.26,25.27,30142975,696569856.00
20170426,24.72,27.80,24.06,26.64,38587116,1028379904.00
20170427,25.84,26.86,24.96,25.83,27238998,699784128.00
20170428,25.83,26.25,24.46,24.54,19259693,486632320.00
20170502,24.01,24.84,23.57,23.85,17893722,432071936.00
20170503,23.74,26.24,23.65,26.24,32777892,828550080.00
20170504,27.00,28.87,26.48,28.87,40993255,1136136576.00
20170505,29.76,30.73,27.76,27.82,38656230,1140005888.00
20170508,27.67,28.84,25.06,25.42,24606825,678648320.00
20170509,23.96,27.97,23.96,27.97,24399959,639214016.00
20170510,28.81,30.56,28.14,28.51,35339838,1026750528.00
20170511,27.46,29.88,27.01,28.42,27044012,776397184.00
20170512,28.47,30.61,27.76,29.78,29856818,874635200.00
20170515,29.30,30.25,28.36,29.04,22751187,666763456.00
20170516,28.93,30.12,28.12,29.60,22069676,647310016.00
20170517,29.06,29.64,27.62,28.31,22498378,645719232.00
20170518,27.86,28.29,26.26,26.43,14694758,403754272.00
20170519,26.60,27.66,26.01,26.87,13005850,350428736.00
20170522,26.48,26.91,24.36,24.73,14458479,372572992.00
20170523,24.95,24.96,22.25,22.57,17255925,404248128.00
20170524,22.29,23.57,22.14,23.00,13284662,305500032.00
20170525,23.05,23.16,21.46,22.39,14227611,318052928.00
20170526,22.65,24.63,22.18,24.63,24562603,585275328.00
20170531,25.62,25.71,23.96,24.22,23655406,590638272.00
20170601,23.71,23.93,22.47,23.36,12863112,299757888.00
20170602,23.04,25.66,23.04,24.80,19195013,469468832.00
20170605,24.96,25.24,24.23,24.61,14997374,371235584.00
20170606,24.00,24.48,23.38,24.22,11265698,269299968.00
20170607,24.15,25.71,24.02,24.87,18050156,451551776.00
20170608,24.95,25.50,24.30,25.39,19777701,493879456.00
20170609,25.10,25.98,24.31,24.94,18774681,471494880.00
20170612,24.09,24.42,23.00,23.48,12801987,306025696.00
20170613,23.41,24.24,23.17,23.79,8517357,203450928.00
20170614,23.80,24.02,23.13,23.54,8506380,200802992.00
20170615,23.55,25.18,23.34,24.61,16711896,408781376.00
20170616,24.42,24.72,23.88,24.04,11799871,284963616.00
20170619,24.02,24.26,23.72,24.14,6612576,158661568.00
20170620,24.35,24.40,23.78,23.83,7864191,188729472.00
20170621,23.70,23.92,23.18,23.58,7112078,167133376.00
20170622,23.54,23.99,23.00,23.02,8090594,190723728.00
20170623,22.90,23.00,21.85,22.55,8381533,188152496.00
20170626,22.46,22.80,22.10,22.67,5281349,118730360.00
20170627,22.70,23.64,22.56,23.06,8542128,198198528.00
20170628,23.04,23.04,22.33,22.43,6246400,140422208.00
20170629,22.48,22.64,22.20,22.28,4736124,105977792.00
20170630,22.10,22.74,22.10,22.30,5276843,118401728.00
20170703,22.48,22.48,22.22,22.37,4163362,92974832.00
20170704,22.40,22.55,22.21,22.25,4084362,91214728.00
20170705,22.12,22.70,22.11,22.59,6336926,142201456.00
20170706,22.50,22.76,22.10,22.32,5762788,129105504.00
20170707,22.32,23.33,22.11,22.76,9736124,222378256.00
20170710,22.40,22.77,22.02,22.13,7056672,157486448.00
20170711,22.02,22.20,20.50,20.96,7312840,157290912.00
20170712,20.85,21.08,19.68,20.96,8154381,166010576.00
20170713,20.80,20.80,20.14,20.32,4551133,93050576.00
20170714,20.20,20.31,19.67,19.69,5268012,105105208.00
20170717,19.40,19.54,17.72,17.72,7320100,132797248.00
20170718,17.00,17.65,16.82,17.32,6243373,107787904.00
20170719,17.40,18.77,16.73,17.85,8721608,154075904.00
数据来源:通达信
