603639 海利尔 日线 前复权
      日期	    开盘	    最高	    最低	    收盘	    成交量	    成交额
20170112,35.73,35.73,35.73,35.73,14444,518973.00
20170113,39.32,39.32,39.32,39.32,7766,306912.00
20170116,43.27,43.27,43.27,43.27,125755,5466570.00
20170117,47.50,47.62,45.13,47.62,11598159,543581888.00
20170118,50.12,52.30,48.20,48.64,16114715,815503360.00
20170119,45.00,48.40,45.00,45.72,10748670,499039392.00
20170120,44.90,49.65,44.68,48.03,10134784,480095360.00
20170123,48.36,51.55,47.83,48.88,8218843,408045984.00
20170124,48.90,48.90,46.57,46.85,5862771,279665184.00
20170125,46.35,49.58,46.31,48.69,6384873,308568224.00
20170126,48.80,50.30,48.01,49.69,6477223,320186560.00
20170203,49.30,49.30,47.81,48.53,4595291,223527600.00
20170206,49.02,51.10,49.02,50.76,6503960,327522656.00
20170207,50.45,50.59,49.44,49.98,4868550,244036208.00
20170208,49.82,51.38,49.27,50.59,6194504,313186112.00
20170209,50.59,52.43,49.68,49.72,7625644,389623456.00
20170210,49.45,49.79,48.18,48.38,5637526,276107360.00
20170213,48.15,50.29,48.12,49.91,5209341,259183616.00
20170214,49.92,51.13,49.50,50.35,5223370,264140064.00
20170215,50.03,55.18,49.91,53.09,11044118,582918272.00
20170216,52.04,52.92,51.33,52.85,6708013,351693568.00
20170217,52.86,55.18,52.23,52.70,7781126,419699392.00
20170220,51.66,52.05,49.69,51.34,4889981,249500896.00
20170221,51.01,54.47,51.01,54.24,6750158,359691872.00
20170222,53.92,54.73,52.81,54.06,4587865,247093216.00
20170223,53.94,56.46,53.31,54.42,7079740,391483904.00
20170224,54.21,56.40,53.79,55.42,5483710,303850432.00
20170227,55.77,58.10,55.39,56.11,5875460,334664512.00
20170228,56.23,57.80,55.10,57.54,5147023,290878304.00
20170301,57.49,57.49,55.20,55.31,5290151,298248128.00
20170302,55.48,56.50,55.20,55.64,3819111,214277664.00
20170303,55.30,55.75,54.50,55.55,2999881,165918960.00
20170306,55.40,57.15,55.40,56.86,3683927,209247376.00
20170307,56.80,57.32,56.32,56.98,3467112,197444128.00
20170308,56.90,57.30,56.40,57.27,3031017,172832688.00
20170309,57.20,57.20,55.31,55.60,3484297,196176112.00
20170310,55.80,56.79,55.70,55.77,2866086,161973008.00
20170313,55.55,56.74,54.66,56.56,3075242,172005648.00
20170314,56.30,57.68,56.22,56.94,3683023,210992096.00
20170315,56.40,57.18,55.92,56.56,2347080,133036496.00
20170316,56.70,59.20,56.70,58.77,5918858,345634560.00
20170317,58.40,58.90,56.70,56.86,4835046,280555456.00
20170320,56.97,59.59,56.97,59.56,4774411,280637312.00
20170321,59.71,59.97,58.98,59.79,3655704,218155664.00
20170322,59.25,60.96,58.62,60.36,4595604,274996992.00
20170323,60.46,60.79,58.02,59.55,4017994,239828384.00
20170324,59.40,61.31,59.31,61.05,3871046,234533712.00
20170327,61.30,64.08,60.60,62.75,4774189,298625248.00
20170328,59.80,60.60,58.30,58.37,6639196,396115072.00
20170329,58.23,59.13,56.53,56.64,3983664,231413072.00
20170330,56.15,57.12,55.48,56.27,2627075,148592496.00
20170331,56.49,57.05,53.81,54.80,2872713,160093072.00
20170405,54.14,55.62,54.12,55.44,1874185,103526800.00
20170406,55.35,56.56,55.00,55.40,2144591,120105072.00
20170407,55.35,55.62,53.61,53.92,2255270,123506816.00
20170410,53.76,53.76,50.70,50.79,3290067,170953232.00
20170411,50.73,52.08,49.83,51.82,1782791,91675120.00
20170412,51.41,52.10,50.83,51.05,1205281,61950432.00
20170413,51.58,51.80,50.89,51.17,946069,48831312.00
20170414,51.00,51.31,50.01,50.52,1013858,51612220.00
20170417,48.95,49.92,48.31,49.02,1361591,67301888.00
20170418,49.39,50.19,49.14,49.50,1079977,54007372.00
20170419,49.79,52.79,49.70,52.31,2426611,125171624.00
20170420,51.80,53.52,51.42,53.07,2801442,148184576.00
20170421,53.40,54.18,52.82,53.70,2057692,110535440.00
20170424,53.81,54.75,52.40,54.29,2367433,128093768.00
20170425,51.43,52.48,51.00,51.27,4632031,240748928.00
20170426,51.30,52.08,50.56,51.58,2228242,115008872.00
20170427,51.50,56.30,50.98,55.60,5057623,273284992.00
20170428,55.10,56.17,55.00,55.18,2857303,159106592.00
20170502,55.47,55.47,54.66,55.33,1690108,93430312.00
20170503,55.06,56.18,54.68,55.25,2379565,132039936.00
20170504,55.20,55.20,52.91,53.03,2494320,135483920.00
20170505,52.88,54.20,52.88,53.11,1917824,102894288.00
20170508,52.83,53.78,52.07,52.18,1325502,70825720.00
20170509,51.74,53.50,51.71,53.36,1513473,80172176.00
20170510,53.10,54.21,52.41,52.47,1927226,103372168.00
20170511,52.00,54.45,51.82,54.29,2417575,129471344.00
20170512,54.46,54.58,53.50,54.47,2328968,126159816.00
20170515,54.38,54.75,53.93,53.96,1299114,70532208.00
20170516,53.90,55.70,53.71,55.51,2890345,158638080.00
20170517,55.35,55.89,54.77,55.25,2607744,144590400.00
20170518,54.62,55.28,54.06,54.51,1594819,87071080.00
20170519,54.45,54.60,52.36,52.94,2226118,118850832.00
20170522,52.75,53.30,50.13,50.49,2221056,115105584.00
20170523,50.48,51.00,49.10,49.27,1618646,81110568.00
20170524,49.24,50.40,49.01,50.21,1082488,53964272.00
20170525,50.14,50.50,47.57,50.00,1710051,84371160.00
20170526,49.89,51.19,49.73,50.66,1318988,66602304.00
20170531,52.00,52.82,50.48,50.52,2141100,111223936.00
20170601,50.47,50.47,48.00,48.11,1516909,74386752.00
20170602,47.80,49.79,47.15,49.53,1554315,75713832.00
20170605,50.00,50.85,49.80,50.29,1146194,57652864.00
20170606,50.01,50.80,49.61,50.36,973774,48780116.00
20170607,50.09,52.18,50.00,51.87,2128403,109516480.00
20170608,51.79,52.62,51.51,51.82,1565574,81451152.00
20170609,51.65,52.71,51.42,51.87,1236009,63946128.00
20170612,51.00,51.00,49.18,49.54,1964172,97967008.00
20170613,49.58,50.90,49.50,50.83,1555367,78368992.00
20170614,50.82,51.11,50.11,50.89,1162194,58943820.00
20170615,50.75,52.28,50.75,51.80,1703526,88297696.00
20170616,51.82,51.82,51.27,51.67,900076,46360728.00
20170619,51.68,52.26,51.41,51.95,922993,47867872.00
20170620,52.27,52.53,51.74,51.96,1089596,56849556.00
20170621,51.80,52.09,51.26,51.85,945626,48849080.00
20170622,51.86,51.88,49.30,50.36,1344685,68825880.00
20170623,50.20,50.83,49.30,50.24,1054232,52755880.00
20170626,50.25,51.90,49.70,51.87,1395828,71385312.00
20170627,51.83,53.10,51.80,52.22,2460222,129273808.00
20170628,51.83,53.38,51.83,52.79,2290846,120901336.00
20170629,52.66,53.53,52.66,53.00,2479618,131687792.00
20170630,53.00,53.66,52.60,53.12,2624124,139537744.00
20170703,53.12,53.66,52.58,53.38,1757951,93440632.00
20170704,53.44,54.38,53.12,54.19,2270406,122508952.00
20170705,54.15,54.57,53.26,54.41,2215790,119790488.00
20170706,54.35,54.87,53.71,53.96,1806680,97902792.00
20170707,54.76,57.26,54.72,55.94,3854248,216415360.00
20170710,55.10,56.30,55.00,55.33,2398073,133173624.00
20170711,55.15,55.32,52.83,52.90,2693942,144800416.00
20170712,53.01,54.10,52.64,54.04,1849672,98461928.00
20170713,53.79,54.03,52.92,53.21,1460422,77864344.00
20170714,53.30,53.83,52.62,52.77,1221450,64940456.00
20170717,52.16,52.16,47.60,47.68,3651449,180599056.00
20170718,47.33,48.85,47.33,48.43,1393746,67213112.00
20170719,48.40,48.97,47.84,48.91,1441719,69873304.00
数据来源:通达信
