603798 康普顿 日线 前复权
      日期	    开盘	    最高	    最低	    收盘	    成交量	    成交额
20160406,10.07,10.07,10.07,10.07,12299,253851.36
20160407,11.10,11.10,11.10,11.10,4930,111911.00
20160408,12.24,12.24,12.24,12.24,13136,328005.91
20160411,13.49,13.49,13.49,13.49,6500,178555.00
20160412,14.86,14.86,14.86,14.86,24191,731052.00
20160413,16.37,16.37,16.37,16.37,25500,847620.00
20160414,18.03,18.03,18.03,18.03,41100,1502616.00
20160415,19.86,19.86,19.86,19.86,99535,4003297.75
20160418,21.87,21.87,21.87,21.87,180381,7980055.50
20160419,24.08,24.08,24.08,24.08,150889,7342258.50
20160420,26.52,26.52,26.52,26.52,216892,11610229.00
20160421,29.19,29.19,29.19,29.19,231880,13653094.00
20160422,32.14,32.14,30.77,32.14,16648285,1065613440.00
20160425,30.25,31.75,28.99,29.83,9351974,567441792.00
20160426,29.53,31.43,29.25,30.73,8091863,498045312.00
20160427,30.37,33.55,30.26,31.25,11950000,770488128.00
20160428,30.25,30.50,28.79,29.53,7887191,471092640.00
20160429,29.00,29.53,28.30,28.37,5584865,323100512.00
20160503,27.97,28.84,27.25,28.62,5776847,328023008.00
20160504,28.35,28.80,28.15,28.43,4589712,263163520.00
20160505,28.30,28.75,28.03,28.65,4377754,251564352.00
20160506,28.98,29.00,27.25,27.26,5411393,306852352.00
20160509,26.74,26.74,25.15,25.22,3879386,201315456.00
20160510,24.76,26.00,24.76,25.76,3082942,159517680.00
20160511,25.95,25.97,24.50,24.56,2995163,152079968.00
20160512,24.00,24.00,22.75,23.70,2807170,132941488.00
20160513,23.50,24.46,23.35,23.94,2819494,136527200.00
20160516,23.90,24.25,23.35,24.25,2178950,104934096.00
20160517,24.28,25.20,24.27,24.51,2982713,149352096.00
20160518,23.89,23.90,22.30,22.68,3108523,145412208.00
20160519,22.57,23.25,22.57,22.73,1918491,89009144.00
20160520,22.25,23.49,22.01,23.46,2496385,115592768.00
20160523,24.14,24.90,23.74,24.50,3754816,185157552.00
20160524,24.25,24.30,23.58,23.84,2383631,114986312.00
20160525,24.19,25.03,24.10,24.92,4097770,202848528.00
20160526,24.55,25.50,23.75,25.32,4183696,208384096.00
20160527,25.13,26.37,25.04,25.34,4658869,242565040.00
20160530,24.84,25.89,24.26,25.50,3255552,166053840.00
20160531,25.33,27.25,25.33,26.85,4719844,252644272.00
20160601,26.85,27.75,26.75,26.88,4931506,270768352.00
20160602,26.88,29.60,26.85,29.60,9647866,559511488.00
20160603,30.00,30.25,28.90,29.75,8591939,513430016.00
20160606,30.20,31.05,29.50,30.65,6675341,407324320.00
20160607,30.65,33.24,30.15,32.16,7505266,474353248.00
20160608,31.50,31.50,29.65,29.81,7395590,453828160.00
20160613,28.50,28.80,26.80,26.80,5546235,310941920.00
20160614,26.48,27.50,25.95,27.13,3815960,207498720.00
20160615,26.50,28.95,26.34,28.28,4619830,262317424.00
20160616,28.06,28.89,27.59,27.98,3580403,203836544.00
20160617,28.18,29.70,28.18,29.46,4849140,282026432.00
20160620,29.94,31.35,29.25,30.57,6081621,374266816.00
20160621,30.74,31.98,29.92,30.31,6513253,407203104.00
20160622,30.25,31.91,29.80,31.63,6145839,387485344.00
20160623,31.35,31.75,30.50,31.12,4770560,299425472.00
20160624,30.83,31.42,28.75,30.54,5435590,332386240.00
20160627,30.10,33.45,30.03,32.79,6430484,415868192.00
20160628,32.43,34.79,32.26,33.65,7418883,501075232.00
20160629,33.75,35.14,32.69,34.88,7778769,533573824.00
20160630,33.35,34.05,31.50,31.70,6718673,444310304.00
20160701,32.25,33.25,31.97,32.59,4126251,271915776.00
20160704,32.76,35.88,32.36,35.88,7337489,516596000.00
20160705,36.75,37.75,35.85,36.98,8596890,637010752.00
20160706,36.60,36.75,34.75,36.71,5650926,411370976.00
20160707,36.75,37.75,35.65,37.30,5336022,393306272.00
20160708,37.30,37.35,35.68,35.73,4589185,338019808.00
20160711,35.74,36.00,32.80,33.39,5055412,346295872.00
20160712,33.28,35.23,32.80,35.17,3878627,266365392.00
20160713,35.28,36.60,34.65,34.79,3973097,283631104.00
20160714,34.51,35.77,34.26,35.66,3114988,220429728.00
20160715,36.08,37.25,35.68,36.44,4900258,361504672.00
20160718,35.95,36.14,34.77,34.93,3246731,232000688.00
20160719,34.75,36.00,34.55,35.96,2831851,202125504.00
20160720,35.99,36.47,35.36,35.38,2233884,160717936.00
20160721,35.40,35.65,33.64,33.80,3773993,260940656.00
20160722,33.72,34.02,32.26,32.68,2600582,172945760.00
20160725,32.31,33.13,31.90,32.67,1854409,121402808.00
20160726,32.50,33.50,32.38,33.39,1650094,110450232.00
20160727,33.37,33.58,30.30,30.54,3199394,203415616.00
20160728,30.55,31.00,29.78,30.88,2083035,128065552.00
20160729,30.88,31.59,30.35,31.03,1866188,116717528.00
20160801,30.66,30.66,28.25,29.76,1615721,95883840.00
20160802,29.64,32.71,29.64,32.39,2696510,169788880.00
20160803,31.25,33.22,30.79,32.65,4476694,289013536.00
20160804,32.60,32.60,31.55,31.95,2584795,166495424.00
20160805,31.85,32.65,31.30,31.32,2176360,140151232.00
20160808,31.00,31.30,29.89,31.27,1617230,100012400.00
20160809,31.25,31.68,31.08,31.50,1612629,102202440.00
20160810,31.40,32.58,31.25,31.99,2424254,156509952.00
20160811,31.80,32.24,30.66,30.77,1794928,113663296.00
20160812,30.75,31.45,30.65,31.20,1453490,91111328.00
20160815,31.21,32.55,31.01,32.15,2658166,171302576.00
20160816,32.40,33.19,32.19,32.51,2917883,192904032.00
20160817,32.49,33.75,32.11,33.46,3567502,238200080.00
20160818,33.85,34.24,32.78,32.93,3260417,219209888.00
20160819,32.85,33.07,32.48,32.75,1829958,120838592.00
20160822,33.05,33.18,31.90,31.95,1713109,111650392.00
20160823,31.95,32.65,31.76,32.24,1356246,88167424.00
20160824,32.13,32.59,32.05,32.14,1172303,76187448.00
20160825,31.83,31.83,31.04,31.56,1785897,112805696.00
20160826,31.43,31.70,31.25,31.34,1360442,86348160.00
20160829,31.28,31.47,31.04,31.33,867264,54670064.00
20160830,31.50,31.60,31.08,31.12,826000,52080908.00
20160831,31.23,31.23,29.79,31.00,1178740,73241176.00
20160901,31.00,31.24,30.51,30.53,1009511,62976468.00
20160902,30.43,30.75,30.01,30.20,1090027,66590600.00
20160905,30.42,30.65,30.11,30.23,646337,39606164.00
20160906,30.26,30.76,29.55,30.75,1350809,82260600.00
20160907,30.75,30.97,30.32,30.42,918961,56838204.00
20160908,30.42,30.50,30.09,30.37,669901,40858748.00
20160909,30.35,30.40,29.83,30.03,876590,53320248.00
20160912,29.48,29.48,28.68,28.73,1120700,65775648.00
20160913,28.84,29.13,28.74,28.94,501049,29184736.00
20160914,28.78,29.50,28.65,29.04,554600,32567928.00
20160919,29.16,29.50,29.05,29.36,621696,36755788.00
20160920,29.45,29.48,29.15,29.25,529865,31285730.00
20160921,29.25,29.74,29.14,29.47,750816,44686208.00
20160922,29.60,29.85,29.35,29.36,717302,42875976.00
20160923,29.41,29.90,29.30,29.35,776350,46365540.00
20160926,29.25,29.25,27.29,27.58,1486627,84481744.00
20160927,27.55,27.84,27.12,27.81,934693,51752700.00
20160928,27.76,28.00,27.54,27.70,548991,30741624.00
20160929,27.77,27.98,27.69,27.74,556200,31210552.00
20160930,27.64,27.89,27.57,27.80,474200,26584602.00
20161010,28.04,29.24,27.86,29.15,1288216,74526664.00
20161011,29.15,29.44,29.00,29.40,967983,57146888.00
20161012,29.25,30.70,29.16,30.09,1755256,106781832.00
20161013,29.93,30.25,29.78,29.93,825830,49895400.00
20161014,29.95,30.45,29.85,30.15,962316,58547400.00
20161017,30.39,30.39,29.20,29.35,1042115,62521964.00
20161018,29.33,30.59,29.33,30.56,1810184,110153088.00
20161019,30.55,31.39,30.55,31.19,2091310,130700536.00
20161020,31.13,31.25,30.70,31.07,1341937,83787624.00
20161021,31.07,32.57,30.88,32.55,2869256,184130096.00
20161024,32.63,32.90,32.25,32.80,2594507,170760592.00
20161025,32.71,33.24,32.28,32.43,2048123,135281616.00
20161026,33.44,34.17,32.76,33.20,3208316,215268480.00
20161027,33.03,34.00,32.99,33.31,1915080,129344544.00
20161028,33.35,34.94,32.94,34.20,3773530,258706992.00
20161031,34.00,34.50,33.78,34.20,1939107,133266080.00
20161101,34.20,36.04,33.95,35.43,3566059,250788512.00
20161102,35.52,35.64,34.85,35.00,2298601,163043600.00
20161103,35.00,36.00,34.00,34.15,3559056,251557408.00
20161104,34.20,34.90,33.85,34.41,2430546,168616656.00
20161107,34.54,35.38,34.32,34.81,2344467,165146496.00
20161108,34.88,34.93,34.01,34.52,1964362,136403984.00
20161109,34.64,35.00,33.83,34.61,2305810,160163216.00
20161110,35.10,36.84,34.80,36.09,3531003,254415856.00
20161111,36.08,37.00,35.22,35.74,2613288,189436256.00
20161114,35.75,36.44,35.36,35.89,1796245,129362648.00
20161115,35.97,35.97,34.58,34.80,2042900,144119520.00
20161116,34.78,34.93,34.15,34.21,1536723,106885168.00
20161117,33.87,33.89,33.08,33.35,1859711,125082504.00
20161118,34.19,36.04,34.01,34.98,3252264,230270784.00
20161121,35.25,38.05,35.05,37.27,4806786,353444480.00
20161122,37.75,38.19,36.74,37.17,4253157,320492448.00
20161123,37.20,37.92,36.81,37.47,3219736,242850992.00
20161124,37.33,37.89,36.64,36.72,2487045,185988016.00
20161125,36.58,36.73,34.75,36.60,2336764,168581568.00
20161128,36.25,36.44,34.65,34.84,2279152,162456368.00
20161129,35.05,35.24,34.10,34.16,1390400,97480064.00
20161130,34.17,34.51,33.70,34.29,1338571,92200976.00
20161201,34.50,35.22,34.00,34.46,1722422,120064640.00
20161202,34.44,34.44,32.61,32.90,2073227,139500112.00
20161205,32.45,33.34,32.33,33.09,1011768,67150768.00
20161206,33.14,33.50,32.84,32.86,903500,60444612.00
20161207,32.75,33.68,32.75,33.65,1015927,68078392.00
20161208,33.65,33.70,32.80,32.84,963297,64352204.00
20161209,32.80,32.95,32.06,32.17,995847,65089480.00
20161212,32.05,32.20,29.68,29.75,1837390,113347448.00
20161213,29.88,30.48,29.50,30.09,1097400,66477828.00
20161214,29.83,30.40,29.50,29.92,737472,44622416.00
20161215,29.93,31.24,29.77,30.78,1277974,79011144.00
20161216,30.85,31.10,30.69,31.08,821425,51163668.00
20161219,31.04,31.05,30.29,30.57,576990,35628892.00
20161220,30.53,31.00,30.50,30.90,727410,45242064.00
20161221,31.05,31.47,30.76,31.37,719250,45039508.00
20161222,31.33,31.33,30.76,31.07,619700,38684056.00
20161223,30.96,30.96,29.92,30.27,1316385,80260136.00
20161226,29.86,30.75,29.56,30.71,664180,40394920.00
20161227,30.70,30.95,30.53,30.82,648649,40242344.00
20161228,30.90,31.43,30.78,31.15,826659,51625680.00
20161229,31.40,32.25,30.83,31.56,690750,43432472.00
20161230,31.75,31.89,31.45,31.68,556177,35470312.00
20170103,31.50,31.68,31.04,31.36,953715,60198252.00
20170104,31.69,31.69,31.16,31.59,939502,59414720.00
20170105,31.60,31.60,31.10,31.18,558200,35144136.00
20170106,31.15,31.39,30.01,30.47,1062441,65292836.00
20170109,31.05,31.24,29.99,30.06,721569,43831736.00
20170110,30.40,30.40,29.04,29.11,1117043,66884808.00
20170111,29.22,29.22,27.53,27.58,1711648,97127328.00
20170112,27.58,27.98,27.50,27.73,813550,45582804.00
20170113,27.80,27.80,26.03,26.07,1013133,54879052.00
20170116,25.75,25.75,23.49,24.62,1542144,77033968.00
20170117,24.29,26.25,23.70,25.70,1267434,63662336.00
20170118,25.65,25.69,25.06,25.50,708850,36203592.00
20170119,25.50,25.75,24.60,25.12,824350,42035792.00
20170120,24.87,25.83,24.72,25.55,876472,45209016.00
20170123,25.60,25.90,25.09,25.74,824530,42676640.00
20170124,25.54,25.68,25.24,25.28,449500,23047448.00
20170125,25.20,25.63,24.98,25.57,573485,29442884.00
20170126,25.65,25.88,25.29,25.67,539865,27928472.00
20170203,25.60,25.60,25.05,25.09,588450,30014350.00
20170206,25.05,25.94,25.05,25.79,833800,42942704.00
20170207,25.74,25.74,25.20,25.37,643211,33049112.00
20170208,25.26,25.73,25.26,25.71,652835,33625972.00
20170209,25.73,26.69,25.60,26.51,1462583,77517136.00
20170210,26.50,26.50,25.96,26.11,856743,45206088.00
20170213,26.00,26.58,25.85,26.36,755285,40111792.00
20170214,26.35,26.40,26.11,26.28,508335,26917092.00
20170215,26.44,26.66,26.20,26.24,843801,45010900.00
20170216,26.19,26.20,25.83,25.96,575601,30158952.00
20170217,25.96,26.07,25.12,25.21,794200,40864124.00
20170220,25.22,25.37,24.59,24.89,720432,36151024.00
20170221,25.18,25.42,24.97,25.18,880620,44876804.00
20170222,25.25,25.40,25.11,25.31,624699,31855748.00
20170223,25.30,25.69,25.17,25.55,628497,32261766.00
20170224,25.46,25.90,25.41,25.89,815827,42464440.00
20170227,26.03,26.58,25.84,26.34,1432606,76003160.00
20170228,26.48,26.78,26.15,26.47,1330645,71013584.00
20170301,26.47,26.83,26.18,26.66,981547,52650956.00
20170302,26.70,27.26,26.00,26.99,1457201,78206736.00
20170303,26.75,27.34,26.56,27.12,1136317,61934592.00
20170306,27.12,27.58,26.99,27.48,902649,49907888.00
20170307,27.48,29.05,27.48,28.16,2061841,117983488.00
20170308,28.17,28.48,27.90,28.01,924606,52476716.00
20170309,27.96,28.01,27.03,27.26,1250432,68792152.00
20170310,27.26,27.59,27.05,27.54,837034,46187552.00
20170313,27.54,30.08,27.54,29.49,2792133,163388032.00
20170314,29.56,29.65,28.82,29.18,1527983,89709248.00
20170315,28.96,30.00,28.65,29.17,1250196,73863320.00
20170316,28.99,29.65,28.99,29.42,1094683,64831264.00
20170317,29.29,29.44,28.52,28.57,1263287,73777048.00
20170320,28.40,28.92,28.25,28.78,776400,44610916.00
20170321,28.69,29.10,28.63,28.83,679054,39479016.00
20170322,28.74,29.00,28.15,28.78,892218,51187728.00
20170323,28.75,30.09,28.56,29.42,2395622,142159408.00
20170324,29.41,29.75,28.86,29.42,921159,54305544.00
20170327,29.29,29.45,28.99,29.28,807425,47587784.00
20170328,29.28,29.60,28.50,29.12,938923,54856488.00
20170329,28.85,29.01,26.87,27.11,1943015,108932728.00
20170330,27.24,27.24,26.21,26.25,1054329,56432360.00
20170331,26.49,26.69,26.02,26.20,617688,32898864.00
20170405,26.05,26.50,25.10,26.33,1175393,61580284.00
20170406,26.33,26.89,26.06,26.58,659430,35419468.00
20170407,26.75,26.84,26.19,26.31,795937,42520536.00
20170410,26.26,26.30,24.25,25.16,1087504,55469936.00
20170411,25.01,25.55,24.75,25.52,858396,43614248.00
20170412,25.40,25.40,24.77,24.84,632967,31950540.00
20170413,24.80,25.23,24.75,24.91,362100,18284832.00
20170414,24.91,25.18,24.78,25.03,364596,18402074.00
20170417,24.94,24.94,24.26,24.33,543300,26882928.00
20170418,24.37,24.95,24.37,24.63,428877,21421998.00
20170419,24.66,25.00,24.50,24.99,538629,26963456.00
20170420,25.05,25.14,24.38,24.76,361400,18058572.00
20170421,24.79,25.20,24.65,25.00,340264,17173892.00
20170424,24.92,25.09,24.50,24.69,395867,19773950.00
20170425,24.94,25.00,24.50,24.80,385082,19292464.00
20170426,24.85,24.87,24.30,24.81,571524,28441812.00
20170428,27.26,27.32,26.79,27.32,1623945,89251032.00
20170502,27.75,28.56,27.40,28.13,2324500,131749608.00
20170503,27.86,28.38,27.62,27.99,1394248,78659496.00
20170504,27.76,27.95,27.14,27.22,1067619,59546452.00
20170505,27.23,28.12,27.19,27.69,1172837,65578620.00
20170508,27.56,27.83,27.15,27.20,775000,43014596.00
20170509,27.10,27.68,26.75,27.65,867500,47951076.00
20170510,27.75,27.94,27.30,27.34,925152,51588512.00
20170511,27.00,27.73,26.60,27.72,856422,46892972.00
20170512,27.72,27.91,27.50,27.89,812394,45444696.00
20170515,27.91,28.20,27.70,27.88,629351,35416152.00
20170516,27.75,28.40,27.34,28.35,972797,54926044.00
20170517,28.34,28.53,26.25,27.62,1179582,66792184.00
20170518,27.06,27.90,27.00,27.81,608965,33940768.00
20170519,27.81,28.52,27.65,28.20,1054600,60221444.00
20170522,28.44,28.44,27.05,27.09,970518,54254300.00
20170523,27.03,27.48,25.95,26.08,738366,39815792.00
20170524,25.75,26.47,25.71,26.44,594583,31438360.00
20170525,26.45,26.70,25.76,26.47,569534,30317210.00
20170526,26.48,26.94,26.45,26.73,406658,21880080.00
20170531,27.45,29.43,27.45,28.09,1700280,97321608.00
20170601,27.81,28.33,26.98,27.09,941590,52629488.00
20170602,26.79,27.82,26.26,27.66,829180,45282912.00
20170605,27.85,28.40,27.76,28.31,868312,49325312.00
20170606,28.25,28.35,27.90,28.33,534190,30326200.00
20170607,28.25,29.24,28.25,29.13,1736306,101252928.00
20170608,29.75,30.60,29.42,29.47,2056247,124437784.00
20170609,29.40,29.85,29.00,29.63,1128829,66899152.00
20170612,29.15,29.45,28.78,28.97,871039,51087488.00
20170613,28.88,30.11,28.86,29.87,1107666,66341700.00
20170614,29.90,29.90,29.28,29.57,795876,47340012.00
20170615,29.45,30.20,29.37,29.71,1398625,84092560.00
20170616,30.03,30.03,29.04,29.39,1007988,29634976.00
20170619,29.11,29.60,27.43,27.82,3609614,101625144.00
20170620,27.93,28.38,27.70,28.18,2073488,58172764.00
20170621,28.23,28.28,27.45,27.74,1590872,44100148.00
20170622,27.71,28.11,27.31,27.37,1288382,35716332.00
20170623,27.23,27.51,25.90,26.74,2522602,67388040.00
20170626,26.55,27.05,26.38,27.01,1478100,39545248.00
20170627,27.06,27.09,26.45,26.83,1162942,31182772.00
20170628,26.78,26.78,26.26,26.27,963528,25494620.00
20170629,26.48,26.69,26.32,26.51,697800,18486024.00
20170630,26.33,26.82,26.28,26.74,911200,24257136.00
20170703,26.76,27.08,26.74,27.03,794946,21427152.00
20170704,26.96,27.18,26.73,26.87,666746,17932700.00
20170705,26.95,27.17,26.63,27.17,778964,21008812.00
20170706,27.14,27.54,27.01,27.26,1014052,27651064.00
20170707,27.15,27.45,27.06,27.31,1011932,27569624.00
20170710,27.16,27.31,26.52,26.55,1292128,34552276.00
20170711,26.49,26.51,25.18,25.22,2160076,55653004.00
20170712,25.26,25.69,25.16,25.64,836942,21222852.00
20170713,25.64,25.69,25.11,25.17,976414,24687994.00
20170714,25.22,25.48,25.14,25.33,519144,13128227.00
20170717,25.14,25.15,23.48,23.73,1230030,29752556.00
20170718,23.90,24.10,23.48,24.00,735406,17460956.00
20170719,24.09,24.54,23.82,24.38,771994,18725980.00
数据来源:通达信
