603878 武进不锈 日线 前复权
      日期	    开盘	    最高	    最低	    收盘	    成交量	    成交额
20161219,17.66,21.23,17.66,21.23,27805,594948.00
20161220,23.37,23.37,23.37,23.37,16178,380992.00
20161221,25.73,25.73,25.73,25.73,11070,286824.00
20161222,28.32,28.32,28.32,28.32,34700,988950.00
20161223,31.17,31.17,31.17,31.17,105106,3295073.00
20161226,34.31,34.31,31.12,34.31,22461605,758231616.00
20161227,37.32,37.76,37.32,37.76,5271200,199054496.00
20161228,37.82,41.07,34.83,35.08,30325707,1150054144.00
20161229,33.91,38.61,33.14,38.61,24271534,896142144.00
20161230,38.82,42.49,36.64,39.82,31931785,1295782400.00
20170103,38.82,42.30,36.83,40.44,25897419,1017890240.00
20170104,39.18,40.52,38.32,38.40,18361284,718692736.00
20170105,37.82,39.34,37.19,37.78,15707448,603342464.00
20170106,36.85,37.12,34.34,34.66,15080604,537753152.00
20170109,33.70,35.01,33.12,33.66,10600253,360640128.00
20170110,33.62,34.40,33.13,33.33,8186901,278356992.00
20170111,33.03,33.41,31.82,31.84,7693933,251962928.00
20170112,31.82,32.12,30.23,30.69,9655529,302103264.00
20170113,30.34,30.96,29.63,29.99,6897561,209414816.00
20170116,29.82,29.97,26.97,28.02,9436358,271247744.00
20170117,27.62,29.52,26.98,28.92,9390183,266816656.00
20170118,28.48,28.50,27.43,27.47,6653382,187232448.00
20170119,27.17,28.90,26.60,28.25,9786833,273875648.00
20170120,28.22,29.38,27.84,29.04,8517001,247482640.00
20170123,28.80,29.41,28.55,28.63,5694650,165464544.00
20170124,28.52,28.82,27.52,27.63,4782629,135855104.00
20170125,27.34,28.12,27.32,27.84,4019156,112649616.00
20170126,27.82,28.07,27.57,27.90,2965576,83022696.00
20170203,27.98,29.10,27.35,28.49,4537018,129061184.00
20170206,28.72,30.70,28.70,29.80,10632397,318722624.00
20170207,29.47,30.41,29.09,30.25,9173974,274242464.00
20170208,29.91,33.20,29.63,32.30,13878780,437509184.00
20170209,31.97,33.38,31.11,31.17,15878588,512063488.00
20170210,30.83,31.50,30.13,30.50,11285581,348356064.00
20170213,30.22,31.51,30.12,31.07,9353889,292798176.00
20170214,31.12,31.62,30.44,31.03,8283912,258794944.00
20170215,30.85,32.39,30.54,31.64,13877661,442821952.00
20170216,31.20,31.31,30.52,31.08,8256799,256609936.00
20170217,30.93,31.42,29.72,29.85,8445611,259108704.00
20170220,29.57,29.62,28.54,29.07,6063491,176829904.00
20170221,28.96,29.89,28.92,29.72,5020585,149363744.00
20170222,29.77,30.42,29.62,30.14,5183071,156367984.00
20170223,29.93,31.68,29.84,31.30,10115134,314009088.00
20170224,31.03,34.40,30.90,33.04,17340829,571221760.00
20170227,32.43,35.62,32.43,33.71,17355077,594412864.00
20170228,33.48,34.31,32.86,33.88,10064227,339673504.00
20170301,33.33,34.02,32.12,32.39,11140066,369928800.00
20170302,32.37,35.42,32.36,34.83,17583669,604359232.00
20170303,34.32,34.57,33.17,33.87,10379571,352267296.00
20170306,33.72,34.28,33.32,34.18,8772175,298248768.00
20170307,33.91,35.47,33.84,35.11,14487985,506408224.00
20170308,35.12,35.81,34.38,35.76,11983417,422866016.00
20170309,35.45,35.45,34.05,34.41,9114925,317782528.00
20170310,34.12,34.40,33.32,33.35,7092178,241138544.00
20170313,33.35,34.49,32.62,34.42,6609869,224077728.00
20170314,34.24,35.60,34.17,35.51,11577468,408986112.00
20170315,35.52,35.52,34.50,34.84,7375235,259093360.00
20170316,34.77,36.27,34.75,36.01,12431148,446072992.00
20170317,35.85,36.22,34.00,34.24,11122013,393409888.00
20170320,33.86,35.01,33.83,34.98,6100504,211753552.00
20170321,34.87,35.42,34.46,35.38,7132535,250556688.00
20170322,34.91,35.97,34.33,35.65,8470971,300144768.00
20170323,35.45,36.62,34.62,36.28,16018702,578807872.00
20170324,35.88,37.59,35.88,36.63,17949047,664799424.00
20170327,36.34,36.79,35.42,35.80,8673616,313140288.00
20170328,35.79,35.81,34.55,34.77,6577717,232797920.00
20170329,34.39,34.72,31.84,31.98,9580798,318763488.00
20170330,31.40,31.81,30.34,30.80,7447954,231689488.00
20170331,30.80,31.40,30.45,30.85,4333630,134849744.00
20170405,30.86,31.98,30.39,31.65,5021999,157801616.00
20170406,31.57,32.17,31.42,31.51,4050862,129270136.00
20170407,31.62,31.62,30.50,30.61,4173740,129941360.00
20170410,30.57,30.57,28.34,28.89,5824456,170812240.00
20170411,28.98,29.51,28.47,29.41,4041622,118240344.00
20170412,29.39,29.39,28.52,28.54,3046294,88516912.00
20170413,28.32,28.92,28.30,28.62,2457037,70921104.00
20170414,28.43,28.52,27.82,27.94,3101753,87483512.00
20170417,26.88,27.42,26.62,26.94,2988673,81370768.00
20170418,27.18,27.49,26.90,27.06,2264463,62026572.00
20170419,26.92,28.20,26.92,28.12,3925097,108665664.00
20170420,28.10,28.10,27.04,27.44,3082278,85644432.00
20170421,27.42,27.81,27.02,27.14,1891229,52237352.00
20170424,27.02,27.21,25.54,25.66,2953280,77552680.00
20170425,25.84,26.17,25.68,25.80,2019380,52677468.00
20170426,25.89,26.30,25.72,26.00,2074421,54451360.00
20170427,25.79,26.72,24.87,26.51,4386421,114454264.00
20170428,26.35,26.81,26.22,26.66,2821226,75392928.00
20170502,26.62,26.82,26.31,26.42,2046953,54703180.00
20170503,26.34,26.72,25.89,26.35,2033433,53936560.00
20170504,26.15,26.45,25.63,25.95,2058472,54054176.00
20170505,25.83,26.12,25.62,25.64,1893961,49359344.00
20170508,25.63,25.80,24.06,24.12,2525878,63522192.00
20170509,23.90,24.55,23.87,24.45,2133200,52197292.00
20170510,24.45,24.72,23.47,23.70,2521056,61358824.00
20170511,23.62,23.79,22.62,23.77,2897618,68208968.00
20170512,23.62,23.82,23.08,23.46,2566485,60599736.00
20170515,23.60,23.71,23.18,23.35,1621433,38275228.00
20170516,23.00,23.94,22.97,23.84,2351135,55625168.00
20170517,23.84,24.37,23.84,23.95,2641026,64097304.00
20170518,23.82,24.46,23.52,24.35,2982220,72664264.00
20170519,24.37,25.78,24.37,25.02,4602587,116518400.00
20170522,24.87,25.28,23.82,23.86,2993016,73961456.00
20170523,23.70,23.70,21.95,22.19,3193740,73393264.00
20170524,22.02,22.58,21.62,22.43,1866167,41799912.00
20170525,22.32,22.67,21.97,22.52,1950246,44055316.00
20170526,22.52,23.22,22.27,22.85,2338884,53561172.00
20170531,23.59,23.79,22.53,22.60,2560178,60027644.00
20170601,22.52,22.60,21.24,21.54,2642784,58369868.00
20170602,21.39,22.20,21.31,22.11,2069888,45560024.00
20170605,22.32,22.58,22.13,22.22,1686351,38000012.00
20170606,21.97,22.40,21.97,22.22,1349524,30167808.00
20170607,22.18,23.02,22.09,22.79,2676950,61099004.00
20170608,22.79,23.06,22.39,22.59,2449025,55955580.00
20170609,22.59,22.67,22.15,22.40,1427134,32189944.00
20170612,22.19,22.33,21.44,21.58,1868916,41209028.00
20170613,21.47,22.20,21.47,22.12,1666483,36929004.00
20170614,22.10,22.52,21.87,22.45,2344934,52601864.00
20170615,22.38,23.11,22.32,22.89,3442787,79176776.00
20170616,22.80,22.98,22.54,22.59,1946878,44114780.00
20170619,22.89,23.15,22.51,22.81,1778278,40436188.00
20170620,22.94,23.16,22.70,22.76,2533305,58071364.00
20170621,22.90,22.95,22.40,22.69,1816900,41155876.00
20170622,22.69,24.80,22.69,23.17,5850304,137323520.00
20170623,23.15,24.99,22.98,24.95,9579233,231636416.00
20170626,24.75,25.11,24.20,24.75,6540467,161123696.00
20170627,24.51,24.85,24.08,24.25,4390408,107070112.00
20170628,24.15,24.15,23.62,23.89,2900034,69213584.00
20170629,24.09,24.97,23.87,24.80,5112621,125891200.00
20170630,24.45,24.72,24.08,24.30,3211338,78239872.00
20170703,24.30,24.69,24.09,24.47,2382730,58185488.00
20170704,24.43,24.43,23.71,23.79,3233444,77583600.00
20170705,23.81,24.08,23.71,23.92,2053678,49153704.00
20170706,23.92,24.35,23.81,24.22,2958098,71344328.00
20170707,24.22,24.96,24.20,24.88,5145370,127072376.00
20170710,24.68,27.18,24.42,26.27,9807908,252511440.00
20170711,25.52,25.94,25.02,25.18,5707870,145292736.00
20170712,25.03,25.39,24.18,25.11,3580489,88680984.00
20170713,24.90,25.57,24.85,24.90,3051130,77012896.00
20170714,25.05,25.30,24.50,24.51,2631473,65468868.00
20170717,23.90,24.08,22.06,22.06,4674567,105746752.00
20170718,21.58,22.32,21.38,22.13,2486925,54388308.00
20170719,22.06,22.82,21.82,22.48,2576986,57936232.00
数据来源:通达信
