603868 飞科电器 日线 前复权
      日期	    开盘	    最高	    最低	    收盘	    成交量	    成交额
20160418,23.96,23.96,23.96,23.96,43800,1137048.00
20160419,26.56,26.56,26.56,26.56,10282,293653.91
20160420,29.42,29.42,29.42,29.42,15083,473907.88
20160421,32.56,32.56,32.56,32.56,35000,1209600.00
20160422,36.02,36.02,36.02,36.02,81462,3097185.25
20160425,39.82,39.82,39.82,39.82,137299,5741844.00
20160426,44.00,44.00,44.00,44.00,148636,6837256.00
20160427,48.60,48.60,48.60,48.60,183143,9267036.00
20160428,53.66,53.66,53.66,53.66,603494,33590476.00
20160429,58.23,59.23,56.35,59.23,23473068,1423326848.00
20160503,58.00,58.00,54.02,56.09,16617500,959515968.00
20160504,55.20,56.50,54.70,55.54,10883275,625196928.00
20160505,55.00,55.00,53.25,53.96,11014755,616067072.00
20160506,54.06,54.80,51.00,51.07,10396728,572237440.00
20160509,50.10,50.10,45.98,46.73,8631095,429605632.00
20160510,46.20,50.00,46.20,48.37,9405132,475453824.00
20160511,48.88,48.98,46.31,46.38,6960088,343157920.00
20160512,45.01,45.85,43.90,45.80,5994303,281727136.00
20160513,45.60,47.40,45.40,46.17,6569982,317464608.00
20160516,45.93,46.73,45.50,46.60,4824838,232668336.00
20160517,46.58,47.68,46.01,46.13,5486460,267257136.00
20160518,45.41,45.41,42.01,42.95,6753106,308310560.00
20160519,43.13,43.69,42.48,42.66,4667575,210822384.00
20160520,42.00,43.86,41.67,43.60,5333506,239112880.00
20160523,43.57,45.74,43.28,44.88,7177647,335472576.00
20160524,44.53,44.55,43.01,43.46,4588540,209387136.00
20160525,43.95,45.20,43.62,45.09,6187085,286061312.00
20160526,44.80,46.06,43.39,45.88,6865688,320894368.00
20160527,45.44,46.98,45.12,45.48,7350440,353970176.00
20160530,44.70,45.89,43.90,44.97,4982874,234290784.00
20160531,45.15,48.34,45.12,48.13,9331000,459125792.00
20160601,48.20,50.48,47.66,48.47,9760921,498110528.00
20160602,48.03,52.85,47.90,51.74,11214116,581969920.00
20160603,51.70,52.28,50.31,50.63,9199278,488537792.00
20160606,51.20,51.45,49.90,50.72,5819808,306214304.00
20160607,50.74,53.80,50.62,53.14,10109262,550282752.00
20160608,52.18,52.49,50.01,50.46,8392591,446470048.00
20160613,48.88,48.88,45.21,45.21,8208742,403775552.00
20160614,44.19,46.15,44.19,45.64,4433404,209585504.00
20160615,45.00,48.05,44.51,47.30,6359999,310862880.00
20160616,47.40,47.97,45.92,46.20,5008963,244832992.00
20160617,46.50,47.50,46.23,47.45,5048513,247268080.00
20160620,47.80,52.39,46.68,51.96,11281073,584719040.00
20160621,51.96,55.35,51.42,52.82,13384758,734476032.00
20160622,51.99,55.51,51.50,55.05,11594628,651188416.00
20160623,54.31,56.30,54.09,55.28,9235272,528483904.00
20160624,54.70,55.25,50.46,53.01,9107837,503337440.00
20160627,52.03,58.30,51.82,57.76,9310396,532850112.00
20160628,57.00,58.29,56.01,57.61,7537832,446187808.00
20160629,58.15,59.85,56.28,57.49,11801139,706911104.00
20160630,55.00,57.62,54.50,57.15,9396095,542432832.00
20160701,56.30,58.95,56.30,57.54,7696198,459425280.00
20160704,57.38,60.46,56.50,58.92,8843901,537758336.00
20160705,58.92,60.66,58.00,60.26,13228016,813368960.00
20160706,59.61,59.99,57.80,58.50,8458605,513714368.00
20160707,57.89,58.96,56.05,58.05,7032589,417376320.00
20160708,58.23,59.80,57.63,58.29,6582157,399889824.00
20160711,57.99,57.99,53.41,54.07,8205224,472224672.00
20160712,54.00,55.59,51.70,55.33,5863530,328445248.00
20160713,55.00,55.91,54.41,54.63,4703212,268591328.00
20160714,54.73,55.85,54.42,55.76,4478894,257401824.00
20160715,55.76,58.31,55.30,57.48,7042079,417643168.00
20160718,57.00,57.46,55.30,55.77,4365117,254254688.00
20160719,55.31,56.35,54.14,55.27,3599937,205199488.00
20160720,55.27,56.70,55.01,55.92,3512270,203266720.00
20160721,55.82,56.26,54.01,54.05,4460079,253069696.00
20160722,53.98,54.28,51.91,51.94,4042632,221243808.00
20160725,52.00,52.86,50.89,51.69,2830631,152289040.00
20160726,51.65,52.69,51.50,52.54,2341068,127402040.00
20160727,52.55,52.67,48.00,48.48,5216756,270279456.00
20160728,48.53,49.00,46.80,48.63,3045103,152573904.00
20160729,48.95,49.95,47.70,49.13,3100606,158094048.00
20160801,48.73,48.73,46.40,47.52,2728911,134571248.00
20160802,47.90,48.66,47.30,48.60,2086109,104202776.00
20160803,48.10,50.00,48.10,49.55,3825497,195898080.00
20160804,49.05,49.51,48.62,49.20,2383378,121739552.00
20160805,49.30,49.70,48.02,48.21,2410398,122488888.00
20160808,48.00,48.59,46.85,48.55,2101059,104388352.00
20160809,48.54,49.18,48.15,49.06,2443001,123938824.00
20160810,49.10,49.85,48.67,49.17,3119173,160100912.00
20160811,49.01,51.00,47.95,50.00,5110877,263730928.00
20160812,49.55,51.45,49.40,51.00,4649892,243893840.00
20160815,51.50,53.35,50.31,52.94,6001213,323993536.00
20160816,52.93,53.90,52.51,52.67,4914946,270872800.00
20160817,52.50,53.66,52.01,53.14,3981019,218100784.00
20160818,53.81,54.48,51.68,51.82,5077283,279150016.00
20160819,51.30,51.67,50.51,50.73,3450672,182540656.00
20160822,50.90,50.92,49.84,49.87,2425496,126602952.00
20160823,49.88,50.78,49.64,50.30,1859525,97023808.00
20160824,51.00,52.68,50.37,52.04,4940443,264632192.00
20160825,51.51,52.20,50.41,51.94,3487864,186123744.00
20160826,52.20,53.58,51.19,51.44,4186413,227999536.00
20160829,51.20,51.30,50.10,50.48,2497824,131476800.00
20160830,50.60,51.17,50.45,50.69,1733790,91414360.00
20160831,50.72,50.88,49.51,50.68,2086221,108887032.00
20160901,50.78,50.78,49.50,49.54,2238892,116535008.00
20160902,49.55,49.83,48.58,49.03,1978830,101188024.00
20160905,49.18,49.68,48.69,48.78,1904604,97461960.00
20160906,48.80,49.44,47.52,49.31,2427239,122291328.00
20160907,49.05,49.48,48.36,48.54,1756596,89672064.00
20160908,48.40,48.96,48.36,48.75,1124382,57011340.00
20160909,49.19,49.50,48.75,49.03,1697025,86804048.00
20160912,48.00,48.46,47.48,47.90,1608704,80477216.00
20160913,48.20,48.45,47.90,48.37,1239756,62272480.00
20160914,48.05,49.43,47.50,48.83,2146160,109087416.00
20160919,48.84,48.84,48.03,48.29,1357353,66921756.00
20160920,48.30,48.35,47.00,47.29,2071720,100350800.00
20160921,47.12,47.55,47.12,47.36,1004651,48567056.00
20160922,47.61,47.98,46.71,46.84,1776891,85653472.00
20160923,46.93,47.16,45.50,45.52,2299901,108495352.00
20160926,45.02,45.29,43.08,43.15,2330906,105190600.00
20160927,43.14,44.59,43.02,44.44,2075650,93306880.00
20160928,44.42,44.44,43.59,43.76,1133635,50888824.00
20160929,43.80,44.09,43.60,43.75,1004475,45069400.00
20160930,43.56,44.09,43.56,43.99,975241,43753368.00
20161010,44.10,45.60,44.10,45.59,1934703,88970664.00
20161011,45.60,45.98,45.22,45.66,1442682,67256544.00
20161012,45.20,46.48,45.15,45.91,1871359,87722384.00
20161013,45.95,45.96,45.32,45.35,1278130,59560424.00
20161014,45.36,45.49,44.66,45.12,1371275,63010516.00
20161017,45.12,45.67,44.70,44.75,1651740,76382760.00
20161018,44.99,45.96,44.60,45.81,1798201,83113168.00
20161019,45.86,45.98,45.43,45.56,1574467,73439048.00
20161020,45.70,46.17,45.41,46.01,1845424,86301296.00
20161021,45.96,45.96,44.73,45.39,1725095,79947008.00
20161024,45.53,45.89,44.80,45.67,1760401,81736216.00
20161025,45.47,46.97,45.47,46.64,3128023,148450256.00
20161026,47.00,47.47,46.59,46.70,3103650,148871472.00
20161027,46.88,47.35,46.40,47.10,2194568,105206480.00
20161028,46.99,47.45,46.50,46.53,2166494,103817368.00
20161031,46.30,46.68,45.61,46.54,1469340,69215456.00
20161101,46.70,50.44,46.70,49.08,5563316,277926656.00
20161102,48.70,48.83,48.10,48.31,3247581,160627536.00
20161103,48.02,49.46,47.91,48.30,3216245,160311040.00
20161104,48.28,50.96,48.11,50.36,6430180,327684160.00
20161107,50.35,51.61,50.02,50.63,3895069,201637152.00
20161108,50.40,50.98,49.64,50.60,2955041,151719072.00
20161109,50.36,50.75,48.58,49.35,4107668,207609936.00
20161110,49.72,52.37,49.70,51.37,6516355,340191808.00
20161111,51.03,52.00,50.70,50.84,4044814,211340480.00
20161114,50.99,51.30,50.04,50.59,2454176,126362600.00
20161115,51.37,52.39,51.01,51.52,4007597,211229008.00
20161116,51.19,51.52,50.40,51.33,2723550,141072016.00
20161117,51.15,51.30,49.72,49.77,2074780,106152016.00
20161118,50.01,50.80,49.80,50.02,2350197,120535344.00
20161121,50.25,52.58,49.79,52.36,6473595,341048576.00
20161122,52.26,52.26,51.59,52.08,3772644,199427168.00
20161123,52.00,52.95,51.35,51.56,3503159,186083936.00
20161124,51.17,51.98,51.12,51.60,2525105,132733208.00
20161125,51.00,51.54,48.86,50.48,3061529,155974912.00
20161128,49.90,50.40,48.99,49.67,2964956,149849088.00
20161129,49.55,49.93,48.50,48.59,1682533,84629144.00
20161130,48.52,49.00,48.20,48.78,1318221,65501292.00
20161201,48.78,49.58,48.78,49.26,1074853,54008684.00
20161202,49.18,49.18,47.02,47.04,2353177,114821624.00
20161205,46.69,47.44,46.36,46.76,1047389,50175512.00
20161206,46.90,47.46,46.77,47.18,805545,38867112.00
20161207,47.00,48.10,47.00,47.93,1249529,60754636.00
20161208,47.96,48.30,47.40,47.49,880060,42932376.00
20161209,47.46,47.78,47.04,47.10,839093,40589384.00
20161212,47.04,47.40,44.30,44.38,1869525,86687560.00
20161213,44.40,44.90,43.97,44.73,1168957,53255152.00
20161214,44.73,44.91,44.51,44.62,754572,34472116.00
20161215,44.54,45.95,44.02,45.18,1077223,49687368.00
20161216,45.18,45.78,45.01,45.53,826052,38346788.00
20161219,45.70,46.29,45.05,46.28,1281731,60104536.00
20161220,46.10,46.20,45.70,46.08,761646,35754868.00
20161221,46.08,46.58,45.81,46.53,989815,46691524.00
20161222,46.28,46.45,45.41,45.53,1194856,55820240.00
20161223,45.55,45.83,44.21,44.56,1121289,51298320.00
20161226,44.54,45.28,43.82,45.14,801580,36530436.00
20161227,45.34,45.98,45.30,45.43,904554,42230788.00
20161228,45.48,45.79,45.09,45.16,618155,28740960.00
20161229,45.30,45.76,45.18,45.39,612846,28515988.00
20161230,45.65,46.33,45.24,45.86,1014595,47615920.00
20170103,46.14,46.68,46.14,46.34,996300,47196528.00
20170104,46.28,46.67,45.88,46.32,968842,45727084.00
20170105,46.34,46.67,45.88,45.93,899750,42562252.00
20170106,45.82,45.97,45.04,45.11,880000,40831896.00
20170109,45.02,45.40,44.52,45.38,762310,35060608.00
20170110,45.39,45.40,45.01,45.03,488288,22544830.00
20170111,45.03,45.16,44.00,44.08,937659,42509280.00
20170112,44.30,44.30,43.47,43.50,772600,34673224.00
20170113,43.50,44.28,41.81,44.10,2156694,94525408.00
20170116,43.71,45.20,42.53,45.00,3063229,138315840.00
20170117,44.71,46.13,43.93,45.94,2112898,97695632.00
20170118,45.63,45.93,45.04,45.21,855074,39723416.00
20170119,45.24,45.94,44.36,45.36,985172,45573820.00
20170120,45.37,45.88,45.15,45.64,833234,38894096.00
20170123,45.55,46.50,44.27,44.54,1989000,91908864.00
20170124,44.54,44.56,43.85,44.42,835555,37750276.00
20170125,44.42,44.88,44.25,44.68,535352,24416588.00
20170126,44.69,44.90,44.59,44.77,464750,21246628.00
20170203,44.90,44.90,44.27,44.38,443600,20193172.00
20170206,44.39,45.45,44.16,45.40,898846,41263208.00
20170207,45.21,45.85,45.09,45.27,802175,37229064.00
20170208,45.27,45.40,44.63,45.36,860834,39618000.00
20170209,45.36,45.95,45.10,45.57,1549957,72052944.00
20170210,45.60,45.81,45.17,45.24,1131403,52602640.00
20170213,45.39,45.72,45.01,45.68,1418405,65947072.00
20170214,45.67,45.89,45.10,45.43,1098055,51022332.00
20170215,45.48,45.65,44.97,45.00,1581400,73028848.00
20170216,44.75,44.75,43.88,44.18,1758769,79469360.00
20170217,43.89,44.41,43.50,43.51,1251954,56124748.00
20170220,43.54,44.34,43.20,44.17,1605694,71950320.00
20170221,44.30,44.40,43.90,44.38,1032498,46657140.00
20170222,44.20,44.46,43.96,44.28,1132247,51153920.00
20170223,44.35,44.46,43.95,44.28,893810,40371132.00
20170224,44.27,44.75,44.14,44.59,1172000,53323724.00
20170227,44.60,45.18,44.50,44.60,1381140,63297944.00
20170228,44.49,44.97,44.48,44.90,1494186,68363792.00
20170301,44.91,45.09,44.55,44.63,1262750,57853232.00
20170302,44.76,44.80,44.32,44.42,1006904,45922524.00
20170303,44.40,44.45,43.88,44.32,966806,43617456.00
20170306,44.50,45.80,44.28,45.49,3432649,158809200.00
20170307,45.53,45.78,45.18,45.61,1887100,87545024.00
20170308,45.51,45.88,45.15,45.29,1244179,57824276.00
20170309,45.29,45.46,44.72,45.03,1090867,50203892.00
20170310,45.03,46.44,44.88,46.07,2955821,138866688.00
20170313,46.29,47.59,45.82,47.28,4549580,218283584.00
20170314,47.00,47.44,46.57,46.74,1885568,90259904.00
20170315,46.74,48.36,46.53,48.10,3684279,179540992.00
20170316,47.75,49.10,47.72,48.06,3315710,163466544.00
20170317,48.04,48.77,46.90,46.94,2352863,114974784.00
20170320,47.07,47.98,46.80,47.52,1715702,82842816.00
20170321,47.52,48.26,47.22,48.13,2147768,104833176.00
20170322,47.76,47.94,47.06,47.61,1514888,73430424.00
20170323,47.67,48.40,46.95,47.59,2104973,102740632.00
20170324,47.60,48.46,47.20,47.70,1927782,94234224.00
20170327,47.50,47.73,46.91,46.95,1561432,75272248.00
20170328,46.62,47.58,46.55,46.72,1276922,61341620.00
20170329,47.00,47.19,46.09,46.50,1541684,73553360.00
20170330,46.52,47.11,46.20,46.52,2509099,119863920.00
20170331,46.48,46.83,46.00,46.22,1265698,59973196.00
20170405,46.24,48.05,46.00,47.97,2165483,104814592.00
20170406,47.80,48.30,47.51,47.58,1592639,77698896.00
20170407,47.49,48.30,47.31,47.95,1486946,72775152.00
20170410,47.92,48.35,47.40,47.94,1714422,83894832.00
20170411,47.85,48.58,46.74,47.71,2184461,106730376.00
20170412,47.67,47.67,45.80,45.99,1550421,74064184.00
20170413,46.02,47.58,46.00,47.50,1795543,85945320.00
20170414,47.44,47.45,46.30,46.36,1056509,50474144.00
20170417,46.35,47.16,46.00,46.61,1112902,52952308.00
20170418,46.27,47.99,46.27,47.07,1688503,81711088.00
20170419,46.70,49.48,46.70,48.66,3613868,178338992.00
20170420,48.51,50.80,48.50,49.62,4706175,238862816.00
20170421,49.51,49.53,48.52,49.13,1839955,91956328.00
20170424,49.00,49.00,44.81,46.63,2805007,133892120.00
20170425,46.20,47.64,46.10,46.46,1484607,70822896.00
20170426,48.71,51.21,48.71,51.21,9363904,486331232.00
20170427,51.17,51.58,49.70,51.34,6601957,342902048.00
20170428,51.44,52.48,51.00,51.04,3962277,208560736.00
20170502,51.00,52.46,51.00,51.36,2605714,137473360.00
20170503,51.01,52.73,51.01,51.98,2608262,137687872.00
20170504,51.48,52.09,50.11,51.76,2003487,104868792.00
20170505,51.45,53.95,51.10,52.35,3877086,208872064.00
20170508,51.62,51.62,49.46,49.61,2677707,135314976.00
20170509,49.08,51.20,48.45,50.85,2088832,105650712.00
20170510,51.28,53.40,51.28,51.99,2941422,154302944.00
20170511,51.52,53.40,50.55,52.70,2298420,120262384.00
20170512,52.70,53.28,51.90,52.14,1877539,98796000.00
20170515,52.08,53.20,52.00,52.01,2120329,111506872.00
20170516,51.71,53.20,50.66,53.06,2403132,124836600.00
20170517,52.65,53.00,51.80,51.82,1717234,89881992.00
20170518,51.49,52.44,51.07,51.87,1329066,69097144.00
20170519,51.60,53.20,51.51,52.86,1577850,83111344.00
20170522,53.08,55.00,52.91,53.73,3971375,214824288.00
20170523,54.10,54.40,52.10,52.96,2846878,151418560.00
20170524,52.02,55.18,51.68,55.03,3274326,174829712.00
20170525,54.51,55.40,54.31,55.02,2337780,128388640.00
20170526,55.02,57.06,54.38,56.21,2414906,135727840.00
20170531,56.91,57.80,55.54,55.61,2514271,142582496.00
20170601,55.99,56.74,54.53,55.69,2269978,125801368.00
20170602,55.03,57.50,55.00,57.19,2091310,117739160.00
20170605,57.60,58.23,56.20,56.33,1690006,96603416.00
20170606,56.03,57.55,55.68,57.11,1730242,98461456.00
20170607,57.04,58.20,57.04,57.68,1553104,89695232.00
20170608,57.90,58.50,57.30,58.20,1988914,115130856.00
20170609,58.10,60.36,58.08,59.95,2834001,168939136.00
20170612,59.65,61.33,58.00,58.47,3223860,191945552.00
20170613,58.76,59.70,58.20,58.89,1976976,116378728.00
20170614,58.60,58.99,56.40,56.66,3050027,175140752.00
20170615,56.66,57.62,56.50,57.27,1906187,109072032.00
20170616,57.27,57.66,56.45,57.27,1447254,82643368.00
20170619,57.00,59.88,57.00,59.73,2307657,135814304.00
20170620,60.10,60.10,58.61,58.73,1428754,84312560.00
20170621,58.73,61.78,58.73,61.47,3090138,187719760.00
20170622,61.45,61.88,60.00,60.17,2085093,127001664.00
20170623,60.54,62.65,59.00,62.55,2706023,166254832.00
20170626,62.80,63.80,61.60,62.52,2401259,150817280.00
20170627,62.06,63.20,61.40,62.92,1643024,102205544.00
20170628,63.30,63.97,60.97,61.43,2414611,150549888.00
20170629,62.00,62.00,60.99,61.84,1306905,80541920.00
20170630,61.65,63.20,61.12,61.84,1515023,94593024.00
20170703,61.40,61.66,59.76,60.38,2563888,154529360.00
20170704,60.38,60.39,58.05,58.58,3063574,180167408.00
20170705,58.62,59.88,58.22,59.64,2228361,131734280.00
20170706,59.61,59.61,57.81,58.67,1791199,105253848.00
20170707,58.49,59.15,58.02,58.07,1343368,78784320.00
20170710,60.60,63.50,60.40,62.54,4640961,286718112.00
20170711,61.80,62.96,61.00,61.70,2991217,186233280.00
20170712,61.67,61.70,59.30,61.51,2403423,145958560.00
20170713,61.00,61.81,59.88,60.16,1587071,96098680.00
20170714,60.60,61.95,60.29,61.20,1770893,108381688.00
20170717,61.17,61.17,58.38,58.50,2734059,162790768.00
20170718,58.35,60.50,58.13,60.01,1500542,89001688.00
20170719,59.99,60.22,59.20,59.79,1713209,102116248.00
数据来源:通达信
