603817 海峡环保 日线 前复权
      日期	    开盘	    最高	    最低	    收盘	    成交量	    成交额
20170220,5.75,5.75,5.75,5.75,34100,198462.00
20170221,6.33,6.33,6.33,6.33,9200,58880.00
20170222,6.97,6.97,6.97,6.97,11900,83776.00
20170223,7.67,7.67,7.67,7.67,24600,190404.00
20170224,8.44,8.44,8.44,8.44,44409,377921.00
20170227,9.29,9.29,9.29,9.29,72558,679143.00
20170228,10.23,10.23,10.23,10.23,45217,465735.00
20170301,11.26,11.26,11.26,11.26,52213,591573.00
20170302,12.39,12.39,12.39,12.39,109010,1358265.00
20170303,13.64,13.64,13.64,13.64,242901,3330173.00
20170306,15.01,15.01,15.01,15.01,439425,6626529.00
20170307,16.52,16.52,16.52,16.52,253420,4204238.00
20170308,18.18,18.18,18.18,18.18,238738,4356969.00
20170309,20.01,20.01,20.01,20.01,548396,11011792.00
20170310,22.02,22.02,22.02,22.02,1006439,22232238.00
20170313,22.83,24.04,22.23,23.43,70594427,1631983232.00
20170314,22.51,24.84,22.23,23.64,58517414,1387936128.00
20170315,22.97,25.93,22.53,25.34,60115365,1453697152.00
20170316,24.53,27.88,24.33,27.88,63486202,1681322368.00
20170317,28.11,29.93,26.81,27.57,69087944,1968288768.00
20170320,26.67,27.43,26.20,27.08,29869888,800818048.00
20170321,26.81,28.90,26.64,28.43,40736762,1151564928.00
20170322,27.93,28.92,27.52,28.30,36475653,1037371968.00
20170323,27.94,28.38,26.12,27.26,32668642,899399296.00
20170324,27.02,27.66,26.75,27.05,17255876,469710016.00
20170327,27.05,27.38,26.12,26.41,16437870,437951392.00
20170328,26.13,26.33,24.69,24.76,20642966,525596544.00
20170329,24.67,25.72,22.98,25.14,24316661,592882048.00
20170330,24.43,24.92,23.84,23.94,15050128,366805024.00
20170331,23.84,24.42,22.12,22.42,15811768,369526560.00
20170405,22.42,23.61,21.63,23.09,14385273,329582880.00
20170406,23.07,24.13,22.75,23.69,15415663,366480800.00
20170407,23.43,25.73,23.34,24.95,25262268,626805440.00
20170410,24.93,24.93,22.63,22.82,20754479,494625568.00
20170411,22.12,23.19,21.73,22.88,15585710,351443008.00
20170412,22.43,22.67,21.43,21.52,10927360,241752016.00
20170413,20.93,22.42,20.93,21.71,8165646,179397760.00
20170414,21.57,21.85,20.64,20.70,9027719,191031552.00
20170417,19.72,19.72,18.62,18.62,9191805,173709216.00
20170418,17.91,18.79,16.98,17.04,12261870,218879328.00
20170419,17.09,18.75,17.09,18.75,15745221,284633856.00
20170420,19.11,19.88,18.61,19.13,19539494,377636928.00
20170421,18.83,18.93,17.63,17.94,10212359,188511536.00
20170424,17.99,18.54,17.39,18.13,10525799,192925360.00
20170425,18.33,19.08,17.95,18.80,13095378,245285840.00
20170426,18.49,19.11,18.34,18.77,11432790,214844512.00
20170427,18.61,20.62,18.01,19.75,19480543,375405760.00
20170428,19.38,20.03,19.19,19.47,11205859,220138720.00
20170502,19.40,19.77,19.10,19.31,7915864,154236944.00
20170503,19.22,19.71,18.81,19.65,12617087,244801168.00
20170504,19.38,19.73,18.93,19.06,9414964,182399888.00
20170505,18.93,19.21,17.89,17.93,8421952,157703568.00
20170508,17.77,17.83,16.43,16.68,8161737,141056832.00
20170509,16.62,17.67,16.43,17.38,8351415,145211616.00
20170510,17.34,17.64,16.93,16.96,7094055,122779408.00
20170511,16.81,17.64,16.49,17.53,9517556,164643536.00
20170512,17.38,19.29,17.24,19.29,16870378,313285824.00
20170515,19.58,20.93,19.21,20.47,30625366,618896960.00
20170516,19.95,20.78,19.73,20.67,23584663,481977888.00
20170517,20.47,20.90,19.94,20.11,16561305,337591456.00
20170518,19.78,20.90,19.68,20.23,18790324,385935040.00
20170519,19.93,20.11,18.96,19.38,13583685,265419632.00
20170522,19.13,19.78,18.94,19.21,9229656,179821264.00
20170523,18.98,19.37,17.28,17.28,13454653,241325952.00
20170524,16.68,18.03,16.65,17.68,9068331,158995712.00
20170525,17.68,17.98,16.71,17.60,10006076,174911744.00
20170526,17.49,18.61,17.46,17.90,9808410,178392320.00
20170531,18.61,18.73,17.93,18.01,8872673,163800912.00
20170601,17.68,17.88,16.99,17.15,7282259,127278768.00
20170602,16.94,17.78,16.93,17.62,6930766,121347712.00
20170605,17.80,18.26,17.80,18.21,8919263,161568256.00
20170606,18.09,18.27,17.86,18.14,5249070,95036888.00
20170607,18.14,18.93,18.04,18.86,10908652,203955696.00
20170608,18.81,19.40,18.57,18.59,11035160,209111520.00
20170609,18.59,19.01,18.07,18.32,7344695,135745552.00
20170612,18.11,18.38,17.68,17.90,5856279,105967728.00
20170613,17.96,18.36,17.96,18.25,5738658,104836408.00
20170614,18.26,18.32,17.78,17.95,5847941,105330944.00
20170615,17.99,18.91,17.92,18.48,10196715,188594464.00
20170616,18.43,18.82,18.34,18.39,7783675,145149616.00
20170619,18.47,18.60,18.01,18.23,5077505,92636840.00
20170620,18.30,18.65,18.03,18.20,4771292,87023688.00
20170621,18.13,18.26,17.85,18.16,4545590,81905528.00
20170622,18.27,18.49,17.80,17.85,6028906,109841176.00
20170623,17.69,17.69,17.08,17.47,6128396,106434832.00
20170626,17.45,17.54,17.08,17.41,4092953,70866656.00
20170627,17.49,17.89,17.40,17.52,4819656,84924248.00
20170628,17.42,17.44,17.10,17.13,3884218,66750520.00
20170629,17.20,17.45,17.13,17.18,2610932,44965144.00
20170630,17.13,17.29,16.95,17.20,3292880,56377468.00
20170703,17.20,17.30,17.12,17.25,2119938,36525652.00
20170704,17.29,17.32,17.12,17.15,2477590,42545424.00
20170705,17.16,17.37,17.06,17.31,3966455,68498592.00
20170706,17.31,17.38,17.09,17.26,3754384,64589772.00
20170707,17.31,18.06,17.26,17.88,10901886,192496480.00
20170710,17.61,17.62,17.19,17.25,6242294,108326432.00
20170711,17.21,17.31,16.85,17.04,4488635,76636096.00
20170712,17.00,17.14,16.42,16.94,4549176,76083320.00
20170713,16.80,16.91,16.51,16.74,3098032,51700076.00
20170714,16.65,16.74,16.46,16.58,2326675,38517876.00
20170717,16.50,16.50,14.92,14.92,6173250,94186000.00
20170718,14.90,15.03,13.90,14.63,5315815,76738864.00
20170719,14.55,14.58,14.18,14.47,4355482,62561340.00
数据来源:通达信
