603989 艾华集团 日线 前复权
      日期	    开盘	    最高	    最低	    收盘	    成交量	    成交额
20150515,14.43,17.75,14.43,17.75,12783,376848.22
20150518,19.74,19.74,19.74,19.74,10900,358174.00
20150519,21.93,21.93,21.93,21.93,7800,281970.00
20150520,24.35,24.35,24.35,24.35,11000,437470.00
20150521,27.00,27.00,27.00,27.00,10800,472500.00
20150522,29.92,29.92,29.92,29.92,15000,721950.00
20150525,33.13,33.13,33.13,33.13,32200,1704668.00
20150526,36.65,36.65,36.65,36.65,20169,1174440.88
20150527,40.53,40.53,40.53,40.53,24500,1569225.00
20150528,44.81,44.81,44.81,44.81,156100,10998806.00
20150529,49.51,49.51,49.51,49.51,402520,31199326.00
20150601,54.67,54.67,54.67,54.67,102520,8740855.00
20150602,60.36,60.36,60.36,60.36,145200,13618308.00
20150603,64.61,66.61,61.17,66.61,11597098,1184680832.00
20150604,71.83,71.83,59.73,59.73,13350461,1297225856.00
20150605,53.65,56.37,53.55,53.55,7252091,609745856.00
20150608,48.09,49.17,47.97,47.97,7244600,546411328.00
20150609,43.43,47.83,43.43,45.14,12370624,881287360.00
20150610,44.07,48.49,43.93,48.19,9876258,730581504.00
20150611,48.23,53.22,46.85,53.22,8485754,680474240.00
20150612,57.63,58.76,49.17,49.39,16686383,1406710656.00
20150615,45.83,46.50,44.23,44.23,8950427,633051072.00
20150616,42.03,43.16,39.83,40.83,7636101,498074976.00
20150617,41.57,44.45,41.02,44.11,5936247,398857184.00
20150618,43.17,43.49,39.48,39.48,6077380,395079872.00
20150619,37.84,41.59,36.41,37.24,5864281,353751648.00
20150623,38.37,39.79,36.90,39.46,5002255,305900096.00
20150624,40.09,40.82,38.23,38.76,5975583,370826784.00
20150625,38.51,38.63,35.33,35.80,4921429,290467328.00
20150626,34.50,34.63,32.01,32.01,4689395,247539408.00
20150629,33.10,33.10,28.59,28.59,5476133,263693184.00
20150630,27.80,31.33,25.51,30.61,6933841,314528416.00
20150701,30.13,32.81,28.97,29.03,7565627,378660704.00
20150702,29.43,29.82,26.50,26.81,5700497,258958304.00
20150703,25.82,27.59,24.01,24.53,5440240,227059504.00
20150706,27.19,27.19,23.97,25.98,7023862,296021792.00
20150707,24.69,25.69,23.17,23.17,4266287,165981296.00
20150713,25.70,25.70,25.70,25.70,63076,2636576.75
20150714,28.49,28.49,28.49,28.49,93354,4292417.00
20150715,31.55,31.55,28.49,28.50,12969360,632665408.00
20150716,26.17,30.89,25.83,29.67,7133401,331871936.00
20150717,29.70,32.49,29.68,32.10,7393707,369560832.00
20150720,32.50,32.83,30.85,31.77,8174882,417194112.00
20150721,30.50,33.14,30.05,32.88,7614476,390525024.00
20150722,32.77,32.89,31.51,32.17,5921737,305626752.00
20150723,31.90,35.61,31.90,35.61,11274766,620068736.00
20150724,36.63,37.48,34.17,34.43,12281006,705164480.00
20150727,33.49,37.10,31.19,31.63,10264554,565583104.00
20150728,30.43,33.51,29.83,32.73,8096288,414479040.00
20150729,33.10,35.54,30.87,35.37,7654335,407255968.00
20150730,35.40,36.76,34.23,34.37,8548548,482123552.00
20150731,33.50,36.50,33.37,34.76,7073103,390222400.00
20150803,34.20,35.63,31.87,33.04,6138232,330488512.00
20150804,32.60,35.15,32.49,35.11,6702558,362406240.00
20150805,34.55,36.49,34.25,35.47,8999358,507563808.00
20150806,34.47,34.90,33.09,33.65,5751784,313827232.00
20150807,33.70,34.83,33.70,34.76,4919618,269990496.00
20150810,35.37,37.24,34.91,36.73,8109957,465616480.00
20150811,36.50,38.67,36.32,37.83,9324146,552487808.00
20150812,37.62,37.62,35.33,35.37,8448516,488230080.00
20150813,35.44,36.05,34.04,35.76,4642687,260166080.00
20150814,35.83,36.20,34.91,35.41,4631993,260897488.00
20150817,35.13,35.17,33.74,34.03,3839973,209645600.00
20150818,33.83,34.83,30.41,30.41,4538439,237923152.00
20150819,29.17,31.10,27.42,30.59,4505667,213273568.00
20150820,30.03,30.30,28.61,28.74,3063028,145282688.00
20150821,28.03,28.43,26.37,26.40,3560300,157790064.00
20150824,25.01,25.17,23.55,23.55,3137948,122661472.00
20150825,21.10,22.88,20.97,20.97,3883832,137886752.00
20150826,21.47,23.29,20.50,21.94,6668996,244477136.00
20150827,22.66,23.14,21.51,22.97,4515840,166861424.00
20150828,23.46,24.83,22.91,24.79,4583777,177529856.00
20150831,23.91,24.23,22.50,22.56,3228072,123913720.00
20150901,22.50,22.51,20.83,20.89,2933983,103676744.00
20150902,19.75,21.90,19.38,19.95,2678191,91359128.00
20150907,20.55,21.29,20.29,20.67,2294900,79425504.00
20150908,20.53,22.15,20.37,22.11,3239962,114450424.00
20150909,22.50,23.30,22.03,23.11,4316585,162145184.00
20150910,22.50,23.07,22.31,22.35,2765299,102867040.00
20150911,22.76,22.89,22.33,22.88,2106723,78377768.00
20150914,22.90,23.09,20.37,20.37,2934337,103574688.00
20150915,19.63,20.13,18.15,18.23,2873562,92083592.00
20150916,18.51,20.27,18.51,20.27,2847339,91647672.00
20150917,20.23,21.08,19.92,19.97,3161470,107650128.00
20150918,20.17,20.70,19.97,20.63,2198196,74015424.00
20150921,20.37,21.83,20.12,21.82,3178220,111165608.00
20150922,21.87,22.49,21.77,22.16,3663547,133386184.00
20150923,21.70,22.35,21.59,21.95,2710591,98000896.00
20150924,22.08,23.17,22.08,23.14,3957605,148591216.00
20150925,22.83,22.99,21.23,21.50,3307234,120319056.00
20150928,21.57,22.36,21.31,22.33,2189825,79031840.00
20150929,21.69,22.01,21.50,21.78,1925738,69067784.00
20150930,22.55,24.17,22.37,24.17,5189062,202474000.00
20151008,26.81,26.81,26.81,26.81,1762912,76616152.00
20151009,27.83,27.83,26.24,27.11,8015095,350859328.00
20151012,27.83,29.70,27.13,29.17,8331207,381487520.00
20151013,28.50,28.50,27.63,28.19,6227146,183840272.00
20151014,27.39,27.45,26.73,26.87,9999518,285473536.00
20151015,26.52,27.85,26.51,27.80,7341268,212629104.00
20151016,27.75,29.06,27.20,28.52,10248268,302919072.00
20151019,28.48,28.48,27.06,27.39,7573779,220763536.00
20151020,27.49,28.60,27.17,28.19,7450892,219231920.00
20151021,28.19,28.19,25.22,25.22,9708356,273707424.00
20151022,25.18,26.18,24.83,26.04,5001479,135356800.00
20151023,26.03,26.83,25.76,26.65,5390119,149645392.00
20151026,27.14,27.16,26.35,26.61,4772877,134866848.00
20151027,26.33,26.79,25.12,26.67,4927217,135316816.00
20151028,26.69,27.14,26.20,26.39,4920098,139201872.00
20151029,26.79,27.38,26.32,27.03,5464498,155324704.00
20151030,26.80,26.82,25.52,26.37,3528786,98419880.00
20151102,25.55,27.48,25.24,26.47,4763841,134020128.00
20151103,26.39,28.48,26.00,28.21,10833098,316209056.00
20151104,28.60,29.49,27.80,29.40,11131164,335454560.00
20151105,29.16,29.61,28.32,28.53,9739983,296005856.00
20151106,28.50,31.50,28.50,30.72,11575002,369293792.00
20151109,30.19,31.69,29.67,31.41,13039793,422556064.00
20151110,31.08,31.99,30.26,30.90,9453088,308686816.00
20151111,30.72,33.83,30.42,33.23,13917213,468448320.00
20151112,33.40,36.70,33.40,36.70,17749752,668795264.00
20151113,36.48,38.48,34.00,35.06,19579523,747237760.00
20151116,33.50,36.11,33.15,35.74,8733604,318028768.00
20151117,36.31,38.41,35.49,36.19,11367044,438359904.00
20151118,35.62,37.16,34.82,35.24,8245883,311645088.00
20151119,34.90,36.59,34.87,36.29,6980364,258664432.00
20151120,36.18,40.05,36.18,39.44,14215818,564886848.00
20151123,39.50,40.49,37.30,37.47,11548303,463792480.00
20151124,36.51,38.80,36.00,38.72,8545989,331124512.00
20151125,38.55,39.39,38.18,38.30,8371285,336044096.00
20151126,38.70,38.78,37.00,37.25,8073926,318187360.00
20151127,36.90,36.91,33.38,33.38,10163174,369840032.00
20151130,33.46,36.87,33.46,36.87,17758007,673832896.00
20151201,38.20,39.40,37.38,38.66,20104986,801343744.00
20151202,37.80,38.38,34.64,37.90,9443938,358904160.00
20151203,37.31,40.45,37.10,40.01,12085714,497006176.00
20151204,39.50,41.29,38.57,40.48,10555321,436539072.00
20151207,40.20,40.88,38.88,39.45,7034682,290029472.00
20151208,39.01,39.01,36.80,37.20,8500443,331310560.00
20151209,36.44,36.83,35.20,35.56,6894506,257120768.00
20151210,35.65,36.50,35.00,35.45,5936251,220078880.00
20151211,35.28,35.57,34.11,34.45,4826200,174613600.00
20151214,34.17,35.49,34.07,35.25,3788907,137294640.00
20151215,35.35,36.26,35.28,35.47,4110149,153122400.00
20151216,35.60,36.46,35.60,35.84,4070141,152755024.00
20151217,35.89,36.97,35.89,36.95,5646995,214713184.00
20151218,37.38,37.38,35.82,36.20,6195012,235206608.00
20151221,35.95,36.29,35.31,35.78,3967487,147506912.00
20151222,35.75,36.04,35.33,35.91,3460043,128816432.00
20151223,35.87,35.87,34.52,34.81,5830424,213427280.00
20151224,34.60,35.46,34.58,35.33,2781407,101487992.00
20151225,35.49,35.55,35.10,35.29,2329101,85722904.00
20151228,35.20,35.45,34.08,34.16,3909267,141953776.00
20151229,34.18,34.95,33.58,34.86,2623789,93496576.00
20151230,34.83,35.10,34.75,34.97,2397644,87315840.00
20151231,35.00,35.07,34.11,34.19,2061766,74381992.00
20160104,34.19,34.38,30.62,30.71,4062109,135939728.00
20160105,28.88,31.12,28.00,29.29,4758837,148040816.00
20160106,29.45,30.47,29.45,30.30,2953424,92865192.00
20160107,29.82,29.93,27.12,27.12,1130100,33568024.00
20160108,28.49,28.73,24.90,27.81,3397689,98639056.00
20160111,26.80,27.72,24.88,24.90,3051427,85419592.00
20160112,24.65,25.79,24.40,25.24,2956409,78543408.00
20160113,25.38,25.66,24.08,24.09,2314528,61552516.00
20160114,23.51,25.30,23.38,25.11,2981923,77393840.00
20160115,24.87,25.18,23.70,23.80,2647504,68765184.00
20160118,23.25,24.68,23.12,24.12,4249044,109044640.00
20160119,24.25,25.27,24.09,25.17,3632330,95217912.00
20160120,24.86,25.60,24.72,24.91,3343930,88917400.00
20160121,24.56,25.22,24.07,24.11,2876206,75060832.00
20160122,24.06,24.64,23.50,24.40,2724814,69999680.00
20160125,24.63,25.56,24.63,25.24,3467113,92209504.00
20160126,24.71,25.00,22.74,23.07,3133136,79835296.00
20160127,23.07,23.49,21.60,23.14,3003756,72672112.00
20160128,22.43,23.06,21.58,21.74,2415089,57781500.00
20160129,21.70,23.05,21.70,22.65,2871343,68796664.00
20160201,22.68,22.99,22.40,22.87,1928451,46777016.00
20160202,22.91,23.97,22.91,23.63,2584064,64864932.00
20160203,23.50,23.63,22.86,23.48,1756720,43444248.00
20160204,23.50,24.19,23.50,24.06,2631428,67089304.00
20160205,24.07,24.34,23.78,23.79,2060360,52424276.00
20160215,22.71,23.60,22.55,23.38,1391259,34357992.00
20160216,23.56,24.63,23.56,24.50,2748136,70838496.00
20160217,24.65,25.34,24.41,25.21,4135783,109012056.00
20160218,25.60,25.75,24.73,24.96,3593244,95882832.00
20160219,24.96,25.48,24.72,25.27,2866807,76355544.00
20160222,25.80,27.16,25.31,27.05,4516358,124847712.00
20160223,26.95,27.46,26.10,26.57,3464303,97606944.00
20160224,26.47,26.90,25.81,26.63,2608067,72617440.00
20160225,26.30,27.06,23.98,24.17,4417915,120234984.00
20160226,24.25,25.05,23.76,24.69,2699816,70355968.00
20160229,24.69,24.79,22.38,22.87,3034521,74277688.00
20160301,23.01,23.44,21.90,23.17,2724515,66605284.00
20160302,23.19,24.85,23.06,24.52,2980114,75490680.00
20160303,24.55,25.04,24.16,24.24,3274502,85491312.00
20160304,24.38,24.39,22.52,22.97,2740735,68386192.00
20160307,23.40,23.83,23.11,23.38,1809583,45238916.00
20160308,23.23,24.04,22.63,23.99,2640438,65339460.00
20160309,23.47,23.80,23.20,23.51,1481247,37049296.00
20160310,23.51,23.80,22.86,22.96,1741928,43260952.00
20160311,22.59,23.23,22.28,22.83,1729403,41775644.00
20160314,23.00,25.01,23.00,24.78,4424880,113796184.00
20160315,24.60,24.85,24.01,24.21,2746907,71206968.00
20160316,24.22,24.63,23.50,23.59,1844345,46913620.00
20160317,23.80,24.51,23.56,24.49,4233959,108335760.00
20160318,24.51,25.89,24.48,25.51,5138053,137388048.00
20160321,25.96,26.13,25.50,26.03,4532049,123720376.00
20160322,26.02,26.02,25.51,25.60,3422478,93113064.00
20160323,25.56,26.60,25.42,26.48,4921369,135093584.00
20160324,25.99,26.48,25.49,25.51,4758601,130637576.00
20160325,25.25,25.90,25.24,25.65,2719858,73628648.00
20160328,25.75,26.34,25.21,25.34,3406574,93200096.00
20160329,25.40,25.50,24.00,24.35,3351804,87721464.00
20160330,24.69,25.37,24.53,25.35,3729681,98887792.00
20160331,25.70,26.40,25.50,26.12,5324127,146728368.00
20160401,25.95,26.09,25.12,25.79,3537490,95779520.00
20160405,25.84,26.79,25.63,26.64,4577367,127584432.00
20160406,26.64,26.99,26.31,26.76,4361685,122726728.00
20160407,26.76,27.11,26.35,26.68,5383530,152309648.00
20160408,26.35,26.44,25.62,26.18,4719133,130222944.00
20160411,26.76,27.99,26.76,27.56,7180431,207399840.00
20160412,27.50,27.50,26.40,26.72,6725151,190001888.00
20160413,26.76,27.63,26.76,27.14,5741999,164972576.00
20160414,27.42,27.95,27.10,27.83,4567880,132311960.00
20160415,28.08,29.70,27.80,28.89,9373834,283596320.00
20160418,28.66,28.66,27.77,28.07,4355858,129185144.00
20160419,28.72,28.77,27.98,28.39,3594855,107199936.00
20160420,28.50,28.68,25.80,26.57,6031419,172440352.00
20160421,26.69,27.19,26.06,26.16,3563698,100450808.00
20160422,25.83,26.54,25.75,26.51,2750975,76135808.00
20160425,26.58,26.58,25.81,26.29,2344478,64725356.00
20160426,26.00,26.72,26.00,26.69,2397436,66831424.00
20160427,26.67,27.18,26.51,26.99,2889197,82047496.00
20160428,27.00,27.90,26.91,27.84,5577363,161915184.00
20160429,27.46,27.58,27.10,27.26,4083728,117715224.00
20160503,27.25,28.38,27.01,28.21,4812819,140731344.00
20160504,28.34,28.85,28.01,28.18,5379804,160954128.00
20160505,27.90,28.25,27.54,28.02,3310506,97320904.00
20160506,28.17,28.29,26.38,26.40,4848948,139553168.00
20160509,26.07,26.24,24.88,25.18,2887048,78143656.00
20160510,25.12,25.66,25.08,25.24,1791616,48079016.00
20160511,25.54,26.35,24.76,25.16,1905945,51256472.00
20160512,24.76,25.07,24.36,24.88,1878575,49199964.00
20160513,24.91,25.28,24.58,24.78,1594010,42215868.00
20160516,24.73,25.25,24.40,25.23,1758019,46362232.00
20160517,25.02,25.47,24.74,25.16,1898304,50531128.00
20160518,24.98,24.98,23.80,24.15,2236695,57663608.00
20160519,24.15,24.67,24.07,24.30,1628189,42219516.00
20160520,24.15,24.99,23.81,24.86,1759849,45564760.00
20160523,24.93,25.90,24.93,25.67,2855479,77320464.00
20160524,25.76,25.76,25.20,25.58,1955898,52746444.00
20160525,25.70,26.09,25.53,26.02,2925250,79882512.00
20160526,25.80,25.80,24.73,25.50,2518601,65685380.00
20160527,25.28,25.61,25.28,25.35,1645203,43194876.00
20160530,25.30,25.30,24.57,24.90,1610983,41464096.00
20160531,25.01,26.36,24.91,26.33,3932042,105149752.00
20160601,26.39,26.69,26.21,26.48,3192097,87187656.00
20160602,26.45,28.30,26.30,28.11,7578603,214883376.00
20160603,28.11,31.00,27.80,31.00,14437675,441200864.00
20160606,30.92,31.19,29.78,30.29,10035607,312818272.00
20160607,30.15,30.76,29.86,30.41,8401734,261045312.00
20160608,30.20,31.94,30.04,30.40,11139944,353776832.00
20160613,29.51,29.51,27.28,27.28,8437753,248060912.00
20160614,26.76,27.65,26.75,27.62,4231356,118399536.00
20160615,27.17,30.08,27.00,29.13,7505735,222750800.00
20160616,28.98,30.17,28.91,29.96,7939546,242462784.00
20160617,30.20,30.98,29.38,30.75,7790799,240734480.00
20160620,30.46,31.40,29.94,30.64,6150425,193876864.00
20160621,30.72,31.89,29.26,29.62,7637096,241771120.00
20160622,29.26,30.85,29.20,30.78,6286860,194173920.00
20160623,30.82,31.35,30.30,30.57,5297995,167342640.00
20160624,30.40,30.61,28.75,29.59,6478663,198310672.00
20160627,29.35,32.38,29.35,31.99,9191009,294506688.00
20160628,31.60,32.35,31.41,31.94,6320552,206282624.00
20160629,32.09,32.20,31.45,32.17,5228369,170408096.00
20160630,32.09,32.10,31.44,31.62,4172407,135486032.00
20160701,31.59,31.79,30.78,31.07,4401603,141284672.00
20160704,30.65,31.78,30.55,31.73,4544396,146698784.00
20160705,31.77,32.18,31.00,31.22,5044491,162628608.00
20160706,31.03,31.71,30.94,31.25,3809464,122187760.00
20160707,31.10,31.30,30.56,30.94,4391043,138965360.00
20160708,30.94,32.17,30.80,31.31,5707562,184943568.00
20160711,31.06,33.88,31.06,32.61,10741161,356886816.00
20160712,32.40,33.03,31.56,32.88,6616117,219264704.00
20160713,33.08,33.17,32.31,32.58,4510816,150966768.00
20160714,32.88,33.00,32.30,32.89,3979341,133001096.00
20160715,32.90,32.96,31.97,32.25,5214864,172701344.00
20160718,32.45,32.46,31.58,32.21,2919310,95737632.00
20160719,32.03,32.68,31.82,32.63,3087097,102078504.00
20160720,32.70,32.78,32.20,32.33,2327660,77611992.00
20160721,32.29,32.63,31.90,32.10,2586042,85513456.00
20160722,32.15,32.35,31.47,31.58,2074838,68000904.00
20160725,31.33,31.47,30.18,30.35,4371317,138145296.00
20160726,30.56,31.03,30.45,30.80,2069494,65333300.00
20160727,30.85,31.08,27.64,28.87,4683580,141629952.00
20160728,29.00,29.86,28.09,29.72,3117859,92741824.00
20160729,30.00,30.94,29.87,30.07,3966720,124008160.00
20160801,29.49,30.43,29.02,30.27,2319064,70654120.00
20160802,30.25,30.50,29.90,30.47,1925353,59824684.00
20160803,30.47,30.54,29.61,29.87,2326733,71892904.00
20160804,30.00,30.63,29.85,30.46,2412400,75170992.00
20160805,30.45,31.08,30.25,30.48,2840457,89747376.00
20160808,30.18,31.26,30.16,31.21,2944875,93276120.00
20160809,31.20,31.52,30.91,31.44,2504269,80167424.00
20160810,31.44,32.35,31.20,31.89,5813785,189843184.00
20160811,31.60,31.84,30.95,30.99,2384377,76774248.00
20160812,31.06,31.48,30.94,31.44,1884403,60402692.00
20160815,31.48,33.40,31.48,32.93,7563132,251847744.00
20160816,32.95,33.89,32.69,33.53,6039234,206031248.00
20160817,33.29,34.90,32.50,34.62,7730255,265747056.00
20160818,34.18,34.98,33.89,33.91,4785747,168498608.00
20160819,33.94,34.42,33.57,33.79,3512807,121997296.00
20160822,33.90,33.90,32.80,32.96,2835104,96541240.00
20160823,32.92,33.86,32.83,33.49,2696157,92213688.00
20160824,33.65,33.94,33.40,33.48,2671269,92235376.00
20160825,33.19,34.14,32.50,34.01,3461999,118854352.00
20160826,34.20,34.37,33.40,33.46,2545031,88454344.00
20160829,33.00,33.42,32.81,33.05,2240698,75844408.00
20160830,33.03,33.36,32.82,32.86,1809734,61345776.00
20160831,32.76,33.20,32.70,33.04,1637435,55381776.00
20160901,33.03,34.29,32.73,33.58,4163759,143535776.00
20160902,33.52,34.30,33.51,33.96,4088219,142039568.00
20160905,33.97,34.69,33.71,34.55,3263450,114473896.00
20160906,34.55,35.42,33.90,35.39,4105189,145819408.00
20160907,35.36,35.58,34.79,34.83,2885221,103801704.00
20160908,35.15,35.15,34.21,34.78,2003150,70795112.00
20160909,34.85,35.30,32.70,32.87,5511065,191249168.00
20160912,32.35,32.84,32.10,32.32,2733060,90794288.00
20160913,32.43,32.93,31.50,31.78,3545204,116771832.00
20160914,31.45,32.10,31.45,31.86,1552568,50716260.00
20160919,32.00,34.01,31.89,33.95,4374916,149083104.00
20160920,33.88,35.13,33.69,34.19,4598356,162686208.00
20160921,34.30,34.68,33.81,34.20,2052305,71962344.00
20160922,34.37,35.00,34.22,34.66,1928312,68269760.00
20160923,34.66,34.80,33.40,33.62,1953653,67987696.00
20160926,33.71,34.00,32.71,32.75,1726193,58885128.00
20160927,32.67,32.99,32.10,32.88,1845061,61570936.00
20160928,32.92,33.59,32.59,33.39,1488272,50612528.00
20160929,33.39,33.95,33.24,33.72,1394596,47960880.00
20160930,33.79,34.30,33.43,34.12,1445486,50406792.00
20161010,34.58,34.69,33.90,34.29,2423201,84985216.00
20161011,34.20,35.40,34.20,35.39,4303340,154260928.00
20161012,35.20,35.78,34.86,35.70,3359090,121301760.00
20161013,35.40,36.18,34.88,35.01,3561607,129090464.00
20161014,35.15,35.36,34.70,35.30,2252991,80981880.00
20161017,35.47,35.47,34.50,34.75,2616091,93553784.00
20161018,34.74,36.43,34.65,36.37,3894708,142324864.00
20161019,36.39,36.40,35.59,36.37,3525806,129810080.00
20161020,36.09,36.90,36.01,36.06,1997381,74184680.00
20161021,35.90,36.17,34.75,35.65,2114239,76561648.00
20161024,35.41,36.38,35.41,36.20,2083973,76861504.00
20161025,36.06,36.29,35.47,35.56,2421647,88442704.00
20161026,35.78,35.78,34.80,35.11,2097610,75253184.00
20161027,35.11,35.38,34.88,35.14,1062772,38151832.00
20161028,35.18,35.33,34.48,34.49,2375635,84492304.00
20161031,34.30,34.95,34.27,34.88,1638348,58069176.00
20161101,34.85,36.77,34.66,36.62,5125380,189340256.00
20161102,36.40,37.22,36.11,36.63,4013235,150810352.00
20161103,36.50,36.79,36.01,36.16,3255063,121069568.00
20161104,36.47,37.15,35.80,35.99,3402865,126891120.00
20161107,35.81,37.20,35.61,37.19,3557236,133132152.00
20161108,37.35,37.37,36.56,37.21,3364023,127317936.00
20161109,37.22,37.22,35.91,36.38,2599107,96812600.00
20161110,36.72,37.30,36.37,37.04,3243257,122586688.00
20161111,36.86,38.13,36.43,37.92,4286960,164207568.00
20161114,37.70,38.55,37.58,37.73,3739853,145372048.00
20161115,37.69,38.50,37.23,37.31,2614612,100608024.00
20161116,37.55,37.68,37.05,37.36,1508535,57502716.00
20161117,37.26,37.39,36.48,36.70,2159379,81136384.00
20161118,36.59,37.28,36.56,36.97,1317840,49811816.00
20161121,36.95,38.00,36.54,37.99,2923854,112357992.00
20161122,37.98,38.17,37.57,37.73,2270347,87645632.00
20161123,37.69,38.56,37.64,38.53,2576349,100173472.00
20161124,38.48,39.07,37.90,38.38,2533734,99633640.00
20161125,38.00,38.38,37.05,38.11,1931436,74398320.00
20161128,38.18,38.18,37.47,37.59,1695850,65367712.00
20161129,37.50,37.67,36.62,36.66,2406800,91127000.00
20161130,36.67,37.17,36.60,37.01,3221668,121417336.00
20161201,37.14,37.14,35.49,36.20,4027266,148615136.00
20161202,36.10,36.48,35.27,35.70,2411504,88203008.00
20161205,35.26,36.10,35.22,35.76,1022082,37349148.00
20161206,35.86,36.06,35.57,35.98,880503,32222596.00
20161207,35.92,36.03,35.30,35.86,1301825,47457216.00
20161208,35.67,36.19,35.58,35.68,1017608,37360852.00
20161209,35.58,35.77,34.57,34.88,2057943,73670688.00
20161212,34.65,35.08,33.80,34.50,2597613,91296760.00
20161213,34.36,34.96,33.80,34.50,1269139,44685244.00
20161214,34.51,34.63,33.42,33.46,1270564,44206584.00
20161215,32.86,34.29,32.86,33.91,1949067,67308928.00
20161216,33.60,34.25,33.60,34.03,809293,28145872.00
20161219,34.10,35.10,33.87,35.00,1538358,54174768.00
20161220,35.16,35.45,34.80,35.02,959427,34426552.00
20161221,35.02,35.24,34.89,35.14,648363,23228564.00
20161222,35.10,35.21,34.80,35.06,640298,22951090.00
20161223,35.05,35.05,34.23,34.27,502800,17858928.00
20161226,34.25,35.17,34.16,35.06,856074,30335364.00
20161227,35.06,35.39,34.73,35.34,819896,29529110.00
20161228,35.22,35.60,35.03,35.11,808437,29186036.00
20161229,34.96,35.61,34.95,35.48,778609,28152332.00
20161230,35.32,36.34,35.32,36.01,1156250,42451720.00
20170103,36.01,36.70,35.87,36.48,1037882,38571240.00
20170104,36.50,36.66,36.21,36.60,1072521,39978180.00
20170105,36.44,36.44,35.52,35.62,1300856,47743860.00
20170106,35.53,35.92,34.72,35.17,1447000,51982172.00
20170109,35.15,35.68,35.00,35.35,770495,27854968.00
20170110,35.30,35.90,35.13,35.65,825522,30158644.00
20170111,35.60,35.86,35.31,35.51,501635,18254706.00
20170112,35.50,35.90,35.36,35.54,537941,19593624.00
20170113,35.30,35.39,33.20,33.90,1760278,61143340.00
20170116,33.50,33.75,31.50,32.18,1905927,63192848.00
20170117,32.19,32.38,30.53,31.68,1968727,63149552.00
20170118,31.56,33.15,31.19,32.92,1945009,64550776.00
20170119,32.56,32.86,31.84,31.87,920715,30528654.00
20170120,31.80,32.77,31.80,32.69,565704,18871212.00
20170123,32.86,33.20,32.58,32.84,341512,11530603.00
20170124,32.94,33.34,32.12,32.23,563423,18703436.00
20170125,32.06,32.54,31.97,32.22,670620,22132218.00
20170126,32.39,32.87,32.13,32.76,667890,22266904.00
20170203,32.95,33.18,32.42,32.78,355553,11934895.00
20170206,32.70,33.10,32.03,32.53,1384910,45854760.00
20170207,32.23,32.40,31.80,31.91,1068611,35144996.00
20170208,31.93,32.36,31.80,32.30,957181,31506352.00
20170209,32.30,32.50,32.10,32.24,1304760,43110404.00
20170210,32.13,32.39,31.70,31.94,1098989,36056972.00
20170213,31.94,31.98,31.50,31.83,1962732,63879400.00
20170214,31.90,32.24,31.48,31.63,2397487,78433328.00
20170215,31.63,31.91,31.48,31.62,1669061,54299228.00
20170216,31.61,31.81,31.39,31.49,1463588,47405612.00
20170217,31.60,31.94,31.40,31.59,1505890,48845060.00
20170220,31.62,32.29,31.55,32.21,1974261,64613320.00
20170221,32.27,32.89,32.02,32.62,2327771,77296656.00
20170222,32.61,34.32,32.51,34.01,4676220,161083408.00
20170223,34.00,34.18,33.61,34.02,2212124,76742128.00
20170224,33.90,35.00,33.74,34.84,1888381,66487384.00
20170227,34.70,35.25,33.98,34.11,1967883,69266760.00
20170228,34.05,34.31,33.76,34.05,729043,25361582.00
20170301,34.01,34.18,33.46,33.85,1150802,39870428.00
20170302,33.86,33.86,33.20,33.41,874174,29961000.00
20170303,33.25,34.29,33.08,34.07,1495628,51768864.00
20170306,34.00,35.80,33.87,35.47,2287596,82701488.00
20170307,35.30,35.36,34.90,34.98,1012589,36327596.00
20170308,34.96,35.20,34.49,34.53,912994,32365982.00
20170309,34.69,34.69,34.10,34.16,708699,24826146.00
20170310,34.02,35.20,34.02,35.16,2217480,79008768.00
20170313,35.08,35.52,34.72,35.19,1575138,56695904.00
20170314,35.04,36.21,35.04,36.05,2850084,104528592.00
20170315,35.84,36.11,35.45,35.83,1036252,37804060.00
20170316,36.00,36.00,35.48,35.82,1597368,58381904.00
20170317,35.95,36.30,35.60,35.61,2042063,75055976.00
20170320,35.50,36.14,35.17,35.55,1556109,56669580.00
20170321,35.60,35.70,35.17,35.37,971156,35143384.00
20170322,35.20,35.57,34.50,35.43,1849807,66166672.00
20170323,35.29,35.88,35.26,35.70,2537190,92479808.00
20170324,35.69,37.48,35.60,37.03,4868770,182943664.00
20170327,36.97,37.38,36.74,36.92,1770163,66860340.00
20170328,36.81,37.38,36.50,37.13,1417172,53304064.00
20170329,37.09,37.19,36.20,36.26,1013743,38092576.00
20170330,36.26,36.26,35.58,35.65,1187547,43460656.00
20170331,35.70,36.58,35.60,35.89,1437047,53113304.00
20170405,35.99,37.26,35.41,37.22,2593269,96866432.00
20170406,37.03,37.46,36.58,37.34,2107022,79807984.00
20170407,37.20,37.21,36.70,36.86,982656,37016756.00
20170410,36.87,37.43,36.15,36.21,1343809,50631880.00
20170411,35.98,36.28,34.31,35.70,3359448,120811936.00
20170412,35.38,35.60,34.81,34.96,1144236,41160520.00
20170413,34.75,35.41,34.74,35.06,940438,33837564.00
20170414,35.20,35.30,34.68,35.11,931720,33351532.00
20170417,35.13,35.89,34.26,34.51,1260494,45089512.00
20170418,34.94,34.95,33.70,34.47,1220648,42873120.00
20170419,34.20,34.93,33.66,34.09,1285002,45163572.00
20170420,33.94,34.70,33.94,34.13,1057500,37089232.00
20170421,34.11,34.70,34.02,34.40,516327,18195204.00
20170424,34.40,34.75,33.97,34.66,1325440,46583112.00
20170425,34.66,35.61,34.47,35.58,2375677,85473152.00
20170426,35.50,36.13,35.10,35.29,1561738,56962560.00
20170427,35.18,36.18,35.18,36.04,2937544,107716952.00
20170428,36.02,36.16,35.70,36.09,1019678,37509544.00
20170502,36.13,37.89,36.08,37.66,4239587,162072880.00
20170503,37.66,37.85,37.11,37.44,2739932,104684088.00
20170504,37.41,38.58,36.82,37.45,2843940,109989600.00
20170505,37.41,37.99,36.90,37.81,2054624,78827368.00
20170508,37.73,38.08,36.68,37.25,2630952,99607440.00
20170509,36.81,37.18,35.70,36.79,1877400,69637640.00
20170510,36.70,38.40,36.60,37.71,2740013,105752232.00
20170511,36.63,38.70,36.40,38.46,2901422,112818600.00
20170512,38.45,39.70,38.21,38.46,3029161,120881664.00
20170515,38.71,39.29,38.03,39.18,1800489,71521720.00
20170516,38.91,39.68,38.31,39.43,1883054,75277776.00
20170517,39.54,39.88,38.02,38.08,2332473,92148328.00
20170518,37.71,38.50,37.53,37.80,1926805,74595848.00
20170519,37.80,38.38,37.41,37.84,1304265,50455908.00
20170522,37.40,38.50,37.21,37.49,1311918,50622932.00
20170523,37.50,37.67,35.20,35.63,3444974,127767704.00
20170524,35.20,36.16,34.83,35.84,1334101,48624384.00
20170525,35.56,36.08,34.90,35.90,1334838,48598328.00
20170526,35.90,36.68,35.60,36.33,1892307,70076320.00
20170531,36.70,36.95,36.22,36.56,1292219,48378884.00
20170601,36.43,36.56,35.78,36.09,1390685,51350748.00
20170602,35.99,36.00,34.30,35.56,2135093,76677496.00
20170605,35.60,36.58,35.21,36.39,1583345,57422232.00
20170606,36.48,36.63,36.21,36.39,1312348,47833912.00
20170607,36.46,37.44,36.00,37.40,1342918,49596384.00
20170608,37.43,37.55,36.96,37.00,1429444,53311536.00
20170609,37.00,37.68,36.46,37.62,1454456,53816184.00
20170612,37.62,37.91,37.27,37.73,1265114,47502280.00
20170613,37.73,38.74,37.44,38.69,2107045,80026144.00
20170614,38.94,38.94,38.03,38.23,1571474,60115592.00
20170615,38.23,38.50,38.10,38.39,1340551,51311572.00
20170616,38.42,38.70,38.07,38.37,1086521,41676892.00
20170619,38.42,38.69,38.20,38.33,1294003,49744780.00
20170620,38.32,38.38,37.69,38.07,1985237,75322592.00
20170621,38.18,39.12,37.91,39.08,2024549,78461720.00
20170622,39.00,39.48,37.77,37.80,1769390,68526592.00
20170623,37.76,38.37,37.51,38.36,1243878,47346600.00
20170626,38.35,39.80,38.30,39.44,2022112,79298296.00
20170627,39.34,39.79,39.02,39.54,1551199,61100176.00
20170628,39.30,40.38,39.23,39.88,1646748,65835300.00
20170629,39.90,40.01,39.42,39.96,938534,37274960.00
20170630,39.82,39.82,39.10,39.24,958507,37695536.00
20170703,39.24,40.68,39.23,40.55,2091794,83991840.00
20170704,40.66,40.97,40.03,40.53,1291172,52073032.00
20170705,40.60,40.61,39.95,40.27,888138,35691992.00
20170706,40.35,40.40,39.51,39.72,1615505,64435320.00
20170707,39.60,39.91,39.50,39.86,930611,36963664.00
20170710,39.85,39.85,38.40,38.70,1705197,66270256.00
20170711,38.56,38.85,37.66,38.00,1590794,60865144.00
20170712,37.80,38.76,37.80,38.69,919400,35285728.00
20170713,38.70,38.70,38.08,38.21,687734,26363910.00
20170714,38.01,38.34,37.31,37.32,1698141,64044032.00
20170717,37.10,37.86,36.00,36.38,1823435,67414432.00
20170718,36.45,37.29,36.45,37.20,1154276,42754288.00
20170719,36.98,37.35,36.83,37.30,1649724,61093976.00
数据来源:通达信
