603966 法兰泰克 日线 前复权
      日期	    开盘	    最高	    最低	    收盘	    成交量	    成交额
20170125,10.44,10.44,10.44,10.44,21400,225556.00
20170126,11.49,11.49,11.49,11.49,11600,134444.00
20170203,12.65,12.65,12.65,12.65,15844,202011.00
20170206,13.93,13.93,13.93,13.93,27990,392700.00
20170207,15.33,15.33,15.33,15.33,35890,553783.00
20170208,16.87,16.87,16.87,16.87,48094,816155.00
20170209,18.57,18.57,18.57,18.57,81080,1513764.00
20170210,20.44,20.44,20.44,20.44,91875,1887113.00
20170213,22.49,22.49,22.49,22.49,92776,2095810.00
20170214,24.75,24.75,24.75,24.75,89862,2233071.00
20170215,27.24,27.24,27.24,27.24,330073,9024196.00
20170216,29.97,29.97,29.97,29.97,684629,20586794.00
20170217,32.98,32.98,30.41,31.37,24835417,788190592.00
20170220,30.80,30.80,28.22,28.45,17340807,500935488.00
20170221,28.00,29.86,27.60,28.95,13645286,396600352.00
20170222,28.46,29.20,27.23,28.18,12716005,358283808.00
20170223,28.41,29.46,28.18,29.18,13415438,389520960.00
20170224,28.89,30.48,28.71,29.74,13263608,393381824.00
20170227,29.23,29.66,28.78,29.29,7984759,234216704.00
20170228,29.25,29.50,28.58,29.35,6857998,199571872.00
20170301,29.15,31.30,29.10,30.39,13686340,416090368.00
20170302,31.20,33.44,30.56,33.44,17793796,580556096.00
20170303,33.90,35.80,32.02,32.12,23688681,804021888.00
20170306,30.90,31.92,30.42,31.76,13315024,418611904.00
20170307,31.50,33.86,31.30,33.49,15520233,510128640.00
20170308,33.43,34.05,32.48,33.89,12158137,405488928.00
20170309,33.42,33.43,31.68,31.74,9857050,319907392.00
20170310,32.00,32.25,30.81,31.02,7382159,233620624.00
20170313,30.80,32.00,29.95,31.93,7150301,222602784.00
20170314,31.85,32.87,31.55,32.56,9174161,297337216.00
20170315,32.21,32.43,31.40,31.93,6721229,215894160.00
20170316,32.06,33.57,32.00,33.14,10494744,346627008.00
20170317,33.13,33.83,31.79,31.81,10961545,362190848.00
20170320,31.40,33.61,31.40,33.57,8752624,286511552.00
20170321,33.48,34.90,32.98,34.55,14423356,492850912.00
20170322,33.89,36.85,33.55,35.30,16383951,580247808.00
20170323,35.23,38.84,34.51,38.84,22997568,850000832.00
20170324,37.78,42.73,37.78,42.73,22779283,942445440.00
20170327,43.30,44.86,39.90,42.00,20366302,861278528.00
20170328,42.42,42.86,39.00,39.71,14549117,596389312.00
20170329,38.43,41.89,37.11,40.18,17797250,702729600.00
20170330,37.90,39.40,36.15,36.46,14068737,531628864.00
20170331,36.90,37.55,33.90,34.65,10729184,385656352.00
20170405,34.78,35.64,33.00,35.34,8797568,307385952.00
20170406,34.70,36.69,34.50,35.76,9338035,335816992.00
20170407,35.23,36.22,33.77,34.17,8680426,303312928.00
20170410,33.58,33.80,30.74,30.74,8683519,275532544.00
20170411,29.89,31.45,29.70,31.33,7037503,217257200.00
20170412,30.85,31.13,28.90,29.04,6714606,201630928.00
20170413,29.05,29.97,28.72,29.13,3926210,115611256.00
20170414,28.89,29.13,28.01,28.18,3723375,106541584.00
20170417,26.78,26.80,25.35,25.45,5636938,145966048.00
20170418,25.61,27.14,24.92,26.17,6580224,172245600.00
20170419,25.70,28.80,25.40,28.80,9031517,250172112.00
20170420,28.38,31.14,28.38,30.72,12126094,360497888.00
20170421,30.48,30.75,28.80,29.11,8013891,240655920.00
20170424,28.90,28.96,26.19,28.08,6408688,179715968.00
20170425,27.96,30.40,27.96,30.19,8201536,240293696.00
20170426,29.90,30.54,29.28,29.35,7417287,221949328.00
20170427,28.50,31.40,28.41,30.57,9843343,299334976.00
20170428,30.08,30.90,29.90,30.65,7254883,221364016.00
20170502,30.66,31.86,30.21,31.70,9080353,285183296.00
20170503,31.40,34.78,31.18,34.55,12085559,396331264.00
20170504,33.54,36.18,32.92,34.55,13448310,463407264.00
20170505,34.08,35.50,31.10,32.02,8957176,304524672.00
20170508,31.93,32.63,28.95,29.22,8219006,253889168.00
20170509,29.40,30.33,28.34,30.25,6314625,186289024.00
20170510,30.30,30.89,28.85,28.88,7307589,219148272.00
20170511,28.27,29.44,27.18,29.33,6183736,177223104.00
20170512,28.96,30.38,28.40,29.94,7107446,210600336.00
20170515,31.10,31.68,29.55,29.71,7363736,225594016.00
20170516,28.69,30.04,27.80,29.97,6733584,195251936.00
20170517,29.60,31.42,29.60,31.23,8322711,254467856.00
20170518,30.85,31.13,29.01,29.40,6085400,185703168.00
20170519,29.13,30.06,28.80,28.94,4069482,119965640.00
20170522,28.94,29.22,26.18,26.43,5224873,144914432.00
20170523,25.64,26.75,24.01,24.09,4744504,120399880.00
20170524,24.12,24.66,23.58,24.56,3338450,81269264.00
20170525,24.64,24.85,23.24,24.14,3824084,92337328.00
20170526,23.98,24.58,23.88,24.24,3046007,74236808.00
20170531,25.10,25.39,24.16,24.50,3501844,87388816.00
20170601,24.04,24.40,22.04,22.04,4047334,93624200.00
20170602,21.89,22.50,20.82,22.25,4128632,89576560.00
20170605,22.46,22.88,22.28,22.40,2975510,67486848.00
20170606,22.37,22.37,21.57,22.07,2404090,53092756.00
20170607,22.10,23.16,21.98,23.15,4139766,94501088.00
20170608,23.26,25.00,22.98,24.60,6490644,156592624.00
20170609,24.19,24.50,23.42,24.05,4665964,112102080.00
20170612,23.91,23.91,22.20,22.38,3575807,82757504.00
20170613,22.25,23.25,22.25,22.98,2510554,57856180.00
20170614,23.13,23.55,22.36,22.96,3178934,73624112.00
20170615,22.99,24.37,22.71,24.19,4702955,111998504.00
20170616,24.30,24.74,23.50,23.61,3413701,81584536.00
20170619,23.45,25.97,23.35,25.20,7620366,190880976.00
20170620,25.26,25.50,24.50,24.92,6643226,166106912.00
20170621,24.77,25.27,24.55,24.77,3396461,84080376.00
20170622,24.55,24.77,23.03,23.27,3990120,95692936.00
20170623,23.08,23.72,22.66,23.46,3079215,71464376.00
20170626,23.35,23.54,22.93,23.37,2206602,51406748.00
20170627,23.32,23.85,23.23,23.39,1978635,46464028.00
20170628,23.49,23.49,22.70,22.87,2044652,46957204.00
20170629,23.04,23.27,22.89,22.99,1584908,36530096.00
20170630,22.61,23.29,22.61,22.98,2073122,47583084.00
20170703,23.08,23.96,22.87,23.71,3353198,79052112.00
20170704,23.55,23.85,23.46,23.53,2047390,48362968.00
20170705,23.53,24.17,23.32,23.94,3237000,77337296.00
20170706,23.80,24.20,23.31,23.77,2594390,61701572.00
20170707,23.50,25.25,23.48,24.89,6820553,168033760.00
20170710,24.40,24.60,23.70,23.99,3997667,96413936.00
20170711,23.79,24.28,23.20,23.31,2562380,60948576.00
20170712,23.30,23.50,22.21,23.33,2820833,64514112.00
20170713,23.20,23.20,22.50,22.88,1846456,42172700.00
20170714,22.75,22.94,22.50,22.54,1286415,29153648.00
20170717,22.24,22.24,20.29,20.29,2957400,61568288.00
20170718,19.80,20.65,19.56,20.00,2226154,44597132.00
20170719,20.06,20.27,19.75,20.09,2082640,41551316.00
数据来源:通达信
