603979 金诚信 日线 前复权
      日期	    开盘	    最高	    最低	    收盘	    成交量	    成交额
20150630,13.13,15.78,13.13,15.78,80261,1986047.75
20150701,17.37,17.37,17.37,17.37,37955,1033514.63
20150702,19.11,19.11,19.11,19.11,169667,5081526.50
20150703,21.03,21.03,17.35,21.03,46392455,1446426496.00
20150706,23.15,23.15,18.92,19.14,41768156,1387046016.00
20150707,17.28,17.97,17.22,17.22,7658531,208505456.00
20150708,15.49,15.49,15.49,15.49,1031700,25070310.00
20150709,13.93,17.04,13.93,17.04,32074177,790543872.00
20150710,18.76,18.76,17.73,18.76,9563763,279000096.00
20150713,20.64,20.64,19.70,20.64,18753875,604518272.00
20150714,22.27,22.71,21.26,22.71,16061039,563878592.00
20150715,23.63,23.85,20.43,20.43,28461532,969373184.00
20150716,18.38,21.28,18.38,18.99,26319518,805666624.00
20150717,19.19,20.60,18.96,20.17,21082719,653059456.00
20150720,20.17,20.42,18.36,19.13,21434822,654550080.00
20150721,18.46,19.74,18.03,19.47,17535545,523222144.00
20150722,19.47,19.71,18.44,18.81,15898765,475323648.00
20150723,18.88,20.71,18.88,20.71,19096381,598463040.00
20150724,21.71,22.72,20.42,21.24,35487228,1212314368.00
20150727,20.09,22.47,19.22,19.29,28889766,963126912.00
20150728,18.05,20.74,17.37,19.52,23570423,693525888.00
20150729,19.92,21.48,19.33,21.48,24786318,792111552.00
20150730,22.99,23.64,22.36,23.04,24078380,876731520.00
20150731,22.97,25.36,22.35,25.36,44614670,1718094592.00
20150803,25.17,27.90,24.65,27.90,42399750,1750558592.00
20150804,28.44,28.78,25.10,25.10,44424203,1803544064.00
20150805,23.76,27.33,23.76,26.19,34217107,1379586688.00
20150806,25.42,26.19,23.63,24.47,24556248,950059968.00
20150807,24.54,25.85,23.76,24.94,23304707,904503808.00
20150810,24.78,26.19,24.56,26.03,23810053,953758592.00
20150811,25.68,27.47,25.58,26.34,23106943,961594816.00
20150812,25.74,26.49,24.27,24.43,20901727,825623424.00
20150813,23.95,24.84,23.36,24.63,15375942,581690240.00
20150814,24.79,25.42,24.03,24.81,16678009,645191616.00
20150817,24.30,24.58,23.51,23.66,12742456,476005120.00
20150818,23.70,25.03,21.49,22.27,18198450,681531584.00
20150819,21.53,22.99,20.35,22.71,16659074,572575616.00
20150820,22.28,22.44,20.43,20.49,12844379,432509632.00
20150821,19.78,20.42,18.50,18.66,11946063,364633856.00
20150824,17.75,17.75,16.79,16.79,11119769,296280000.00
20150825,15.10,18.40,15.10,16.02,23079825,599034688.00
20150826,16.71,17.63,16.06,17.63,31290821,845864896.00
20150827,17.99,18.81,16.26,18.14,26677151,737027776.00
20150828,17.92,19.34,17.29,18.65,25276467,717403328.00
20150831,17.99,18.24,16.78,16.78,13601139,373421664.00
20150901,16.26,16.35,15.09,15.09,14749808,361995616.00
20150902,14.21,16.15,14.07,14.97,15238290,367772704.00
20150907,15.60,15.94,14.97,15.26,11747712,285467200.00
20150908,15.41,16.79,15.04,16.78,17949519,453132096.00
20150909,17.06,17.56,16.79,17.42,20966967,566379072.00
20150910,16.77,17.09,16.13,16.24,14216454,370672544.00
20150911,16.06,16.70,16.06,16.44,8554101,220392736.00
20150914,16.38,16.57,14.78,14.78,10055923,244690608.00
20150915,14.19,15.22,14.13,14.39,11814731,270230304.00
20150916,14.69,15.84,14.58,15.84,12970580,308298688.00
20150917,15.88,16.11,15.04,15.16,15272356,374771456.00
20150918,15.36,15.53,14.79,15.15,8094891,191871376.00
20150921,14.85,15.87,14.67,15.80,10948349,265269648.00
20150922,15.94,16.08,15.49,15.79,11175307,276969376.00
20150923,15.49,16.79,15.33,16.19,16173945,411162016.00
20150924,16.31,16.46,15.83,16.25,11016409,279963072.00
20150925,16.08,16.23,14.97,15.12,9393791,228341344.00
20150928,15.26,15.80,15.13,15.71,6541499,159004432.00
20150929,15.36,15.44,14.96,15.10,5607546,133938888.00
20150930,15.29,15.40,15.04,15.22,4113561,98289232.00
20151008,15.87,16.19,15.49,15.90,8192148,203664592.00
20151009,15.83,16.24,15.65,16.08,8610444,216140224.00
20151012,16.29,17.44,16.22,17.05,13671137,359320640.00
20151013,16.78,17.04,16.59,16.86,9654774,254524112.00
20151014,16.88,17.35,16.51,16.53,10757707,285681024.00
20151015,16.69,18.19,16.58,17.81,16032660,439711456.00
20151016,17.73,17.85,17.23,17.65,14996396,411878688.00
20151019,17.74,17.80,17.10,17.29,10927649,298439712.00
20151020,17.31,17.90,17.09,17.60,11908089,326340672.00
20151021,17.58,17.72,15.83,15.83,15297239,400294624.00
20151022,15.87,16.38,15.56,16.28,10872461,273401184.00
20151023,16.32,16.90,16.12,16.74,10318470,267033312.00
20151026,17.19,17.46,16.70,17.03,10604507,283737152.00
20151027,17.01,17.01,16.19,16.94,9304678,242672496.00
20151028,16.93,17.37,16.74,16.88,9393623,250840368.00
20151029,16.96,17.12,16.58,16.88,7946368,209647360.00
20151030,16.87,17.19,16.62,16.90,8945570,238301824.00
20151102,16.53,18.04,16.32,17.38,15714878,429980096.00
20151103,17.54,19.13,17.54,19.13,28524791,826324672.00
20151104,19.10,19.75,18.37,19.41,27435435,819506816.00
20151105,19.29,20.28,18.83,19.20,20627585,629207872.00
20151106,19.08,19.94,19.08,19.72,16913572,519701472.00
20151109,19.60,21.06,19.56,20.44,19137722,612651840.00
20151110,20.36,20.36,19.46,19.96,15925377,497317728.00
20151111,19.88,21.41,19.54,21.02,17548683,564568128.00
20151112,21.26,22.98,20.75,22.49,21622827,739588544.00
20151113,22.08,22.15,20.42,20.49,19153017,635754688.00
20151116,20.42,21.13,19.88,20.99,10932921,355121120.00
20151117,21.31,21.44,20.22,20.24,13062884,427265696.00
20151118,20.07,20.65,19.40,19.49,9660218,302737824.00
20151119,19.43,20.17,19.43,20.14,7908284,245960864.00
20151120,20.19,20.65,19.72,20.24,9214011,290700800.00
20151123,20.24,21.25,20.04,20.47,10094684,327093472.00
20151124,20.29,21.45,20.24,21.40,12468588,410465952.00
20151125,21.45,21.63,21.06,21.26,10641469,355145856.00
20151126,21.34,22.19,21.02,21.11,10959408,370285376.00
20151127,20.85,21.04,19.11,19.46,10840805,343162400.00
20151130,19.50,20.15,18.40,20.08,9668497,295967168.00
20151201,20.04,20.53,19.68,19.90,8937472,281783648.00
20151202,19.79,19.94,18.54,19.33,6190082,186577728.00
20151203,19.40,20.37,19.40,20.24,7581402,237573744.00
20151204,20.13,20.49,19.81,20.03,7412906,234307392.00
20151207,20.10,20.23,19.81,20.08,4887023,153385904.00
20151208,20.07,20.07,19.46,19.69,5627017,174274048.00
20151209,19.69,20.23,19.49,19.73,5629016,175111248.00
20151210,20.13,20.29,19.41,19.49,6026088,186893056.00
20151211,19.16,19.43,18.85,18.94,5522997,164687264.00
20151214,18.63,19.36,18.44,19.32,4236786,125333680.00
20151215,19.22,19.58,19.14,19.28,3979718,120749440.00
20151216,19.37,19.94,19.33,19.62,5075176,156499392.00
20151217,19.84,20.24,19.80,20.22,7916332,248221792.00
20151218,20.22,20.22,19.65,19.79,6382757,198739552.00
20151221,19.65,20.34,19.60,20.16,7180634,225421152.00
20151222,20.04,20.33,19.92,20.28,5886800,185858304.00
20151223,20.37,21.28,20.19,20.49,10995326,355707936.00
20151224,20.49,21.33,20.44,21.15,10939930,359417504.00
20151225,21.17,21.42,20.70,20.92,7336612,240533184.00
20151228,20.97,21.04,19.65,19.73,9469425,303460896.00
20151229,19.81,20.12,19.38,20.10,4370851,135998640.00
20151230,20.22,20.23,19.79,20.02,4437739,139160416.00
20151231,19.97,20.13,19.46,19.49,4572855,141461616.00
20160104,19.51,19.53,17.54,17.54,5034684,145808944.00
20160105,16.87,17.76,16.38,17.13,6726765,180416640.00
20160106,17.48,17.81,17.22,17.79,4765314,130639856.00
20160107,17.33,17.46,16.00,16.00,1872700,48641336.00
20160108,16.64,16.69,15.29,16.28,5092231,129835168.00
20160111,15.94,16.15,14.85,14.92,5944011,145006048.00
20160112,15.12,15.54,14.83,15.24,4341888,103648904.00
20160113,15.38,15.59,14.90,14.96,3875390,92984152.00
20160114,14.53,15.59,14.40,15.54,4674038,110650912.00
20160115,15.41,15.49,14.71,14.87,4040416,95943400.00
20160118,14.56,15.40,14.56,15.19,3510606,83101888.00
20160119,15.15,15.79,15.10,15.71,4961419,120463712.00
20160120,15.57,15.92,15.36,15.48,4510952,110530976.00
20160121,15.17,15.65,14.73,14.75,4539084,108708144.00
20160122,14.90,15.22,14.71,15.13,3359428,79006656.00
20160125,15.35,15.51,15.23,15.40,3209448,77425024.00
20160126,15.29,15.29,14.03,14.18,4347894,100651344.00
20160127,14.24,14.44,13.50,14.20,4275185,93766264.00
20160128,14.15,14.23,13.53,13.59,2698897,59009484.00
20160129,13.60,14.21,13.51,14.07,3146434,68767088.00
20160201,14.02,14.13,13.63,13.81,2384951,52122820.00
20160202,13.92,14.33,13.81,14.29,2803772,62498592.00
20160203,14.10,14.33,13.95,14.28,2568963,56906676.00
20160204,14.38,15.36,14.34,14.97,4419624,102726176.00
20160205,15.06,15.07,14.59,14.63,2888957,67141440.00
20160215,14.01,14.51,13.88,14.38,2138320,47647868.00
20160216,14.46,14.97,14.46,14.96,3504999,81534520.00
20160217,14.99,15.07,14.75,15.00,3730699,87431936.00
20160218,15.17,15.29,14.91,15.03,4859020,114950760.00
20160219,14.90,15.71,14.76,15.64,6341202,150506960.00
20160222,15.86,16.25,15.52,16.17,7635380,189175936.00
20160223,16.00,16.06,15.71,15.87,5959070,148251120.00
20160224,15.74,17.46,15.41,16.84,9556607,243177280.00
20160225,16.49,16.58,15.15,15.39,7713918,191049744.00
20160226,15.53,16.10,15.18,15.90,6030118,148028560.00
20160229,15.74,15.74,14.30,14.30,6699510,153314576.00
20160301,14.37,14.72,14.01,14.52,4141156,93503848.00
20160302,14.46,15.21,14.40,15.14,5217052,121814776.00
20160303,15.15,15.42,14.94,14.99,4834214,115273176.00
20160304,14.92,15.03,14.14,14.40,4633604,106066464.00
20160307,14.52,14.94,14.51,14.72,3048917,70554576.00
20160308,14.78,16.12,14.67,15.84,10237079,246964656.00
20160309,15.31,15.51,14.99,15.10,6468086,154689824.00
20160310,15.04,15.26,14.51,14.58,3744605,87130040.00
20160311,14.36,14.83,14.26,14.72,2539455,58183772.00
20160314,14.85,15.38,14.84,15.15,4888929,116299192.00
20160315,15.10,15.13,14.74,14.84,3042017,71236464.00
20160316,14.87,14.97,14.46,14.58,2756649,63531932.00
20160317,14.60,15.08,14.59,15.03,3979943,92990240.00
20160318,15.13,15.58,15.04,15.47,6653645,160482016.00
20160321,15.60,15.86,15.49,15.77,6666898,163713584.00
20160322,15.62,15.72,15.50,15.53,4934981,120648712.00
20160323,15.53,16.69,15.50,16.09,9183474,231779184.00
20160324,15.86,15.99,15.69,15.69,6363688,157946896.00
20160325,15.64,15.80,15.49,15.79,3361186,82508256.00
20160328,15.81,16.05,15.49,15.54,4372539,108620040.00
20160329,15.54,15.61,15.17,15.26,3223799,77584856.00
20160330,15.40,15.85,15.40,15.80,3631531,88996048.00
20160331,15.87,16.10,15.76,15.95,5251666,131338664.00
20160401,15.84,15.94,15.29,15.71,3775360,92821576.00
20160405,15.65,16.14,15.56,16.08,4381227,109803816.00
20160406,16.04,16.42,15.97,16.18,5426932,137929904.00
20160407,16.26,16.34,15.84,15.85,4662928,117291696.00
20160408,15.78,15.81,15.56,15.80,3200728,78793720.00
20160411,15.97,16.42,15.97,16.33,5318406,135721904.00
20160412,16.29,16.49,15.99,16.33,4533717,115537656.00
20160413,16.42,16.97,16.41,16.55,8215498,215627088.00
20160414,16.62,16.87,16.37,16.82,6041958,157626048.00
20160415,16.83,17.00,16.62,16.87,5336628,140447600.00
20160418,16.85,16.85,16.32,16.35,5540506,143182448.00
20160419,16.10,16.24,15.75,15.92,9636909,241091552.00
20160420,15.92,15.99,14.65,14.95,7794899,187094880.00
20160421,15.03,15.16,14.81,14.83,4040718,95110512.00
20160422,14.78,15.15,14.66,15.12,3026311,70981312.00
20160425,14.99,15.04,14.67,14.90,2400550,55850052.00
20160426,14.94,15.12,14.82,15.10,2666420,62641404.00
20160427,15.10,15.10,14.90,14.94,3188006,75039856.00
20160428,14.91,14.94,14.46,14.73,3131405,72293944.00
20160429,14.68,14.86,14.60,14.76,1827396,42341056.00
20160503,14.81,15.17,14.72,15.16,3524007,83022992.00
20160504,15.15,15.38,15.04,15.19,3463101,82826128.00
20160505,15.17,15.28,15.04,15.26,2727452,64919796.00
20160506,15.70,16.25,15.23,15.27,9483144,233838160.00
20160509,15.08,15.08,14.45,14.53,4816129,110925776.00
20160510,14.61,14.70,14.40,14.63,2189502,50227816.00
20160511,14.72,14.77,14.46,14.51,2268175,51923744.00
20160512,14.49,14.49,14.01,14.25,2885988,64227332.00
20160513,14.26,14.38,14.13,14.28,1918589,42897820.00
20160516,14.21,14.45,14.11,14.44,2190620,49077012.00
20160517,14.45,14.47,14.22,14.31,2269944,51132408.00
20160518,14.21,14.21,13.79,13.92,2594000,57026032.00
20160519,13.84,14.14,13.84,13.95,1797336,39550808.00
20160520,13.89,14.13,13.74,14.08,1600095,35137552.00
20160523,14.10,14.32,14.05,14.29,2257885,50434248.00
20160524,14.27,14.33,14.01,14.09,1715859,37996692.00
20160525,14.21,14.30,13.99,14.11,1515230,33674496.00
20160526,14.01,14.15,13.80,14.12,1801027,39407572.00
20160527,14.12,14.24,14.02,14.24,2241985,49898636.00
20160530,14.14,14.21,13.94,14.03,1486836,32885714.00
20160531,14.03,14.63,14.03,14.60,4388916,99554104.00
20160601,14.63,14.76,14.54,14.62,4039603,92814232.00
20160602,14.65,15.02,14.58,14.92,3812184,88148536.00
20160603,14.95,15.17,14.72,14.99,5080084,118990528.00
20160606,15.01,15.02,14.71,14.79,2624814,61167044.00
20160607,14.83,15.34,14.70,15.31,5353854,126348704.00
20160608,15.24,15.24,14.91,15.02,3976540,93913480.00
20160613,14.72,14.72,14.08,14.12,3908006,88876808.00
20160614,14.04,14.26,14.01,14.21,1934215,42980400.00
20160615,14.06,14.71,14.06,14.61,3443902,78442912.00
20160616,14.61,14.63,14.35,14.44,2774474,62982088.00
20160617,14.40,14.75,14.40,14.59,2725876,62494312.00
20160620,14.66,15.07,14.44,14.94,3966946,92065456.00
20160621,15.04,15.12,14.56,14.63,3552695,82754416.00
20160622,14.53,14.93,14.48,14.90,2867464,66697396.00
20160623,14.82,14.88,14.59,14.67,2736094,63217164.00
20160624,14.66,14.76,14.02,14.46,3380993,76844192.00
20160627,14.39,14.74,14.29,14.72,2825130,64780560.00
20160628,14.65,14.96,14.56,14.90,3947785,92012224.00
20160629,14.94,15.86,14.88,15.42,10499698,253624528.00
20160630,15.29,15.46,15.08,15.29,6169549,147144560.00
20160701,15.28,15.36,15.12,15.19,4432990,106058280.00
20160704,15.19,15.58,15.11,15.46,6533580,158514736.00
20160705,15.52,15.59,15.29,15.58,6053450,146574464.00
20160706,15.52,16.03,15.31,15.96,9451711,233210064.00
20160707,15.84,16.26,15.68,16.03,9254518,231750688.00
20160708,15.92,16.01,15.65,15.65,6184429,153432192.00
20160711,15.69,16.04,15.55,15.57,6465594,160379888.00
20160712,15.67,15.85,15.35,15.74,5453779,133888760.00
20160713,15.76,15.92,15.67,15.80,5005004,123976448.00
20160714,15.81,15.96,15.71,15.87,4379071,108762680.00
20160715,15.90,15.93,15.72,15.76,3801082,94287464.00
20160718,15.87,15.87,15.68,15.72,2018133,41462804.00
20160719,15.59,15.68,15.37,15.58,3983266,80473200.00
20160720,15.58,15.66,15.41,15.52,3289823,66545556.00
20160721,15.48,15.63,15.42,15.46,3042811,61571144.00
20160722,15.48,15.51,15.18,15.19,3627806,72498824.00
20160725,15.15,15.37,15.12,15.25,2358711,46888492.00
20160726,15.31,15.42,15.24,15.39,2396572,47917260.00
20160727,15.32,15.32,14.12,14.31,8913691,171446992.00
20160728,14.31,14.42,14.12,14.23,3292680,61212528.00
20160729,14.25,14.25,14.12,14.18,1929193,35663904.00
20160801,14.12,14.15,13.81,14.02,2367693,42989488.00
20160802,14.03,14.18,13.96,14.11,1518263,27876968.00
20160803,14.13,14.19,14.04,14.15,2103840,38740044.00
20160804,14.15,14.41,14.08,14.30,2415023,45014784.00
20160805,14.23,14.31,14.16,14.21,1850651,34287572.00
20160808,14.19,14.62,14.08,14.52,2878605,54172532.00
20160809,14.52,14.53,14.38,14.52,2381353,44868072.00
20160810,14.50,14.57,14.38,14.42,2078899,39163960.00
20160811,14.36,14.45,14.21,14.22,1841894,34265984.00
20160812,14.24,14.35,14.12,14.33,1512794,28105428.00
20160815,14.31,14.65,14.28,14.58,3456522,65427540.00
20160816,14.59,14.78,14.58,14.66,3102064,59484412.00
20160817,14.73,14.78,14.55,14.68,2826472,54019288.00
20160818,14.68,14.68,14.52,14.58,2076106,39517896.00
20160819,14.55,14.72,14.54,14.69,2021079,38583912.00
20160822,14.67,14.72,14.35,14.36,2273898,42991444.00
20160823,14.36,14.46,14.28,14.35,1849714,34655376.00
20160824,14.38,14.58,14.35,14.44,2151723,40591376.00
20160825,14.42,14.42,14.19,14.36,2276938,42442816.00
20160826,14.37,14.50,14.35,14.36,2057386,38685064.00
20160829,14.37,14.48,14.35,14.42,1676300,31481932.00
20160830,14.44,14.55,14.44,14.48,1576544,29769914.00
20160831,14.52,14.55,14.35,14.50,1704855,32108544.00
20160901,14.52,14.52,14.35,14.37,1813327,34072912.00
20160902,14.34,14.45,14.15,14.23,2262785,42058148.00
20160905,14.21,14.38,14.21,14.28,1852434,34575880.00
20160906,14.22,14.44,14.13,14.42,2295302,42810168.00
20160907,14.45,14.65,14.40,14.59,3656881,69446080.00
20160908,14.58,14.65,14.48,14.60,2493479,47354536.00
20160909,14.58,14.65,14.42,14.43,1979420,37542400.00
20160912,14.27,14.32,14.12,14.15,2472418,45752048.00
20160913,14.24,14.30,14.11,14.19,1646906,30410864.00
20160914,14.15,14.24,14.08,14.22,1563331,28859866.00
20160919,14.26,14.32,14.20,14.32,2340484,43495412.00
20160920,14.32,14.32,14.19,14.26,1565640,29056472.00
20160921,14.26,14.32,14.21,14.25,1532158,28477296.00
20160922,14.29,14.37,14.27,14.30,1947343,36318528.00
20160923,14.31,14.35,14.19,14.20,1407120,26128684.00
20160926,14.18,14.24,13.88,13.91,1981380,36321496.00
20160927,13.93,14.00,13.85,13.98,1441134,26156092.00
20160928,13.98,13.98,13.89,13.93,1076633,19540758.00
20160929,13.98,14.01,13.94,13.95,1254343,22852956.00
20160930,13.95,14.01,13.92,13.95,1227258,22319572.00
20161010,14.03,14.25,14.02,14.21,2266236,41771072.00
20161011,14.21,14.65,14.18,14.55,6605017,124829008.00
20161012,14.54,14.54,14.35,14.42,3256019,61164120.00
20161013,14.42,14.48,14.27,14.40,2869932,53693452.00
20161014,14.37,14.41,14.27,14.38,1602500,29927350.00
20161017,14.38,14.42,14.18,14.25,2423703,45154672.00
20161018,14.25,14.43,14.16,14.42,2688858,50196268.00
20161019,14.42,14.45,14.32,14.38,2062781,38669484.00
20161020,14.38,14.54,14.32,14.47,3124983,58842740.00
20161021,14.36,14.52,14.24,14.38,2563386,48037228.00
20161024,14.38,14.62,14.35,14.60,4295596,81408064.00
20161025,14.60,14.65,14.48,14.60,2968080,56319180.00
20161026,14.59,14.59,14.44,14.53,1952372,36931996.00
20161027,14.55,14.55,14.44,14.55,2111459,39890784.00
20161028,14.55,14.72,14.52,14.61,6198485,118105304.00
20161031,14.62,14.93,14.38,14.80,8995302,171895984.00
20161101,14.73,15.24,14.62,15.04,17148085,334063040.00
20161102,14.92,15.06,14.69,14.72,10701125,206955168.00
20161103,14.68,14.86,14.61,14.78,8413977,161770272.00
20161104,14.81,14.88,14.65,14.69,5266334,101286992.00
20161107,14.68,14.85,14.67,14.75,4919168,94543056.00
20161108,14.80,14.92,14.66,14.71,5439918,104736688.00
20161109,14.69,14.75,14.35,14.49,6370099,120886824.00
20161110,14.62,14.99,14.62,14.91,9369766,181210672.00
20161111,14.88,15.26,14.79,15.23,15127089,296137952.00
20161114,15.14,15.48,15.05,15.22,15218490,303056640.00
20161115,15.24,15.26,15.03,15.17,6740140,132851352.00
20161116,15.19,15.23,15.04,15.06,6780607,133355600.00
20161117,15.00,15.18,14.98,15.14,5795473,113985304.00
20161118,15.22,15.36,14.99,15.02,6932713,136782768.00
20161121,15.01,15.09,14.89,15.02,7353791,143696304.00
20161122,15.02,16.49,14.99,15.88,22304753,460197120.00
20161123,15.70,15.95,15.39,15.54,14443073,294722208.00
20161124,15.51,15.75,15.36,15.52,8494063,172020864.00
20161125,15.48,15.49,15.06,15.35,9321961,185186864.00
20161128,15.38,15.95,15.33,15.68,13772462,281200224.00
20161129,15.63,15.65,15.18,15.23,9186372,184413104.00
20161130,15.17,15.40,15.08,15.17,5241041,103780376.00
20161201,15.26,15.34,14.98,15.09,6131656,120794944.00
20161202,15.11,15.13,14.67,14.72,6929682,134325600.00
20161205,14.60,14.75,14.48,14.62,3531568,67300432.00
20161206,14.73,14.85,14.67,14.68,3381160,65008872.00
20161207,14.65,14.82,14.59,14.82,3316360,63651964.00
20161208,14.86,14.87,14.69,14.72,3666554,70531760.00
20161209,14.72,14.78,14.67,14.70,3222212,61843552.00
20161212,14.74,14.75,13.91,13.95,7097678,131813328.00
20161213,13.96,14.06,13.79,13.99,3980841,72335856.00
20161214,13.99,14.04,13.76,13.82,4127345,74725440.00
20161215,13.81,14.02,13.77,13.93,3664713,66515776.00
20161216,13.93,14.06,13.88,14.02,3161638,57566280.00
20161219,14.02,14.05,13.92,14.03,2561803,46676348.00
20161220,14.14,14.15,13.98,14.05,2493980,45630508.00
20161221,14.07,14.14,14.03,14.12,3031071,55622068.00
20161222,14.12,14.12,13.95,14.02,2867909,52353672.00
20161223,14.02,14.02,13.82,13.83,3284700,59491648.00
20161226,13.82,13.94,13.58,13.90,3104011,55696476.00
20161227,13.88,13.92,13.81,13.83,2299924,41506568.00
20161228,13.83,13.85,13.70,13.73,2246063,40305052.00
20161229,13.68,13.76,13.65,13.65,2990598,53347204.00
20161230,13.64,13.73,13.62,13.68,1767500,31511596.00
20170103,13.71,13.86,13.65,13.85,2241726,40376168.00
20170104,13.85,14.02,13.85,14.01,3717410,67633064.00
20170105,13.97,14.16,13.95,14.05,3269999,59932096.00
20170106,13.96,14.21,13.96,14.08,3841620,70621744.00
20170109,14.08,14.33,14.02,14.32,4565961,84758512.00
20170110,14.32,14.48,14.20,14.32,4409975,82312488.00
20170111,14.30,14.55,14.22,14.32,5258284,98817672.00
20170112,14.35,14.39,14.10,14.12,2429627,45111888.00
20170113,14.08,14.22,13.85,13.85,3077900,56063040.00
20170116,13.94,14.08,12.65,13.35,5275754,92549200.00
20170117,13.18,13.41,12.91,13.28,4861377,83509624.00
20170118,13.25,13.29,13.09,13.25,3179026,54545464.00
20170119,13.18,13.26,13.10,13.13,1720473,29548076.00
20170120,13.13,13.33,13.10,13.22,3206546,55377744.00
20170123,13.26,13.45,13.22,13.35,2522968,43887204.00
20170124,13.35,13.48,13.24,13.38,2625055,45730040.00
20170125,13.40,13.61,13.29,13.48,2277522,40072824.00
20170126,13.42,13.58,13.42,13.55,1304800,22994184.00
20170203,13.55,13.59,13.45,13.48,1006513,17714702.00
20170206,13.47,13.56,13.38,13.55,2311342,40605624.00
20170207,13.44,13.59,13.44,13.55,1715315,30223040.00
20170208,13.64,13.64,13.45,13.61,2161961,38175844.00
20170209,13.65,13.76,13.59,13.74,2786339,49762552.00
20170210,13.74,13.88,13.65,13.82,4192065,75361944.00
20170213,13.83,14.05,13.81,13.97,3463903,63036084.00
20170214,13.97,14.05,13.85,13.94,2402269,43630272.00
20170215,14.01,14.01,13.72,13.79,3178703,57311748.00
20170216,13.75,13.94,13.73,13.88,2525004,45573720.00
20170217,13.89,13.93,13.75,13.85,2805485,50553788.00
20170220,13.85,14.12,13.81,14.11,4301774,78558704.00
20170221,14.12,14.53,14.12,14.51,9543865,179441296.00
20170222,14.55,14.99,14.46,14.75,9671011,185824160.00
20170223,14.67,15.08,14.66,14.83,8087530,157272144.00
20170224,14.88,15.04,14.66,14.99,6156182,119213120.00
20170227,14.95,15.03,14.68,14.72,3900440,75439104.00
20170228,14.69,14.80,14.69,14.77,2457740,47263464.00
20170301,14.77,14.83,14.72,14.79,2857400,55055356.00
20170302,14.76,15.01,14.69,14.79,2955333,57134072.00
20170303,14.87,14.87,14.64,14.77,2247343,43128864.00
20170306,14.74,15.00,14.74,14.94,2824318,54916784.00
20170307,14.97,15.02,14.86,14.92,2043380,39732396.00
20170308,14.92,14.96,14.74,14.77,2301280,44482180.00
20170309,14.67,14.93,14.67,14.78,2789904,53813568.00
20170310,14.73,15.32,14.73,15.10,7386634,145670096.00
20170313,15.08,15.18,14.82,15.12,5019791,98281576.00
20170314,15.18,15.55,14.85,14.92,8020602,158500784.00
20170315,14.85,15.50,14.83,15.39,10108608,200933632.00
20170316,15.35,15.96,15.33,15.91,13672703,280645792.00
20170317,15.96,16.48,15.82,15.91,17343233,365456096.00
20170320,15.81,16.25,15.73,16.11,6627935,138322880.00
20170321,16.12,16.46,15.98,16.19,6429211,136270368.00
20170322,16.13,16.19,15.64,15.91,5188055,107209832.00
20170323,15.91,16.38,15.65,16.34,7396859,154602496.00
20170324,16.21,16.59,16.09,16.35,6354416,135408656.00
20170327,16.46,16.50,15.88,16.04,6335971,133875096.00
20170328,15.98,16.04,15.52,15.53,7262599,148441296.00
20170329,15.58,15.76,15.42,15.61,4681352,95252040.00
20170330,15.52,15.67,15.05,15.12,7030395,140071936.00
20170331,15.08,15.38,15.05,15.27,4012173,79656384.00
20170405,15.25,15.96,15.00,15.88,8093937,165063392.00
20170406,15.94,16.11,15.66,15.85,5831740,120667080.00
20170407,15.87,15.92,15.33,15.42,5498955,112088000.00
20170410,15.42,15.42,14.81,14.88,6881219,135141200.00
20170411,14.89,15.18,14.72,15.04,4745376,92286944.00
20170412,15.08,15.17,14.77,14.78,3231702,62981588.00
20170413,14.78,15.05,14.74,14.88,2793813,54306060.00
20170414,14.85,15.00,14.76,14.82,2636588,51061616.00
20170417,14.77,14.77,14.15,14.18,5906946,110345856.00
20170418,14.31,14.38,13.95,13.96,3150733,58142564.00
20170419,13.98,13.98,13.32,13.65,6070450,107285920.00
20170420,13.60,13.72,13.51,13.68,3161600,56197600.00
20170421,13.80,13.94,13.60,13.78,3370886,60554408.00
20170424,13.78,13.92,13.38,13.70,2269909,40321168.00
20170425,13.68,13.84,13.62,13.72,1723600,30825390.00
20170426,13.73,13.81,13.65,13.73,1431368,25608736.00
20170427,13.72,13.89,13.43,13.85,4212982,74987632.00
20170428,13.87,13.87,13.65,13.71,3428851,61414700.00
20170502,13.71,13.78,13.52,13.68,2191580,39100032.00
20170503,13.64,13.75,13.26,13.36,5476431,96053384.00
20170504,13.29,13.52,13.19,13.35,3670024,63727420.00
20170505,13.23,13.34,13.14,13.23,3855986,66446384.00
20170508,13.23,13.40,13.21,13.24,3143381,54486788.00
20170509,13.27,13.30,13.00,13.27,3649336,62615908.00
20170510,13.27,13.45,13.19,13.22,2758884,47893004.00
20170511,13.08,13.34,13.02,13.33,2831033,48619528.00
20170512,13.33,13.57,13.28,13.44,3340632,58357524.00
20170515,13.54,13.55,13.38,13.42,2277960,39937088.00
20170516,13.42,13.64,13.23,13.61,3770492,65971284.00
20170517,13.61,13.65,13.48,13.49,3329900,58865028.00
20170518,13.41,13.57,13.35,13.50,2864839,50251680.00
20170519,13.57,14.10,13.54,13.77,6516210,117569240.00
20170522,13.65,13.93,13.32,13.39,4134170,73361800.00
20170523,13.34,13.34,12.95,13.04,5498836,93725616.00
20170524,13.06,13.19,12.92,13.15,2675404,45528256.00
20170525,13.15,13.19,12.87,13.14,4099931,69584256.00
20170526,13.13,13.21,13.05,13.14,2008470,34407056.00
20170531,13.20,13.33,13.07,13.08,2971216,51087572.00
20170601,13.08,13.08,12.94,13.05,2671961,45297952.00
20170602,13.05,13.18,12.95,13.12,3061444,52172152.00
20170605,13.10,13.28,13.10,13.26,2919092,50345640.00
20170606,13.22,13.30,13.18,13.26,1684498,29060034.00
20170607,13.28,13.58,13.24,13.45,3651681,63839592.00
20170608,13.43,13.48,13.26,13.32,3235925,56375580.00
20170609,13.28,13.39,13.17,13.31,2743639,47384560.00
20170612,13.25,13.25,12.99,13.08,3273269,55890588.00
20170613,13.08,13.18,13.06,13.18,4179922,71585256.00
20170614,13.16,13.18,13.08,13.12,2377522,40697792.00
20170615,13.09,13.35,13.09,13.35,3696562,63897548.00
20170616,13.31,13.39,13.27,13.28,2598890,45115492.00
20170619,13.28,13.37,13.22,13.36,2600628,45119688.00
20170620,13.37,13.43,13.30,13.33,3168940,55187024.00
20170621,13.38,13.39,13.23,13.31,2673650,46353812.00
20170622,13.32,13.45,13.19,13.20,3860852,67140216.00
20170623,13.15,13.29,13.08,13.25,2736139,47097124.00
20170626,13.25,13.40,13.25,13.39,3350299,58290472.00
20170627,13.38,13.49,13.34,13.45,2618518,45703016.00
20170628,13.43,13.43,13.28,13.33,1646260,28649540.00
20170629,13.35,13.72,13.33,13.52,6523442,114731776.00
20170630,13.38,13.63,13.37,13.59,4111833,72316088.00
20170703,13.65,13.82,13.54,13.76,3503874,62598328.00
20170704,13.72,13.85,13.57,13.61,3459197,61735056.00
20170705,13.62,13.68,13.55,13.67,2369328,42083272.00
20170706,13.71,13.72,13.52,13.62,2145320,38044624.00
20170707,13.60,13.90,13.59,13.87,3195475,57265784.00
20170710,13.81,13.85,13.62,13.72,3202547,57265032.00
20170711,13.65,13.69,13.45,13.46,3902060,68863584.00
20170712,13.45,13.52,13.29,13.44,2669320,46515552.00
20170713,13.46,13.68,13.44,13.58,2943232,52051056.00
20170714,13.57,13.63,13.37,13.42,1489088,20100114.00
20170717,13.32,13.40,12.08,13.25,11600369,149113264.00
20170718,13.17,13.44,12.90,13.41,5581413,73539600.00
20170719,13.41,13.65,13.33,13.60,6387413,86353976.00
数据来源:通达信
